##TITLE=BUTYRALDEHYDE, 3-METHOXY-, DIMETHYL ACETAL
##JCAMP-DX=4.24
##DATA TYPE=INFRARED SPECTRUM
##CLASS=COBLENTZ III
##ORIGIN=DOW CHEMICAL COMPANY
##OWNER=COBLENTZ SOC.
Collection (C) 2018 copyright by the U.S. Secretary of Commerce
on behalf of the United States of America. All rights reserved.
##DATE=1967/08/16
##NAMES=1,1,3-trimethoxybutane
##CAS REGISTRY NO=10138-89-3
##MOLFORM=C7 H16 O3
##SOURCE REFERENCE=COBLENTZ NO. 07940
##$NIST SOURCE=COBLENTZ
##$NIST IMAGE=cob7940
##SPECTROMETER/DATA SYSTEM=DOW KBr FOREPRISM-GRATING
##INSTRUMENT PARAMETERS=BLAZED AT 3.5, 12.0, 20.0 MICRON AND CHANGED AT 5.0, 7.5, 14.9 MICRON
##STATE=SOLUTION (10% CCl4 FOR 3800-1340, 10% CS2 FOR 1340-470 CM^-^1)
##PATH LENGTH=0.011 CM, 0.011 CM
$$SPECTRAL CONTAMINATION DUE TO CCl4 AROUND 1550, IMPURITY AROUND 1733, OH AROUND 3315 CM^-^1
##SAMPLING PROCEDURE=TRANSMISSION
##RESOLUTION=2
##DATA PROCESSING=DIGITIZED BY COBLENTZ SOCIETY (BATCH I) FROM HARD COPY
##XUNITS=1/CM
##YUNITS=TRANSMITTANCE
##XLABEL=Wavenumbers (cm-1)
##YLABEL=% Transmission
##XFACTOR=1
##YFACTOR=1
##DELTAX=1
##FIRSTX=465
##LASTX=3800
##FIRSTY=0.8008
##MAXX=3800
##MINX=465
##MAXY=0.9328
##MINY=0.0052
##NPOINTS=3336
##XYDATA=(X++(Y..Y))
465.000000 0.8008 0.8024 0.8045 0.8068 0.8098
470.000000 0.8133 0.8168 0.8208 0.8248 0.8288
475.000000 0.8325 0.8360 0.8395 0.8424 0.8443
480.000000 0.8462 0.8481 0.8501 0.8507 0.8513
485.000000 0.8520 0.8525 0.8525 0.8525 0.8498
490.000000 0.8518 0.8514 0.8510 0.8507 0.8496
495.000000 0.8486 0.8475 0.8465 0.8455 0.8445
500.000000 0.8434 0.8421 0.8407 0.8394 0.8381
505.000000 0.8367 0.8354 0.8340 0.8324 0.8307
510.000000 0.8291 0.8275 0.8259 0.8242 0.8225
515.000000 0.8210 0.8194 0.8178 0.8164 0.8151
520.000000 0.8139 0.8126 0.8115 0.8101 0.8090
525.000000 0.8084 0.8078 0.8071 0.8065 0.8058
530.000000 0.8058 0.8058 0.8060 0.8060 0.8064
535.000000 0.8072 0.8081 0.8089 0.8097 0.8105
540.000000 0.8112 0.8124 0.8142 0.8161 0.8178
545.000000 0.8197 0.8215 0.8236 0.8257 0.8278
550.000000 0.8286 0.8318 0.8274 0.8267 0.8261
555.000000 0.8254 0.8247 0.8240 0.8232 0.8225
560.000000 0.8217 0.8206 0.8192 0.8178 0.8164
565.000000 0.8148 0.8132 0.8115 0.8100 0.8083
570.000000 0.8067 0.8051 0.8034 0.8018 0.8001
575.000000 0.7986 0.7975 0.7965 0.7951 0.7925
580.000000 0.7901 0.7875 0.7871 0.7872 0.7872
585.000000 0.7882 0.7891 0.7905 0.7922 0.7951
590.000000 0.7985 0.8028 0.8074 0.8118 0.8169
595.000000 0.8231 0.8293 0.8351 0.8404 0.8458
600.000000 0.8507 0.8550 0.8594 0.8641 0.8691
605.000000 0.8741 0.8782 0.8814 0.8825 0.8838
610.000000 0.8849 0.8860 0.8871 0.8877 0.8882
615.000000 0.8887 0.8892 0.8934 0.8900 0.8902
620.000000 0.8902 0.8899 0.8890 0.8875 0.8858
625.000000 0.8840 0.8820 0.8799 0.8778 0.8759
630.000000 0.8759 0.8759 0.8762 0.8761 0.8759
635.000000 0.8734 0.8709 0.8683 0.8661 0.8653
640.000000 0.8646 0.8649 0.8657 0.8673 0.8687
645.000000 0.8699 0.8703 0.8701 0.8697 0.8694
650.000000 0.8683 0.8675 0.8673 0.8683 0.8725
655.000000 0.8768 0.8814 0.8873 0.8937 0.8997
660.000000 0.9034 0.9031 0.9032 0.9033 0.9036
665.000000 0.9063 0.9114 0.9132 0.9134 0.9118
670.000000 0.9015 0.8912 0.8809 0.8705 0.8706
675.000000 0.8728 0.8805 0.8882 0.8927 0.8971
680.000000 0.8870 0.8768 0.8668 0.8668 0.8670
685.000000 0.8694 0.8711 0.8728 0.8741 0.8753
690.000000 0.8766 0.8777 0.8788 0.8800 0.8809
695.000000 0.8816 0.8824 0.8831 0.8839 0.8846
700.000000 0.8852 0.8858 0.8864 0.8870 0.8875
705.000000 0.8883 0.8889 0.8895 0.8901 0.8907
710.000000 0.8916 0.8925 0.8936 0.8945 0.8954
715.000000 0.8963 0.8971 0.8980 0.8989 0.9001
720.000000 0.9012 0.9024 0.9036 0.9048 0.9059
725.000000 0.9068 0.9078 0.9089 0.9099 0.9108
730.000000 0.9112 0.9116 0.9118 0.9123 0.9125
735.000000 0.9131 0.9139 0.9146 0.9153 0.9160
740.000000 0.9167 0.9175 0.9186 0.9197 0.9208
745.000000 0.9218 0.9230 0.9241 0.9253 0.9266
750.000000 0.9280 0.9293 0.9304 0.9310 0.9316
755.000000 0.9321 0.9328 0.9328 0.9328 0.9328
760.000000 0.9328 0.9327 0.9323 0.9323 0.9317
765.000000 0.9312 0.9306 0.9299 0.9285 0.9271
770.000000 0.9253 0.9225 0.9196 0.9167 0.9138
775.000000 0.9101 0.9060 0.9018 0.8960 0.8873
780.000000 0.8785 0.8695 0.8603 0.8488 0.8373
785.000000 0.7880 0.7498 0.7367 0.7241 0.7121
790.000000 0.6391 0.5421 0.4451 0.4242 0.4241
795.000000 0.4556 0.5036 0.5516 0.5997 0.6476
800.000000 0.6957 0.7365 0.7454 0.7525 0.7592
805.000000 0.7653 0.7708 0.7761 0.7807 0.7851
810.000000 0.7910 0.7968 0.8049 0.8132 0.8217
815.000000 0.8295 0.8337 0.8360 0.8374 0.8367
820.000000 0.8359 0.8345 0.8318 0.8267 0.8174
825.000000 0.8072 0.7558 0.7208 0.7171 0.7154
830.000000 0.7348 0.7511 0.7675 0.7794 0.7803
835.000000 0.7690 0.7586 0.7482 0.7378 0.7275
840.000000 0.7203 0.7125 0.7087 0.7076 0.7065
845.000000 0.7122 0.7175 0.7253 0.7355 0.7434
850.000000 0.7504 0.7571 0.7628 0.7668 0.7697
855.000000 0.7728 0.7758 0.7792 0.7847 0.7901
860.000000 0.7965 0.8032 0.8101 0.8157 0.8210
865.000000 0.8252 0.8288 0.8317 0.8346 0.8371
870.000000 0.8393 0.8414 0.8433 0.8452 0.8470
875.000000 0.8496 0.8521 0.8549 0.8578 0.8612
880.000000 0.8647 0.8668 0.8686 0.8704 0.8718
885.000000 0.8725 0.8740 0.8718 0.8704 0.8688
890.000000 0.8656 0.8615 0.8553 0.8486 0.8400
895.000000 0.8300 0.8194 0.8015 0.7853 0.7575
900.000000 0.7183 0.6790 0.6397 0.6004 0.5610
905.000000 0.5219 0.4826 0.4433 0.4094 0.4068
910.000000 0.4076 0.4331 0.4587 0.4842 0.5097
915.000000 0.5353 0.5608 0.5862 0.6119 0.6374
920.000000 0.6628 0.6724 0.6715 0.6708 0.6696
925.000000 0.6683 0.6658 0.6611 0.6510 0.6480
930.000000 0.6486 0.6701 0.6937 0.7171 0.7351
935.000000 0.7418 0.7462 0.7492 0.7453 0.7401
940.000000 0.7314 0.7215 0.7026 0.6865 0.6736
945.000000 0.6412 0.6265 0.6107 0.5752 0.5360
950.000000 0.4970 0.4579 0.4188 0.3797 0.3484
955.000000 0.3192 0.2575 0.2385 0.2284 0.2245
960.000000 0.2242 0.2242 0.2249 0.2317 0.2446
965.000000 0.2897 0.3462 0.4028 0.4593 0.5159
970.000000 0.5768 0.5924 0.6406 0.6680 0.6918
975.000000 0.7124 0.7297 0.7451 0.7668 0.7946
980.000000 0.8188 0.8314 0.8393 0.8447 0.8478
985.000000 0.8502 0.8516 0.8516 0.8510 0.8499
990.000000 0.8487 0.8474 0.8452 0.8418 0.8368
995.000000 0.8317 0.8240 0.8107 0.7942 0.7775
1000.000000 0.7610 0.7444 0.7278 0.7112 0.6958
1005.000000 0.6682 0.6588 0.6494 0.6392 0.6289
1010.000000 0.6155 0.6023 0.5915 0.5801 0.5662
1015.000000 0.5390 0.5162 0.4934 0.4704 0.4762
1020.000000 0.4874 0.4986 0.5097 0.5209 0.5321
1025.000000 0.5338 0.5338 0.5159 0.4937 0.4715
1030.000000 0.4493 0.4327 0.4187 0.4059 0.3958
1035.000000 0.3889 0.3772 0.3250 0.3108 0.3005
1040.000000 0.2862 0.2612 0.2361 0.2111 0.1861
1045.000000 0.1611 0.1361 0.1110 0.0867 0.0584
1050.000000 0.0358 0.0244 0.0212 0.0212 0.0218
1055.000000 0.0247 0.0283 0.0359 0.0445 0.0661
1060.000000 0.0891 0.1060 0.1115 0.1138 0.1064
1065.000000 0.0966 0.0869 0.0771 0.0674 0.0576
1070.000000 0.0499 0.0453 0.0402 0.0402 0.0406
1075.000000 0.0412 0.0417 0.0423 0.0431 0.0438
1080.000000 0.0446 0.0455 0.0464 0.0473 0.0482
1085.000000 0.0488 0.0480 0.0503 0.0381 0.0341
1090.000000 0.0302 0.0267 0.0233 0.0197 0.0163
1095.000000 0.0161 0.0159 0.0170 0.0162 0.0175
1100.000000 0.0195 0.0218 0.0243 0.0266 0.0288
1105.000000 0.0308 0.0328 0.0352 0.0379 0.0402
1110.000000 0.0403 0.0403 0.0404 0.0401 0.0388
1115.000000 0.0360 0.0317 0.0263 0.0176 0.0118
1120.000000 0.0076 0.0052 0.0057 0.0063 0.0079
1125.000000 0.0099 0.0123 0.0148 0.0180 0.0213
1130.000000 0.0251 0.0293 0.0336 0.0384 0.0447
1135.000000 0.0516 0.0567 0.0596 0.0617 0.0628
1140.000000 0.0639 0.0656 0.0675 0.0757 0.0871
1145.000000 0.1007 0.1169 0.1303 0.1476 0.1639
1150.000000 0.1784 0.1895 0.2002 0.2072 0.2143
1155.000000 0.2354 0.2651 0.2956 0.3298 0.3640
1160.000000 0.3982 0.4269 0.4434 0.4496 0.4569
1165.000000 0.4567 0.4560 0.4573 0.4276 0.4101
1170.000000 0.3927 0.3753 0.3578 0.3404 0.3230
1175.000000 0.3055 0.2881 0.2707 0.2533 0.2358
1180.000000 0.2209 0.2213 0.2264 0.2313 0.2351
1185.000000 0.2365 0.2331 0.2269 0.2208 0.2152
1190.000000 0.2166 0.2272 0.2439 0.2606 0.2773
1195.000000 0.2940 0.3107 0.3284 0.3271 0.3243
1200.000000 0.3130 0.3017 0.2974 0.2974 0.2974
1205.000000 0.3089 0.3204 0.3278 0.3444 0.3840
1210.000000 0.4236 0.4758 0.4994 0.5179 0.5925
1215.000000 0.6258 0.6432 0.6601 0.6775 0.6972
1220.000000 0.7153 0.7315 0.7433 0.7549 0.7617
1225.000000 0.7686 0.7767 0.7865 0.7918 0.7949
1230.000000 0.7974 0.7996 0.8005 0.8008 0.8007
1235.000000 0.8006 0.8005 0.8003 0.8003 0.8004
1240.000000 0.8006 0.8008 0.8011 0.8015 0.8019
1245.000000 0.8025 0.8032 0.8038 0.8044 0.8050
1250.000000 0.8056 0.8062 0.8071 0.8081 0.8090
1255.000000 0.8099 0.8110 0.8125 0.8139 0.8154
1260.000000 0.8189 0.8228 0.8271 0.8299 0.8316
1265.000000 0.8320 0.8305 0.8294 0.8268 0.8240
1270.000000 0.8209 0.8135 0.8051 0.7968 0.7884
1275.000000 0.7800 0.7754 0.7711 0.7668 0.7631
1280.000000 0.7607 0.7599 0.7611 0.7643 0.7717
1285.000000 0.7791 0.7865 0.7948 0.8034 0.8088
1290.000000 0.8132 0.8176 0.8211 0.8242 0.8273
1295.000000 0.8301 0.8320 0.8340 0.8359 0.8386
1300.000000 0.8418 0.8451 0.8471 0.8488 0.8505
1305.000000 0.8521 0.8535 0.8544 0.8553 0.8561
1310.000000 0.8568 0.8577 0.8585 0.8590 0.8594
1315.000000 0.8598 0.8625 0.8585 0.8575 0.8561
1320.000000 0.8540 0.8504 0.8468 0.8436 0.8404
1325.000000 0.8371 0.8325 0.8275 0.8200 0.8069
1330.000000 0.7885 0.7728 0.7553 0.7375 0.7196
1335.000000 0.7018 0.6839 0.6715 0.6661 0.6610
1340.000000 0.6550 0.6471 0.6393 0.6312 0.6231
1345.000000 0.6134 0.6015 0.5917 0.5784 0.5640
1350.000000 0.5528 0.5424 0.5324 0.5219 0.5106
1355.000000 0.4993 0.4891 0.4796 0.4715 0.4659
1360.000000 0.4603 0.4551 0.4502 0.4451 0.4376
1365.000000 0.4302 0.4217 0.4129 0.3962 0.3839
1370.000000 0.3730 0.3564 0.2350 0.2187 0.2097
1375.000000 0.2060 0.2060 0.2062 0.2092 0.2270
1380.000000 0.2432 0.2556 0.2646 0.2697 0.2726
1385.000000 0.2737 0.2748 0.2754 0.2760 0.3151
1390.000000 0.3302 0.3418 0.3510 0.3691 0.3871
1395.000000 0.4050 0.4230 0.4427 0.4638 0.4868
1400.000000 0.5577 0.5795 0.6000 0.6184 0.6290
1405.000000 0.6377 0.6464 0.6633 0.6701 0.6771
1410.000000 0.6828 0.6864 0.6898 0.6938 0.6912
1415.000000 0.6904 0.6888 0.6836 0.6776 0.6712
1420.000000 0.6648 0.6488 0.6318 0.6148 0.5977
1425.000000 0.5807 0.5759 0.5762 0.5830 0.5929
1430.000000 0.6000 0.5990 0.5947 0.5780 0.5612
1435.000000 0.5447 0.5280 0.5112 0.4947 0.4780
1440.000000 0.4612 0.4447 0.4280 0.4114 0.3947
1445.000000 0.3604 0.3572 0.3556 0.3575 0.3589
1450.000000 0.3627 0.3694 0.3778 0.3841 0.3880
1455.000000 0.3878 0.3903 0.3866 0.3852 0.3809
1460.000000 0.3750 0.3654 0.3530 0.3389 0.3216
1465.000000 0.3187 0.3163 0.3238 0.3344 0.3524
1470.000000 0.3776 0.4070 0.4577 0.4777 0.4901
1475.000000 0.5062 0.5285 0.5569 0.5784 0.5971
1480.000000 0.6146 0.6256 0.6362 0.6518 0.6711
1485.000000 0.6808 0.6865 0.6907 0.6933 0.6947
1490.000000 0.6968 0.7005 0.7054 0.7072 0.7082
1495.000000 0.7060 0.7095 0.7090 0.7083 0.7072
1500.000000 0.7061 0.7043 0.7017 0.6992 0.6965
1505.000000 0.6941 0.6915 0.6889 0.6858 0.6826
1510.000000 0.6796 0.6765 0.6735 0.6706 0.6675
1515.000000 0.6647 0.6618 0.6584 0.6550 0.6515
1520.000000 0.6482 0.6448 0.6411 0.6360 0.6308
1525.000000 0.6256 0.6205 0.6151 0.6097 0.6043
1530.000000 0.5988 0.5920 0.5851 0.5783 0.5717
1535.000000 0.5653 0.5589 0.5525 0.5438 0.5352
1540.000000 0.5233 0.5079 0.4975 0.4876 0.4788
1545.000000 0.4718 0.4657 0.4612 0.4569 0.4514
1550.000000 0.4489 0.4480 0.4477 0.4477 0.4477
1555.000000 0.4491 0.4533 0.4583 0.4641 0.4715
1560.000000 0.4777 0.4870 0.4966 0.5062 0.5158
1565.000000 0.5254 0.5351 0.5447 0.5543 0.5599
1570.000000 0.5657 0.5714 0.5760 0.5802 0.5843
1575.000000 0.5872 0.5901 0.5923 0.5939 0.5954
1580.000000 0.5973 0.5994 0.6014 0.6032 0.6051
1585.000000 0.6070 0.6090 0.6110 0.6135 0.6170
1590.000000 0.6208 0.6272 0.6352 0.6442 0.6525
1595.000000 0.6612 0.6707 0.6797 0.6885 0.7001
1600.000000 0.7111 0.7174 0.7236 0.7293 0.7348
1605.000000 0.7401 0.7455 0.7507 0.7565 0.7628
1610.000000 0.7692 0.7738 0.7778 0.7819 0.7858
1615.000000 0.7893 0.7925 0.7958 0.7990 0.8012
1620.000000 0.8035 0.8057 0.8078 0.8101 0.8118
1625.000000 0.8137 0.8155 0.8172 0.8190 0.8199
1630.000000 0.8209 0.8218 0.8228 0.8241 0.8254
1635.000000 0.8253 0.8252 0.8248 0.8243 0.8237
1640.000000 0.8231 0.8227 0.8236 0.8249 0.8263
1645.000000 0.8277 0.8292 0.8305 0.8317 0.8328
1650.000000 0.8340 0.8348 0.8356 0.8364 0.8371
1655.000000 0.8378 0.8386 0.8392 0.8397 0.8402
1660.000000 0.8407 0.8410 0.8411 0.8412 0.8412
1665.000000 0.8412 0.8411 0.8410 0.8409 0.8408
1670.000000 0.8407 0.8404 0.8401 0.8398 0.8395
1675.000000 0.8392 0.8388 0.8381 0.8373 0.8365
1680.000000 0.8357 0.8348 0.8336 0.8324 0.8312
1685.000000 0.8298 0.8284 0.8268 0.8255 0.8234
1690.000000 0.8211 0.8189 0.8165 0.8142 0.8111
1695.000000 0.8078 0.8046 0.8011 0.7976 0.7922
1700.000000 0.7915 0.7915 0.7932 0.7996 0.8074
1705.000000 0.8121 0.8139 0.8149 0.8150 0.8144
1710.000000 0.8133 0.8121 0.8101 0.8071 0.8040
1715.000000 0.8008 0.7971 0.7931 0.7893 0.7850
1720.000000 0.7805 0.7758 0.7706 0.7651 0.7569
1725.000000 0.7471 0.7353 0.7242 0.7092 0.6912
1730.000000 0.6774 0.6721 0.6724 0.6731 0.6762
1735.000000 0.6822 0.6891 0.6978 0.7067 0.7150
1740.000000 0.7221 0.7290 0.7368 0.7488 0.7604
1745.000000 0.7705 0.7758 0.7804 0.7850 0.7893
1750.000000 0.7935 0.7978 0.8015 0.8051 0.8088
1755.000000 0.8111 0.8136 0.8161 0.8185 0.8202
1760.000000 0.8216 0.8231 0.8245 0.8259 0.8273
1765.000000 0.8287 0.8301 0.8314 0.8327 0.8341
1770.000000 0.8354 0.8367 0.8381 0.8393 0.8401
1775.000000 0.8410 0.8418 0.8425 0.8434 0.8441
1780.000000 0.8448 0.8456 0.8463 0.8468 0.8475
1785.000000 0.8481 0.8487 0.8491 0.8495 0.8499
1790.000000 0.8504 0.8506 0.8508 0.8510 0.8513
1795.000000 0.8515 0.8517 0.8518 0.8521 0.8523
1800.000000 0.8525 0.8527 0.8528 0.8530 0.8532
1805.000000 0.8534 0.8536 0.8538 0.8539 0.8541
1810.000000 0.8543 0.8545 0.8547 0.8549 0.8551
1815.000000 0.8553 0.8555 0.8556 0.8556 0.8556
1820.000000 0.8556 0.8556 0.8556 0.8556 0.8556
1825.000000 0.8556 0.8556 0.8556 0.8556 0.8556
1830.000000 0.8556 0.8556 0.8556 0.8556 0.8556
1835.000000 0.8556 0.8556 0.8555 0.8554 0.8554
1840.000000 0.8553 0.8552 0.8551 0.8550 0.8550
1845.000000 0.8549 0.8548 0.8547 0.8546 0.8546
1850.000000 0.8545 0.8544 0.8543 0.8542 0.8542
1855.000000 0.8542 0.8542 0.8543 0.8543 0.8543
1860.000000 0.8543 0.8543 0.8544 0.8544 0.8544
1865.000000 0.8544 0.8544 0.8545 0.8545 0.8545
1870.000000 0.8545 0.8545 0.8545 0.8546 0.8546
1875.000000 0.8546 0.8546 0.8546 0.8547 0.8547
1880.000000 0.8549 0.8551 0.8552 0.8554 0.8556
1885.000000 0.8557 0.8559 0.8561 0.8563 0.8564
1890.000000 0.8566 0.8568 0.8571 0.8573 0.8575
1895.000000 0.8578 0.8580 0.8582 0.8585 0.8587
1900.000000 0.8589 0.8590 0.8590 0.8590 0.8589
1905.000000 0.8589 0.8588 0.8588 0.8587 0.8587
1910.000000 0.8586 0.8586 0.8583 0.8580 0.8578
1915.000000 0.8575 0.8571 0.8568 0.8567 0.8564
1920.000000 0.8561 0.8559 0.8555 0.8552 0.8548
1925.000000 0.8545 0.8542 0.8538 0.8535 0.8531
1930.000000 0.8528 0.8525 0.8521 0.8521 0.8520
1935.000000 0.8520 0.8520 0.8518 0.8518 0.8518
1940.000000 0.8521 0.8525 0.8528 0.8532 0.8536
1945.000000 0.8540 0.8545 0.8551 0.8556 0.8562
1950.000000 0.8567 0.8567 0.8565 0.8563 0.8562
1955.000000 0.8567 0.8571 0.8587 0.8611 0.8635
1960.000000 0.8661 0.8665 0.8639 0.8609 0.8574
1965.000000 0.8543 0.8528 0.8516 0.8514 0.8511
1970.000000 0.8509 0.8506 0.8504 0.8503 0.8503
1975.000000 0.8502 0.8502 0.8501 0.8501 0.8500
1980.000000 0.8500 0.8500 0.8499 0.8499 0.8499
1985.000000 0.8498 0.8497 0.8496 0.8496 0.8495
1990.000000 0.8494 0.8493 0.8492 0.8487 0.8483
1995.000000 0.8478 0.8467 0.8438 0.8414 0.8401
2000.000000 0.8407 0.8397 0.8387 0.8351 0.8315
2005.000000 0.8278 0.8243 0.8207 0.8171 0.8135
2010.000000 0.8099 0.8062 0.8026 0.8018 0.8008
2015.000000 0.8010 0.8011 0.8014 0.8017 0.8021
2020.000000 0.8025 0.8032 0.8039 0.8046 0.8053
2025.000000 0.8061 0.8071 0.8086 0.8101 0.8121
2030.000000 0.8140 0.8145 0.8151 0.8149 0.8148
2035.000000 0.8146 0.8144 0.8142 0.8140 0.8139
2040.000000 0.8139 0.8140 0.8141 0.8141 0.8142
2045.000000 0.8143 0.8144 0.8145 0.8147 0.8148
2050.000000 0.8150 0.8153 0.8156 0.8160 0.8164
2055.000000 0.8168 0.8171 0.8175 0.8180 0.8181
2060.000000 0.8182 0.8183 0.8184 0.8185 0.8186
2065.000000 0.8187 0.8188 0.8188 0.8188 0.8187
2070.000000 0.8187 0.8187 0.8187 0.8186 0.8186
2075.000000 0.8185 0.8184 0.8182 0.8180 0.8178
2080.000000 0.8175 0.8174 0.8171 0.8169 0.8168
2085.000000 0.8165 0.8164 0.8161 0.8158 0.8156
2090.000000 0.8153 0.8150 0.8148 0.8145 0.8142
2095.000000 0.8142 0.8142 0.8143 0.8144 0.8145
2100.000000 0.8147 0.8148 0.8150 0.8151 0.8151
2105.000000 0.8153 0.8155 0.8157 0.8160 0.8162
2110.000000 0.8167 0.8169 0.8172 0.8175 0.8180
2115.000000 0.8183 0.8187 0.8190 0.8194 0.8196
2120.000000 0.8199 0.8201 0.8204 0.8204 0.8204
2125.000000 0.8203 0.8203 0.8202 0.8202 0.8201
2130.000000 0.8201 0.8200 0.8200 0.8199 0.8199
2135.000000 0.8198 0.8198 0.8197 0.8197 0.8196
2140.000000 0.8196 0.8194 0.8193 0.8191 0.8189
2145.000000 0.8187 0.8186 0.8182 0.8178 0.8174
2150.000000 0.8169 0.8165 0.8160 0.8155 0.8151
2155.000000 0.8146 0.8141 0.8136 0.8132 0.8126
2160.000000 0.8121 0.8117 0.8112 0.8111 0.8111
2165.000000 0.8111 0.8112 0.8115 0.8117 0.8118
2170.000000 0.8121 0.8128 0.8136 0.8141 0.8147
2175.000000 0.8151 0.8158 0.8162 0.8168 0.8174
2180.000000 0.8180 0.8186 0.8192 0.8198 0.8205
2185.000000 0.8211 0.8218 0.8225 0.8232 0.8238
2190.000000 0.8245 0.8251 0.8258 0.8264 0.8271
2195.000000 0.8275 0.8282 0.8283 0.8285 0.8286
2200.000000 0.8288 0.8289 0.8291 0.8292 0.8292
2205.000000 0.8292 0.8292 0.8292 0.8292 0.8292
2210.000000 0.8292 0.8291 0.8291 0.8291 0.8291
2215.000000 0.8291 0.8291 0.8291 0.8291 0.8290
2220.000000 0.8289 0.8287 0.8286 0.8284 0.8283
2225.000000 0.8282 0.8281 0.8278 0.8278 0.8275
2230.000000 0.8275 0.8274 0.8273 0.8271 0.8270
2235.000000 0.8268 0.8267 0.8265 0.8264 0.8263
2240.000000 0.8262 0.8260 0.8259 0.8257 0.8256
2245.000000 0.8254 0.8253 0.8251 0.8250 0.8248
2250.000000 0.8247 0.8245 0.8244 0.8243 0.8242
2255.000000 0.8240 0.8239 0.8237 0.8236 0.8234
2260.000000 0.8233 0.8231 0.8230 0.8227 0.8225
2265.000000 0.8221 0.8218 0.8216 0.8213 0.8210
2270.000000 0.8207 0.8204 0.8201 0.8198 0.8195
2275.000000 0.8192 0.8189 0.8186 0.8183 0.8178
2280.000000 0.8174 0.8168 0.8165 0.8160 0.8156
2285.000000 0.8151 0.8147 0.8144 0.8143 0.8144
2290.000000 0.8144 0.8147 0.8150 0.8155 0.8161
2295.000000 0.8165 0.8171 0.8176 0.8182 0.8188
2300.000000 0.8194 0.8201 0.8209 0.8216 0.8223
2305.000000 0.8230 0.8237 0.8244 0.8251 0.8260
2310.000000 0.8270 0.8280 0.8290 0.8299 0.8309
2315.000000 0.8318 0.8328 0.8337 0.8347 0.8356
2320.000000 0.8365 0.8374 0.8383 0.8392 0.8402
2325.000000 0.8410 0.8418 0.8421 0.8425 0.8428
2330.000000 0.8432 0.8435 0.8438 0.8440 0.8443
2335.000000 0.8445 0.8448 0.8448 0.8448 0.8448
2340.000000 0.8448 0.8448 0.8448 0.8448 0.8448
2345.000000 0.8448 0.8448 0.8447 0.8446 0.8445
2350.000000 0.8444 0.8443 0.8443 0.8442 0.8441
2355.000000 0.8440 0.8439 0.8437 0.8436 0.8433
2360.000000 0.8431 0.8428 0.8425 0.8424 0.8421
2365.000000 0.8418 0.8417 0.8414 0.8412 0.8409
2370.000000 0.8407 0.8404 0.8402 0.8399 0.8397
2375.000000 0.8394 0.8392 0.8389 0.8386 0.8385
2380.000000 0.8385 0.8385 0.8387 0.8388 0.8390
2385.000000 0.8391 0.8393 0.8394 0.8396 0.8397
2390.000000 0.8399 0.8400 0.8402 0.8403 0.8405
2395.000000 0.8406 0.8408 0.8411 0.8414 0.8416
2400.000000 0.8418 0.8421 0.8424 0.8425 0.8428
2405.000000 0.8431 0.8434 0.8436 0.8439 0.8441
2410.000000 0.8444 0.8446 0.8449 0.8450 0.8452
2415.000000 0.8454 0.8456 0.8457 0.8459 0.8460
2420.000000 0.8462 0.8463 0.8465 0.8467 0.8468
2425.000000 0.8470 0.8471 0.8473 0.8475 0.8477
2430.000000 0.8478 0.8480 0.8482 0.8483 0.8485
2435.000000 0.8487 0.8489 0.8491 0.8493 0.8495
2440.000000 0.8498 0.8500 0.8503 0.8505 0.8508
2445.000000 0.8510 0.8513 0.8515 0.8518 0.8520
2450.000000 0.8523 0.8525 0.8528 0.8531 0.8534
2455.000000 0.8535 0.8537 0.8537 0.8538 0.8538
2460.000000 0.8539 0.8540 0.8541 0.8541 0.8542
2465.000000 0.8543 0.8543 0.8544 0.8544 0.8543
2470.000000 0.8543 0.8542 0.8542 0.8541 0.8541
2475.000000 0.8540 0.8540 0.8539 0.8539 0.8539
2480.000000 0.8539 0.8539 0.8540 0.8540 0.8541
2485.000000 0.8541 0.8542 0.8542 0.8543 0.8543
2490.000000 0.8544 0.8545 0.8546 0.8546 0.8546
2495.000000 0.8546 0.8546 0.8545 0.8545 0.8544
2500.000000 0.8544 0.8543 0.8543 0.8542 0.8542
2505.000000 0.8541 0.8541 0.8540 0.8540 0.8539
2510.000000 0.8539 0.8538 0.8538 0.8537 0.8537
2515.000000 0.8536 0.8536 0.8535 0.8535 0.8534
2520.000000 0.8533 0.8532 0.8531 0.8530 0.8528
2525.000000 0.8528 0.8527 0.8525 0.8525 0.8525
2530.000000 0.8524 0.8523 0.8521 0.8521 0.8520
2535.000000 0.8518 0.8518 0.8518 0.8517 0.8516
2540.000000 0.8515 0.8512 0.8510 0.8508 0.8506
2545.000000 0.8503 0.8501 0.8498 0.8496 0.8494
2550.000000 0.8492 0.8489 0.8487 0.8484 0.8482
2555.000000 0.8480 0.8478 0.8475 0.8473 0.8468
2560.000000 0.8466 0.8462 0.8458 0.8454 0.8451
2565.000000 0.8447 0.8444 0.8440 0.8436 0.8430
2570.000000 0.8425 0.8418 0.8412 0.8405 0.8399
2575.000000 0.8392 0.8386 0.8378 0.8373 0.8366
2580.000000 0.8360 0.8353 0.8347 0.8340 0.8334
2585.000000 0.8328 0.8325 0.8320 0.8316 0.8311
2590.000000 0.8307 0.8303 0.8299 0.8295 0.8291
2595.000000 0.8291 0.8291 0.8291 0.8292 0.8292
2600.000000 0.8292 0.8292 0.8292 0.8292 0.8292
2605.000000 0.8292 0.8292 0.8292 0.8293 0.8294
2610.000000 0.8296 0.8299 0.8302 0.8305 0.8308
2615.000000 0.8311 0.8314 0.8317 0.8320 0.8323
2620.000000 0.8327 0.8330 0.8333 0.8333 0.8334
2625.000000 0.8334 0.8334 0.8334 0.8335 0.8335
2630.000000 0.8335 0.8333 0.8331 0.8324 0.8317
2635.000000 0.8310 0.8304 0.8297 0.8291 0.8283
2640.000000 0.8275 0.8266 0.8257 0.8248 0.8239
2645.000000 0.8228 0.8220 0.8211 0.8202 0.8193
2650.000000 0.8184 0.8174 0.8165 0.8156 0.8147
2655.000000 0.8141 0.8135 0.8128 0.8122 0.8117
2660.000000 0.8111 0.8105 0.8099 0.8092 0.8086
2665.000000 0.8084 0.8084 0.8084 0.8087 0.8089
2670.000000 0.8092 0.8095 0.8099 0.8104 0.8108
2675.000000 0.8108 0.8108 0.8103 0.8098 0.8092
2680.000000 0.8087 0.8082 0.8076 0.8071 0.8068
2685.000000 0.8062 0.8058 0.8054 0.8049 0.8044
2690.000000 0.8040 0.8035 0.8030 0.8025 0.8021
2695.000000 0.8017 0.8014 0.8010 0.8007 0.8003
2700.000000 0.8000 0.7996 0.7993 0.7989 0.7986
2705.000000 0.7982 0.7978 0.7974 0.7971 0.7967
2710.000000 0.7964 0.7960 0.7957 0.7953 0.7950
2715.000000 0.7947 0.7944 0.7945 0.7945 0.7945
2720.000000 0.7945 0.7944 0.7944 0.7946 0.7948
2725.000000 0.7950 0.7951 0.7954 0.7956 0.7961
2730.000000 0.7967 0.7972 0.7978 0.7985 0.7992
2735.000000 0.8000 0.8008 0.8015 0.8022 0.8030
2740.000000 0.8038 0.8042 0.8047 0.8046 0.8046
2745.000000 0.8045 0.8045 0.8044 0.8043 0.8038
2750.000000 0.8034 0.8028 0.8025 0.8018 0.8012
2755.000000 0.8006 0.7999 0.7991 0.7984 0.7976
2760.000000 0.7969 0.7962 0.7956 0.7947 0.7938
2765.000000 0.7928 0.7918 0.7908 0.7900 0.7890
2770.000000 0.7880 0.7868 0.7857 0.7841 0.7825
2775.000000 0.7808 0.7794 0.7775 0.7758 0.7737
2780.000000 0.7715 0.7695 0.7674 0.7653 0.7632
2785.000000 0.7607 0.7583 0.7548 0.7514 0.7480
2790.000000 0.7446 0.7410 0.7374 0.7336 0.7298
2795.000000 0.7260 0.7221 0.7184 0.7146 0.7101
2800.000000 0.7057 0.7011 0.6968 0.6922 0.6878
2805.000000 0.6821 0.6762 0.6665 0.6568 0.6010
2810.000000 0.5452 0.5339 0.5226 0.5119 0.5012
2815.000000 0.4762 0.4512 0.4027 0.3542 0.3057
2820.000000 0.2572 0.2403 0.2234 0.2152 0.2069
2825.000000 0.2009 0.1949 0.1892 0.1834 0.1778
2830.000000 0.1721 0.1683 0.1645 0.1645 0.1645
2835.000000 0.1858 0.2067 0.2277 0.2487 0.2696
2840.000000 0.2906 0.3116 0.3326 0.3534 0.3745
2845.000000 0.3954 0.4164 0.4374 0.4584 0.4793
2850.000000 0.5003 0.5097 0.5191 0.5189 0.5188
2855.000000 0.5168 0.5208 0.5045 0.4942 0.4839
2860.000000 0.4736 0.4633 0.4530 0.4426 0.4323
2865.000000 0.4220 0.4117 0.4012 0.3909 0.3807
2870.000000 0.3704 0.3600 0.3498 0.3394 0.3291
2875.000000 0.3188 0.3084 0.2961 0.2837 0.2764
2880.000000 0.2692 0.2620 0.2548 0.2476 0.2404
2885.000000 0.2331 0.2259 0.2202 0.2146 0.2094
2890.000000 0.2042 0.1996 0.1952 0.1916 0.1879
2895.000000 0.1844 0.1808 0.1776 0.1744 0.1712
2900.000000 0.1681 0.1657 0.1634 0.1615 0.1596
2905.000000 0.1592 0.1588 0.1588 0.1589 0.1590
2910.000000 0.1591 0.1592 0.1592 0.1592 0.1592
2915.000000 0.1592 0.1592 0.1579 0.1566 0.1531
2920.000000 0.1496 0.1431 0.1367 0.1292 0.1220
2925.000000 0.1163 0.1106 0.1035 0.0965 0.0866
2930.000000 0.0768 0.0721 0.0675 0.0672 0.0670
2935.000000 0.0674 0.0681 0.0695 0.0713 0.0737
2940.000000 0.0762 0.0811 0.0861 0.0945 0.1029
2945.000000 0.1113 0.1196 0.1250 0.1355 0.1301
2950.000000 0.1300 0.1296 0.1294 0.1292 0.1291
2955.000000 0.1290 0.1290 0.1292 0.1283 0.1300
2960.000000 0.1306 0.1313 0.1320 0.1328 0.1353
2965.000000 0.1309 0.1282 0.1214 0.1146 0.1079
2970.000000 0.1011 0.0942 0.0876 0.0820 0.0765
2975.000000 0.0760 0.0758 0.0787 0.0818 0.0919
2980.000000 0.1020 0.1121 0.1222 0.1323 0.1425
2985.000000 0.1526 0.1627 0.1728 0.1829 0.1929
2990.000000 0.2031 0.2132 0.2233 0.2334 0.2434
2995.000000 0.2535 0.2637 0.2738 0.2839 0.2940
3000.000000 0.3042 0.3112 0.3183 0.3232 0.3280
3005.000000 0.3400 0.3518 0.3784 0.4049 0.4186
3010.000000 0.4323 0.5066 0.5809 0.6025 0.6242
3015.000000 0.6317 0.6392 0.6441 0.6491 0.6536
3020.000000 0.6582 0.6621 0.6661 0.6708 0.6755
3025.000000 0.6817 0.6880 0.6934 0.6989 0.7040
3030.000000 0.7091 0.7125 0.7161 0.7191 0.7221
3035.000000 0.7251 0.7282 0.7311 0.7342 0.7371
3040.000000 0.7401 0.7431 0.7461 0.7478 0.7498
3045.000000 0.7515 0.7534 0.7551 0.7571 0.7587
3050.000000 0.7604 0.7617 0.7630 0.7642 0.7655
3055.000000 0.7667 0.7680 0.7692 0.7705 0.7715
3060.000000 0.7728 0.7739 0.7750 0.7760 0.7771
3065.000000 0.7782 0.7793 0.7804 0.7815 0.7825
3070.000000 0.7837 0.7848 0.7858 0.7868 0.7876
3075.000000 0.7886 0.7895 0.7904 0.7914 0.7922
3080.000000 0.7932 0.7941 0.7951 0.7960 0.7968
3085.000000 0.7978 0.7987 0.7996 0.8006 0.8015
3090.000000 0.8024 0.8033 0.8042 0.8051 0.8061
3095.000000 0.8068 0.8076 0.8084 0.8092 0.8100
3100.000000 0.8108 0.8115 0.8122 0.8130 0.8138
3105.000000 0.8145 0.8153 0.8161 0.8168 0.8175
3110.000000 0.8184 0.8191 0.8199 0.8206 0.8214
3115.000000 0.8221 0.8228 0.8234 0.8239 0.8243
3120.000000 0.8247 0.8250 0.8253 0.8256 0.8259
3125.000000 0.8262 0.8266 0.8268 0.8271 0.8275
3130.000000 0.8278 0.8278 0.8278 0.8278 0.8280
3135.000000 0.8280 0.8281 0.8281 0.8282 0.8282
3140.000000 0.8282 0.8278 0.8277 0.8275 0.8273
3145.000000 0.8270 0.8267 0.8263 0.8260 0.8255
3150.000000 0.8251 0.8241 0.8231 0.8221 0.8211
3155.000000 0.8196 0.8182 0.8168 0.8154 0.8139
3160.000000 0.8125 0.8125 0.8128 0.8131 0.8111
3165.000000 0.8147 0.8161 0.8183 0.8206 0.8238
3170.000000 0.8271 0.8297 0.8323 0.8333 0.8343
3175.000000 0.8346 0.8349 0.8352 0.8356 0.8359
3180.000000 0.8362 0.8364 0.8366 0.8368 0.8370
3185.000000 0.8371 0.8373 0.8374 0.8375 0.8375
3190.000000 0.8377 0.8378 0.8378 0.8380 0.8381
3195.000000 0.8382 0.8383 0.8384 0.8386 0.8387
3200.000000 0.8389 0.8390 0.8392 0.8393 0.8395
3205.000000 0.8396 0.8398 0.8399 0.8400 0.8401
3210.000000 0.8402 0.8403 0.8404 0.8405 0.8406
3215.000000 0.8407 0.8408 0.8408 0.8409 0.8409
3220.000000 0.8410 0.8410 0.8411 0.8411 0.8412
3225.000000 0.8412 0.8412 0.8412 0.8412 0.8412
3230.000000 0.8412 0.8412 0.8412 0.8411 0.8411
3235.000000 0.8410 0.8410 0.8410 0.8410 0.8410
3240.000000 0.8410 0.8410 0.8411 0.8411 0.8412
3245.000000 0.8413 0.8414 0.8414 0.8415 0.8416
3250.000000 0.8417 0.8418 0.8421 0.8423 0.8425
3255.000000 0.8427 0.8428 0.8428 0.8428 0.8427
3260.000000 0.8425 0.8421 0.8417 0.8411 0.8406
3265.000000 0.8400 0.8395 0.8389 0.8384 0.8378
3270.000000 0.8373 0.8367 0.8361 0.8353 0.8345
3275.000000 0.8337 0.8328 0.8320 0.8311 0.8300
3280.000000 0.8290 0.8278 0.8268 0.8258 0.8247
3285.000000 0.8236 0.8225 0.8210 0.8194 0.8175
3290.000000 0.8158 0.8141 0.8124 0.8106 0.8089
3295.000000 0.8071 0.8054 0.8034 0.8015 0.7995
3300.000000 0.7975 0.7956 0.7937 0.7917 0.7898
3305.000000 0.7868 0.7838 0.7797 0.7756 0.7717
3310.000000 0.7678 0.7671 0.7664 0.7664 0.7665
3315.000000 0.7665 0.7667 0.7675 0.7685 0.7706
3320.000000 0.7728 0.7761 0.7796 0.7838 0.7880
3325.000000 0.7918 0.7957 0.7976 0.7997 0.8017
3330.000000 0.8037 0.8051 0.8068 0.8080 0.8092
3335.000000 0.8100 0.8108 0.8112 0.8118 0.8119
3340.000000 0.8121 0.8124 0.8125 0.8128 0.8130
3345.000000 0.8133 0.8137 0.8148 0.8160 0.8174
3350.000000 0.8189 0.8203 0.8217 0.8230 0.8243
3355.000000 0.8255 0.8267 0.8275 0.8286 0.8295
3360.000000 0.8305 0.8311 0.8318 0.8324 0.8331
3365.000000 0.8337 0.8343 0.8349 0.8356 0.8361
3370.000000 0.8367 0.8371 0.8377 0.8382 0.8387
3375.000000 0.8391 0.8395 0.8399 0.8404 0.8408
3380.000000 0.8412 0.8416 0.8421 0.8425 0.8431
3385.000000 0.8436 0.8441 0.8446 0.8452 0.8457
3390.000000 0.8462 0.8467 0.8471 0.8475 0.8481
3395.000000 0.8485 0.8490 0.8494 0.8499 0.8503
3400.000000 0.8507 0.8510 0.8514 0.8517 0.8520
3405.000000 0.8521 0.8523 0.8524 0.8525 0.8525
3410.000000 0.8527 0.8528 0.8528 0.8530 0.8531
3415.000000 0.8531 0.8531 0.8531 0.8531 0.8530
3420.000000 0.8530 0.8528 0.8528 0.8528 0.8528
3425.000000 0.8527 0.8525 0.8525 0.8525 0.8524
3430.000000 0.8524 0.8523 0.8523 0.8521 0.8521
3435.000000 0.8521 0.8520 0.8520 0.8521 0.8521
3440.000000 0.8523 0.8524 0.8525 0.8527 0.8528
3445.000000 0.8530 0.8531 0.8532 0.8534 0.8535
3450.000000 0.8537 0.8540 0.8543 0.8546 0.8549
3455.000000 0.8552 0.8556 0.8559 0.8562 0.8564
3460.000000 0.8567 0.8568 0.8570 0.8571 0.8574
3465.000000 0.8575 0.8577 0.8578 0.8581 0.8582
3470.000000 0.8583 0.8583 0.8583 0.8582 0.8582
3475.000000 0.8581 0.8580 0.8578 0.8578 0.8577
3480.000000 0.8575 0.8575 0.8575 0.8574 0.8573
3485.000000 0.8571 0.8571 0.8571 0.8570 0.8568
3490.000000 0.8568 0.8568 0.8568 0.8567 0.8566
3495.000000 0.8566 0.8567 0.8568 0.8568 0.8570
3500.000000 0.8571 0.8573 0.8575 0.8575 0.8578
3505.000000 0.8578 0.8580 0.8581 0.8583 0.8584
3510.000000 0.8586 0.8587 0.8589 0.8590 0.8592
3515.000000 0.8594 0.8596 0.8599 0.8603 0.8606
3520.000000 0.8610 0.8613 0.8616 0.8620 0.8624
3525.000000 0.8628 0.8633 0.8637 0.8642 0.8646
3530.000000 0.8651 0.8655 0.8660 0.8664 0.8668
3535.000000 0.8671 0.8675 0.8680 0.8684 0.8687
3540.000000 0.8691 0.8695 0.8699 0.8702 0.8705
3545.000000 0.8708 0.8712 0.8715 0.8718 0.8721
3550.000000 0.8725 0.8728 0.8732 0.8735 0.8738
3555.000000 0.8741 0.8745 0.8748 0.8751 0.8753
3560.000000 0.8756 0.8759 0.8762 0.8765 0.8768
3565.000000 0.8771 0.8774 0.8777 0.8780 0.8783
3570.000000 0.8786 0.8789 0.8792 0.8795 0.8799
3575.000000 0.8802 0.8805 0.8808 0.8811 0.8816
3580.000000 0.8821 0.8827 0.8833 0.8838 0.8844
3585.000000 0.8845 0.8845 0.8845 0.8844 0.8843
3590.000000 0.8842 0.8841 0.8841 0.8839 0.8838
3595.000000 0.8837 0.8836 0.8834 0.8833 0.8831
3600.000000 0.8830 0.8828 0.8827 0.8827 0.8828
3605.000000 0.8828 0.8828 0.8830 0.8831 0.8831
3610.000000 0.8832 0.8832 0.8833 0.8834 0.8835
3615.000000 0.8836 0.8837 0.8839 0.8841 0.8842
3620.000000 0.8844 0.8846 0.8848 0.8849 0.8851
3625.000000 0.8853 0.8855 0.8857 0.8859 0.8859
3630.000000 0.8860 0.8861 0.8862 0.8863 0.8864
3635.000000 0.8865 0.8866 0.8867 0.8868 0.8868
3640.000000 0.8870 0.8871 0.8871 0.8873 0.8874
3645.000000 0.8874 0.8874 0.8874 0.8874 0.8873
3650.000000 0.8873 0.8871 0.8871 0.8871 0.8871
3655.000000 0.8871 0.8871 0.8870 0.8870 0.8868
3660.000000 0.8868 0.8866 0.8863 0.8858 0.8853
3665.000000 0.8848 0.8843 0.8833 0.8823 0.8811
3670.000000 0.8800 0.8790 0.8781 0.8774 0.8768
3675.000000 0.8766 0.8764 0.8762 0.8760 0.8760
3680.000000 0.8740 0.8762 0.8765 0.8767 0.8770
3685.000000 0.8775 0.8780 0.8785 0.8790 0.8796
3690.000000 0.8803 0.8812 0.8821 0.8828 0.8837
3695.000000 0.8844 0.8851 0.8858 0.8865 0.8871
3700.000000 0.8878 0.8884 0.8890 0.8892 0.8894
3705.000000 0.8895 0.8897 0.8898 0.8900 0.8901
3710.000000 0.8902 0.8903 0.8904 0.8905 0.8906
3715.000000 0.8906 0.8907 0.8907 0.8907 0.8907
3720.000000 0.8908 0.8908 0.8908 0.8908 0.8908
3725.000000 0.8907 0.8907 0.8907 0.8907 0.8906
3730.000000 0.8906 0.8906 0.8906 0.8906 0.8906
3735.000000 0.8906 0.8906 0.8907 0.8908 0.8908
3740.000000 0.8909 0.8910 0.8911 0.8911 0.8912
3745.000000 0.8913 0.8914 0.8915 0.8916 0.8916
3750.000000 0.8917 0.8917 0.8918 0.8918 0.8918
3755.000000 0.8918 0.8920 0.8920 0.8920 0.8920
3760.000000 0.8921 0.8921 0.8921 0.8921 0.8921
3765.000000 0.8921 0.8923 0.8923 0.8924 0.8924
3770.000000 0.8925 0.8925 0.8925 0.8925 0.8927
3775.000000 0.8927 0.8928 0.8928 0.8930 0.8930
3780.000000 0.8931 0.8931 0.8931 0.8931 0.8931
3785.000000 0.8930 0.8930 0.8928 0.8928 0.8928
3790.000000 0.8927 0.8925 0.8925 0.8925 0.8925
3795.000000 0.8924 0.8924 0.8923 0.8923 0.8923
3800.000000 0.8923
##END=
