##TITLE=BENZENE, BUTYL-
##JCAMP-DX=4.24
##DATA TYPE=INFRARED SPECTRUM
##CLASS=COBLENTZ III
##ORIGIN=STANDARD OIL OF OHIO
##OWNER=COBLENTZ SOCIETY
Collection (C) 2018 copyright by the U.S. Secretary of Commerce
on behalf of the United States of America. All rights reserved.
##DATE=Not specified, most likely prior to 1970
##NAMES=butylbenzene
##CAS REGISTRY NO=104-51-8
##MOLFORM=C10 H14
##SOURCE REFERENCE=COBLENTZ NO. 3597
##$NIST SOURCE=COBLENTZ
##$NIST IMAGE=cob3597
##SPECTROMETER/DATA SYSTEM=PERKIN-ELMER 521 (GRATING)
##STATE=LIQUID (NEAT)
##PATH LENGTH=0.0024 CM
##SAMPLING PROCEDURE=TRANSMISSION
##RESOLUTION=4
##DATA PROCESSING=DIGITIZED BY NIST FROM HARD COPY (FROM TWO SEGMENTS)
##XUNITS=1/CM
##YUNITS=TRANSMITTANCE
##XFACTOR=1.000000
##YFACTOR=1
##DELTAX=1.314636
##FIRSTX=600.088
##LASTX=3993.16
##FIRSTY=0.598
##MAXX=3993.16
##MINX=600.088
##MAXY=0.928
##MINY=0.027
##NPOINTS=2582
##XYDATA=(X++(Y..Y))
600.088000 0.5980 0.5930 0.5930 0.5920 0.5920
606.661180 0.5920 0.5930 0.5930 0.6008 0.6020
613.234360 0.6030 0.6050 0.6050 0.6069 0.6070
619.807540 0.6089 0.6100 0.6110 0.6129 0.6140
626.380720 0.6150 0.6160 0.6189 0.6200 0.6257
632.953900 0.6298 0.6309 0.6310 0.6329 0.6349
639.527080 0.6359 0.6398 0.6438 0.6468 0.6498
646.100260 0.6519 0.6557 0.6579 0.6608 0.6638
652.673440 0.6659 0.6669 0.6707 0.6728 0.6739
659.246620 0.6767 0.6779 0.6789 0.6808 0.6819
665.819800 0.6829 0.6839 0.6831 0.6821 0.6811
672.392980 0.6783 0.6753 0.6732 0.6659 0.6543
678.966160 0.6450 0.6226 0.6031 0.5797 0.5567
685.539340 0.4993 0.4234 0.3623 0.3026 0.2209
692.112520 0.1732 0.1304 0.0657 0.0500 0.0585
698.685700 0.0678 0.0957 0.1352 0.1941 0.2260
705.258880 0.2566 0.2927 0.3288 0.3928 0.4166
711.832060 0.4249 0.4268 0.4262 0.4226 0.4153
718.405240 0.4106 0.4024 0.3918 0.3817 0.3650
724.978420 0.3355 0.3118 0.2767 0.2322 0.2052
731.551600 0.1952 0.1874 0.1819 0.1761 0.1685
738.124780 0.1581 0.1253 0.1067 0.1008 0.0960
744.697960 0.0894 0.0872 0.0862 0.1140 0.1481
751.271140 0.2129 0.2565 0.2719 0.3738 0.4409
757.844320 0.4953 0.5802 0.6220 0.6468 0.6723
764.417500 0.6951 0.7070 0.7190 0.7312 0.7440
770.990680 0.7501 0.7518 0.7512 0.7434 0.7349
777.563860 0.7216 0.7044 0.6992 0.6998 0.7067
784.137040 0.7180 0.7330 0.7497 0.7667 0.7837
790.710220 0.7984 0.8050 0.8097 0.8132 0.8177
797.283400 0.8212 0.8227 0.8230 0.8237 0.8255
803.856580 0.8260 0.8260 0.8267 0.8291 0.8314
810.429760 0.8342 0.8386 0.8400 0.8364 0.8350
817.002940 0.8336 0.8330 0.8330 0.8372 0.8425
823.576120 0.8503 0.8593 0.8641 0.8678 0.8690
830.149300 0.8690 0.8676 0.8663 0.8646 0.8613
836.722480 0.8552 0.8510 0.8493 0.8497 0.8500
843.295660 0.8513 0.8547 0.8593 0.8637 0.8683
849.868840 0.8727 0.8767 0.8806 0.8833 0.8853
856.442020 0.8860 0.8867 0.8870 0.8870 0.8870
863.015200 0.8864 0.8860 0.8847 0.8840 0.8834
869.588380 0.8824 0.8814 0.8797 0.8784 0.8755
876.161560 0.8734 0.8711 0.8694 0.8690 0.8690
882.734740 0.8671 0.8635 0.8589 0.8546 0.8506
889.307920 0.8435 0.8382 0.8370 0.8382 0.8390
895.881100 0.8378 0.8364 0.8324 0.8253 0.8173
902.454280 0.8063 0.7956 0.7855 0.7739 0.7584
909.027460 0.7504 0.7506 0.7533 0.7573 0.7705
915.600640 0.7911 0.8075 0.8187 0.8236 0.8234
922.173820 0.8213 0.8172 0.8128 0.8060 0.8009
928.747000 0.7961 0.7891 0.7788 0.7724 0.7726
935.320180 0.7741 0.7783 0.7919 0.8102 0.8234
941.893360 0.8323 0.8398 0.8462 0.8517 0.8561
948.466540 0.8580 0.8580 0.8575 0.8565 0.8544
955.039720 0.8525 0.8510 0.8469 0.8404 0.8313
961.612900 0.8198 0.8114 0.8095 0.8120 0.8185
968.186080 0.8270 0.8340 0.8385 0.8415 0.8435
974.759260 0.8435 0.8430 0.8420 0.8410 0.8410
981.332440 0.8420 0.8430 0.8430 0.8430 0.8430
987.905620 0.8435 0.8483 0.8549 0.8575 0.8580
994.478800 0.8580 0.8575 0.8570 0.8565 0.8532
1001.051980 0.8495 0.8490 0.8495 0.8509 0.8529
1007.625160 0.8540 0.8535 0.8525 0.8511 0.8500
1014.198340 0.8473 0.8436 0.8395 0.8320 0.8224
1020.771520 0.8098 0.7982 0.7807 0.7569 0.7072
1027.344700 0.6191 0.5574 0.5430 0.5836 0.6404
1033.917880 0.6589 0.7024 0.7680 0.8302 0.8394
1040.491060 0.8396 0.8366 0.8318 0.8260 0.8124
1047.064240 0.7930 0.7665 0.7422 0.7245 0.6875
1053.637420 0.6530 0.6382 0.6401 0.6511 0.6713
1060.210600 0.6968 0.7168 0.7348 0.7528 0.7628
1066.783780 0.7731 0.7878 0.8039 0.8127 0.8208
1073.356960 0.8265 0.8325 0.8354 0.8360 0.8356
1079.930140 0.8343 0.8326 0.8306 0.8259 0.8199
1086.503320 0.8112 0.8013 0.7972 0.7889 0.7789
1093.076500 0.7669 0.7550 0.7450 0.7370 0.7247
1099.649680 0.7111 0.7010 0.6977 0.6910 0.6926
1106.222860 0.6986 0.7081 0.7205 0.7321 0.7453
1112.796040 0.7693 0.8067 0.8234 0.8373 0.8501
1119.369220 0.8582 0.8625 0.8672 0.8709 0.8730
1125.942400 0.8733 0.8743 0.8756 0.8770 0.8764
1132.515580 0.8750 0.8747 0.8740 0.8737 0.8719
1139.088760 0.8690 0.8684 0.8670 0.8662 0.8632
1145.661940 0.8599 0.8559 0.8517 0.8441 0.8312
1152.235120 0.8263 0.8278 0.8316 0.8378 0.8445
1158.808300 0.8498 0.8522 0.8528 0.8520 0.8515
1165.381480 0.8500 0.8498 0.8476 0.8423 0.8379
1171.954660 0.8282 0.8167 0.8063 0.7963 0.7944
1178.527840 0.7982 0.8080 0.8161 0.8204 0.8220
1185.101020 0.8214 0.8188 0.8169 0.8124 0.8098
1191.674200 0.8090 0.8090 0.8090 0.8092 0.8108
1198.247380 0.8152 0.8216 0.8290 0.8343 0.8406
1204.820560 0.8443 0.8504 0.8531 0.8586 0.8616
1211.393740 0.8640 0.8644 0.8662 0.8670 0.8673
1217.966920 0.8690 0.8690 0.8690 0.8690 0.8685
1224.540100 0.8657 0.8634 0.8595 0.8564 0.8525
1231.113280 0.8498 0.8482 0.8438 0.8427 0.8410
1237.686460 0.8410 0.8409 0.8400 0.8400 0.8399
1244.259640 0.8390 0.8390 0.8390 0.8393 0.8414
1250.832820 0.8444 0.8471 0.8481 0.8503 0.8602
1257.406000 0.8622 0.8640 0.8640 0.8638 0.8619
1263.979180 0.8609 0.8598 0.8578 0.8556 0.8518
1270.552360 0.8499 0.8490 0.8488 0.8467 0.8439
1277.125540 0.8427 0.8397 0.8366 0.8328 0.8308
1283.698720 0.8277 0.8236 0.8186 0.8137 0.8099
1290.271900 0.8088 0.8070 0.8070 0.8070 0.8070
1296.845080 0.8071 0.8090 0.8091 0.8100 0.8100
1303.418260 0.8100 0.8100 0.8099 0.8089 0.8069
1309.991440 0.8050 0.8048 0.8020 0.8020 0.8010
1316.564620 0.8010 0.8000 0.7999 0.7978 0.7929
1323.137800 0.7899 0.7877 0.7798 0.7749 0.7719
1329.710980 0.7690 0.7680 0.7669 0.7640 0.7630
1336.284160 0.7600 0.7590 0.7580 0.7580 0.7590
1342.857340 0.7620 0.7670 0.7690 0.7750 0.7790
1349.430520 0.7810 0.7830 0.7830 0.7840 0.7830
1356.003700 0.7830 0.7800 0.7771 0.7672 0.7553
1362.576880 0.7540 0.7511 0.7510 0.7500 0.7500
1369.150060 0.7471 0.7267 0.6555 0.6212 0.5893
1375.723240 0.5277 0.5211 0.5412 0.5698 0.5806
1382.296420 0.6544 0.6818 0.7039 0.7438 0.7592
1388.869600 0.7741 0.7807 0.7885 0.7937 0.8053
1395.442780 0.8107 0.8110 0.8129 0.8130 0.8112
1402.015960 0.8101 0.8091 0.8071 0.8061 0.8023
1408.589140 0.8011 0.8001 0.7973 0.7934 0.7894
1415.162320 0.7881 0.7834 0.7766 0.7669 0.7597
1421.735500 0.7581 0.7517 0.7268 0.6919 0.6871
1428.308680 0.7322 0.7371 0.7290 0.7244 0.7160
1434.881860 0.7044 0.6916 0.6724 0.6376 0.6155
1441.455040 0.5947 0.5824 0.5661 0.5535 0.5294
1448.028220 0.4983 0.4284 0.3664 0.3065 0.2518
1454.601400 0.1980 0.1557 0.2185 0.2556 0.2779
1461.174580 0.2869 0.2897 0.2900 0.2883 0.2872
1467.747760 0.2787 0.2669 0.2700 0.2978 0.4381
1474.320940 0.5996 0.6552 0.6635 0.6665 0.6703
1480.894120 0.6726 0.6705 0.6626 0.6520 0.6394
1487.467300 0.6264 0.6094 0.5890 0.5681 0.5231
1494.040480 0.4658 0.4282 0.3770 0.3203 0.2499
1500.613660 0.2334 0.2822 0.3432 0.4364 0.5883
1507.186840 0.6999 0.8241 0.8591 0.8618 0.8636
1513.760020 0.8663 0.8701 0.8764 0.8803 0.8825
1520.333200 0.8838 0.8855 0.8860 0.8860 0.8860
1526.906380 0.8860 0.8845 0.8832 0.8815 0.8788
1533.479560 0.8758 0.8735 0.8730 0.8715 0.8710
1540.052740 0.8732 0.8799 0.8894 0.8935 0.8940
1546.625920 0.8940 0.8940 0.8955 0.8975 0.8987
1553.199100 0.8990 0.8990 0.8990 0.8968 0.8953
1559.772280 0.8943 0.8940 0.8940 0.8926 0.8920
1566.345460 0.8906 0.8886 0.8873 0.8849 0.8798
1572.918640 0.8759 0.8736 0.8709 0.8672 0.8549
1579.491820 0.8396 0.8329 0.8265 0.8097 0.7914
1586.065000 0.7745 0.7411 0.7280 0.7423 0.7612
1592.638180 0.7731 0.7794 0.7823 0.7817 0.7783
1599.211360 0.7427 0.6567 0.6114 0.5948 0.5660
1605.784540 0.5022 0.4463 0.4173 0.3958 0.5550
1612.357720 0.6887 0.7404 0.7915 0.8252 0.8465
1618.930900 0.8674 0.8775 0.8803 0.8842 0.8898
1625.504080 0.8970 0.9006 0.9029 0.9040 0.9046
1632.077260 0.9050 0.9062 0.9076 0.9080 0.9080
1638.650440 0.9074 0.9070 0.9058 0.9050 0.9050
1645.223620 0.9050 0.9050 0.9050 0.9044 0.9040
1651.796800 0.9040 0.9034 0.9018 0.9010 0.9010
1658.369980 0.9010 0.9022 0.9030 0.9036 0.9063
1664.943160 0.9086 0.9107 0.9126 0.9147 0.9183
1671.516340 0.9206 0.9210 0.9210 0.9210 0.9216
1678.089520 0.9220 0.9220 0.9220 0.9220 0.9220
1684.662700 0.9214 0.9210 0.9210 0.9210 0.9215
1691.235880 0.9220 0.9220 0.9220 0.9220 0.9220
1697.809060 0.9231 0.9240 0.9240 0.9230 0.9230
1704.382240 0.9240 0.9230 0.9220 0.9220 0.9220
1710.955420 0.9220 0.9230 0.9240 0.9230 0.9220
1717.528600 0.9220 0.9210 0.9200 0.9190 0.9170
1724.101780 0.9145 0.9120 0.9100 0.9085 0.9075
1730.674960 0.9060 0.9050 0.9050 0.9045 0.9040
1737.248140 0.9035 0.9020 0.9005 0.8991 0.8980
1743.821320 0.8971 0.8960 0.8960 0.8979 0.9000
1750.394500 0.9005 0.9001 0.8990 0.8990 0.8995
1756.967680 0.9004 0.9028 0.9086 0.9144 0.9164
1763.540860 0.9174 0.9180 0.9180 0.9180 0.9180
1770.114040 0.9180 0.9176 0.9161 0.9137 0.9116
1776.687220 0.9110 0.9097 0.9080 0.9093 0.9110
1783.260400 0.9114 0.9120 0.9116 0.9102 0.9082
1789.833580 0.9054 0.9022 0.9010 0.8974 0.8884
1796.406760 0.8798 0.8706 0.8564 0.8402 0.8275
1802.979940 0.8166 0.8150 0.8215 0.8305 0.8410
1809.553120 0.8532 0.8634 0.8694 0.8769 0.8888
1816.126300 0.8904 0.8914 0.8927 0.8958 0.8990
1822.699480 0.8994 0.9004 0.9036 0.9098 0.9144
1829.272660 0.9170 0.9174 0.9187 0.9193 0.9180
1835.845840 0.9177 0.9170 0.9167 0.9160 0.9157
1842.419020 0.9143 0.9127 0.9107 0.9057 0.9007
1848.992200 0.8993 0.8960 0.8913 0.8887 0.8853
1855.565380 0.8840 0.8840 0.8837 0.8830 0.8827
1862.138560 0.8811 0.8784 0.8761 0.8718 0.8639
1868.711740 0.8561 0.8534 0.8514 0.8500 0.8506
1875.284920 0.8532 0.8566 0.8598 0.8655 0.8707
1881.858100 0.8759 0.8783 0.8796 0.8813 0.8820
1888.431280 0.8823 0.8838 0.8874 0.8918 0.8951
1895.004460 0.8983 0.8995 0.9018 0.9050 0.9090
1901.577640 0.9130 0.9163 0.9178 0.9203 0.9213
1908.150820 0.9220 0.9220 0.9220 0.9220 0.9220
1914.724000 0.9218 0.9208 0.9200 0.9195 0.9180
1921.297180 0.9178 0.9165 0.9136 0.9088 0.9073
1927.870360 0.9039 0.9000 0.8977 0.8893 0.8857
1934.443540 0.8784 0.8656 0.8505 0.8366 0.8159
1941.016720 0.7986 0.7914 0.7831 0.7762 0.7817
1947.589900 0.8020 0.8142 0.8333 0.8434 0.8473
1954.163080 0.8572 0.8580 0.8580 0.8580 0.8584
1960.736260 0.8609 0.8654 0.8677 0.8720 0.8773
1967.309440 0.8822 0.8983 0.9014 0.9089 0.9137
1973.882620 0.9175 0.9202 0.9210 0.9210 0.9210
1980.455800 0.9208 0.9200 0.9197 0.9180 0.9183
1987.028980 0.9200 0.9201 0.9210 0.9211 0.9220
1993.602160 0.9223 0.9241 0.9250 0.9251 0.9260
2000.175340 0.9260 0.9263 0.9277 0.9260 0.9259
2006.748520 0.9250 0.9250 0.9250 0.9249 0.9240
2013.321700 0.9240 0.9240 0.9240 0.9240 0.9240
2019.894880 0.9240 0.9240 0.9240 0.9240 0.9240
2026.468060 0.9240 0.9240 0.9240 0.9240 0.9240
2033.041240 0.9241 0.9250 0.9250 0.9250 0.9251
2039.614420 0.9259 0.9251 0.9260 0.9260 0.9260
2046.187600 0.9263 0.9280 0.9280 0.9280 0.9280
2052.760780 0.9280 0.9277 0.9260 0.9260 0.9260
2059.333960 0.9260 0.9260 0.9259 0.9250 0.9250
2065.907140 0.9250 0.9250 0.9250 0.9250 0.9250
2072.480320 0.9250 0.9251 0.9260 0.9260 0.9263
2079.053500 0.9280 0.9280 0.9280 0.9280 0.9280
2085.626680 0.9280 0.9280 0.9280 0.9280 0.9280
2092.199860 0.9280 0.9280 0.9280 0.9280 0.9280
2098.773040 0.9280 0.9280 0.9280 0.9280 0.9277
2105.346220 0.9260 0.9260 0.9260 0.9260 0.9260
2111.919400 0.9260 0.9259 0.9250 0.9250 0.9250
2118.492580 0.9251 0.9259 0.9250 0.9250 0.9250
2125.065760 0.9250 0.9250 0.9250 0.9250 0.9250
2131.638940 0.9250 0.9250 0.9250 0.9250 0.9249
2138.212120 0.9240 0.9240 0.9240 0.9240 0.9240
2144.785300 0.9240 0.9240 0.9240 0.9240 0.9241
2151.358480 0.9250 0.9249 0.9240 0.9240 0.9240
2157.931660 0.9237 0.9223 0.9237 0.9220 0.9220
2164.504840 0.9220 0.9220 0.9220 0.9219 0.9210
2171.078020 0.9211 0.9220 0.9219 0.9210 0.9210
2177.651200 0.9210 0.9211 0.9220 0.9220 0.9220
2184.224380 0.9220 0.9220 0.9220 0.9220 0.9220
2190.797560 0.9220 0.9223 0.9240 0.9240 0.9240
2197.370740 0.9240 0.9240 0.9240 0.9236 0.9210
2203.943920 0.9210 0.9210 0.9210 0.9210 0.9210
2210.517100 0.9210 0.9210 0.9211 0.9220 0.9220
2217.090280 0.9220 0.9220 0.9220 0.9220 0.9220
2223.663460 0.9220 0.9219 0.9209 0.9200 0.9201
2230.236640 0.9210 0.9210 0.9210 0.9209 0.9200
2236.809820 0.9200 0.9200 0.9200 0.9201 0.9210
2243.383000 0.9210 0.9210 0.9209 0.9197 0.9184
2249.956180 0.9210 0.9210 0.9210 0.9210 0.9210
2256.529360 0.9210 0.9210 0.9210 0.9210 0.9209
2263.102540 0.9200 0.9200 0.9200 0.9201 0.9210
2269.675720 0.9209 0.9200 0.9200 0.9200 0.9200
2276.248900 0.9201 0.9210 0.9209 0.9200 0.9200
2282.822080 0.9197 0.9180 0.9179 0.9170 0.9170
2289.395260 0.9170 0.9170 0.9170 0.9170 0.9170
2295.968440 0.9174 0.9200 0.9200 0.9197 0.9180
2302.541620 0.9180 0.9183 0.9200 0.9196 0.9167
2309.114800 0.9146 0.9119 0.9113 0.9133 0.9151
2315.687980 0.9161 0.9171 0.9184 0.9210 0.9210
2322.261160 0.9209 0.9197 0.9180 0.9180 0.9179
2328.834340 0.9170 0.9170 0.9169 0.9160 0.9160
2335.407520 0.9160 0.9160 0.9160 0.9161 0.9170
2341.980700 0.9170 0.9171 0.9180 0.9180 0.9183
2348.553880 0.9200 0.9200 0.9200 0.9200 0.9200
2355.127060 0.9200 0.9200 0.9200 0.9200 0.9200
2361.700240 0.9200 0.9200 0.9200 0.9200 0.9200
2368.273420 0.9197 0.9180 0.9180 0.9179 0.9170
2374.846600 0.9170 0.9170 0.9170 0.9171 0.9180
2381.419780 0.9180 0.9180 0.9180 0.9180 0.9180
2387.992960 0.9180 0.9180 0.9180 0.9180 0.9180
2394.566140 0.9183 0.9200 0.9201 0.9206 0.9180
2401.139320 0.9180 0.9180 0.9180 0.9183 0.9200
2407.712500 0.9200 0.9200 0.9200 0.9200 0.9197
2414.285680 0.9180 0.9180 0.9180 0.9180 0.9180
2420.858860 0.9180 0.9180 0.9180 0.9180 0.9180
2427.432040 0.9180 0.9183 0.9200 0.9200 0.9201
2434.005220 0.9210 0.9210 0.9211 0.9220 0.9220
2440.578400 0.9220 0.9220 0.9220 0.9220 0.9220
2447.151580 0.9223 0.9237 0.9220 0.9220 0.9220
2453.724760 0.9220 0.9220 0.9223 0.9240 0.9237
2460.297940 0.9220 0.9220 0.9223 0.9240 0.9240
2466.871120 0.9240 0.9240 0.9237 0.9220 0.9220
2473.444300 0.9220 0.9220 0.9220 0.9220 0.9220
2480.017480 0.9220 0.9220 0.9220 0.9220 0.9220
2486.590660 0.9220 0.9220 0.9220 0.9224 0.9250
2493.163840 0.9244 0.9188 0.9124 0.9217 0.9196
2499.737020 0.9170 0.9171 0.9180 0.9180 0.9179
2506.310200 0.9170 0.9170 0.9170 0.9170 0.9170
2512.883380 0.9170 0.9169 0.9160 0.9160 0.9160
2519.456560 0.9160 0.9160 0.9160 0.9160 0.9159
2526.029740 0.9147 0.9130 0.9129 0.9120 0.9120
2532.602920 0.9119 0.9111 0.9119 0.9110 0.9110
2539.176100 0.9110 0.9110 0.9110 0.9107 0.9090
2545.749280 0.9093 0.9107 0.9093 0.9107 0.9090
2552.322460 0.9090 0.9090 0.9090 0.9090 0.9089
2558.895640 0.9080 0.9080 0.9080 0.9079 0.9067
2565.468820 0.9049 0.9040 0.9039 0.9030 0.9027
2572.042000 0.9009 0.9001 0.9009 0.9000 0.8999
2578.615180 0.8990 0.8990 0.8990 0.8990 0.8989
2585.188360 0.8980 0.8981 0.8990 0.8990 0.8990
2591.761540 0.8990 0.8990 0.8989 0.8980 0.8977
2598.334720 0.8960 0.8957 0.8940 0.8940 0.8940
2604.907900 0.8940 0.8941 0.8950 0.8951 0.8960
2611.481080 0.8963 0.8980 0.8980 0.8980 0.8976
2618.054260 0.8950 0.8950 0.8949 0.8940 0.8937
2624.627440 0.8917 0.8900 0.8896 0.8869 0.8857
2631.200620 0.8840 0.8840 0.8840 0.8840 0.8839
2637.773800 0.8829 0.8820 0.8819 0.8810 0.8810
2644.346980 0.8807 0.8790 0.8790 0.8790 0.8790
2650.920160 0.8790 0.8790 0.8790 0.8790 0.8793
2657.493340 0.8810 0.8810 0.8810 0.8810 0.8810
2664.066520 0.8810 0.8807 0.8790 0.8790 0.8790
2670.639700 0.8790 0.8790 0.8793 0.8811 0.8820
2677.212880 0.8819 0.8811 0.8820 0.8820 0.8820
2683.786060 0.8820 0.8821 0.8830 0.8831 0.8843
2690.359240 0.8861 0.8871 0.8880 0.8883 0.8900
2696.932420 0.8900 0.8903 0.8920 0.8919 0.8910
2703.505600 0.8910 0.8909 0.8900 0.8897 0.8880
2710.078780 0.8879 0.8870 0.8870 0.8869 0.8857
2716.651960 0.8840 0.8840 0.8840 0.8839 0.8827
2723.225140 0.8806 0.8779 0.8766 0.8736 0.8707
2729.798320 0.8685 0.8645 0.8609 0.8600 0.8600
2736.371500 0.8601 0.8610 0.8611 0.8623 0.8641
2742.944680 0.8653 0.8674 0.8704 0.8731 0.8741
2749.517860 0.8750 0.8754 0.8780 0.8780 0.8780
2756.091040 0.8779 0.8767 0.8749 0.8739 0.8730
2762.664220 0.8727 0.8710 0.8710 0.8709 0.8699
2769.237400 0.8686 0.8654 0.8606 0.8579 0.8569
2775.810580 0.8556 0.8529 0.8517 0.8499 0.8483
2782.383760 0.8431 0.8367 0.8347 0.8327 0.8309
2788.956940 0.8297 0.8279 0.8269 0.8256 0.8230
2795.530120 0.8229 0.8216 0.8185 0.8145 0.8107
2802.103300 0.8086 0.8053 0.8010 0.8009 0.7996
2808.676480 0.7965 0.7925 0.7884 0.7836 0.7805
2815.249660 0.7759 0.7683 0.7635 0.7592 0.7533
2821.822840 0.7477 0.7381 0.7316 0.7276 0.7171
2828.396020 0.7083 0.6894 0.6770 0.6620 0.6477
2834.969200 0.6373 0.6234 0.6050 0.5970 0.5878
2841.542380 0.5706 0.5517 0.5266 0.5002 0.4698
2848.115560 0.4297 0.3820 0.2970 0.2692 0.2593
2854.688740 0.2238 0.1988 0.1667 0.1345 0.1094
2861.261920 0.0958 0.0735 0.0700 0.0704 0.0730
2867.835100 0.0738 0.0801 0.0888 0.1019 0.1080
2874.408280 0.1067 0.0980 0.0972 0.0920 0.0949
2880.981460 0.1181 0.1401 0.1614 0.2143 0.2450
2887.554640 0.2597 0.2729 0.2863 0.2879 0.2862
2894.127820 0.2802 0.2743 0.2678 0.2513 0.2374
2900.701000 0.2178 0.2027 0.2004 0.1951 0.1875
2907.274180 0.1762 0.1701 0.1628 0.1521 0.1303
2913.847360 0.1104 0.0999 0.0968 0.0808 0.0706
2920.420540 0.0533 0.0479 0.0403 0.0359 0.0347
2926.993720 0.0326 0.0297 0.0279 0.0270 0.0270
2933.566900 0.0270 0.0271 0.0280 0.0283 0.0301
2940.140080 0.0311 0.0321 0.0338 0.0393 0.0420
2946.713260 0.0501 0.0577 0.0620 0.0615 0.0577
2953.286440 0.0555 0.0515 0.0468 0.0382 0.0327
2959.859620 0.0309 0.0300 0.0301 0.0311 0.0320
2966.432800 0.0324 0.0356 0.0412 0.0500 0.0574
2973.005980 0.0635 0.0908 0.1256 0.1561 0.2083
2979.579160 0.2489 0.2865 0.3218 0.3624 0.4232
2986.152340 0.4479 0.4697 0.4896 0.5098 0.5302
2992.725520 0.5462 0.5553 0.5652 0.5738 0.5790
2999.298700 0.5782 0.5722 0.5659 0.5577 0.5477
3005.871880 0.5389 0.5386 0.5438 0.5501 0.5583
3012.445060 0.5599 0.5589 0.5571 0.5494 0.5368
3019.018240 0.5190 0.4945 0.4581 0.4148 0.3897
3025.591420 0.3593 0.3014 0.2480 0.2181 0.1861
3032.164600 0.1457 0.1370 0.1380 0.1467 0.1654
3038.737780 0.2210 0.2593 0.3003 0.3539 0.4377
3045.310960 0.4729 0.5027 0.5299 0.5463 0.5698
3051.884140 0.5750 0.5745 0.5705 0.5663 0.5606
3058.457320 0.5480 0.5248 0.4991 0.4694 0.4405
3065.030500 0.4068 0.3829 0.3585 0.3289 0.3289
3071.603680 0.3436 0.4064 0.4474 0.4806 0.5082
3078.176860 0.5327 0.5519 0.5643 0.5657 0.5632
3084.750040 0.5559 0.5385 0.5079 0.4581 0.4450
3091.323220 0.4471 0.4676 0.5173 0.5603 0.5747
3097.896400 0.6182 0.6584 0.7026 0.7540 0.7536
3104.469580 0.7509 0.7499 0.7481 0.7420 0.7421
3111.042760 0.7434 0.7470 0.7562 0.7748 0.8028
3117.615940 0.8167 0.8300 0.8438 0.8491 0.8510
3124.189120 0.8588 0.8644 0.8674 0.8704 0.8735
3130.762300 0.8771 0.8781 0.8790 0.8794 0.8820
3137.335480 0.8821 0.8830 0.8830 0.8831 0.8840
3143.908660 0.8840 0.8840 0.8840 0.8840 0.8840
3150.481840 0.8840 0.8840 0.8839 0.8830 0.8830
3157.055020 0.8830 0.8829 0.8820 0.8819 0.8810
3163.628200 0.8810 0.8810 0.8810 0.8811 0.8820
3170.201380 0.8820 0.8823 0.8848 0.8901 0.8910
3176.774560 0.8910 0.8911 0.8920 0.8920 0.8923
3183.347740 0.8940 0.8940 0.8940 0.8941 0.8950
3189.920920 0.8951 0.8960 0.8960 0.8963 0.8980
3196.494100 0.8981 0.8990 0.8990 0.8990 0.8991
3203.067280 0.9000 0.9000 0.9000 0.9000 0.9001
3209.640460 0.9013 0.9030 0.9033 0.9050 0.9050
3216.213640 0.9053 0.9071 0.9080 0.9080 0.9080
3222.786820 0.9080 0.9081 0.9090 0.9090 0.9090
3229.360000 0.9093 0.9110 0.9110 0.9110 0.9110
3235.933180 0.9110 0.9110 0.9110 0.9110 0.9110
3242.506360 0.9111 0.9120 0.9121 0.9130 0.9130
3249.079540 0.9130 0.9133 0.9150 0.9150 0.9150
3255.652720 0.9150 0.9150 0.9150 0.9150 0.9150
3262.225900 0.9150 0.9151 0.9160 0.9160 0.9160
3268.799080 0.9160 0.9160 0.9160 0.9160 0.9160
3275.372260 0.9161 0.9169 0.9161 0.9170 0.9170
3281.945440 0.9170 0.9170 0.9170 0.9170 0.9170
3288.518620 0.9170 0.9170 0.9170 0.9170 0.9171
3295.091800 0.9180 0.9180 0.9180 0.9180 0.9180
3301.664980 0.9180 0.9180 0.9180 0.9180 0.9180
3308.238160 0.9180 0.9180 0.9180 0.9180 0.9180
3314.811340 0.9179 0.9170 0.9170 0.9169 0.9160
3321.384520 0.9160 0.9160 0.9160 0.9160 0.9160
3327.957700 0.9160 0.9161 0.9170 0.9169 0.9160
3334.530880 0.9159 0.9150 0.9150 0.9147 0.9130
3341.104060 0.9130 0.9130 0.9133 0.9147 0.9130
3347.677240 0.9130 0.9130 0.9130 0.9130 0.9130
3354.250420 0.9130 0.9129 0.9120 0.9119 0.9110
3360.823600 0.9110 0.9110 0.9110 0.9110 0.9110
3367.396780 0.9110 0.9110 0.9111 0.9120 0.9120
3373.969960 0.9120 0.9120 0.9120 0.9120 0.9120
3380.543140 0.9120 0.9120 0.9119 0.9110 0.9110
3387.116320 0.9110 0.9110 0.9110 0.9110 0.9110
3393.689500 0.9110 0.9110 0.9110 0.9110 0.9110
3400.262680 0.9107 0.9090 0.9093 0.9110 0.9110
3406.835860 0.9110 0.9107 0.9090 0.9090 0.9090
3413.409040 0.9090 0.9090 0.9090 0.9090 0.9093
3419.982220 0.9110 0.9110 0.9110 0.9110 0.9110
3426.555400 0.9110 0.9110 0.9110 0.9107 0.9090
3433.128580 0.9090 0.9090 0.9090 0.9090 0.9090
3439.701760 0.9090 0.9089 0.9080 0.9080 0.9080
3446.274940 0.9080 0.9080 0.9080 0.9080 0.9080
3452.848120 0.9080 0.9080 0.9076 0.9050 0.9050
3459.421300 0.9050 0.9050 0.9050 0.9049 0.9040
3465.994480 0.9039 0.9030 0.9027 0.9010 0.9009
3472.567660 0.9000 0.8999 0.8990 0.8986 0.8960
3479.140840 0.8959 0.8949 0.8937 0.8920 0.8920
3485.714020 0.8920 0.8920 0.8920 0.8920 0.8920
3492.287200 0.8920 0.8920 0.8920 0.8923 0.8940
3498.860380 0.8941 0.8950 0.8950 0.8950 0.8951
3505.433560 0.8960 0.8960 0.8960 0.8963 0.8980
3512.006740 0.8980 0.8980 0.8981 0.8990 0.8991
3518.579920 0.9001 0.9013 0.9031 0.9040 0.9041
3525.153100 0.9050 0.9050 0.9050 0.9050 0.9053
3531.726280 0.9070 0.9070 0.9070 0.9067 0.9050
3538.299460 0.9053 0.9071 0.9080 0.9080 0.9081
3544.872640 0.9090 0.9090 0.9090 0.9090 0.9090
3551.445820 0.9090 0.9090 0.9090 0.9090 0.9090
3558.019000 0.9090 0.9090 0.9090 0.9090 0.9090
3564.592180 0.9090 0.9090 0.9089 0.9080 0.9080
3571.165360 0.9080 0.9080 0.9080 0.9080 0.9080
3577.738540 0.9079 0.9067 0.9050 0.9050 0.9050
3584.311720 0.9053 0.9070 0.9071 0.9080 0.9080
3590.884900 0.9080 0.9080 0.9080 0.9080 0.9080
3597.458080 0.9080 0.9080 0.9080 0.9079 0.9067
3604.031260 0.9050 0.9049 0.9040 0.9040 0.9040
3610.604440 0.9040 0.9040 0.9039 0.9030 0.9030
3617.177620 0.9027 0.9010 0.9010 0.9010 0.9010
3623.750800 0.9010 0.9010 0.9010 0.9010 0.9010
3630.323980 0.9009 0.9000 0.9001 0.9010 0.9010
3636.897160 0.9010 0.9010 0.9010 0.9010 0.9010
3643.470340 0.9010 0.9010 0.9009 0.9001 0.9010
3650.043520 0.9010 0.9010 0.9010 0.9010 0.9013
3656.616700 0.9030 0.9030 0.9030 0.9030 0.9030
3663.189880 0.9030 0.9030 0.9030 0.9030 0.9030
3669.763060 0.9030 0.9030 0.9030 0.9030 0.9030
3676.336240 0.9030 0.9030 0.9030 0.9030 0.9030
3682.909420 0.9030 0.9030 0.9030 0.9030 0.9030
3689.482600 0.9030 0.9030 0.9030 0.9030 0.9030
3696.055780 0.9030 0.9030 0.9030 0.9030 0.9030
3702.628960 0.9030 0.9030 0.9030 0.9030 0.9030
3709.202140 0.9030 0.9030 0.9030 0.9030 0.9030
3715.775320 0.9030 0.9030 0.9030 0.9030 0.9030
3722.348500 0.9030 0.9030 0.9030 0.9030 0.9030
3728.921680 0.9030 0.9030 0.9030 0.9030 0.9030
3735.494860 0.9030 0.9030 0.9030 0.9030 0.9030
3742.068040 0.9027 0.9010 0.9010 0.9010 0.9010
3748.641220 0.9010 0.9010 0.9010 0.9010 0.9010
3755.214400 0.9009 0.9000 0.9000 0.9000 0.9000
3761.787580 0.9000 0.9000 0.9000 0.9000 0.9000
3768.360760 0.9000 0.9000 0.9000 0.9000 0.9000
3774.933940 0.9000 0.9000 0.9000 0.9000 0.9000
3781.507120 0.9000 0.9000 0.9000 0.9000 0.9000
3788.080300 0.9000 0.9000 0.9000 0.9000 0.9000
3794.653480 0.9000 0.9000 0.9000 0.9000 0.9000
3801.226660 0.9000 0.9000 0.9000 0.9000 0.9000
3807.799840 0.9000 0.9000 0.9000 0.9000 0.9000
3814.373020 0.9000 0.9000 0.9000 0.9000 0.9000
3820.946200 0.9000 0.9000 0.9000 0.9000 0.8999
3827.519380 0.8991 0.9000 0.9000 0.9000 0.9000
3834.092560 0.9000 0.9000 0.9000 0.9000 0.9000
3840.665740 0.9000 0.9000 0.9000 0.9000 0.9000
3847.238920 0.9000 0.9000 0.9000 0.9000 0.9000
3853.812100 0.9000 0.9000 0.9000 0.9000 0.9000
3860.385280 0.9000 0.9000 0.9000 0.9000 0.9000
3866.958460 0.9000 0.9000 0.9000 0.9000 0.9000
3873.531640 0.9000 0.9000 0.9000 0.9000 0.9000
3880.104820 0.9000 0.9000 0.9000 0.9000 0.9000
3886.678000 0.9000 0.9000 0.8999 0.8990 0.8990
3893.251180 0.8990 0.8990 0.8990 0.8990 0.8990
3899.824360 0.8990 0.8990 0.8990 0.8990 0.8990
3906.397540 0.8990 0.8990 0.8990 0.8990 0.8990
3912.970720 0.8990 0.8990 0.8990 0.8990 0.8990
3919.543900 0.8990 0.8990 0.8990 0.8990 0.8990
3926.117080 0.8990 0.8989 0.8980 0.8980 0.8980
3932.690260 0.8980 0.8980 0.8980 0.8980 0.8980
3939.263440 0.8980 0.8980 0.8981 0.8990 0.8990
3945.836620 0.8990 0.8990 0.8991 0.9000 0.8999
3952.409800 0.8990 0.8990 0.8990 0.8990 0.8990
3958.982980 0.8990 0.8990 0.8990 0.8990 0.8990
3965.556160 0.8990 0.8990 0.8990 0.8990 0.8990
3972.129340 0.8990 0.8990 0.8990 0.8990 0.8990
3978.702520 0.8990 0.8990 0.8990 0.8990 0.8990
3985.275700 0.8990 0.8990 0.8990 0.8990 0.8990
3991.848880 0.8990 0.8990
##END=
