##TITLE=ACETIC ACID, PHOSPHONO-, P,P-DIETHYL C-METHYL ESTER
##JCAMP-DX=4.24
##DATA TYPE=INFRARED SPECTRUM
##CLASS=COBLENTZ III
##ORIGIN=SOUTHERN RESEARCH INSTITUTE
##OWNER=COBLENTZ SOCIETY
Collection (C) 2018 copyright by the U.S. Secretary of Commerce
on behalf of the United States of America. All rights reserved.
##DATE=1957/06/20
##NAMES=methyl (diethoxyphosphoryl)acetate
##CAS REGISTRY NO=1067-74-9
##MOLFORM=C7 H15 O5 P
##SOURCE REFERENCE=COBLENTZ NO. 7407
##$NIST SOURCE=COBLENTZ
##$NIST IMAGE=cob7407
##SPECTROMETER/DATA SYSTEM=PERKIN-ELMER 21 (GRATING)
##INSTRUMENT PARAMETERS=FILTER CHANGE AT ABOUT 1080 CM^-^1
##STATE=LIQUID (NEAT)
##PATH LENGTH=CAPILLARY
##SAMPLING PROCEDURE=TRANSMISSION
##RESOLUTION=2
##DATA PROCESSING=DIGITIZED BY NIST FROM HARD COPY (FROM TWO SEGMENTS)
##XUNITS=1/CM
##YUNITS=TRANSMITTANCE
##XFACTOR=1.000000
##YFACTOR=1
##DELTAX=1.185436
##FIRSTX=606.145
##LASTX=3809.19
##FIRSTY=0.833
##MAXX=3809.19
##MINX=606.145
##MAXY=1.001
##MINY=0.142163
##NPOINTS=2703
##XYDATA=(X++(Y..Y))
606.145000 0.8330 0.8330 0.8330 0.8330 0.8330
612.072180 0.8330 0.8310 0.8310 0.8320 0.8359
617.999360 0.8379 0.8390 0.8409 0.8429 0.8459
623.926540 0.8498 0.8500 0.8519 0.8567 0.8617
629.853720 0.8685 0.8709 0.8849 0.8906 0.8947
635.780900 0.9014 0.9038 0.9049 0.9059 0.9123
641.708080 0.9175 0.9198 0.9227 0.9301 0.9354
647.635260 0.9386 0.9425 0.9474 0.9506 0.9553
653.562440 0.9586 0.9607 0.9688 0.9717 0.9737
659.489620 0.9757 0.9768 0.9778 0.9788 0.9815
665.416800 0.9845 0.9900 0.9952 0.9977 0.9980
671.343980 0.9980 0.9996 1.0000 1.0008 1.0010
677.271160 1.0010 1.0010 1.0010 1.0010 1.0010
683.198340 1.0002 1.0000 0.9984 0.9980 0.9949
689.125520 0.9901 0.9859 0.9842 0.9840 0.9832
695.052700 0.9815 0.9788 0.9765 0.9723 0.9666
700.979880 0.9584 0.9508 0.9446 0.9415 0.9396
706.907060 0.9383 0.9359 0.9329 0.9313 0.9303
712.834240 0.9293 0.9290 0.9283 0.9280 0.9280
718.761420 0.9280 0.9280 0.9266 0.9260 0.9253
724.688600 0.9250 0.9243 0.9233 0.9230 0.9223
730.615780 0.9207 0.9193 0.9190 0.9171 0.9134
736.542960 0.9101 0.9058 0.9015 0.8987 0.8942
742.470140 0.8920 0.8914 0.8904 0.8876 0.8848
748.397320 0.8810 0.8772 0.8730 0.8686 0.8646
754.324500 0.8606 0.8578 0.8553 0.8528 0.8514
760.251680 0.8481 0.8443 0.8401 0.8357 0.8329
766.178860 0.8303 0.8268 0.8228 0.8188 0.8143
772.106040 0.8093 0.8037 0.7967 0.7882 0.7776
778.033220 0.7657 0.7548 0.7459 0.7410 0.7375
783.960400 0.7345 0.7345 0.7360 0.7380 0.7400
789.887580 0.7430 0.7465 0.7499 0.7544 0.7589
795.814760 0.7634 0.7689 0.7734 0.7759 0.7775
801.741940 0.7780 0.7780 0.7775 0.7761 0.7728
807.669120 0.7700 0.7687 0.7666 0.7651 0.7627
813.596300 0.7601 0.7582 0.7553 0.7522 0.7494
819.523480 0.7462 0.7438 0.7408 0.7382 0.7358
825.450660 0.7332 0.7316 0.7298 0.7276 0.7266
831.377840 0.7252 0.7221 0.7186 0.7169 0.7146
837.305020 0.7140 0.7129 0.7092 0.7053 0.7040
843.232200 0.7040 0.7043 0.7050 0.7060 0.7090
849.159380 0.7123 0.7179 0.7263 0.7336 0.7412
855.086560 0.7482 0.7546 0.7599 0.7649 0.7703
861.013740 0.7807 0.7882 0.7919 0.7940 0.7948
866.940920 0.7970 0.7981 0.8018 0.8045 0.8065
872.868100 0.8080 0.8080 0.8077 0.8055 0.8005
878.795280 0.7985 0.7963 0.7933 0.7900 0.7860
884.722460 0.7821 0.7779 0.7735 0.7711 0.7660
890.649640 0.7575 0.7505 0.7422 0.7272 0.7053
896.576820 0.6872 0.6712 0.6678 0.6747 0.7098
902.504000 0.7198 0.7299 0.7396 0.7488 0.7584
908.431180 0.7662 0.7733 0.7805 0.7833 0.7853
914.358360 0.7872 0.7880 0.7879 0.7870 0.7870
920.285540 0.7869 0.7859 0.7849 0.7836 0.7806
926.212720 0.7775 0.7733 0.7673 0.7614 0.7553
932.139900 0.7395 0.7267 0.7225 0.7072 0.6980
938.067080 0.6862 0.6654 0.6482 0.6365 0.6066
943.994260 0.5888 0.5719 0.5551 0.5401 0.5243
949.921440 0.5114 0.4994 0.4884 0.4765 0.4656
955.848620 0.4566 0.4457 0.4367 0.4277 0.4178
961.775800 0.4088 0.3989 0.3949 0.3898 0.3789
967.702980 0.3689 0.3570 0.3440 0.3430 0.3430
973.630160 0.3430 0.3440 0.3470 0.3519 0.3559
979.557340 0.3599 0.3649 0.4007 0.4078 0.4214
985.484520 0.4411 0.4669 0.4938 0.5216 0.5476
991.411700 0.5716 0.5899 0.6125 0.6196 0.6311
997.338880 0.6320 0.6320 0.6274 0.6224 0.6156
1003.266060 0.6086 0.6008 0.5901 0.5755 0.5579
1009.193240 0.5355 0.5098 0.4776 0.4412 0.4255
1015.120420 0.4126 0.3996 0.3215 0.2737 0.2508
1021.047600 0.2146 0.1909 0.1777 0.1632 0.1559
1026.974780 0.1491 0.1438 0.1422 0.1428 0.1521
1032.901960 0.1573 0.1621 0.1729 0.1832 0.1899
1038.829140 0.1975 0.2030 0.2096 0.2118 0.2152
1044.756320 0.2176 0.2196 0.2200 0.2208 0.2202
1050.683500 0.2184 0.2149 0.2117 0.2110 0.2110
1056.610680 0.2110 0.2110 0.2118 0.2150 0.2220
1062.537860 0.2262 0.2359 0.2442 0.2526 0.2638
1068.465040 0.2837 0.3075 0.3336 0.3598 0.4015
1074.392220 0.4250 0.4446 0.4694 0.4904 0.5065
1080.319400 0.5186 0.5304 0.5410 0.5578 0.5812
1086.246580 0.5972 0.6091 0.6150 0.6187 0.6220
1092.173760 0.6230 0.6223 0.6213 0.6203 0.6161
1098.100940 0.6101 0.6028 0.5961 0.5908 0.5846
1104.028120 0.5801 0.5777 0.5770 0.5764 0.5766
1109.955300 0.5770 0.5764 0.5705 0.5628 0.5576
1115.882480 0.5452 0.5362 0.5290 0.5155 0.4772
1121.809660 0.4497 0.4460 0.4460 0.4460 0.4488
1127.736840 0.4538 0.4577 0.4607 0.4710 0.4819
1133.664020 0.4911 0.5031 0.5161 0.5285 0.5383
1139.591200 0.5468 0.5574 0.5705 0.5860 0.6008
1145.518380 0.6122 0.6222 0.6306 0.6365 0.6410
1151.445560 0.6450 0.6475 0.6485 0.6495 0.6500
1157.372740 0.6495 0.6461 0.6401 0.6356 0.6283
1163.299920 0.6197 0.6151 0.6088 0.6008 0.5942
1169.227100 0.5901 0.5890 0.5890 0.5899 0.5950
1175.154280 0.6065 0.6198 0.6308 0.6422 0.6563
1181.081460 0.6749 0.6899 0.6957 0.6984 0.6994
1187.008640 0.7020 0.7054 0.7068 0.7080 0.7084
1192.935820 0.7090 0.7090 0.7086 0.7057 0.7016
1198.863000 0.7003 0.6979 0.6949 0.6901 0.6828
1204.790180 0.6779 0.6753 0.6719 0.6628 0.6482
1210.717360 0.6370 0.6253 0.6076 0.6007 0.5953
1216.644540 0.5937 0.5930 0.5920 0.5897 0.5893
1222.571720 0.5900 0.5909 0.5930 0.5933 0.5940
1228.498900 0.5940 0.5940 0.5940 0.5937 0.5916
1234.426080 0.5855 0.5779 0.5736 0.5689 0.5636
1240.353260 0.5547 0.5442 0.5285 0.5108 0.4907
1246.280440 0.4632 0.4432 0.4234 0.4066 0.3967
1252.207620 0.3847 0.3655 0.3454 0.3238 0.3020
1258.134800 0.2875 0.2705 0.2545 0.2436 0.2366
1264.061980 0.2300 0.2258 0.2250 0.2248 0.2236
1269.989160 0.2216 0.2193 0.2156 0.2137 0.2118
1275.916340 0.2110 0.2107 0.2090 0.2090 0.2093
1281.843520 0.2114 0.2140 0.2146 0.2184 0.2211
1287.770700 0.2233 0.2330 0.2407 0.2477 0.2617
1293.697880 0.2768 0.2921 0.3020 0.3114 0.3241
1299.625060 0.3353 0.3489 0.3684 0.3852 0.4087
1305.552240 0.4177 0.4267 0.4357 0.4448 0.4564
1311.479420 0.4758 0.4876 0.4973 0.5025 0.5112
1317.406600 0.5154 0.5245 0.5364 0.5447 0.5623
1323.333780 0.5712 0.5773 0.5873 0.6003 0.6152
1329.260960 0.6282 0.6401 0.6521 0.6611 0.6691
1335.188140 0.6780 0.6850 0.6920 0.7039 0.7089
1341.115320 0.7139 0.7199 0.7259 0.7309 0.7388
1347.042500 0.7438 0.7459 0.7470 0.7499 0.7519
1352.969680 0.7539 0.7540 0.7502 0.7500 0.7509
1358.896860 0.7547 0.7587 0.7599 0.7618 0.7620
1364.824040 0.7611 0.7592 0.7471 0.7414 0.7374
1370.751220 0.7280 0.7135 0.7093 0.7054 0.7023
1376.678400 0.7020 0.7020 0.7038 0.7110 0.7138
1382.605580 0.7227 0.7249 0.7250 0.7259 0.7269
1388.532760 0.7270 0.7270 0.7176 0.7033 0.6985
1394.459940 0.6946 0.6806 0.6506 0.6359 0.6324
1400.387120 0.6287 0.6280 0.6280 0.6280 0.6296
1406.314300 0.6316 0.6336 0.6364 0.6394 0.6455
1412.241480 0.6486 0.6537 0.6636 0.6738 0.6947
1418.168660 0.7085 0.7149 0.7175 0.7203 0.7233
1424.095840 0.7225 0.7220 0.7205 0.7185 0.7158
1430.023020 0.7150 0.7120 0.7073 0.7053 0.7050
1435.950200 0.7043 0.7011 0.6827 0.6595 0.6409
1441.877380 0.6105 0.5767 0.5467 0.5373 0.5363
1447.804560 0.5415 0.5577 0.5709 0.5809 0.5915
1453.731740 0.6025 0.6121 0.6224 0.6320 0.6403
1459.658920 0.6489 0.6559 0.6606 0.6646 0.6660
1465.586100 0.6705 0.6768 0.6815 0.6849 0.6860
1471.513280 0.6891 0.6997 0.7069 0.7080 0.7080
1477.440460 0.7074 0.7058 0.7032 0.7008 0.7000
1483.367640 0.6994 0.6990 0.6996 0.7029 0.7068
1489.294820 0.7103 0.7126 0.7181 0.7254 0.7308
1495.222000 0.7352 0.7392 0.7432 0.7483 0.7527
1501.149180 0.7567 0.7595 0.7600 0.7595 0.7585
1507.076360 0.7580 0.7575 0.7570 0.7570 0.7570
1513.003540 0.7570 0.7575 0.7585 0.7595 0.7620
1518.930720 0.7650 0.7665 0.7675 0.7680 0.7680
1524.857900 0.7680 0.7690 0.7705 0.7710 0.7715
1530.785080 0.7729 0.7740 0.7740 0.7745 0.7750
1536.712260 0.7759 0.7770 0.7770 0.7774 0.7780
1542.639440 0.7776 0.7761 0.7746 0.7736 0.7730
1548.566620 0.7730 0.7730 0.7746 0.7770 0.7762
1554.493800 0.7750 0.7746 0.7736 0.7730 0.7726
1560.420980 0.7724 0.7730 0.7730 0.7734 0.7744
1566.348160 0.7757 0.7770 0.7770 0.7777 0.7790
1572.275340 0.7797 0.7810 0.7810 0.7817 0.7830
1578.202520 0.7830 0.7823 0.7810 0.7807 0.7800
1584.129700 0.7797 0.7790 0.7790 0.7790 0.7790
1590.056880 0.7787 0.7777 0.7770 0.7758 0.7727
1595.984060 0.7720 0.7720 0.7720 0.7714 0.7703
1601.911240 0.7707 0.7700 0.7695 0.7680 0.7677
1607.838420 0.7670 0.7667 0.7660 0.7658 0.7650
1613.765600 0.7648 0.7640 0.7635 0.7620 0.7618
1619.692780 0.7608 0.7598 0.7588 0.7578 0.7570
1625.619960 0.7566 0.7548 0.7536 0.7520 0.7518
1631.547140 0.7508 0.7500 0.7496 0.7480 0.7478
1637.474320 0.7470 0.7470 0.7468 0.7462 0.7470
1643.401500 0.7470 0.7468 0.7460 0.7460 0.7460
1649.328680 0.7461 0.7469 0.7460 0.7460 0.7459
1655.255860 0.7450 0.7450 0.7449 0.7441 0.7451
1661.183040 0.7462 0.7480 0.7479 0.7470 0.7469
1667.110220 0.7460 0.7460 0.7459 0.7450 0.7449
1673.037400 0.7439 0.7418 0.7390 0.7389 0.7379
1678.964580 0.7368 0.7339 0.7329 0.7320 0.7309
1684.891760 0.7280 0.7270 0.7260 0.7250 0.7250
1690.818940 0.7239 0.7220 0.7220 0.7240 0.7220
1696.746120 0.7180 0.7130 0.7060 0.7010 0.7000
1702.673300 0.6990 0.6921 0.6880 0.6880 0.6880
1708.600480 0.6870 0.6860 0.6850 0.6792 0.6761
1714.527660 0.6741 0.6673 0.6488 0.6375 0.6237
1720.454840 0.6041 0.5833 0.5680 0.5557 0.5438
1726.382020 0.5300 0.5105 0.4804 0.4532 0.4345
1732.309200 0.4020 0.3654 0.3277 0.2578 0.2284
1738.236380 0.2215 0.2094 0.2018 0.1983 0.1962
1744.163560 0.1960 0.1977 0.2067 0.2185 0.2461
1750.090740 0.2708 0.2895 0.3075 0.3262 0.3460
1756.017920 0.3676 0.4106 0.4389 0.4665 0.4961
1761.945100 0.5260 0.5584 0.5846 0.6046 0.6203
1767.872280 0.6328 0.6431 0.6522 0.6629 0.6755
1773.799460 0.6900 0.6946 0.6974 0.6980 0.7004
1779.726640 0.7018 0.7051 0.7075 0.7111 0.7135
1785.653820 0.7148 0.7158 0.7175 0.7195 0.7200
1791.581000 0.7215 0.7242 0.7257 0.7267 0.7277
1797.508180 0.7302 0.7325 0.7330 0.7337 0.7347
1803.435360 0.7350 0.7350 0.7364 0.7370 0.7370
1809.362540 0.7370 0.7370 0.7370 0.7370 0.7370
1815.289720 0.7370 0.7370 0.7370 0.7370 0.7370
1821.216900 0.7370 0.7370 0.7370 0.7370 0.7377
1827.144080 0.7380 0.7386 0.7390 0.7390 0.7396
1833.071260 0.7400 0.7406 0.7410 0.7416 0.7420
1838.998440 0.7439 0.7450 0.7450 0.7450 0.7450
1844.925620 0.7450 0.7450 0.7450 0.7450 0.7456
1850.852800 0.7460 0.7460 0.7460 0.7460 0.7460
1856.779980 0.7460 0.7460 0.7466 0.7476 0.7480
1862.707160 0.7480 0.7491 0.7505 0.7515 0.7520
1868.634340 0.7515 0.7510 0.7505 0.7505 0.7510
1874.561520 0.7510 0.7510 0.7510 0.7510 0.7515
1880.488700 0.7525 0.7530 0.7530 0.7530 0.7530
1886.415880 0.7530 0.7525 0.7515 0.7496 0.7480
1892.343060 0.7480 0.7480 0.7480 0.7480 0.7480
1898.270240 0.7480 0.7480 0.7489 0.7500 0.7500
1904.197420 0.7500 0.7500 0.7500 0.7500 0.7500
1910.124600 0.7500 0.7479 0.7450 0.7450 0.7450
1916.051780 0.7450 0.7454 0.7468 0.7488 0.7508
1921.978960 0.7520 0.7505 0.7480 0.7480 0.7488
1927.906140 0.7508 0.7524 0.7530 0.7534 0.7540
1933.833320 0.7540 0.7540 0.7540 0.7544 0.7546
1939.760500 0.7543 0.7557 0.7573 0.7580 0.7583
1945.687680 0.7590 0.7593 0.7600 0.7597 0.7577
1951.614860 0.7550 0.7544 0.7530 0.7530 0.7530
1957.542040 0.7524 0.7510 0.7510 0.7510 0.7510
1963.469220 0.7507 0.7500 0.7500 0.7500 0.7500
1969.396400 0.7500 0.7505 0.7525 0.7540 0.7543
1975.323580 0.7548 0.7533 0.7503 0.7478 0.7468
1981.250760 0.7458 0.7448 0.7440 0.7442 0.7452
1987.177940 0.7460 0.7462 0.7472 0.7484 0.7500
1993.105120 0.7500 0.7496 0.7480 0.7478 0.7468
1999.032300 0.7458 0.7450 0.7448 0.7440 0.7436
2004.959480 0.7420 0.7420 0.7420 0.7420 0.7420
2010.886660 0.7429 0.7470 0.7468 0.7458 0.7450
2016.813840 0.7448 0.7440 0.7440 0.7440 0.7436
2022.741020 0.7420 0.7420 0.7420 0.7418 0.7410
2028.668200 0.7410 0.7410 0.7408 0.7400 0.7400
2034.595380 0.7400 0.7400 0.7400 0.7402 0.7412
2040.522560 0.7425 0.7450 0.7450 0.7450 0.7450
2046.449740 0.7450 0.7450 0.7450 0.7452 0.7460
2052.376920 0.7458 0.7448 0.7440 0.7436 0.7420
2058.304100 0.7420 0.7420 0.7418 0.7410 0.7410
2064.231280 0.7410 0.7410 0.7410 0.7410 0.7410
2070.158460 0.7412 0.7420 0.7424 0.7440 0.7442
2076.085640 0.7450 0.7450 0.7450 0.7450 0.7450
2082.012820 0.7450 0.7450 0.7450 0.7450 0.7450
2087.940000 0.7450 0.7450 0.7450 0.7450 0.7448
2093.867180 0.7436 0.7420 0.7418 0.7410 0.7408
2099.794360 0.7400 0.7398 0.7390 0.7386 0.7366
2105.721540 0.7350 0.7350 0.7354 0.7375 0.7402
2111.648720 0.7410 0.7408 0.7400 0.7400 0.7398
2117.575900 0.7392 0.7400 0.7398 0.7388 0.7378
2123.503080 0.7365 0.7340 0.7338 0.7330 0.7328
2129.430260 0.7320 0.7331 0.7382 0.7394 0.7410
2135.357440 0.7410 0.7410 0.7410 0.7410 0.7410
2141.284620 0.7410 0.7404 0.7378 0.7370 0.7372
2147.211800 0.7378 0.7370 0.7370 0.7370 0.7370
2153.138980 0.7372 0.7384 0.7400 0.7400 0.7400
2159.066160 0.7400 0.7400 0.7400 0.7400 0.7400
2164.993340 0.7400 0.7400 0.7400 0.7400 0.7400
2170.920520 0.7400 0.7400 0.7400 0.7400 0.7398
2176.847700 0.7386 0.7370 0.7366 0.7350 0.7350
2182.774880 0.7354 0.7370 0.7372 0.7382 0.7392
2188.702060 0.7400 0.7398 0.7392 0.7402 0.7408
2194.629240 0.7400 0.7400 0.7400 0.7400 0.7398
2200.556420 0.7388 0.7378 0.7366 0.7348 0.7340
2206.483600 0.7340 0.7338 0.7330 0.7328 0.7320
2212.410780 0.7320 0.7320 0.7322 0.7332 0.7340
2218.337960 0.7340 0.7340 0.7338 0.7330 0.7330
2224.265140 0.7330 0.7330 0.7330 0.7330 0.7330
2230.192320 0.7330 0.7330 0.7330 0.7332 0.7340
2236.119500 0.7340 0.7340 0.7340 0.7340 0.7338
2242.046680 0.7330 0.7332 0.7342 0.7354 0.7370
2247.973860 0.7374 0.7390 0.7388 0.7378 0.7372
2253.901040 0.7380 0.7380 0.7378 0.7370 0.7370
2259.828220 0.7370 0.7374 0.7390 0.7390 0.7390
2265.755400 0.7386 0.7370 0.7366 0.7350 0.7348
2271.682580 0.7340 0.7342 0.7350 0.7350 0.7354
2277.609760 0.7370 0.7370 0.7370 0.7370 0.7370
2283.536940 0.7366 0.7350 0.7350 0.7350 0.7350
2289.464120 0.7350 0.7350 0.7350 0.7350 0.7350
2295.391300 0.7350 0.7350 0.7354 0.7366 0.7350
2301.318480 0.7350 0.7350 0.7354 0.7372 0.7382
2307.245660 0.7390 0.7390 0.7390 0.7390 0.7381
2313.172840 0.7340 0.7340 0.7338 0.7330 0.7330
2319.100020 0.7328 0.7320 0.7320 0.7318 0.7306
2325.027200 0.7290 0.7290 0.7286 0.7270 0.7270
2330.954380 0.7270 0.7272 0.7282 0.7290 0.7294
2336.881560 0.7312 0.7320 0.7320 0.7320 0.7320
2342.808740 0.7320 0.7320 0.7320 0.7318 0.7310
2348.735920 0.7310 0.7312 0.7320 0.7318 0.7306
2354.663100 0.7288 0.7280 0.7280 0.7280 0.7280
2360.590280 0.7280 0.7280 0.7280 0.7280 0.7280
2366.517460 0.7282 0.7290 0.7290 0.7290 0.7294
2372.444640 0.7310 0.7310 0.7310 0.7310 0.7312
2378.371820 0.7318 0.7310 0.7310 0.7310 0.7310
2384.299000 0.7312 0.7322 0.7332 0.7342 0.7350
2390.226180 0.7350 0.7355 0.7380 0.7380 0.7382
2396.153360 0.7392 0.7400 0.7400 0.7398 0.7388
2402.080540 0.7378 0.7366 0.7350 0.7350 0.7350
2408.007720 0.7350 0.7350 0.7350 0.7350 0.7354
2413.934900 0.7372 0.7380 0.7378 0.7366 0.7348
2419.862080 0.7340 0.7338 0.7328 0.7318 0.7310
2425.789260 0.7310 0.7310 0.7310 0.7310 0.7306
2431.716440 0.7288 0.7280 0.7282 0.7290 0.7290
2437.643620 0.7290 0.7290 0.7290 0.7290 0.7290
2443.570800 0.7290 0.7290 0.7288 0.7280 0.7280
2449.497980 0.7280 0.7280 0.7280 0.7280 0.7280
2455.425160 0.7280 0.7280 0.7280 0.7282 0.7290
2461.352340 0.7290 0.7290 0.7294 0.7312 0.7320
2467.279520 0.7320 0.7322 0.7330 0.7332 0.7338
2473.206700 0.7330 0.7330 0.7330 0.7332 0.7338
2479.133880 0.7330 0.7330 0.7330 0.7330 0.7330
2485.061060 0.7330 0.7330 0.7328 0.7320 0.7320
2490.988240 0.7318 0.7310 0.7310 0.7306 0.7290
2496.915420 0.7290 0.7288 0.7280 0.7280 0.7280
2502.842600 0.7278 0.7270 0.7270 0.7270 0.7270
2508.769780 0.7270 0.7272 0.7280 0.7280 0.7280
2514.696960 0.7280 0.7280 0.7280 0.7280 0.7282
2520.624140 0.7290 0.7290 0.7290 0.7290 0.7290
2526.551320 0.7294 0.7310 0.7310 0.7312 0.7322
2532.478500 0.7330 0.7330 0.7330 0.7330 0.7328
2538.405680 0.7318 0.7306 0.7288 0.7275 0.7250
2544.332860 0.7250 0.7250 0.7250 0.7250 0.7250
2550.260040 0.7248 0.7240 0.7244 0.7260 0.7260
2556.187220 0.7258 0.7250 0.7250 0.7250 0.7252
2562.114400 0.7262 0.7270 0.7272 0.7278 0.7272
2568.041580 0.7280 0.7280 0.7280 0.7280 0.7280
2573.968760 0.7280 0.7280 0.7280 0.7280 0.7280
2579.895940 0.7280 0.7280 0.7282 0.7290 0.7294
2585.823120 0.7306 0.7290 0.7290 0.7290 0.7290
2591.750300 0.7290 0.7288 0.7276 0.7260 0.7260
2597.677480 0.7260 0.7260 0.7260 0.7262 0.7270
2603.604660 0.7270 0.7270 0.7270 0.7270 0.7268
2609.531840 0.7262 0.7270 0.7270 0.7270 0.7270
2615.459020 0.7270 0.7272 0.7280 0.7280 0.7278
2621.386200 0.7270 0.7270 0.7270 0.7272 0.7280
2627.313380 0.7280 0.7282 0.7290 0.7290 0.7294
2633.240560 0.7306 0.7290 0.7295 0.7320 0.7320
2639.167740 0.7320 0.7318 0.7310 0.7310 0.7310
2645.094920 0.7310 0.7310 0.7310 0.7310 0.7310
2651.022100 0.7310 0.7310 0.7306 0.7290 0.7286
2656.949280 0.7268 0.7258 0.7250 0.7248 0.7240
2662.876460 0.7240 0.7240 0.7242 0.7250 0.7250
2668.803640 0.7250 0.7248 0.7240 0.7236 0.7220
2674.730820 0.7218 0.7208 0.7200 0.7198 0.7190
2680.658000 0.7188 0.7176 0.7158 0.7150 0.7148
2686.585180 0.7140 0.7140 0.7138 0.7130 0.7130
2692.512360 0.7128 0.7120 0.7120 0.7122 0.7130
2698.439540 0.7130 0.7130 0.7130 0.7130 0.7130
2704.366720 0.7130 0.7132 0.7140 0.7140 0.7140
2710.293900 0.7140 0.7140 0.7140 0.7140 0.7140
2716.221080 0.7140 0.7140 0.7140 0.7140 0.7140
2722.148260 0.7140 0.7138 0.7130 0.7128 0.7120
2728.075440 0.7118 0.7110 0.7106 0.7090 0.7090
2734.002620 0.7090 0.7090 0.7090 0.7090 0.7090
2739.929800 0.7090 0.7090 0.7090 0.7090 0.7088
2745.856980 0.7080 0.7080 0.7080 0.7080 0.7080
2751.784160 0.7080 0.7080 0.7080 0.7082 0.7090
2757.711340 0.7094 0.7110 0.7110 0.7110 0.7112
2763.638520 0.7120 0.7120 0.7120 0.7120 0.7120
2769.565700 0.7120 0.7120 0.7120 0.7120 0.7120
2775.492880 0.7120 0.7120 0.7120 0.7120 0.7118
2781.420060 0.7110 0.7110 0.7110 0.7105 0.7080
2787.347240 0.7078 0.7070 0.7070 0.7068 0.7060
2793.274420 0.7060 0.7058 0.7050 0.7048 0.7036
2799.201600 0.7018 0.7008 0.7000 0.6998 0.6988
2805.128780 0.6976 0.6958 0.6950 0.6948 0.6940
2811.055960 0.6938 0.6930 0.6928 0.6920 0.6920
2816.983140 0.6918 0.6910 0.6910 0.6906 0.6890
2822.910320 0.6894 0.6906 0.6890 0.6890 0.6888
2828.837500 0.6882 0.6890 0.6894 0.6910 0.6910
2834.764680 0.6906 0.6890 0.6888 0.6880 0.6878
2840.691860 0.6868 0.6860 0.6860 0.6860 0.6858
2846.619040 0.6846 0.6830 0.6830 0.6830 0.6828
2852.546220 0.6820 0.6820 0.6818 0.6810 0.6810
2858.473400 0.6808 0.6800 0.6800 0.6800 0.6800
2864.400580 0.6800 0.6798 0.6790 0.6788 0.6773
2870.327760 0.6736 0.6715 0.6686 0.6668 0.6658
2876.254940 0.6650 0.6646 0.6630 0.6630 0.6628
2882.182120 0.6618 0.6608 0.6598 0.6588 0.6576
2888.109300 0.6556 0.6536 0.6516 0.6496 0.6478
2894.036480 0.6466 0.6443 0.6406 0.6386 0.6366
2899.963660 0.6346 0.6328 0.6315 0.6286 0.6257
2905.890840 0.6189 0.6129 0.6073 0.6036 0.6016
2911.818020 0.5998 0.5983 0.5946 0.5930 0.5926
2917.745200 0.5908 0.5898 0.5888 0.5878 0.5868
2923.672380 0.5860 0.5860 0.5860 0.5856 0.5840
2929.599560 0.5840 0.5840 0.5840 0.5840 0.5840
2935.526740 0.5840 0.5840 0.5840 0.5840 0.5836
2941.453920 0.5818 0.5803 0.5765 0.5738 0.5726
2947.381100 0.5706 0.5688 0.5678 0.5668 0.5656
2953.308280 0.5640 0.5638 0.5628 0.5618 0.5608
2959.235460 0.5600 0.5596 0.5578 0.5568 0.5560
2965.162640 0.5558 0.5548 0.5538 0.5526 0.5496
2971.089820 0.5426 0.5399 0.5348 0.5338 0.5325
2977.017000 0.5298 0.5286 0.5266 0.5248 0.5240
2982.944180 0.5238 0.5228 0.5218 0.5208 0.5196
2988.871360 0.5178 0.5170 0.5170 0.5170 0.5170
2994.798540 0.5175 0.5200 0.5202 0.5210 0.5214
3000.725720 0.5234 0.5254 0.5274 0.5292 0.5305
3006.652900 0.5334 0.5352 0.5364 0.5393 0.5457
3012.580080 0.5494 0.5515 0.5547 0.5585 0.5621
3018.507260 0.5686 0.5775 0.5858 0.5949 0.6005
3024.434440 0.6081 0.6143 0.6209 0.6254 0.6275
3030.361620 0.6305 0.6334 0.6354 0.6375 0.6404
3036.288800 0.6425 0.6454 0.6475 0.6505 0.6535
3042.215980 0.6564 0.6582 0.6594 0.6610 0.6612
3048.143160 0.6622 0.6635 0.6664 0.6684 0.6700
3054.070340 0.6700 0.6700 0.6704 0.6720 0.6722
3059.997520 0.6732 0.6744 0.6765 0.6792 0.6802
3065.924700 0.6812 0.6820 0.6822 0.6834 0.6852
3071.851880 0.6865 0.6890 0.6890 0.6890 0.6888
3077.779060 0.6882 0.6890 0.6894 0.6910 0.6912
3083.706240 0.6920 0.6920 0.6920 0.6920 0.6918
3089.633420 0.6910 0.6910 0.6906 0.6890 0.6890
3095.560600 0.6890 0.6890 0.6890 0.6890 0.6890
3101.487780 0.6890 0.6890 0.6890 0.6890 0.6894
3107.414960 0.6910 0.6910 0.6912 0.6920 0.6918
3113.342140 0.6910 0.6910 0.6910 0.6910 0.6910
3119.269320 0.6910 0.6910 0.6910 0.6910 0.6910
3125.196500 0.6910 0.6910 0.6910 0.6910 0.6906
3131.123680 0.6890 0.6888 0.6880 0.6880 0.6880
3137.050860 0.6880 0.6880 0.6880 0.6880 0.6880
3142.978040 0.6880 0.6880 0.6880 0.6880 0.6880
3148.905220 0.6880 0.6880 0.6880 0.6880 0.6880
3154.832400 0.6880 0.6880 0.6880 0.6880 0.6880
3160.759580 0.6885 0.6912 0.6920 0.6920 0.6918
3166.686760 0.6906 0.6888 0.6880 0.6882 0.6890
3172.613940 0.6888 0.6880 0.6880 0.6880 0.6880
3178.541120 0.6880 0.6878 0.6870 0.6870 0.6870
3184.468300 0.6870 0.6868 0.6860 0.6860 0.6860
3190.395480 0.6860 0.6860 0.6860 0.6860 0.6860
3196.322660 0.6862 0.6872 0.6882 0.6890 0.6894
3202.249840 0.6912 0.6924 0.6944 0.6960 0.6960
3208.177020 0.6960 0.6960 0.6960 0.6958 0.6946
3214.104200 0.6926 0.6906 0.6890 0.6890 0.6886
3220.031380 0.6870 0.6870 0.6868 0.6858 0.6846
3225.958560 0.6828 0.6820 0.6818 0.6810 0.6808
3231.885740 0.6798 0.6788 0.6780 0.6780 0.6780
3237.812920 0.6780 0.6780 0.6780 0.6780 0.6780
3243.740100 0.6780 0.6780 0.6780 0.6780 0.6780
3249.667280 0.6780 0.6780 0.6780 0.6780 0.6780
3255.594460 0.6780 0.6780 0.6776 0.6760 0.6758
3261.521640 0.6750 0.6750 0.6750 0.6750 0.6750
3267.448820 0.6750 0.6750 0.6750 0.6750 0.6750
3273.376000 0.6748 0.6740 0.6740 0.6740 0.6740
3279.303180 0.6740 0.6740 0.6740 0.6740 0.6740
3285.230360 0.6740 0.6740 0.6740 0.6742 0.6752
3291.157540 0.6760 0.6766 0.6792 0.6800 0.6800
3297.084720 0.6800 0.6800 0.6802 0.6810 0.6810
3303.011900 0.6810 0.6810 0.6810 0.6810 0.6810
3308.939080 0.6808 0.6798 0.6788 0.6776 0.6760
3314.866260 0.6758 0.6750 0.6750 0.6748 0.6740
3320.793440 0.6738 0.6730 0.6728 0.6720 0.6720
3326.720620 0.6720 0.6720 0.6720 0.6720 0.6720
3332.647800 0.6720 0.6720 0.6720 0.6720 0.6720
3338.574980 0.6720 0.6720 0.6720 0.6720 0.6720
3344.502160 0.6716 0.6700 0.6700 0.6700 0.6698
3350.429340 0.6690 0.6690 0.6690 0.6688 0.6680
3356.356520 0.6680 0.6680 0.6680 0.6680 0.6680
3362.283700 0.6680 0.6680 0.6680 0.6680 0.6680
3368.210880 0.6680 0.6680 0.6682 0.6692 0.6700
3374.138060 0.6700 0.6700 0.6700 0.6704 0.6720
3380.065240 0.6720 0.6720 0.6720 0.6720 0.6720
3385.992420 0.6720 0.6720 0.6716 0.6700 0.6700
3391.919600 0.6700 0.6698 0.6688 0.6680 0.6678
3397.846780 0.6670 0.6670 0.6670 0.6668 0.6660
3403.773960 0.6658 0.6650 0.6646 0.6630 0.6628
3409.701140 0.6620 0.6618 0.6610 0.6608 0.6598
3415.628320 0.6588 0.6580 0.6576 0.6560 0.6558
3421.555500 0.6548 0.6540 0.6538 0.6530 0.6528
3427.482680 0.6520 0.6516 0.6498 0.6488 0.6478
3433.409860 0.6470 0.6468 0.6458 0.6450 0.6446
3439.337040 0.6428 0.6420 0.6418 0.6408 0.6398
3445.264220 0.6390 0.6390 0.6386 0.6370 0.6370
3451.191400 0.6368 0.6360 0.6360 0.6360 0.6358
3457.118580 0.6350 0.6350 0.6348 0.6340 0.6340
3463.045760 0.6338 0.6330 0.6330 0.6330 0.6330
3468.972940 0.6330 0.6330 0.6330 0.6330 0.6330
3474.900120 0.6330 0.6330 0.6330 0.6330 0.6330
3480.827300 0.6330 0.6330 0.6330 0.6330 0.6330
3486.754480 0.6328 0.6320 0.6320 0.6320 0.6320
3492.681660 0.6320 0.6320 0.6320 0.6320 0.6320
3498.608840 0.6320 0.6320 0.6320 0.6322 0.6330
3504.536020 0.6332 0.6340 0.6340 0.6342 0.6350
3510.463200 0.6350 0.6352 0.6360 0.6360 0.6360
3516.390380 0.6360 0.6360 0.6360 0.6362 0.6370
3522.317560 0.6370 0.6370 0.6370 0.6370 0.6370
3528.244740 0.6368 0.6360 0.6358 0.6350 0.6348
3534.171920 0.6338 0.6330 0.6330 0.6330 0.6328
3540.099100 0.6320 0.6320 0.6320 0.6316 0.6300
3546.026280 0.6300 0.6300 0.6300 0.6304 0.6320
3551.953460 0.6322 0.6330 0.6332 0.6340 0.6340
3557.880640 0.6342 0.6352 0.6360 0.6362 0.6370
3563.807820 0.6374 0.6390 0.6390 0.6392 0.6400
3569.735000 0.6400 0.6398 0.6390 0.6390 0.6390
3575.662180 0.6390 0.6390 0.6390 0.6392 0.6400
3581.589360 0.6404 0.6420 0.6422 0.6434 0.6450
3587.516540 0.6452 0.6460 0.6460 0.6460 0.6460
3593.443720 0.6458 0.6450 0.6450 0.6450 0.6452
3599.370900 0.6462 0.6470 0.6470 0.6470 0.6470
3605.298080 0.6470 0.6470 0.6470 0.6470 0.6468
3611.225260 0.6460 0.6460 0.6460 0.6460 0.6460
3617.152440 0.6460 0.6460 0.6458 0.6450 0.6450
3623.079620 0.6450 0.6446 0.6430 0.6430 0.6430
3629.006800 0.6430 0.6430 0.6430 0.6434 0.6450
3634.933980 0.6450 0.6450 0.6452 0.6460 0.6460
3640.861160 0.6462 0.6470 0.6472 0.6480 0.6482
3646.788340 0.6492 0.6500 0.6504 0.6520 0.6520
3652.715520 0.6522 0.6534 0.6550 0.6550 0.6550
3658.642700 0.6552 0.6560 0.6560 0.6564 0.6580
3664.569880 0.6580 0.6582 0.6590 0.6590 0.6590
3670.497060 0.6592 0.6600 0.6602 0.6610 0.6612
3676.424240 0.6620 0.6618 0.6614 0.6634 0.6652
3682.351420 0.6660 0.6660 0.6660 0.6660 0.6660
3688.278600 0.6662 0.6672 0.6682 0.6690 0.6692
3694.205780 0.6704 0.6722 0.6730 0.6730 0.6730
3700.132960 0.6730 0.6728 0.6716 0.6700 0.6700
3706.060140 0.6700 0.6698 0.6690 0.6688 0.6680
3711.987320 0.6680 0.6680 0.6680 0.6682 0.6695
3717.914500 0.6724 0.6742 0.6752 0.6760 0.6764
3723.841680 0.6782 0.6790 0.6792 0.6800 0.6802
3729.768860 0.6810 0.6812 0.6820 0.6820 0.6820
3735.696040 0.6820 0.6820 0.6820 0.6820 0.6818
3741.623220 0.6810 0.6810 0.6810 0.6808 0.6800
3747.550400 0.6798 0.6790 0.6790 0.6790 0.6790
3753.477580 0.6790 0.6790 0.6790 0.6790 0.6790
3759.404760 0.6790 0.6790 0.6790 0.6788 0.6780
3765.331940 0.6780 0.6782 0.6790 0.6790 0.6790
3771.259120 0.6790 0.6792 0.6800 0.6800 0.6800
3777.186300 0.6800 0.6802 0.6810 0.6810 0.6810
3783.113480 0.6810 0.6810 0.6810 0.6810 0.6810
3789.040660 0.6810 0.6810 0.6810 0.6810 0.6810
3794.967840 0.6810 0.6810 0.6810 0.6810 0.6808
3800.895020 0.6800 0.6798 0.6790 0.6790 0.6788
3806.822200 0.6780 0.6776 0.6760
##END=
