##TITLE=Aniline, N-Beta-cyanoethyl-
##JCAMP-DX=4.24
##DATA TYPE=INFRARED SPECTRUM
##CLASS=COBLENTZ III
##ORIGIN=MONSANTO (J. FREEMAN)
##OWNER=Copyright (C) 1987 by the Coblentz Society
Collection (C) 2018 copyright by the U.S. Secretary of Commerce
on behalf of the United States of America. All rights reserved.
##DATE=1959/03/10
##NAMES=3-anilinopropanenitrile
BENZENAMINE, N-(2-CYANOETHYL)-
##CAS REGISTRY NO=1075-76-9
##MOLFORM=C9 H10 N2
##SOURCE REFERENCE=COBLENTZ NO. 9277
##$NIST SOURCE=COBLENTZ
##$NIST IMAGE=cob9277
##SPECTROMETER/DATA SYSTEM=BECKMAN IR-4 (HYBRID PRISM-GRATING)
##INSTRUMENT PARAMETERS=NaCl PRISM
##STATE=SOLID (NUJOL MULL)
$$SPECTRAL CONTAMINATION DUE TO OIL AROUND 2900, 1450, 1380, 720 CM^-^1
##SAMPLING PROCEDURE=TRANSMISSION
##RESOLUTION=2
##DATA PROCESSING=DIGITIZED BY COBLENTZ SOCIETY (BATCH II) FROM HARD COPY
##XUNITS=1/CM
##YUNITS=TRANSMITTANCE
##XFACTOR=1.0
##YFACTOR=1
##FIRSTX=626
##LASTX=4000
##FIRSTY=0.9368
##MAXX=4000
##MINX=626
##MAXY=0.9736
##MINY=0
##NPOINTS=3375
##XYDATA=(X++(Y..Y))
626.000000 0.9368 0.9383 0.9399 0.9413 0.9427
631.000000 0.9442 0.9457 0.9479 0.9499 0.9517
636.000000 0.9537 0.9561 0.9585 0.9606 0.9627
641.000000 0.9644 0.9653 0.9671 0.9655 0.9651
646.000000 0.9636 0.9619 0.9603 0.9574 0.9544
651.000000 0.9509 0.9470 0.9431 0.9380 0.9329
656.000000 0.9263 0.9190 0.9108 0.9027 0.8946
661.000000 0.8856 0.8768 0.8741 0.8738 0.8740
666.000000 0.8728 0.8683 0.8630 0.8563 0.8483
671.000000 0.8402 0.8321 0.8231 0.8137 0.8043
676.000000 0.7933 0.7817 0.7681 0.7539 0.7374
681.000000 0.7202 0.6963 0.6709 0.6480 0.6190
686.000000 0.5882 0.5475 0.4854 0.4188 0.3552
691.000000 0.2918 0.2211 0.2057 0.2016 0.2179
696.000000 0.2856 0.3567 0.4277 0.4984 0.5689
701.000000 0.6340 0.6760 0.7119 0.7233 0.7272
706.000000 0.7289 0.7299 0.7297 0.7285 0.7263
711.000000 0.7228 0.7172 0.7089 0.6989 0.6881
716.000000 0.6753 0.6588 0.6450 0.6319 0.6171
721.000000 0.6042 0.5968 0.5965 0.5989 0.6012
726.000000 0.6034 0.6046 0.6047 0.6021 0.5956
731.000000 0.5874 0.5751 0.5619 0.5478 0.5320
736.000000 0.5150 0.4967 0.4774 0.4544 0.4310
741.000000 0.4076 0.3738 0.3267 0.2880 0.2494
746.000000 0.2108 0.1538 0.1311 0.1255 0.1238
751.000000 0.1569 0.1863 0.2156 0.2408 0.2402
756.000000 0.2286 0.2156 0.2026 0.1993 0.2990
761.000000 0.3644 0.4295 0.4945 0.5478 0.5749
766.000000 0.5994 0.6157 0.6271 0.6347 0.6409
771.000000 0.6461 0.6513 0.6554 0.6590 0.6616
776.000000 0.6643 0.6672 0.6704 0.6740 0.6777
781.000000 0.6815 0.6854 0.6885 0.6915 0.6940
786.000000 0.6958 0.6977 0.6993 0.6998 0.7004
791.000000 0.6996 0.7000 0.6996 0.6990 0.6977
796.000000 0.6964 0.6949 0.6933 0.6917 0.6902
801.000000 0.6880 0.6855 0.6823 0.6779 0.6727
806.000000 0.6658 0.6567 0.6487 0.6452 0.6447
811.000000 0.6462 0.6401 0.6565 0.6601 0.6601
816.000000 0.6568 0.6547 0.6471 0.6315 0.6040
821.000000 0.5765 0.5490 0.5216 0.5103 0.5136
826.000000 0.5504 0.5837 0.6169 0.6441 0.6579
831.000000 0.6657 0.6697 0.6719 0.6735 0.6748
836.000000 0.6760 0.6770 0.6778 0.6786 0.6795
841.000000 0.6805 0.6813 0.6821 0.6828 0.6835
846.000000 0.6841 0.6847 0.6851 0.6856 0.6860
851.000000 0.6864 0.6861 0.6871 0.6874 0.6869
856.000000 0.6861 0.6840 0.6820 0.6800 0.6779
861.000000 0.6756 0.6733 0.6710 0.6687 0.6660
866.000000 0.6617 0.6551 0.6450 0.6319 0.5999
871.000000 0.5640 0.5319 0.4997 0.4677 0.4357
876.000000 0.4038 0.3720 0.3537 0.3569 0.5153
881.000000 0.5522 0.5663 0.5770 0.5820 0.5831
886.000000 0.5818 0.5784 0.5806 0.5534 0.5389
891.000000 0.5244 0.5140 0.5141 0.5631 0.6013
896.000000 0.6409 0.6563 0.6635 0.6666 0.6607
901.000000 0.6674 0.6674 0.6663 0.6650 0.6634
906.000000 0.6617 0.6600 0.6578 0.6556 0.6534
911.000000 0.6515 0.6495 0.6475 0.6455 0.6437
916.000000 0.6421 0.6406 0.6390 0.6375 0.6359
921.000000 0.6345 0.6333 0.6323 0.6313 0.6304
926.000000 0.6296 0.6288 0.6282 0.6283 0.6283
931.000000 0.6284 0.6287 0.6303 0.6319 0.6335
936.000000 0.6350 0.6363 0.6376 0.6388 0.6400
941.000000 0.6412 0.6415 0.6417 0.6419 0.6422
946.000000 0.6423 0.6422 0.6421 0.6419 0.6406
951.000000 0.6392 0.6378 0.6354 0.6331 0.6308
956.000000 0.6285 0.6263 0.6241 0.6230 0.6228
961.000000 0.6265 0.6314 0.6356 0.6378 0.6378
966.000000 0.6365 0.6339 0.6310 0.6276 0.6238
971.000000 0.6191 0.6140 0.6111 0.6085 0.6087
976.000000 0.6105 0.6154 0.6204 0.6228 0.6223
981.000000 0.6196 0.6087 0.5916 0.5746 0.5576
986.000000 0.5407 0.5328 0.5356 0.6012 0.6533
991.000000 0.6760 0.6832 0.6860 0.6881 0.6912
996.000000 0.6889 0.6882 0.6865 0.6840 0.6800
1001.000000 0.6750 0.6704 0.6641 0.6567 0.6496
1006.000000 0.6439 0.6422 0.6429 0.6432 0.6472
1011.000000 0.6587 0.6697 0.6754 0.6771 0.6770
1016.000000 0.6779 0.6763 0.6752 0.6719 0.6680
1021.000000 0.6587 0.6483 0.6423 0.6398 0.6400
1026.000000 0.6331 0.6519 0.6608 0.6692 0.6774
1031.000000 0.6850 0.6896 0.6918 0.6949 0.6922
1036.000000 0.6911 0.6892 0.6871 0.6845 0.6822
1041.000000 0.6803 0.6780 0.6754 0.6724 0.6694
1046.000000 0.6659 0.6616 0.6572 0.6512 0.6440
1051.000000 0.6346 0.6250 0.6157 0.6027 0.5858
1056.000000 0.5689 0.5521 0.5497 0.5527 0.5684
1061.000000 0.5844 0.6005 0.6165 0.6326 0.6481
1066.000000 0.6545 0.6545 0.6534 0.6524 0.6559
1071.000000 0.6679 0.6778 0.6882 0.6986 0.7100
1076.000000 0.7188 0.7237 0.7276 0.7298 0.7285
1081.000000 0.7279 0.7268 0.7252 0.7237 0.7222
1086.000000 0.7204 0.7186 0.7166 0.7146 0.7126
1091.000000 0.7105 0.7084 0.7062 0.7041 0.7020
1096.000000 0.6999 0.6971 0.6941 0.6827 0.6534
1101.000000 0.6357 0.6221 0.6131 0.6041 0.5952
1106.000000 0.5812 0.5633 0.5501 0.5392 0.5299
1111.000000 0.5221 0.5143 0.5055 0.4950 0.4836
1116.000000 0.4772 0.4733 0.4726 0.4792 0.4710
1121.000000 0.5775 0.6276 0.6834 0.7000 0.7127
1126.000000 0.7351 0.7600 0.7679 0.7741 0.7775
1131.000000 0.7790 0.7797 0.7806 0.7797 0.7780
1136.000000 0.7759 0.7733 0.7705 0.7668 0.7621
1141.000000 0.7571 0.7524 0.7454 0.7359 0.7263
1146.000000 0.7174 0.7092 0.6860 0.6564 0.6268
1151.000000 0.5972 0.5835 0.5792 0.6318 0.6681
1156.000000 0.7043 0.7171 0.7168 0.7166 0.7205
1161.000000 0.7149 0.7137 0.7125 0.7108 0.7085
1166.000000 0.7059 0.7028 0.6988 0.6943 0.6875
1171.000000 0.6792 0.6681 0.6431 0.6156 0.5881
1176.000000 0.5613 0.5514 0.5512 0.5502 0.6385
1181.000000 0.6851 0.7316 0.7455 0.7483 0.7450
1186.000000 0.7439 0.7426 0.7407 0.7386 0.7356
1191.000000 0.7321 0.7280 0.7239 0.7183 0.7119
1196.000000 0.7051 0.6980 0.6910 0.6842 0.6774
1201.000000 0.6700 0.6606 0.6510 0.6416 0.6321
1206.000000 0.6189 0.5985 0.5726 0.5486 0.5261
1211.000000 0.5035 0.4810 0.4585 0.4331 0.4412
1216.000000 0.4719 0.5040 0.5361 0.5683 0.6003
1221.000000 0.6323 0.6489 0.6485 0.6480 0.6458
1226.000000 0.6311 0.6163 0.6015 0.5868 0.5722
1231.000000 0.5575 0.5428 0.5282 0.5136 0.4990
1236.000000 0.4854 0.4817 0.4828 0.4826 0.5178
1241.000000 0.5399 0.5619 0.5838 0.6020 0.6042
1246.000000 0.6050 0.6041 0.6042 0.6028 0.6009
1251.000000 0.5968 0.5880 0.5783 0.5687 0.5590
1256.000000 0.5495 0.5389 0.5211 0.5012 0.4811
1261.000000 0.4608 0.4407 0.4206 0.4005 0.3804
1266.000000 0.3604 0.3404 0.3204 0.3031 0.3030
1271.000000 0.2993 0.3532 0.3993 0.4454 0.4914
1276.000000 0.5373 0.5831 0.6288 0.6626 0.6632
1281.000000 0.6629 0.6569 0.6461 0.6351 0.6242
1286.000000 0.6134 0.6069 0.6073 0.6084 0.6126
1291.000000 0.6186 0.6233 0.6238 0.6237 0.6228
1296.000000 0.6129 0.5992 0.5855 0.5718 0.5582
1301.000000 0.5446 0.5310 0.5174 0.5039 0.4903
1306.000000 0.4771 0.4671 0.4565 0.4401 0.4229
1311.000000 0.4058 0.3886 0.3715 0.3544 0.3373
1316.000000 0.3203 0.3042 0.2912 0.2779 0.2572
1321.000000 0.2380 0.2246 0.2176 0.2128 0.2068
1326.000000 0.2118 0.2138 0.2300 0.2751 0.3209
1331.000000 0.3614 0.3754 0.3855 0.4074 0.4323
1336.000000 0.4571 0.4819 0.5547 0.6205 0.6395
1341.000000 0.6552 0.6675 0.6706 0.6737 0.6760
1346.000000 0.6772 0.6774 0.6782 0.6779 0.6769
1351.000000 0.6757 0.6735 0.6697 0.6665 0.6632
1356.000000 0.6596 0.6551 0.6505 0.6448 0.6386
1361.000000 0.6301 0.5977 0.5652 0.5328 0.5005
1366.000000 0.4682 0.4494 0.4523 0.4560 0.4598
1371.000000 0.4626 0.4631 0.4466 0.4237 0.4007
1376.000000 0.3778 0.3549 0.3320 0.3093 0.2865
1381.000000 0.2637 0.2519 0.2523 0.2696 0.3078
1386.000000 0.3473 0.3867 0.4260 0.4653 0.5045
1391.000000 0.5428 0.5609 0.5673 0.5729 0.5782
1396.000000 0.5805 0.5824 0.5841 0.5850 0.5818
1401.000000 0.5846 0.5418 0.5205 0.4993 0.4781
1406.000000 0.4568 0.4356 0.4145 0.3934 0.3729
1411.000000 0.3724 0.3821 0.3737 0.4470 0.4812
1416.000000 0.5153 0.5494 0.5835 0.6174 0.6514
1421.000000 0.6930 0.6909 0.6755 0.6538 0.6320
1426.000000 0.6104 0.5887 0.5670 0.5454 0.5238
1431.000000 0.5023 0.4807 0.4592 0.4378 0.4163
1436.000000 0.3949 0.3736 0.3522 0.3309 0.3096
1441.000000 0.2887 0.2740 0.2653 0.2573 0.2492
1446.000000 0.2395 0.2303 0.2230 0.2160 0.2089
1451.000000 0.1987 0.1846 0.1624 0.1514 0.1405
1456.000000 0.1297 0.1193 0.1107 0.1021 0.0929
1461.000000 0.0833 0.0736 0.0671 0.0655 0.0645
1466.000000 0.0647 0.0650 0.0654 0.0657 0.0663
1471.000000 0.0672 0.0683 0.0694 0.0706 0.0719
1476.000000 0.0738 0.0773 0.0810 0.0942 0.1371
1481.000000 0.1910 0.2576 0.3245 0.3832 0.4070
1486.000000 0.4078 0.4084 0.4086 0.4087 0.4075
1491.000000 0.3997 0.3919 0.3840 0.3762 0.3684
1496.000000 0.3645 0.3631 0.3615 0.3594 0.3577
1501.000000 0.3530 0.3436 0.3332 0.3229 0.3127
1506.000000 0.3100 0.3095 0.3111 0.3135 0.3269
1511.000000 0.3648 0.4099 0.4550 0.4745 0.4760
1516.000000 0.4756 0.4752 0.4722 0.4746 0.4484
1521.000000 0.4365 0.4247 0.4128 0.4010 0.3891
1526.000000 0.3773 0.3656 0.3538 0.3421 0.3303
1531.000000 0.3188 0.3114 0.3102 0.3167 0.3284
1536.000000 0.3566 0.3856 0.4146 0.4435 0.4723
1541.000000 0.5012 0.5299 0.5587 0.5875 0.6161
1546.000000 0.6448 0.6734 0.7019 0.7305 0.7590
1551.000000 0.7875 0.8110 0.8115 0.8116 0.8063
1556.000000 0.8105 0.8098 0.8090 0.8080 0.8022
1561.000000 0.7903 0.7783 0.7664 0.7545 0.7426
1566.000000 0.7307 0.7188 0.7069 0.6951 0.6833
1571.000000 0.6715 0.6597 0.6479 0.6361 0.6244
1576.000000 0.6127 0.6047 0.5983 0.5842 0.5660
1581.000000 0.5475 0.5291 0.5106 0.4922 0.4738
1586.000000 0.4554 0.4371 0.4187 0.4005 0.3822
1591.000000 0.3639 0.3457 0.3275 0.3093 0.2911
1596.000000 0.2729 0.2549 0.2368 0.2187 0.2006
1601.000000 0.1826 0.1658 0.1573 0.1577 0.1554
1606.000000 0.1897 0.2274 0.2650 0.3025 0.3400
1611.000000 0.3774 0.4149 0.4522 0.4895 0.5268
1616.000000 0.5640 0.6012 0.6383 0.6754 0.7124
1621.000000 0.7494 0.7863 0.8232 0.8601 0.8867
1626.000000 0.8998 0.9062 0.9111 0.9162 0.9215
1631.000000 0.9268 0.9320 0.9368 0.9409 0.9450
1636.000000 0.9483 0.9512 0.9541 0.9561 0.9579
1641.000000 0.9596 0.9613 0.9629 0.9645 0.9661
1646.000000 0.9675 0.9685 0.9696 0.9706 0.9712
1651.000000 0.9716 0.9719 0.9722 0.9723 0.9724
1656.000000 0.9724 0.9723 0.9722 0.9720 0.9719
1661.000000 0.9718 0.9736 0.9713 0.9710 0.9707
1666.000000 0.9702 0.9695 0.9687 0.9677 0.9666
1671.000000 0.9654 0.9641 0.9626 0.9611 0.9596
1676.000000 0.9577 0.9553 0.9528 0.9503 0.9476
1681.000000 0.9448 0.9421 0.9393 0.9364 0.9336
1686.000000 0.9308 0.9282 0.9257 0.9232 0.9207
1691.000000 0.9185 0.9165 0.9146 0.9131 0.9127
1696.000000 0.9127 0.9126 0.9126 0.9127 0.9127
1701.000000 0.9127 0.9129 0.9132 0.9134 0.9136
1706.000000 0.9138 0.9140 0.9141 0.9142 0.9144
1711.000000 0.9144 0.9145 0.9147 0.9148 0.9149
1716.000000 0.9151 0.9151 0.9147 0.9142 0.9136
1721.000000 0.9130 0.9123 0.9115 0.9108 0.9100
1726.000000 0.9093 0.9086 0.9078 0.9069 0.9059
1731.000000 0.9048 0.9038 0.9028 0.9016 0.9001
1736.000000 0.8983 0.8966 0.8949 0.8932 0.8915
1741.000000 0.8899 0.8881 0.8865 0.8848 0.8831
1746.000000 0.8815 0.8802 0.8789 0.8776 0.8763
1751.000000 0.8750 0.8737 0.8724 0.8710 0.8696
1756.000000 0.8683 0.8674 0.8667 0.8661 0.8656
1761.000000 0.8650 0.8644 0.8638 0.8632 0.8627
1766.000000 0.8620 0.8611 0.8597 0.8583 0.8565
1771.000000 0.8536 0.8495 0.8456 0.8419 0.8390
1776.000000 0.8369 0.8354 0.8347 0.8340 0.8335
1781.000000 0.8332 0.8329 0.8327 0.8325 0.8322
1786.000000 0.8320 0.8318 0.8316 0.8314 0.8312
1791.000000 0.8310 0.8308 0.8305 0.8304 0.8302
1796.000000 0.8299 0.8296 0.8293 0.8289 0.8285
1801.000000 0.8281 0.8277 0.8273 0.8270 0.8266
1806.000000 0.8262 0.8257 0.8250 0.8241 0.8234
1811.000000 0.8226 0.8218 0.8211 0.8202 0.8193
1816.000000 0.8183 0.8172 0.8161 0.8150 0.8137
1821.000000 0.8120 0.8102 0.8084 0.8065 0.8043
1826.000000 0.8019 0.7995 0.7970 0.7944 0.7914
1831.000000 0.7887 0.7861 0.7840 0.7834 0.7829
1836.000000 0.7826 0.7824 0.7821 0.7819 0.7817
1841.000000 0.7814 0.7813 0.7813 0.7814 0.7814
1846.000000 0.7815 0.7816 0.7818 0.7822 0.7826
1851.000000 0.7831 0.7836 0.7846 0.7859 0.7872
1856.000000 0.7886 0.7897 0.7904 0.7910 0.7916
1861.000000 0.7922 0.7927 0.7932 0.7936 0.7939
1866.000000 0.7940 0.7940 0.7938 0.7934 0.7929
1871.000000 0.7924 0.7918 0.7913 0.7908 0.7903
1876.000000 0.7897 0.7892 0.7885 0.7878 0.7872
1881.000000 0.7865 0.7859 0.7853 0.7846 0.7840
1886.000000 0.7833 0.7826 0.7820 0.7814 0.7807
1891.000000 0.7800 0.7792 0.7785 0.7778 0.7771
1896.000000 0.7764 0.7757 0.7750 0.7743 0.7735
1901.000000 0.7728 0.7722 0.7715 0.7708 0.7700
1906.000000 0.7692 0.7684 0.7675 0.7667 0.7658
1911.000000 0.7650 0.7642 0.7634 0.7625 0.7617
1916.000000 0.7608 0.7600 0.7591 0.7583 0.7575
1921.000000 0.7566 0.7557 0.7548 0.7540 0.7532
1926.000000 0.7523 0.7514 0.7506 0.7498 0.7489
1931.000000 0.7479 0.7469 0.7459 0.7449 0.7439
1936.000000 0.7429 0.7421 0.7415 0.7409 0.7404
1941.000000 0.7398 0.7392 0.7387 0.7382 0.7376
1946.000000 0.7370 0.7365 0.7359 0.7353 0.7349
1951.000000 0.7347 0.7349 0.7355 0.7361 0.7368
1956.000000 0.7376 0.7384 0.7392 0.7403 0.7413
1961.000000 0.7424 0.7433 0.7443 0.7451 0.7451
1966.000000 0.7452 0.7454 0.7454 0.7455 0.7455
1971.000000 0.7455 0.7455 0.7453 0.7451 0.7449
1976.000000 0.7447 0.7445 0.7443 0.7441 0.7439
1981.000000 0.7436 0.7434 0.7431 0.7429 0.7426
1986.000000 0.7424 0.7421 0.7419 0.7416 0.7413
1991.000000 0.7410 0.7407 0.7404 0.7401 0.7398
1996.000000 0.7396 0.7392 0.7383 0.7372 0.7359
2001.000000 0.7345 0.7332 0.7319 0.7306 0.7294
2006.000000 0.7285 0.7279 0.7276 0.7272 0.7268
2011.000000 0.7264 0.7259 0.7255 0.7253 0.7250
2016.000000 0.7248 0.7246 0.7244 0.7241 0.7239
2021.000000 0.7237 0.7234 0.7231 0.7228 0.7226
2026.000000 0.7223 0.7221 0.7218 0.7216 0.7213
2031.000000 0.7210 0.7207 0.7204 0.7200 0.7197
2036.000000 0.7194 0.7190 0.7187 0.7184 0.7180
2041.000000 0.7177 0.7174 0.7171 0.7167 0.7164
2046.000000 0.7161 0.7157 0.7154 0.7150 0.7147
2051.000000 0.7144 0.7140 0.7137 0.7133 0.7130
2056.000000 0.7126 0.7122 0.7118 0.7114 0.7110
2061.000000 0.7107 0.7102 0.7098 0.7095 0.7091
2066.000000 0.7087 0.7083 0.7079 0.7075 0.7072
2071.000000 0.7068 0.7064 0.7060 0.7056 0.7052
2076.000000 0.7048 0.7044 0.7041 0.7037 0.7033
2081.000000 0.7029 0.7025 0.7020 0.7016 0.7012
2086.000000 0.7007 0.7003 0.6999 0.6994 0.6990
2091.000000 0.6985 0.6981 0.6977 0.6973 0.6968
2096.000000 0.6964 0.6960 0.6955 0.6951 0.6947
2101.000000 0.6944 0.6941 0.6937 0.6934 0.6930
2106.000000 0.6927 0.6923 0.6919 0.6916 0.6913
2111.000000 0.6909 0.6906 0.6902 0.6899 0.6895
2116.000000 0.6891 0.6887 0.6882 0.6878 0.6873
2121.000000 0.6868 0.6864 0.6859 0.6854 0.6849
2126.000000 0.6845 0.6840 0.6835 0.6831 0.6826
2131.000000 0.6821 0.6816 0.6812 0.6807 0.6802
2136.000000 0.6798 0.6793 0.6788 0.6783 0.6779
2141.000000 0.6774 0.6769 0.6764 0.6759 0.6754
2146.000000 0.6749 0.6744 0.6739 0.6734 0.6730
2151.000000 0.6725 0.6720 0.6715 0.6710 0.6705
2156.000000 0.6700 0.6696 0.6691 0.6686 0.6682
2161.000000 0.6677 0.6673 0.6668 0.6663 0.6658
2166.000000 0.6654 0.6650 0.6645 0.6640 0.6635
2171.000000 0.6631 0.6627 0.6622 0.6617 0.6612
2176.000000 0.6607 0.6602 0.6597 0.6592 0.6586
2181.000000 0.6581 0.6576 0.6571 0.6566 0.6561
2186.000000 0.6556 0.6551 0.6545 0.6540 0.6535
2191.000000 0.6530 0.6525 0.6519 0.6514 0.6509
2196.000000 0.6504 0.6499 0.6493 0.6488 0.6483
2201.000000 0.6478 0.6473 0.6467 0.6461 0.6455
2206.000000 0.6449 0.6443 0.6436 0.6430 0.6424
2211.000000 0.6418 0.6412 0.6405 0.6399 0.6391
2216.000000 0.6383 0.6375 0.6368 0.6360 0.6352
2221.000000 0.6343 0.6335 0.6327 0.6319 0.6311
2226.000000 0.6302 0.6293 0.6285 0.6276 0.6268
2231.000000 0.6259 0.6251 0.6240 0.6228 0.6216
2236.000000 0.6203 0.6191 0.6178 0.6164 0.6150
2241.000000 0.6133 0.6116 0.6052 0.5979 0.5892
2246.000000 0.5804 0.5715 0.5626 0.5537 0.5449
2251.000000 0.5360 0.5272 0.5184 0.5095 0.5007
2256.000000 0.4919 0.4863 0.4822 0.4849 0.4912
2261.000000 0.4808 0.5099 0.5199 0.5300 0.5400
2266.000000 0.5501 0.5601 0.5701 0.5801 0.5901
2271.000000 0.6001 0.6102 0.6202 0.6301 0.6389
2276.000000 0.6433 0.6471 0.6472 0.6489 0.6476
2281.000000 0.6477 0.6478 0.6478 0.6478 0.6478
2286.000000 0.6477 0.6477 0.6477 0.6477 0.6476
2291.000000 0.6476 0.6475 0.6474 0.6473 0.6471
2296.000000 0.6470 0.6469 0.6467 0.6466 0.6464
2301.000000 0.6462 0.6461 0.6459 0.6457 0.6455
2306.000000 0.6454 0.6452 0.6450 0.6449 0.6447
2311.000000 0.6446 0.6444 0.6443 0.6442 0.6440
2316.000000 0.6439 0.6437 0.6436 0.6435 0.6433
2321.000000 0.6432 0.6430 0.6429 0.6428 0.6426
2326.000000 0.6425 0.6424 0.6422 0.6420 0.6418
2331.000000 0.6417 0.6416 0.6414 0.6413 0.6411
2336.000000 0.6410 0.6409 0.6407 0.6406 0.6405
2341.000000 0.6404 0.6404 0.6404 0.6403 0.6402
2346.000000 0.6401 0.6401 0.6400 0.6399 0.6398
2351.000000 0.6398 0.6397 0.6396 0.6396 0.6395
2356.000000 0.6395 0.6394 0.6393 0.6392 0.6391
2361.000000 0.6390 0.6390 0.6389 0.6389 0.6388
2366.000000 0.6387 0.6387 0.6385 0.6383 0.6380
2371.000000 0.6375 0.6370 0.6365 0.6360 0.6353
2376.000000 0.6345 0.6334 0.6320 0.6306 0.6291
2381.000000 0.6277 0.6261 0.6245 0.6228 0.6210
2386.000000 0.6165 0.6092 0.6035 0.6033 0.6031
2391.000000 0.6029 0.6028 0.6027 0.6027 0.6026
2396.000000 0.6026 0.6025 0.6025 0.6024 0.6024
2401.000000 0.6024 0.6024 0.6024 0.6024 0.6024
2406.000000 0.6024 0.6024 0.6024 0.6025 0.6025
2411.000000 0.6024 0.6024 0.6024 0.6024 0.6024
2416.000000 0.6023 0.6023 0.6023 0.6023 0.6023
2421.000000 0.6022 0.6021 0.6020 0.6020 0.6019
2426.000000 0.6019 0.6018 0.6017 0.6016 0.6015
2431.000000 0.6015 0.6014 0.6014 0.6013 0.6011
2436.000000 0.6010 0.6008 0.6006 0.6005 0.6003
2441.000000 0.6002 0.6001 0.5999 0.5997 0.5996
2446.000000 0.5995 0.5993 0.5991 0.5988 0.5986
2451.000000 0.5983 0.5981 0.5978 0.5976 0.5973
2456.000000 0.5971 0.5969 0.5967 0.5965 0.5962
2461.000000 0.5960 0.5957 0.5955 0.5952 0.5949
2466.000000 0.5946 0.5942 0.5938 0.5935 0.5931
2471.000000 0.5927 0.5924 0.5921 0.5917 0.5913
2476.000000 0.5910 0.5906 0.5903 0.5899 0.5896
2481.000000 0.5892 0.5889 0.5885 0.5881 0.5877
2486.000000 0.5873 0.5870 0.5866 0.5862 0.5859
2491.000000 0.5855 0.5851 0.5847 0.5843 0.5840
2496.000000 0.5836 0.5832 0.5829 0.5825 0.5822
2501.000000 0.5818 0.5814 0.5809 0.5805 0.5801
2506.000000 0.5795 0.5789 0.5784 0.5779 0.5774
2511.000000 0.5769 0.5763 0.5758 0.5753 0.5747
2516.000000 0.5742 0.5737 0.5732 0.5726 0.5721
2521.000000 0.5716 0.5710 0.5704 0.5697 0.5691
2526.000000 0.5685 0.5679 0.5673 0.5667 0.5661
2531.000000 0.5655 0.5648 0.5642 0.5636 0.5630
2536.000000 0.5624 0.5618 0.5612 0.5606 0.5600
2541.000000 0.5593 0.5588 0.5582 0.5576 0.5570
2546.000000 0.5563 0.5557 0.5551 0.5545 0.5539
2551.000000 0.5533 0.5527 0.5521 0.5515 0.5509
2556.000000 0.5503 0.5497 0.5491 0.5484 0.5477
2561.000000 0.5469 0.5462 0.5454 0.5446 0.5439
2566.000000 0.5431 0.5423 0.5416 0.5408 0.5401
2571.000000 0.5393 0.5386 0.5378 0.5371 0.5362
2576.000000 0.5353 0.5344 0.5335 0.5326 0.5316
2581.000000 0.5307 0.5298 0.5289 0.5280 0.5271
2586.000000 0.5264 0.5257 0.5250 0.5249 0.5247
2591.000000 0.5245 0.5243 0.5241 0.5239 0.5237
2596.000000 0.5236 0.5234 0.5232 0.5230 0.5229
2601.000000 0.5228 0.5227 0.5227 0.5227 0.5226
2606.000000 0.5226 0.5226 0.5226 0.5226 0.5225
2611.000000 0.5225 0.5225 0.5224 0.5224 0.5224
2616.000000 0.5223 0.5223 0.5222 0.5222 0.5222
2621.000000 0.5221 0.5221 0.5221 0.5220 0.5219
2626.000000 0.5219 0.5216 0.5214 0.5211 0.5209
2631.000000 0.5207 0.5204 0.5202 0.5199 0.5196
2636.000000 0.5193 0.5190 0.5186 0.5181 0.5177
2641.000000 0.5173 0.5169 0.5164 0.5158 0.5152
2646.000000 0.5146 0.5140 0.5134 0.5128 0.5122
2651.000000 0.5115 0.5109 0.5104 0.5098 0.5093
2656.000000 0.5088 0.5083 0.5078 0.5073 0.5068
2661.000000 0.5063 0.5058 0.5053 0.5048 0.5044
2666.000000 0.5040 0.5038 0.5035 0.5032 0.5029
2671.000000 0.5026 0.5024 0.5021 0.5018 0.5016
2676.000000 0.5013 0.5011 0.5008 0.5005 0.5002
2681.000000 0.4999 0.4997 0.4994 0.4992 0.4990
2686.000000 0.4989 0.4988 0.4987 0.4986 0.4985
2691.000000 0.4984 0.4983 0.4981 0.4980 0.4979
2696.000000 0.4978 0.4976 0.4973 0.4971 0.4968
2701.000000 0.4966 0.4963 0.4959 0.4951 0.4943
2706.000000 0.4934 0.4924 0.4914 0.4904 0.4895
2711.000000 0.4885 0.4876 0.4866 0.4857 0.4849
2716.000000 0.4843 0.4837 0.4835 0.4835 0.4835
2721.000000 0.4834 0.4834 0.4834 0.4834 0.4834
2726.000000 0.4834 0.4833 0.4833 0.4833 0.4833
2731.000000 0.4833 0.4833 0.4834 0.4835 0.4836
2736.000000 0.4837 0.4838 0.4839 0.4840 0.4841
2741.000000 0.4842 0.4844 0.4845 0.4847 0.4850
2746.000000 0.4852 0.4855 0.4858 0.4861 0.4864
2751.000000 0.4867 0.4871 0.4875 0.4880 0.4885
2756.000000 0.4890 0.4895 0.4900 0.4905 0.4910
2761.000000 0.4914 0.4919 0.4924 0.4930 0.4935
2766.000000 0.4939 0.4942 0.4946 0.4949 0.4951
2771.000000 0.4953 0.4955 0.4955 0.4955 0.4954
2776.000000 0.4953 0.4952 0.4951 0.4950 0.4949
2781.000000 0.4947 0.4946 0.4945 0.4943 0.4940
2786.000000 0.4937 0.4934 0.4931 0.4927 0.4924
2791.000000 0.4917 0.4909 0.4901 0.4880 0.4854
2796.000000 0.4828 0.4776 0.4704 0.4631 0.4573
2801.000000 0.4531 0.4489 0.4452 0.4425 0.4398
2806.000000 0.4370 0.4335 0.4300 0.4265 0.4220
2811.000000 0.4174 0.4129 0.4075 0.4020 0.3964
2816.000000 0.3898 0.3828 0.3757 0.3687 0.3616
2821.000000 0.3546 0.3475 0.3405 0.3335 0.3265
2826.000000 0.3194 0.3124 0.3054 0.2984 0.2914
2831.000000 0.2844 0.2775 0.2705 0.2635 0.2565
2836.000000 0.2496 0.2426 0.2357 0.2287 0.2218
2841.000000 0.2148 0.2079 0.2010 0.1940 0.1871
2846.000000 0.1802 0.1733 0.1664 0.1595 0.1526
2851.000000 0.1457 0.1388 0.1319 0.1250 0.1182
2856.000000 0.1113 0.1044 0.0976 0.0907 0.0839
2861.000000 0.0775 0.0715 0.0656 0.0606 0.0578
2866.000000 0.0550 0.0523 0.0504 0.0484 0.0465
2871.000000 0.0447 0.0431 0.0415 0.0371 0.0292
2876.000000 0.0213 0.0139 0.0095 0.0052 0.0009
2881.000000 0.0001 0.0001 0.0001 0.0001 0.0001
2886.000000 0.0001 0.0001 0.0001 0.0001 0.0001
2891.000000 0.0001 0.0001 0.0001 0.0001 0.0001
2896.000000 0.0001 0.0001 0.0001 0.0001 0.0001
2901.000000 0.0001 0.0001 0.0001 0.0001 0.0001
2906.000000 0.0001 0.0001 0.0001 0.0001 0.0001
2911.000000 0.0001 0.0001 0.0001 0.0000 0.0000
2916.000000 0.0000 0.0000 0.0000 0.0000 0.0000
2921.000000 0.0000 0.0000 0.0000 0.0000 0.0000
2926.000000 0.0000 0.0000 0.0000 0.0000 0.0000
2931.000000 0.0000 0.0000 0.0000 0.0000 0.0000
2936.000000 0.0000 0.0000 0.0000 0.0000 0.0000
2941.000000 0.0000 0.0000 0.0000 0.0000 0.0000
2946.000000 0.0000 0.0000 0.0000 0.0000 0.0000
2951.000000 0.0000 0.0000 0.0000 0.0000 0.0000
2956.000000 0.0000 0.0000 0.0000 0.0000 0.0000
2961.000000 0.0000 0.0000 0.0000 0.0000 0.0000
2966.000000 0.0000 0.0000 0.0000 0.0000 0.0000
2971.000000 0.0000 0.0000 0.0000 0.0000 0.0000
2976.000000 0.0000 0.0000 0.0000 0.0000 0.0000
2981.000000 0.0000 0.0000 0.0000 0.0022 0.0053
2986.000000 0.0085 0.0117 0.0157 0.0196 0.0236
2991.000000 0.0275 0.0314 0.0353 0.0392 0.0431
2996.000000 0.0470 0.0509 0.0548 0.0587 0.0626
3001.000000 0.0666 0.0717 0.0771 0.0826 0.0880
3006.000000 0.0932 0.0985 0.1037 0.1083 0.1123
3011.000000 0.1163 0.1204 0.1242 0.1281 0.1319
3016.000000 0.1358 0.1396 0.1435 0.1473 0.1507
3021.000000 0.1539 0.1571 0.1602 0.1634 0.1666
3026.000000 0.1698 0.1730 0.1763 0.1795 0.1828
3031.000000 0.1899 0.1988 0.2077 0.2164 0.2194
3036.000000 0.2225 0.2255 0.2285 0.2314 0.2342
3041.000000 0.2371 0.2395 0.2416 0.2438 0.2459
3046.000000 0.2480 0.2501 0.2522 0.2542 0.2558
3051.000000 0.2574 0.2590 0.2606 0.2621 0.2637
3056.000000 0.2652 0.2667 0.2682 0.2698 0.2713
3061.000000 0.2738 0.2763 0.2788 0.2814 0.2845
3066.000000 0.2876 0.2907 0.2945 0.2991 0.3037
3071.000000 0.3083 0.3109 0.3129 0.3149 0.3169
3076.000000 0.3181 0.3193 0.3205 0.3216 0.3225
3081.000000 0.3234 0.3243 0.3250 0.3255 0.3260
3086.000000 0.3265 0.3270 0.3275 0.3280 0.3284
3091.000000 0.3289 0.3294 0.3299 0.3303 0.3308
3096.000000 0.3313 0.3317 0.3322 0.3326 0.3331
3101.000000 0.3335 0.3340 0.3345 0.3350 0.3355
3106.000000 0.3361 0.3366 0.3372 0.3377 0.3383
3111.000000 0.3391 0.3398 0.3405 0.3421 0.3440
3116.000000 0.3459 0.3479 0.3488 0.3495 0.3502
3121.000000 0.3509 0.3512 0.3514 0.3517 0.3520
3126.000000 0.3520 0.3521 0.3522 0.3523 0.3523
3131.000000 0.3523 0.3523 0.3524 0.3524 0.3524
3136.000000 0.3524 0.3524 0.3524 0.3524 0.3524
3141.000000 0.3524 0.3524 0.3524 0.3524 0.3525
3146.000000 0.3525 0.3525 0.3525 0.3524 0.3524
3151.000000 0.3523 0.3523 0.3522 0.3522 0.3521
3156.000000 0.3521 0.3520 0.3520 0.3519 0.3519
3161.000000 0.3518 0.3517 0.3517 0.3516 0.3515
3166.000000 0.3515 0.3514 0.3514 0.3513 0.3513
3171.000000 0.3512 0.3512 0.3511 0.3511 0.3510
3176.000000 0.3510 0.3509 0.3509 0.3508 0.3508
3181.000000 0.3507 0.3507 0.3506 0.3506 0.3505
3186.000000 0.3505 0.3505 0.3505 0.3504 0.3504
3191.000000 0.3503 0.3503 0.3503 0.3503 0.3504
3196.000000 0.3505 0.3506 0.3506 0.3507 0.3507
3201.000000 0.3507 0.3508 0.3509 0.3510 0.3510
3206.000000 0.3511 0.3512 0.3513 0.3513 0.3513
3211.000000 0.3513 0.3512 0.3512 0.3510 0.3508
3216.000000 0.3506 0.3504 0.3502 0.3500 0.3497
3221.000000 0.3495 0.3493 0.3490 0.3487 0.3485
3226.000000 0.3482 0.3480 0.3477 0.3475 0.3472
3231.000000 0.3469 0.3465 0.3462 0.3458 0.3452
3236.000000 0.3446 0.3441 0.3435 0.3428 0.3421
3241.000000 0.3414 0.3407 0.3400 0.3393 0.3386
3246.000000 0.3379 0.3372 0.3365 0.3358 0.3350
3251.000000 0.3343 0.3336 0.3329 0.3322 0.3315
3256.000000 0.3307 0.3298 0.3290 0.3281 0.3273
3261.000000 0.3264 0.3255 0.3247 0.3238 0.3229
3266.000000 0.3221 0.3212 0.3203 0.3190 0.3176
3271.000000 0.3162 0.3149 0.3135 0.3121 0.3108
3276.000000 0.3094 0.3080 0.3066 0.3053 0.3039
3281.000000 0.3025 0.3012 0.2998 0.2984 0.2971
3286.000000 0.2958 0.2947 0.2935 0.2923 0.2913
3291.000000 0.2905 0.2897 0.2888 0.2880 0.2871
3296.000000 0.2862 0.2854 0.2845 0.2825 0.2804
3301.000000 0.2783 0.2761 0.2735 0.2704 0.2674
3306.000000 0.2643 0.2612 0.2581 0.2551 0.2520
3311.000000 0.2489 0.2459 0.2428 0.2398 0.2367
3316.000000 0.2337 0.2306 0.2275 0.2245 0.2214
3321.000000 0.2184 0.2153 0.2123 0.2093 0.2062
3326.000000 0.2032 0.2002 0.1972 0.1941 0.1911
3331.000000 0.1880 0.1850 0.1820 0.1789 0.1759
3336.000000 0.1729 0.1699 0.1671 0.1648 0.1625
3341.000000 0.1602 0.1579 0.1574 0.1574 0.1574
3346.000000 0.1574 0.1575 0.1575 0.1575 0.1575
3351.000000 0.1575 0.1636 0.1713 0.1791 0.1868
3356.000000 0.1969 0.2126 0.2283 0.2441 0.2598
3361.000000 0.1564 0.2912 0.3069 0.3226 0.3383
3366.000000 0.3539 0.3695 0.3852 0.4008 0.4146
3371.000000 0.4278 0.4409 0.4541 0.4648 0.4647
3376.000000 0.4647 0.4646 0.4645 0.4644 0.4643
3381.000000 0.4642 0.4641 0.4640 0.4638 0.4636
3386.000000 0.4635 0.4633 0.4630 0.4628 0.4626
3391.000000 0.4624 0.4622 0.4619 0.4615 0.4612
3396.000000 0.4609 0.4633 0.4600 0.4595 0.4590
3401.000000 0.4585 0.4578 0.4569 0.4560 0.4551
3406.000000 0.4542 0.4535 0.4527 0.4519 0.4511
3411.000000 0.4504 0.4498 0.4491 0.4485 0.4478
3416.000000 0.4472 0.4467 0.4461 0.4455 0.4449
3421.000000 0.4444 0.4440 0.4435 0.4430 0.4425
3426.000000 0.4420 0.4415 0.4410 0.4405 0.4400
3431.000000 0.4396 0.4391 0.4386 0.4382 0.4378
3436.000000 0.4373 0.4369 0.4365 0.4361 0.4356
3441.000000 0.4352 0.4348 0.4344 0.4340 0.4335
3446.000000 0.4331 0.4327 0.4323 0.4319 0.4315
3451.000000 0.4311 0.4307 0.4304 0.4300 0.4297
3456.000000 0.4294 0.4291 0.4288 0.4285 0.4282
3461.000000 0.4279 0.4276 0.4273 0.4270 0.4267
3466.000000 0.4264 0.4261 0.4258 0.4255 0.4252
3471.000000 0.4249 0.4246 0.4243 0.4239 0.4235
3476.000000 0.4231 0.4228 0.4224 0.4220 0.4216
3481.000000 0.4212 0.4208 0.4204 0.4200 0.4196
3486.000000 0.4192 0.4189 0.4185 0.4181 0.4177
3491.000000 0.4174 0.4170 0.4166 0.4162 0.4158
3496.000000 0.4154 0.4151 0.4147 0.4143 0.4140
3501.000000 0.4136 0.4132 0.4129 0.4125 0.4121
3506.000000 0.4118 0.4114 0.4110 0.4107 0.4103
3511.000000 0.4099 0.4096 0.4093 0.4090 0.4086
3516.000000 0.4083 0.4080 0.4077 0.4073 0.4070
3521.000000 0.4067 0.4064 0.4061 0.4058 0.4055
3526.000000 0.4052 0.4049 0.4046 0.4043 0.4040
3531.000000 0.4037 0.4034 0.4030 0.4027 0.4024
3536.000000 0.4021 0.4018 0.4015 0.4012 0.4009
3541.000000 0.4006 0.4003 0.4001 0.3999 0.3996
3546.000000 0.3994 0.3992 0.3990 0.3988 0.3987
3551.000000 0.3985 0.3983 0.3981 0.3979 0.3977
3556.000000 0.3975 0.3973 0.3971 0.3969 0.3967
3561.000000 0.3965 0.3963 0.3961 0.3960 0.3958
3566.000000 0.3956 0.3954 0.3952 0.3950 0.3948
3571.000000 0.3946 0.3944 0.3942 0.3940 0.3939
3576.000000 0.3937 0.3935 0.3933 0.3931 0.3929
3581.000000 0.3927 0.3925 0.3923 0.3921 0.3920
3586.000000 0.3918 0.3916 0.3914 0.3912 0.3910
3591.000000 0.3908 0.3905 0.3903 0.3902 0.3900
3596.000000 0.3898 0.3896 0.3894 0.3892 0.3889
3601.000000 0.3887 0.3885 0.3883 0.3881 0.3879
3606.000000 0.3877 0.3875 0.3874 0.3872 0.3870
3611.000000 0.3868 0.3866 0.3864 0.3862 0.3860
3616.000000 0.3858 0.3855 0.3853 0.3851 0.3850
3621.000000 0.3848 0.3846 0.3844 0.3842 0.3840
3626.000000 0.3838 0.3836 0.3834 0.3832 0.3831
3631.000000 0.3829 0.3827 0.3825 0.3823 0.3821
3636.000000 0.3820 0.3818 0.3816 0.3815 0.3813
3641.000000 0.3811 0.3809 0.3808 0.3806 0.3804
3646.000000 0.3802 0.3800 0.3799 0.3797 0.3795
3651.000000 0.3793 0.3792 0.3790 0.3788 0.3786
3656.000000 0.3785 0.3783 0.3781 0.3780 0.3778
3661.000000 0.3776 0.3774 0.3773 0.3771 0.3769
3666.000000 0.3767 0.3765 0.3764 0.3762 0.3760
3671.000000 0.3759 0.3757 0.3755 0.3754 0.3752
3676.000000 0.3750 0.3749 0.3747 0.3745 0.3744
3681.000000 0.3742 0.3740 0.3738 0.3737 0.3735
3686.000000 0.3733 0.3731 0.3729 0.3728 0.3726
3691.000000 0.3724 0.3723 0.3721 0.3719 0.3718
3696.000000 0.3716 0.3715 0.3713 0.3711 0.3710
3701.000000 0.3708 0.3706 0.3705 0.3703 0.3701
3706.000000 0.3700 0.3698 0.3696 0.3695 0.3693
3711.000000 0.3692 0.3690 0.3689 0.3688 0.3686
3716.000000 0.3684 0.3683 0.3681 0.3680 0.3678
3721.000000 0.3676 0.3675 0.3673 0.3671 0.3670
3726.000000 0.3668 0.3667 0.3665 0.3663 0.3662
3731.000000 0.3660 0.3658 0.3657 0.3655 0.3654
3736.000000 0.3652 0.3650 0.3649 0.3647 0.3646
3741.000000 0.3644 0.3642 0.3641 0.3639 0.3638
3746.000000 0.3636 0.3634 0.3633 0.3631 0.3630
3751.000000 0.3628 0.3627 0.3626 0.3624 0.3623
3756.000000 0.3622 0.3620 0.3619 0.3618 0.3617
3761.000000 0.3616 0.3614 0.3613 0.3612 0.3611
3766.000000 0.3609 0.3608 0.3607 0.3606 0.3604
3771.000000 0.3603 0.3602 0.3601 0.3599 0.3598
3776.000000 0.3597 0.3596 0.3595 0.3593 0.3592
3781.000000 0.3591 0.3590 0.3588 0.3587 0.3586
3786.000000 0.3585 0.3584 0.3582 0.3581 0.3580
3791.000000 0.3579 0.3577 0.3576 0.3575 0.3574
3796.000000 0.3573 0.3571 0.3570 0.3569 0.3568
3801.000000 0.3567 0.3565 0.3564 0.3563 0.3562
3806.000000 0.3561 0.3559 0.3558 0.3557 0.3556
3811.000000 0.3554 0.3553 0.3552 0.3551 0.3550
3816.000000 0.3548 0.3547 0.3546 0.3545 0.3544
3821.000000 0.3542 0.3541 0.3540 0.3539 0.3537
3826.000000 0.3536 0.3535 0.3533 0.3532 0.3531
3831.000000 0.3530 0.3528 0.3527 0.3526 0.3525
3836.000000 0.3523 0.3522 0.3521 0.3519 0.3518
3841.000000 0.3516 0.3515 0.3514 0.3512 0.3511
3846.000000 0.3510 0.3509 0.3507 0.3506 0.3505
3851.000000 0.3504 0.3503 0.3501 0.3500 0.3499
3856.000000 0.3497 0.3496 0.3495 0.3493 0.3492
3861.000000 0.3491 0.3489 0.3488 0.3486 0.3485
3866.000000 0.3484 0.3483 0.3482 0.3481 0.3479
3871.000000 0.3478 0.3477 0.3475 0.3474 0.3473
3876.000000 0.3471 0.3470 0.3469 0.3468 0.3467
3881.000000 0.3466 0.3464 0.3463 0.3462 0.3461
3886.000000 0.3459 0.3458 0.3457 0.3455 0.3454
3891.000000 0.3453 0.3452 0.3451 0.3450 0.3448
3896.000000 0.3447 0.3446 0.3445 0.3444 0.3443
3901.000000 0.3441 0.3440 0.3439 0.3437 0.3436
3906.000000 0.3435 0.3434 0.3432 0.3431 0.3430
3911.000000 0.3429 0.3428 0.3427 0.3426 0.3424
3916.000000 0.3423 0.3422 0.3421 0.3420 0.3419
3921.000000 0.3418 0.3417 0.3415 0.3414 0.3413
3926.000000 0.3412 0.3410 0.3409 0.3408 0.3407
3931.000000 0.3405 0.3404 0.3403 0.3402 0.3401
3936.000000 0.3400 0.3399 0.3397 0.3396 0.3395
3941.000000 0.3393 0.3392 0.3391 0.3389 0.3388
3946.000000 0.3387 0.3386 0.3384 0.3383 0.3382
3951.000000 0.3381 0.3379 0.3378 0.3377 0.3375
3956.000000 0.3374 0.3373 0.3372 0.3370 0.3369
3961.000000 0.3368 0.3366 0.3365 0.3364 0.3363
3966.000000 0.3362 0.3361 0.3360 0.3359 0.3357
3971.000000 0.3356 0.3355 0.3353 0.3352 0.3351
3976.000000 0.3350 0.3348 0.3347 0.3346 0.3345
3981.000000 0.3343 0.3342 0.3341 0.3340 0.3338
3986.000000 0.3337 0.3336 0.3335 0.3333 0.3332
3991.000000 0.3331 0.3330 0.3328 0.3327 0.3326
3996.000000 0.3325 0.3323 0.3322 0.3321 0.3320
##END=
