##TITLE=ACETIC ACID, PROPYL ESTER
##JCAMP-DX=4.24
##DATA TYPE=INFRARED SPECTRUM
##CLASS=COBLENTZ III
##ORIGIN=WESTERN REGIONAL RES. USDA
##OWNER=COBLENTZ SOCIETY
Collection (C) 2018 copyright by the U.S. Secretary of Commerce
on behalf of the United States of America. All rights reserved.
##DATE=1964/05/28
##NAMES=propyl acetate
##CAS REGISTRY NO=109-60-4
##MOLFORM=C5 H10 O2
##SOURCE REFERENCE=COBLENTZ NO. 6176
##$NIST SOURCE=COBLENTZ
##$NIST IMAGE=cob6176
##SPECTROMETER/DATA SYSTEM=BECKMAN IR-7 (GRATING)
##INSTRUMENT PARAMETERS=GRATING CHANGES AT 3000, 2200, 1150 CM^-^1
##STATE=SOLUTION (LESS THAN10% IN CCl4 FOR 4000-1330 CM^-^1, LESS THAN 10% IN CS2 FOR 1330-600 CM^-^1)
##PATH LENGTH=0.011 CM, 0.010 CM
$$SPECTRAL CONTAMINATION DUE TO CCl4 AROUND 1550, AND CS2 AROUND 855 CM^-^1
##SAMPLING PROCEDURE=TRANSMISSION
##RESOLUTION=4
##DATA PROCESSING=DIGITIZED BY NIST FROM HARD COPY (FROM TWO SEGMENTS)
##XUNITS=1/CM
##YUNITS=TRANSMITTANCE
##XFACTOR=1.000000
##YFACTOR=1
##DELTAX=0.649050
##FIRSTX=601.298
##LASTX=4007.51
##FIRSTY=0.571
##MAXX=4007.51
##MINX=601.298
##MAXY=0.868
##MINY=0
##NPOINTS=5249
##XYDATA=(X++(Y..Y))
601.298000 0.5710 0.5710 0.5720 0.5720 0.5730
604.543252 0.5730 0.5740 0.5750 0.5770 0.5780
607.788505 0.5790 0.5810 0.5820 0.5820 0.6019
611.033757 0.6239 0.6380 0.6380 0.6579 0.6779
614.279009 0.6980 0.7170 0.7170 0.7240 0.7320
617.524262 0.7390 0.7530 0.7550 0.7550 0.7600
620.769514 0.7650 0.7690 0.7790 0.7790 0.7810
624.014766 0.7830 0.7850 0.7890 0.7900 0.7910
627.260019 0.7910 0.7910 0.7890 0.7850 0.7800
630.505271 0.7760 0.7640 0.7550 0.7460 0.7370
633.750523 0.7290 0.7280 0.6881 0.6750 0.6560
636.995776 0.6460 0.6450 0.6450 0.6460 0.6520
640.241028 0.6590 0.6650 0.6720 0.6790 0.6850
643.486280 0.6920 0.7040 0.7050 0.7080 0.7120
646.731533 0.7160 0.7200 0.7240 0.7280 0.7320
649.976785 0.7350 0.7390 0.7420 0.7440 0.7470
653.222037 0.7500 0.7510 0.7530 0.7530 0.7540
656.467290 0.7550 0.7550 0.7550 0.7550 0.7560
659.712542 0.7560 0.7570 0.7570 0.7580 0.7630
662.957794 0.7670 0.7720 0.7770 0.7820 0.7870
666.203047 0.7910 0.7960 0.8050 0.8050 0.8080
669.448299 0.8100 0.8120 0.8140 0.8160 0.8180
672.693551 0.8210 0.8250 0.8250 0.8270 0.8290
675.938804 0.8310 0.8340 0.8360 0.8390 0.8390
679.184056 0.8420 0.8440 0.8460 0.8480 0.8490
682.429308 0.8500 0.8510 0.8520 0.8530 0.8540
685.674561 0.8540 0.8560 0.8560 0.8570 0.8580
688.919813 0.8590 0.8600 0.8610 0.8620 0.8630
692.165065 0.8630 0.8630 0.8630 0.8640 0.8650
695.410318 0.8650 0.8650 0.8650 0.8650 0.8650
698.655570 0.8650 0.8650 0.8650 0.8650 0.8650
701.900822 0.8650 0.8650 0.8650 0.8650 0.8640
705.146075 0.8640 0.8640 0.8640 0.8630 0.8630
708.391327 0.8630 0.8630 0.8620 0.8620 0.8610
711.636579 0.8610 0.8610 0.8600 0.8600 0.8590
714.881832 0.8580 0.8570 0.8560 0.8560 0.8540
718.127084 0.8530 0.8520 0.8510 0.8500 0.8500
721.372336 0.8520 0.8540 0.8580 0.8610 0.8670
724.617589 0.8660 0.8680 0.8680 0.8680 0.8680
727.862841 0.8680 0.8680 0.8680 0.8670 0.8670
731.108093 0.8660 0.8650 0.8640 0.8630 0.8620
734.353346 0.8610 0.8600 0.8590 0.8590 0.8590
737.598598 0.8580 0.8560 0.8560 0.8550 0.8540
740.843850 0.8530 0.8510 0.8490 0.8480 0.8460
744.089103 0.8450 0.8430 0.8410 0.8390 0.8380
747.334355 0.8360 0.8280 0.8200 0.8130 0.8060
750.579607 0.8000 0.7930 0.7850 0.7730 0.7650
753.824860 0.7580 0.7510 0.7440 0.7370 0.7360
757.070112 0.7360 0.7370 0.7410 0.7450 0.7530
760.315364 0.7620 0.7710 0.7870 0.7890 0.7930
763.560617 0.7980 0.8030 0.8070 0.8120 0.8170
766.805869 0.8210 0.8270 0.8350 0.8360 0.8390
770.051121 0.8410 0.8450 0.8470 0.8500 0.8530
773.296374 0.8540 0.8560 0.8570 0.8590 0.8620
776.541626 0.8630 0.8630 0.8650 0.8650 0.8650
779.786878 0.8650 0.8650 0.8650 0.8650 0.8650
783.032131 0.8650 0.8650 0.8630 0.8630 0.8620
786.277383 0.8610 0.8600 0.8590 0.8590 0.8580
789.522635 0.8570 0.8570 0.8570 0.8570 0.8570
792.767888 0.8570 0.8570 0.8570 0.8580 0.8590
796.013140 0.8590 0.8590 0.8590 0.8600 0.8600
799.258392 0.8600 0.8610 0.8610 0.8610 0.8610
802.503645 0.8610 0.8620 0.8620 0.8620 0.8620
805.748897 0.8620 0.8610 0.8610 0.8610 0.8610
808.994149 0.8600 0.8600 0.8590 0.8590 0.8580
812.239402 0.8580 0.8570 0.8570 0.8570 0.8560
815.484654 0.8560 0.8540 0.8520 0.8510 0.8500
818.729906 0.8480 0.8470 0.8460 0.8440 0.8430
821.975159 0.8410 0.8370 0.8330 0.8300 0.8270
825.220411 0.8230 0.8210 0.8180 0.8100 0.8050
828.465663 0.8000 0.7950 0.7870 0.7780 0.7490
831.710915 0.7430 0.7380 0.7330 0.7280 0.7220
834.956168 0.7170 0.7120 0.7060 0.7010 0.6960
838.201420 0.6900 0.6850 0.6800 0.6790 0.6790
841.446672 0.6850 0.6900 0.6960 0.7040 0.7140
844.691925 0.7150 0.7150 0.7150 0.7140 0.7110
847.937177 0.7080 0.7060 0.7040 0.7010 0.6990
851.182429 0.6960 0.6940 0.6920 0.6920 0.6860
854.427682 0.6810 0.6790 0.6780 0.6760 0.6750
857.672934 0.6740 0.6720 0.6720 0.6710 0.6700
860.918186 0.6700 0.6700 0.6690 0.6690 0.6690
864.163439 0.6690 0.6700 0.6710 0.6720 0.6720
867.408691 0.6750 0.6770 0.6780 0.6800 0.6810
870.653943 0.6830 0.6840 0.6850 0.6860 0.6870
873.899196 0.6870 0.6870 0.6860 0.6850 0.6830
877.144448 0.6810 0.6790 0.6780 0.6770 0.6760
880.389700 0.6710 0.6670 0.6620 0.6580 0.6540
883.634953 0.6430 0.6310 0.6250 0.6160 0.6090
886.880205 0.6000 0.5930 0.5840 0.5770 0.5680
890.125457 0.5610 0.5480 0.5470 0.5470 0.5480
893.370710 0.5500 0.5610 0.5670 0.5720 0.5780
896.615962 0.5820 0.5880 0.5930 0.5970 0.6070
899.861214 0.6160 0.6170 0.6160 0.6150 0.6110
903.106467 0.6060 0.5990 0.5910 0.5830 0.5750
906.351719 0.5680 0.5670 0.5670 0.5680 0.5720
909.596971 0.5790 0.5910 0.6020 0.6140 0.6339
912.842224 0.6520 0.6600 0.6690 0.6700 0.6820
916.087476 0.6920 0.6930 0.6990 0.7060 0.7120
919.332728 0.7350 0.7370 0.7410 0.7460 0.7460
922.577981 0.7480 0.7500 0.7530 0.7540 0.7550
925.823233 0.7600 0.7640 0.7660 0.7720 0.7780
929.068485 0.7890 0.7990 0.8000 0.8040 0.8070
932.313738 0.8090 0.8110 0.8120 0.8130 0.8140
935.558990 0.8160 0.8160 0.8160 0.8140 0.8120
938.804242 0.8110 0.8100 0.8070 0.8050 0.8010
942.049495 0.7980 0.7960 0.7940 0.7930 0.7910
945.294747 0.7860 0.7830 0.7800 0.7770 0.7740
948.539999 0.7710 0.7640 0.7570 0.7510 0.7460
951.785252 0.7270 0.7150 0.7030 0.6920 0.6800
955.030504 0.6531 0.6311 0.5801 0.5571 0.5460
958.275756 0.5330 0.5210 0.5080 0.4710 0.4610
961.521009 0.4101 0.3840 0.3730 0.3670 0.3590
964.766261 0.3480 0.3470 0.3480 0.3610 0.3999
968.011513 0.4349 0.4669 0.4959 0.5229 0.5459
971.256766 0.5660 0.5830 0.5980 0.6090 0.6180
974.502018 0.6250 0.6280 0.6290 0.6300 0.6290
977.747270 0.6240 0.6200 0.6130 0.5910 0.5900
980.992523 0.5890 0.5900 0.5970 0.6040 0.6110
984.237775 0.6170 0.6240 0.6310 0.6360 0.6420
987.483027 0.6490 0.6540 0.6570 0.6610 0.6640
990.728280 0.6670 0.6670 0.6670 0.6670 0.6670
993.973532 0.6630 0.6560 0.6510 0.6490 0.6450
997.218784 0.6310 0.6190 0.6080 0.5970 0.5870
1000.464037 0.5760 0.5650 0.5540 0.5390 0.5141
1003.709289 0.4980 0.4820 0.4650 0.4490 0.4330
1006.954541 0.4170 0.4010 0.3771 0.3521 0.3201
1010.199794 0.2940 0.2820 0.2710 0.2600 0.2480
1013.445046 0.2370 0.2260 0.2140 0.2130 0.2140
1016.690298 0.2160 0.2230 0.2330 0.2420 0.2510
1019.935551 0.2570 0.2620 0.2660 0.2670 0.2670
1023.180803 0.2670 0.2670 0.2680 0.2680 0.2690
1026.426055 0.2700 0.2700 0.2710 0.2750 0.2800
1029.671308 0.2860 0.2920 0.2980 0.3040 0.3090
1032.916560 0.3110 0.3120 0.3110 0.3000 0.2890
1036.161812 0.2759 0.2280 0.1900 0.1630 0.1440
1039.407065 0.1310 0.1220 0.1150 0.1040 0.1030
1042.652317 0.1020 0.1030 0.1040 0.1200 0.1350
1045.897569 0.1430 0.1560 0.1730 0.1909 0.2089
1049.142822 0.2240 0.2350 0.2390 0.2470 0.2550
1052.388074 0.2570 0.2550 0.2460 0.2320 0.2190
1055.633326 0.2050 0.1860 0.1660 0.1061 0.1000
1058.878579 0.0950 0.0930 0.0920 0.0920 0.0930
1062.123831 0.1000 0.1060 0.1240 0.1540 0.1740
1065.369083 0.1890 0.2030 0.2210 0.2489 0.2899
1068.614336 0.3500 0.3650 0.3660 0.3810 0.3950
1071.859588 0.4100 0.4260 0.4400 0.4550 0.4709
1075.104840 0.4870 0.5070 0.5290 0.5370 0.5450
1078.350093 0.5480 0.5510 0.5680 0.5710 0.5790
1081.595345 0.5790 0.5840 0.5880 0.5930 0.5980
1084.840597 0.6020 0.6070 0.6120 0.6170 0.6220
1088.085850 0.6250 0.6270 0.6290 0.6340 0.6360
1091.331102 0.6370 0.6360 0.6340 0.6310 0.6280
1094.576354 0.6270 0.6240 0.6220 0.6220 0.6240
1097.821607 0.6320 0.6340 0.6390 0.6520 0.6580
1101.066859 0.6640 0.6700 0.6760 0.6800 0.6830
1104.312111 0.6840 0.6870 0.6900 0.6920 0.6940
1107.557364 0.6960 0.6970 0.6990 0.7030 0.7060
1110.802616 0.7090 0.7120 0.7140 0.7150 0.7160
1114.047868 0.7170 0.7170 0.7180 0.7190 0.7210
1117.293121 0.7240 0.7260 0.7280 0.7310 0.7320
1120.538373 0.7370 0.7400 0.7420 0.7440 0.7440
1123.783625 0.7450 0.7460 0.7460 0.7460 0.7470
1127.028878 0.7490 0.7500 0.7520 0.7530 0.7550
1130.274130 0.7570 0.7620 0.7660 0.7690 0.7730
1133.519382 0.7760 0.7780 0.7790 0.7800 0.7800
1136.764635 0.7810 0.7820 0.7840 0.7840 0.7840
1140.009887 0.7840 0.7840 0.7840 0.7840 0.7840
1143.255139 0.7820 0.7820 0.7810 0.7800 0.7800
1146.500392 0.7780 0.7760 0.7750 0.7730 0.7660
1149.745644 0.7580 0.7510 0.7440 0.7380 0.7370
1152.990896 0.7350 0.7350 0.7340 0.7330 0.7320
1156.236149 0.7320 0.7310 0.7310 0.7300 0.7300
1159.481401 0.7300 0.7300 0.7300 0.7290 0.7290
1162.726653 0.7290 0.7280 0.7280 0.7280 0.7270
1165.971906 0.7260 0.7260 0.7240 0.7220 0.7200
1169.217158 0.7180 0.7170 0.7150 0.7140 0.7130
1172.462410 0.7120 0.7100 0.7090 0.7080 0.7060
1175.707663 0.7040 0.7010 0.6970 0.6970 0.6960
1178.952915 0.6930 0.6920 0.6900 0.6880 0.6700
1182.198167 0.6590 0.6570 0.6560 0.6520 0.6490
1185.443420 0.6470 0.6430 0.6400 0.6370 0.6300
1188.688672 0.6270 0.6180 0.6110 0.6060 0.6010
1191.933924 0.5970 0.5930 0.5870 0.5790 0.5670
1195.179177 0.5570 0.5470 0.5360 0.5250 0.5140
1198.424429 0.5030 0.4920 0.4630 0.4500 0.4370
1201.669681 0.4240 0.4110 0.3990 0.3860 0.3730
1204.914934 0.3680 0.3490 0.3380 0.3230 0.3060
1208.160186 0.2860 0.2650 0.2430 0.2230 0.2031
1211.405438 0.1840 0.1830 0.1600 0.1510 0.1390
1214.650691 0.1280 0.1011 0.0950 0.0501 0.0430
1217.895943 0.0360 0.0300 0.0230 0.0150 0.0120
1221.141195 0.0080 0.0070 0.0050 0.0050 0.0050
1224.386448 0.0040 0.0030 0.0030 0.0020 0.0010
1227.631700 0.0010 0.0010 0.0010 0.0010 0.0000
1230.876952 0.0000 0.0000 0.0000 0.0000 0.0000
1234.122205 0.0000 0.0000 0.0000 0.0000 0.0000
1237.367457 0.0000 0.0000 0.0000 0.0000 0.0000
1240.612709 0.0010 0.0010 0.0010 0.0030 0.0030
1243.857962 0.0040 0.0050 0.0060 0.0080 0.0100
1247.103214 0.0100 0.0140 0.0210 0.0220 0.0260
1250.348466 0.0270 0.0300 0.0320 0.0360 0.0370
1253.593719 0.0380 0.0390 0.0410 0.0410 0.0420
1256.838971 0.0440 0.0480 0.0550 0.0580 0.0680
1260.084223 0.0760 0.0820 0.0860 0.0870 0.1000
1263.329476 0.1060 0.1310 0.1370 0.1450 0.1700
1266.574728 0.1910 0.2050 0.2100 0.2110 0.2230
1269.819980 0.2330 0.2440 0.2600 0.2690 0.2790
1273.065233 0.2890 0.2980 0.3060 0.3130 0.3200
1276.310485 0.3270 0.3330 0.3390 0.3450 0.3510
1279.555737 0.3570 0.3630 0.3680 0.3750 0.3810
1282.800990 0.3880 0.3940 0.4020 0.4090 0.4150
1286.046242 0.4200 0.4250 0.4380 0.4510 0.4640
1289.291494 0.4820 0.4960 0.5050 0.5140 0.5230
1292.536746 0.5300 0.5370 0.5430 0.5480 0.5520
1295.781999 0.5550 0.5570 0.5580 0.5570 0.5510
1299.027251 0.5460 0.5420 0.5350 0.5190 0.5000
1302.272503 0.4920 0.4810 0.4690 0.4590 0.4590
1305.517756 0.4650 0.4760 0.4969 0.5179 0.5339
1308.763008 0.5351 0.5760 0.5770 0.5910 0.6060
1312.008260 0.6210 0.6550 0.6600 0.6610 0.6670
1315.253513 0.6720 0.6770 0.6810 0.6850 0.6880
1318.498765 0.6920 0.6950 0.6980 0.7010 0.7040
1321.744017 0.7050 0.7060 0.7060 0.7060 0.7070
1324.989270 0.7070 0.7080 0.7080 0.7080 0.7080
1328.234522 0.7080 0.7080 0.7080 0.7080 0.7070
1331.479774 0.7070 0.7060 0.7060 0.7050 0.7030
1334.725027 0.7020 0.7010 0.7010 0.6990 0.6970
1337.970279 0.6940 0.6910 0.6870 0.6830 0.6770
1341.215531 0.6700 0.6600 0.6540 0.6490 0.6440
1344.460784 0.6400 0.6350 0.6310 0.6260 0.6061
1347.706036 0.5890 0.5680 0.5430 0.5190 0.4940
1350.951288 0.4700 0.4460 0.4061 0.3940 0.3830
1354.196541 0.3720 0.3610 0.2390 0.2050 0.1401
1357.441793 0.1240 0.0891 0.0710 0.0391 0.0390
1360.687045 0.0390 0.0560 0.0690 0.0810 0.0930
1363.932298 0.1060 0.1190 0.1330 0.1480 0.1650
1367.177550 0.1830 0.1960 0.1980 0.1990 0.1990
1370.422802 0.1920 0.1860 0.1800 0.1740 0.1720
1373.668055 0.1730 0.1830 0.1920 0.2020 0.2080
1376.913307 0.2210 0.2370 0.2500 0.2540 0.2789
1380.158559 0.3000 0.3070 0.3070 0.2940 0.2840
1383.403812 0.2640 0.2390 0.2131 0.1901 0.1741
1386.649064 0.1710 0.1710 0.1790 0.2410 0.2860
1389.894316 0.3190 0.3410 0.3550 0.3630 0.3680
1393.139569 0.3720 0.3770 0.3860 0.4010 0.4250
1396.384821 0.4600 0.4869 0.4940 0.5010 0.5070
1399.630073 0.5140 0.5160 0.5230 0.5340 0.5400
1402.875326 0.5550 0.5590 0.5640 0.5660 0.5680
1406.120578 0.5710 0.5740 0.5760 0.5770 0.5780
1409.365830 0.5780 0.5780 0.5790 0.5790 0.5790
1412.611083 0.5780 0.5750 0.5730 0.5710 0.5680
1415.856335 0.5640 0.5610 0.5570 0.5460 0.5400
1419.101587 0.5370 0.5330 0.5290 0.5250 0.5210
1422.346840 0.5170 0.5140 0.5100 0.5080 0.5050
1425.592092 0.5000 0.4960 0.4950 0.4930 0.4910
1428.837344 0.4870 0.4810 0.4740 0.4700 0.4690
1432.082597 0.4650 0.4630 0.4600 0.4560 0.4540
1435.327849 0.4510 0.4480 0.4450 0.4440 0.4440
1438.573101 0.4470 0.4490 0.4540 0.4550 0.4570
1441.818354 0.4580 0.4580 0.4570 0.4540 0.4510
1445.063606 0.4470 0.4440 0.4400 0.4280 0.4130
1448.308858 0.3990 0.3790 0.3690 0.3590 0.3500
1451.554111 0.3390 0.3300 0.3200 0.3110 0.3020
1454.799363 0.3020 0.2970 0.2930 0.2890 0.2850
1458.044615 0.2810 0.2760 0.2710 0.2650 0.2650
1461.289868 0.2710 0.2760 0.2820 0.2880 0.2940
1464.535120 0.3000 0.3050 0.3110 0.3170 0.3230
1467.780372 0.3290 0.3340 0.3400 0.3610 0.3819
1471.025625 0.4100 0.4190 0.4200 0.4230 0.4310
1474.270877 0.4390 0.4490 0.4620 0.4800 0.4950
1477.516129 0.5030 0.5260 0.5270 0.5400 0.5690
1480.761382 0.5700 0.5860 0.5870 0.5940 0.6000
1484.006634 0.6070 0.6120 0.6140 0.6160 0.6180
1487.251886 0.6200 0.6310 0.6330 0.6350 0.6360
1490.497139 0.6360 0.6360 0.6360 0.6370 0.6370
1493.742391 0.6380 0.6380 0.6380 0.6380 0.6390
1496.987643 0.6390 0.6380 0.6340 0.6330 0.6310
1500.232896 0.6290 0.6270 0.6260 0.6250 0.6240
1503.478148 0.6220 0.6220 0.6200 0.6160 0.6160
1506.723400 0.6140 0.6110 0.6070 0.6040 0.6020
1509.968653 0.5980 0.5950 0.5930 0.5890 0.5890
1513.213905 0.5880 0.5860 0.5850 0.5840 0.5820
1516.459157 0.5800 0.5770 0.5750 0.5730 0.5700
1519.704410 0.5680 0.5670 0.5660 0.5640 0.5630
1522.949662 0.5610 0.5580 0.5550 0.5530 0.5510
1526.194914 0.5480 0.5460 0.5430 0.5390 0.5360
1529.440167 0.5320 0.5280 0.5230 0.5190 0.5140
1532.685419 0.5130 0.5100 0.5070 0.5030 0.4980
1535.930671 0.4940 0.4900 0.4850 0.4780 0.4710
1539.175924 0.4650 0.4610 0.4590 0.4530 0.4510
1542.421176 0.4490 0.4460 0.4420 0.4400 0.4390
1545.666428 0.4380 0.4380 0.4370 0.4370 0.4370
1548.911681 0.4370 0.4370 0.4380 0.4400 0.4430
1552.156933 0.4460 0.4480 0.4490 0.4520 0.4550
1555.402185 0.4580 0.4620 0.4640 0.4740 0.4810
1558.647438 0.4890 0.4960 0.5010 0.5050 0.5080
1561.892690 0.5120 0.5160 0.5250 0.5280 0.5290
1565.137942 0.5340 0.5370 0.5420 0.5460 0.5540
1568.383195 0.5590 0.5610 0.5620 0.5640 0.5680
1571.628447 0.5710 0.5710 0.5720 0.5730 0.5740
1574.873699 0.5750 0.5750 0.5770 0.5770 0.5780
1578.118952 0.5790 0.5800 0.5800 0.5810 0.5820
1581.364204 0.5820 0.5830 0.5830 0.5840 0.5840
1584.609456 0.5840 0.5850 0.5870 0.5880 0.5910
1587.854709 0.5920 0.5950 0.6000 0.6070 0.6130
1591.099961 0.6200 0.6240 0.6250 0.6260 0.6290
1594.345213 0.6340 0.6420 0.6420 0.6540 0.6580
1597.590466 0.6610 0.6670 0.6730 0.6790 0.6840
1600.835718 0.6850 0.6880 0.6910 0.6940 0.6970
1604.080970 0.6990 0.7030 0.7050 0.7080 0.7110
1607.326223 0.7140 0.7170 0.7200 0.7210 0.7220
1610.571475 0.7240 0.7280 0.7280 0.7300 0.7320
1613.816727 0.7320 0.7330 0.7330 0.7350 0.7350
1617.061980 0.7370 0.7390 0.7410 0.7440 0.7450
1620.307232 0.7460 0.7460 0.7480 0.7480 0.7480
1623.552484 0.7500 0.7500 0.7510 0.7510 0.7510
1626.797737 0.7500 0.7480 0.7460 0.7440 0.7420
1630.042989 0.7390 0.7350 0.7300 0.7270 0.7240
1633.288241 0.7230 0.7220 0.7220 0.7240 0.7250
1636.533494 0.7300 0.7340 0.7370 0.7420 0.7420
1639.778746 0.7420 0.7390 0.7370 0.7350 0.7330
1643.023998 0.7320 0.7300 0.7280 0.7260 0.7230
1646.269251 0.7210 0.7180 0.7150 0.7120 0.7110
1649.514503 0.7080 0.7030 0.7030 0.7010 0.7000
1652.759755 0.7000 0.7000 0.7000 0.7000 0.7010
1656.005008 0.7010 0.7020 0.7030 0.7030 0.7050
1659.250260 0.7050 0.7060 0.7060 0.7080 0.7100
1662.495512 0.7100 0.7110 0.7120 0.7120 0.7120
1665.740765 0.7120 0.7120 0.7120 0.7120 0.7120
1668.986017 0.7120 0.7120 0.7120 0.7100 0.7090
1672.231269 0.7080 0.7060 0.7060 0.7060 0.7050
1675.476522 0.7040 0.7030 0.7020 0.7000 0.6980
1678.721774 0.6960 0.6920 0.6900 0.6860 0.6830
1681.967026 0.6790 0.6770 0.6740 0.6720 0.6700
1685.212279 0.6650 0.6590 0.6580 0.6520 0.6400
1688.457531 0.6380 0.6310 0.6250 0.6180 0.6160
1691.702783 0.6090 0.5970 0.5930 0.5930 0.5780
1694.948036 0.5760 0.5700 0.5640 0.5610 0.5520
1698.193288 0.5480 0.5360 0.5250 0.5140 0.5010
1701.438540 0.4940 0.4870 0.4820 0.4780 0.4690
1704.683793 0.4610 0.4530 0.4450 0.4370 0.4220
1707.929045 0.4200 0.4090 0.4040 0.3750 0.3301
1711.174297 0.3160 0.3040 0.2900 0.2880 0.2660
1714.419550 0.2250 0.1650 0.1490 0.1340 0.1140
1717.664802 0.0950 0.0870 0.0790 0.0690 0.0590
1720.910054 0.0480 0.0430 0.0400 0.0300 0.0290
1724.155307 0.0280 0.0250 0.0230 0.0190 0.0160
1727.400559 0.0140 0.0120 0.0110 0.0090 0.0070
1730.645811 0.0060 0.0050 0.0050 0.0030 0.0030
1733.891064 0.0020 0.0020 0.0010 0.0010 0.0000
1737.136316 0.0000 0.0000 0.0000 0.0000 0.0000
1740.381568 0.0000 0.0000 0.0000 0.0000 0.0000
1743.626821 0.0000 0.0000 0.0000 0.0000 0.0000
1746.872073 0.0010 0.0010 0.0010 0.0040 0.0100
1750.117325 0.0170 0.0230 0.0300 0.0430 0.0520
1753.362577 0.0620 0.0770 0.0800 0.1020 0.1180
1756.607830 0.1220 0.1380 0.1561 0.1840 0.2030
1759.853082 0.2210 0.2420 0.2620 0.2780 0.2800
1763.098334 0.3030 0.3140 0.3210 0.3260 0.3350
1766.343587 0.3500 0.3680 0.3790 0.4050 0.4100
1769.588839 0.4240 0.4310 0.4330 0.4430 0.4580
1772.834091 0.4590 0.4670 0.4760 0.4840 0.4920
1776.079344 0.5000 0.5080 0.5170 0.5300 0.5350
1779.324596 0.5370 0.5370 0.5530 0.5530 0.5640
1782.569848 0.5740 0.5850 0.5900 0.5950 0.5960
1785.815101 0.5970 0.5970 0.5970 0.5980 0.5980
1789.060353 0.5990 0.6170 0.6180 0.6420 0.6420
1792.305605 0.6510 0.6590 0.6600 0.6630 0.6670
1795.550858 0.6700 0.6740 0.6770 0.6810 0.6840
1798.796110 0.6900 0.6900 0.6940 0.6980 0.7010
1802.041362 0.7050 0.7090 0.7120 0.7160 0.7170
1805.286615 0.7230 0.7270 0.7310 0.7310 0.7330
1808.531867 0.7360 0.7390 0.7410 0.7430 0.7460
1811.777119 0.7480 0.7500 0.7540 0.7550 0.7560
1815.022372 0.7570 0.7580 0.7590 0.7600 0.7620
1818.267624 0.7620 0.7640 0.7650 0.7660 0.7670
1821.512876 0.7680 0.7690 0.7700 0.7710 0.7720
1824.758129 0.7720 0.7740 0.7750 0.7770 0.7780
1828.003381 0.7800 0.7830 0.7830 0.7840 0.7850
1831.248633 0.7860 0.7870 0.7880 0.7890 0.7900
1834.493886 0.7910 0.7910 0.7920 0.7930 0.7930
1837.739138 0.7930 0.7950 0.7960 0.7970 0.7970
1840.984390 0.7980 0.7980 0.7980 0.7990 0.8000
1844.229643 0.8000 0.8000 0.8000 0.8010 0.8010
1847.474895 0.8020 0.8020 0.8020 0.8020 0.8020
1850.720147 0.8020 0.8020 0.8010 0.8010 0.8010
1853.965400 0.8010 0.8000 0.8000 0.8000 0.8000
1857.210652 0.8000 0.7990 0.7990 0.7990 0.7990
1860.455904 0.7990 0.8000 0.8000 0.8000 0.8000
1863.701157 0.8000 0.8010 0.8020 0.8020 0.8030
1866.946409 0.8030 0.8030 0.8040 0.8050 0.8060
1870.191661 0.8070 0.8070 0.8080 0.8090 0.8090
1873.436914 0.8100 0.8100 0.8100 0.8110 0.8110
1876.682166 0.8110 0.8110 0.8110 0.8110 0.8110
1879.927418 0.8110 0.8120 0.8120 0.8120 0.8130
1883.172671 0.8140 0.8140 0.8140 0.8150 0.8160
1886.417923 0.8160 0.8160 0.8170 0.8180 0.8180
1889.663175 0.8190 0.8190 0.8200 0.8200 0.8210
1892.908428 0.8210 0.8210 0.8210 0.8210 0.8220
1896.153680 0.8220 0.8220 0.8230 0.8230 0.8230
1899.398932 0.8230 0.8230 0.8230 0.8230 0.8230
1902.644185 0.8230 0.8230 0.8230 0.8230 0.8230
1905.889437 0.8220 0.8220 0.8220 0.8220 0.8220
1909.134689 0.8220 0.8220 0.8220 0.8210 0.8210
1912.379942 0.8210 0.8210 0.8210 0.8210 0.8210
1915.625194 0.8210 0.8220 0.8220 0.8230 0.8230
1918.870446 0.8230 0.8230 0.8240 0.8240 0.8240
1922.115699 0.8250 0.8250 0.8250 0.8250 0.8250
1925.360951 0.8250 0.8250 0.8250 0.8250 0.8250
1928.606203 0.8250 0.8250 0.8250 0.8250 0.8250
1931.851456 0.8250 0.8250 0.8250 0.8260 0.8260
1935.096708 0.8260 0.8260 0.8270 0.8270 0.8270
1938.341960 0.8280 0.8280 0.8290 0.8290 0.8290
1941.587213 0.8290 0.8300 0.8300 0.8300 0.8300
1944.832465 0.8300 0.8300 0.8310 0.8310 0.8310
1948.077717 0.8310 0.8310 0.8310 0.8320 0.8320
1951.322970 0.8320 0.8310 0.8310 0.8300 0.8310
1954.568222 0.8310 0.8300 0.8300 0.8300 0.8300
1957.813474 0.8300 0.8310 0.8310 0.8320 0.8320
1961.058727 0.8320 0.8320 0.8330 0.8340 0.8340
1964.303979 0.8340 0.8340 0.8330 0.8330 0.8330
1967.549231 0.8320 0.8320 0.8320 0.8310 0.8310
1970.794484 0.8300 0.8300 0.8300 0.8290 0.8290
1974.039736 0.8280 0.8270 0.8270 0.8260 0.8260
1977.284988 0.8250 0.8250 0.8240 0.8230 0.8230
1980.530241 0.8220 0.8220 0.8220 0.8210 0.8210
1983.775493 0.8210 0.8220 0.8220 0.8220 0.8230
1987.020745 0.8230 0.8230 0.8230 0.8230 0.8230
1990.265998 0.8230 0.8230 0.8240 0.8240 0.8250
1993.511250 0.8250 0.8250 0.8250 0.8250 0.8250
1996.756502 0.8260 0.8260 0.8260 0.8270 0.8270
2000.001755 0.8270 0.8270 0.8270 0.8270 0.8270
2003.247007 0.8270 0.8270 0.8270 0.8270 0.8270
2006.492259 0.8270 0.8270 0.8270 0.8273 0.8275
2009.737512 0.8278 0.8280 0.8280 0.8280 0.8280
2012.982764 0.8280 0.8280 0.8280 0.8280 0.8281
2016.228016 0.8283 0.8286 0.8288 0.8290 0.8290
2019.473269 0.8290 0.8290 0.8290 0.8290 0.8290
2022.718521 0.8290 0.8290 0.8290 0.8290 0.8290
2025.963773 0.8291 0.8294 0.8296 0.8299 0.8300
2029.209026 0.8300 0.8300 0.8300 0.8300 0.8300
2032.454278 0.8300 0.8300 0.8300 0.8300 0.8300
2035.699530 0.8300 0.8302 0.8304 0.8307 0.8309
2038.944783 0.8310 0.8310 0.8310 0.8310 0.8312
2042.190035 0.8314 0.8317 0.8320 0.8320 0.8320
2045.435287 0.8320 0.8320 0.8320 0.8320 0.8320
2048.680540 0.8320 0.8320 0.8320 0.8320 0.8320
2051.925792 0.8320 0.8320 0.8320 0.8320 0.8323
2055.171044 0.8325 0.8328 0.8330 0.8330 0.8330
2058.416297 0.8330 0.8330 0.8333 0.8335 0.8338
2061.661549 0.8340 0.8340 0.8340 0.8340 0.8340
2064.906801 0.8340 0.8340 0.8340 0.8340 0.8340
2068.152054 0.8340 0.8340 0.8340 0.8340 0.8340
2071.397306 0.8340 0.8341 0.8343 0.8346 0.8348
2074.642558 0.8350 0.8350 0.8350 0.8350 0.8351
2077.887811 0.8354 0.8356 0.8359 0.8360 0.8360
2081.133063 0.8360 0.8360 0.8360 0.8360 0.8360
2084.378315 0.8360 0.8360 0.8360 0.8360 0.8360
2087.623568 0.8360 0.8360 0.8360 0.8360 0.8362
2090.868820 0.8364 0.8367 0.8369 0.8370 0.8370
2094.114072 0.8370 0.8370 0.8370 0.8370 0.8370
2097.359325 0.8370 0.8372 0.8375 0.8377 0.8380
2100.604577 0.8380 0.8380 0.8380 0.8380 0.8380
2103.849829 0.8380 0.8380 0.8380 0.8380 0.8380
2107.095082 0.8380 0.8380 0.8380 0.8380 0.8380
2110.340334 0.8380 0.8380 0.8380 0.8380 0.8380
2113.585586 0.8383 0.8385 0.8388 0.8390 0.8390
2116.830839 0.8390 0.8390 0.8390 0.8390 0.8390
2120.076091 0.8390 0.8390 0.8390 0.8390 0.8390
2123.321343 0.8390 0.8390 0.8390 0.8390 0.8391
2126.566596 0.8394 0.8396 0.8399 0.8400 0.8400
2129.811848 0.8400 0.8400 0.8401 0.8404 0.8406
2133.057100 0.8409 0.8410 0.8410 0.8410 0.8410
2136.302353 0.8410 0.8410 0.8410 0.8410 0.8410
2139.547605 0.8410 0.8410 0.8410 0.8412 0.8414
2142.792857 0.8417 0.8419 0.8420 0.8420 0.8420
2146.038110 0.8420 0.8420 0.8420 0.8420 0.8420
2149.283362 0.8420 0.8420 0.8420 0.8420 0.8418
2152.528614 0.8415 0.8413 0.8410 0.8410 0.8410
2155.773867 0.8410 0.8410 0.8410 0.8410 0.8410
2159.019119 0.8410 0.8410 0.8410 0.8410 0.8410
2162.264371 0.8407 0.8405 0.8402 0.8400 0.8400
2165.509624 0.8400 0.8400 0.8400 0.8397 0.8394
2168.754876 0.8392 0.8390 0.8390 0.8390 0.8390
2172.000128 0.8389 0.8387 0.8384 0.8382 0.8380
2175.245381 0.8380 0.8380 0.8380 0.8379 0.8376
2178.490633 0.8374 0.8371 0.8369 0.8366 0.8364
2181.735885 0.8361 0.8360 0.8360 0.8360 0.8360
2184.981138 0.8357 0.8352 0.8347 0.8342 0.8340
2188.226390 0.8340 0.8340 0.8340 0.8338 0.8336
2191.471642 0.8333 0.8331 0.8328 0.8326 0.8323
2194.716895 0.8321 0.8320 0.8320 0.8320 0.8320
2197.962147 0.8320 0.8320 0.8320 0.8320 0.8322
2201.207399 0.8325 0.8327 0.8330 0.8337 0.8344
2204.452652 0.8352 0.8360 0.8365 0.8370 0.8375
2207.697904 0.8380 0.8388 0.8395 0.8403 0.8410
2210.943156 0.8415 0.8420 0.8425 0.8431 0.8438
2214.188408 0.8446 0.8453 0.8460 0.8463 0.8465
2217.433661 0.8468 0.8471 0.8476 0.8481 0.8486
2220.678913 0.8490 0.8490 0.8490 0.8490 0.8491
2223.924165 0.8493 0.8496 0.8498 0.8500 0.8500
2227.169418 0.8500 0.8500 0.8500 0.8500 0.8500
2230.414670 0.8500 0.8499 0.8496 0.8494 0.8491
2233.659922 0.8490 0.8490 0.8490 0.8490 0.8490
2236.905175 0.8490 0.8490 0.8490 0.8489 0.8486
2240.150427 0.8483 0.8481 0.8480 0.8480 0.8480
2243.395679 0.8480 0.8480 0.8480 0.8480 0.8480
2246.640932 0.8478 0.8476 0.8473 0.8471 0.8470
2249.886184 0.8470 0.8470 0.8470 0.8468 0.8465
2253.131436 0.8463 0.8460 0.8458 0.8455 0.8453
2256.376689 0.8450 0.8448 0.8445 0.8443 0.8440
2259.621941 0.8437 0.8435 0.8432 0.8430 0.8430
2262.867193 0.8430 0.8430 0.8430 0.8425 0.8419
2266.112446 0.8414 0.8410 0.8410 0.8410 0.8410
2269.357698 0.8410 0.8410 0.8410 0.8410 0.8409
2272.602950 0.8407 0.8404 0.8402 0.8399 0.8397
2275.848203 0.8394 0.8392 0.8390 0.8390 0.8390
2279.093455 0.8390 0.8389 0.8387 0.8384 0.8381
2282.338707 0.8380 0.8380 0.8380 0.8380 0.8379
2285.583960 0.8376 0.8374 0.8371 0.8370 0.8370
2288.829212 0.8370 0.8370 0.8369 0.8366 0.8363
2292.074464 0.8361 0.8360 0.8360 0.8360 0.8360
2295.319717 0.8360 0.8360 0.8360 0.8360 0.8360
2298.564969 0.8360 0.8360 0.8360 0.8360 0.8360
2301.810221 0.8360 0.8360 0.8360 0.8360 0.8360
2305.055474 0.8360 0.8362 0.8365 0.8367 0.8370
2308.300726 0.8370 0.8370 0.8370 0.8370 0.8372
2311.545978 0.8375 0.8378 0.8380 0.8380 0.8380
2314.791231 0.8380 0.8380 0.8380 0.8380 0.8380
2318.036483 0.8380 0.8383 0.8385 0.8388 0.8390
2321.281735 0.8390 0.8390 0.8390 0.8390 0.8390
2324.526988 0.8390 0.8390 0.8391 0.8393 0.8396
2327.772240 0.8398 0.8401 0.8403 0.8406 0.8408
2331.017492 0.8410 0.8410 0.8410 0.8410 0.8410
2334.262745 0.8410 0.8410 0.8410 0.8411 0.8414
2337.507997 0.8416 0.8419 0.8420 0.8420 0.8420
2340.753249 0.8420 0.8421 0.8424 0.8426 0.8429
2343.998502 0.8430 0.8430 0.8430 0.8430 0.8430
2347.243754 0.8430 0.8430 0.8430 0.8432 0.8434
2350.489006 0.8437 0.8439 0.8442 0.8444 0.8447
2353.734259 0.8449 0.8450 0.8450 0.8450 0.8450
2356.979511 0.8450 0.8450 0.8450 0.8450 0.8452
2360.224763 0.8455 0.8457 0.8460 0.8460 0.8460
2363.470016 0.8460 0.8460 0.8463 0.8465 0.8468
2366.715268 0.8470 0.8470 0.8470 0.8470 0.8470
2369.960520 0.8470 0.8470 0.8470 0.8470 0.8473
2373.205773 0.8475 0.8478 0.8480 0.8480 0.8480
2376.451025 0.8480 0.8480 0.8480 0.8480 0.8480
2379.696277 0.8481 0.8483 0.8486 0.8488 0.8490
2382.941530 0.8490 0.8490 0.8490 0.8491 0.8494
2386.186782 0.8496 0.8499 0.8500 0.8500 0.8500
2389.432034 0.8500 0.8500 0.8500 0.8500 0.8500
2392.677287 0.8501 0.8504 0.8506 0.8509 0.8512
2395.922539 0.8514 0.8517 0.8519 0.8520 0.8520
2399.167791 0.8520 0.8520 0.8520 0.8520 0.8520
2402.413044 0.8520 0.8520 0.8520 0.8520 0.8520
2405.658296 0.8522 0.8524 0.8527 0.8530 0.8532
2408.903548 0.8535 0.8537 0.8540 0.8540 0.8540
2412.148801 0.8540 0.8540 0.8540 0.8540 0.8540
2415.394053 0.8540 0.8540 0.8540 0.8540 0.8540
2418.639305 0.8540 0.8540 0.8540 0.8540 0.8540
2421.884558 0.8540 0.8540 0.8540 0.8540 0.8540
2425.129810 0.8540 0.8540 0.8540 0.8540 0.8540
2428.375062 0.8540 0.8540 0.8540 0.8540 0.8539
2431.620315 0.8537 0.8534 0.8532 0.8530 0.8530
2434.865567 0.8530 0.8530 0.8529 0.8526 0.8524
2438.110819 0.8521 0.8520 0.8520 0.8520 0.8520
2441.356072 0.8520 0.8520 0.8520 0.8520 0.8519
2444.601324 0.8516 0.8514 0.8511 0.8510 0.8510
2447.846576 0.8510 0.8510 0.8508 0.8506 0.8503
2451.091829 0.8501 0.8500 0.8500 0.8500 0.8500
2454.337081 0.8500 0.8500 0.8500 0.8500 0.8496
2457.582333 0.8491 0.8486 0.8481 0.8478 0.8475
2460.827586 0.8473 0.8470 0.8465 0.8460 0.8455
2464.072838 0.8450 0.8445 0.8440 0.8435 0.8430
2467.318090 0.8425 0.8420 0.8415 0.8410 0.8407
2470.563343 0.8405 0.8402 0.8400 0.8400 0.8400
2473.808595 0.8400 0.8399 0.8394 0.8389 0.8384
2477.053847 0.8379 0.8374 0.8369 0.8364 0.8358
2480.299100 0.8351 0.8343 0.8336 0.8329 0.8324
2483.544352 0.8319 0.8314 0.8308 0.8303 0.8298
2486.789604 0.8293 0.8288 0.8283 0.8278 0.8273
2490.034857 0.8267 0.8259 0.8251 0.8244 0.8238
2493.280109 0.8232 0.8227 0.8222 0.8220 0.8220
2496.525361 0.8220 0.8220 0.8219 0.8216 0.8213
2499.770614 0.8211 0.8210 0.8210 0.8210 0.8210
2503.015866 0.8210 0.8210 0.8210 0.8210 0.8212
2506.261118 0.8214 0.8217 0.8219 0.8222 0.8224
2509.506371 0.8227 0.8229 0.8238 0.8248 0.8259
2512.751623 0.8269 0.8279 0.8289 0.8299 0.8309
2515.996875 0.8319 0.8330 0.8340 0.8350 0.8360
2519.242128 0.8370 0.8380 0.8390 0.8398 0.8405
2522.487380 0.8413 0.8421 0.8428 0.8436 0.8443
2525.732632 0.8451 0.8456 0.8461 0.8466 0.8471
2528.977885 0.8479 0.8486 0.8494 0.8501 0.8506
2532.223137 0.8511 0.8516 0.8521 0.8526 0.8531
2535.468389 0.8536 0.8541 0.8547 0.8552 0.8557
2538.713642 0.8561 0.8564 0.8566 0.8569 0.8572
2541.958894 0.8577 0.8582 0.8587 0.8590 0.8590
2545.204146 0.8590 0.8590 0.8593 0.8598 0.8603
2548.449399 0.8608 0.8610 0.8610 0.8610 0.8610
2551.694651 0.8610 0.8610 0.8610 0.8610 0.8610
2554.939903 0.8610 0.8610 0.8610 0.8610 0.8610
2558.185156 0.8610 0.8610 0.8608 0.8606 0.8603
2561.430408 0.8601 0.8598 0.8595 0.8593 0.8590
2564.675660 0.8590 0.8590 0.8590 0.8590 0.8590
2567.920913 0.8590 0.8590 0.8590 0.8588 0.8585
2571.166165 0.8582 0.8580 0.8577 0.8575 0.8572
2574.411417 0.8570 0.8570 0.8570 0.8570 0.8570
2577.656670 0.8567 0.8565 0.8562 0.8560 0.8557
2580.901922 0.8555 0.8552 0.8550 0.8550 0.8550
2584.147174 0.8550 0.8549 0.8547 0.8544 0.8542
2587.392427 0.8540 0.8540 0.8540 0.8540 0.8539
2590.637679 0.8537 0.8534 0.8531 0.8529 0.8526
2593.882931 0.8524 0.8521 0.8519 0.8516 0.8514
2597.128184 0.8511 0.8507 0.8502 0.8497 0.8492
2600.373436 0.8489 0.8486 0.8484 0.8481 0.8478
2603.618688 0.8476 0.8473 0.8471 0.8470 0.8470
2606.863941 0.8470 0.8470 0.8468 0.8466 0.8463
2610.109193 0.8461 0.8460 0.8460 0.8460 0.8460
2613.354445 0.8460 0.8460 0.8460 0.8460 0.8460
2616.599698 0.8460 0.8460 0.8460 0.8462 0.8465
2619.844950 0.8467 0.8470 0.8470 0.8470 0.8470
2623.090202 0.8470 0.8470 0.8470 0.8470 0.8470
2626.335455 0.8473 0.8475 0.8478 0.8480 0.8480
2629.580707 0.8480 0.8480 0.8480 0.8480 0.8480
2632.825959 0.8480 0.8480 0.8483 0.8486 0.8488
2636.071212 0.8491 0.8493 0.8496 0.8498 0.8500
2639.316464 0.8500 0.8500 0.8500 0.8500 0.8500
2642.561716 0.8500 0.8500 0.8500 0.8500 0.8500
2645.806969 0.8500 0.8500 0.8500 0.8500 0.8500
2649.052221 0.8500 0.8500 0.8500 0.8500 0.8500
2652.297473 0.8500 0.8500 0.8500 0.8500 0.8500
2655.542726 0.8500 0.8500 0.8498 0.8496 0.8493
2658.787978 0.8491 0.8488 0.8486 0.8483 0.8481
2662.033230 0.8480 0.8480 0.8480 0.8480 0.8478
2665.278483 0.8475 0.8473 0.8470 0.8470 0.8470
2668.523735 0.8470 0.8470 0.8470 0.8470 0.8470
2671.768987 0.8470 0.8470 0.8470 0.8470 0.8470
2675.014239 0.8467 0.8465 0.8462 0.8460 0.8457
2678.259492 0.8455 0.8452 0.8450 0.8447 0.8445
2681.504744 0.8442 0.8440 0.8440 0.8440 0.8440
2684.749996 0.8440 0.8437 0.8435 0.8432 0.8429
2687.995249 0.8424 0.8419 0.8414 0.8410 0.8410
2691.240501 0.8410 0.8410 0.8408 0.8403 0.8398
2694.485753 0.8393 0.8389 0.8386 0.8384 0.8381
2697.731006 0.8379 0.8376 0.8374 0.8371 0.8369
2700.976258 0.8366 0.8364 0.8361 0.8359 0.8356
2704.221510 0.8354 0.8351 0.8349 0.8346 0.8343
2707.466763 0.8341 0.8338 0.8336 0.8333 0.8331
2710.712015 0.8328 0.8326 0.8323 0.8321 0.8318
2713.957267 0.8316 0.8313 0.8311 0.8308 0.8306
2717.202520 0.8303 0.8300 0.8298 0.8295 0.8293
2720.447772 0.8290 0.8290 0.8290 0.8290 0.8290
2723.693024 0.8288 0.8285 0.8283 0.8280 0.8278
2726.938277 0.8275 0.8272 0.8270 0.8267 0.8265
2730.183529 0.8262 0.8260 0.8260 0.8260 0.8260
2733.428781 0.8260 0.8257 0.8255 0.8252 0.8250
2736.674034 0.8250 0.8250 0.8250 0.8250 0.8250
2739.919286 0.8250 0.8250 0.8250 0.8250 0.8250
2743.164538 0.8250 0.8250 0.8250 0.8250 0.8250
2746.409791 0.8250 0.8250 0.8250 0.8250 0.8250
2749.655043 0.8250 0.8250 0.8250 0.8251 0.8254
2752.900295 0.8256 0.8259 0.8261 0.8264 0.8266
2756.145548 0.8269 0.8271 0.8274 0.8276 0.8279
2759.390800 0.8282 0.8284 0.8287 0.8289 0.8290
2762.636052 0.8290 0.8290 0.8290 0.8290 0.8290
2765.881305 0.8290 0.8290 0.8296 0.8303 0.8311
2769.126557 0.8319 0.8322 0.8325 0.8327 0.8330
2772.371809 0.8332 0.8335 0.8337 0.8340 0.8340
2775.617062 0.8340 0.8340 0.8340 0.8342 0.8345
2778.862314 0.8348 0.8350 0.8353 0.8355 0.8358
2782.107566 0.8360 0.8360 0.8360 0.8360 0.8360
2785.352819 0.8360 0.8360 0.8360 0.8360 0.8360
2788.598071 0.8360 0.8360 0.8360 0.8363 0.8366
2791.843323 0.8368 0.8370 0.8370 0.8370 0.8370
2795.088576 0.8369 0.8367 0.8364 0.8362 0.8358
2798.333828 0.8353 0.8348 0.8343 0.8339 0.8336
2801.579080 0.8334 0.8331 0.8329 0.8326 0.8324
2804.824333 0.8321 0.8317 0.8312 0.8307 0.8302
2808.069585 0.8294 0.8284 0.8274 0.8264 0.8252
2811.314837 0.8240 0.8227 0.8214 0.8205 0.8198
2814.560090 0.8190 0.8182 0.8173 0.8163 0.8153
2817.805342 0.8143 0.8132 0.8122 0.8112 0.8102
2821.050594 0.8087 0.8072 0.8057 0.8042 0.8027
2824.295847 0.8012 0.7996 0.7981 0.7968 0.7956
2827.541099 0.7943 0.7930 0.7918 0.7905 0.7893
2830.786351 0.7880 0.7867 0.7855 0.7842 0.7828
2834.031604 0.7782 0.7737 0.7691 0.7648 0.7622
2837.276856 0.7597 0.7572 0.7546 0.7518 0.7491
2840.522108 0.7463 0.7435 0.7410 0.7385 0.7360
2843.767361 0.7334 0.7309 0.7283 0.7257 0.7210
2847.012613 0.7116 0.7023 0.6929 0.6863 0.6842
2850.257865 0.6822 0.6802 0.6759 0.6683 0.6607
2853.503118 0.6531 0.6483 0.6468 0.6453 0.6438
2856.748370 0.6422 0.6407 0.6392 0.6377 0.6360
2859.993622 0.6343 0.6325 0.6307 0.6290 0.6272
2863.238875 0.6254 0.6236 0.6228 0.6226 0.6223
2866.484127 0.6221 0.6213 0.6203 0.6193 0.6183
2869.729379 0.6178 0.6176 0.6173 0.6170 0.6147
2872.974632 0.6119 0.6092 0.6064 0.6019 0.5971
2876.219884 0.5923 0.5875 0.5267 0.4603 0.3938
2879.465136 0.3273 0.3178 0.3112 0.3046 0.2980
2882.710389 0.2980 0.2980 0.2980 0.2983 0.3056
2885.955641 0.3130 0.3203 0.3283 0.3432 0.3581
2889.200893 0.3730 0.3865 0.3903 0.3941 0.3979
2892.446146 0.4016 0.4049 0.4081 0.4114 0.4147
2895.691398 0.4177 0.4208 0.4239 0.4269 0.4296
2898.936650 0.4324 0.4352 0.4379 0.4404 0.4430
2902.181903 0.4455 0.4478 0.4498 0.4519 0.4539
2905.427155 0.4558 0.4576 0.4593 0.4611 0.4645
2908.672407 0.4695 0.4746 0.4796 0.4824 0.4832
2911.917660 0.4839 0.4847 0.4850 0.4850 0.4850
2915.162912 0.4850 0.4793 0.4702 0.4611 0.4520
2918.408164 0.4456 0.4406 0.4355 0.4305 0.4018
2921.653417 0.3637 0.3255 0.2874 0.2745 0.2677
2924.898669 0.2608 0.2540 0.2474 0.2408 0.2343
2928.143921 0.2277 0.2213 0.2150 0.2087 0.2024
2931.389174 0.2020 0.2020 0.2020 0.2020 0.2025
2934.634426 0.2030 0.2035 0.2040 0.2050 0.2061
2937.879678 0.2071 0.2080 0.2085 0.2090 0.2096
2941.124931 0.2101 0.2106 0.2111 0.2116 0.2109
2944.370183 0.2044 0.1978 0.1912 0.1846 0.1780
2947.615435 0.1713 0.1647 0.1579 0.1511 0.1443
2950.860688 0.1375 0.1306 0.1238 0.1170 0.1102
2954.105940 0.1034 0.0969 0.0903 0.0837 0.0771
2957.351192 0.0706 0.0640 0.0574 0.0540 0.0540
2960.596445 0.0540 0.0540 0.0580 0.0656 0.0731
2963.841697 0.0807 0.0884 0.0963 0.1041 0.1120
2967.086949 0.1198 0.1276 0.1355 0.1433 0.1510
2970.332202 0.1586 0.1661 0.1737 0.1816 0.1895
2973.577454 0.1974 0.2054 0.2134 0.2215 0.2296
2976.822706 0.2377 0.2456 0.2534 0.2613 0.2691
2980.067959 0.2772 0.2852 0.2933 0.3014 0.3107
2983.313211 0.3200 0.3294 0.3388 0.3400 0.3410
2986.558463 0.3420 0.3430 0.3448 0.3466 0.3483
2989.803716 0.3516 0.3769 0.4021 0.4274 0.4516
2993.048968 0.4665 0.4814 0.4963 0.5113 0.5262
2996.294220 0.5411 0.5560 0.5691 0.5747 0.5804
2999.539473 0.5860 0.5907 0.5933 0.5958 0.5983
3002.784725 0.6039 0.6155 0.6272 0.6388 0.6472
3006.029977 0.6502 0.6532 0.6563 0.6607 0.6670
3009.275230 0.6733 0.6796 0.6841 0.6863 0.6886
3012.520482 0.6909 0.6933 0.6958 0.6984 0.7009
3015.765734 0.7045 0.7091 0.7136 0.7182 0.7203
3019.010987 0.7208 0.7213 0.7218 0.7228 0.7241
3022.256239 0.7253 0.7266 0.7277 0.7287 0.7298
3025.501491 0.7308 0.7312 0.7315 0.7317 0.7320
3028.746744 0.7339 0.7362 0.7384 0.7407 0.7425
3031.991996 0.7443 0.7461 0.7479 0.7492 0.7504
3035.237248 0.7517 0.7530 0.7559 0.7590 0.7620
3038.482501 0.7650 0.7678 0.7706 0.7734 0.7760
3041.727753 0.7765 0.7770 0.7775 0.7781 0.7794
3044.973005 0.7806 0.7819 0.7831 0.7842 0.7852
3048.218258 0.7862 0.7871 0.7879 0.7887 0.7894
3051.463510 0.7902 0.7910 0.7917 0.7925 0.7932
3054.708762 0.7940 0.7948 0.7955 0.7962 0.7967
3057.954015 0.7972 0.7977 0.7982 0.7987 0.7992
3061.199267 0.7997 0.8002 0.8007 0.8012 0.8017
3064.444519 0.8021 0.8024 0.8026 0.8029 0.8033
3067.689772 0.8038 0.8043 0.8048 0.8053 0.8058
3070.935024 0.8063 0.8068 0.8072 0.8074 0.8077
3074.180276 0.8079 0.8082 0.8084 0.8087 0.8089
3077.425529 0.8092 0.8094 0.8097 0.8100 0.8102
3080.670781 0.8105 0.8107 0.8110 0.8112 0.8115
3083.916033 0.8117 0.8120 0.8129 0.8139 0.8149
3087.161286 0.8160 0.8165 0.8170 0.8175 0.8180
3090.406538 0.8185 0.8190 0.8195 0.8200 0.8200
3093.651790 0.8200 0.8200 0.8200 0.8203 0.8205
3096.897043 0.8208 0.8210 0.8210 0.8210 0.8210
3100.142295 0.8211 0.8216 0.8221 0.8226 0.8231
3103.387547 0.8236 0.8241 0.8247 0.8252 0.8257
3106.632800 0.8262 0.8267 0.8270 0.8270 0.8270
3109.878052 0.8270 0.8271 0.8274 0.8276 0.8279
3113.123304 0.8281 0.8284 0.8286 0.8289 0.8290
3116.368557 0.8290 0.8290 0.8290 0.8291 0.8294
3119.613809 0.8296 0.8299 0.8300 0.8300 0.8300
3122.859061 0.8300 0.8300 0.8300 0.8300 0.8300
3126.104314 0.8302 0.8304 0.8307 0.8309 0.8312
3129.349566 0.8314 0.8317 0.8320 0.8320 0.8320
3132.594818 0.8320 0.8320 0.8322 0.8325 0.8327
3135.840070 0.8330 0.8332 0.8335 0.8337 0.8340
3139.085323 0.8340 0.8340 0.8340 0.8340 0.8342
3142.330575 0.8345 0.8348 0.8350 0.8350 0.8350
3145.575827 0.8350 0.8350 0.8353 0.8355 0.8358
3148.821080 0.8360 0.8360 0.8360 0.8360 0.8360
3152.066332 0.8360 0.8360 0.8360 0.8360 0.8360
3155.311584 0.8360 0.8360 0.8361 0.8363 0.8366
3158.556837 0.8368 0.8371 0.8373 0.8376 0.8378
3161.802089 0.8380 0.8380 0.8380 0.8380 0.8380
3165.047341 0.8380 0.8380 0.8380 0.8380 0.8380
3168.292594 0.8380 0.8380 0.8380 0.8380 0.8380
3171.537846 0.8380 0.8380 0.8380 0.8380 0.8380
3174.783098 0.8382 0.8384 0.8387 0.8389 0.8390
3178.028351 0.8390 0.8390 0.8390 0.8390 0.8390
3181.273603 0.8390 0.8390 0.8390 0.8390 0.8390
3184.518855 0.8390 0.8390 0.8390 0.8390 0.8390
3187.764108 0.8390 0.8390 0.8390 0.8390 0.8390
3191.009360 0.8390 0.8390 0.8390 0.8392 0.8395
3194.254612 0.8398 0.8400 0.8400 0.8400 0.8400
3197.499865 0.8400 0.8403 0.8405 0.8408 0.8410
3200.745117 0.8410 0.8410 0.8410 0.8410 0.8410
3203.990369 0.8410 0.8410 0.8411 0.8413 0.8416
3207.235622 0.8418 0.8421 0.8423 0.8426 0.8428
3210.480874 0.8430 0.8430 0.8430 0.8430 0.8430
3213.726126 0.8430 0.8430 0.8430 0.8430 0.8430
3216.971379 0.8430 0.8430 0.8431 0.8434 0.8436
3220.216631 0.8439 0.8440 0.8440 0.8440 0.8440
3223.461883 0.8441 0.8444 0.8446 0.8449 0.8450
3226.707136 0.8450 0.8450 0.8450 0.8453 0.8458
3229.952388 0.8464 0.8469 0.8470 0.8470 0.8470
3233.197640 0.8470 0.8472 0.8475 0.8477 0.8480
3236.442893 0.8480 0.8480 0.8480 0.8480 0.8480
3239.688145 0.8480 0.8480 0.8480 0.8482 0.8485
3242.933397 0.8487 0.8490 0.8490 0.8490 0.8490
3246.178650 0.8490 0.8490 0.8490 0.8490 0.8490
3249.423902 0.8490 0.8490 0.8490 0.8490 0.8490
3252.669154 0.8490 0.8490 0.8490 0.8490 0.8490
3255.914407 0.8490 0.8490 0.8490 0.8490 0.8490
3259.159659 0.8490 0.8490 0.8490 0.8490 0.8490
3262.404911 0.8490 0.8490 0.8490 0.8490 0.8490
3265.650164 0.8490 0.8490 0.8490 0.8490 0.8490
3268.895416 0.8490 0.8490 0.8490 0.8490 0.8490
3272.140668 0.8489 0.8486 0.8484 0.8481 0.8480
3275.385921 0.8480 0.8480 0.8480 0.8480 0.8480
3278.631173 0.8480 0.8480 0.8480 0.8480 0.8480
3281.876425 0.8480 0.8480 0.8480 0.8480 0.8480
3285.121678 0.8480 0.8480 0.8480 0.8480 0.8480
3288.366930 0.8480 0.8480 0.8480 0.8480 0.8480
3291.612182 0.8480 0.8480 0.8480 0.8480 0.8480
3294.857435 0.8480 0.8480 0.8480 0.8480 0.8480
3298.102687 0.8480 0.8480 0.8480 0.8480 0.8480
3301.347939 0.8480 0.8480 0.8480 0.8480 0.8480
3304.593192 0.8480 0.8480 0.8480 0.8480 0.8480
3307.838444 0.8480 0.8480 0.8480 0.8480 0.8480
3311.083696 0.8480 0.8480 0.8480 0.8479 0.8477
3314.328949 0.8474 0.8472 0.8470 0.8470 0.8470
3317.574201 0.8470 0.8470 0.8470 0.8470 0.8470
3320.819453 0.8470 0.8470 0.8470 0.8470 0.8470
3324.064706 0.8470 0.8470 0.8470 0.8470 0.8470
3327.309958 0.8470 0.8470 0.8470 0.8470 0.8470
3330.555210 0.8470 0.8468 0.8466 0.8463 0.8461
3333.800463 0.8458 0.8456 0.8453 0.8451 0.8450
3337.045715 0.8450 0.8450 0.8450 0.8448 0.8445
3340.290967 0.8443 0.8440 0.8438 0.8435 0.8433
3343.536220 0.8430 0.8430 0.8430 0.8430 0.8430
3346.781472 0.8428 0.8425 0.8423 0.8420 0.8418
3350.026724 0.8415 0.8412 0.8410 0.8410 0.8410
3353.271977 0.8410 0.8410 0.8405 0.8400 0.8394
3356.517229 0.8390 0.8387 0.8385 0.8382 0.8379
3359.762481 0.8374 0.8369 0.8364 0.8359 0.8354
3363.007734 0.8349 0.8344 0.8339 0.8337 0.8334
3366.252986 0.8332 0.8329 0.8327 0.8324 0.8322
3369.498238 0.8318 0.8313 0.8308 0.8303 0.8299
3372.743491 0.8296 0.8294 0.8291 0.8290 0.8290
3375.988743 0.8290 0.8290 0.8291 0.8294 0.8296
3379.233995 0.8299 0.8301 0.8304 0.8307 0.8309
3382.479248 0.8312 0.8314 0.8317 0.8319 0.8322
3385.724500 0.8324 0.8327 0.8329 0.8330 0.8330
3388.969752 0.8330 0.8330 0.8330 0.8330 0.8330
3392.215005 0.8330 0.8328 0.8325 0.8323 0.8320
3395.460257 0.8320 0.8320 0.8320 0.8320 0.8320
3398.705509 0.8320 0.8320 0.8320 0.8318 0.8315
3401.950762 0.8312 0.8310 0.8307 0.8305 0.8302
3405.196014 0.8300 0.8300 0.8300 0.8300 0.8300
3408.441266 0.8300 0.8300 0.8300 0.8299 0.8297
3411.686519 0.8294 0.8292 0.8289 0.8287 0.8284
3414.931771 0.8282 0.8279 0.8277 0.8274 0.8272
3418.177023 0.8269 0.8267 0.8264 0.8262 0.8259
3421.422276 0.8257 0.8254 0.8251 0.8249 0.8246
3424.667528 0.8244 0.8241 0.8239 0.8236 0.8234
3427.912780 0.8231 0.8227 0.8222 0.8217 0.8212
3431.158033 0.8206 0.8198 0.8191 0.8183 0.8175
3434.403285 0.8168 0.8160 0.8152 0.8145 0.8137
3437.648537 0.8130 0.8122 0.8107 0.8089 0.8071
3440.893790 0.8054 0.8034 0.8014 0.7994 0.7973
3444.139042 0.7953 0.7933 0.7913 0.7893 0.7881
3447.384294 0.7871 0.7861 0.7851 0.7845 0.7840
3450.629547 0.7835 0.7830 0.7818 0.7805 0.7793
3453.874799 0.7780 0.7767 0.7755 0.7742 0.7730
3457.120051 0.7730 0.7730 0.7730 0.7730 0.7733
3460.365304 0.7735 0.7738 0.7740 0.7743 0.7746
3463.610556 0.7748 0.7752 0.7763 0.7773 0.7783
3466.855808 0.7792 0.7800 0.7807 0.7815 0.7824
3470.101061 0.7837 0.7849 0.7862 0.7874 0.7884
3473.346313 0.7894 0.7904 0.7913 0.7921 0.7928
3476.591565 0.7936 0.7945 0.7955 0.7965 0.7975
3479.836818 0.7984 0.7991 0.7999 0.8007 0.8013
3483.082070 0.8018 0.8023 0.8028 0.8035 0.8042
3486.327322 0.8050 0.8058 0.8063 0.8069 0.8074
3489.572575 0.8079 0.8082 0.8084 0.8087 0.8089
3492.817827 0.8092 0.8094 0.8097 0.8100 0.8102
3496.063079 0.8105 0.8107 0.8110 0.8112 0.8115
3499.308332 0.8117 0.8120 0.8122 0.8125 0.8127
3502.553584 0.8130 0.8130 0.8130 0.8130 0.8130
3505.798836 0.8127 0.8125 0.8122 0.8120 0.8117
3509.044089 0.8115 0.8112 0.8110 0.8104 0.8099
3512.289341 0.8094 0.8090 0.8090 0.8090 0.8090
3515.534593 0.8089 0.8087 0.8084 0.8082 0.8079
3518.779846 0.8077 0.8074 0.8072 0.8068 0.8063
3522.025098 0.8058 0.8053 0.8050 0.8050 0.8050
3525.270350 0.8050 0.8049 0.8046 0.8044 0.8041
3528.515603 0.8039 0.8036 0.8034 0.8031 0.8030
3531.760855 0.8030 0.8030 0.8030 0.8029 0.8026
3535.006107 0.8024 0.8021 0.8020 0.8020 0.8020
3538.251360 0.8020 0.8020 0.8020 0.8020 0.8020
3541.496612 0.8020 0.8020 0.8020 0.8020 0.8020
3544.741864 0.8020 0.8020 0.8020 0.8020 0.8020
3547.987117 0.8020 0.8020 0.8020 0.8020 0.8020
3551.232369 0.8020 0.8020 0.8020 0.8020 0.8020
3554.477621 0.8022 0.8025 0.8027 0.8030 0.8030
3557.722874 0.8030 0.8030 0.8030 0.8033 0.8035
3560.968126 0.8038 0.8040 0.8043 0.8045 0.8048
3564.213378 0.8051 0.8056 0.8061 0.8066 0.8071
3567.458631 0.8073 0.8076 0.8078 0.8081 0.8086
3570.703883 0.8091 0.8096 0.8101 0.8103 0.8106
3573.949135 0.8108 0.8111 0.8113 0.8116 0.8118
3577.194388 0.8122 0.8127 0.8132 0.8137 0.8142
3580.439640 0.8147 0.8152 0.8157 0.8162 0.8167
3583.684892 0.8173 0.8178 0.8180 0.8180 0.8180
3586.930145 0.8180 0.8186 0.8196 0.8206 0.8217
3590.175397 0.8225 0.8233 0.8240 0.8248 0.8257
3593.420649 0.8267 0.8277 0.8288 0.8292 0.8294
3596.665901 0.8297 0.8299 0.8308 0.8318 0.8328
3599.911154 0.8338 0.8344 0.8349 0.8354 0.8359
3603.156406 0.8362 0.8365 0.8367 0.8370 0.8372
3606.401658 0.8375 0.8377 0.8380 0.8380 0.8380
3609.646911 0.8380 0.8380 0.8380 0.8380 0.8380
3612.892163 0.8380 0.8380 0.8380 0.8380 0.8380
3616.137415 0.8380 0.8380 0.8380 0.8380 0.8380
3619.382668 0.8380 0.8380 0.8380 0.8380 0.8380
3622.627920 0.8380 0.8380 0.8380 0.8380 0.8380
3625.873172 0.8381 0.8383 0.8386 0.8388 0.8390
3629.118425 0.8390 0.8390 0.8390 0.8390 0.8390
3632.363677 0.8390 0.8390 0.8390 0.8390 0.8390
3635.608929 0.8390 0.8393 0.8398 0.8403 0.8408
3638.854182 0.8416 0.8426 0.8436 0.8446 0.8452
3642.099434 0.8454 0.8457 0.8459 0.8462 0.8464
3645.344686 0.8467 0.8469 0.8472 0.8474 0.8477
3648.589939 0.8479 0.8484 0.8489 0.8494 0.8499
3651.835191 0.8506 0.8514 0.8521 0.8529 0.8532
3655.080443 0.8535 0.8537 0.8540 0.8540 0.8540
3658.325696 0.8540 0.8540 0.8538 0.8535 0.8533
3661.570948 0.8530 0.8517 0.8505 0.8492 0.8480
3664.816200 0.8477 0.8475 0.8472 0.8469 0.8464
3668.061453 0.8459 0.8454 0.8449 0.8441 0.8433
3671.306705 0.8426 0.8419 0.8414 0.8409 0.8404
3674.551957 0.8397 0.8387 0.8377 0.8367 0.8357
3677.797210 0.8347 0.8336 0.8326 0.8317 0.8310
3681.042462 0.8302 0.8294 0.8286 0.8276 0.8266
3684.287714 0.8255 0.8247 0.8239 0.8231 0.8224
3687.532967 0.8220 0.8220 0.8220 0.8220 0.8226
3690.778219 0.8236 0.8246 0.8256 0.8265 0.8272
3694.023471 0.8280 0.8288 0.8297 0.8307 0.8317
3697.268724 0.8327 0.8336 0.8343 0.8351 0.8358
3700.513976 0.8368 0.8378 0.8388 0.8398 0.8404
3703.759228 0.8409 0.8414 0.8419 0.8422 0.8425
3707.004481 0.8427 0.8430 0.8435 0.8440 0.8445
3710.249733 0.8450 0.8455 0.8460 0.8465 0.8470
3713.494985 0.8473 0.8475 0.8478 0.8480 0.8483
3716.740238 0.8485 0.8488 0.8490 0.8493 0.8495
3719.985490 0.8498 0.8501 0.8506 0.8511 0.8516
3723.230742 0.8521 0.8526 0.8531 0.8536 0.8541
3726.475995 0.8543 0.8546 0.8548 0.8550 0.8550
3729.721247 0.8550 0.8550 0.8551 0.8553 0.8556
3732.966499 0.8558 0.8560 0.8560 0.8560 0.8560
3736.211752 0.8561 0.8564 0.8566 0.8569 0.8570
3739.457004 0.8570 0.8570 0.8570 0.8570 0.8570
3742.702256 0.8570 0.8570 0.8570 0.8570 0.8570
3745.947509 0.8570 0.8570 0.8570 0.8570 0.8570
3749.192761 0.8572 0.8574 0.8577 0.8579 0.8580
3752.438013 0.8580 0.8580 0.8580 0.8580 0.8580
3755.683266 0.8580 0.8580 0.8580 0.8580 0.8580
3758.928518 0.8580 0.8580 0.8580 0.8580 0.8580
3762.173770 0.8578 0.8575 0.8573 0.8570 0.8570
3765.419023 0.8570 0.8570 0.8570 0.8570 0.8570
3768.664275 0.8570 0.8570 0.8570 0.8570 0.8570
3771.909527 0.8570 0.8567 0.8565 0.8562 0.8560
3775.154780 0.8560 0.8560 0.8560 0.8559 0.8557
3778.400032 0.8554 0.8552 0.8549 0.8547 0.8544
3781.645284 0.8542 0.8540 0.8540 0.8540 0.8540
3784.890537 0.8541 0.8544 0.8546 0.8549 0.8551
3788.135789 0.8554 0.8556 0.8559 0.8560 0.8560
3791.381041 0.8560 0.8560 0.8561 0.8564 0.8566
3794.626294 0.8569 0.8570 0.8570 0.8570 0.8570
3797.871546 0.8570 0.8570 0.8570 0.8570 0.8572
3801.116798 0.8574 0.8577 0.8579 0.8580 0.8580
3804.362051 0.8580 0.8580 0.8582 0.8585 0.8587
3807.607303 0.8590 0.8590 0.8590 0.8590 0.8590
3810.852555 0.8590 0.8590 0.8590 0.8590 0.8590
3814.097808 0.8590 0.8590 0.8590 0.8590 0.8590
3817.343060 0.8590 0.8590 0.8587 0.8585 0.8582
3820.588312 0.8580 0.8580 0.8580 0.8580 0.8580
3823.833565 0.8580 0.8580 0.8580 0.8580 0.8580
3827.078817 0.8580 0.8580 0.8579 0.8577 0.8574
3830.324069 0.8572 0.8570 0.8570 0.8570 0.8570
3833.569322 0.8570 0.8570 0.8570 0.8570 0.8569
3836.814574 0.8567 0.8564 0.8561 0.8560 0.8560
3840.059826 0.8560 0.8560 0.8560 0.8560 0.8560
3843.305079 0.8560 0.8559 0.8556 0.8554 0.8551
3846.550331 0.8548 0.8546 0.8543 0.8541 0.8540
3849.795583 0.8540 0.8540 0.8540 0.8540 0.8540
3853.040836 0.8540 0.8540 0.8540 0.8540 0.8540
3856.286088 0.8540 0.8542 0.8545 0.8547 0.8550
3859.531340 0.8550 0.8550 0.8550 0.8550 0.8550
3862.776593 0.8550 0.8550 0.8550 0.8552 0.8555
3866.021845 0.8557 0.8560 0.8560 0.8560 0.8560
3869.267097 0.8560 0.8560 0.8560 0.8560 0.8560
3872.512350 0.8560 0.8560 0.8560 0.8560 0.8560
3875.757602 0.8560 0.8560 0.8560 0.8563 0.8566
3879.002854 0.8568 0.8570 0.8570 0.8570 0.8570
3882.248107 0.8570 0.8570 0.8570 0.8570 0.8570
3885.493359 0.8570 0.8570 0.8570 0.8570 0.8570
3888.738611 0.8570 0.8570 0.8570 0.8570 0.8570
3891.983864 0.8570 0.8570 0.8570 0.8570 0.8570
3895.229116 0.8570 0.8570 0.8570 0.8570 0.8570
3898.474368 0.8570 0.8570 0.8570 0.8570 0.8570
3901.719621 0.8570 0.8570 0.8570 0.8570 0.8570
3904.964873 0.8570 0.8570 0.8570 0.8570 0.8570
3908.210125 0.8570 0.8570 0.8570 0.8570 0.8568
3911.455378 0.8565 0.8563 0.8560 0.8560 0.8560
3914.700630 0.8560 0.8560 0.8560 0.8560 0.8560
3917.945882 0.8560 0.8560 0.8560 0.8560 0.8560
3921.191135 0.8560 0.8560 0.8560 0.8560 0.8560
3924.436387 0.8560 0.8560 0.8559 0.8554 0.8549
3927.681639 0.8544 0.8540 0.8540 0.8540 0.8540
3930.926892 0.8540 0.8540 0.8540 0.8540 0.8539
3934.172144 0.8537 0.8534 0.8532 0.8530 0.8530
3937.417396 0.8530 0.8530 0.8529 0.8527 0.8524
3940.662649 0.8521 0.8520 0.8520 0.8520 0.8520
3943.907901 0.8520 0.8520 0.8520 0.8520 0.8520
3947.153153 0.8520 0.8520 0.8520 0.8517 0.8512
3950.398406 0.8507 0.8502 0.8500 0.8500 0.8500
3953.643658 0.8500 0.8500 0.8500 0.8500 0.8500
3956.888910 0.8500 0.8500 0.8500 0.8500 0.8500
3960.134163 0.8500 0.8500 0.8500 0.8500 0.8500
3963.379415 0.8500 0.8500 0.8498 0.8495 0.8493
3966.624667 0.8490 0.8490 0.8490 0.8490 0.8490
3969.869920 0.8488 0.8485 0.8483 0.8480 0.8480
3973.115172 0.8480 0.8480 0.8480 0.8480 0.8480
3976.360424 0.8480 0.8480 0.8477 0.8475 0.8472
3979.605677 0.8470 0.8470 0.8470 0.8470 0.8470
3982.850929 0.8470 0.8470 0.8470 0.8469 0.8467
3986.096181 0.8464 0.8462 0.8460 0.8460 0.8460
3989.341434 0.8460 0.8459 0.8457 0.8454 0.8452
3992.586686 0.8450 0.8450 0.8450 0.8450 0.8450
3995.831938 0.8450 0.8450 0.8450 0.8448 0.8442
3999.077191 0.8437 0.8432 0.8430 0.8430 0.8430
4002.322443 0.8430 0.8428 0.8426 0.8423 0.8421
4005.567695 0.8418 0.8416 0.8413 0.8411
##END=
