##TITLE=SUCCINIC ACID
##JCAMP-DX=4.24
##DATA TYPE=INFRARED SPECTRUM
##CLASS=COBLENTZ
##ORIGIN=ABBOTT LABORATORIES
##OWNER=COBLENTZ SOCIETY
Collection (C) 2018 copyright by the U.S. Secretary of Commerce
on behalf of the United States of America. All rights reserved.
##DATE=1960
##CAS REGISTRY NO=110-15-6
##MOLFORM=C4 H6 O4
##SOURCE REFERENCE=COBLENTZ NO. 910
##$NIST SOURCE=COBLENTZ
##$NIST IMAGE=cob910
##SPECTROMETER/DATA SYSTEM=Not specified, most likely a grating spectrometer.
##STATE=SOLID (NUJOL MULL)
##SAMPLING PROCEDURE=TRANSMISSION
##RESOLUTION=4
##DATA PROCESSING=DIGITIZED BY NIST FROM HARD COPY
##XUNITS=MICROMETERS
##YUNITS=TRANSMITTANCE
##XFACTOR=1.000000
##YFACTOR=1
##DELTAX=000.007170
##FIRSTX=1.964
##LASTX=15.4809
##FIRSTY=0.924
##MAXX=15.4809
##MINX=1.964
##MAXY=0.991
##MINY=0.013
##NPOINTS=1886
##XYDATA=(X++(Y..Y))
1.964000 0.9240 0.9240 0.9240 0.9240 0.9240
1.999871 0.9240 0.9240 0.9240 0.9240 0.9240
2.036000 0.9230 0.9210 0.9230 0.9230 0.9240
2.071871 0.9260 0.9260 0.9280 0.9280 0.9300
2.108000 0.9310 0.9370 0.9380 0.9400 0.9400
2.143871 0.9420 0.9450 0.9470 0.9470 0.9490
2.179000 0.9510 0.9520 0.9520 0.9540 0.9520
2.214871 0.9540 0.9520 0.9520 0.9540 0.9540
2.251000 0.9540 0.9540 0.9540 0.9540 0.9540
2.286871 0.9520 0.9520 0.9510 0.9490 0.9470
2.323000 0.9440 0.9380 0.9350 0.9370 0.9380
2.358871 0.9400 0.9440 0.9470 0.9470 0.9510
2.394000 0.9540 0.9580 0.9590 0.9650 0.9660
2.429871 0.9660 0.9650 0.9580 0.9560 0.9580
2.466000 0.9590 0.9610 0.9590 0.9610 0.9610
2.501871 0.9610 0.9630 0.9650 0.9660 0.9660
2.538000 0.9650 0.9650 0.9680 0.9720 0.9750
2.573871 0.9770 0.9750 0.9770 0.9770 0.9790
2.609000 0.9800 0.9800 0.9800 0.9800 0.9800
2.644871 0.9820 0.9820 0.9860 0.9860 0.9860
2.681000 0.9860 0.9870 0.9870 0.9910 0.9890
2.716871 0.9890 0.9860 0.9820 0.9800 0.9800
2.753000 0.9800 0.9800 0.9800 0.9800 0.9820
2.788871 0.9820 0.9820 0.9820 0.9820 0.9820
2.825000 0.9800 0.9790 0.9770 0.9750 0.9730
2.860871 0.9700 0.9660 0.9630 0.9630 0.9610
2.896000 0.9510 0.9440 0.9370 0.9330 0.9300
2.931871 0.9160 0.9020 0.8880 0.8720 0.8560
2.968000 0.8420 0.8090 0.7900 0.7770 0.7620
3.003871 0.7460 0.7290 0.7130 0.6950 0.6780
3.040000 0.6460 0.6310 0.6180 0.6060 0.5850
3.075871 0.5680 0.5540 0.5430 0.5330 0.5200
3.111000 0.5080 0.4730 0.4650 0.4590 0.4490
3.146871 0.4330 0.4160 0.4020 0.3930 0.3840
3.183000 0.3790 0.3700 0.3610 0.3510 0.3390
3.218871 0.3180 0.3050 0.2970 0.2860 0.2770
3.255000 0.2670 0.2630 0.2530 0.2500 0.2410
3.290871 0.2340 0.2270 0.2220 0.2180 0.2160
3.327000 0.2150 0.2110 0.2040 0.1950 0.1850
3.362871 0.1410 0.1240 0.1100 0.0960 0.0830
3.398000 0.0730 0.0620 0.0500 0.0340 0.0290
3.433871 0.0290 0.0290 0.0310 0.0340 0.0410
3.470000 0.0470 0.0520 0.0550 0.0590 0.0640
3.505871 0.0710 0.0800 0.0900 0.1040 0.1200
3.542000 0.1550 0.1670 0.1780 0.1940 0.2040
3.577871 0.2130 0.2250 0.2410 0.2460 0.2500
3.613000 0.2510 0.2510 0.2530 0.2510 0.2510
3.648871 0.2530 0.2530 0.2530 0.2530 0.2550
3.685000 0.2560 0.2600 0.2650 0.2690 0.2720
3.720871 0.2770 0.2810 0.2830 0.2840 0.2810
3.757000 0.2770 0.2700 0.2630 0.2560 0.2530
3.792871 0.2440 0.2390 0.2340 0.2290 0.2290
3.828000 0.2300 0.2360 0.2360 0.2360 0.2370
3.863871 0.2370 0.2620 0.2690 0.2770 0.2840
3.900000 0.2860 0.2860 0.2860 0.2830 0.2790
3.935871 0.2740 0.2700 0.2670 0.2670 0.2650
3.972000 0.2670 0.2670 0.2700 0.2760 0.2840
4.007871 0.2910 0.2980 0.3070 0.3160 0.3210
4.044000 0.3300 0.3370 0.3420 0.3460 0.3510
4.079871 0.3560 0.3600 0.3670 0.3740 0.3860
4.115000 0.3890 0.3890 0.3910 0.3950 0.3980
4.150871 0.4020 0.4140 0.4190 0.4260 0.4300
4.187000 0.4330 0.4350 0.4400 0.4590 0.4650
4.222871 0.4660 0.4720 0.4840 0.4890 0.4940
4.259000 0.4940 0.4960 0.4960 0.4960 0.4960
4.294871 0.4960 0.4960 0.4960 0.4980 0.5000
4.330000 0.5010 0.5030 0.5190 0.5290 0.5380
4.365871 0.5430 0.5480 0.5540 0.5620 0.5710
4.402000 0.5750 0.5760 0.5760 0.5760 0.5760
4.437871 0.5760 0.5760 0.5760 0.5760 0.5750
4.474000 0.5730 0.5730 0.5760 0.5850 0.5960
4.509871 0.6010 0.6040 0.6130 0.6150 0.6170
4.546000 0.6180 0.6240 0.6290 0.6320 0.6380
4.581871 0.6410 0.6430 0.6460 0.6480 0.6500
4.617000 0.6530 0.6550 0.6570 0.6600 0.6640
4.652871 0.6660 0.6670 0.6670 0.6670 0.6690
4.689000 0.6690 0.6690 0.6690 0.6690 0.6710
4.724871 0.6710 0.6730 0.6730 0.6780 0.6800
4.761000 0.6850 0.6880 0.6880 0.6850 0.6850
4.796871 0.6850 0.6830 0.6810 0.6800 0.6800
4.832000 0.6780 0.6780 0.6780 0.6810 0.6830
4.867871 0.6850 0.6850 0.6920 0.6940 0.6950
4.904000 0.6970 0.7020 0.7080 0.7080 0.7060
4.939871 0.6970 0.6970 0.6970 0.6970 0.7020
4.976000 0.7020 0.7040 0.7040 0.7040 0.7020
5.011871 0.7020 0.7020 0.7010 0.7040 0.7040
5.047000 0.7040 0.7060 0.7080 0.7080 0.7090
5.082871 0.7110 0.7150 0.7150 0.7150 0.7150
5.119000 0.7150 0.7150 0.7150 0.7150 0.7130
5.154871 0.7090 0.7060 0.7060 0.7040 0.7020
5.191000 0.7020 0.6990 0.6970 0.6950 0.6940
5.226871 0.6920 0.6900 0.6880 0.6870 0.6850
5.263000 0.6830 0.6830 0.6800 0.6740 0.6710
5.298871 0.6640 0.6600 0.6570 0.6550 0.6520
5.334000 0.6480 0.6450 0.6430 0.6410 0.6390
5.369871 0.6380 0.6360 0.6340 0.6310 0.6290
5.406000 0.6270 0.6240 0.6220 0.6220 0.6180
5.441871 0.6170 0.6100 0.6030 0.5900 0.5800
5.478000 0.5680 0.5620 0.5570 0.5570 0.5550
5.513871 0.5550 0.5540 0.5540 0.5540 0.5540
5.549000 0.5500 0.5470 0.5430 0.5380 0.5330
5.584871 0.5290 0.5190 0.5120 0.5120 0.5080
5.621000 0.5050 0.4960 0.4910 0.4860 0.4820
5.656871 0.4770 0.4750 0.4730 0.4680 0.4470
5.693000 0.4210 0.4100 0.3980 0.3840 0.3680
5.728871 0.3560 0.3400 0.2900 0.2580 0.2300
5.764000 0.2040 0.1760 0.1270 0.1110 0.0970
5.799871 0.0890 0.0820 0.0780 0.0750 0.0690
5.836000 0.0660 0.0590 0.0450 0.0330 0.0200
5.871871 0.0170 0.0150 0.0150 0.0150 0.0150
5.908000 0.0150 0.0130 0.0130 0.0150 0.0190
5.943871 0.0270 0.0540 0.0660 0.0970 0.1250
5.980000 0.1520 0.1640 0.1740 0.1970 0.2200
6.015871 0.2390 0.2600 0.2810 0.3020 0.3280
6.051000 0.3540 0.3740 0.3790 0.3910 0.4090
6.086871 0.4310 0.4560 0.4790 0.4910 0.5010
6.123000 0.5190 0.5290 0.5430 0.5480 0.5570
6.158871 0.5780 0.5900 0.5990 0.6030 0.6100
6.195000 0.6200 0.6250 0.6320 0.6390 0.6480
6.230871 0.6570 0.6660 0.6710 0.6740 0.6830
6.266000 0.6900 0.6940 0.6990 0.7060 0.7150
6.301871 0.7180 0.7180 0.7220 0.7290 0.7360
6.338000 0.7390 0.7390 0.7390 0.7340 0.7340
6.373871 0.7340 0.7390 0.7410 0.7410 0.7460
6.410000 0.7500 0.7530 0.7560 0.7620 0.7670
6.445871 0.7760 0.7840 0.7900 0.7910 0.7930
6.482000 0.7950 0.8020 0.8040 0.8040 0.7970
6.517871 0.7970 0.7970 0.7970 0.7970 0.7970
6.553000 0.7970 0.7970 0.8000 0.8000 0.8000
6.588871 0.8000 0.7970 0.7930 0.7930 0.7860
6.625000 0.7840 0.7860 0.7880 0.7880 0.7880
6.660871 0.7860 0.7840 0.7830 0.7790 0.7760
6.697000 0.7720 0.7690 0.7600 0.7530 0.7500
6.732871 0.7430 0.7370 0.7290 0.7180 0.7090
6.768000 0.6990 0.6880 0.6780 0.6690 0.6480
6.803871 0.6390 0.6310 0.6170 0.5990 0.5690
6.840000 0.5290 0.4510 0.4330 0.4210 0.4100
6.875871 0.4050 0.4020 0.3950 0.3910 0.3840
6.912000 0.3790 0.3750 0.3720 0.3680 0.3650
6.947871 0.3530 0.3510 0.3370 0.2950 0.2770
6.983000 0.2670 0.2460 0.2180 0.1880 0.1730
7.018871 0.1390 0.1240 0.1130 0.1030 0.0960
7.055000 0.0900 0.0890 0.0870 0.0870 0.0830
7.090871 0.0800 0.0780 0.0800 0.0990 0.1170
7.127000 0.1290 0.1480 0.1640 0.1800 0.2200
7.162871 0.2530 0.2790 0.3040 0.3230 0.3330
7.199000 0.3440 0.3630 0.3860 0.4120 0.4280
7.234871 0.4370 0.4450 0.4520 0.4560 0.4580
7.270000 0.4560 0.4560 0.4540 0.4470 0.4490
7.305871 0.4510 0.4630 0.4800 0.5000 0.5010
7.342000 0.5030 0.5150 0.5200 0.5240 0.5290
7.377871 0.5330 0.5360 0.5360 0.5380 0.5380
7.414000 0.5360 0.5270 0.5170 0.5030 0.4790
7.449871 0.4580 0.4310 0.4030 0.3740 0.3460
7.485000 0.3040 0.2900 0.2720 0.2360 0.2110
7.520871 0.1900 0.1760 0.1670 0.1530 0.1460
7.557000 0.1450 0.1430 0.1450 0.1450 0.1460
7.592871 0.1480 0.1500 0.1500 0.1480 0.1390
7.629000 0.1380 0.1290 0.1200 0.1170 0.1170
7.664871 0.1170 0.1170 0.1200 0.1240 0.1310
7.700000 0.1380 0.1450 0.1570 0.1660 0.1710
7.735871 0.1760 0.1850 0.1950 0.2080 0.2200
7.772000 0.2340 0.2510 0.2700 0.2910 0.3160
7.807871 0.3260 0.3370 0.3510 0.3650 0.3840
7.844000 0.4170 0.4660 0.4870 0.4980 0.5060
7.879871 0.5240 0.5400 0.5550 0.5710 0.5850
7.916000 0.5990 0.6110 0.6240 0.6360 0.6480
7.951871 0.6590 0.6640 0.6690 0.6800 0.6830
7.987000 0.6870 0.6920 0.6990 0.7060 0.7180
8.022871 0.7230 0.7270 0.7320 0.7390 0.7460
8.059000 0.7500 0.7510 0.7530 0.7530 0.7550
8.094871 0.7550 0.7530 0.7530 0.7530 0.7510
8.131000 0.7480 0.7460 0.7430 0.7370 0.7340
8.166871 0.7300 0.7200 0.7080 0.6900 0.6690
8.202000 0.6130 0.5820 0.5450 0.5050 0.4170
8.237871 0.3680 0.2600 0.2320 0.2130 0.2010
8.274000 0.1870 0.1760 0.1710 0.1550 0.1430
8.309871 0.1270 0.1150 0.1010 0.0850 0.0730
8.346000 0.0680 0.0640 0.0640 0.0680 0.0780
8.381871 0.0830 0.0870 0.0960 0.1100 0.1310
8.418000 0.1640 0.1810 0.1970 0.2270 0.2550
8.453871 0.2810 0.3090 0.3250 0.3390 0.3700
8.489000 0.3880 0.3960 0.3960 0.3930 0.3720
8.524871 0.2670 0.2620 0.2620 0.2840 0.3160
8.561000 0.3460 0.3930 0.4300 0.4580 0.4800
8.596871 0.5000 0.5060 0.5130 0.5260 0.5400
8.633000 0.5520 0.5660 0.5760 0.5870 0.5970
8.668871 0.6040 0.6100 0.6130 0.6180 0.6250
8.704000 0.6320 0.6390 0.6430 0.6460 0.6460
8.739871 0.6480 0.6550 0.6590 0.6620 0.6660
8.776000 0.6670 0.6670 0.6710 0.6740 0.6780
8.811871 0.6850 0.6870 0.6870 0.6900 0.6900
8.848000 0.6920 0.6920 0.6940 0.6950 0.6970
8.883871 0.6990 0.7010 0.7020 0.7060 0.7080
8.919000 0.7090 0.7150 0.7180 0.7200 0.7220
8.954871 0.7220 0.7230 0.7250 0.7270 0.7270
8.991000 0.7290 0.7300 0.7300 0.7320 0.7320
9.026871 0.7320 0.7340 0.7340 0.7340 0.7360
9.063000 0.7360 0.7370 0.7370 0.7390 0.7410
9.098871 0.7410 0.7430 0.7430 0.7430 0.7430
9.135000 0.7430 0.7430 0.7430 0.7430 0.7430
9.170871 0.7430 0.7430 0.7430 0.7430 0.7430
9.206000 0.7430 0.7430 0.7430 0.7430 0.7410
9.241871 0.7430 0.7430 0.7430 0.7440 0.7430
9.278000 0.7440 0.7440 0.7440 0.7440 0.7440
9.313871 0.7460 0.7460 0.7500 0.7510 0.7550
9.350000 0.7560 0.7580 0.7580 0.7600 0.7580
9.385871 0.7580 0.7580 0.7580 0.7580 0.7580
9.421000 0.7600 0.7620 0.7630 0.7650 0.7670
9.456871 0.7670 0.7670 0.7670 0.7670 0.7670
9.493000 0.7650 0.7650 0.7630 0.7620 0.7550
9.528871 0.7510 0.7510 0.7550 0.7580 0.7600
9.565000 0.7600 0.7560 0.7550 0.7560 0.7560
9.600871 0.7550 0.7530 0.7510 0.7500 0.7500
9.637000 0.7460 0.7440 0.7430 0.7440 0.7440
9.672871 0.7440 0.7460 0.7460 0.7440 0.7440
9.708000 0.7440 0.7460 0.7460 0.7460 0.7460
9.743871 0.7440 0.7440 0.7440 0.7440 0.7440
9.780000 0.7440 0.7430 0.7430 0.7430 0.7410
9.815871 0.7390 0.7370 0.7370 0.7360 0.7360
9.852000 0.7340 0.7340 0.7320 0.7300 0.7290
9.887871 0.7270 0.7250 0.7230 0.7230 0.7220
9.923000 0.7220 0.7150 0.7130 0.7080 0.7060
9.958871 0.7020 0.7010 0.6990 0.6970 0.6970
9.995000 0.6940 0.6900 0.6850 0.6830 0.6830
10.030871 0.6830 0.6830 0.6810 0.6780 0.6780
10.067000 0.6760 0.6740 0.6740 0.6730 0.6710
10.102871 0.6690 0.6600 0.6570 0.6530 0.6520
10.138000 0.6480 0.6410 0.6320 0.6290 0.6250
10.173871 0.6240 0.6220 0.6170 0.6130 0.6060
10.210000 0.5960 0.5960 0.5940 0.5900 0.5830
10.245871 0.5760 0.5680 0.5620 0.5610 0.5550
10.282000 0.5520 0.5470 0.5450 0.5400 0.5330
10.317871 0.5260 0.5200 0.5130 0.5100 0.5050
10.354000 0.4960 0.4930 0.4870 0.4860 0.4790
10.389871 0.4730 0.4660 0.4630 0.4560 0.4510
10.425000 0.4450 0.4420 0.4310 0.4240 0.4210
10.460871 0.4170 0.4140 0.4100 0.4090 0.4020
10.497000 0.3950 0.3890 0.3860 0.3820 0.3790
10.532871 0.3740 0.3680 0.3610 0.3540 0.3510
10.569000 0.3490 0.3490 0.3470 0.3460 0.3460
10.604871 0.3440 0.3420 0.3420 0.3400 0.3370
10.640000 0.3280 0.3260 0.3260 0.3250 0.3250
10.675871 0.3230 0.3190 0.3160 0.3160 0.3140
10.712000 0.3110 0.3050 0.3040 0.3000 0.2980
10.747871 0.2970 0.2950 0.2910 0.2900 0.2880
10.784000 0.2880 0.2880 0.2880 0.2880 0.2860
10.819871 0.2860 0.2860 0.2860 0.2840 0.2860
10.855000 0.2840 0.2830 0.2830 0.2830 0.2830
10.890871 0.2840 0.2840 0.2860 0.2900 0.2950
10.927000 0.3020 0.3050 0.3120 0.3160 0.3160
10.962871 0.3190 0.3190 0.3190 0.3210 0.3250
10.999000 0.3300 0.3330 0.3350 0.3390 0.3420
11.034871 0.3460 0.3490 0.3530 0.3600 0.3650
11.071000 0.3680 0.3740 0.3790 0.3860 0.3910
11.106871 0.3950 0.3960 0.3980 0.3980 0.4070
11.142000 0.4100 0.4100 0.4090 0.4050 0.4030
11.177871 0.4030 0.4020 0.3980 0.3980 0.3980
11.214000 0.3980 0.4000 0.4020 0.4050 0.4090
11.249871 0.4230 0.4370 0.4490 0.4630 0.4750
11.286000 0.4860 0.4960 0.5010 0.5060 0.5170
11.321871 0.5270 0.5360 0.5430 0.5520 0.5590
11.357000 0.5640 0.5690 0.5750 0.5800 0.5870
11.392871 0.5940 0.6010 0.6060 0.6110 0.6170
11.429000 0.6250 0.6320 0.6380 0.6450 0.6520
11.464871 0.6570 0.6640 0.6670 0.6690 0.6730
11.501000 0.6740 0.6760 0.6800 0.6830 0.6900
11.536871 0.6920 0.6920 0.6940 0.6950 0.6970
11.573000 0.7010 0.7060 0.7110 0.7130 0.7150
11.608871 0.7160 0.7200 0.7220 0.7230 0.7250
11.644000 0.7290 0.7320 0.7360 0.7390 0.7410
11.679871 0.7430 0.7430 0.7430 0.7440 0.7440
11.716000 0.7460 0.7460 0.7480 0.7510 0.7560
11.751871 0.7620 0.7630 0.7690 0.7720 0.7740
11.788000 0.7760 0.7770 0.7790 0.7810 0.7810
11.823871 0.7830 0.7830 0.7830 0.7840 0.7840
11.859000 0.7860 0.7860 0.7880 0.7880 0.7880
11.894871 0.7880 0.7880 0.7900 0.7910 0.7910
11.931000 0.7930 0.7950 0.7950 0.7970 0.7950
11.966871 0.7970 0.7980 0.7980 0.8000 0.8000
12.003000 0.8000 0.8020 0.8020 0.8020 0.8040
12.038871 0.8020 0.8040 0.8040 0.8050 0.8040
12.074000 0.8040 0.8020 0.8040 0.8040 0.8040
12.109871 0.8040 0.8040 0.8040 0.8020 0.8020
12.146000 0.8020 0.8020 0.8000 0.7980 0.7980
12.181871 0.7970 0.7930 0.7910 0.7880 0.7840
12.218000 0.7810 0.7770 0.7720 0.7630 0.7460
12.253871 0.7360 0.7300 0.7230 0.7130 0.6900
12.290000 0.6710 0.6530 0.6450 0.6450 0.6460
12.325871 0.6480 0.6480 0.6520 0.6550 0.6570
12.361000 0.6600 0.6620 0.6620 0.6640 0.6620
12.396871 0.6590 0.6520 0.6410 0.6290 0.6110
12.433000 0.5870 0.5710 0.5360 0.5190 0.4910
12.468871 0.4910 0.4930 0.5000 0.5060 0.5220
12.505000 0.5410 0.5640 0.5870 0.6110 0.6340
12.540871 0.6570 0.6670 0.6760 0.6940 0.7060
12.576000 0.7250 0.7320 0.7460 0.7580 0.7670
12.611871 0.7760 0.7830 0.7900 0.7930 0.7980
12.648000 0.8000 0.8070 0.8120 0.8160 0.8180
12.683871 0.8210 0.8260 0.8280 0.8300 0.8320
12.720000 0.8330 0.8350 0.8390 0.8400 0.8420
12.755871 0.8420 0.8420 0.8440 0.8440 0.8420
12.792000 0.8440 0.8440 0.8470 0.8470 0.8490
12.827871 0.8490 0.8490 0.8490 0.8490 0.8490
12.863000 0.8490 0.8490 0.8490 0.8490 0.8490
12.898871 0.8510 0.8490 0.8490 0.8490 0.8510
12.935000 0.8530 0.8530 0.8510 0.8490 0.8470
12.970871 0.8470 0.8470 0.8490 0.8510 0.8530
13.007000 0.8530 0.8540 0.8540 0.8560 0.8560
13.042871 0.8560 0.8560 0.8540 0.8530 0.8530
13.078000 0.8530 0.8530 0.8540 0.8560 0.8560
13.113871 0.8560 0.8600 0.8600 0.8560 0.8560
13.150000 0.8560 0.8540 0.8560 0.8580 0.8600
13.185871 0.8600 0.8600 0.8600 0.8600 0.8580
13.222000 0.8600 0.8600 0.8600 0.8580 0.8610
13.257871 0.8560 0.8580 0.8600 0.8610 0.8610
13.293000 0.8650 0.8630 0.8630 0.8610 0.8610
13.328871 0.8610 0.8610 0.8610 0.8610 0.8630
13.365000 0.8630 0.8630 0.8610 0.8580 0.8580
13.400871 0.8580 0.8600 0.8670 0.8670 0.8670
13.437000 0.8650 0.8600 0.8540 0.8530 0.8530
13.472871 0.8530 0.8540 0.8580 0.8580 0.8560
13.509000 0.8560 0.8560 0.8530 0.8510 0.8510
13.544871 0.8510 0.8530 0.8530 0.8530 0.8510
13.580000 0.8510 0.8490 0.8470 0.8470 0.8470
13.615871 0.8470 0.8470 0.8490 0.8490 0.8510
13.652000 0.8510 0.8510 0.8510 0.8490 0.8470
13.687871 0.8470 0.8470 0.8460 0.8460 0.8440
13.724000 0.8420 0.8420 0.8420 0.8400 0.8420
13.759871 0.8400 0.8400 0.8390 0.8370 0.8370
13.795000 0.8370 0.8350 0.8330 0.8300 0.8300
13.830871 0.8280 0.8280 0.8280 0.8280 0.8260
13.867000 0.8260 0.8260 0.8260 0.8260 0.8260
13.902871 0.8280 0.8280 0.8280 0.8280 0.8300
13.939000 0.8300 0.8320 0.8330 0.8330 0.8350
13.974871 0.8350 0.8300 0.8260 0.8280 0.8280
14.010000 0.8300 0.8300 0.8320 0.8330 0.8330
14.045871 0.8330 0.8350 0.8350 0.8350 0.8350
14.082000 0.8330 0.8330 0.8320 0.8300 0.8280
14.117871 0.8280 0.8300 0.8320 0.8320 0.8300
14.154000 0.8300 0.8300 0.8300 0.8300 0.8300
14.189871 0.8300 0.8300 0.8320 0.8330 0.8330
14.226000 0.8330 0.8300 0.8300 0.8320 0.8320
14.261871 0.8320 0.8320 0.8300 0.8320 0.8330
14.297000 0.8330 0.8280 0.8260 0.8260 0.8280
14.332871 0.8280 0.8280 0.8300 0.8320 0.8320
14.369000 0.8300 0.8280 0.8300 0.8320 0.8330
14.404871 0.8330 0.8300 0.8300 0.8280 0.8260
14.441000 0.8260 0.8260 0.8280 0.8300 0.8320
14.476871 0.8320 0.8320 0.8300 0.8280 0.8280
14.512000 0.8250 0.8280 0.8260 0.8250 0.8250
14.547871 0.8230 0.8230 0.8230 0.8210 0.8210
14.584000 0.8210 0.8210 0.8190 0.8190 0.8190
14.619871 0.8190 0.8190 0.8180 0.8160 0.8180
14.656000 0.8180 0.8160 0.8160 0.8180 0.8190
14.691871 0.8190 0.8190 0.8180 0.8180 0.8160
14.728000 0.8140 0.8120 0.8120 0.8110 0.8090
14.763871 0.8050 0.8040 0.8020 0.8000 0.8020
14.799000 0.8070 0.8070 0.8070 0.8050 0.8050
14.834871 0.8040 0.8040 0.8040 0.8040 0.8040
14.871000 0.8040 0.8040 0.8020 0.8000 0.7980
14.906871 0.7980 0.7980 0.7980 0.7970 0.7950
14.943000 0.7950 0.7930 0.7910 0.7910 0.7900
14.978871 0.7860 0.7840 0.7830 0.7760 0.7700
15.014000 0.7650 0.7650 0.7650 0.7620 0.7620
15.049871 0.7620 0.7620 0.7600 0.7600 0.7580
15.086000 0.7560 0.7560 0.7560 0.7560 0.7550
15.121871 0.7530 0.7500 0.7390 0.7390 0.7390
15.158000 0.7360 0.7320 0.7290 0.7270 0.7270
15.193871 0.7220 0.7180 0.7160 0.7130 0.7110
15.229000 0.7080 0.7020 0.6810 0.6800 0.6780
15.264871 0.6780 0.6760 0.6690 0.6620 0.6550
15.301000 0.6460 0.6340 0.6200 0.6150 0.6010
15.336871 0.5940 0.5890 0.5850 0.5780 0.5690
15.373000 0.5540 0.5430 0.5330 0.5200 0.5060
15.408871 0.4770 0.4590 0.4400 0.4170 0.3910
15.445000 0.3880 0.3810 0.3630 0.3470 0.3330
15.480871 0.3230
##END=
