##TITLE=1-BROMODECANE
$$ E.K. (W.L.)
##JCAMP-DX=4.24
##DATA TYPE=INFRARED SPECTRUM
##CLASS=COBLENTZ
##ORIGIN=WYANDOTTE CHEMICALS CORP., WYANDOTTE, MICHIGAN, USA
##OWNER=COBLENTZ SOCIETY
Collection (C) 2018 copyright by the U.S. Secretary of Commerce
on behalf of the United States of America. All rights reserved.
##DATE=Not specified, most likely prior to 1970
##CAS REGISTRY NO=112-29-8
##MOLFORM=C10 H21 Br
##SOURCE REFERENCE=COBLENTZ NO. 1309
##$NIST SOURCE=COBLENTZ
##$NIST IMAGE=cob1309
##SPECTROMETER/DATA SYSTEM=Not specified, most likely a prism, grating, or hybrid spectrometer.
##STATE=LIQUID
##PATH LENGTH=0.005 CM
##SAMPLING PROCEDURE=TRANSMISSION
##RESOLUTION=4
##DATA PROCESSING=DIGITIZED BY NIST FROM HARD COPY
##XUNITS=MICROMETERS
##YUNITS=TRANSMITTANCE
##XFACTOR=1.000000
##YFACTOR=1
##DELTAX=000.006793
##FIRSTX=2.034
##LASTX=15.9862
##FIRSTY=0.991
##MAXX=15.9862
##MINX=2.034
##MAXY=1
##MINY=0.015
##NPOINTS=2055
##XYDATA=(X++(Y..Y))
2.034000 0.9910 0.9910 0.9910 0.9930 0.9930
2.067981 0.9930 0.9940 1.0000 1.0000 1.0000
2.102000 1.0000 1.0000 1.0000 1.0000 1.0000
2.135981 1.0000 1.0000 1.0000 1.0000 1.0000
2.170000 1.0000 1.0000 0.9980 0.9940 0.9880
2.203981 0.9770 0.9670 0.9600 0.9400 0.9230
2.238000 0.9120 0.8990 0.8830 0.8760 0.8750
2.271981 0.8750 0.8760 0.8760 0.8760 0.8760
2.306000 0.8760 0.8760 0.8780 0.8800 0.8850
2.339981 0.8870 0.8880 0.8900 0.8940 0.8990
2.374000 0.9000 0.9020 0.9050 0.9070 0.9090
2.407981 0.9110 0.9120 0.9140 0.9170 0.9190
2.442000 0.9260 0.9280 0.9290 0.9310 0.9330
2.475981 0.9330 0.9380 0.9410 0.9450 0.9480
2.509000 0.9520 0.9570 0.9600 0.9600 0.9620
2.542981 0.9620 0.9640 0.9650 0.9670 0.9670
2.577000 0.9670 0.9690 0.9690 0.9690 0.9690
2.610981 0.9690 0.9700 0.9700 0.9700 0.9720
2.645000 0.9770 0.9820 0.9840 0.9840 0.9840
2.678981 0.9840 0.9840 0.9820 0.9790 0.9810
2.713000 0.9810 0.9810 0.9820 0.9810 0.9790
2.746981 0.9790 0.9790 0.9770 0.9740 0.9720
2.781000 0.9700 0.9690 0.9690 0.9700 0.9720
2.814981 0.9740 0.9740 0.9740 0.9740 0.9740
2.849000 0.9740 0.9740 0.9720 0.9690 0.9690
2.882981 0.9640 0.9620 0.9600 0.9600 0.9580
2.917000 0.9580 0.9580 0.9580 0.9580 0.9550
2.950981 0.9530 0.9520 0.9500 0.9500 0.9470
2.985000 0.9450 0.9430 0.9430 0.9400 0.9350
3.018981 0.9280 0.9260 0.9280 0.9290 0.9330
3.053000 0.9330 0.9310 0.9310 0.9290 0.9290
3.086981 0.9290 0.9280 0.9280 0.9260 0.9260
3.121000 0.9240 0.9240 0.9240 0.9230 0.9140
3.154981 0.9110 0.9040 0.9000 0.8990 0.8990
3.189000 0.8970 0.8940 0.8920 0.8900 0.8880
3.222981 0.8850 0.8800 0.8760 0.8700 0.8610
3.257000 0.8580 0.8490 0.8410 0.8290 0.8050
3.290981 0.7940 0.7570 0.7400 0.7090 0.6750
3.325000 0.6300 0.5760 0.5230 0.4150 0.3570
3.358981 0.3240 0.2730 0.2350 0.1160 0.0750
3.393000 0.0460 0.0170 0.0150 0.0170 0.0170
3.426981 0.0200 0.0200 0.0200 0.0220 0.0200
3.460000 0.0180 0.0180 0.0170 0.0170 0.0170
3.493981 0.0170 0.0170 0.0180 0.0180 0.0180
3.528000 0.0180 0.0180 0.0300 0.0590 0.1000
3.561981 0.1260 0.1550 0.2800 0.3690 0.4350
3.596000 0.4870 0.5330 0.5810 0.6030 0.6320
3.629981 0.6630 0.6870 0.7040 0.7230 0.7290
3.664000 0.7310 0.7310 0.7330 0.7350 0.7350
3.697981 0.7350 0.7350 0.7360 0.7410 0.7500
3.732000 0.7550 0.7550 0.7410 0.7380 0.7360
3.765981 0.7330 0.7310 0.7330 0.7470 0.7500
3.800000 0.7670 0.7840 0.7930 0.7960 0.8060
3.833981 0.8110 0.8130 0.8180 0.8220 0.8250
3.868000 0.8250 0.8290 0.8370 0.8440 0.8470
3.901981 0.8490 0.8510 0.8540 0.8580 0.8640
3.936000 0.8710 0.8820 0.8850 0.8880 0.8940
3.969981 0.8990 0.9000 0.9020 0.9040 0.9040
4.004000 0.9040 0.9040 0.9040 0.9050 0.9050
4.037981 0.9090 0.9110 0.9120 0.9140 0.9140
4.072000 0.9160 0.9170 0.9170 0.9170 0.9190
4.105981 0.9190 0.9190 0.9190 0.9210 0.9210
4.140000 0.9210 0.9210 0.9230 0.9240 0.9240
4.173981 0.9230 0.9240 0.9240 0.9240 0.9260
4.208000 0.9240 0.9240 0.9240 0.9240 0.9240
4.241981 0.9240 0.9230 0.9210 0.9230 0.9230
4.276000 0.9240 0.9290 0.9310 0.9360 0.9410
4.309981 0.9430 0.9450 0.9430 0.9430 0.9430
4.344000 0.9430 0.9410 0.9410 0.9430 0.9430
4.377981 0.9430 0.9430 0.9430 0.9430 0.9410
4.411000 0.9380 0.9360 0.9330 0.9330 0.9330
4.444981 0.9350 0.9350 0.9360 0.9360 0.9350
4.479000 0.9360 0.9380 0.9400 0.9410 0.9410
4.512981 0.9430 0.9410 0.9430 0.9430 0.9430
4.547000 0.9430 0.9430 0.9430 0.9430 0.9430
4.580981 0.9430 0.9430 0.9450 0.9430 0.9450
4.615000 0.9430 0.9430 0.9430 0.9430 0.9430
4.648981 0.9470 0.9500 0.9520 0.9520 0.9520
4.683000 0.9530 0.9530 0.9530 0.9530 0.9530
4.716981 0.9530 0.9550 0.9570 0.9580 0.9600
4.751000 0.9620 0.9640 0.9640 0.9650 0.9690
4.784981 0.9690 0.9700 0.9700 0.9690 0.9690
4.819000 0.9690 0.9690 0.9690 0.9690 0.9690
4.852981 0.9700 0.9690 0.9690 0.9700 0.9700
4.887000 0.9700 0.9700 0.9720 0.9720 0.9720
4.920981 0.9720 0.9720 0.9720 0.9700 0.9690
4.955000 0.9690 0.9670 0.9650 0.9640 0.9620
4.988981 0.9600 0.9620 0.9600 0.9600 0.9580
5.023000 0.9580 0.9600 0.9600 0.9620 0.9650
5.056981 0.9690 0.9700 0.9720 0.9740 0.9740
5.091000 0.9740 0.9740 0.9740 0.9740 0.9740
5.124981 0.9740 0.9790 0.9790 0.9790 0.9790
5.159000 0.9790 0.9790 0.9790 0.9790 0.9790
5.192981 0.9790 0.9790 0.9770 0.9760 0.9760
5.227000 0.9740 0.9740 0.9740 0.9740 0.9740
5.260981 0.9740 0.9760 0.9760 0.9760 0.9770
5.295000 0.9770 0.9770 0.9790 0.9790 0.9790
5.328981 0.9810 0.9810 0.9810 0.9790 0.9790
5.362000 0.9790 0.9810 0.9810 0.9810 0.9810
5.395981 0.9790 0.9790 0.9770 0.9760 0.9760
5.430000 0.9760 0.9760 0.9760 0.9770 0.9760
5.463981 0.9740 0.9740 0.9740 0.9740 0.9740
5.498000 0.9720 0.9720 0.9720 0.9720 0.9720
5.531981 0.9720 0.9720 0.9720 0.9720 0.9720
5.566000 0.9760 0.9760 0.9790 0.9790 0.9790
5.599981 0.9790 0.9770 0.9760 0.9740 0.9720
5.634000 0.9700 0.9700 0.9700 0.9700 0.9700
5.667981 0.9700 0.9700 0.9700 0.9690 0.9690
5.702000 0.9690 0.9690 0.9670 0.9690 0.9650
5.735981 0.9640 0.9620 0.9600 0.9580 0.9600
5.770000 0.9580 0.9580 0.9550 0.9530 0.9480
5.803981 0.9450 0.9410 0.9430 0.9410 0.9360
5.838000 0.9310 0.9310 0.9310 0.9380 0.9380
5.871981 0.9380 0.9380 0.9360 0.9350 0.9330
5.906000 0.9290 0.9290 0.9280 0.9280 0.9240
5.939981 0.9230 0.9230 0.9190 0.9120 0.9110
5.974000 0.9090 0.9050 0.9050 0.9020 0.9020
6.007981 0.9020 0.9020 0.9020 0.9040 0.9020
6.042000 0.9020 0.9000 0.9000 0.8990 0.8970
6.075981 0.8940 0.8920 0.8900 0.8920 0.8920
6.110000 0.8920 0.8940 0.8950 0.8990 0.9040
6.143981 0.9040 0.9020 0.8990 0.8990 0.8990
6.178000 0.9000 0.9040 0.9040 0.9020 0.9020
6.211981 0.9000 0.9020 0.9020 0.9020 0.9040
6.246000 0.9090 0.9070 0.9090 0.9090 0.9090
6.279981 0.9110 0.9110 0.9120 0.9160 0.9140
6.313000 0.9120 0.9110 0.9110 0.9110 0.9110
6.346981 0.9090 0.9090 0.9090 0.9090 0.9090
6.381000 0.9160 0.9120 0.9090 0.9040 0.9020
6.414981 0.9020 0.9000 0.9000 0.9000 0.9000
6.449000 0.9000 0.9070 0.9070 0.9020 0.8950
6.482981 0.8920 0.8920 0.8880 0.8880 0.8900
6.517000 0.8900 0.8880 0.8880 0.8880 0.8870
6.550981 0.8800 0.8710 0.8640 0.8610 0.8590
6.585000 0.8580 0.8540 0.8520 0.8510 0.8460
6.618981 0.8370 0.8300 0.8200 0.8150 0.8100
6.653000 0.8050 0.8010 0.7980 0.7930 0.7840
6.686981 0.7720 0.7570 0.7410 0.7170 0.6970
6.721000 0.6850 0.6630 0.6390 0.6060 0.5700
6.754981 0.5290 0.4660 0.3980 0.3000 0.2180
6.789000 0.0460 0.0200 0.0180 0.0220 0.0340
6.822981 0.0510 0.0520 0.0590 0.0640 0.0730
6.857000 0.0850 0.0970 0.1110 0.1230 0.1410
6.890981 0.1600 0.1760 0.1880 0.1890 0.1890
6.925000 0.1890 0.1880 0.1880 0.1910 0.2100
6.958981 0.2410 0.2680 0.2820 0.2920 0.3260
6.993000 0.3690 0.4250 0.4940 0.5500 0.5960
7.026981 0.6340 0.6640 0.6870 0.7050 0.7210
7.061000 0.7330 0.7410 0.7470 0.7550 0.7600
7.094981 0.7620 0.7640 0.7700 0.7720 0.7740
7.129000 0.7740 0.7720 0.7720 0.7720 0.7720
7.162981 0.7690 0.7690 0.7650 0.7650 0.7550
7.197000 0.7480 0.7310 0.7090 0.6850 0.6420
7.230981 0.5810 0.5160 0.4630 0.4110 0.4010
7.264000 0.4010 0.4050 0.4460 0.4870 0.5110
7.297981 0.5310 0.5450 0.5580 0.5760 0.5860
7.332000 0.6000 0.6050 0.6050 0.6050 0.6030
7.365981 0.6030 0.6010 0.5960 0.5910 0.5910
7.400000 0.6000 0.6110 0.6180 0.6270 0.6410
7.433981 0.6490 0.6490 0.6440 0.6370 0.6320
7.468000 0.6320 0.6390 0.6660 0.6830 0.6970
7.501981 0.7110 0.7210 0.7240 0.7260 0.7280
7.536000 0.7260 0.7170 0.7120 0.7000 0.6880
7.569981 0.6760 0.6660 0.6540 0.6440 0.6320
7.604000 0.6180 0.6050 0.5940 0.5770 0.5650
7.637981 0.5500 0.5400 0.5260 0.5070 0.4970
7.672000 0.4920 0.4850 0.4800 0.4750 0.4710
7.705981 0.4700 0.4680 0.4660 0.4640 0.4640
7.740000 0.4640 0.4640 0.4680 0.4700 0.4680
7.773981 0.4610 0.4590 0.4560 0.4490 0.4420
7.808000 0.4320 0.4250 0.4180 0.4080 0.4010
7.841981 0.3980 0.3940 0.3930 0.3910 0.3910
7.876000 0.3930 0.3930 0.3810 0.3550 0.3380
7.909981 0.3260 0.3140 0.3040 0.2920 0.2760
7.944000 0.2640 0.2470 0.2350 0.2300 0.2300
7.977981 0.2320 0.2540 0.2680 0.2830 0.2950
8.012000 0.3110 0.3140 0.3160 0.3160 0.3140
8.045981 0.3000 0.2990 0.3000 0.3110 0.3240
8.080000 0.3350 0.3480 0.3620 0.3690 0.3720
8.113981 0.3740 0.3790 0.3840 0.3890 0.3930
8.148000 0.4010 0.4080 0.4230 0.4320 0.4370
8.181981 0.4470 0.4540 0.4630 0.4660 0.4660
8.215000 0.4640 0.4610 0.4580 0.4520 0.4520
8.248981 0.4630 0.4760 0.4870 0.4970 0.5050
8.283000 0.5160 0.5260 0.5310 0.5330 0.5450
8.316981 0.5550 0.5740 0.5880 0.6030 0.6170
8.351000 0.6340 0.6470 0.6610 0.6730 0.6830
8.384981 0.6880 0.7000 0.7140 0.7230 0.7290
8.419000 0.7380 0.7430 0.7500 0.7530 0.7600
8.452981 0.7600 0.7620 0.7620 0.7640 0.7670
8.487000 0.7720 0.7740 0.7760 0.7740 0.7760
8.520981 0.7760 0.7790 0.7790 0.7810 0.7820
8.555000 0.7820 0.7840 0.7880 0.7890 0.7910
8.588981 0.7930 0.7940 0.7940 0.7930 0.7940
8.623000 0.7940 0.7980 0.8000 0.8010 0.8010
8.656981 0.8030 0.8010 0.8010 0.7940 0.7910
8.691000 0.7910 0.7890 0.7880 0.7880 0.7880
8.724981 0.7890 0.7960 0.8000 0.8030 0.8060
8.759000 0.8150 0.8150 0.8200 0.8180 0.8200
8.792981 0.8230 0.8250 0.8230 0.8230 0.8220
8.827000 0.8200 0.8180 0.8150 0.8110 0.8100
8.860981 0.8100 0.8060 0.8010 0.7980 0.7880
8.895000 0.7820 0.7760 0.7720 0.7690 0.7670
8.928981 0.7670 0.7700 0.7720 0.7740 0.7740
8.963000 0.7720 0.7720 0.7700 0.7700 0.7690
8.996981 0.7620 0.7640 0.7620 0.7600 0.7580
9.031000 0.7550 0.7530 0.7520 0.7530 0.7530
9.064981 0.7530 0.7530 0.7520 0.7520 0.7520
9.098000 0.7530 0.7550 0.7550 0.7550 0.7550
9.131981 0.7550 0.7550 0.7530 0.7520 0.7500
9.166000 0.7500 0.7480 0.7500 0.7500 0.7470
9.199981 0.7410 0.7410 0.7400 0.7380 0.7350
9.234000 0.7330 0.7310 0.7290 0.7290 0.7290
9.267981 0.7290 0.7290 0.7290 0.7310 0.7330
9.302000 0.7350 0.7360 0.7380 0.7380 0.7400
9.335981 0.7430 0.7470 0.7500 0.7520 0.7500
9.370000 0.7500 0.7500 0.7480 0.7480 0.7480
9.403981 0.7500 0.7500 0.7500 0.7500 0.7500
9.438000 0.7500 0.7500 0.7500 0.7500 0.7500
9.471981 0.7500 0.7500 0.7500 0.7500 0.7500
9.506000 0.7500 0.7480 0.7480 0.7450 0.7400
9.539981 0.7310 0.7290 0.7290 0.7310 0.7330
9.574000 0.7310 0.7310 0.7290 0.7290 0.7290
9.607981 0.7290 0.7310 0.7310 0.7310 0.7330
9.642000 0.7360 0.7380 0.7400 0.7410 0.7470
9.675981 0.7500 0.7500 0.7500 0.7480 0.7500
9.710000 0.7500 0.7500 0.7520 0.7530 0.7530
9.743981 0.7530 0.7530 0.7520 0.7530 0.7530
9.778000 0.7530 0.7550 0.7600 0.7640 0.7650
9.811981 0.7650 0.7690 0.7700 0.7720 0.7740
9.846000 0.7760 0.7770 0.7790 0.7810 0.7820
9.879981 0.7840 0.7840 0.7890 0.7910 0.7940
9.914000 0.7960 0.7980 0.8000 0.8000 0.8000
9.947981 0.8010 0.8010 0.8030 0.8030 0.8030
9.982000 0.8030 0.8030 0.8030 0.8030 0.8030
10.015981 0.8030 0.8030 0.8030 0.8030 0.8030
10.049000 0.8030 0.8030 0.8030 0.8030 0.8030
10.082981 0.8030 0.8030 0.8030 0.8030 0.8030
10.117000 0.8030 0.8030 0.8030 0.8030 0.8030
10.150981 0.8030 0.8030 0.8030 0.8030 0.8010
10.185000 0.8010 0.8010 0.8010 0.8010 0.8010
10.218981 0.8010 0.8010 0.8010 0.8010 0.8010
10.253000 0.8010 0.8010 0.8010 0.8010 0.8010
10.286981 0.8010 0.8010 0.8010 0.8030 0.8030
10.321000 0.8030 0.8030 0.8030 0.8030 0.8030
10.354981 0.8030 0.8030 0.8030 0.8030 0.8030
10.389000 0.8030 0.8030 0.8030 0.8030 0.8030
10.422981 0.8030 0.8030 0.8030 0.8030 0.8050
10.457000 0.8060 0.8060 0.8060 0.8080 0.8080
10.490981 0.8100 0.8100 0.8100 0.8110 0.8130
10.525000 0.8130 0.8130 0.8130 0.8130 0.8130
10.558981 0.8130 0.8130 0.8130 0.8130 0.8150
10.593000 0.8150 0.8150 0.8150 0.8150 0.8130
10.626981 0.8110 0.8110 0.8110 0.8110 0.8110
10.661000 0.8130 0.8130 0.8130 0.8110 0.8110
10.694981 0.8110 0.8110 0.8130 0.8130 0.8110
10.729000 0.8110 0.8110 0.8100 0.8100 0.8080
10.762981 0.8080 0.8080 0.8080 0.8080 0.8080
10.797000 0.8060 0.8060 0.8060 0.8060 0.8060
10.830981 0.8050 0.8050 0.8050 0.8050 0.8050
10.865000 0.8050 0.8060 0.8060 0.8060 0.8080
10.898981 0.8110 0.8110 0.8110 0.8110 0.8110
10.933000 0.8110 0.8100 0.8100 0.8100 0.8100
10.966981 0.8110 0.8110 0.8110 0.8110 0.8110
11.000000 0.8110 0.8110 0.8110 0.8110 0.8100
11.033981 0.8100 0.8100 0.8100 0.8100 0.8100
11.068000 0.8100 0.8100 0.8100 0.8100 0.8080
11.101981 0.8060 0.8060 0.8050 0.8050 0.8050
11.136000 0.8030 0.8030 0.8010 0.8010 0.8010
11.169981 0.8000 0.8000 0.7980 0.7960 0.7940
11.204000 0.7930 0.7910 0.7890 0.7820 0.7790
11.237981 0.7770 0.7740 0.7740 0.7740 0.7720
11.272000 0.7720 0.7720 0.7720 0.7740 0.7770
11.305981 0.7810 0.7820 0.7840 0.7840 0.7840
11.340000 0.7840 0.7840 0.7880 0.7880 0.7880
11.373981 0.7890 0.7910 0.7910 0.7910 0.7910
11.408000 0.7910 0.7890 0.7860 0.7840 0.7840
11.441981 0.7840 0.7840 0.7840 0.7840 0.7860
11.476000 0.7860 0.7860 0.7880 0.7910 0.7940
11.509981 0.7940 0.7980 0.8010 0.8050 0.8100
11.544000 0.8110 0.8150 0.8170 0.8180 0.8180
11.577981 0.8200 0.8200 0.8230 0.8250 0.8270
11.612000 0.8290 0.8300 0.8320 0.8340 0.8350
11.645981 0.8340 0.8350 0.8370 0.8390 0.8390
11.680000 0.8410 0.8390 0.8410 0.8410 0.8410
11.713981 0.8420 0.8440 0.8440 0.8440 0.8440
11.748000 0.8440 0.8440 0.8420 0.8420 0.8420
11.781981 0.8440 0.8440 0.8460 0.8460 0.8440
11.816000 0.8440 0.8420 0.8410 0.8410 0.8420
11.849981 0.8470 0.8470 0.8470 0.8460 0.8460
11.884000 0.8440 0.8440 0.8440 0.8420 0.8420
11.917981 0.8420 0.8440 0.8440 0.8440 0.8420
11.951000 0.8420 0.8420 0.8420 0.8420 0.8410
11.984981 0.8410 0.8390 0.8370 0.8350 0.8340
12.019000 0.8340 0.8320 0.8300 0.8300 0.8300
12.052981 0.8300 0.8300 0.8300 0.8320 0.8340
12.087000 0.8350 0.8370 0.8370 0.8390 0.8390
12.120981 0.8410 0.8420 0.8440 0.8470 0.8470
12.155000 0.8490 0.8490 0.8510 0.8510 0.8510
12.188981 0.8510 0.8510 0.8510 0.8510 0.8510
12.223000 0.8490 0.8470 0.8470 0.8460 0.8460
12.256981 0.8460 0.8460 0.8460 0.8440 0.8440
12.291000 0.8420 0.8420 0.8420 0.8410 0.8410
12.324981 0.8390 0.8370 0.8350 0.8340 0.8340
12.359000 0.8320 0.8300 0.8300 0.8290 0.8270
12.392981 0.8250 0.8220 0.8200 0.8180 0.8170
12.427000 0.8150 0.8150 0.8150 0.8130 0.8130
12.460981 0.8110 0.8110 0.8110 0.8110 0.8130
12.495000 0.8110 0.8110 0.8110 0.8130 0.8150
12.528981 0.8170 0.8180 0.8200 0.8220 0.8220
12.563000 0.8230 0.8230 0.8250 0.8250 0.8250
12.596981 0.8250 0.8250 0.8270 0.8270 0.8270
12.631000 0.8290 0.8290 0.8290 0.8300 0.8300
12.664981 0.8270 0.8230 0.8220 0.8200 0.8200
12.699000 0.8200 0.8180 0.8150 0.8130 0.8130
12.732981 0.8100 0.8060 0.8030 0.8030 0.8010
12.767000 0.8010 0.8010 0.8010 0.8000 0.7980
12.800981 0.7910 0.8000 0.7890 0.7880 0.7820
12.835000 0.7810 0.7770 0.7770 0.7740 0.7720
12.868981 0.7690 0.7690 0.7690 0.7670 0.7620
12.902000 0.7600 0.7620 0.7620 0.7620 0.7620
12.935981 0.7600 0.7600 0.7570 0.7580 0.7580
12.970000 0.7600 0.7620 0.7620 0.7600 0.7580
13.003981 0.7570 0.7570 0.7550 0.7550 0.7530
13.038000 0.7520 0.7530 0.7530 0.7520 0.7500
13.071981 0.7480 0.7480 0.7480 0.7480 0.7450
13.106000 0.7400 0.7360 0.7350 0.7350 0.7360
13.139981 0.7360 0.7360 0.7350 0.7310 0.7280
13.174000 0.7260 0.7230 0.7210 0.7170 0.7140
13.207981 0.7110 0.7090 0.7070 0.7050 0.7040
13.242000 0.7020 0.7020 0.7000 0.6990 0.6970
13.275981 0.6970 0.6950 0.6940 0.6940 0.6920
13.310000 0.6900 0.6880 0.6880 0.6880 0.6870
13.343981 0.6850 0.6820 0.6780 0.6780 0.6760
13.378000 0.6750 0.6730 0.6730 0.6700 0.6700
13.411981 0.6680 0.6640 0.6630 0.6610 0.6590
13.446000 0.6560 0.6520 0.6490 0.6460 0.6420
13.479981 0.6410 0.6350 0.6300 0.6250 0.6230
13.514000 0.6220 0.6200 0.6150 0.6060 0.6000
13.547981 0.5960 0.5910 0.5890 0.5840 0.5770
13.582000 0.5700 0.5640 0.5600 0.5580 0.5570
13.615981 0.5520 0.5470 0.5410 0.5350 0.5290
13.650000 0.5240 0.5210 0.5190 0.5110 0.5040
13.683981 0.5000 0.4970 0.4850 0.4760 0.4680
13.718000 0.4610 0.4560 0.4490 0.4410 0.4250
13.751981 0.4180 0.4060 0.3980 0.3720 0.3670
13.786000 0.3600 0.3530 0.3470 0.3400 0.3360
13.819981 0.3350 0.3290 0.3230 0.3120 0.3050
13.853000 0.3020 0.2990 0.2950 0.2940 0.2950
13.886981 0.3000 0.3020 0.3040 0.3070 0.3160
13.921000 0.3260 0.3400 0.3550 0.3690 0.3740
13.954981 0.3820 0.4080 0.4130 0.4370 0.4590
13.989000 0.4800 0.4900 0.4920 0.4990 0.5190
14.022981 0.5350 0.5450 0.5580 0.5690 0.5820
14.057000 0.5940 0.5980 0.6100 0.6180 0.6290
14.090981 0.6370 0.6460 0.6540 0.6630 0.6700
14.125000 0.6780 0.6870 0.6940 0.7020 0.7110
14.158981 0.7170 0.7240 0.7330 0.7360 0.7430
14.193000 0.7530 0.7600 0.7640 0.7690 0.7720
14.226981 0.7740 0.7760 0.7820 0.7960 0.8000
14.261000 0.8010 0.8030 0.8060 0.8130 0.8150
14.294981 0.8180 0.8200 0.8250 0.8290 0.8340
14.329000 0.8340 0.8350 0.8390 0.8410 0.8490
14.362981 0.8510 0.8520 0.8540 0.8540 0.8540
14.397000 0.8540 0.8540 0.8540 0.8580 0.8630
14.430981 0.8660 0.8700 0.8730 0.8730 0.8730
14.465000 0.8710 0.8730 0.8730 0.8750 0.8750
14.498981 0.8750 0.8760 0.8760 0.8750 0.8750
14.533000 0.8730 0.8730 0.8730 0.8730 0.8750
14.566981 0.8750 0.8800 0.8800 0.8800 0.8820
14.601000 0.8820 0.8820 0.8820 0.8820 0.8800
14.634981 0.8800 0.8800 0.8820 0.8820 0.8820
14.669000 0.8800 0.8800 0.8800 0.8800 0.8800
14.702981 0.8820 0.8830 0.8830 0.8820 0.8800
14.737000 0.8780 0.8780 0.8760 0.8760 0.8750
14.770981 0.8730 0.8730 0.8700 0.8700 0.8700
14.804000 0.8700 0.8700 0.8700 0.8700 0.8700
14.837981 0.8710 0.8710 0.8710 0.8710 0.8710
14.872000 0.8680 0.8660 0.8660 0.8640 0.8630
14.905981 0.8630 0.8630 0.8610 0.8610 0.8610
14.940000 0.8590 0.8540 0.8520 0.8490 0.8470
14.973981 0.8460 0.8460 0.8420 0.8370 0.8320
15.008000 0.8270 0.8220 0.8200 0.8170 0.8170
15.041981 0.8150 0.8130 0.8130 0.8110 0.8110
15.076000 0.8100 0.8100 0.8110 0.8130 0.8150
15.109981 0.8150 0.8150 0.8110 0.8110 0.8060
15.144000 0.8050 0.8030 0.8030 0.8000 0.7980
15.177981 0.7930 0.7890 0.7840 0.7820 0.7810
15.212000 0.7790 0.7740 0.7670 0.7570 0.7520
15.245981 0.7480 0.7410 0.7400 0.7380 0.7350
15.280000 0.7290 0.7210 0.7120 0.7050 0.6970
15.313981 0.6880 0.6820 0.6760 0.6710 0.6640
15.348000 0.6630 0.6560 0.6470 0.6410 0.6350
15.381981 0.6290 0.6220 0.6100 0.6060 0.6010
15.416000 0.5960 0.5890 0.5840 0.5810 0.5760
15.449981 0.5740 0.5700 0.5670 0.5650 0.5640
15.484000 0.5620 0.5620 0.5600 0.5600 0.5580
15.517981 0.5580 0.5580 0.5600 0.5620 0.5640
15.552000 0.5670 0.5700 0.5720 0.5740 0.5760
15.585981 0.5770 0.5820 0.5930 0.5980 0.6030
15.620000 0.6060 0.6110 0.6170 0.6200 0.6230
15.653981 0.6290 0.6320 0.6390 0.6420 0.6440
15.688000 0.6490 0.6540 0.6590 0.6630 0.6710
15.721981 0.6760 0.6830 0.6880 0.6920 0.6970
15.755000 0.7000 0.7050 0.7110 0.7120 0.7160
15.788981 0.7190 0.7210 0.7230 0.7240 0.7240
15.823000 0.7280 0.7310 0.7350 0.7350 0.7360
15.856981 0.7380 0.7380 0.7380 0.7380 0.7380
15.891000 0.7400 0.7380 0.7400 0.7410 0.7430
15.924981 0.7430 0.7430 0.7430 0.7430 0.7430
15.959000 0.7430 0.7450 0.7470 0.7480 0.7480
##END=
