##TITLE=Linoleic acid, methyl ester
##JCAMP-DX=4.24
##DATA TYPE=INFRARED SPECTRUM
##CLASS=COBLENTZ III
##ORIGIN=WESTERN REGIONAL RES. USDA
##OWNER=Copyright (C) 1987 by the Coblentz Society
Collection (C) 2018 copyright by the U.S. Secretary of Commerce
on behalf of the United States of America. All rights reserved.
##DATE=1966/02/21
##NAMES=methyl (9Z,12Z)-9,12-octadecadienoate
##CAS REGISTRY NO=112-63-0
##MOLFORM=C19 H34 O2
##SOURCE REFERENCE=COBLENTZ NO. 6240
##$NIST SOURCE=COBLENTZ
##$NIST IMAGE=cob6240
##SPECTROMETER/DATA SYSTEM=CARY 90 (GRATING)
##INSTRUMENT PARAMETERS=ORDER CHANGES: 3000, 2000, 1200 CM^-^1
##STATE=SOLUTION (10% CCl4 FOR 4000-1220, 10% CS2 FOR 1220-450 CM^-^1) VS SOLVENT
##PATH LENGTH=0.011 CM, AND 0.010 CM
##RESOLUTION=2
##XUNITS=1/CM
##YUNITS=TRANSMITTANCE
##XFACTOR=1.0
##YFACTOR=1
##FIRSTX=480
##LASTX=4028
##FIRSTY=0.7737
##MAXX=4028
##MINX=480
##MAXY=0.9122
##MINY=0.0165
##NPOINTS=3549
##XYDATA=(X++(Y..Y))
480.000000 0.7737 0.7738 0.7738 0.7738 0.7739
485.000000 0.7739 0.7739 0.7739 0.7740 0.7740
490.000000 0.7740 0.7741 0.7743 0.7745 0.7747
495.000000 0.7749 0.7751 0.7753 0.7755 0.7757
500.000000 0.7759 0.7761 0.7762 0.7763 0.7764
505.000000 0.7766 0.7767 0.7768 0.7772 0.7776
510.000000 0.7780 0.7783 0.7787 0.7791 0.7795
515.000000 0.7799 0.7803 0.7807 0.7811 0.7815
520.000000 0.7818 0.7822 0.7845 0.7830 0.7834
525.000000 0.7837 0.7840 0.7842 0.7845 0.7847
530.000000 0.7850 0.7852 0.7855 0.7857 0.7860
535.000000 0.7864 0.7867 0.7871 0.7874 0.7878
540.000000 0.7882 0.7885 0.7889 0.7891 0.7891
545.000000 0.7890 0.7890 0.7889 0.7884 0.7880
550.000000 0.7875 0.7870 0.7861 0.7852 0.7843
555.000000 0.7834 0.7822 0.7807 0.7791 0.7776
560.000000 0.7760 0.7745 0.7732 0.7720 0.7707
565.000000 0.7695 0.7690 0.7685 0.7680 0.7675
570.000000 0.7670 0.7665 0.7661 0.7659 0.7657
575.000000 0.7655 0.7653 0.7651 0.7650 0.7648
580.000000 0.7604 0.7645 0.7643 0.7641 0.7639
585.000000 0.7638 0.7636 0.7635 0.7634 0.7633
590.000000 0.7632 0.7630 0.7621 0.7611 0.7602
595.000000 0.7593 0.7583 0.7569 0.7555 0.7541
600.000000 0.7537 0.7533 0.7534 0.7539 0.7545
605.000000 0.7550 0.7558 0.7569 0.7579 0.7594
610.000000 0.7611 0.7628 0.7645 0.7662 0.7677
615.000000 0.7692 0.7708 0.7722 0.7731 0.7740
620.000000 0.7746 0.7749 0.7752 0.7756 0.7759
625.000000 0.7759 0.7757 0.7756 0.7755 0.7764
630.000000 0.7750 0.7747 0.7744 0.7741 0.7737
635.000000 0.7733 0.7727 0.7721 0.7715 0.7709
640.000000 0.7703 0.7693 0.7683 0.7672 0.7662
645.000000 0.7652 0.7639 0.7622 0.7606 0.7589
650.000000 0.7572 0.7556 0.7539 0.7522 0.7499
655.000000 0.7468 0.7437 0.7406 0.7376 0.7345
660.000000 0.7310 0.7272 0.7234 0.7195 0.7157
665.000000 0.7118 0.7080 0.7042 0.7006 0.6970
670.000000 0.6934 0.6898 0.6857 0.6797 0.6736
675.000000 0.6675 0.6624 0.6574 0.6524 0.6474
680.000000 0.6425 0.6393 0.6364 0.6335 0.6307
685.000000 0.6278 0.6250 0.6220 0.6190 0.6159
690.000000 0.6129 0.6098 0.6068 0.6031 0.5986
695.000000 0.5941 0.5896 0.5851 0.5806 0.5761
700.000000 0.5716 0.5676 0.5637 0.5598 0.5559
705.000000 0.5520 0.5481 0.5443 0.5404 0.5371
710.000000 0.5338 0.5305 0.5272 0.5239 0.5206
715.000000 0.5169 0.5131 0.5094 0.5056 0.5040
720.000000 0.5024 0.5033 0.5006 0.5096 0.5129
725.000000 0.5210 0.5303 0.5397 0.5490 0.5583
730.000000 0.5677 0.5770 0.5864 0.5957 0.6050
735.000000 0.6144 0.6237 0.6330 0.6424 0.6517
740.000000 0.6611 0.6670 0.6716 0.6768 0.6829
745.000000 0.6889 0.6960 0.7063 0.7125 0.7165
750.000000 0.7189 0.7212 0.7236 0.7260 0.7283
755.000000 0.7306 0.7329 0.7353 0.7376 0.7399
760.000000 0.7422 0.7444 0.7463 0.7483 0.7503
765.000000 0.7523 0.7543 0.7562 0.7582 0.7602
770.000000 0.7622 0.7642 0.7662 0.7681 0.7701
775.000000 0.7720 0.7737 0.7755 0.7773 0.7790
780.000000 0.7808 0.7826 0.7843 0.7861 0.7879
785.000000 0.7895 0.7909 0.7924 0.7938 0.7953
790.000000 0.7967 0.7980 0.7982 0.7984 0.7981
795.000000 0.7978 0.7975 0.7972 0.7969 0.7966
800.000000 0.7963 0.7960 0.7958 0.7980 0.7954
805.000000 0.7952 0.7950 0.7948 0.7946 0.7945
810.000000 0.7943 0.7935 0.7926 0.7917 0.7908
815.000000 0.7899 0.7887 0.7870 0.7854 0.7837
820.000000 0.7820 0.7801 0.7775 0.7748 0.7720
825.000000 0.7681 0.7642 0.7603 0.7564 0.7533
830.000000 0.7501 0.7470 0.7458 0.7446 0.7433
835.000000 0.7420 0.7412 0.7398 0.7419 0.7431
840.000000 0.7452 0.7480 0.7508 0.7530 0.7552
845.000000 0.7575 0.7590 0.7599 0.7608 0.7616
850.000000 0.7623 0.7605 0.7600 0.7595 0.7589
855.000000 0.7584 0.7579 0.7574 0.7569 0.7563
860.000000 0.7558 0.7551 0.7545 0.7538 0.7532
865.000000 0.7525 0.7519 0.7512 0.7505 0.7498
870.000000 0.7491 0.7484 0.7477 0.7469 0.7462
875.000000 0.7459 0.7472 0.7433 0.7499 0.7512
880.000000 0.7524 0.7536 0.7549 0.7569 0.7593
885.000000 0.7618 0.7642 0.7662 0.7682 0.7697
890.000000 0.7696 0.7695 0.7680 0.7662 0.7644
895.000000 0.7626 0.7608 0.7590 0.7567 0.7539
900.000000 0.7511 0.7483 0.7455 0.7418 0.7376
905.000000 0.7335 0.7304 0.7282 0.7260 0.7239
910.000000 0.7237 0.7255 0.7279 0.7329 0.7373
915.000000 0.7412 0.7451 0.7492 0.7534 0.7575
920.000000 0.7613 0.7650 0.7687 0.7712 0.7731
925.000000 0.7750 0.7769 0.7782 0.7791 0.7800
930.000000 0.7808 0.7810 0.7806 0.7816 0.7795
935.000000 0.7789 0.7783 0.7775 0.7767 0.7758
940.000000 0.7750 0.7741 0.7732 0.7722 0.7713
945.000000 0.7704 0.7694 0.7684 0.7674 0.7664
950.000000 0.7653 0.7643 0.7633 0.7622 0.7612
955.000000 0.7602 0.7591 0.7581 0.7568 0.7552
960.000000 0.7536 0.7520 0.7504 0.7487 0.7472
965.000000 0.7456 0.7440 0.7425 0.7409 0.7394
970.000000 0.7378 0.7363 0.7347 0.7331 0.7316
975.000000 0.7299 0.7278 0.7256 0.7234 0.7213
980.000000 0.7191 0.7169 0.7148 0.7131 0.7117
985.000000 0.7103 0.7089 0.7075 0.7075 0.7075
990.000000 0.7075 0.7076 0.7078 0.7082 0.7086
995.000000 0.7090 0.7090 0.7091 0.7080 0.7061
1000.000000 0.7042 0.7016 0.6969 0.6920 0.6872
1005.000000 0.6823 0.6780 0.6742 0.6704 0.6667
1010.000000 0.6629 0.6605 0.6587 0.6583 0.6578
1015.000000 0.6540 0.6580 0.6588 0.6599 0.6629
1020.000000 0.6660 0.6698 0.6736 0.6774 0.6829
1025.000000 0.6885 0.6941 0.6978 0.7015 0.7052
1030.000000 0.7075 0.7093 0.7112 0.7131 0.7149
1035.000000 0.7163 0.7168 0.7173 0.7178 0.7183
1040.000000 0.7188 0.7193 0.7198 0.7204 0.7211
1045.000000 0.7218 0.7225 0.7232 0.7239 0.7246
1050.000000 0.7257 0.7268 0.7279 0.7290 0.7300
1055.000000 0.7311 0.7321 0.7328 0.7336 0.7344
1060.000000 0.7352 0.7360 0.7368 0.7376 0.7388
1065.000000 0.7385 0.7385 0.7385 0.7386 0.7371
1070.000000 0.7343 0.7306 0.7269 0.7217 0.7164
1075.000000 0.7105 0.7042 0.6979 0.6916 0.6853
1080.000000 0.6790 0.6727 0.6697 0.6662 0.6624
1085.000000 0.6586 0.6542 0.6498 0.6454 0.6424
1090.000000 0.6399 0.6374 0.6350 0.6327 0.6310
1095.000000 0.6293 0.6277 0.6275 0.6274 0.6214
1100.000000 0.6287 0.6333 0.6415 0.6495 0.6574
1105.000000 0.6602 0.6622 0.6618 0.6660 0.6599
1110.000000 0.6584 0.6552 0.6514 0.6477 0.6442
1115.000000 0.6407 0.6372 0.6336 0.6320 0.6313
1120.000000 0.6306 0.6299 0.6293 0.6286 0.6280
1125.000000 0.6266 0.6249 0.6202 0.6109 0.6000
1130.000000 0.5927 0.5884 0.5842 0.5801 0.5747
1135.000000 0.5689 0.5631 0.5577 0.5525 0.5473
1140.000000 0.5421 0.5370 0.5319 0.5268 0.5203
1145.000000 0.5131 0.5060 0.4991 0.4922 0.4746
1150.000000 0.4560 0.4422 0.4279 0.4135 0.3971
1155.000000 0.3833 0.3715 0.3597 0.3415 0.3220
1160.000000 0.3097 0.2975 0.2890 0.2815 0.2753
1165.000000 0.2697 0.2653 0.2637 0.2566 0.2662
1170.000000 0.2755 0.2880 0.3005 0.3130 0.3255
1175.000000 0.3379 0.3504 0.3629 0.3754 0.3879
1180.000000 0.3932 0.3929 0.3906 0.3802 0.3698
1185.000000 0.3594 0.3489 0.3385 0.3281 0.3177
1190.000000 0.3073 0.2969 0.2950 0.2951 0.2950
1195.000000 0.2957 0.3031 0.3119 0.3208 0.3296
1200.000000 0.3385 0.3473 0.3562 0.3650 0.3739
1205.000000 0.3828 0.3916 0.4005 0.4068 0.4105
1210.000000 0.4149 0.4214 0.4281 0.4361 0.4417
1215.000000 0.4449 0.4481 0.4507 0.4523 0.4528
1220.000000 0.4533 0.4539 0.4543 0.4569 0.4546
1225.000000 0.4543 0.4535 0.4527 0.4514 0.4491
1230.000000 0.4467 0.4439 0.4410 0.4381 0.4330
1235.000000 0.4279 0.4227 0.4170 0.4111 0.4051
1240.000000 0.3989 0.3940 0.3941 0.3911 0.3951
1245.000000 0.3984 0.4044 0.4120 0.4193 0.4266
1250.000000 0.4345 0.4423 0.4501 0.4578 0.4623
1255.000000 0.4661 0.4699 0.4737 0.4778 0.4823
1260.000000 0.4868 0.4913 0.4953 0.4989 0.5026
1265.000000 0.5063 0.5099 0.5135 0.5170 0.5206
1270.000000 0.5233 0.5261 0.5288 0.5317 0.5357
1275.000000 0.5397 0.5438 0.5478 0.5541 0.5606
1280.000000 0.5674 0.5778 0.5886 0.6006 0.6085
1285.000000 0.6146 0.6178 0.6203 0.6214 0.6226
1290.000000 0.6237 0.6249 0.6259 0.6268 0.6278
1295.000000 0.6287 0.6296 0.6305 0.6314 0.6321
1300.000000 0.6329 0.6336 0.6340 0.6342 0.6373
1305.000000 0.6337 0.6328 0.6315 0.6297 0.6271
1310.000000 0.6243 0.6211 0.6171 0.6151 0.6142
1315.000000 0.6137 0.6135 0.6180 0.6247 0.6285
1320.000000 0.6322 0.6364 0.6429 0.6495 0.6560
1325.000000 0.6626 0.6651 0.6658 0.6664 0.6658
1330.000000 0.6691 0.6646 0.6631 0.6613 0.6584
1335.000000 0.6548 0.6505 0.6461 0.6413 0.6364
1340.000000 0.6316 0.6266 0.6217 0.6167 0.6117
1345.000000 0.6067 0.6015 0.5963 0.5911 0.5859
1350.000000 0.5807 0.5747 0.5687 0.5627 0.5558
1355.000000 0.5488 0.5480 0.5472 0.5449 0.5484
1360.000000 0.5501 0.5560 0.5639 0.5715 0.5805
1365.000000 0.5900 0.6026 0.6174 0.6234 0.6231
1370.000000 0.6197 0.6135 0.6070 0.6034 0.6013
1375.000000 0.6018 0.6038 0.6388 0.6596 0.7239
1380.000000 0.7349 0.7426 0.7447 0.7447 0.7445
1385.000000 0.7474 0.7382 0.7323 0.7244 0.7164
1390.000000 0.7082 0.7001 0.6944 0.6890 0.6848
1395.000000 0.6806 0.6845 0.6894 0.7007 0.7139
1400.000000 0.7303 0.7428 0.7457 0.7466 0.7469
1405.000000 0.7464 0.7497 0.7318 0.7174 0.7041
1410.000000 0.6928 0.6816 0.6711 0.6608 0.6504
1415.000000 0.6439 0.6382 0.6326 0.6298 0.6276
1420.000000 0.6244 0.6207 0.6143 0.6050 0.5810
1425.000000 0.5281 0.4752 0.4224 0.3695 0.3166
1430.000000 0.2826 0.2781 0.2748 0.2736 0.2726
1435.000000 0.2745 0.2894 0.3769 0.4316 0.4381
1440.000000 0.4415 0.4442 0.4458 0.4471 0.4477
1445.000000 0.4492 0.4472 0.4461 0.4449 0.4397
1450.000000 0.4313 0.4086 0.3885 0.3787 0.3730
1455.000000 0.3707 0.3685 0.3670 0.3658 0.3651
1460.000000 0.3649 0.3647 0.3600 0.3655 0.3663
1465.000000 0.3676 0.4411 0.5584 0.6297 0.6618
1470.000000 0.6931 0.7118 0.7269 0.7404 0.7512
1475.000000 0.7602 0.7691 0.7766 0.7831 0.7896
1480.000000 0.7960 0.7997 0.8034 0.8071 0.8106
1485.000000 0.8126 0.8145 0.8164 0.8184 0.8203
1490.000000 0.8222 0.8239 0.8254 0.8269 0.8284
1495.000000 0.8298 0.8313 0.8328 0.8339 0.8347
1500.000000 0.8356 0.8364 0.8372 0.8381 0.8389
1505.000000 0.8397 0.8405 0.8414 0.8422 0.8428
1510.000000 0.8435 0.8441 0.8447 0.8453 0.8459
1515.000000 0.8465 0.8471 0.8477 0.8483 0.8490
1520.000000 0.8494 0.8498 0.8502 0.8505 0.8509
1525.000000 0.8513 0.8516 0.8520 0.8522 0.8522
1530.000000 0.8523 0.8524 0.8524 0.8525 0.8526
1535.000000 0.8526 0.8527 0.8528 0.8528 0.8529
1540.000000 0.8530 0.8530 0.8531 0.8532 0.8532
1545.000000 0.8533 0.8532 0.8530 0.8528 0.8525
1550.000000 0.8523 0.8521 0.8519 0.8516 0.8514
1555.000000 0.8512 0.8509 0.8507 0.8504 0.8501
1560.000000 0.8496 0.8493 0.8489 0.8486 0.8482
1565.000000 0.8479 0.8475 0.8472 0.8469 0.8466
1570.000000 0.8463 0.8460 0.8457 0.8454 0.8451
1575.000000 0.8452 0.8457 0.8462 0.8468 0.8473
1580.000000 0.8479 0.8486 0.8494 0.8502 0.8510
1585.000000 0.8518 0.8518 0.8517 0.8517 0.8515
1590.000000 0.8510 0.8505 0.8499 0.8494 0.8489
1595.000000 0.8484 0.8478 0.8473 0.8467 0.8462
1600.000000 0.8456 0.8451 0.8445 0.8441 0.8440
1605.000000 0.8440 0.8439 0.8439 0.8440 0.8443
1610.000000 0.8445 0.8447 0.8450 0.8450 0.8450
1615.000000 0.8450 0.8450 0.8449 0.8449 0.8449
1620.000000 0.8448 0.8443 0.8438 0.8432 0.8427
1625.000000 0.8422 0.8416 0.8403 0.8384 0.8366
1630.000000 0.8347 0.8330 0.8314 0.8297 0.8281
1635.000000 0.8264 0.8247 0.8231 0.8195 0.8157
1640.000000 0.8119 0.8081 0.8051 0.8026 0.8002
1645.000000 0.7983 0.7970 0.7960 0.7959 0.7958
1650.000000 0.7945 0.7956 0.7963 0.7970 0.7979
1655.000000 0.7998 0.8028 0.8064 0.8118 0.8162
1660.000000 0.8183 0.8205 0.8223 0.8232 0.8241
1665.000000 0.8250 0.8252 0.8254 0.8271 0.8240
1670.000000 0.8232 0.8222 0.8209 0.8195 0.8177
1675.000000 0.8160 0.8141 0.8122 0.8102 0.8083
1680.000000 0.8062 0.8042 0.8022 0.8002 0.7981
1685.000000 0.7950 0.7919 0.7888 0.7856 0.7823
1690.000000 0.7782 0.7741 0.7699 0.7659 0.7623
1695.000000 0.7587 0.7552 0.7516 0.7481 0.7446
1700.000000 0.7416 0.7386 0.7356 0.7329 0.7303
1705.000000 0.7276 0.7240 0.7198 0.7156 0.7102
1710.000000 0.7045 0.6986 0.6902 0.6819 0.6736
1715.000000 0.6631 0.6524 0.6416 0.6287 0.6156
1720.000000 0.6024 0.5890 0.5756 0.5574 0.5349
1725.000000 0.4235 0.3771 0.3308 0.2844 0.2381
1730.000000 0.1917 0.1454 0.1103 0.0923 0.0744
1735.000000 0.0537 0.0437 0.0347 0.0257 0.0207
1740.000000 0.0193 0.0165 0.0194 0.0204 0.0221
1745.000000 0.0242 0.0421 0.0821 0.1220 0.1619
1750.000000 0.2019 0.2418 0.2818 0.3162 0.3400
1755.000000 0.3850 0.4109 0.4370 0.4709 0.5797
1760.000000 0.6030 0.6190 0.6400 0.6634 0.6788
1765.000000 0.6945 0.7139 0.7215 0.7290 0.7364
1770.000000 0.7411 0.7459 0.7506 0.7553 0.7598
1775.000000 0.7640 0.7683 0.7725 0.7763 0.7800
1780.000000 0.7836 0.7873 0.7937 0.7963 0.7988
1785.000000 0.8013 0.8042 0.8073 0.8103 0.8134
1790.000000 0.8166 0.8201 0.8236 0.8270 0.8305
1795.000000 0.8338 0.8363 0.8387 0.8411 0.8435
1800.000000 0.8459 0.8483 0.8508 0.8530 0.8547
1805.000000 0.8564 0.8581 0.8598 0.8615 0.8632
1810.000000 0.8648 0.8662 0.8677 0.8692 0.8706
1815.000000 0.8721 0.8734 0.8742 0.8751 0.8760
1820.000000 0.8768 0.8777 0.8786 0.8794 0.8802
1825.000000 0.8808 0.8814 0.8819 0.8825 0.8831
1830.000000 0.8837 0.8843 0.8848 0.8852 0.8854
1835.000000 0.8856 0.8858 0.8859 0.8861 0.8863
1840.000000 0.8865 0.8866 0.8868 0.8869 0.8870
1845.000000 0.8871 0.8872 0.8873 0.8875 0.8876
1850.000000 0.8877 0.8878 0.8879 0.8880 0.8881
1855.000000 0.8881 0.8881 0.8881 0.8881 0.8881
1860.000000 0.8881 0.8881 0.8882 0.8882 0.8882
1865.000000 0.8882 0.8882 0.8882 0.8882 0.8882
1870.000000 0.8882 0.8882 0.8882 0.8882 0.8882
1875.000000 0.8882 0.8882 0.8882 0.8882 0.8882
1880.000000 0.8882 0.8885 0.8887 0.8889 0.8891
1885.000000 0.8893 0.8895 0.8898 0.8900 0.8902
1890.000000 0.8904 0.8907 0.8910 0.8913 0.8916
1895.000000 0.8919 0.8922 0.8925 0.8928 0.8929
1900.000000 0.8931 0.8933 0.8935 0.8937 0.8938
1905.000000 0.8939 0.8941 0.8942 0.8943 0.8944
1910.000000 0.8945 0.8946 0.8947 0.8948 0.8949
1915.000000 0.8950 0.8951 0.8952 0.8953 0.8954
1920.000000 0.8955 0.8956 0.8956 0.8956 0.8955
1925.000000 0.8955 0.8954 0.8954 0.8953 0.8953
1930.000000 0.8952 0.8952 0.8951 0.8951 0.8950
1935.000000 0.8950 0.8949 0.8948 0.8948 0.8947
1940.000000 0.8947 0.8946 0.8946 0.8945 0.8945
1945.000000 0.8944 0.8944 0.8943 0.8942 0.8942
1950.000000 0.8941 0.8941 0.8940 0.8940 0.8939
1955.000000 0.8937 0.8936 0.8935 0.8934 0.8932
1960.000000 0.8931 0.8930 0.8929 0.8928 0.8926
1965.000000 0.8925 0.8924 0.8923 0.8921 0.8920
1970.000000 0.8918 0.8916 0.8915 0.8913 0.8911
1975.000000 0.8910 0.8908 0.8906 0.8905 0.8903
1980.000000 0.8901 0.8900 0.8898 0.8896 0.8894
1985.000000 0.8893 0.8891 0.8889 0.8888 0.8886
1990.000000 0.8884 0.8883 0.8881 0.8880 0.8878
1995.000000 0.8877 0.8875 0.8874 0.8872 0.8871
2000.000000 0.8868 0.8866 0.8864 0.8862 0.8861
2005.000000 0.8860 0.8859 0.8857 0.8856 0.8855
2010.000000 0.8854 0.8854 0.8854 0.8855 0.8856
2015.000000 0.8857 0.8858 0.8859 0.8860 0.8861
2020.000000 0.8863 0.8864 0.8865 0.8866 0.8867
2025.000000 0.8868 0.8869 0.8870 0.8871 0.8872
2030.000000 0.8874 0.8875 0.8876 0.8877 0.8878
2035.000000 0.8880 0.8882 0.8884 0.8856 0.8889
2040.000000 0.8891 0.8893 0.8896 0.8896 0.8897
2045.000000 0.8897 0.8897 0.8897 0.8897 0.8897
2050.000000 0.8897 0.8897 0.8897 0.8897 0.8897
2055.000000 0.8897 0.8897 0.8897 0.8897 0.8897
2060.000000 0.8897 0.8897 0.8897 0.8897 0.8898
2065.000000 0.8900 0.8903 0.8906 0.8909 0.8912
2070.000000 0.8915 0.8918 0.8921 0.8924 0.8928
2075.000000 0.8932 0.8936 0.8940 0.8944 0.8948
2080.000000 0.8952 0.8955 0.8959 0.8963 0.8967
2085.000000 0.8970 0.8974 0.8978 0.8982 0.8985
2090.000000 0.8989 0.8993 0.8997 0.9000 0.9004
2095.000000 0.9007 0.9011 0.9012 0.9014 0.9016
2100.000000 0.9018 0.9019 0.9021 0.9022 0.9024
2105.000000 0.9026 0.9028 0.9029 0.9031 0.9033
2110.000000 0.9035 0.9036 0.9037 0.9038 0.9040
2115.000000 0.9041 0.9043 0.9044 0.9045 0.9046
2120.000000 0.9048 0.9049 0.9050 0.9051 0.9053
2125.000000 0.9054 0.9056 0.9057 0.9059 0.9060
2130.000000 0.9061 0.9062 0.9064 0.9065 0.9067
2135.000000 0.9068 0.9070 0.9071 0.9073 0.9074
2140.000000 0.9075 0.9076 0.9077 0.9077 0.9077
2145.000000 0.9077 0.9077 0.9077 0.9078 0.9078
2150.000000 0.9078 0.9078 0.9078 0.9078 0.9078
2155.000000 0.9078 0.9079 0.9079 0.9079 0.9079
2160.000000 0.9079 0.9079 0.9080 0.9080 0.9080
2165.000000 0.9080 0.9080 0.9080 0.9080 0.9080
2170.000000 0.9081 0.9081 0.9081 0.9081 0.9081
2175.000000 0.9081 0.9082 0.9082 0.9082 0.9082
2180.000000 0.9082 0.9082 0.9082 0.9082 0.9083
2185.000000 0.9083 0.9084 0.9084 0.9085 0.9085
2190.000000 0.9086 0.9086 0.9087 0.9087 0.9088
2195.000000 0.9088 0.9089 0.9089 0.9089 0.9089
2200.000000 0.9090 0.9090 0.9091 0.9091 0.9092
2205.000000 0.9092 0.9093 0.9093 0.9094 0.9094
2210.000000 0.9095 0.9095 0.9096 0.9096 0.9097
2215.000000 0.9096 0.9096 0.9095 0.9095 0.9094
2220.000000 0.9094 0.9093 0.9093 0.9092 0.9092
2225.000000 0.9091 0.9090 0.9089 0.9089 0.9088
2230.000000 0.9088 0.9087 0.9087 0.9086 0.9086
2235.000000 0.9085 0.9085 0.9084 0.9084 0.9083
2240.000000 0.9082 0.9081 0.9081 0.9080 0.9079
2245.000000 0.9077 0.9076 0.9074 0.9073 0.9071
2250.000000 0.9070 0.9068 0.9067 0.9065 0.9064
2255.000000 0.9062 0.9061 0.9059 0.9058 0.9056
2260.000000 0.9055 0.9053 0.9052 0.9050 0.9049
2265.000000 0.9048 0.9047 0.9045 0.9044 0.9042
2270.000000 0.9041 0.9039 0.9038 0.9037 0.9036
2275.000000 0.9034 0.9033 0.9032 0.9031 0.9029
2280.000000 0.9028 0.9027 0.9026 0.9024 0.9023
2285.000000 0.9022 0.9021 0.9019 0.9018 0.9017
2290.000000 0.9016 0.9014 0.9013 0.9012 0.9011
2295.000000 0.9010 0.9010 0.9009 0.9008 0.9007
2300.000000 0.9007 0.9006 0.9005 0.9004 0.9004
2305.000000 0.9003 0.9002 0.9001 0.9001 0.9000
2310.000000 0.8999 0.8998 0.8998 0.8997 0.8996
2315.000000 0.8995 0.8995 0.8994 0.8993 0.8992
2320.000000 0.8992 0.8991 0.8990 0.8989 0.8988
2325.000000 0.8988 0.8988 0.8988 0.8988 0.8988
2330.000000 0.8989 0.8989 0.8990 0.8990 0.8990
2335.000000 0.8990 0.8991 0.8991 0.8991 0.8991
2340.000000 0.8992 0.8992 0.8993 0.8993 0.8993
2345.000000 0.8993 0.8994 0.8994 0.8995 0.8995
2350.000000 0.8996 0.8996 0.8997 0.8997 0.8998
2355.000000 0.8998 0.8999 0.8999 0.9000 0.9000
2360.000000 0.9001 0.9001 0.9002 0.9003 0.9004
2365.000000 0.9005 0.9006 0.9007 0.9009 0.9010
2370.000000 0.9011 0.9012 0.9014 0.9015 0.9016
2375.000000 0.9017 0.9019 0.9020 0.9021 0.9022
2380.000000 0.9023 0.9024 0.9025 0.9026 0.9027
2385.000000 0.9028 0.9029 0.9030 0.9031 0.9032
2390.000000 0.9033 0.9034 0.9035 0.9035 0.9036
2395.000000 0.9037 0.9038 0.9039 0.9040 0.9040
2400.000000 0.9041 0.9042 0.9044 0.9045 0.9047
2405.000000 0.9048 0.9050 0.9051 0.9053 0.9054
2410.000000 0.9056 0.9057 0.9058 0.9059 0.9061
2415.000000 0.9062 0.9063 0.9064 0.9065 0.9066
2420.000000 0.9067 0.9067 0.9068 0.9069 0.9070
2425.000000 0.9070 0.9071 0.9071 0.9071 0.9071
2430.000000 0.9071 0.9071 0.9071 0.9071 0.9071
2435.000000 0.9071 0.9071 0.9070 0.9070 0.9070
2440.000000 0.9070 0.9069 0.9068 0.9067 0.9066
2445.000000 0.9065 0.9065 0.9064 0.9063 0.9062
2450.000000 0.9061 0.9060 0.9059 0.9058 0.9058
2455.000000 0.9058 0.9058 0.9057 0.9057 0.9056
2460.000000 0.9056 0.9056 0.9056 0.9055 0.9055
2465.000000 0.9054 0.9054 0.9054 0.9054 0.9053
2470.000000 0.9053 0.9052 0.9052 0.9051 0.9051
2475.000000 0.9050 0.9049 0.9048 0.9047 0.9046
2480.000000 0.9045 0.9044 0.9043 0.9042 0.9041
2485.000000 0.9040 0.9039 0.9038 0.9037 0.9036
2490.000000 0.9035 0.9034 0.9033 0.9032 0.9031
2495.000000 0.9030 0.9029 0.9028 0.9027 0.9025
2500.000000 0.9024 0.9023 0.9022 0.9021 0.9020
2505.000000 0.9018 0.9017 0.9016 0.9015 0.9013
2510.000000 0.9012 0.9011 0.9010 0.9009 0.9008
2515.000000 0.9006 0.9005 0.9004 0.9003 0.9003
2520.000000 0.9003 0.9003 0.9003 0.9003 0.9003
2525.000000 0.9003 0.9003 0.9003 0.9004 0.9004
2530.000000 0.9004 0.9004 0.9004 0.9004 0.9005
2535.000000 0.9005 0.9005 0.9005 0.9005 0.9005
2540.000000 0.9006 0.9006 0.9006 0.9006 0.9006
2545.000000 0.9006 0.9006 0.9006 0.9006 0.9005
2550.000000 0.9004 0.9002 0.9001 0.9000 0.8999
2555.000000 0.8997 0.8996 0.8995 0.8994 0.8992
2560.000000 0.8991 0.8989 0.8988 0.8986 0.8985
2565.000000 0.8983 0.8982 0.8980 0.8979 0.8977
2570.000000 0.8976 0.8974 0.8973 0.8972 0.8971
2575.000000 0.8970 0.8969 0.8967 0.8966 0.8965
2580.000000 0.8964 0.8963 0.8962 0.8960 0.8959
2585.000000 0.8958 0.8957 0.8956 0.8955 0.8953
2590.000000 0.8952 0.8951 0.8950 0.8949 0.8948
2595.000000 0.8945 0.8943 0.8940 0.8937 0.8934
2600.000000 0.8932 0.8929 0.8927 0.8924 0.8922
2605.000000 0.8919 0.8916 0.8913 0.8911 0.8908
2610.000000 0.8906 0.8903 0.8901 0.8898 0.8895
2615.000000 0.8892 0.8890 0.8887 0.8885 0.8883
2620.000000 0.8881 0.8879 0.8877 0.8875 0.8873
2625.000000 0.8871 0.8869 0.8867 0.8865 0.8863
2630.000000 0.8861 0.8859 0.8857 0.8855 0.8853
2635.000000 0.8850 0.8848 0.8845 0.8843 0.8840
2640.000000 0.8837 0.8834 0.8831 0.8828 0.8826
2645.000000 0.8823 0.8820 0.8817 0.8814 0.8811
2650.000000 0.8809 0.8806 0.8803 0.8802 0.8801
2655.000000 0.8801 0.8801 0.8801 0.8802 0.8802
2660.000000 0.8803 0.8803 0.8803 0.8803 0.8804
2665.000000 0.8804 0.8805 0.8805 0.8805 0.8805
2670.000000 0.8806 0.8807 0.8808 0.8811 0.8814
2675.000000 0.8816 0.8819 0.8821 0.8824 0.8826
2680.000000 0.8829 0.8831 0.8834 0.8836 0.8839
2685.000000 0.8840 0.8842 0.8842 0.8843 0.8843
2690.000000 0.8844 0.8844 0.8845 0.8845 0.8846
2695.000000 0.8846 0.8847 0.8847 0.8848 0.8849
2700.000000 0.8850 0.8849 0.8849 0.8846 0.8844
2705.000000 0.8842 0.8840 0.8837 0.8835 0.8832
2710.000000 0.8830 0.8828 0.8826 0.8823 0.8821
2715.000000 0.8818 0.8816 0.8813 0.8811 0.8807
2720.000000 0.8803 0.8799 0.8796 0.8792 0.8788
2725.000000 0.8784 0.8780 0.8776 0.8773 0.8769
2730.000000 0.8765 0.8762 0.8759 0.8758 0.8758
2735.000000 0.8758 0.8758 0.8758 0.8758 0.8757
2740.000000 0.8757 0.8757 0.8757 0.8759 0.8762
2745.000000 0.8764 0.8767 0.8770 0.8773 0.8775
2750.000000 0.8778 0.8781 0.8784 0.8786 0.8789
2755.000000 0.8791 0.8793 0.8794 0.8795 0.8791
2760.000000 0.8788 0.8782 0.8777 0.8771 0.8765
2765.000000 0.8759 0.8754 0.8748 0.8743 0.8737
2770.000000 0.8731 0.8725 0.8720 0.8711 0.8702
2775.000000 0.8692 0.8682 0.8672 0.8663 0.8650
2780.000000 0.8637 0.8623 0.8610 0.8596 0.8583
2785.000000 0.8569 0.8556 0.8541 0.8526 0.8510
2790.000000 0.8494 0.8478 0.8462 0.8446 0.8430
2795.000000 0.8410 0.8390 0.8367 0.8345 0.8322
2800.000000 0.8299 0.8276 0.8254 0.8232 0.8210
2805.000000 0.8188 0.8167 0.8145 0.8124 0.8102
2810.000000 0.8081 0.8059 0.8038 0.8007 0.7976
2815.000000 0.7939 0.7903 0.7866 0.7829 0.7792
2820.000000 0.7755 0.7714 0.7674 0.7622 0.7570
2825.000000 0.7518 0.7467 0.7290 0.7114 0.7011
2830.000000 0.6909 0.6758 0.6608 0.6398 0.6188
2835.000000 0.6047 0.5906 0.5789 0.5673 0.5595
2840.000000 0.5518 0.5440 0.5363 0.5234 0.5106
2845.000000 0.4651 0.4197 0.3942 0.3688 0.3433
2850.000000 0.3178 0.2923 0.2668 0.2413 0.2158
2855.000000 0.1903 0.1649 0.1394 0.1139 0.1020
2860.000000 0.0902 0.0894 0.0887 0.0886 0.0870
2865.000000 0.0911 0.0937 0.1169 0.1402 0.1634
2870.000000 0.1867 0.2099 0.2332 0.2523 0.2715
2875.000000 0.2739 0.2763 0.2779 0.2795 0.2862
2880.000000 0.2930 0.3173 0.3417 0.3655 0.3894
2885.000000 0.3934 0.3985 0.3975 0.3975 0.3950
2890.000000 0.3925 0.3833 0.3742 0.3650 0.3559
2895.000000 0.3467 0.3376 0.3284 0.3193 0.3102
2900.000000 0.3011 0.2919 0.2828 0.2736 0.2645
2905.000000 0.2553 0.2462 0.2370 0.2279 0.2187
2910.000000 0.2096 0.2005 0.1914 0.1822 0.1731
2915.000000 0.1639 0.1548 0.1456 0.1365 0.1273
2920.000000 0.1182 0.1090 0.0999 0.0908 0.0817
2925.000000 0.0725 0.0634 0.0542 0.0451 0.0370
2930.000000 0.0289 0.0272 0.0255 0.0241 0.0227
2935.000000 0.0220 0.0213 0.0214 0.0172 0.0218
2940.000000 0.0221 0.0266 0.0311 0.0368 0.0426
2945.000000 0.0483 0.0541 0.0598 0.0656 0.0713
2950.000000 0.0771 0.0829 0.0887 0.0909 0.0932
2955.000000 0.0934 0.0936 0.0936 0.0936 0.0938
2960.000000 0.0941 0.0947 0.0954 0.0962 0.0970
2965.000000 0.1092 0.1215 0.1418 0.1622 0.1826
2970.000000 0.2030 0.2233 0.2437 0.2640 0.2844
2975.000000 0.3047 0.3251 0.3455 0.3659 0.3862
2980.000000 0.4066 0.4269 0.4473 0.4676 0.4880
2985.000000 0.5084 0.5288 0.5440 0.5592 0.5601
2990.000000 0.5621 0.5607 0.5604 0.5600 0.5597
2995.000000 0.5591 0.5585 0.5570 0.5556 0.5386
3000.000000 0.5217 0.5030 0.4844 0.4658 0.4472
3005.000000 0.4285 0.4099 0.3913 0.3727 0.3540
3010.000000 0.3354 0.3168 0.2982 0.2911 0.2840
3015.000000 0.2837 0.2834 0.2834 0.2834 0.2840
3020.000000 0.2781 0.2975 0.3105 0.3402 0.3699
3025.000000 0.3995 0.4292 0.4589 0.4886 0.5182
3030.000000 0.5479 0.5738 0.5998 0.6237 0.6477
3035.000000 0.6602 0.6727 0.6813 0.6900 0.6967
3040.000000 0.7034 0.7089 0.7145 0.7221 0.7298
3045.000000 0.7434 0.7571 0.7621 0.7672 0.7723
3050.000000 0.7774 0.7841 0.7909 0.7961 0.8014
3055.000000 0.8036 0.8058 0.8080 0.8103 0.8125
3060.000000 0.8147 0.8168 0.8189 0.8209 0.8230
3065.000000 0.8250 0.8271 0.8290 0.8309 0.8328
3070.000000 0.8347 0.8366 0.8385 0.8404 0.8423
3075.000000 0.8439 0.8455 0.8470 0.8486 0.8501
3080.000000 0.8517 0.8532 0.8548 0.8563 0.8579
3085.000000 0.8594 0.8609 0.8624 0.8639 0.8654
3090.000000 0.8669 0.8679 0.8689 0.8699 0.8709
3095.000000 0.8719 0.8729 0.8739 0.8749 0.8759
3100.000000 0.8769 0.8779 0.8789 0.8796 0.8803
3105.000000 0.8808 0.8814 0.8819 0.8825 0.8830
3110.000000 0.8835 0.8840 0.8846 0.8850 0.8854
3115.000000 0.8857 0.8861 0.8864 0.8868 0.8870
3120.000000 0.8873 0.8875 0.8878 0.8880 0.8882
3125.000000 0.8884 0.8886 0.8888 0.8891 0.8893
3130.000000 0.8895 0.8897 0.8899 0.8900 0.8902
3135.000000 0.8903 0.8905 0.8906 0.8908 0.8909
3140.000000 0.8910 0.8911 0.8913 0.8914 0.8916
3145.000000 0.8917 0.8919 0.8920 0.8922 0.8923
3150.000000 0.8925 0.8926 0.8928 0.8930 0.8932
3155.000000 0.8933 0.8935 0.8936 0.8938 0.8939
3160.000000 0.8941 0.8942 0.8943 0.8944 0.8946
3165.000000 0.8947 0.8967 0.8949 0.8951 0.8952
3170.000000 0.8953 0.8954 0.8955 0.8956 0.8958
3175.000000 0.8959 0.8960 0.8961 0.8963 0.8963
3180.000000 0.8963 0.8963 0.8964 0.8964 0.8965
3185.000000 0.8965 0.8966 0.8966 0.8967 0.8967
3190.000000 0.8967 0.8968 0.8969 0.8970 0.8971
3195.000000 0.8972 0.8974 0.8975 0.8976 0.8977
3200.000000 0.8978 0.8979 0.8980 0.8981 0.8982
3205.000000 0.8983 0.8985 0.8986 0.8987 0.8988
3210.000000 0.8989 0.8990 0.8991 0.8991 0.8992
3215.000000 0.8992 0.8993 0.8993 0.8994 0.8994
3220.000000 0.8995 0.8996 0.8997 0.8999 0.9002
3225.000000 0.9004 0.9006 0.9008 0.9010 0.9012
3230.000000 0.9014 0.9016 0.9019 0.9021 0.9023
3235.000000 0.9025 0.9027 0.9029 0.9031 0.9033
3240.000000 0.9036 0.9038 0.9040 0.9042 0.9044
3245.000000 0.9046 0.9049 0.9051 0.9053 0.9055
3250.000000 0.9057 0.9059 0.9061 0.9063 0.9066
3255.000000 0.9066 0.9067 0.9067 0.9067 0.9067
3260.000000 0.9067 0.9067 0.9067 0.9067 0.9068
3265.000000 0.9068 0.9068 0.9068 0.9068 0.9068
3270.000000 0.9069 0.9069 0.9069 0.9069 0.9069
3275.000000 0.9069 0.9069 0.9069 0.9070 0.9069
3280.000000 0.9069 0.9068 0.9068 0.9067 0.9066
3285.000000 0.9065 0.9065 0.9064 0.9063 0.9062
3290.000000 0.9062 0.9061 0.9060 0.9059 0.9059
3295.000000 0.9058 0.9057 0.9056 0.9056 0.9056
3300.000000 0.9057 0.9057 0.9057 0.9057 0.9058
3305.000000 0.9058 0.9059 0.9059 0.9059 0.9059
3310.000000 0.9060 0.9060 0.9061 0.9061 0.9061
3315.000000 0.9061 0.9062 0.9062 0.9063 0.9063
3320.000000 0.9063 0.9063 0.9064 0.9064 0.9064
3325.000000 0.9064 0.9065 0.9065 0.9066 0.9066
3330.000000 0.9066 0.9066 0.9067 0.9067 0.9068
3335.000000 0.9068 0.9069 0.9069 0.9070 0.9071
3340.000000 0.9072 0.9073 0.9074 0.9075 0.9076
3345.000000 0.9076 0.9077 0.9078 0.9079 0.9080
3350.000000 0.9081 0.9082 0.9083 0.9084 0.9085
3355.000000 0.9086 0.9088 0.9089 0.9091 0.9093
3360.000000 0.9095 0.9096 0.9098 0.9099 0.9101
3365.000000 0.9103 0.9105 0.9106 0.9108 0.9109
3370.000000 0.9111 0.9111 0.9112 0.9111 0.9110
3375.000000 0.9109 0.9109 0.9108 0.9107 0.9106
3380.000000 0.9105 0.9104 0.9104 0.9103 0.9102
3385.000000 0.9101 0.9100 0.9099 0.9098 0.9097
3390.000000 0.9097 0.9096 0.9095 0.9094 0.9093
3395.000000 0.9092 0.9091 0.9090 0.9090 0.9089
3400.000000 0.9088 0.9087 0.9086 0.9085 0.9084
3405.000000 0.9083 0.9082 0.9081 0.9080 0.9079
3410.000000 0.9078 0.9077 0.9076 0.9075 0.9074
3415.000000 0.9073 0.9072 0.9071 0.9070 0.9069
3420.000000 0.9068 0.9067 0.9066 0.9065 0.9064
3425.000000 0.9063 0.9062 0.9061 0.9060 0.9059
3430.000000 0.9058 0.9057 0.9056 0.9055 0.9054
3435.000000 0.9052 0.9050 0.9048 0.9046 0.9044
3440.000000 0.9042 0.9040 0.9038 0.9035 0.9033
3445.000000 0.9031 0.9029 0.9027 0.9025 0.9023
3450.000000 0.9021 0.9019 0.9017 0.9015 0.9013
3455.000000 0.9011 0.9010 0.9008 0.9006 0.9004
3460.000000 0.9003 0.9001 0.9000 0.8998 0.8996
3465.000000 0.8994 0.8993 0.8991 0.8989 0.8987
3470.000000 0.8986 0.8984 0.8983 0.8981 0.8979
3475.000000 0.8977 0.8976 0.8974 0.8973 0.8971
3480.000000 0.8969 0.8967 0.8966 0.8965 0.8965
3485.000000 0.8966 0.8968 0.8969 0.8971 0.8972
3490.000000 0.8974 0.8976 0.8979 0.8983 0.8988
3495.000000 0.8992 0.8997 0.9001 0.9005 0.9009
3500.000000 0.9014 0.9015 0.9017 0.9018 0.9019
3505.000000 0.9019 0.9020 0.9021 0.9022 0.9022
3510.000000 0.9023 0.9024 0.9025 0.9025 0.9026
3515.000000 0.9027 0.9028 0.9028 0.9029 0.9029
3520.000000 0.9030 0.9031 0.9032 0.9031 0.9030
3525.000000 0.9028 0.9027 0.9025 0.9023 0.9021
3530.000000 0.9020 0.9018 0.9016 0.9014 0.9012
3535.000000 0.9010 0.9009 0.9007 0.9005 0.9003
3540.000000 0.9002 0.9000 0.8998 0.8996 0.8994
3545.000000 0.8993 0.8992 0.8991 0.8990 0.8989
3550.000000 0.8988 0.8987 0.8986 0.8985 0.8984
3555.000000 0.8983 0.8982 0.8982 0.8982 0.8983
3560.000000 0.8984 0.8984 0.8985 0.8986 0.8987
3565.000000 0.8988 0.8989 0.8989 0.8990 0.8991
3570.000000 0.8992 0.8992 0.8993 0.8994 0.8995
3575.000000 0.8995 0.8996 0.8997 0.8998 0.8998
3580.000000 0.8999 0.9000 0.9001 0.9001 0.9002
3585.000000 0.9003 0.9004 0.9005 0.9006 0.9007
3590.000000 0.9008 0.9009 0.9010 0.9011 0.9013
3595.000000 0.9014 0.9015 0.9016 0.9018 0.9019
3600.000000 0.9020 0.9021 0.9022 0.9023 0.9025
3605.000000 0.9026 0.9027 0.9028 0.9030 0.9031
3610.000000 0.9032 0.9033 0.9034 0.9035 0.9036
3615.000000 0.9036 0.9037 0.9037 0.9038 0.9039
3620.000000 0.9040 0.9040 0.9041 0.9041 0.9042
3625.000000 0.9042 0.9043 0.9043 0.9044 0.9044
3630.000000 0.9045 0.9045 0.9046 0.9046 0.9047
3635.000000 0.9047 0.9048 0.9049 0.9050 0.9050
3640.000000 0.9051 0.9051 0.9052 0.9052 0.9053
3645.000000 0.9053 0.9053 0.9052 0.9052 0.9051
3650.000000 0.9051 0.9050 0.9050 0.9049 0.9048
3655.000000 0.9047 0.9047 0.9046 0.9046 0.9045
3660.000000 0.9045 0.9044 0.9044 0.9043 0.9042
3665.000000 0.9041 0.9041 0.9040 0.9040 0.9039
3670.000000 0.9039 0.9038 0.9037 0.9036 0.9036
3675.000000 0.9035 0.9035 0.9034 0.9034 0.9033
3680.000000 0.9032 0.9032 0.9032 0.9032 0.9032
3685.000000 0.9032 0.9032 0.9031 0.9031 0.9031
3690.000000 0.9031 0.9031 0.9031 0.9031 0.9031
3695.000000 0.9030 0.9030 0.9030 0.9030 0.9030
3700.000000 0.9030 0.9030 0.9030 0.9029 0.9029
3705.000000 0.9029 0.9030 0.9030 0.9031 0.9031
3710.000000 0.9032 0.9032 0.9033 0.9034 0.9035
3715.000000 0.9035 0.9036 0.9036 0.9037 0.9037
3720.000000 0.9038 0.9038 0.9039 0.9039 0.9040
3725.000000 0.9041 0.9042 0.9042 0.9043 0.9043
3730.000000 0.9044 0.9044 0.9045 0.9045 0.9046
3735.000000 0.9047 0.9048 0.9048 0.9049 0.9049
3740.000000 0.9050 0.9050 0.9051 0.9051 0.9052
3745.000000 0.9052 0.9053 0.9053 0.9053 0.9053
3750.000000 0.9054 0.9054 0.9055 0.9055 0.9055
3755.000000 0.9055 0.9056 0.9056 0.9057 0.9057
3760.000000 0.9057 0.9057 0.9058 0.9058 0.9059
3765.000000 0.9059 0.9059 0.9059 0.9060 0.9060
3770.000000 0.9061 0.9061 0.9062 0.9062 0.9062
3775.000000 0.9062 0.9063 0.9064 0.9065 0.9066
3780.000000 0.9067 0.9068 0.9069 0.9070 0.9071
3785.000000 0.9072 0.9073 0.9074 0.9075 0.9076
3790.000000 0.9077 0.9078 0.9079 0.9080 0.9081
3795.000000 0.9082 0.9083 0.9084 0.9085 0.9086
3800.000000 0.9087 0.9088 0.9089 0.9090 0.9091
3805.000000 0.9092 0.9093 0.9094 0.9095 0.9095
3810.000000 0.9096 0.9097 0.9098 0.9099 0.9100
3815.000000 0.9101 0.9102 0.9103 0.9104 0.9105
3820.000000 0.9106 0.9106 0.9106 0.9106 0.9107
3825.000000 0.9107 0.9108 0.9108 0.9108 0.9108
3830.000000 0.9109 0.9109 0.9110 0.9110 0.9111
3835.000000 0.9111 0.9111 0.9111 0.9112 0.9112
3840.000000 0.9113 0.9113 0.9113 0.9113 0.9114
3845.000000 0.9114 0.9115 0.9115 0.9115 0.9115
3850.000000 0.9116 0.9116 0.9117 0.9117 0.9117
3855.000000 0.9117 0.9118 0.9118 0.9119 0.9119
3860.000000 0.9120 0.9120 0.9120 0.9120 0.9121
3865.000000 0.9121 0.9122 0.9122 0.9122 0.9122
3870.000000 0.9122 0.9121 0.9121 0.9120 0.9120
3875.000000 0.9119 0.9119 0.9118 0.9118 0.9117
3880.000000 0.9117 0.9116 0.9116 0.9116 0.9116
3885.000000 0.9115 0.9115 0.9114 0.9114 0.9113
3890.000000 0.9113 0.9112 0.9112 0.9111 0.9111
3895.000000 0.9110 0.9110 0.9110 0.9110 0.9109
3900.000000 0.9109 0.9108 0.9108 0.9107 0.9107
3905.000000 0.9106 0.9106 0.9105 0.9105 0.9104
3910.000000 0.9104 0.9103 0.9102 0.9101 0.9100
3915.000000 0.9099 0.9098 0.9097 0.9097 0.9096
3920.000000 0.9095 0.9094 0.9093 0.9092 0.9091
3925.000000 0.9090 0.9089 0.9088 0.9088 0.9087
3930.000000 0.9086 0.9085 0.9084 0.9083 0.9082
3935.000000 0.9081 0.9081 0.9080 0.9079 0.9078
3940.000000 0.9077 0.9076 0.9075 0.9073 0.9072
3945.000000 0.9071 0.9070 0.9068 0.9067 0.9065
3950.000000 0.9064 0.9063 0.9062 0.9060 0.9059
3955.000000 0.9058 0.9057 0.9055 0.9054 0.9053
3960.000000 0.9052 0.9050 0.9049 0.9048 0.9047
3965.000000 0.9045 0.9044 0.9043 0.9042 0.9040
3970.000000 0.9038 0.9036 0.9035 0.9033 0.9031
3975.000000 0.9029 0.9027 0.9025 0.9024 0.9022
3980.000000 0.9020 0.9018 0.9017 0.9015 0.9013
3985.000000 0.9011 0.9010 0.9008 0.9006 0.9004
3990.000000 0.9003 0.9001 0.8999 0.9000 0.9001
3995.000000 0.9002 0.9004 0.9006 0.9008 0.9009
4000.000000 0.9011 0.9013 0.9015 0.9017 0.9019
4005.000000 0.9020 0.9022 0.9024 0.9027 0.9030
4010.000000 0.9033 0.9036 0.9039 0.9042 0.9045
4015.000000 0.9048 0.9051 0.9054 0.9057 0.9060
4020.000000 0.9063 0.9066 0.9069 0.9072 0.9075
4025.000000 0.9078 0.9082 0.9082 0.9083
##END=
