##TITLE=PHENYL ACETALDEHYDE
##JCAMP-DX=4.24
##DATA TYPE=INFRARED SPECTRUM
##CLASS=COBLENTZ
##ORIGIN=INFRACORD
##OWNER=COBLENTZ SOCIETY
Collection (C) 2018 copyright by the U.S. Secretary of Commerce
on behalf of the United States of America. All rights reserved.
##DATE=Not specified, most likely prior to 1970
##NAMES=phenylacetaldehyde
##CAS REGISTRY NO=122-78-1
##MOLFORM=C8 H8 O
##SOURCE REFERENCE=COBLENTZ NO. 3707
##$NIST SOURCE=COBLENTZ
##$NIST IMAGE=cob3707
##SPECTROMETER/DATA SYSTEM=Not specified, most likely a prism, grating, or hybrid spectrometer.
##STATE=LIQUID
$$ PURITY 97%+ (VPC)
##PATH LENGTH=0.0025 CM
##SAMPLING PROCEDURE=TRANSMISSION
##RESOLUTION=4
##DATA PROCESSING=DIGITIZED BY NIST FROM HARD COPY
##XUNITS=MICROMETERS
##YUNITS=TRANSMITTANCE
##XFACTOR=1.000000
##YFACTOR=1
##DELTAX=000.005899
##FIRSTX=2.529
##LASTX=15.0055
##FIRSTY=0.842
##MAXX=15.0055
##MINX=2.529
##MAXY=0.932
##MINY=0
##NPOINTS=2116
##XYDATA=(X++(Y..Y))
2.529000 0.8420 0.8430 0.8430 0.8430 0.8430
2.558509 0.8430 0.8430 0.8430 0.8430 0.8430
2.588000 0.8440 0.8440 0.8440 0.8440 0.8450
2.617509 0.8450 0.8460 0.8460 0.8470 0.8470
2.647000 0.8470 0.8470 0.8490 0.8500 0.8500
2.676509 0.8500 0.8510 0.8510 0.8520 0.8520
2.706000 0.8530 0.8530 0.8560 0.8570 0.8580
2.735509 0.8580 0.8570 0.8560 0.8520 0.8490
2.765000 0.8440 0.8400 0.8360 0.8360 0.8340
2.794509 0.8320 0.8300 0.8270 0.8210 0.8150
2.824000 0.8060 0.7950 0.7810 0.7640 0.7430
2.853509 0.7290 0.7140 0.7030 0.6980 0.6920
2.883000 0.6840 0.6750 0.6690 0.6620 0.6570
2.912509 0.6530 0.6480 0.6430 0.6410 0.6380
2.942000 0.6370 0.6350 0.6300 0.6250 0.6240
2.971509 0.6180 0.6170 0.6190 0.6310 0.6440
3.001000 0.6550 0.6670 0.6780 0.6880 0.6980
3.030509 0.7180 0.7280 0.7360 0.7450 0.7540
3.060000 0.7630 0.7710 0.7800 0.7870 0.7960
3.089509 0.7980 0.8070 0.8120 0.8140 0.8140
3.119000 0.8150 0.8150 0.8170 0.8190 0.8210
3.148509 0.8260 0.8300 0.8310 0.8330 0.8330
3.178000 0.8340 0.8340 0.8340 0.8340 0.8340
3.207509 0.8340 0.8340 0.8340 0.8340 0.8330
3.237000 0.8320 0.8300 0.8280 0.8260 0.8010
3.266509 0.7950 0.7920 0.7890 0.7540 0.7130
3.296000 0.6970 0.6800 0.6410 0.6050 0.5760
3.325509 0.5490 0.5270 0.5050 0.4910 0.4890
3.355000 0.4850 0.4770 0.4420 0.4350 0.4350
3.384509 0.4600 0.4790 0.5390 0.6180 0.6310
3.414000 0.6590 0.6850 0.6870 0.6870 0.6720
3.443509 0.6690 0.6620 0.6430 0.6210 0.5960
3.473000 0.5760 0.5620 0.5520 0.5430 0.5300
3.502509 0.5290 0.5300 0.5340 0.5360 0.5410
3.532000 0.5470 0.5570 0.5670 0.5790 0.5810
3.561509 0.5830 0.5840 0.5830 0.5710 0.5520
3.591000 0.5330 0.5110 0.4920 0.4800 0.4710
3.620509 0.4690 0.4710 0.4880 0.5040 0.5420
3.650000 0.5720 0.6030 0.6290 0.6520 0.6690
3.679509 0.6840 0.6930 0.7070 0.7090 0.7090
3.709000 0.6940 0.6800 0.6530 0.6330 0.6140
3.738509 0.5950 0.5740 0.5540 0.5530 0.5540
3.768000 0.5740 0.5920 0.6190 0.6410 0.6730
3.797509 0.6910 0.7260 0.7640 0.7740 0.7850
3.827000 0.7980 0.8040 0.8150 0.8170 0.8330
3.856509 0.8400 0.8420 0.8430 0.8450 0.8490
3.886000 0.8510 0.8560 0.8590 0.8630 0.8650
3.915509 0.8680 0.8690 0.8690 0.8710 0.8740
3.945000 0.8740 0.8750 0.8770 0.8780 0.8800
3.974509 0.8810 0.8820 0.8830 0.8850 0.8880
4.004000 0.8880 0.8890 0.8900 0.8910 0.8930
4.033509 0.8940 0.8940 0.8950 0.8950 0.8960
4.063000 0.8960 0.8970 0.8970 0.8990 0.8990
4.092509 0.9000 0.9010 0.9010 0.9020 0.9020
4.122000 0.9020 0.9030 0.9030 0.9020 0.9020
4.151509 0.9020 0.9020 0.9020 0.9020 0.9020
4.181000 0.9020 0.9040 0.9040 0.9040 0.9040
4.210509 0.9040 0.9040 0.9040 0.9030 0.9030
4.240000 0.9030 0.9040 0.9040 0.9040 0.9030
4.269509 0.9030 0.9040 0.9040 0.9060 0.9060
4.299000 0.9060 0.9040 0.9060 0.9060 0.9060
4.328509 0.9070 0.9070 0.9080 0.9080 0.9090
4.358000 0.9090 0.9090 0.9080 0.9080 0.9080
4.387509 0.9080 0.9090 0.9100 0.9120 0.9130
4.417000 0.9130 0.9130 0.9140 0.9140 0.9150
4.446509 0.9160 0.9180 0.9160 0.9180 0.9180
4.476000 0.9160 0.9160 0.9190 0.9180 0.9180
4.505509 0.9180 0.9190 0.9200 0.9210 0.9210
4.535000 0.9220 0.9220 0.9230 0.9230 0.9230
4.564509 0.9230 0.9230 0.9250 0.9250 0.9260
4.594000 0.9260 0.9260 0.9270 0.9260 0.9260
4.623509 0.9260 0.9270 0.9260 0.9260 0.9260
4.653000 0.9260 0.9260 0.9260 0.9260 0.9260
4.682509 0.9260 0.9270 0.9260 0.9260 0.9260
4.712000 0.9260 0.9260 0.9270 0.9270 0.9280
4.741509 0.9280 0.9290 0.9290 0.9310 0.9310
4.771000 0.9310 0.9320 0.9320 0.9320 0.9310
4.800509 0.9310 0.9310 0.9310 0.9310 0.9310
4.830000 0.9310 0.9290 0.9290 0.9290 0.9280
4.859509 0.9280 0.9290 0.9290 0.9290 0.9290
4.889000 0.9290 0.9290 0.9310 0.9290 0.9290
4.918509 0.9280 0.9280 0.9280 0.9280 0.9270
4.948000 0.9270 0.9280 0.9280 0.9280 0.9270
4.977509 0.9280 0.9290 0.9290 0.9290 0.9280
5.007000 0.9280 0.9290 0.9290 0.9280 0.9280
5.036509 0.9280 0.9280 0.9270 0.9270 0.9270
5.066000 0.9270 0.9260 0.9260 0.9260 0.9220
5.095509 0.9190 0.9150 0.9130 0.9060 0.9010
5.125000 0.8940 0.8930 0.8930 0.8910 0.8780
5.154509 0.8680 0.8660 0.8620 0.8590 0.8550
5.184000 0.8460 0.8370 0.8340 0.8330 0.8320
5.213509 0.8320 0.8320 0.8320 0.8320 0.8340
5.243000 0.8500 0.8650 0.8710 0.8810 0.8890
5.272509 0.8940 0.9020 0.9030 0.9040 0.9040
5.302000 0.9040 0.9030 0.9030 0.9020 0.9010
5.331509 0.8970 0.8900 0.8840 0.8740 0.8690
5.361000 0.8630 0.8590 0.8550 0.8510 0.8460
5.390509 0.8360 0.8320 0.8280 0.8280 0.8270
5.420000 0.8270 0.8270 0.8270 0.8280 0.8380
5.449509 0.8450 0.8550 0.8630 0.8660 0.8680
5.479000 0.8700 0.8710 0.8710 0.8720 0.8720
5.508509 0.8740 0.8750 0.8750 0.8750 0.8750
5.538000 0.8740 0.8740 0.8720 0.8650 0.8570
5.567509 0.8520 0.8440 0.8340 0.8310 0.8250
5.597000 0.8180 0.8130 0.8070 0.7990 0.7950
5.626509 0.7940 0.7950 0.7960 0.7990 0.8010
5.656000 0.8010 0.8020 0.8020 0.8020 0.8010
5.685509 0.8000 0.7950 0.7870 0.7830 0.7680
5.715000 0.7610 0.7540 0.7480 0.7200 0.7010
5.744509 0.6940 0.6870 0.6750 0.6590 0.6370
5.774000 0.6040 0.5920 0.5710 0.5430 0.5170
5.803509 0.4960 0.4500 0.4290 0.3950 0.3610
5.833000 0.3130 0.2350 0.1520 0.1490 0.1310
5.862509 0.1030 0.0740 0.0670 0.0350 0.0210
5.892000 0.0100 0.0050 0.0000 0.0000 0.0000
5.921509 0.0030 0.0110 0.0340 0.0600 0.0890
5.951000 0.1980 0.2120 0.2180 0.2520 0.2820
5.980509 0.3180 0.3320 0.3710 0.3850 0.5760
6.010000 0.6030 0.6290 0.6430 0.6530 0.6610
6.039509 0.6720 0.6880 0.7310 0.7370 0.7540
6.069000 0.7660 0.7880 0.7980 0.8020 0.8150
6.098509 0.8200 0.8270 0.8320 0.8340 0.8370
6.128000 0.8380 0.8400 0.8440 0.8470 0.8500
6.157509 0.8550 0.8580 0.8630 0.8650 0.8660
6.187000 0.8680 0.8680 0.8680 0.8680 0.8680
6.216509 0.8680 0.8680 0.8680 0.8680 0.8680
6.246000 0.8680 0.8680 0.8660 0.8630 0.8560
6.275509 0.8400 0.8280 0.7940 0.7310 0.7050
6.305000 0.6780 0.6280 0.6210 0.5870 0.5150
6.334509 0.5150 0.5650 0.5850 0.6210 0.6620
6.364000 0.7170 0.7260 0.7300 0.7300 0.7290
6.393509 0.7280 0.7290 0.7600 0.7880 0.7980
6.423000 0.8040 0.8140 0.8590 0.8710 0.8830
6.452509 0.8880 0.8910 0.8960 0.9000 0.9030
6.482000 0.9060 0.9080 0.9090 0.9100 0.9120
6.511509 0.9130 0.9130 0.9130 0.9130 0.9100
6.541000 0.9090 0.9090 0.9080 0.9080 0.9070
6.570509 0.9070 0.9070 0.9070 0.9070 0.9070
6.600000 0.9070 0.9070 0.9070 0.9070 0.9080
6.629509 0.9080 0.9080 0.9080 0.9080 0.9090
6.659000 0.9090 0.9090 0.9090 0.9100 0.9100
6.688509 0.9090 0.8970 0.8900 0.8840 0.8660
6.718000 0.8400 0.7280 0.6900 0.6500 0.5350
6.747509 0.4160 0.3750 0.3330 0.2710 0.2550
6.777000 0.1740 0.1740 0.1850 0.2310 0.2920
6.806509 0.4520 0.4820 0.5610 0.6170 0.6780
6.836000 0.7600 0.7640 0.7790 0.7900 0.7990
6.865509 0.8090 0.8170 0.8230 0.8320 0.8330
6.895000 0.8330 0.8330 0.8330 0.8330 0.8180
6.924509 0.7890 0.7710 0.7550 0.7320 0.6590
6.954000 0.5850 0.4880 0.4370 0.4100 0.3840
6.983509 0.2480 0.2350 0.2480 0.4980 0.5190
7.013000 0.5470 0.6360 0.6380 0.6610 0.6620
7.042509 0.6620 0.6620 0.6620 0.6610 0.6520
7.072000 0.6400 0.6310 0.6250 0.6160 0.6080
7.101509 0.6030 0.5980 0.5930 0.5860 0.5780
7.131000 0.5670 0.5570 0.5420 0.5320 0.4860
7.160509 0.4790 0.4700 0.4560 0.4400 0.4330
7.190000 0.4280 0.4270 0.4290 0.4330 0.4400
7.219509 0.4470 0.4520 0.4600 0.4710 0.4730
7.249000 0.4790 0.4790 0.4840 0.4860 0.4880
7.278509 0.4880 0.4890 0.4890 0.4880 0.4880
7.308000 0.4880 0.4890 0.4890 0.4900 0.4960
7.337509 0.4980 0.5020 0.5040 0.5090 0.5140
7.367000 0.5330 0.5420 0.5480 0.5510 0.5540
7.396509 0.5590 0.5610 0.5640 0.5680 0.5720
7.426000 0.5770 0.5810 0.5850 0.5870 0.5890
7.455509 0.5890 0.5900 0.5900 0.5900 0.5920
7.485000 0.5950 0.5970 0.6000 0.6030 0.6050
7.514509 0.6060 0.6060 0.6060 0.6050 0.6050
7.544000 0.6040 0.6000 0.5960 0.5910 0.5890
7.573509 0.5860 0.5850 0.5850 0.5850 0.5860
7.603000 0.5860 0.5870 0.5890 0.5910 0.5930
7.632509 0.5930 0.5950 0.5960 0.5960 0.5970
7.662000 0.5970 0.5980 0.5970 0.5970 0.5960
7.691509 0.5950 0.5920 0.5900 0.5860 0.5850
7.721000 0.5850 0.5860 0.5920 0.5980 0.6060
7.750509 0.6170 0.6280 0.6410 0.6540 0.6650
7.780000 0.6710 0.6750 0.6800 0.6850 0.6910
7.809509 0.6950 0.7050 0.7100 0.7130 0.7140
7.839000 0.7190 0.7200 0.7250 0.7320 0.7330
7.868509 0.7330 0.7330 0.7330 0.7330 0.7330
7.898000 0.7320 0.7230 0.7160 0.7090 0.7010
7.927509 0.6990 0.6950 0.6880 0.6860 0.6820
7.957000 0.6810 0.6800 0.6780 0.6750 0.6680
7.986509 0.6670 0.6680 0.6740 0.6800 0.6800
8.016000 0.6820 0.7110 0.7130 0.7160 0.7190
8.045509 0.7240 0.7280 0.7290 0.7310 0.7310
8.075000 0.7320 0.7320 0.7320 0.7320 0.7320
8.104509 0.7320 0.7320 0.7320 0.7320 0.7320
8.134000 0.7330 0.7330 0.7330 0.7350 0.7360
8.163509 0.7380 0.7410 0.7440 0.7470 0.7500
8.193000 0.7520 0.7540 0.7540 0.7540 0.7540
8.222509 0.7540 0.7540 0.7540 0.7540 0.7540
8.252000 0.7540 0.7540 0.7520 0.7480 0.7440
8.281509 0.7430 0.7410 0.7370 0.7310 0.7200
8.311000 0.7140 0.7110 0.7030 0.6990 0.6940
8.340509 0.6810 0.6800 0.6790 0.6780 0.6590
8.370000 0.6410 0.6400 0.6380 0.6370 0.6360
8.399509 0.6350 0.6350 0.6340 0.6330 0.6310
8.429000 0.6300 0.6300 0.6290 0.6290 0.6280
8.458509 0.6250 0.6240 0.6220 0.6210 0.6110
8.487000 0.6050 0.5980 0.5950 0.5890 0.5710
8.516509 0.5700 0.5660 0.5640 0.5590 0.5580
8.546000 0.5570 0.5550 0.5550 0.5570 0.5580
8.575509 0.5610 0.5650 0.5710 0.5770 0.5850
8.605000 0.5890 0.5900 0.5920 0.5960 0.5970
8.634509 0.5980 0.5990 0.5990 0.5990 0.5980
8.664000 0.5930 0.5930 0.5910 0.5840 0.5740
8.693509 0.5640 0.5530 0.5420 0.5300 0.5220
8.723000 0.5080 0.5050 0.5010 0.4950 0.4860
8.752509 0.4770 0.4630 0.4580 0.4450 0.4320
8.782000 0.4190 0.4150 0.4010 0.3580 0.3150
8.811509 0.3130 0.3060 0.2920 0.2690 0.2580
8.841000 0.2480 0.2320 0.2230 0.2040 0.1800
8.870509 0.1790 0.1680 0.1660 0.1600 0.1570
8.900000 0.1550 0.1540 0.1530 0.1530 0.1530
8.929509 0.1550 0.1590 0.1630 0.1740 0.1760
8.959000 0.1970 0.2000 0.2040 0.2090 0.2160
8.988509 0.2240 0.2320 0.2440 0.2570 0.2710
9.018000 0.2740 0.2760 0.2820 0.2980 0.3020
9.047509 0.3070 0.3110 0.3120 0.3130 0.3150
9.077000 0.3260 0.3370 0.3490 0.3570 0.3630
9.106509 0.3660 0.3760 0.3830 0.3880 0.3970
9.136000 0.3970 0.4100 0.4190 0.4270 0.4320
9.165509 0.4370 0.4390 0.4410 0.4440 0.4450
9.195000 0.4460 0.4460 0.4460 0.4460 0.4450
9.224509 0.4450 0.4420 0.4420 0.4350 0.4250
9.254000 0.4160 0.4070 0.3970 0.3820 0.3520
9.283509 0.3280 0.3180 0.3110 0.2870 0.2730
9.313000 0.2660 0.2580 0.2550 0.2540 0.2550
9.342509 0.2570 0.2750 0.2810 0.2990 0.3320
9.372000 0.3510 0.3810 0.4160 0.4160 0.4220
9.401509 0.4350 0.4450 0.4510 0.4560 0.4580
9.431000 0.4600 0.4600 0.4630 0.4640 0.4650
9.460509 0.4650 0.4650 0.4650 0.4650 0.4640
9.490000 0.4640 0.4630 0.4610 0.4600 0.4560
9.519509 0.4520 0.4500 0.4410 0.4230 0.4200
9.549000 0.4140 0.4040 0.4000 0.3950 0.3830
9.578509 0.3750 0.3660 0.3500 0.3420 0.3420
9.608000 0.3140 0.3090 0.3080 0.3070 0.2930
9.637509 0.2800 0.2770 0.2670 0.2620 0.2570
9.667000 0.2550 0.2540 0.2520 0.2510 0.2480
9.696509 0.2390 0.2370 0.2330 0.2300 0.2290
9.726000 0.2220 0.2190 0.2030 0.1980 0.1860
9.755509 0.1760 0.1730 0.1710 0.1690 0.1710
9.785000 0.1820 0.1950 0.2090 0.2200 0.2320
9.814509 0.2440 0.2600 0.2660 0.2680 0.2900
9.844000 0.2960 0.3000 0.3020 0.3070 0.3120
9.873509 0.3180 0.3270 0.3370 0.3460 0.3510
9.903000 0.3550 0.3620 0.3690 0.3720 0.3760
9.932509 0.3800 0.3840 0.3880 0.3890 0.3910
9.962000 0.3930 0.3950 0.3960 0.3990 0.4000
9.991509 0.4000 0.3990 0.3970 0.3950 0.3910
10.021000 0.3870 0.3850 0.3840 0.3840 0.3840
10.050509 0.3840 0.3840 0.3840 0.3840 0.3840
10.080000 0.3840 0.3840 0.3840 0.3840 0.3840
10.109509 0.3840 0.3850 0.3870 0.3870 0.3890
10.139000 0.3900 0.3910 0.3940 0.3950 0.3950
10.168509 0.3970 0.4020 0.4060 0.4060 0.4070
10.198000 0.4080 0.4100 0.4150 0.4180 0.4190
10.227509 0.4200 0.4210 0.4220 0.4230 0.4270
10.257000 0.4280 0.4310 0.4320 0.4350 0.4380
10.286509 0.4390 0.4400 0.4410 0.4410 0.4420
10.316000 0.4440 0.4440 0.4450 0.4450 0.4460
10.345509 0.4460 0.4460 0.4460 0.4460 0.4460
10.375000 0.4460 0.4460 0.4460 0.4460 0.4460
10.404509 0.4460 0.4460 0.4460 0.4470 0.4470
10.434000 0.4470 0.4480 0.4500 0.4530 0.4580
10.463509 0.4630 0.4660 0.4700 0.4730 0.4760
10.493000 0.4780 0.4890 0.4980 0.5050 0.5080
10.522509 0.5080 0.5100 0.5160 0.5190 0.5200
10.552000 0.5200 0.5200 0.5200 0.5200 0.5170
10.581509 0.5090 0.5020 0.4910 0.4730 0.4650
10.611000 0.4510 0.4470 0.4340 0.4220 0.4120
10.640509 0.4040 0.4020 0.3990 0.3950 0.3900
10.670000 0.3840 0.3830 0.3830 0.3830 0.3840
10.699509 0.3870 0.3900 0.3950 0.4030 0.4150
10.729000 0.4220 0.4330 0.4400 0.4460 0.4520
10.758509 0.4580 0.4720 0.4760 0.4790 0.4840
10.788000 0.5080 0.5220 0.5380 0.5550 0.5620
10.817509 0.5700 0.5800 0.5910 0.6040 0.6160
10.847000 0.6210 0.6280 0.6340 0.6370 0.6420
10.876509 0.6440 0.6440 0.6470 0.6470 0.6470
10.906000 0.6480 0.6480 0.6480 0.6490 0.6490
10.935509 0.6480 0.6480 0.6470 0.6430 0.6380
10.965000 0.6310 0.6230 0.6160 0.6150 0.6150
10.994509 0.6150 0.6150 0.6170 0.6190 0.6240
11.024000 0.6280 0.6330 0.6370 0.6430 0.6530
11.053509 0.6670 0.6850 0.6990 0.7200 0.7300
11.083000 0.7370 0.7430 0.7490 0.7550 0.7610
11.112509 0.7680 0.7740 0.7750 0.7770 0.7800
11.142000 0.7850 0.7880 0.7900 0.7930 0.7930
11.171509 0.7950 0.7960 0.7990 0.8010 0.8050
11.201000 0.8060 0.8060 0.8070 0.8080 0.8080
11.230509 0.8090 0.8090 0.8110 0.8110 0.8110
11.260000 0.8110 0.8110 0.8110 0.8110 0.8110
11.289509 0.8110 0.8110 0.8110 0.8110 0.8110
11.319000 0.8110 0.8110 0.8090 0.8080 0.8070
11.348509 0.8040 0.8040 0.8010 0.8000 0.8000
11.378000 0.7950 0.7940 0.7930 0.7900 0.7870
11.407509 0.7850 0.7820 0.7800 0.7760 0.7730
11.437000 0.7690 0.7670 0.7640 0.7620 0.7610
11.466509 0.7600 0.7580 0.7570 0.7550 0.7540
11.496000 0.7500 0.7490 0.7490 0.7490 0.7490
11.525509 0.7490 0.7490 0.7500 0.7500 0.7520
11.555000 0.7540 0.7540 0.7550 0.7560 0.7570
11.584509 0.7610 0.7620 0.7640 0.7640 0.7640
11.614000 0.7660 0.7660 0.7660 0.7640 0.7640
11.643509 0.7640 0.7640 0.7640 0.7630 0.7620
11.673000 0.7610 0.7610 0.7600 0.7580 0.7570
11.702509 0.7570 0.7570 0.7570 0.7570 0.7570
11.732000 0.7570 0.7570 0.7570 0.7580 0.7580
11.761509 0.7580 0.7600 0.7610 0.7610 0.7620
11.791000 0.7620 0.7630 0.7660 0.7660 0.7670
11.820509 0.7680 0.7700 0.7710 0.7740 0.7760
11.850000 0.7790 0.7800 0.7810 0.7860 0.7880
11.879509 0.7920 0.7930 0.7950 0.7980 0.8000
11.909000 0.8010 0.8040 0.8070 0.8090 0.8130
11.938509 0.8140 0.8180 0.8200 0.8230 0.8260
11.968000 0.8280 0.8300 0.8310 0.8320 0.8330
11.997509 0.8330 0.8330 0.8330 0.8330 0.8320
12.027000 0.8320 0.8320 0.8310 0.8310 0.8270
12.056509 0.8260 0.8250 0.8230 0.8200 0.8180
12.086000 0.8150 0.8130 0.8110 0.8070 0.8060
12.115509 0.8050 0.8050 0.8040 0.8020 0.8020
12.145000 0.8010 0.8010 0.8010 0.8010 0.8000
12.174509 0.8000 0.8000 0.8000 0.8000 0.8000
12.204000 0.8000 0.8000 0.8000 0.8000 0.8000
12.233509 0.8000 0.8000 0.7990 0.7990 0.7980
12.263000 0.7980 0.7980 0.7980 0.7990 0.7990
12.292509 0.7990 0.8000 0.8010 0.8040 0.8050
12.322000 0.8050 0.8060 0.8060 0.8070 0.8090
12.351509 0.8120 0.8120 0.8130 0.8130 0.8150
12.381000 0.8170 0.8200 0.8230 0.8260 0.8280
12.410509 0.8300 0.8310 0.8320 0.8320 0.8320
12.440000 0.8320 0.8320 0.8320 0.8320 0.8320
12.469509 0.8320 0.8320 0.8330 0.8330 0.8340
12.499000 0.8340 0.8340 0.8340 0.8340 0.8340
12.528509 0.8360 0.8360 0.8370 0.8370 0.8370
12.558000 0.8370 0.8370 0.8370 0.8370 0.8370
12.587509 0.8370 0.8370 0.8370 0.8360 0.8360
12.617000 0.8360 0.8340 0.8340 0.8330 0.8320
12.646509 0.8310 0.8310 0.8260 0.8240 0.8190
12.676000 0.8170 0.8140 0.8120 0.8080 0.8060
12.705509 0.8020 0.8000 0.7980 0.7950 0.7940
12.735000 0.7930 0.7900 0.7890 0.7860 0.7830
12.764509 0.7820 0.7810 0.7800 0.7790 0.7770
12.794000 0.7710 0.7680 0.7640 0.7630 0.7620
12.823509 0.7610 0.7570 0.7540 0.7480 0.7480
12.853000 0.7450 0.7430 0.7390 0.7360 0.7310
12.882509 0.7300 0.7280 0.7250 0.7230 0.7220
12.912000 0.7190 0.7170 0.7140 0.7120 0.7070
12.941509 0.7030 0.6990 0.6950 0.6860 0.6850
12.971000 0.6810 0.6750 0.6690 0.6620 0.6550
13.000509 0.6460 0.6350 0.6240 0.6140 0.6000
13.030000 0.5890 0.5740 0.5670 0.5590 0.5510
13.059509 0.5410 0.5320 0.5220 0.5130 0.5020
13.089000 0.4920 0.4820 0.4710 0.4590 0.4480
13.118509 0.4380 0.4260 0.4150 0.4030 0.3990
13.148000 0.3930 0.3810 0.3690 0.3580 0.3460
13.177509 0.3360 0.3240 0.3130 0.3020 0.2900
13.207000 0.2820 0.2560 0.2520 0.2370 0.2220
13.236509 0.2090 0.1950 0.1850 0.1740 0.1630
13.266000 0.1540 0.1460 0.1370 0.1290 0.1210
13.295509 0.1080 0.1020 0.0990 0.0970 0.0890
13.325000 0.0870 0.0860 0.0850 0.0790 0.0740
13.354509 0.0720 0.0710 0.0710 0.0710 0.0710
13.384000 0.0710 0.0710 0.0720 0.0740 0.0790
13.413509 0.0800 0.0830 0.0840 0.0870 0.1090
13.443000 0.1110 0.1160 0.1280 0.1370 0.1480
13.472509 0.1610 0.1650 0.1690 0.1710 0.1880
13.502000 0.2010 0.2120 0.2230 0.2330 0.2430
13.531509 0.2520 0.2620 0.2710 0.2800 0.2890
13.561000 0.2980 0.3060 0.3150 0.3250 0.3340
13.590509 0.3440 0.3530 0.3550 0.3590 0.3680
13.620000 0.3770 0.3870 0.3950 0.4020 0.4080
13.649509 0.4130 0.4180 0.4220 0.4270 0.4310
13.679000 0.4350 0.4390 0.4410 0.4440 0.4510
13.708509 0.4560 0.4600 0.4650 0.4670 0.4710
13.738000 0.4720 0.4760 0.4800 0.4840 0.4860
13.767509 0.4890 0.4920 0.4960 0.4980 0.5020
13.797000 0.5040 0.5070 0.5080 0.5090 0.5100
13.826509 0.5130 0.5150 0.5160 0.5190 0.5200
13.856000 0.5210 0.5210 0.5210 0.5210 0.5210
13.885509 0.5200 0.5160 0.5140 0.5130 0.5080
13.915000 0.5030 0.4980 0.4940 0.4880 0.4790
13.944509 0.4720 0.4650 0.4590 0.4530 0.4470
13.974000 0.4420 0.4370 0.4310 0.4230 0.4150
14.003509 0.4060 0.4010 0.3950 0.3810 0.3650
14.033000 0.3460 0.3370 0.3260 0.3140 0.3040
14.062509 0.2920 0.2790 0.2670 0.2540 0.2410
14.092000 0.2280 0.2160 0.2030 0.1900 0.1760
14.121509 0.1650 0.1530 0.1410 0.1290 0.1170
14.151000 0.1080 0.1030 0.0970 0.0870 0.0780
14.180509 0.0700 0.0620 0.0550 0.0510 0.0450
14.210000 0.0410 0.0380 0.0320 0.0280 0.0270
14.239509 0.0260 0.0240 0.0230 0.0220 0.0200
14.269000 0.0190 0.0160 0.0150 0.0140 0.0130
14.298509 0.0110 0.0110 0.0100 0.0090 0.0080
14.328000 0.0080 0.0070 0.0050 0.0050 0.0040
14.357509 0.0040 0.0040 0.0050 0.0050 0.0080
14.387000 0.0110 0.0170 0.0270 0.0320 0.0400
14.416509 0.0490 0.0660 0.0760 0.0860 0.0960
14.445000 0.1160 0.1350 0.1490 0.1620 0.1760
14.474509 0.1910 0.2040 0.2180 0.2280 0.2520
14.504000 0.2750 0.2950 0.3150 0.3340 0.3510
14.533509 0.3680 0.3830 0.3970 0.4230 0.4370
14.563000 0.4470 0.4590 0.4690 0.4790 0.4890
14.592509 0.4980 0.5080 0.5170 0.5270 0.5350
14.622000 0.5360 0.5380 0.5410 0.5450 0.5480
14.651509 0.5530 0.5570 0.5610 0.5640 0.5660
14.681000 0.5670 0.5670 0.5680 0.5710 0.5730
14.710509 0.5770 0.5790 0.5810 0.5810 0.5810
14.740000 0.5830 0.5840 0.5850 0.5850 0.5850
14.769509 0.5850 0.5850 0.5850 0.5850 0.5850
14.799000 0.5850 0.5850 0.5850 0.5850 0.5850
14.828509 0.5850 0.5850 0.5850 0.5850 0.5860
14.858000 0.5860 0.5860 0.5870 0.5870 0.5890
14.887509 0.5910 0.5950 0.5970 0.5970 0.5980
14.917000 0.5990 0.6020 0.6040 0.6080 0.6120
14.946509 0.6150 0.6180 0.6190 0.6190 0.6210
14.976000 0.6210 0.6220 0.6220 0.6230 0.6230
15.005509 0.6230
##END=
