##TITLE=3,5,5-TRIMETHYLOXAZOLIDINE-2,4-DIONE
##JCAMP-DX=4.24
##DATA TYPE=INFRARED SPECTRUM
##CLASS=COBLENTZ
##OWNER=COBLENTZ SOCIETY
Collection (C) 2018 copyright by the U.S. Secretary of Commerce
on behalf of the United States of America. All rights reserved.
##DATE=Not specified, most likely prior to 1970
##NAMES=3,5,5-trimethyl-1,3-oxazolidine-2,4-dione
##CAS REGISTRY NO=127-48-0
##MOLFORM=C6 H9 N O3
##SOURCE REFERENCE=COBLENTZ NO. 420
##$NIST SOURCE=COBLENTZ
##$NIST IMAGE=cob420
##SPECTROMETER/DATA SYSTEM=Not specified, most likely a prism, grating, or hybrid spectrometer.
##STATE=SOLUTION (7% CHCl3)
##PATH LENGTH=0.009 CM
##SAMPLING PROCEDURE=TRANSMISSION
##RESOLUTION=4
##DATA PROCESSING=DIGITIZED BY NIST FROM HARD COPY
##XUNITS=MICROMETERS
##YUNITS=TRANSMITTANCE
##XFACTOR=1.000000
##YFACTOR=1
##DELTAX=000.006444
##FIRSTX=2.027
##LASTX=15.5272
##FIRSTY=0.95
##MAXX=15.5272
##MINX=2.027
##MAXY=1.019
##MINY=0.012
##NPOINTS=2096
##XYDATA=(X++(Y..Y))
2.027000 0.9500 0.9480 0.9480 0.9520 0.9500
2.059236 0.9480 0.9480 0.9470 0.9470 0.9470
2.091000 0.9470 0.9470 0.9470 0.9470 0.9450
2.123236 0.9450 0.9440 0.9420 0.9440 0.9420
2.156000 0.9400 0.9400 0.9400 0.9400 0.9400
2.188236 0.9420 0.9370 0.9370 0.9370 0.9370
2.220000 0.9370 0.9370 0.9390 0.9400 0.9400
2.252236 0.9390 0.9390 0.9390 0.9340 0.9310
2.285000 0.9290 0.9280 0.9260 0.9240 0.9240
2.317236 0.9230 0.9240 0.9260 0.9260 0.9260
2.349000 0.9280 0.9280 0.9280 0.9260 0.9260
2.381236 0.9240 0.9210 0.9180 0.9180 0.9180
2.414000 0.9200 0.9230 0.9240 0.9260 0.9290
2.446236 0.9290 0.9290 0.9310 0.9310 0.9310
2.478000 0.9320 0.9340 0.9340 0.9360 0.9340
2.510236 0.9340 0.9340 0.9360 0.9360 0.9340
2.542000 0.9310 0.9290 0.9320 0.9360 0.9390
2.574236 0.9390 0.9370 0.9390 0.9390 0.9400
2.607000 0.9400 0.9390 0.9370 0.9370 0.9370
2.639236 0.9320 0.9310 0.9290 0.9280 0.9290
2.671000 0.9320 0.9320 0.9340 0.9360 0.9360
2.703236 0.9340 0.9340 0.9290 0.9280 0.9280
2.736000 0.9280 0.9290 0.9280 0.9290 0.9310
2.768236 0.9360 0.9360 0.9320 0.9260 0.9180
2.800000 0.9040 0.8910 0.8800 0.8730 0.8640
2.832236 0.8370 0.8350 0.8370 0.8490 0.8640
2.865000 0.8750 0.8830 0.8860 0.8910 0.8960
2.897236 0.8990 0.8990 0.9020 0.9070 0.9080
2.929000 0.9100 0.9120 0.9120 0.9130 0.9150
2.961236 0.9150 0.9150 0.9150 0.9160 0.9200
2.994000 0.9200 0.9200 0.9200 0.9200 0.9200
3.026236 0.9180 0.9180 0.9180 0.9180 0.9180
3.058000 0.9180 0.9180 0.9180 0.9180 0.9180
3.090236 0.9150 0.9150 0.9130 0.9120 0.9120
3.122000 0.9120 0.9120 0.9120 0.9120 0.9100
3.154236 0.9080 0.9050 0.9040 0.9000 0.9000
3.187000 0.9000 0.8990 0.8970 0.8960 0.8920
3.219236 0.8910 0.8880 0.8840 0.8800 0.8730
3.251000 0.8650 0.8620 0.8560 0.8490 0.8410
3.283236 0.8220 0.7770 0.7520 0.7140 0.6880
3.316000 0.6620 0.6480 0.6480 0.6540 0.6540
3.348236 0.6540 0.6420 0.6420 0.6610 0.7330
3.380000 0.7520 0.7550 0.7610 0.7660 0.7690
3.412236 0.7710 0.7870 0.7980 0.8210 0.8290
3.445000 0.8410 0.8490 0.8530 0.8570 0.8610
3.477236 0.8610 0.8620 0.8640 0.8620 0.8690
3.509000 0.8730 0.8800 0.8880 0.8920 0.8990
3.541236 0.8990 0.9000 0.9000 0.9000 0.9020
3.574000 0.9020 0.9020 0.9020 0.9000 0.9000
3.606236 0.9000 0.9000 0.9070 0.9080 0.9100
3.638000 0.9120 0.9120 0.9100 0.9080 0.9070
3.670236 0.9080 0.9080 0.9120 0.9100 0.9080
3.702000 0.9070 0.9070 0.9050 0.9040 0.9040
3.734236 0.9000 0.9000 0.9000 0.9020 0.9020
3.767000 0.9040 0.9050 0.9050 0.9070 0.9070
3.799236 0.9070 0.9070 0.9070 0.9080 0.9080
3.831000 0.9080 0.9100 0.9120 0.9130 0.9120
3.863236 0.9120 0.9100 0.9080 0.9080 0.9000
3.896000 0.9000 0.9000 0.9020 0.9020 0.9040
3.928236 0.9050 0.9070 0.9070 0.9080 0.9100
3.960000 0.9100 0.9100 0.9100 0.9080 0.9070
3.992236 0.9050 0.9020 0.8990 0.8960 0.8940
4.025000 0.8910 0.8890 0.8880 0.8880 0.8890
4.057236 0.8910 0.8920 0.8920 0.8920 0.8920
4.089000 0.8890 0.8830 0.8810 0.8800 0.8780
4.121236 0.8750 0.8720 0.8700 0.8700 0.8700
4.153000 0.8700 0.8730 0.8760 0.8800 0.8830
4.185236 0.8860 0.8910 0.8920 0.8970 0.9000
4.218000 0.9000 0.9000 0.9000 0.9020 0.9050
4.250236 0.9070 0.9080 0.9100 0.9120 0.9130
4.282000 0.9130 0.9130 0.9130 0.9130 0.9150
4.314236 0.9130 0.9130 0.9130 0.9130 0.9120
4.347000 0.9080 0.9020 0.9000 0.8960 0.8920
4.379236 0.8880 0.8880 0.8890 0.8910 0.8920
4.411000 0.8960 0.8970 0.8990 0.9000 0.9000
4.443236 0.9000 0.9000 0.9020 0.9020 0.9040
4.476000 0.9050 0.9080 0.9100 0.9120 0.9100
4.508236 0.9100 0.9080 0.9050 0.9040 0.9020
4.540000 0.9000 0.8940 0.8890 0.8880 0.8840
4.572236 0.8840 0.8840 0.8880 0.8910 0.8940
4.605000 0.8990 0.9020 0.9020 0.9000 0.9000
4.637236 0.8990 0.8970 0.8970 0.8960 0.8970
4.669000 0.8970 0.8990 0.8970 0.8990 0.9000
4.701236 0.9000 0.9000 0.9020 0.9000 0.9020
4.733000 0.9040 0.9040 0.9040 0.9020 0.9020
4.765236 0.9020 0.9020 0.9000 0.9000 0.9000
4.798000 0.8970 0.8970 0.8960 0.8970 0.8990
4.830236 0.8990 0.9000 0.9000 0.9020 0.9020
4.862000 0.9000 0.9000 0.9020 0.9020 0.9020
4.894236 0.9040 0.9020 0.9020 0.9000 0.9000
4.927000 0.9000 0.8990 0.8990 0.8990 0.8970
4.959236 0.8960 0.8960 0.8940 0.8940 0.8910
4.991000 0.8910 0.8890 0.8880 0.8860 0.8830
5.023236 0.8810 0.8780 0.8750 0.8750 0.8720
5.056000 0.8730 0.8730 0.8750 0.8760 0.8760
5.088236 0.8760 0.8760 0.8780 0.8780 0.8780
5.120000 0.8780 0.8760 0.8750 0.8760 0.8780
5.152236 0.8800 0.8810 0.8830 0.8860 0.8890
5.185000 0.8910 0.8920 0.8940 0.8960 0.8970
5.217236 0.8990 0.8990 0.8990 0.8990 0.8990
5.249000 0.8990 0.8910 0.8860 0.8830 0.8810
5.281236 0.8800 0.8780 0.8720 0.8700 0.8700
5.313000 0.8690 0.8690 0.8670 0.8670 0.8700
5.345236 0.8700 0.8700 0.8700 0.8700 0.8690
5.378000 0.8640 0.8590 0.8540 0.8510 0.8490
5.410236 0.8490 0.8460 0.8330 0.8290 0.8190
5.442000 0.8060 0.7770 0.7460 0.7170 0.6860
5.474236 0.6640 0.6400 0.5730 0.4720 0.3640
5.507000 0.3220 0.2810 0.2010 0.1640 0.0730
5.539236 0.0710 0.0710 0.1290 0.1960 0.2680
5.571000 0.4180 0.4770 0.5030 0.6050 0.6160
5.603236 0.6160 0.6000 0.5870 0.5710 0.5540
5.636000 0.5380 0.5230 0.5110 0.5000 0.4790
5.668236 0.4660 0.4500 0.4240 0.4120 0.3780
5.700000 0.3450 0.3090 0.2420 0.1960 0.1620
5.732236 0.1290 0.0890 0.0330 0.0120 0.0120
5.764000 0.0120 0.0120 0.0120 0.0120 0.0140
5.796236 0.0140 0.0170 0.0200 0.0300 0.0670
5.829000 0.1620 0.2220 0.2650 0.3290 0.4390
5.861236 0.5000 0.5140 0.5330 0.5520 0.5750
5.893000 0.5950 0.6230 0.6270 0.6240 0.6080
5.925236 0.6020 0.5990 0.5970 0.6000 0.6450
5.958000 0.6660 0.6980 0.7100 0.7260 0.7440
5.990236 0.7520 0.7650 0.7740 0.7870 0.8010
6.022000 0.8140 0.8210 0.8270 0.8300 0.8330
6.054236 0.8380 0.8400 0.8400 0.8370 0.8330
6.087000 0.8330 0.8330 0.8400 0.8450 0.8480
6.119236 0.8510 0.8540 0.8540 0.8510 0.8460
6.151000 0.8400 0.8400 0.8380 0.8400 0.8460
6.183236 0.8490 0.8530 0.8530 0.8560 0.8560
6.216000 0.8560 0.8570 0.8570 0.8590 0.8590
6.248236 0.8570 0.8610 0.8620 0.8620 0.8620
6.280000 0.8620 0.8620 0.8620 0.8530 0.8530
6.312236 0.8570 0.8590 0.8620 0.8640 0.8670
6.344000 0.8700 0.8700 0.8690 0.8650 0.8640
6.376236 0.8540 0.8530 0.8530 0.8530 0.8540
6.409000 0.8560 0.8570 0.8590 0.8620 0.8610
6.441236 0.8590 0.8540 0.8540 0.8530 0.8510
6.473000 0.8450 0.8400 0.8380 0.8370 0.8350
6.505236 0.8400 0.8400 0.8350 0.8270 0.8220
6.538000 0.8140 0.8080 0.7980 0.7920 0.7840
6.570236 0.7710 0.7470 0.7300 0.7070 0.6910
6.602000 0.6750 0.6750 0.6800 0.6910 0.7010
6.634236 0.7140 0.7230 0.7310 0.7340 0.7390
6.667000 0.7410 0.7390 0.7340 0.7330 0.7260
6.699236 0.7170 0.7070 0.6980 0.6930 0.6900
6.731000 0.6880 0.6830 0.6740 0.6640 0.6540
6.763236 0.6420 0.6210 0.6030 0.5700 0.5460
6.796000 0.5230 0.4920 0.4420 0.3620 0.3270
6.828236 0.2920 0.2200 0.1580 0.1380 0.1240
6.860000 0.1230 0.1230 0.1320 0.1420 0.1530
6.892236 0.1700 0.1740 0.1720 0.1380 0.1160
6.924000 0.1000 0.0860 0.0730 0.0650 0.0650
6.956236 0.0730 0.0990 0.1030 0.1270 0.1670
6.989000 0.2120 0.2580 0.2930 0.3270 0.4020
7.021236 0.4440 0.4870 0.5270 0.5570 0.5710
7.053000 0.5970 0.6080 0.6290 0.6350 0.6430
7.085236 0.6500 0.6540 0.6560 0.6580 0.6580
7.118000 0.6530 0.6460 0.6350 0.6070 0.5730
7.150236 0.5310 0.4740 0.4340 0.3450 0.3220
7.182000 0.2980 0.2610 0.1930 0.1430 0.1430
7.214236 0.1460 0.2530 0.3130 0.3840 0.4610
7.247000 0.4800 0.4820 0.4800 0.4360 0.4360
7.279236 0.4740 0.5220 0.5700 0.5970 0.6180
7.311000 0.6230 0.6230 0.6000 0.5600 0.5170
7.343236 0.5150 0.5470 0.6300 0.6590 0.7070
7.376000 0.7260 0.7390 0.7490 0.7610 0.7690
7.408236 0.7730 0.7730 0.7690 0.7650 0.7600
7.440000 0.7550 0.7470 0.7440 0.7390 0.7410
7.472236 0.7500 0.7600 0.7690 0.7730 0.7770
7.504000 0.7810 0.7820 0.7840 0.7840 0.7820
7.536236 0.7790 0.7680 0.7630 0.7530 0.7440
7.569000 0.7380 0.7220 0.6990 0.6800 0.6700
7.601236 0.6610 0.6300 0.6100 0.5760 0.5390
7.633000 0.4740 0.4230 0.3940 0.3480 0.3160
7.665236 0.2840 0.2520 0.2520 0.2530 0.2630
7.698000 0.2900 0.3090 0.3640 0.3640 0.3610
7.730236 0.3480 0.3380 0.3290 0.2760 0.2340
7.762000 0.2090 0.1880 0.1750 0.1480 0.1480
7.794236 0.1530 0.1910 0.2090 0.2520 0.2840
7.827000 0.3270 0.4450 0.4710 0.4870 0.5060
7.859236 0.5380 0.5790 0.5970 0.6050 0.6150
7.891000 0.6240 0.6290 0.6290 0.6210 0.6130
7.923236 0.6020 0.5910 0.5310 0.5150 0.4760
7.955000 0.4290 0.4230 0.4230 0.4280 0.4550
7.987236 0.5090 0.5470 0.5760 0.6020 0.6110
8.020000 0.6300 0.6450 0.6540 0.6620 0.6750
8.052236 0.6830 0.6830 0.6820 0.6820 0.6770
8.084000 0.6750 0.6700 0.6660 0.6590 0.6480
8.116236 0.6320 0.6190 0.6080 0.5950 0.5810
8.149000 0.5670 0.5490 0.5310 0.5120 0.5000
8.181236 0.4900 0.4800 0.4680 0.4660 0.4660
8.213000 0.4660 0.4680 0.4740 0.4790 0.4840
8.245236 0.4880 0.4920 0.4980 0.5040 0.5120
8.278000 0.5230 0.5360 0.5460 0.5550 0.5670
8.310236 0.5760 0.5840 0.5870 0.6000 0.6000
8.342000 0.6020 0.6020 0.5910 0.5440 0.4980
8.374236 0.4100 0.3610 0.3320 0.3030 0.2680
8.407000 0.2650 0.2630 0.2630 0.2970 0.3800
8.439236 0.4020 0.4360 0.4500 0.4880 0.5070
8.471000 0.5380 0.5710 0.5990 0.6210 0.6380
8.503236 0.6610 0.7010 0.7170 0.7260 0.7490
8.535000 0.7610 0.7730 0.7790 0.7870 0.7970
8.567236 0.8010 0.8050 0.8060 0.8090 0.8140
8.600000 0.8190 0.8210 0.8210 0.8220 0.8220
8.632236 0.8240 0.8240 0.8250 0.8250 0.8270
8.664000 0.8290 0.8300 0.8300 0.8300 0.8300
8.696236 0.8320 0.8300 0.8300 0.8300 0.8300
8.729000 0.8300 0.8300 0.8290 0.8270 0.8250
8.761236 0.8240 0.8240 0.8220 0.8210 0.8170
8.793000 0.8170 0.8170 0.8170 0.8160 0.8160
8.825236 0.8160 0.8160 0.8170 0.8170 0.8170
8.858000 0.8190 0.8210 0.8210 0.8210 0.8210
8.890236 0.8210 0.8190 0.8170 0.8160 0.8130
8.922000 0.8110 0.8110 0.8110 0.8080 0.8080
8.954236 0.8030 0.8000 0.7950 0.7920 0.7890
8.987000 0.7820 0.7770 0.7660 0.7580 0.7490
9.019236 0.7380 0.7250 0.7010 0.6750 0.6500
9.051000 0.6080 0.5700 0.5220 0.4580 0.3640
9.083236 0.3190 0.2740 0.2100 0.1580 0.0990
9.115000 0.0730 0.0650 0.0650 0.0670 0.0780
9.147236 0.1030 0.1430 0.1780 0.2180 0.2490
9.180000 0.3010 0.3720 0.4130 0.4560 0.5010
9.212236 0.5280 0.5570 0.5860 0.5990 0.6160
9.244000 0.6290 0.6560 0.6990 0.7090 0.7220
9.276236 0.7310 0.7500 0.7570 0.7650 0.7710
9.309000 0.7740 0.7760 0.7770 0.7810 0.7820
9.341236 0.7820 0.7840 0.7820 0.7850 0.7850
9.373000 0.7870 0.7850 0.7840 0.7810 0.7770
9.405236 0.7740 0.7680 0.7600 0.7520 0.7360
9.438000 0.7150 0.7010 0.6820 0.6740 0.6640
9.470236 0.6210 0.5670 0.5060 0.4520 0.4080
9.502000 0.3510 0.3190 0.2870 0.2520 0.2280
9.534236 0.2250 0.2230 0.2250 0.2550 0.2810
9.566000 0.3090 0.3750 0.4070 0.4320 0.4610
9.598236 0.4850 0.5120 0.5300 0.5550 0.6000
9.631000 0.6150 0.6420 0.6660 0.6930 0.7070
9.663236 0.7200 0.7340 0.7420 0.7520 0.7570
9.695000 0.7690 0.7820 0.7920 0.7980 0.8060
9.727236 0.8130 0.8190 0.8220 0.8290 0.8320
9.760000 0.8370 0.8460 0.8530 0.8540 0.8540
9.792236 0.8560 0.8570 0.8570 0.8560 0.8560
9.824000 0.8540 0.8530 0.8540 0.8560 0.8590
9.856236 0.8610 0.8610 0.8610 0.8610 0.8610
9.889000 0.8590 0.8570 0.8570 0.8570 0.8560
9.921236 0.8540 0.8510 0.8530 0.8490 0.8430
9.953000 0.8300 0.8240 0.8130 0.8060 0.8030
9.985236 0.7980 0.7890 0.7740 0.7600 0.7490
10.018000 0.7170 0.6830 0.6500 0.5650 0.4800
10.050236 0.3960 0.3540 0.3110 0.2120 0.1610
10.082000 0.1540 0.1540 0.1640 0.1910 0.2280
10.114236 0.2530 0.2980 0.3320 0.4040 0.4440
10.146000 0.4800 0.5190 0.5520 0.5840 0.6100
10.178236 0.6340 0.6590 0.7020 0.7170 0.7300
10.211000 0.7410 0.7530 0.7690 0.7740 0.7840
10.243236 0.8010 0.8080 0.8110 0.8140 0.8160
10.275000 0.8210 0.8270 0.8290 0.8300 0.8320
10.307236 0.8330 0.8350 0.8350 0.8370 0.8380
10.340000 0.8400 0.8400 0.8410 0.8410 0.8410
10.372236 0.8430 0.8450 0.8460 0.8490 0.8530
10.404000 0.8560 0.8570 0.8590 0.8610 0.8610
10.436236 0.8640 0.8670 0.8700 0.8730 0.8750
10.469000 0.8750 0.8760 0.8760 0.8780 0.8800
10.501236 0.8800 0.8800 0.8800 0.8800 0.8800
10.533000 0.8800 0.8810 0.8810 0.8810 0.8810
10.565236 0.8810 0.8810 0.8830 0.8830 0.8830
10.598000 0.8810 0.8800 0.8780 0.8780 0.8760
10.630236 0.8760 0.8750 0.8730 0.8720 0.8700
10.662000 0.8690 0.8690 0.8700 0.8730 0.8760
10.694236 0.8780 0.8810 0.8830 0.8830 0.8840
10.726000 0.8860 0.8880 0.8890 0.8920 0.8940
10.758236 0.8960 0.8970 0.8970 0.8990 0.8990
10.791000 0.8990 0.8990 0.8970 0.8960 0.8940
10.823236 0.8940 0.8920 0.8920 0.8920 0.8880
10.855000 0.8860 0.8840 0.8840 0.8860 0.8910
10.887236 0.8910 0.8910 0.8890 0.8880 0.8860
10.920000 0.8810 0.8810 0.8800 0.8780 0.8750
10.952236 0.8720 0.8690 0.8640 0.8570 0.8530
10.984000 0.8430 0.8320 0.8140 0.7950 0.7630
11.016236 0.7460 0.7300 0.7180 0.7150 0.7170
11.049000 0.7380 0.7460 0.7580 0.7730 0.7820
11.081236 0.8000 0.8080 0.8170 0.8240 0.8290
11.113000 0.8330 0.8400 0.8480 0.8530 0.8590
11.145236 0.8610 0.8650 0.8720 0.8750 0.8760
11.178000 0.8760 0.8780 0.8780 0.8780 0.8780
11.210236 0.8760 0.8750 0.8730 0.8730 0.8730
11.242000 0.8700 0.8670 0.8640 0.8620 0.8590
11.274236 0.8570 0.8560 0.8570 0.8570 0.8610
11.306000 0.8620 0.8620 0.8640 0.8670 0.8670
11.338236 0.8700 0.8720 0.8730 0.8800 0.8810
11.371000 0.8830 0.8840 0.8880 0.8880 0.8910
11.403236 0.8910 0.8910 0.8910 0.8910 0.8920
11.435000 0.8940 0.8960 0.8970 0.8990 0.8990
11.467236 0.8960 0.8960 0.8970 0.8990 0.9000
11.500000 0.9020 0.9020 0.9020 0.9000 0.9000
11.532236 0.9000 0.9000 0.9000 0.9000 0.9000
11.564000 0.9000 0.9000 0.9000 0.9040 0.9040
11.596236 0.9040 0.9040 0.9040 0.9040 0.9020
11.629000 0.9020 0.9020 0.9000 0.9000 0.9000
11.661236 0.9000 0.9000 0.8990 0.8990 0.8990
11.693000 0.9000 0.9020 0.9020 0.9020 0.9000
11.725236 0.9000 0.9000 0.9000 0.9000 0.9000
11.757000 0.9000 0.9020 0.9050 0.9070 0.9080
11.789236 0.9070 0.9070 0.9070 0.9050 0.9050
11.822000 0.9050 0.9050 0.9050 0.9070 0.9080
11.854236 0.9070 0.9040 0.9020 0.9000 0.8990
11.886000 0.8990 0.8990 0.8970 0.8990 0.8990
11.918236 0.8990 0.9000 0.9000 0.9020 0.9020
11.951000 0.9020 0.9020 0.9020 0.9020 0.9020
11.983236 0.9020 0.9020 0.9020 0.9020 0.9040
12.015000 0.9040 0.9020 0.9000 0.9000 0.9000
12.047236 0.8990 0.8990 0.8990 0.8990 0.9000
12.080000 0.9000 0.9000 0.9000 0.9000 0.9000
12.112236 0.8990 0.8970 0.8960 0.8940 0.8920
12.144000 0.8910 0.8910 0.8890 0.8880 0.8880
12.176236 0.8880 0.8880 0.8880 0.8880 0.8880
12.209000 0.8880 0.8880 0.8880 0.8880 0.8880
12.241236 0.8880 0.8880 0.8880 0.8880 0.8890
12.273000 0.8920 0.8970 0.8970 0.8970 0.8970
12.305236 0.8970 0.8970 0.8920 0.8920 0.8920
12.337000 0.8910 0.8890 0.8890 0.8880 0.8840
12.369236 0.8840 0.8830 0.8830 0.8810 0.8810
12.402000 0.8810 0.8830 0.8840 0.8860 0.8840
12.434236 0.8840 0.8840 0.8830 0.8830 0.8840
12.466000 0.8830 0.8830 0.8830 0.8840 0.8840
12.498236 0.8840 0.8860 0.8860 0.8880 0.8880
12.531000 0.8890 0.8910 0.8910 0.8920 0.8920
12.563236 0.8940 0.8960 0.8970 0.8990 0.8990
12.595000 0.9000 0.9020 0.9070 0.9080 0.9100
12.627236 0.9120 0.9130 0.9150 0.9160 0.9180
12.660000 0.9180 0.9200 0.9230 0.9260 0.9290
12.692236 0.9340 0.9370 0.9390 0.9400 0.9440
12.724000 0.9480 0.9600 0.9630 0.9660 0.9680
12.756236 0.9690 0.9720 0.9790 0.9920 0.9980
12.789000 1.0110 1.0120 1.0140 1.0170 1.0170
12.821236 1.0190 1.0190 1.0190 1.0190 1.0190
12.853000 1.0190 1.0190 1.0190 1.0190 1.0190
12.885236 1.0170 1.0170 1.0170 1.0170 1.0170
12.917000 1.0170 1.0170 1.0170 1.0170 1.0170
12.949236 1.0170 1.0170 1.0170 1.0170 1.0170
12.982000 1.0170 1.0170 1.0170 1.0170 1.0170
13.014236 1.0170 1.0170 1.0170 1.0170 1.0170
13.046000 1.0170 1.0170 1.0170 1.0170 1.0170
13.078236 1.0170 1.0170 1.0170 1.0170 1.0170
13.111000 1.0170 1.0170 1.0170 1.0170 1.0170
13.143236 1.0170 1.0170 1.0170 1.0170 1.0170
13.175000 1.0170 1.0170 1.0170 1.0170 1.0170
13.207236 1.0170 1.0170 1.0170 1.0170 1.0170
13.240000 1.0170 1.0170 1.0170 1.0170 1.0170
13.272236 1.0170 1.0170 1.0170 1.0170 1.0170
13.304000 1.0170 1.0170 1.0170 1.0170 1.0170
13.336236 1.0170 1.0170 1.0170 1.0170 1.0170
13.368000 1.0170 1.0170 1.0170 1.0170 1.0170
13.400236 1.0170 1.0150 1.0150 1.0150 1.0150
13.433000 1.0150 1.0150 1.0150 1.0150 1.0170
13.465236 1.0170 1.0170 1.0150 1.0150 1.0150
13.497000 1.0150 1.0150 1.0150 1.0150 1.0150
13.529236 1.0150 1.0150 1.0150 1.0170 1.0150
13.562000 1.0150 1.0150 1.0150 1.0150 1.0170
13.594236 1.0170 1.0170 1.0170 1.0170 1.0170
13.626000 1.0170 1.0170 1.0170 1.0170 1.0170
13.658236 1.0170 1.0170 1.0170 1.0170 1.0170
13.691000 1.0170 1.0170 1.0170 1.0170 1.0170
13.723236 1.0170 1.0150 1.0150 1.0150 1.0150
13.755000 1.0150 1.0150 1.0150 1.0150 1.0150
13.787236 1.0170 1.0150 1.0150 1.0150 1.0150
13.820000 1.0150 1.0150 1.0150 1.0150 1.0150
13.852236 1.0150 1.0150 1.0150 1.0150 1.0150
13.884000 1.0150 1.0140 1.0140 1.0090 1.0070
13.916236 1.0060 1.0060 1.0060 1.0040 1.0010
13.948000 0.9960 0.9900 0.9880 0.9740 0.9690
13.980236 0.9680 0.9610 0.9500 0.9500 0.9450
14.013000 0.9390 0.9340 0.9290 0.9240 0.9210
14.045236 0.9180 0.9150 0.9120 0.9080 0.9070
14.077000 0.9050 0.9040 0.9040 0.9040 0.9020
14.109236 0.8990 0.8960 0.8910 0.8890 0.8890
14.142000 0.8880 0.8880 0.8860 0.8860 0.8810
14.174236 0.8800 0.8780 0.8780 0.8750 0.8730
14.206000 0.8720 0.8700 0.8700 0.8690 0.8650
14.238236 0.8640 0.8640 0.8610 0.8590 0.8560
14.271000 0.8540 0.8540 0.8540 0.8540 0.8540
14.303236 0.8530 0.8510 0.8480 0.8410 0.8380
14.335000 0.8330 0.8320 0.8210 0.8160 0.8130
14.367236 0.8080 0.8000 0.7970 0.7850 0.7600
14.400000 0.7310 0.7120 0.6930 0.6880 0.6860
14.432236 0.6860 0.6880 0.6880 0.6900 0.7010
14.464000 0.7090 0.7300 0.7420 0.7490 0.7610
14.496236 0.7760 0.7930 0.8000 0.8090 0.8190
14.528000 0.8240 0.8270 0.8290 0.8370 0.8450
14.560236 0.8480 0.8490 0.8510 0.8540 0.8570
14.593000 0.8640 0.8690 0.8720 0.8720 0.8730
14.625236 0.8760 0.8780 0.8800 0.8800 0.8800
14.657000 0.8800 0.8810 0.8810 0.8830 0.8840
14.689236 0.8860 0.8880 0.8880 0.8890 0.8910
14.722000 0.8910 0.8910 0.8910 0.8910 0.8910
14.754236 0.8920 0.8940 0.8960 0.8970 0.8990
14.786000 0.8990 0.9000 0.8970 0.8960 0.8910
14.818236 0.8890 0.8910 0.8970 0.9020 0.9050
14.851000 0.9100 0.9130 0.9160 0.9180 0.9200
14.883236 0.9200 0.9230 0.9240 0.9260 0.9260
14.915000 0.9260 0.9260 0.9280 0.9280 0.9310
14.947236 0.9340 0.9360 0.9390 0.9400 0.9440
14.979000 0.9470 0.9480 0.9500 0.9530 0.9550
15.011236 0.9560 0.9600 0.9610 0.9610 0.9630
15.044000 0.9640 0.9660 0.9660 0.9660 0.9660
15.076236 0.9660 0.9630 0.9580 0.9520 0.9420
15.108000 0.9200 0.9080 0.8940 0.8830 0.8620
15.140236 0.8430 0.8320 0.8220 0.8170 0.8160
15.173000 0.8160 0.8140 0.8160 0.8170 0.8220
15.205236 0.8270 0.8300 0.8330 0.8370 0.8380
15.237000 0.8410 0.8430 0.8450 0.8460 0.8460
15.269236 0.8480 0.8540 0.8560 0.8570 0.8590
15.302000 0.8590 0.8590 0.8570 0.8540 0.8490
15.334236 0.8480 0.8460 0.8400 0.8350 0.8300
15.366000 0.8300 0.8320 0.8320 0.8330 0.8350
15.398236 0.8350 0.8370 0.8370 0.8380 0.8410
15.431000 0.8460 0.8480 0.8510 0.8570 0.8650
15.463236 0.8670 0.8690 0.8720 0.8730 0.8800
15.495000 0.8800 0.8810 0.8830 0.8840 0.8810
15.527236 0.8830
##END=
