##TITLE=N,N-DIMETHYLTRIFLUOROACETAMIDE
##JCAMP-DX=4.24
##DATA TYPE=INFRARED SPECTRUM
##CLASS=COBLENTZ
##ORIGIN=ABBOTT LABORATORIES - WASHBURN
##OWNER=COBLENTZ SOCIETY
Collection (C) 2018 copyright by the U.S. Secretary of Commerce
on behalf of the United States of America. All rights reserved.
##DATE=Not specified, most likely prior to 1970
##NAMES=2,2,2-trifluoro-N,N-dimethylacetamide
##CAS REGISTRY NO=1547-87-1
##MOLFORM=C4 H6 F3 N O
##SOURCE REFERENCE=COBLENTZ NO. 3925
##$NIST SOURCE=COBLENTZ
##$NIST IMAGE=cob3925
##SPECTROMETER/DATA SYSTEM=PERKIN-ELMER
##STATE=LIQUID
##PATH LENGTH=CAPILLARY
##SAMPLING PROCEDURE=TRANSMISSION
##RESOLUTION=4
##DATA PROCESSING=DIGITIZED BY NIST FROM HARD COPY (FROM TWO SEGMENTS)
##XUNITS=MICROMETERS
##YUNITS=TRANSMITTANCE
##XFACTOR=1.000000
##YFACTOR=1
##DELTAX=0.005952
##FIRSTX=2.054
##LASTX=15.4162
##FIRSTY=0.883
##MAXX=15.4162
##MINX=2.054
##MAXY=0.945976
##MINY=0.118
##NPOINTS=2246
##XYDATA=(X++(Y..Y))
2.054000 0.8830 0.8830 0.8830 0.8840 0.8840
2.083760 0.8840 0.8840 0.8840 0.8860 0.8860
2.113520 0.8861 0.8870 0.8870 0.8870 0.8870
2.143280 0.8870 0.8870 0.8870 0.8871 0.8890
2.173040 0.8890 0.8900 0.8900 0.8900 0.8900
2.202800 0.8900 0.8900 0.8900 0.8900 0.8920
2.232560 0.8920 0.8920 0.8921 0.8932 0.8950
2.262320 0.8953 0.8992 0.9020 0.9019 0.9010
2.292080 0.9010 0.8990 0.8980 0.8980 0.8980
2.321840 0.8990 0.9010 0.9010 0.8990 0.8990
2.351600 0.8992 0.9010 0.9011 0.9022 0.9041
2.381360 0.9055 0.9100 0.9101 0.9107 0.9079
2.411120 0.9070 0.9070 0.9080 0.9080 0.9080
2.440880 0.9070 0.9070 0.9070 0.9080 0.9100
2.470640 0.9112 0.9130 0.9130 0.9130 0.9130
2.500400 0.9131 0.9140 0.9142 0.9158 0.9140
2.530160 0.9140 0.9140 0.9140 0.9140 0.9140
2.559920 0.9160 0.9170 0.9170 0.9160 0.9160
2.589680 0.9160 0.9158 0.9140 0.9142 0.9160
2.619440 0.9160 0.9160 0.9160 0.9161 0.9170
2.649200 0.9169 0.9129 0.9110 0.9110 0.9110
2.678960 0.9110 0.9110 0.9110 0.9110 0.9100
2.708720 0.9101 0.9110 0.9110 0.9110 0.9110
2.738480 0.9109 0.9098 0.9079 0.9070 0.9070
2.768240 0.9070 0.9069 0.9050 0.9050 0.9039
2.798000 0.9009 0.8959 0.8930 0.8920 0.8900
2.827760 0.8899 0.8890 0.8888 0.8870 0.8870
2.857520 0.8869 0.8860 0.8858 0.8840 0.8840
2.887280 0.8840 0.8840 0.8840 0.8830 0.8829
2.917040 0.8810 0.8810 0.8810 0.8810 0.8810
2.946800 0.8810 0.8813 0.8830 0.8830 0.8830
2.976560 0.8830 0.8830 0.8830 0.8830 0.8830
3.006320 0.8830 0.8830 0.8830 0.8840 0.8841
3.036080 0.8860 0.8860 0.8870 0.8870 0.8871
3.065840 0.8890 0.8890 0.8891 0.8900 0.8903
3.095600 0.8920 0.8920 0.8920 0.8920 0.8920
3.125360 0.8921 0.8930 0.8931 0.8950 0.8951
3.155120 0.8960 0.8960 0.8960 0.8961 0.8980
3.184880 0.8990 0.8990 0.9019 0.9039 0.9069
3.214640 0.9080 0.9080 0.9080 0.9070 0.9070
3.244400 0.9081 0.9101 0.9111 0.9131 0.9141
3.274160 0.9162 0.9202 0.9229 0.9218 0.9189
3.303920 0.9170 0.9131 0.9110 0.9110 0.9100
3.333680 0.9080 0.9080 0.9080 0.9080 0.9070
3.363440 0.9006 0.8956 0.8900 0.8893 0.8793
3.393200 0.8680 0.8533 0.8415 0.8328 0.8288
3.422960 0.8260 0.8260 0.8270 0.8349 0.8380
3.452720 0.8419 0.8469 0.8529 0.8559 0.8648
3.482480 0.8653 0.8694 0.8743 0.8782 0.8812
3.512240 0.8844 0.8892 0.8920 0.8921 0.8931
3.542000 0.8950 0.8960 0.9010 0.9020 0.9040
3.571760 0.9050 0.9070 0.9100 0.9130 0.9140
3.601520 0.9193 0.9234 0.9281 0.9292 0.9312
3.631280 0.9340 0.9340 0.9340 0.9341 0.9351
3.661040 0.9370 0.9410 0.9410 0.9410 0.9410
3.690800 0.9430 0.9430 0.9440 0.9440 0.9460
3.720560 0.9458 0.9440 0.9439 0.9430 0.9428
3.750320 0.9409 0.9400 0.9400 0.9400 0.9399
3.780080 0.9380 0.9380 0.9370 0.9370 0.9380
3.809840 0.9400 0.9410 0.9410 0.9430 0.9410
3.839600 0.9406 0.9365 0.9317 0.9289 0.9280
3.869360 0.9280 0.9280 0.9280 0.9280 0.9282
3.899120 0.9310 0.9309 0.9250 0.9250 0.9250
3.928880 0.9220 0.9220 0.9220 0.9200 0.9190
3.958640 0.9172 0.9190 0.9190 0.9190 0.9188
3.988400 0.9169 0.9158 0.9139 0.9128 0.9110
4.018160 0.9109 0.9079 0.9050 0.9050 0.9040
4.047920 0.9040 0.9020 0.9020 0.9020 0.9010
4.077680 0.9010 0.9008 0.8989 0.8978 0.8957
4.107440 0.8930 0.8930 0.8930 0.8930 0.8930
4.137200 0.8930 0.8920 0.8920 0.8930 0.8930
4.166960 0.8920 0.8920 0.8920 0.8900 0.8920
4.196720 0.8918 0.8899 0.8890 0.8888 0.8870
4.226480 0.8870 0.8870 0.8872 0.8891 0.8900
4.256240 0.8900 0.8890 0.8890 0.8889 0.8859
4.286000 0.8838 0.8780 0.8769 0.8750 0.8740
4.315760 0.8740 0.8740 0.8741 0.8750 0.8752
4.345520 0.8771 0.8780 0.8780 0.8780 0.8780
4.375280 0.8780 0.8769 0.8740 0.8739 0.8720
4.405040 0.8720 0.8720 0.8710 0.8709 0.8690
4.434800 0.8680 0.8680 0.8661 0.8679 0.8690
4.464560 0.8690 0.8690 0.8690 0.8690 0.8681
4.494320 0.8679 0.8660 0.8660 0.8660 0.8650
4.524080 0.8650 0.8649 0.8630 0.8619 0.8600
4.553840 0.8600 0.8600 0.8600 0.8600 0.8590
4.583600 0.8571 0.8570 0.8570 0.8570 0.8589
4.613360 0.8590 0.8590 0.8589 0.8569 0.8560
4.643120 0.8560 0.8570 0.8570 0.8570 0.8570
4.672880 0.8570 0.8570 0.8560 0.8560 0.8560
4.702640 0.8560 0.8560 0.8541 0.8540 0.8540
4.732400 0.8530 0.8530 0.8528 0.8500 0.8500
4.762160 0.8500 0.8500 0.8499 0.8480 0.8470
4.791920 0.8470 0.8470 0.8470 0.8470 0.8470
4.821680 0.8450 0.8440 0.8440 0.8421 0.8420
4.851440 0.8440 0.8440 0.8440 0.8440 0.8441
4.881200 0.8450 0.8450 0.8450 0.8450 0.8449
4.910960 0.8440 0.8440 0.8440 0.8420 0.8420
4.940720 0.8420 0.8440 0.8440 0.8440 0.8440
4.970480 0.8420 0.8419 0.8410 0.8410 0.8409
5.000240 0.8390 0.8380 0.8360 0.8360 0.8350
5.030000 0.8359 0.8360 0.8378 0.8389 0.8390
5.059760 0.8390 0.8406 0.8410 0.8410 0.8410
5.089520 0.8417 0.8420 0.8420 0.8414 0.8410
5.119280 0.8410 0.8410 0.8396 0.8390 0.8390
5.149040 0.8390 0.8390 0.8390 0.8384 0.8380
5.178800 0.8380 0.8380 0.8380 0.8380 0.8372
5.208560 0.8360 0.8360 0.8360 0.8360 0.8357
5.238320 0.8345 0.8330 0.8328 0.8320 0.8320
5.268080 0.8321 0.8330 0.8330 0.8331 0.8350
5.297840 0.8350 0.8350 0.8350 0.8332 0.8330
5.327600 0.8321 0.8320 0.8320 0.8304 0.8292
5.357360 0.8290 0.8290 0.8273 0.8270 0.8270
5.387120 0.8262 0.8260 0.8268 0.8270 0.8284
5.416880 0.8290 0.8290 0.8290 0.8296 0.8300
5.446640 0.8294 0.8290 0.8290 0.8290 0.8290
5.476400 0.8290 0.8290 0.8294 0.8296 0.8283
5.506160 0.8270 0.8267 0.8260 0.8260 0.8260
5.535920 0.8260 0.8254 0.8227 0.8210 0.8210
5.565680 0.8210 0.8210 0.8210 0.8200 0.8180
5.595440 0.8170 0.8142 0.8119 0.8110 0.8110
5.625200 0.8090 0.8090 0.8090 0.8081 0.8053
5.654960 0.8005 0.7965 0.7944 0.7932 0.7891
5.684720 0.7857 0.7777 0.7715 0.7659 0.7580
5.714480 0.7492 0.7435 0.7402 0.7308 0.7161
5.744240 0.7075 0.6992 0.6864 0.6755 0.6666
5.774000 0.6608 0.6494 0.6256 0.6027 0.5760
5.803760 0.5468 0.5306 0.5110 0.4847 0.4551
5.833520 0.4050 0.3445 0.2794 0.1930 0.1647
5.863280 0.1460 0.1355 0.1270 0.1206 0.1180
5.893040 0.1182 0.1212 0.1260 0.1516 0.1549
5.922800 0.1606 0.1822 0.1921 0.2071 0.2339
5.952560 0.2766 0.3568 0.4407 0.4909 0.5106
5.982320 0.5308 0.5935 0.6371 0.6651 0.6815
6.012080 0.6945 0.7056 0.7129 0.7175 0.7200
6.041840 0.7215 0.7233 0.7275 0.7330 0.7375
6.071600 0.7421 0.7480 0.7545 0.7620 0.7684
6.101360 0.7754 0.7821 0.7843 0.7850 0.7856
6.131120 0.7881 0.7918 0.7940 0.7940 0.7945
6.160880 0.7974 0.8000 0.8002 0.8020 0.8020
6.190640 0.8030 0.8030 0.8050 0.8060 0.8078
6.220400 0.8080 0.8080 0.8080 0.8080 0.8080
6.250160 0.8080 0.8088 0.8105 0.8110 0.8110
6.279920 0.8116 0.8120 0.8120 0.8120 0.8120
6.309680 0.8115 0.8100 0.8090 0.8090 0.8090
6.339440 0.8090 0.8090 0.8085 0.8070 0.8045
6.369200 0.8025 0.8011 0.7996 0.7982 0.7966
6.398960 0.7960 0.7954 0.7940 0.7940 0.7938
6.428720 0.7930 0.7930 0.7926 0.7910 0.7910
6.458480 0.7909 0.7900 0.7900 0.7900 0.7900
6.488240 0.7880 0.7851 0.7841 0.7840 0.7822
6.518000 0.7795 0.7766 0.7752 0.7735 0.7685
6.547760 0.7626 0.7475 0.7379 0.7300 0.7238
6.577520 0.7177 0.7108 0.7076 0.7063 0.7067
6.607280 0.7109 0.7162 0.7198 0.7245 0.7293
6.637040 0.7321 0.7330 0.7321 0.7305 0.7291
6.666800 0.7268 0.7238 0.7209 0.7180 0.7160
6.696560 0.7169 0.7205 0.7255 0.7272 0.7289
6.726320 0.7337 0.7377 0.7425 0.7465 0.7511
6.756080 0.7520 0.7520 0.7540 0.7521 0.7520
6.785840 0.7511 0.7492 0.7464 0.7434 0.7405
6.815600 0.7392 0.7317 0.7310 0.7275 0.7227
6.845360 0.7195 0.7182 0.7140 0.7130 0.7107
6.875120 0.7100 0.7100 0.7113 0.7120 0.7139
6.904880 0.7150 0.7167 0.7180 0.7180 0.7180
6.934640 0.7185 0.7199 0.7214 0.7220 0.7220
6.964400 0.7220 0.7220 0.7220 0.7217 0.7202
6.994160 0.7172 0.7126 0.6958 0.6725 0.6629
7.023920 0.6549 0.6467 0.6441 0.6374 0.6342
7.053680 0.6301 0.6260 0.6265 0.6310 0.6315
7.083440 0.6400 0.6409 0.6350 0.6282 0.6166
7.113200 0.5992 0.5980 0.6109 0.6263 0.6387
7.142960 0.6616 0.6809 0.7007 0.7126 0.7277
7.172720 0.7357 0.7443 0.7524 0.7568 0.7591
7.202480 0.7666 0.7773 0.7835 0.7865 0.7880
7.232240 0.7889 0.7900 0.7905 0.7910 0.7920
7.262000 0.7930 0.7934 0.7940 0.7948 0.7964
7.291760 0.7977 0.7990 0.7993 0.8005 0.8020
7.321520 0.8020 0.8020 0.8022 0.8030 0.8033
7.351280 0.8051 0.8060 0.8062 0.8080 0.8080
7.381040 0.8090 0.8090 0.8081 0.8080 0.8080
7.410800 0.8080 0.8080 0.8063 0.8060 0.8052
7.440560 0.8035 0.8023 0.8020 0.8000 0.7990
7.470320 0.7977 0.7970 0.7964 0.7947 0.7940
7.500080 0.7933 0.7917 0.7904 0.7888 0.7880
7.529840 0.7880 0.7891 0.7900 0.7900 0.7904
7.559600 0.7918 0.7930 0.7934 0.7940 0.7940
7.589360 0.7946 0.7960 0.7960 0.7960 0.7956
7.619120 0.7940 0.7940 0.7940 0.7939 0.7930
7.648880 0.7929 0.7910 0.7900 0.7900 0.7871
7.678640 0.7851 0.7850 0.7841 0.7797 0.7765
7.708400 0.7735 0.7658 0.7609 0.7539 0.7460
7.738160 0.7382 0.7295 0.7086 0.6867 0.6644
7.767920 0.6389 0.6248 0.6016 0.5827 0.5684
7.797680 0.5576 0.5517 0.5472 0.5428 0.5379
7.827440 0.5340 0.5340 0.5364 0.5477 0.5645
7.857200 0.5732 0.5811 0.5928 0.6031 0.6119
7.886960 0.6236 0.6282 0.6297 0.6320 0.6303
7.916720 0.6211 0.6125 0.5978 0.5820 0.5647
7.946480 0.5558 0.5451 0.5265 0.5146 0.4888
7.976240 0.4755 0.4635 0.4371 0.4184 0.4065
8.006000 0.4004 0.3954 0.3896 0.3855 0.3799
8.035760 0.3774 0.3770 0.3770 0.3785 0.3811
8.065520 0.3841 0.3978 0.4060 0.4240 0.4407
8.095280 0.4558 0.4794 0.5022 0.5174 0.5353
8.125040 0.5655 0.5883 0.5949 0.6043 0.6109
8.154800 0.6200 0.6289 0.6334 0.6402 0.6410
8.184560 0.6414 0.6430 0.6425 0.6389 0.6316
8.214320 0.6278 0.6184 0.6154 0.6115 0.6031
8.244080 0.5958 0.5797 0.5681 0.5585 0.5507
8.273840 0.5438 0.5363 0.5303 0.5245 0.5240
8.303600 0.5125 0.4938 0.4775 0.4512 0.4308
8.333360 0.4200 0.3968 0.3743 0.3496 0.3324
8.363120 0.3190 0.2991 0.2750 0.2581 0.2469
8.392880 0.2404 0.2271 0.2136 0.2068 0.1983
8.422640 0.1948 0.1922 0.1910 0.1917 0.1939
8.452400 0.1972 0.2034 0.2159 0.2344 0.2601
8.482160 0.2791 0.2977 0.3179 0.3345 0.3722
8.511920 0.3948 0.4300 0.4446 0.4573 0.4753
8.541680 0.4784 0.4842 0.4881 0.4900 0.4910
8.571440 0.4910 0.4901 0.4882 0.4819 0.4759
8.601200 0.4650 0.4509 0.4409 0.4275 0.4105
8.630960 0.3995 0.3914 0.3784 0.3636 0.3507
8.660720 0.3337 0.3205 0.3132 0.3021 0.2890
8.690480 0.2791 0.2695 0.2569 0.2494 0.2443
8.720240 0.2354 0.2242 0.2175 0.2134 0.2060
8.750000 0.1988 0.1936 0.1913 0.1859 0.1810
8.779760 0.1802 0.1775 0.1758 0.1752 0.1765
8.809520 0.1795 0.1827 0.1884 0.1997 0.2113
8.839280 0.2183 0.2320 0.2408 0.2554 0.2729
8.869040 0.2960 0.3141 0.3484 0.3677 0.3757
8.898800 0.3826 0.3959 0.4033 0.4058 0.4094
8.928560 0.4117 0.4104 0.4068 0.3993 0.3862
8.958320 0.3701 0.3528 0.3391 0.3286 0.3195
8.988080 0.3095 0.3044 0.2940 0.2768 0.2594
9.017840 0.2473 0.2405 0.2331 0.2278 0.2253
9.047600 0.2240 0.2247 0.2279 0.2331 0.2395
9.077360 0.2542 0.2698 0.2877 0.2972 0.3107
9.107120 0.3585 0.3821 0.4164 0.4370 0.4581
9.136880 0.4766 0.4910 0.5244 0.5404 0.5732
9.166640 0.5961 0.5991 0.6168 0.6276 0.6417
9.196400 0.6439 0.6535 0.6609 0.6736 0.6841
9.226160 0.6907 0.7004 0.7037 0.7054 0.7087
9.255920 0.7158 0.7221 0.7276 0.7317 0.7352
9.285680 0.7381 0.7395 0.7400 0.7414 0.7443
9.315440 0.7468 0.7484 0.7490 0.7490 0.7496
9.345200 0.7510 0.7504 0.7487 0.7473 0.7445
9.374960 0.7427 0.7414 0.7392 0.7370 0.7368
9.404720 0.7356 0.7334 0.7310 0.7308 0.7301
9.434480 0.7312 0.7331 0.7341 0.7361 0.7390
9.464240 0.7429 0.7459 0.7516 0.7575 0.7651
9.494000 0.7685 0.7714 0.7728 0.7769 0.7780
9.523760 0.7802 0.7817 0.7834 0.7847 0.7863
9.553520 0.7876 0.7891 0.7900 0.7905 0.7920
9.583280 0.7935 0.7949 0.7973 0.7994 0.8000
9.613040 0.8009 0.8020 0.8025 0.8030 0.8039
9.642800 0.8054 0.8060 0.8067 0.8080 0.8083
9.672560 0.8096 0.8110 0.8112 0.8120 0.8120
9.702320 0.8118 0.8107 0.8090 0.8090 0.8090
9.732080 0.8090 0.8090 0.8090 0.8090 0.8090
9.761840 0.8081 0.8080 0.8080 0.8080 0.8080
9.791600 0.8080 0.8080 0.8080 0.8066 0.8060
9.821360 0.8060 0.8060 0.8054 0.8050 0.8050
9.851120 0.8056 0.8060 0.8073 0.8080 0.8099
9.880880 0.8110 0.8116 0.8137 0.8150 0.8166
9.910640 0.8195 0.8219 0.8234 0.8240 0.8248
9.940400 0.8260 0.8263 0.8270 0.8276 0.8290
9.970160 0.8290 0.8292 0.8300 0.8300 0.8300
9.999920 0.8300 0.8300 0.8300 0.8300 0.8301
10.029680 0.8320 0.8320 0.8329 0.8330 0.8348
10.059440 0.8350 0.8350 0.8358 0.8360 0.8360
10.089200 0.8360 0.8360 0.8377 0.8388 0.8390
10.118960 0.8390 0.8405 0.8410 0.8417 0.8420
10.148720 0.8434 0.8447 0.8450 0.8444 0.8440
10.178480 0.8429 0.8415 0.8410 0.8410 0.8410
10.208240 0.8410 0.8410 0.8410 0.8410 0.8410
10.238000 0.8410 0.8410 0.8410 0.8410 0.8410
10.267760 0.8412 0.8420 0.8420 0.8422 0.8438
10.297520 0.8420 0.8420 0.8410 0.8410 0.8410
10.327280 0.8420 0.8420 0.8447 0.8450 0.8470
10.357040 0.8470 0.8470 0.8470 0.8470 0.8470
10.386800 0.8470 0.8479 0.8497 0.8500 0.8500
10.416560 0.8500 0.8507 0.8503 0.8500 0.8487
10.446320 0.8480 0.8474 0.8458 0.8450 0.8460
10.476080 0.8470 0.8470 0.8470 0.8470 0.8470
10.505840 0.8470 0.8470 0.8463 0.8450 0.8446
10.535600 0.8440 0.8440 0.8440 0.8440 0.8440
10.565360 0.8440 0.8443 0.8450 0.8450 0.8450
10.595120 0.8453 0.8470 0.8470 0.8468 0.8450
10.624880 0.8450 0.8450 0.8450 0.8440 0.8440
10.654640 0.8421 0.8411 0.8392 0.8381 0.8380
10.684400 0.8380 0.8364 0.8360 0.8352 0.8329
10.714160 0.8299 0.8277 0.8270 0.8270 0.8252
10.743920 0.8223 0.8193 0.8131 0.8043 0.7977
10.773680 0.7930 0.7892 0.7812 0.7727 0.7669
10.803440 0.7595 0.7531 0.7469 0.7407 0.7394
10.833200 0.7407 0.7434 0.7466 0.7492 0.7562
10.862960 0.7683 0.7756 0.7872 0.7890 0.7937
10.892720 0.7977 0.8033 0.8062 0.8093 0.8143
10.922480 0.8210 0.8230 0.8259 0.8270 0.8289
10.952240 0.8316 0.8346 0.8358 0.8376 0.8388
10.982000 0.8405 0.8410 0.8410 0.8410 0.8410
11.011760 0.8418 0.8420 0.8420 0.8420 0.8434
11.041520 0.8440 0.8447 0.8450 0.8463 0.8470
11.071280 0.8470 0.8475 0.8475 0.8470 0.8475
11.101040 0.8480 0.8489 0.8500 0.8492 0.8480
11.130800 0.8480 0.8480 0.8480 0.8480 0.8478
11.160560 0.8470 0.8470 0.8470 0.8467 0.8450
11.190320 0.8452 0.8470 0.8480 0.8480 0.8480
11.220080 0.8480 0.8480 0.8498 0.8500 0.8500
11.249840 0.8500 0.8500 0.8500 0.8500 0.8509
11.279600 0.8501 0.8500 0.8500 0.8484 0.8480
11.309360 0.8496 0.8500 0.8507 0.8510 0.8503
11.339120 0.8500 0.8500 0.8500 0.8506 0.8510
11.368880 0.8510 0.8510 0.8510 0.8510 0.8518
11.398640 0.8522 0.8510 0.8517 0.8523 0.8510
11.428400 0.8507 0.8495 0.8480 0.8478 0.8470
11.458160 0.8472 0.8483 0.8501 0.8510 0.8510
11.487920 0.8510 0.8510 0.8510 0.8510 0.8510
11.517680 0.8509 0.8500 0.8500 0.8500 0.8500
11.547440 0.8481 0.8471 0.8452 0.8476 0.8480
11.577200 0.8497 0.8508 0.8510 0.8510 0.8525
11.606960 0.8537 0.8540 0.8520 0.8510 0.8504
11.636720 0.8482 0.8470 0.8486 0.8505 0.8510
11.666480 0.8520 0.8521 0.8510 0.8506 0.8500
11.696240 0.8490 0.8464 0.8456 0.8473 0.8480
11.726000 0.8485 0.8500 0.8495 0.8480 0.8480
11.755760 0.8477 0.8472 0.8478 0.8470 0.8470
11.785520 0.8467 0.8453 0.8471 0.8480 0.8480
11.815280 0.8470 0.8480 0.8480 0.8480 0.8480
11.845040 0.8471 0.8470 0.8470 0.8454 0.8450
11.874800 0.8450 0.8450 0.8450 0.8450 0.8464
11.904560 0.8497 0.8510 0.8504 0.8488 0.8474
11.934320 0.8470 0.8470 0.8460 0.8450 0.8459
11.964080 0.8474 0.8488 0.8500 0.8500 0.8490
11.993840 0.8480 0.8476 0.8470 0.8470 0.8463
12.023600 0.8450 0.8447 0.8440 0.8440 0.8435
12.053360 0.8420 0.8420 0.8420 0.8420 0.8420
12.083120 0.8420 0.8422 0.8440 0.8440 0.8450
12.112880 0.8440 0.8440 0.8440 0.8440 0.8422
12.142640 0.8420 0.8412 0.8394 0.8390 0.8405
12.172400 0.8417 0.8434 0.8440 0.8447 0.8463
12.202160 0.8451 0.8428 0.8420 0.8414 0.8398
12.231920 0.8390 0.8390 0.8384 0.8380 0.8380
12.261680 0.8380 0.8380 0.8380 0.8370 0.8360
12.291440 0.8360 0.8368 0.8380 0.8390 0.8400
12.321200 0.8380 0.8380 0.8375 0.8360 0.8360
12.350960 0.8360 0.8360 0.8360 0.8362 0.8380
12.380720 0.8380 0.8380 0.8390 0.8410 0.8410
12.410480 0.8441 0.8451 0.8471 0.8501 0.8530
12.440240 0.8569 0.8599 0.8619 0.8629 0.8630
12.470000 0.8630 0.8630 0.8622 0.8620 0.8620
12.499760 0.8605 0.8593 0.8576 0.8563 0.8560
12.529520 0.8560 0.8560 0.8560 0.8560 0.8560
12.559280 0.8560 0.8560 0.8551 0.8536 0.8530
12.589040 0.8523 0.8507 0.8491 0.8470 0.8462
12.618800 0.8440 0.8440 0.8436 0.8420 0.8420
12.648560 0.8420 0.8425 0.8440 0.8440 0.8440
12.678320 0.8440 0.8440 0.8438 0.8420 0.8419
12.708080 0.8409 0.8390 0.8390 0.8409 0.8410
12.737840 0.8410 0.8392 0.8390 0.8381 0.8380
12.767600 0.8380 0.8380 0.8380 0.8380 0.8366
12.797360 0.8353 0.8337 0.8330 0.8324 0.8308
12.827120 0.8300 0.8300 0.8300 0.8300 0.8295
12.856880 0.8290 0.8290 0.8282 0.8266 0.8260
12.886640 0.8260 0.8253 0.8236 0.8230 0.8230
12.916400 0.8230 0.8230 0.8230 0.8230 0.8225
12.946160 0.8210 0.8208 0.8196 0.8178 0.8167
12.975920 0.8149 0.8138 0.8119 0.8109 0.8090
13.005680 0.8080 0.8080 0.8061 0.8060 0.8051
13.035440 0.8033 0.7979 0.7962 0.7936 0.7891
13.065200 0.7857 0.7843 0.7798 0.7767 0.7734
13.094960 0.7682 0.7606 0.7517 0.7395 0.7297
13.124720 0.7207 0.7075 0.6989 0.6868 0.6659
13.154480 0.6407 0.6222 0.6135 0.6042 0.5957
13.184240 0.5899 0.5839 0.5810 0.5841 0.5919
13.214000 0.5969 0.6013 0.6080 0.6132 0.6207
13.243760 0.6252 0.6347 0.6392 0.6469 0.6555
13.273520 0.6614 0.6681 0.6715 0.6979 0.7058
13.303280 0.7261 0.7382 0.7427 0.7482 0.7565
13.333040 0.7621 0.7662 0.7709 0.7750 0.7782
13.362800 0.7804 0.7852 0.7870 0.7877 0.7895
13.392560 0.7930 0.7954 0.7967 0.7970 0.7970
13.422320 0.7983 0.7990 0.7990 0.7996 0.8010
13.452080 0.8020 0.8020 0.8020 0.8020 0.8020
13.481840 0.8024 0.8037 0.8053 0.8060 0.8060
13.511600 0.8057 0.8050 0.8050 0.8046 0.8028
13.541360 0.8017 0.8003 0.8020 0.8020 0.8020
13.571120 0.8020 0.8020 0.8001 0.8000 0.8000
13.600880 0.8018 0.8020 0.8020 0.8020 0.8029
13.630640 0.8030 0.8030 0.8030 0.8030 0.8030
13.660400 0.8030 0.8030 0.8022 0.8020 0.8020
13.690160 0.8020 0.8007 0.7994 0.7978 0.7964
13.719920 0.7960 0.7960 0.7960 0.7960 0.7960
13.749680 0.7960 0.7960 0.7960 0.7960 0.7960
13.779440 0.7953 0.7940 0.7937 0.7930 0.7932
13.809200 0.7940 0.7938 0.7930 0.7931 0.7940
13.838960 0.7942 0.7961 0.7970 0.7970 0.7960
13.868720 0.7960 0.7960 0.7958 0.7940 0.7940
13.898480 0.7940 0.7910 0.7910 0.7900 0.7900
13.928240 0.7909 0.7910 0.7927 0.7930 0.7930
13.958000 0.7930 0.7930 0.7930 0.7930 0.7916
13.987760 0.7910 0.7904 0.7900 0.7889 0.7875
14.017520 0.7870 0.7870 0.7870 0.7875 0.7880
14.047280 0.7888 0.7900 0.7900 0.7893 0.7880
14.077040 0.7880 0.7877 0.7870 0.7870 0.7866
14.106800 0.7848 0.7834 0.7820 0.7820 0.7820
14.136560 0.7820 0.7818 0.7810 0.7810 0.7808
14.166320 0.7789 0.7779 0.7760 0.7760 0.7760
14.196080 0.7760 0.7751 0.7750 0.7750 0.7750
14.225840 0.7750 0.7750 0.7750 0.7758 0.7753
14.255600 0.7750 0.7750 0.7750 0.7750 0.7737
14.285360 0.7730 0.7730 0.7730 0.7723 0.7720
14.315120 0.7720 0.7720 0.7708 0.7694 0.7679
14.344880 0.7665 0.7645 0.7630 0.7621 0.7610
14.374640 0.7610 0.7610 0.7617 0.7623 0.7607
14.404400 0.7594 0.7580 0.7580 0.7580 0.7578
14.434160 0.7570 0.7570 0.7568 0.7549 0.7541
14.463920 0.7550 0.7540 0.7540 0.7540 0.7540
14.493680 0.7522 0.7520 0.7511 0.7510 0.7493
14.523440 0.7482 0.7464 0.7460 0.7451 0.7450
14.553200 0.7433 0.7430 0.7422 0.7405 0.7393
14.582960 0.7368 0.7360 0.7347 0.7340 0.7340
14.612720 0.7340 0.7334 0.7319 0.7305 0.7300
14.642480 0.7290 0.7275 0.7257 0.7240 0.7240
14.672240 0.7240 0.7234 0.7208 0.7172 0.7145
14.702000 0.7128 0.7116 0.7098 0.7079 0.7009
14.731760 0.7000 0.6998 0.6967 0.6919 0.6889
14.761520 0.6830 0.6820 0.6744 0.6633 0.6525
14.791280 0.6409 0.6340 0.6281 0.6222 0.6117
14.821040 0.5991 0.5908 0.5786 0.5597 0.5520
14.850800 0.5463 0.5337 0.5226 0.5179 0.5003
14.880560 0.4856 0.4702 0.4577 0.4487 0.4433
14.910320 0.4409 0.4395 0.4390 0.4390 0.4395
14.940080 0.4409 0.4445 0.4496 0.4531 0.4597
14.969840 0.4723 0.4828 0.4982 0.5125 0.5525
14.999600 0.6102 0.6220 0.6327 0.6376 0.6417
15.029360 0.6446 0.6474 0.6490 0.6490 0.6491
15.059120 0.6502 0.6520 0.6522 0.6550 0.6560
15.088880 0.6589 0.6609 0.6638 0.6649 0.6677
15.118640 0.6697 0.6708 0.6726 0.6730 0.6738
15.148400 0.6740 0.6740 0.6740 0.6753 0.6760
15.178160 0.6760 0.6766 0.6770 0.6770 0.6780
15.207920 0.6780 0.6770 0.6766 0.6752 0.6740
15.237680 0.6748 0.6760 0.6753 0.6740 0.6740
15.267440 0.6736 0.6722 0.6706 0.6693 0.6680
15.297200 0.6680 0.6680 0.6680 0.6678 0.6670
15.326960 0.6667 0.6650 0.6650 0.6649 0.6640
15.356720 0.6638 0.6610 0.6610 0.6620 0.6610
15.386480 0.6610 0.6592 0.6590 0.6590 0.6590
15.416240 0.6590
##END=
