##TITLE=3,6-DIMETHYL-PHENANTHRENE
##JCAMP-DX=4.24
##DATA TYPE=INFRARED SPECTRUM
##CLASS=COBLENTZ
##ORIGIN=CENTRE D'ETUDES NUCLEAIRES DE GRENOBLE
##OWNER=COBLENTZ SOCIETY
Collection (C) 2018 copyright by the U.S. Secretary of Commerce
on behalf of the United States of America. All rights reserved.
##DATE=Not specified, most likely prior to 1970
##NAMES=3,6-dimethylphenanthrene
##CAS REGISTRY NO=1576-67-6
##MOLFORM=C16 H14
##SOURCE REFERENCE=COBLENTZ NO. 4242
##$NIST SOURCE=COBLENTZ
##$NIST IMAGE=cob4242
##SPECTROMETER/DATA SYSTEM=Not specified, most likely a prism, grating, or hybrid spectrometer.
##STATE=SOLUTION (50 g/L IN BENZENE)
##PATH LENGTH=0.1 CM
$$PURITY 99.6%
##SAMPLING PROCEDURE=TRANSMISSION
##RESOLUTION=4
##DATA PROCESSING=DIGITIZED BY NIST FROM HARD COPY
##XUNITS=MICROMETERS
##YUNITS=TRANSMITTANCE
##XFACTOR=1.000000
##YFACTOR=1
##DELTAX=000.011150
##FIRSTX=16
##LASTX=34.9885
##FIRSTY=0.682
##MAXX=34.9885
##MINX=16
##MAXY=1.016
##MINY=0.05
##NPOINTS=1704
##XYDATA=(X++(Y..Y))
16.000000 0.6820 0.6840 0.6850 0.6850 0.6870
16.055784 0.6890 0.6900 0.6920 0.6940 0.6950
16.112000 0.6970 0.6990 0.7000 0.7040 0.7070
16.167784 0.7100 0.7120 0.7150 0.7190 0.7210
16.223000 0.7220 0.7270 0.7290 0.7310 0.7320
16.278784 0.7320 0.7320 0.7340 0.7340 0.7340
16.335000 0.7340 0.7360 0.7360 0.7370 0.7390
16.390784 0.7390 0.7410 0.7410 0.7420 0.7440
16.446000 0.7460 0.7520 0.7590 0.7640 0.7690
16.501784 0.8030 0.8100 0.8230 0.8260 0.8350
16.558000 0.8500 0.8530 0.8630 0.8780 0.8840
16.613784 0.8870 0.8900 0.8900 0.8900 0.8920
16.669000 0.8950 0.9040 0.9140 0.9190 0.9270
16.724784 0.9390 0.9510 0.9570 0.9630 0.9740
16.781000 0.9890 0.9980 1.0000 1.0010 1.0050
16.836784 1.0050 1.0100 1.0110 1.0110 1.0130
16.892000 1.0130 1.0150 1.0150 1.0160 1.0160
16.947784 1.0160 1.0160 1.0150 1.0150 1.0130
17.004000 1.0130 1.0110 1.0110 1.0100 1.0100
17.059784 1.0080 1.0080 1.0060 1.0060 1.0060
17.115000 1.0050 1.0050 1.0030 1.0030 1.0030
17.170784 1.0030 1.0010 1.0010 1.0010 1.0000
17.227000 1.0000 0.9980 0.9980 0.9960 0.9940
17.282784 0.9930 0.9930 0.9910 0.9890 0.9880
17.338000 0.9860 0.9840 0.9840 0.9830 0.9810
17.393784 0.9810 0.9810 0.9830 0.9840 0.9860
17.450000 0.9880 0.9880 0.9910 0.9910 0.9910
17.505784 0.9890 0.9890 0.9880 0.9830 0.9810
17.561000 0.9810 0.9810 0.9790 0.9790 0.9790
17.616784 0.9780 0.9780 0.9780 0.9760 0.9760
17.673000 0.9760 0.9740 0.9740 0.9740 0.9730
17.728784 0.9730 0.9730 0.9710 0.9690 0.9690
17.784000 0.9680 0.9680 0.9660 0.9660 0.9640
17.839784 0.9630 0.9610 0.9590 0.9540 0.9510
17.896000 0.9460 0.9440 0.9440 0.9420 0.9410
17.951784 0.9410 0.9370 0.9370 0.9360 0.9340
18.007000 0.9320 0.9290 0.9260 0.9260 0.9220
18.062784 0.9220 0.9210 0.9150 0.9050 0.9040
18.119000 0.9020 0.8970 0.8950 0.8940 0.8900
18.174784 0.8870 0.8840 0.8820 0.8770 0.8750
18.230000 0.8730 0.8730 0.8680 0.8630 0.8600
18.285784 0.8530 0.8420 0.8380 0.8360 0.8330
18.342000 0.8250 0.8200 0.8180 0.8130 0.8110
18.397784 0.8050 0.7780 0.7760 0.7760 0.7740
18.453000 0.7710 0.7640 0.7490 0.7320 0.7140
18.508784 0.6840 0.6800 0.6530 0.6480 0.6400
18.565000 0.6030 0.5890 0.5660 0.5520 0.5390
18.620784 0.5020 0.4750 0.4520 0.4060 0.3780
18.676000 0.3540 0.3320 0.3100 0.2950 0.2670
18.731784 0.2430 0.2200 0.2030 0.1740 0.1560
18.788000 0.1360 0.1090 0.1020 0.1000 0.0970
18.843784 0.0840 0.0730 0.0670 0.0620 0.0530
18.899000 0.0520 0.0500 0.0500 0.0520 0.0530
18.954784 0.0570 0.0670 0.0770 0.0950 0.1470
19.011000 0.1760 0.1980 0.2150 0.2300 0.2420
19.066784 0.2530 0.2680 0.2870 0.3100 0.3760
19.122000 0.4030 0.4180 0.4260 0.4480 0.4940
19.177784 0.5040 0.5220 0.5690 0.5810 0.6050
19.234000 0.6210 0.6300 0.6420 0.6530 0.6750
19.289784 0.7000 0.7070 0.7210 0.7270 0.7390
19.345000 0.7510 0.7630 0.7680 0.7890 0.8000
19.400784 0.8030 0.8050 0.8060 0.8260 0.8310
19.457000 0.8350 0.8380 0.8400 0.8400 0.8430
19.512784 0.8480 0.8520 0.8620 0.8700 0.8720
19.568000 0.8770 0.8800 0.8840 0.8850 0.8850
19.623784 0.8870 0.8870 0.8890 0.8890 0.8940
19.680000 0.9020 0.9040 0.9050 0.9070 0.9070
19.735784 0.9090 0.9100 0.9120 0.9120 0.9140
19.791000 0.9150 0.9150 0.9170 0.9190 0.9190
19.846784 0.9190 0.9210 0.9210 0.9240 0.9270
19.903000 0.9290 0.9320 0.9340 0.9340 0.9360
19.958784 0.9360 0.9360 0.9360 0.9360 0.9370
20.014000 0.9370 0.9370 0.9370 0.9370 0.9370
20.069784 0.9370 0.9370 0.9370 0.9370 0.9390
20.126000 0.9390 0.9390 0.9390 0.9390 0.9390
20.181784 0.9390 0.9410 0.9410 0.9410 0.9420
20.237000 0.9420 0.9410 0.9390 0.9370 0.9360
20.292784 0.9360 0.9340 0.9340 0.9320 0.9310
20.349000 0.9310 0.9290 0.9290 0.9270 0.9270
20.404784 0.9260 0.9260 0.9240 0.9240 0.9220
20.460000 0.9220 0.9210 0.9190 0.9190 0.9140
20.515784 0.9100 0.9090 0.9050 0.9050 0.9040
20.572000 0.9020 0.8990 0.8920 0.8890 0.8850
20.627784 0.8800 0.8680 0.8570 0.8420 0.8380
20.683000 0.8230 0.8160 0.8130 0.8110 0.8060
20.738784 0.8050 0.8050 0.8030 0.8030 0.8030
20.795000 0.8050 0.8060 0.8060 0.8080 0.8100
20.850784 0.8100 0.8110 0.8130 0.8150 0.8200
20.906000 0.8280 0.8350 0.8450 0.8500 0.8550
20.961784 0.8570 0.8580 0.8650 0.8700 0.8750
21.018000 0.8770 0.8780 0.8800 0.8820 0.8840
21.073784 0.8850 0.8870 0.8890 0.8900 0.8920
21.129000 0.8940 0.8950 0.8970 0.8990 0.9020
21.184784 0.9040 0.9050 0.9050 0.9070 0.9090
21.241000 0.9100 0.9100 0.9120 0.9140 0.9140
21.296784 0.9150 0.9170 0.9190 0.9190 0.9210
21.352000 0.9220 0.9240 0.9240 0.9260 0.9260
21.407784 0.9260 0.9270 0.9270 0.9270 0.9290
21.464000 0.9290 0.9290 0.9310 0.9310 0.9310
21.519784 0.9320 0.9320 0.9340 0.9340 0.9340
21.575000 0.9360 0.9360 0.9360 0.9370 0.9370
21.630784 0.9370 0.9390 0.9390 0.9410 0.9410
21.687000 0.9410 0.9410 0.9410 0.9410 0.9410
21.742784 0.9420 0.9420 0.9420 0.9420 0.9420
21.798000 0.9420 0.9420 0.9420 0.9420 0.9420
21.853784 0.9420 0.9410 0.9410 0.9390 0.9390
21.910000 0.9390 0.9390 0.9370 0.9370 0.9370
21.965784 0.9370 0.9360 0.9360 0.9360 0.9340
22.021000 0.9340 0.9340 0.9320 0.9320 0.9310
22.076784 0.9310 0.9290 0.9290 0.9270 0.9260
22.133000 0.9260 0.9240 0.9220 0.9220 0.9210
22.188784 0.9210 0.9190 0.9170 0.9120 0.9100
22.244000 0.9090 0.9070 0.9040 0.9020 0.9000
22.299784 0.8990 0.8990 0.8970 0.8950 0.8950
22.356000 0.8940 0.8920 0.8900 0.8890 0.8870
22.411784 0.8850 0.8840 0.8820 0.8800 0.8780
22.467000 0.8730 0.8700 0.8670 0.8570 0.8520
22.522784 0.8470 0.8430 0.8420 0.8400 0.8380
22.579000 0.8330 0.8200 0.8030 0.8000 0.8000
22.634784 0.7880 0.7840 0.7810 0.7760 0.7730
22.690000 0.7680 0.7640 0.7570 0.7510 0.7360
22.745784 0.7290 0.7220 0.7040 0.6730 0.6600
22.802000 0.6550 0.6480 0.6350 0.6060 0.6030
22.857784 0.5860 0.5640 0.5520 0.5390 0.5260
22.913000 0.5120 0.5050 0.4940 0.4800 0.4550
22.968784 0.4330 0.4050 0.3790 0.3630 0.3340
23.025000 0.3270 0.3210 0.3040 0.3000 0.2890
23.080784 0.2730 0.2580 0.2450 0.2360 0.2260
23.136000 0.2100 0.2010 0.2000 0.1780 0.1740
23.191784 0.1610 0.1540 0.1510 0.1460 0.1420
23.248000 0.1410 0.1390 0.1390 0.1390 0.1410
23.303784 0.1420 0.1440 0.1470 0.1510 0.1520
23.359000 0.1610 0.1710 0.1790 0.1960 0.2060
23.414784 0.2150 0.2230 0.2380 0.2580 0.2720
23.471000 0.2750 0.2950 0.3070 0.3460 0.3630
23.526784 0.3760 0.3830 0.4000 0.4050 0.4180
23.582000 0.4260 0.4330 0.4630 0.4750 0.4990
23.637784 0.5050 0.5120 0.5310 0.5490 0.5730
23.694000 0.5830 0.5910 0.6030 0.6050 0.6100
23.749784 0.6250 0.6570 0.6630 0.6680 0.6870
23.805000 0.7020 0.7040 0.7070 0.7190 0.7240
23.860784 0.7270 0.7320 0.7510 0.7540 0.7630
23.917000 0.7790 0.7830 0.7860 0.7910 0.7940
23.972784 0.7960 0.8000 0.8010 0.8050 0.8060
24.028000 0.8100 0.8110 0.8150 0.8160 0.8180
24.083784 0.8210 0.8230 0.8230 0.8250 0.8250
24.140000 0.8250 0.8250 0.8250 0.8230 0.8230
24.195784 0.8210 0.8200 0.8180 0.8130 0.8100
24.251000 0.8100 0.8080 0.8080 0.8060 0.8060
24.306784 0.8060 0.8060 0.8060 0.8080 0.8080
24.363000 0.8100 0.8110 0.8130 0.8150 0.8160
24.418784 0.8200 0.8230 0.8260 0.8300 0.8400
24.474000 0.8450 0.8520 0.8600 0.8670 0.8680
24.529784 0.8750 0.8820 0.8870 0.8920 0.8950
24.586000 0.8990 0.9020 0.9040 0.9050 0.9070
24.641784 0.9100 0.9120 0.9140 0.9140 0.9170
24.697000 0.9260 0.9290 0.9310 0.9310 0.9310
24.752784 0.9320 0.9320 0.9340 0.9360 0.9470
24.809000 0.9510 0.9510 0.9520 0.9520 0.9540
24.864784 0.9540 0.9560 0.9570 0.9590 0.9610
24.920000 0.9630 0.9640 0.9660 0.9680 0.9680
24.975784 0.9690 0.9690 0.9690 0.9690 0.9690
25.032000 0.9690 0.9690 0.9690 0.9690 0.9690
25.087784 0.9690 0.9690 0.9690 0.9710 0.9710
25.143000 0.9730 0.9740 0.9740 0.9760 0.9760
25.198784 0.9760 0.9760 0.9760 0.9760 0.9760
25.255000 0.9760 0.9760 0.9780 0.9780 0.9780
25.310784 0.9780 0.9780 0.9780 0.9780 0.9790
25.366000 0.9790 0.9810 0.9830 0.9830 0.9830
25.421784 0.9840 0.9840 0.9830 0.9830 0.9830
25.478000 0.9830 0.9830 0.9830 0.9830 0.9810
25.533784 0.9810 0.9810 0.9810 0.9790 0.9790
25.589000 0.9790 0.9790 0.9790 0.9790 0.9790
25.644784 0.9790 0.9790 0.9810 0.9810 0.9810
25.701000 0.9810 0.9830 0.9840 0.9840 0.9840
25.756784 0.9830 0.9830 0.9830 0.9830 0.9830
25.812000 0.9830 0.9840 0.9840 0.9840 0.9860
25.867784 0.9840 0.9840 0.9860 0.9860 0.9860
25.924000 0.9860 0.9840 0.9840 0.9830 0.9830
25.979784 0.9810 0.9810 0.9830 0.9830 0.9830
26.035000 0.9840 0.9840 0.9860 0.9840 0.9840
26.090784 0.9840 0.9840 0.9840 0.9840 0.9840
26.147000 0.9840 0.9840 0.9840 0.9860 0.9860
26.202784 0.9860 0.9860 0.9860 0.9860 0.9860
26.258000 0.9860 0.9880 0.9890 0.9890 0.9910
26.313784 0.9910 0.9930 0.9930 0.9940 0.9940
26.370000 0.9960 0.9960 0.9960 0.9960 0.9940
26.425784 0.9940 0.9940 0.9940 0.9930 0.9910
26.481000 0.9890 0.9890 0.9880 0.9880 0.9890
26.536784 0.9910 0.9910 0.9910 0.9890 0.9880
26.593000 0.9860 0.9840 0.9840 0.9880 0.9890
26.648784 0.9890 0.9890 0.9890 0.9890 0.9880
26.704000 0.9880 0.9880 0.9880 0.9860 0.9840
26.759784 0.9840 0.9840 0.9830 0.9830 0.9830
26.816000 0.9830 0.9810 0.9810 0.9790 0.9780
26.871784 0.9780 0.9780 0.9760 0.9740 0.9740
26.927000 0.9740 0.9740 0.9740 0.9740 0.9740
26.982784 0.9760 0.9780 0.9780 0.9790 0.9790
27.039000 0.9810 0.9830 0.9840 0.9840 0.9860
27.094784 0.9860 0.9860 0.9860 0.9860 0.9840
27.150000 0.9830 0.9830 0.9830 0.9830 0.9810
27.205784 0.9790 0.9780 0.9760 0.9740 0.9740
27.262000 0.9760 0.9780 0.9790 0.9790 0.9810
27.317784 0.9810 0.9840 0.9840 0.9840 0.9840
27.373000 0.9860 0.9840 0.9840 0.9840 0.9840
27.428784 0.9860 0.9860 0.9880 0.9890 0.9890
27.485000 0.9890 0.9890 0.9880 0.9880 0.9880
27.540784 0.9860 0.9840 0.9830 0.9810 0.9810
27.596000 0.9810 0.9830 0.9830 0.9830 0.9840
27.651784 0.9840 0.9860 0.9880 0.9880 0.9880
27.708000 0.9880 0.9880 0.9860 0.9830 0.9810
27.763784 0.9810 0.9790 0.9780 0.9780 0.9780
27.819000 0.9760 0.9760 0.9780 0.9780 0.9790
27.874784 0.9790 0.9810 0.9810 0.9830 0.9830
27.931000 0.9840 0.9860 0.9860 0.9840 0.9840
27.986784 0.9840 0.9860 0.9860 0.9860 0.9880
28.042000 0.9880 0.9880 0.9880 0.9880 0.9860
28.097784 0.9860 0.9860 0.9840 0.9840 0.9840
28.154000 0.9840 0.9830 0.9830 0.9830 0.9810
28.209784 0.9810 0.9810 0.9810 0.9830 0.9840
28.265000 0.9860 0.9860 0.9880 0.9880 0.9880
28.320784 0.9880 0.9880 0.9880 0.9860 0.9860
28.377000 0.9840 0.9840 0.9840 0.9860 0.9860
28.432784 0.9880 0.9880 0.9880 0.9880 0.9860
28.488000 0.9860 0.9860 0.9840 0.9840 0.9830
28.543784 0.9830 0.9830 0.9830 0.9830 0.9810
28.600000 0.9810 0.9790 0.9790 0.9790 0.9790
28.655784 0.9780 0.9780 0.9780 0.9790 0.9790
28.711000 0.9810 0.9830 0.9840 0.9840 0.9860
28.766784 0.9880 0.9880 0.9880 0.9880 0.9880
28.823000 0.9860 0.9860 0.9860 0.9840 0.9840
28.878784 0.9830 0.9830 0.9810 0.9810 0.9790
28.934000 0.9790 0.9780 0.9780 0.9780 0.9790
28.989784 0.9790 0.9810 0.9810 0.9810 0.9830
29.046000 0.9830 0.9840 0.9840 0.9860 0.9860
29.101784 0.9860 0.9860 0.9840 0.9840 0.9840
29.157000 0.9830 0.9830 0.9830 0.9830 0.9840
29.212784 0.9840 0.9860 0.9860 0.9860 0.9880
29.269000 0.9880 0.9880 0.9880 0.9890 0.9890
29.324784 0.9880 0.9880 0.9880 0.9860 0.9860
29.380000 0.9860 0.9840 0.9830 0.9830 0.9810
29.435784 0.9810 0.9810 0.9810 0.9790 0.9790
29.492000 0.9780 0.9780 0.9780 0.9780 0.9780
29.547784 0.9790 0.9790 0.9790 0.9790 0.9790
29.603000 0.9810 0.9810 0.9810 0.9830 0.9830
29.658784 0.9830 0.9830 0.9830 0.9810 0.9810
29.715000 0.9790 0.9790 0.9790 0.9780 0.9780
29.770784 0.9760 0.9760 0.9760 0.9760 0.9760
29.826000 0.9760 0.9760 0.9780 0.9790 0.9810
29.881784 0.9810 0.9810 0.9810 0.9810 0.9790
29.938000 0.9790 0.9780 0.9760 0.9740 0.9730
29.993784 0.9730 0.9730 0.9740 0.9760 0.9760
30.049000 0.9780 0.9780 0.9790 0.9810 0.9810
30.104784 0.9830 0.9830 0.9810 0.9810 0.9810
30.161000 0.9810 0.9790 0.9790 0.9790 0.9790
30.216784 0.9780 0.9780 0.9780 0.9760 0.9760
30.272000 0.9760 0.9740 0.9740 0.9740 0.9760
30.327784 0.9760 0.9780 0.9790 0.9790 0.9790
30.384000 0.9790 0.9790 0.9790 0.9810 0.9810
30.439784 0.9810 0.9790 0.9790 0.9780 0.9780
30.495000 0.9760 0.9760 0.9740 0.9760 0.9740
30.550784 0.9740 0.9740 0.9760 0.9760 0.9780
30.607000 0.9780 0.9780 0.9780 0.9780 0.9780
30.662784 0.9780 0.9760 0.9760 0.9760 0.9740
30.718000 0.9690 0.9690 0.9710 0.9710 0.9730
30.773784 0.9730 0.9730 0.9730 0.9730 0.9730
30.830000 0.9730 0.9730 0.9730 0.9730 0.9740
30.885784 0.9740 0.9730 0.9710 0.9690 0.9690
30.941000 0.9710 0.9730 0.9730 0.9740 0.9730
30.996784 0.9730 0.9730 0.9730 0.9730 0.9730
31.053000 0.9730 0.9760 0.9730 0.9730 0.9710
31.108784 0.9730 0.9730 0.9730 0.9730 0.9740
31.164000 0.9740 0.9780 0.9780 0.9780 0.9780
31.219784 0.9760 0.9740 0.9730 0.9710 0.9690
31.276000 0.9680 0.9680 0.9680 0.9690 0.9690
31.331784 0.9690 0.9690 0.9710 0.9710 0.9710
31.387000 0.9730 0.9730 0.9730 0.9730 0.9730
31.442784 0.9740 0.9740 0.9740 0.9740 0.9740
31.499000 0.9760 0.9760 0.9760 0.9740 0.9740
31.554784 0.9740 0.9740 0.9740 0.9740 0.9730
31.610000 0.9730 0.9730 0.9730 0.9730 0.9730
31.665784 0.9730 0.9730 0.9740 0.9740 0.9740
31.722000 0.9760 0.9740 0.9740 0.9740 0.9740
31.777784 0.9760 0.9760 0.9780 0.9780 0.9780
31.833000 0.9780 0.9760 0.9760 0.9730 0.9730
31.888784 0.9710 0.9690 0.9690 0.9690 0.9690
31.945000 0.9710 0.9730 0.9740 0.9740 0.9740
32.000784 0.9740 0.9740 0.9760 0.9760 0.9760
32.056000 0.9760 0.9740 0.9740 0.9740 0.9740
32.111784 0.9740 0.9740 0.9760 0.9760 0.9780
32.168000 0.9780 0.9780 0.9780 0.9780 0.9780
32.223784 0.9780 0.9780 0.9780 0.9760 0.9760
32.279000 0.9740 0.9740 0.9760 0.9760 0.9780
32.334784 0.9780 0.9790 0.9790 0.9810 0.9810
32.391000 0.9810 0.9810 0.9810 0.9830 0.9830
32.446784 0.9840 0.9840 0.9860 0.9880 0.9880
32.502000 0.9880 0.9890 0.9890 0.9890 0.9890
32.557784 0.9890 0.9890 0.9880 0.9880 0.9840
32.614000 0.9810 0.9780 0.9740 0.9740 0.9780
32.669784 0.9790 0.9810 0.9830 0.9830 0.9840
32.725000 0.9840 0.9840 0.9860 0.9860 0.9880
32.780784 0.9890 0.9890 0.9890 0.9890 0.9890
32.837000 0.9910 0.9910 0.9910 0.9930 0.9940
32.892784 0.9940 0.9940 0.9940 0.9930 0.9930
32.948000 0.9930 0.9910 0.9890 0.9880 0.9860
33.003784 0.9860 0.9840 0.9840 0.9840 0.9830
33.060000 0.9830 0.9810 0.9810 0.9790 0.9780
33.115784 0.9780 0.9760 0.9760 0.9760 0.9760
33.171000 0.9780 0.9790 0.9790 0.9790 0.9810
33.226784 0.9810 0.9810 0.9830 0.9840 0.9840
33.283000 0.9840 0.9840 0.9840 0.9830 0.9830
33.338784 0.9810 0.9810 0.9810 0.9790 0.9780
33.394000 0.9780 0.9760 0.9760 0.9760 0.9740
33.449784 0.9740 0.9730 0.9730 0.9710 0.9710
33.506000 0.9690 0.9690 0.9690 0.9690 0.9690
33.561784 0.9710 0.9710 0.9710 0.9710 0.9730
33.617000 0.9730 0.9730 0.9730 0.9730 0.9730
33.672784 0.9730 0.9710 0.9710 0.9710 0.9710
33.729000 0.9690 0.9690 0.9690 0.9680 0.9660
33.784784 0.9640 0.9630 0.9610 0.9610 0.9630
33.840000 0.9640 0.9660 0.9660 0.9640 0.9630
33.895784 0.9610 0.9610 0.9590 0.9590 0.9570
33.952000 0.9570 0.9560 0.9560 0.9560 0.9560
34.007784 0.9540 0.9540 0.9540 0.9540 0.9520
34.063000 0.9520 0.9520 0.9510 0.9510 0.9520
34.118784 0.9520 0.9520 0.9510 0.9510 0.9490
34.175000 0.9470 0.9460 0.9460 0.9460 0.9440
34.230784 0.9420 0.9410 0.9390 0.9340 0.9310
34.286000 0.9270 0.9260 0.9260 0.9260 0.9260
34.341784 0.9260 0.9260 0.9240 0.9240 0.9220
34.398000 0.9220 0.9210 0.9190 0.9150 0.9120
34.453784 0.9100 0.9090 0.9070 0.9040 0.9020
34.509000 0.9000 0.8990 0.8990 0.8970 0.8870
34.564784 0.8840 0.8840 0.8820 0.8820 0.8820
34.621000 0.8800 0.8780 0.8770 0.8680 0.8580
34.676784 0.8550 0.8530 0.8520 0.8500 0.8480
34.732000 0.8450 0.8430 0.8430 0.8360 0.8300
34.787784 0.8280 0.8260 0.8230 0.8200 0.8180
34.844000 0.8130 0.8130 0.8050 0.8030 0.8030
34.899784 0.8010 0.8010 0.8000 0.8000 0.8000
34.955000 0.8000 0.8000 0.8000 0.8000
##END=
