##TITLE=3-Hexyne-2,5-diol
##JCAMP-DX=4.24
$$ By DXEDIT 1.05 (RS McDonald)
##DATA TYPE=INFRARED SPECTRUM
##CLASS=COBLENTZ III
##ORIGIN=DOW CHEMICAL COMPANY
##OWNER=COPYRIGHT (C) 1988 by COBLENTZ SOCIETY INC.
Collection (C) 2018 copyright by the U.S. Secretary of Commerce
on behalf of the United States of America. All rights reserved.
##DATE=1969/01/22
##CAS REGISTRY NO=3031-66-1
##MOLFORM=C6 H10 O2
##SOURCE REFERENCE=COBLENTZ NO. 06571
##$NIST SOURCE=COBLENTZ
##$NIST IMAGE=cob6571
##SPECTROMETER/DATA SYSTEM=DOW KBr FOREPRISM-GRATING
##INSTRUMENT PARAMETERS=BLAZED AT 3.5, 12.0, 20.0 MICRON AND CHANGED AT 5.0, 7.5, 14.9 MICRON
##STATE=SOLID (SPLIT MULL)
$$ SPECTRAL FEATURE AT 1992 CM^-^1 IS PROBABLY AN ARTIFACT CAUSED BY GRATING CHANGE
##SAMPLING PROCEDURE=TRANSMISSION
##RESOLUTION=2
##DATA PROCESSING=DIGITIZED BY COBLENTZ SOCIETY (BATCH I) FROM HARD COPY
##XUNITS=1/CM
##YUNITS=TRANSMITTANCE
##XFACTOR=1
##YFACTOR=1
##DELTAX=1
##FIRSTX=3800
##LASTX=382
##FIRSTY=0.8405
##MAXX=3800
##MINX=382
##MAXY=0.8795
##MINY=0.0702
##NPOINTS=3419
##XYDATA=(X++(Y..Y))
3800.000000 0.8405 0.8405 0.8405 0.8404 0.8403
3795.000000 0.8402 0.8402 0.8401 0.8401 0.8400
3790.000000 0.8399 0.8398 0.8398 0.8397 0.8396
3785.000000 0.8395 0.8395 0.8394 0.8394 0.8393
3780.000000 0.8392 0.8391 0.8391 0.8390 0.8390
3775.000000 0.8389 0.8388 0.8387 0.8387 0.8387
3770.000000 0.8388 0.8388 0.8389 0.8389 0.8390
3765.000000 0.8390 0.8391 0.8391 0.8392 0.8392
3760.000000 0.8393 0.8393 0.8394 0.8394 0.8395
3755.000000 0.8395 0.8396 0.8397 0.8398 0.8399
3750.000000 0.8400 0.8401 0.8403 0.8404 0.8405
3745.000000 0.8406 0.8407 0.8408 0.8410 0.8411
3740.000000 0.8412 0.8413 0.8414 0.8415 0.8416
3735.000000 0.8417 0.8418 0.8420 0.8421 0.8421
3730.000000 0.8423 0.8424 0.8425 0.8425 0.8425
3725.000000 0.8427 0.8428 0.8428 0.8428 0.8430
3720.000000 0.8431 0.8431 0.8432 0.8433 0.8434
3715.000000 0.8434 0.8435 0.8436 0.8437 0.8437
3710.000000 0.8438 0.8439 0.8441 0.8442 0.8444
3705.000000 0.8445 0.8446 0.8447 0.8449 0.8450
3700.000000 0.8452 0.8453 0.8454 0.8455 0.8457
3695.000000 0.8458 0.8460 0.8461 0.8462 0.8463
3690.000000 0.8465 0.8465 0.8466 0.8467 0.8468
3685.000000 0.8468 0.8468 0.8468 0.8470 0.8470
3680.000000 0.8471 0.8471 0.8471 0.8471 0.8473
3675.000000 0.8473 0.8474 0.8475 0.8475 0.8475
3670.000000 0.8477 0.8477 0.8478 0.8478 0.8478
3665.000000 0.8478 0.8478 0.8478 0.8478 0.8478
3660.000000 0.8478 0.8478 0.8478 0.8478 0.8480
3655.000000 0.8480 0.8480 0.8480 0.8480 0.8480
3650.000000 0.8481 0.8481 0.8481 0.8481 0.8481
3645.000000 0.8481 0.8481 0.8481 0.8482 0.8482
3640.000000 0.8482 0.8482 0.8482 0.8481 0.8481
3635.000000 0.8481 0.8481 0.8480 0.8480 0.8480
3630.000000 0.8480 0.8478 0.8478 0.8478 0.8478
3625.000000 0.8478 0.8478 0.8477 0.8477 0.8477
3620.000000 0.8477 0.8475 0.8475 0.8475 0.8475
3615.000000 0.8475 0.8475 0.8475 0.8475 0.8474
3610.000000 0.8474 0.8474 0.8475 0.8475 0.8475
3605.000000 0.8475 0.8475 0.8475 0.8475 0.8475
3600.000000 0.8475 0.8475 0.8475 0.8475 0.8475
3595.000000 0.8474 0.8474 0.8473 0.8471 0.8471
3590.000000 0.8470 0.8468 0.8467 0.8465 0.8464
3585.000000 0.8462 0.8461 0.8456 0.8451 0.8444
3580.000000 0.8438 0.8428 0.8418 0.8406 0.8394
3575.000000 0.8387 0.8381 0.8377 0.8374 0.8375
3570.000000 0.8375 0.8377 0.8378 0.8380 0.8382
3565.000000 0.8383 0.8384 0.8385 0.8386 0.8387
3560.000000 0.8388 0.8389 0.8390 0.8391 0.8392
3555.000000 0.8392 0.8392 0.8392 0.8391 0.8390
3550.000000 0.8389 0.8388 0.8387 0.8385 0.8384
3545.000000 0.8383 0.8382 0.8381 0.8380 0.8378
3540.000000 0.8377 0.8375 0.8374 0.8371 0.8368
3535.000000 0.8365 0.8363 0.8360 0.8357 0.8354
3530.000000 0.8351 0.8348 0.8345 0.8342 0.8339
3525.000000 0.8335 0.8331 0.8327 0.8323 0.8318
3520.000000 0.8315 0.8311 0.8307 0.8302 0.8297
3515.000000 0.8292 0.8287 0.8282 0.8277 0.8271
3510.000000 0.8267 0.8262 0.8257 0.8250 0.8244
3505.000000 0.8236 0.8228 0.8221 0.8214 0.8206
3500.000000 0.8199 0.8191 0.8184 0.8175 0.8167
3495.000000 0.8158 0.8149 0.8139 0.8130 0.8119
3490.000000 0.8111 0.8101 0.8092 0.8083 0.8074
3485.000000 0.8064 0.8054 0.8043 0.8032 0.8021
3480.000000 0.8010 0.7999 0.7989 0.7978 0.7967
3475.000000 0.7956 0.7946 0.7931 0.7915 0.7900
3470.000000 0.7884 0.7867 0.7851 0.7835 0.7818
3465.000000 0.7801 0.7783 0.7764 0.7745 0.7725
3460.000000 0.7707 0.7688 0.7668 0.7651 0.7635
3455.000000 0.7618 0.7601 0.7584 0.7567 0.7550
3450.000000 0.7533 0.7515 0.7499 0.7478 0.7458
3445.000000 0.7437 0.7417 0.7397 0.7376 0.7356
3440.000000 0.7336 0.7311 0.7287 0.7261 0.7237
3435.000000 0.7211 0.7186 0.7161 0.7136 0.7108
3430.000000 0.7080 0.7051 0.7022 0.6994 0.6965
3425.000000 0.6937 0.6908 0.6881 0.6853 0.6804
3420.000000 0.6756 0.6707 0.6658 0.6612 0.6568
3415.000000 0.6533 0.6498 0.6462 0.6428 0.6393
3410.000000 0.6358 0.6323 0.6288 0.6249 0.6210
3405.000000 0.6140 0.6070 0.6000 0.5930 0.5879
3400.000000 0.5828 0.5782 0.5737 0.5691 0.5645
3395.000000 0.5599 0.5554 0.5514 0.5474 0.5434
3390.000000 0.5395 0.5356 0.5317 0.5277 0.5238
3385.000000 0.5196 0.5154 0.5110 0.5069 0.5021
3380.000000 0.4973 0.4901 0.4830 0.4770 0.4710
3375.000000 0.4679 0.4648 0.4617 0.4586 0.4532
3370.000000 0.4479 0.4425 0.4371 0.4329 0.4287
3365.000000 0.4244 0.4202 0.4159 0.4117 0.4075
3360.000000 0.4032 0.3990 0.3948 0.3905 0.3862
3355.000000 0.3821 0.3779 0.3736 0.3694 0.3650
3350.000000 0.3609 0.3566 0.3525 0.3482 0.3440
3345.000000 0.3397 0.3355 0.3312 0.3271 0.3228
3340.000000 0.3185 0.3143 0.3101 0.3059 0.3017
3335.000000 0.2974 0.2932 0.2889 0.2847 0.2805
3330.000000 0.2763 0.2720 0.2678 0.2634 0.2593
3325.000000 0.2551 0.2509 0.2466 0.2424 0.2381
3320.000000 0.2339 0.2296 0.2254 0.2220 0.2185
3315.000000 0.2153 0.2120 0.2071 0.2022 0.1979
3310.000000 0.1935 0.1899 0.1862 0.1834 0.1807
3305.000000 0.1779 0.1752 0.1725 0.1698 0.1671
3300.000000 0.1644 0.1622 0.1599 0.1584 0.1569
3295.000000 0.1562 0.1555 0.1549 0.1544 0.1540
3290.000000 0.1536 0.1532 0.1528 0.1525 0.1491
3285.000000 0.1521 0.1521 0.1521 0.1522 0.1528
3280.000000 0.1534 0.1542 0.1553 0.1581 0.1609
3275.000000 0.1640 0.1671 0.1698 0.1726 0.1753
3270.000000 0.1779 0.1801 0.1823 0.1844 0.1867
3265.000000 0.1889 0.1911 0.1939 0.1967 0.1998
3260.000000 0.2029 0.2061 0.2093 0.2123 0.2153
3255.000000 0.2182 0.2212 0.2242 0.2272 0.2304
3250.000000 0.2335 0.2372 0.2409 0.2445 0.2482
3245.000000 0.2518 0.2554 0.2590 0.2627 0.2661
3240.000000 0.2695 0.2725 0.2756 0.2785 0.2816
3235.000000 0.2846 0.2877 0.2907 0.2938 0.2968
3230.000000 0.2998 0.3024 0.3051 0.3077 0.3103
3225.000000 0.3129 0.3156 0.3182 0.3209 0.3234
3220.000000 0.3260 0.3291 0.3322 0.3357 0.3392
3215.000000 0.3427 0.3462 0.3497 0.3532 0.3566
3210.000000 0.3600 0.3644 0.3688 0.3736 0.3784
3205.000000 0.3832 0.3880 0.3928 0.3975 0.4002
3200.000000 0.4029 0.4056 0.4082 0.4109 0.4136
3195.000000 0.4162 0.4190 0.4216 0.4243 0.4267
3190.000000 0.4292 0.4316 0.4341 0.4365 0.4389
3185.000000 0.4412 0.4438 0.4462 0.4486 0.4510
3180.000000 0.4535 0.4566 0.4598 0.4638 0.4678
3175.000000 0.4718 0.4759 0.4799 0.4839 0.4878
3170.000000 0.4917 0.4943 0.4970 0.4997 0.5024
3165.000000 0.5050 0.5077 0.5104 0.5131 0.5160
3160.000000 0.5191 0.5225 0.5260 0.5294 0.5329
3155.000000 0.5362 0.5396 0.5427 0.5458 0.5486
3150.000000 0.5515 0.5538 0.5562 0.5585 0.5609
3145.000000 0.5632 0.5656 0.5679 0.5703 0.5726
3140.000000 0.5750 0.5773 0.5797 0.5820 0.5844
3135.000000 0.5868 0.5892 0.5915 0.5939 0.5962
3130.000000 0.5986 0.6009 0.6033 0.6056 0.6080
3125.000000 0.6103 0.6127 0.6150 0.6174 0.6197
3120.000000 0.6220 0.6240 0.6260 0.6281 0.6302
3115.000000 0.6322 0.6343 0.6366 0.6390 0.6415
3110.000000 0.6441 0.6465 0.6491 0.6515 0.6541
3105.000000 0.6562 0.6585 0.6605 0.6625 0.6645
3100.000000 0.6665 0.6686 0.6706 0.6725 0.6746
3095.000000 0.6762 0.6781 0.6797 0.6812 0.6828
3090.000000 0.6845 0.6860 0.6875 0.6892 0.6908
3085.000000 0.6922 0.6939 0.6951 0.6964 0.6975
3080.000000 0.6989 0.7001 0.7015 0.7026 0.7040
3075.000000 0.7053 0.7065 0.7078 0.7091 0.7103
3070.000000 0.7115 0.7126 0.7139 0.7150 0.7161
3065.000000 0.7174 0.7186 0.7197 0.7208 0.7219
3060.000000 0.7232 0.7242 0.7251 0.7261 0.7271
3055.000000 0.7282 0.7292 0.7301 0.7311 0.7321
3050.000000 0.7330 0.7336 0.7343 0.7349 0.7355
3045.000000 0.7361 0.7368 0.7374 0.7380 0.7386
3040.000000 0.7393 0.7399 0.7405 0.7411 0.7418
3035.000000 0.7424 0.7430 0.7437 0.7445 0.7453
3030.000000 0.7461 0.7468 0.7476 0.7485 0.7494
3025.000000 0.7501 0.7508 0.7515 0.7522 0.7530
3020.000000 0.7537 0.7544 0.7551 0.7557 0.7562
3015.000000 0.7568 0.7575 0.7580 0.7586 0.7591
3010.000000 0.7596 0.7600 0.7604 0.7608 0.7611
3005.000000 0.7615 0.7619 0.7622 0.7626 0.7630
3000.000000 0.7633 0.7635 0.7638 0.7638 0.7638
2995.000000 0.7637 0.7614 0.7625 0.7618 0.7604
2990.000000 0.7590 0.7557 0.7525 0.5149 0.2774
2985.000000 0.2773 0.2767 0.2775 0.2778 0.2900
2980.000000 0.3022 0.3332 0.3644 0.3955 0.4266
2975.000000 0.4577 0.4889 0.5200 0.5510 0.5822
2970.000000 0.6133 0.6444 0.6755 0.6964 0.7174
2965.000000 0.7228 0.7283 0.7336 0.7390 0.7415
2960.000000 0.7441 0.7458 0.7478 0.7493 0.7508
2955.000000 0.7522 0.7538 0.7544 0.7550 0.7555
2950.000000 0.7561 0.7565 0.7569 0.7572 0.7576
2945.000000 0.7575 0.7575 0.7584 0.7586 0.7580
2940.000000 0.7575 0.7528 0.7481 0.7186 0.6892
2935.000000 0.6828 0.6764 0.6756 0.6748 0.6747
2930.000000 0.6747 0.6746 0.6747 0.6754 0.6761
2925.000000 0.6787 0.6812 0.6838 0.6862 0.6889
2920.000000 0.6915 0.6951 0.6986 0.7021 0.7056
2915.000000 0.7087 0.7118 0.7150 0.7181 0.7218
2910.000000 0.7257 0.7288 0.7319 0.7354 0.7389
2905.000000 0.7406 0.7437 0.7425 0.7425 0.7425
2900.000000 0.7424 0.7421 0.7421 0.7418 0.7418
2895.000000 0.7415 0.7415 0.7414 0.7412 0.7411
2890.000000 0.7410 0.7408 0.7406 0.7404 0.7401
2885.000000 0.7400 0.7398 0.7396 0.7394 0.7393
2880.000000 0.7392 0.7390 0.7389 0.7387 0.7386
2875.000000 0.7380 0.7374 0.7355 0.7337 0.7292
2870.000000 0.7248 0.7205 0.7162 0.7141 0.7119
2865.000000 0.7117 0.7117 0.7117 0.7118 0.7121
2860.000000 0.7124 0.7130 0.7136 0.7142 0.7149
2855.000000 0.7155 0.7161 0.7168 0.7175 0.7181
2850.000000 0.7188 0.7194 0.7201 0.7204 0.7207
2845.000000 0.7206 0.7206 0.7204 0.7201 0.7200
2840.000000 0.7218 0.7195 0.7192 0.7187 0.7182
2835.000000 0.7176 0.7171 0.7168 0.7164 0.7158
2830.000000 0.7155 0.7154 0.7154 0.7154 0.7154
2825.000000 0.7154 0.7155 0.7158 0.7162 0.7168
2820.000000 0.7175 0.7187 0.7135 0.7215 0.7235
2815.000000 0.7251 0.7269 0.7288 0.7306 0.7322
2810.000000 0.7341 0.7361 0.7381 0.7404 0.7428
2805.000000 0.7451 0.7474 0.7491 0.7508 0.7522
2800.000000 0.7537 0.7551 0.7565 0.7580 0.7595
2795.000000 0.7608 0.7621 0.7633 0.7646 0.7658
2790.000000 0.7669 0.7682 0.7695 0.7703 0.7711
2785.000000 0.7717 0.7724 0.7730 0.7737 0.7743
2780.000000 0.7750 0.7756 0.7762 0.7768 0.7775
2775.000000 0.7778 0.7781 0.7784 0.7787 0.7789
2770.000000 0.7792 0.7795 0.7798 0.7800 0.7803
2765.000000 0.7805 0.7808 0.7808 0.7811 0.7811
2760.000000 0.7812 0.7814 0.7815 0.7815 0.7817
2755.000000 0.7818 0.7818 0.7819 0.7821 0.7821
2750.000000 0.7822 0.7822 0.7822 0.7821 0.7818
2745.000000 0.7817 0.7815 0.7812 0.7811 0.7808
2740.000000 0.7807 0.7805 0.7804 0.7801 0.7798
2735.000000 0.7795 0.7792 0.7788 0.7784 0.7778
2730.000000 0.7771 0.7765 0.7760 0.7749 0.7738
2725.000000 0.7719 0.7703 0.7681 0.7658 0.7642
2720.000000 0.7625 0.7610 0.7594 0.7578 0.7562
2715.000000 0.7555 0.7547 0.7540 0.7534 0.7528
2710.000000 0.7521 0.7515 0.7508 0.7506 0.7503
2705.000000 0.7501 0.7501 0.7501 0.7508 0.7514
2700.000000 0.7521 0.7530 0.7539 0.7550 0.7561
2695.000000 0.7574 0.7586 0.7597 0.7608 0.7621
2690.000000 0.7634 0.7647 0.7660 0.7671 0.7685
2685.000000 0.7697 0.7710 0.7722 0.7736 0.7748
2680.000000 0.7761 0.7774 0.7787 0.7799 0.7811
2675.000000 0.7824 0.7837 0.7850 0.7862 0.7875
2670.000000 0.7888 0.7900 0.7912 0.7921 0.7932
2665.000000 0.7941 0.7951 0.7960 0.7969 0.7978
2660.000000 0.7989 0.7998 0.8008 0.8015 0.8025
2655.000000 0.8030 0.8036 0.8041 0.8047 0.8051
2650.000000 0.8058 0.8062 0.8068 0.8074 0.8080
2645.000000 0.8085 0.8091 0.8097 0.8103 0.8108
2640.000000 0.8115 0.8121 0.8126 0.8132 0.8138
2635.000000 0.8144 0.8150 0.8155 0.8161 0.8165
2630.000000 0.8171 0.8175 0.8181 0.8186 0.8191
2625.000000 0.8196 0.8201 0.8205 0.8209 0.8210
2620.000000 0.8212 0.8214 0.8216 0.8217 0.8218
2615.000000 0.8221 0.8227 0.8224 0.8224 0.8225
2610.000000 0.8224 0.8221 0.8221 0.8218 0.8218
2605.000000 0.8216 0.8214 0.8210 0.8207 0.8202
2600.000000 0.8198 0.8193 0.8189 0.8184 0.8180
2595.000000 0.8174 0.8168 0.8162 0.8158 0.8153
2590.000000 0.8148 0.8143 0.8138 0.8133 0.8128
2585.000000 0.8126 0.8125 0.8126 0.8131 0.8135
2580.000000 0.8139 0.8143 0.8147 0.8151 0.8156
2575.000000 0.8160 0.8164 0.8168 0.8171 0.8175
2570.000000 0.8181 0.8186 0.8192 0.8197 0.8202
2565.000000 0.8207 0.8213 0.8217 0.8221 0.8225
2560.000000 0.8228 0.8230 0.8233 0.8235 0.8238
2555.000000 0.8240 0.8243 0.8245 0.8248 0.8251
2550.000000 0.8254 0.8256 0.8258 0.8260 0.8262
2545.000000 0.8264 0.8267 0.8268 0.8271 0.8273
2540.000000 0.8275 0.8277 0.8278 0.8281 0.8281
2535.000000 0.8281 0.8278 0.8275 0.8273 0.8268
2530.000000 0.8266 0.8262 0.8259 0.8255 0.8252
2525.000000 0.8247 0.8243 0.8238 0.8234 0.8228
2520.000000 0.8224 0.8218 0.8214 0.8209 0.8204
2515.000000 0.8199 0.8194 0.8189 0.8185 0.8181
2510.000000 0.8176 0.8171 0.8168 0.8162 0.8158
2505.000000 0.8155 0.8151 0.8146 0.8142 0.8137
2500.000000 0.8133 0.8128 0.8122 0.8118 0.8114
2495.000000 0.8108 0.8105 0.8103 0.8101 0.8101
2490.000000 0.8100 0.8098 0.8097 0.8096 0.8096
2485.000000 0.8096 0.8098 0.8101 0.8104 0.8107
2480.000000 0.8110 0.8112 0.8115 0.8118 0.8121
2475.000000 0.8125 0.8128 0.8131 0.8134 0.8137
2470.000000 0.8140 0.8143 0.8146 0.8149 0.8151
2465.000000 0.8155 0.8158 0.8161 0.8164 0.8167
2460.000000 0.8169 0.8172 0.8176 0.8180 0.8183
2455.000000 0.8186 0.8189 0.8192 0.8195 0.8198
2450.000000 0.8201 0.8204 0.8207 0.8210 0.8213
2445.000000 0.8216 0.8218 0.8221 0.8225 0.8228
2440.000000 0.8231 0.8234 0.8237 0.8239 0.8242
2435.000000 0.8245 0.8248 0.8251 0.8254 0.8255
2430.000000 0.8257 0.8258 0.8260 0.8261 0.8263
2425.000000 0.8264 0.8266 0.8267 0.8268 0.8270
2420.000000 0.8271 0.8273 0.8275 0.8275 0.8278
2415.000000 0.8280 0.8282 0.8283 0.8285 0.8287
2410.000000 0.8289 0.8290 0.8290 0.8291 0.8291
2405.000000 0.8290 0.8290 0.8289 0.8289 0.8288
2400.000000 0.8288 0.8287 0.8287 0.8286 0.8286
2395.000000 0.8285 0.8285 0.8284 0.8284 0.8283
2390.000000 0.8283 0.8282 0.8282 0.8281 0.8281
2385.000000 0.8280 0.8278 0.8278 0.8280 0.8280
2380.000000 0.8281 0.8282 0.8283 0.8283 0.8284
2375.000000 0.8285 0.8286 0.8286 0.8287 0.8287
2370.000000 0.8288 0.8289 0.8290 0.8291 0.8292
2365.000000 0.8293 0.8294 0.8295 0.8296 0.8297
2360.000000 0.8298 0.8299 0.8301 0.8302 0.8303
2355.000000 0.8304 0.8305 0.8306 0.8308 0.8309
2350.000000 0.8311 0.8312 0.8313 0.8314 0.8316
2345.000000 0.8318 0.8320 0.8321 0.8323 0.8325
2340.000000 0.8327 0.8333 0.8340 0.8347 0.8354
2335.000000 0.8361 0.8368 0.8373 0.8378 0.8383
2330.000000 0.8387 0.8391 0.8395 0.8398 0.8402
2325.000000 0.8404 0.8407 0.8407 0.8407 0.8407
2320.000000 0.8407 0.8407 0.8407 0.8407 0.8407
2315.000000 0.8407 0.8407 0.8407 0.8407 0.8407
2310.000000 0.8407 0.8407 0.8407 0.8406 0.8406
2305.000000 0.8406 0.8406 0.8405 0.8405 0.8405
2300.000000 0.8405 0.8404 0.8404 0.8404 0.8404
2295.000000 0.8402 0.8401 0.8399 0.8397 0.8395
2290.000000 0.8394 0.8392 0.8391 0.8389 0.8388
2285.000000 0.8386 0.8385 0.8383 0.8382 0.8382
2280.000000 0.8382 0.8382 0.8382 0.8382 0.8382
2275.000000 0.8382 0.8382 0.8382 0.8382 0.8382
2270.000000 0.8382 0.8382 0.8382 0.8382 0.8383
2265.000000 0.8384 0.8386 0.8387 0.8389 0.8390
2260.000000 0.8392 0.8393 0.8395 0.8396 0.8398
2255.000000 0.8400 0.8402 0.8402 0.8402 0.8402
2250.000000 0.8402 0.8401 0.8401 0.8400 0.8399
2245.000000 0.8398 0.8398 0.8397 0.8397 0.8396
2240.000000 0.8396 0.8395 0.8394 0.8393 0.8393
2235.000000 0.8392 0.8392 0.8393 0.8395 0.8397
2230.000000 0.8400 0.8402 0.8404 0.8406 0.8409
2225.000000 0.8411 0.8413 0.8415 0.8418 0.8420
2220.000000 0.8423 0.8425 0.8427 0.8428 0.8432
2215.000000 0.8434 0.8436 0.8438 0.8441 0.8443
2210.000000 0.8445 0.8447 0.8450 0.8452 0.8454
2205.000000 0.8456 0.8459 0.8461 0.8463 0.8465
2200.000000 0.8468 0.8470 0.8471 0.8474 0.8477
2195.000000 0.8477 0.8478 0.8478 0.8480 0.8480
2190.000000 0.8481 0.8481 0.8482 0.8482 0.8483
2185.000000 0.8484 0.8485 0.8485 0.8486 0.8486
2180.000000 0.8487 0.8487 0.8488 0.8488 0.8489
2175.000000 0.8490 0.8491 0.8491 0.8492 0.8493
2170.000000 0.8494 0.8494 0.8495 0.8496 0.8497
2165.000000 0.8497 0.8498 0.8499 0.8500 0.8500
2160.000000 0.8501 0.8502 0.8503 0.8504 0.8505
2155.000000 0.8505 0.8506 0.8507 0.8508 0.8508
2150.000000 0.8509 0.8510 0.8511 0.8511 0.8512
2145.000000 0.8513 0.8514 0.8514 0.8515 0.8516
2140.000000 0.8517 0.8518 0.8518 0.8520 0.8521
2135.000000 0.8521 0.8521 0.8523 0.8524 0.8525
2130.000000 0.8525 0.8527 0.8528 0.8528 0.8528
2125.000000 0.8530 0.8531 0.8532 0.8533 0.8534
2120.000000 0.8535 0.8535 0.8536 0.8537 0.8538
2115.000000 0.8539 0.8540 0.8541 0.8542 0.8542
2110.000000 0.8543 0.8544 0.8545 0.8546 0.8547
2105.000000 0.8548 0.8549 0.8550 0.8552 0.8553
2100.000000 0.8554 0.8555 0.8556 0.8557 0.8558
2095.000000 0.8559 0.8560 0.8561 0.8562 0.8563
2090.000000 0.8564 0.8565 0.8566 0.8567 0.8568
2085.000000 0.8568 0.8568 0.8570 0.8571 0.8571
2080.000000 0.8573 0.8573 0.8574 0.8575 0.8575
2075.000000 0.8575 0.8577 0.8578 0.8578 0.8580
2070.000000 0.8581 0.8582 0.8583 0.8584 0.8585
2065.000000 0.8586 0.8587 0.8588 0.8589 0.8590
2060.000000 0.8592 0.8593 0.8594 0.8595 0.8596
2055.000000 0.8597 0.8598 0.8599 0.8601 0.8602
2050.000000 0.8603 0.8604 0.8605 0.8606 0.8607
2045.000000 0.8609 0.8611 0.8613 0.8615 0.8617
2040.000000 0.8620 0.8621 0.8624 0.8625 0.8628
2035.000000 0.8630 0.8633 0.8635 0.8637 0.8639
2030.000000 0.8641 0.8643 0.8645 0.8647 0.8650
2025.000000 0.8651 0.8652 0.8652 0.8653 0.8653
2020.000000 0.8654 0.8654 0.8655 0.8656 0.8657
2015.000000 0.8657 0.8658 0.8658 0.8659 0.8659
2010.000000 0.8660 0.8660 0.8660 0.8656 0.8653
2005.000000 0.8649 0.8645 0.8640 0.8635 0.8621
2000.000000 0.8609 0.8596 0.8568 0.8548 0.8535
1995.000000 0.8521 0.8509 0.8496 0.8483 0.8491
1990.000000 0.8502 0.8513 0.8524 0.8535 0.8548
1985.000000 0.8563 0.8578 0.8592 0.8606 0.8612
1980.000000 0.8612 0.8611 0.8611 0.8610 0.8607
1975.000000 0.8605 0.8602 0.8602 0.8603 0.8604
1970.000000 0.8605 0.8606 0.8607 0.8608 0.8609
1965.000000 0.8609 0.8609 0.8610 0.8610 0.8610
1960.000000 0.8611 0.8611 0.8611 0.8612 0.8612
1955.000000 0.8612 0.8613 0.8613 0.8615 0.8616
1950.000000 0.8617 0.8618 0.8620 0.8621 0.8621
1945.000000 0.8624 0.8625 0.8625 0.8627 0.8628
1940.000000 0.8630 0.8631 0.8632 0.8634 0.8635
1935.000000 0.8637 0.8639 0.8641 0.8642 0.8644
1930.000000 0.8646 0.8647 0.8649 0.8651 0.8653
1925.000000 0.8654 0.8656 0.8658 0.8660 0.8662
1920.000000 0.8665 0.8667 0.8670 0.8673 0.8675
1915.000000 0.8678 0.8681 0.8683 0.8686 0.8688
1910.000000 0.8691 0.8693 0.8694 0.8696 0.8698
1905.000000 0.8700 0.8701 0.8703 0.8705 0.8706
1900.000000 0.8708 0.8710 0.8712 0.8712 0.8712
1895.000000 0.8712 0.8711 0.8711 0.8710 0.8710
1890.000000 0.8709 0.8709 0.8708 0.8708 0.8707
1885.000000 0.8707 0.8704 0.8701 0.8699 0.8696
1880.000000 0.8693 0.8690 0.8687 0.8685 0.8682
1875.000000 0.8678 0.8675 0.8674 0.8671 0.8667
1870.000000 0.8663 0.8659 0.8655 0.8651 0.8647
1865.000000 0.8645 0.8643 0.8642 0.8640 0.8639
1860.000000 0.8637 0.8636 0.8636 0.8636 0.8638
1855.000000 0.8641 0.8643 0.8645 0.8648 0.8650
1850.000000 0.8653 0.8655 0.8656 0.8656 0.8657
1845.000000 0.8658 0.8658 0.8659 0.8660 0.8660
1840.000000 0.8661 0.8661 0.8662 0.8663 0.8663
1835.000000 0.8664 0.8665 0.8665 0.8666 0.8667
1830.000000 0.8667 0.8668 0.8670 0.8671 0.8671
1825.000000 0.8673 0.8675 0.8675 0.8677 0.8678
1820.000000 0.8680 0.8681 0.8683 0.8684 0.8685
1815.000000 0.8686 0.8688 0.8689 0.8689 0.8689
1810.000000 0.8690 0.8690 0.8690 0.8691 0.8691
1805.000000 0.8691 0.8692 0.8692 0.8692 0.8693
1800.000000 0.8693 0.8694 0.8695 0.8696 0.8697
1795.000000 0.8698 0.8698 0.8699 0.8700 0.8701
1790.000000 0.8702 0.8703 0.8704 0.8706 0.8707
1785.000000 0.8708 0.8710 0.8711 0.8712 0.8714
1780.000000 0.8715 0.8718 0.8721 0.8724 0.8727
1775.000000 0.8730 0.8733 0.8736 0.8739 0.8740
1770.000000 0.8740 0.8740 0.8740 0.8740 0.8740
1765.000000 0.8740 0.8740 0.8740 0.8739 0.8736
1760.000000 0.8732 0.8728 0.8725 0.8721 0.8718
1755.000000 0.8716 0.8713 0.8710 0.8707 0.8704
1750.000000 0.8703 0.8701 0.8699 0.8706 0.8713
1745.000000 0.8720 0.8727 0.8734 0.8741 0.8748
1740.000000 0.8755 0.8761 0.8765 0.8767 0.8768
1735.000000 0.8771 0.8773 0.8774 0.8775 0.8778
1730.000000 0.8780 0.8782 0.8782 0.8783 0.8784
1725.000000 0.8785 0.8786 0.8787 0.8788 0.8789
1720.000000 0.8795 0.8791 0.8791 0.8791 0.8791
1715.000000 0.8791 0.8791 0.8791 0.8788 0.8778
1710.000000 0.8770 0.8762 0.8754 0.8746 0.8738
1705.000000 0.8728 0.8721 0.8712 0.8704 0.8696
1700.000000 0.8687 0.8678 0.8670 0.8662 0.8654
1695.000000 0.8645 0.8637 0.8628 0.8620 0.8612
1690.000000 0.8604 0.8596 0.8588 0.8580 0.8571
1685.000000 0.8564 0.8556 0.8548 0.8540 0.8532
1680.000000 0.8524 0.8517 0.8509 0.8502 0.8495
1675.000000 0.8489 0.8483 0.8477 0.8470 0.8464
1670.000000 0.8458 0.8452 0.8446 0.8439 0.8433
1665.000000 0.8427 0.8421 0.8414 0.8407 0.8400
1660.000000 0.8394 0.8387 0.8380 0.8373 0.8366
1655.000000 0.8359 0.8352 0.8345 0.8338 0.8330
1650.000000 0.8323 0.8316 0.8308 0.8300 0.8291
1645.000000 0.8283 0.8274 0.8266 0.8258 0.8250
1640.000000 0.8242 0.8233 0.8224 0.8215 0.8206
1635.000000 0.8202 0.8199 0.8196 0.8175 0.8204
1630.000000 0.8209 0.8218 0.8232 0.8247 0.8262
1625.000000 0.8278 0.8298 0.8317 0.8336 0.8355
1620.000000 0.8374 0.8390 0.8406 0.8421 0.8436
1615.000000 0.8452 0.8467 0.8482 0.8498 0.8513
1610.000000 0.8527 0.8542 0.8556 0.8571 0.8585
1605.000000 0.8600 0.8612 0.8617 0.8623 0.8628
1600.000000 0.8633 0.8638 0.8643 0.8649 0.8654
1595.000000 0.8659 0.8664 0.8668 0.8667 0.8666
1590.000000 0.8665 0.8665 0.8664 0.8663 0.8662
1585.000000 0.8661 0.8660 0.8659 0.8658 0.8656
1580.000000 0.8653 0.8651 0.8648 0.8646 0.8643
1575.000000 0.8641 0.8638 0.8636 0.8633 0.8631
1570.000000 0.8628 0.8625 0.8624 0.8621 0.8620
1565.000000 0.8617 0.8615 0.8613 0.8611 0.8609
1560.000000 0.8607 0.8605 0.8603 0.8601 0.8599
1555.000000 0.8597 0.8595 0.8594 0.8593 0.8591
1550.000000 0.8590 0.8588 0.8587 0.8586 0.8584
1545.000000 0.8583 0.8582 0.8580 0.8577 0.8573
1540.000000 0.8568 0.8566 0.8562 0.8558 0.8554
1535.000000 0.8550 0.8546 0.8542 0.8539 0.8535
1530.000000 0.8530 0.8525 0.8520 0.8514 0.8509
1525.000000 0.8504 0.8499 0.8494 0.8488 0.8483
1520.000000 0.8478 0.8473 0.8468 0.8464 0.8460
1515.000000 0.8455 0.8451 0.8447 0.8443 0.8439
1510.000000 0.8435 0.8431 0.8428 0.8425 0.8421
1505.000000 0.8420 0.8417 0.8414 0.8411 0.8408
1500.000000 0.8405 0.8402 0.8397 0.8392 0.8387
1495.000000 0.8382 0.8377 0.8371 0.8366 0.8359
1490.000000 0.8353 0.8346 0.8339 0.8332 0.8325
1485.000000 0.8318 0.8312 0.8306 0.8299 0.8286
1480.000000 0.8273 0.8260 0.8246 0.8233 0.8220
1475.000000 0.8206 0.8192 0.8178 0.8162 0.8149
1470.000000 0.8135 0.8101 0.8065 0.8032 0.7996
1465.000000 0.7951 0.7907 0.7871 0.7835 0.7776
1460.000000 0.7711 0.7622 0.7360 0.7078 0.6962
1455.000000 0.6948 0.6939 0.6934 0.6960 0.6992
1450.000000 0.7024 0.7035 0.7033 0.7026 0.7010
1445.000000 0.6972 0.6910 0.6818 0.6675 0.6546
1440.000000 0.6401 0.6421 0.6418 0.6458 0.6508
1435.000000 0.6558 0.6582 0.6581 0.6581 0.6580
1430.000000 0.6580 0.6590 0.6606 0.6622 0.6685
1425.000000 0.6760 0.6854 0.6946 0.7018 0.7093
1420.000000 0.7165 0.7232 0.7299 0.7351 0.7392
1415.000000 0.7434 0.7475 0.7510 0.7543 0.7575
1410.000000 0.7608 0.7642 0.7672 0.7699 0.7725
1405.000000 0.7751 0.7778 0.7798 0.7815 0.7832
1400.000000 0.7849 0.7857 0.7865 0.7872 0.7881
1395.000000 0.7889 0.7900 0.7911 0.7911 0.7914
1390.000000 0.7915 0.7915 0.7908 0.7911 0.7903
1385.000000 0.7893 0.7855 0.7805 0.7737 0.7690
1380.000000 0.7642 0.7592 0.7511 0.7287 0.6905
1375.000000 0.6521 0.6139 0.5757 0.5708 0.5718
1370.000000 0.6046 0.6379 0.6711 0.7044 0.7297
1365.000000 0.7398 0.7496 0.7572 0.7599 0.7621
1360.000000 0.7642 0.7657 0.7667 0.7671 0.7676
1355.000000 0.7682 0.7687 0.7692 0.7694 0.7715
1350.000000 0.7691 0.7688 0.7685 0.7682 0.7675
1345.000000 0.7667 0.7658 0.7647 0.7634 0.7618
1340.000000 0.7599 0.7571 0.7517 0.7438 0.7299
1335.000000 0.7078 0.6354 0.5646 0.4938 0.4230
1330.000000 0.3523 0.3184 0.3237 0.3518 0.3800
1325.000000 0.4082 0.4365 0.4647 0.4929 0.5210
1320.000000 0.5493 0.5775 0.5865 0.5894 0.5907
1315.000000 0.5929 0.5900 0.5884 0.5860 0.5759
1310.000000 0.5342 0.4925 0.4509 0.4092 0.3776
1305.000000 0.3660 0.3650 0.3642 0.3642 0.3649
1300.000000 0.3725 0.4024 0.4323 0.4622 0.4922
1295.000000 0.5215 0.5364 0.5540 0.5783 0.5936
1290.000000 0.6065 0.6246 0.6419 0.6501 0.6584
1285.000000 0.6667 0.6754 0.6840 0.6918 0.6981
1280.000000 0.7044 0.7084 0.7119 0.7155 0.7190
1275.000000 0.7225 0.7261 0.7287 0.7314 0.7340
1270.000000 0.7365 0.7391 0.7408 0.7425 0.7443
1265.000000 0.7458 0.7464 0.7469 0.7475 0.7483
1260.000000 0.7489 0.7495 0.7501 0.7508 0.7514
1255.000000 0.7518 0.7525 0.7530 0.7535 0.7541
1250.000000 0.7546 0.7551 0.7557 0.7561 0.7568
1245.000000 0.7572 0.7578 0.7584 0.7589 0.7595
1240.000000 0.7600 0.7605 0.7611 0.7615 0.7621
1235.000000 0.7626 0.7632 0.7637 0.7643 0.7648
1230.000000 0.7653 0.7658 0.7664 0.7668 0.7675
1225.000000 0.7685 0.7693 0.7701 0.7710 0.7718
1220.000000 0.7725 0.7735 0.7743 0.7751 0.7760
1215.000000 0.7765 0.7771 0.7778 0.7784 0.7790
1210.000000 0.7796 0.7801 0.7808 0.7814 0.7819
1205.000000 0.7825 0.7832 0.7838 0.7844 0.7851
1200.000000 0.7857 0.7862 0.7868 0.7875 0.7881
1195.000000 0.7887 0.7894 0.7898 0.7903 0.7907
1190.000000 0.7911 0.7915 0.7918 0.7918 0.7918
1185.000000 0.7911 0.7908 0.7901 0.7885 0.7860
1180.000000 0.7830 0.7789 0.7749 0.7708 0.7628
1175.000000 0.7536 0.7428 0.7315 0.7186 0.7022
1170.000000 0.6664 0.6243 0.5814 0.5385 0.4957
1165.000000 0.4528 0.4099 0.3918 0.3909 0.3912
1160.000000 0.3926 0.4014 0.4250 0.4484 0.4718
1155.000000 0.4952 0.5186 0.5420 0.5655 0.5889
1150.000000 0.6123 0.6357 0.6591 0.6718 0.6812
1145.000000 0.6917 0.7047 0.7142 0.7218 0.7294
1140.000000 0.7340 0.7371 0.7401 0.7433 0.7464
1135.000000 0.7495 0.7525 0.7546 0.7565 0.7586
1130.000000 0.7606 0.7624 0.7640 0.7656 0.7668
1125.000000 0.7669 0.7671 0.7674 0.7675 0.7678
1120.000000 0.7678 0.7680 0.7680 0.7680 0.7680
1115.000000 0.7680 0.7680 0.7683 0.7686 0.7689
1110.000000 0.7692 0.7695 0.7698 0.7701 0.7701
1105.000000 0.7701 0.7701 0.7700 0.7698 0.7669
1100.000000 0.7643 0.7590 0.7461 0.7138 0.6533
1095.000000 0.5927 0.5321 0.5216 0.5212 0.5344
1090.000000 0.5638 0.5932 0.6227 0.6294 0.6249
1085.000000 0.5796 0.5014 0.4232 0.3450 0.2668
1080.000000 0.1885 0.1167 0.1048 0.0859 0.0737
1075.000000 0.0708 0.0703 0.0702 0.0702 0.0725
1070.000000 0.0913 0.1436 0.1992 0.2547 0.3103
1065.000000 0.3659 0.4215 0.4814 0.5742 0.5922
1060.000000 0.6037 0.6153 0.6255 0.6351 0.6447
1055.000000 0.6550 0.6661 0.6772 0.6876 0.6980
1050.000000 0.7083 0.7161 0.7238 0.7314 0.7371
1045.000000 0.7421 0.7469 0.7518 0.7561 0.7593
1040.000000 0.7625 0.7658 0.7675 0.7693 0.7710
1035.000000 0.7726 0.7744 0.7754 0.7761 0.7767
1030.000000 0.7774 0.7781 0.7788 0.7794 0.7801
1025.000000 0.7808 0.7815 0.7821 0.7828 0.7837
1020.000000 0.7844 0.7851 0.7858 0.7865 0.7872
1015.000000 0.7880 0.7887 0.7894 0.7901 0.7908
1010.000000 0.7915 0.7922 0.7930 0.7936 0.7942
1005.000000 0.7949 0.7955 0.7961 0.7968 0.7974
1000.000000 0.7980 0.7987 0.7993 0.7999 0.8005
995.000000 0.8010 0.8015 0.8017 0.8017 0.8014
990.000000 0.8010 0.7997 0.7985 0.7961 0.7932
985.000000 0.7899 0.7865 0.7818 0.7760 0.7701
980.000000 0.7622 0.7514 0.7396 0.7261 0.7124
975.000000 0.6983 0.6758 0.6062 0.5108 0.4154
970.000000 0.3200 0.2699 0.2674 0.2820 0.3188
965.000000 0.3555 0.3922 0.4290 0.4657 0.5025
960.000000 0.5392 0.5760 0.6127 0.6647 0.6831
955.000000 0.6947 0.7038 0.7130 0.7221 0.7304
950.000000 0.7385 0.7467 0.7521 0.7569 0.7619
945.000000 0.7669 0.7701 0.7731 0.7760 0.7789
940.000000 0.7818 0.7841 0.7860 0.7878 0.7898
935.000000 0.7917 0.7936 0.7951 0.7962 0.7974
930.000000 0.7985 0.7996 0.8007 0.8018 0.8028
925.000000 0.8038 0.8048 0.8057 0.8065 0.8075
920.000000 0.8085 0.8094 0.8103 0.8111 0.8121
915.000000 0.8126 0.8132 0.8138 0.8144 0.8150
910.000000 0.8155 0.8161 0.8167 0.8171 0.8175
905.000000 0.8180 0.8184 0.8188 0.8192 0.8196
900.000000 0.8200 0.8204 0.8205 0.8207 0.8209
895.000000 0.8210 0.8212 0.8213 0.8215 0.8217
890.000000 0.8218 0.8221 0.8204 0.8225 0.8225
885.000000 0.8225 0.8225 0.8221 0.8216 0.8205
880.000000 0.8194 0.8183 0.8171 0.8160 0.8147
875.000000 0.8136 0.8125 0.8114 0.8103 0.8092
870.000000 0.8061 0.7969 0.7203 0.6305 0.5407
865.000000 0.4190 0.4182 0.4176 0.4351 0.4958
860.000000 0.5564 0.6171 0.6776 0.7075 0.7264
855.000000 0.7371 0.7458 0.7524 0.7590 0.7640
850.000000 0.7689 0.7734 0.7761 0.7788 0.7815
845.000000 0.7842 0.7861 0.7881 0.7899 0.7908
840.000000 0.7918 0.7926 0.7936 0.7945 0.7951
835.000000 0.7955 0.7958 0.7961 0.7964 0.7967
830.000000 0.7967 0.7968 0.7968 0.7968 0.7969
825.000000 0.7969 0.7967 0.7962 0.7960 0.7956
820.000000 0.7953 0.7949 0.7945 0.7942 0.7936
815.000000 0.7928 0.7919 0.7911 0.7904 0.7896
810.000000 0.7888 0.7880 0.7871 0.7862 0.7851
805.000000 0.7841 0.7831 0.7819 0.7808 0.7799
800.000000 0.7788 0.7776 0.7765 0.7756 0.7743
795.000000 0.7728 0.7715 0.7700 0.7686 0.7671
790.000000 0.7656 0.7628 0.7603 0.7575 0.7550
785.000000 0.7521 0.7485 0.7448 0.7411 0.7374
780.000000 0.7338 0.7304 0.7269 0.7237 0.7203
775.000000 0.7169 0.7132 0.7095 0.7057 0.7019
770.000000 0.6986 0.6957 0.6928 0.6900 0.6871
765.000000 0.6842 0.6814 0.6784 0.6754 0.6725
760.000000 0.6695 0.6667 0.6639 0.6611 0.6590
755.000000 0.6568 0.6548 0.6533 0.6521 0.6511
750.000000 0.6501 0.6495 0.6489 0.6490 0.6490
745.000000 0.6490 0.6483 0.6497 0.6501 0.6506
740.000000 0.6511 0.6517 0.6524 0.6531 0.6538
735.000000 0.6545 0.6558 0.6576 0.6590 0.6601
730.000000 0.6615 0.6630 0.6628 0.6621 0.6604
725.000000 0.6588 0.6581 0.6572 0.6575 0.6580
720.000000 0.6651 0.6708 0.6768 0.6825 0.6882
715.000000 0.6931 0.6958 0.6984 0.7010 0.7033
710.000000 0.7053 0.7072 0.7093 0.7112 0.7125
705.000000 0.7137 0.7149 0.7155 0.7157 0.7158
700.000000 0.7160 0.7161 0.7162 0.7165 0.7165
695.000000 0.7168 0.7168 0.7168 0.7168 0.7192
690.000000 0.7164 0.7161 0.7160 0.7158 0.7155
685.000000 0.7151 0.7148 0.7144 0.7140 0.7136
680.000000 0.7133 0.7128 0.7125 0.7122 0.7119
675.000000 0.7117 0.7114 0.7111 0.7108 0.7106
670.000000 0.7103 0.7100 0.7098 0.7095 0.7095
665.000000 0.7094 0.7094 0.7093 0.7093 0.7097
660.000000 0.7101 0.7107 0.7111 0.7117 0.7121
655.000000 0.7126 0.7136 0.7148 0.7158 0.7171
650.000000 0.7182 0.7194 0.7205 0.7217 0.7228
645.000000 0.7240 0.7251 0.7264 0.7275 0.7287
640.000000 0.7299 0.7310 0.7322 0.7337 0.7351
635.000000 0.7365 0.7378 0.7394 0.7408 0.7421
630.000000 0.7436 0.7451 0.7468 0.7486 0.7503
625.000000 0.7519 0.7537 0.7554 0.7571 0.7588
620.000000 0.7605 0.7621 0.7638 0.7655 0.7671
615.000000 0.7688 0.7704 0.7719 0.7737 0.7751
610.000000 0.7764 0.7775 0.7787 0.7798 0.7808
605.000000 0.7821 0.7832 0.7846 0.7860 0.7872
600.000000 0.7887 0.7900 0.7911 0.7924 0.7936
595.000000 0.7943 0.7948 0.7947 0.7947 0.7957
590.000000 0.7953 0.7947 0.7934 0.7883 0.7786
585.000000 0.7687 0.7588 0.7490 0.7391 0.7293
580.000000 0.7267 0.7260 0.7375 0.7515 0.7655
575.000000 0.7794 0.7934 0.8072 0.8108 0.8139
570.000000 0.8168 0.8185 0.8197 0.8209 0.8221
565.000000 0.8234 0.8246 0.8259 0.8265 0.8271
560.000000 0.8275 0.8282 0.8287 0.8293 0.8299
555.000000 0.8304 0.8307 0.8309 0.8312 0.8315
550.000000 0.8317 0.8320 0.8323 0.8325 0.8327
545.000000 0.8328 0.8330 0.8331 0.8332 0.8334
540.000000 0.8335 0.8337 0.8338 0.8339 0.8341
535.000000 0.8342 0.8343 0.8345 0.8346 0.8347
530.000000 0.8348 0.8349 0.8349 0.8350 0.8351
525.000000 0.8351 0.8351 0.8351 0.8351 0.8348
520.000000 0.8346 0.8343 0.8340 0.8338 0.8335
515.000000 0.8328 0.8321 0.8314 0.8307 0.8287
510.000000 0.8266 0.8218 0.8169 0.8108 0.8046
505.000000 0.7962 0.7865 0.7534 0.6957 0.6237
500.000000 0.5517 0.5266 0.5294 0.5471 0.5729
495.000000 0.5988 0.6246 0.6505 0.6764 0.7021
490.000000 0.7281 0.7539 0.7678 0.7734 0.7790
485.000000 0.7851 0.7912 0.7961 0.7998 0.8035
480.000000 0.8060 0.8078 0.8095 0.8112 0.8121
475.000000 0.8132 0.8141 0.8150 0.8158 0.8161
470.000000 0.8162 0.8165 0.8168 0.8169 0.8172
465.000000 0.8175 0.8178 0.8176 0.8176 0.8175
460.000000 0.8174 0.8174 0.8172 0.8168 0.8167
455.000000 0.8165 0.8164 0.8160 0.8155 0.8150
450.000000 0.8145 0.8139 0.8134 0.8128 0.8124
445.000000 0.8118 0.8112 0.8108 0.8101 0.8093
440.000000 0.8085 0.8076 0.8069 0.8061 0.8049
435.000000 0.8035 0.8021 0.8006 0.7992 0.7978
430.000000 0.7961 0.7944 0.7926 0.7910 0.7901
425.000000 0.7892 0.7882 0.7872 0.7862 0.7854
420.000000 0.7836 0.7815 0.7795 0.7774 0.7754
415.000000 0.7725 0.7672 0.7611 0.7535 0.7422
410.000000 0.7325 0.7268 0.7211 0.7160 0.7112
405.000000 0.7071 0.7040 0.7026 0.7015 0.7001
400.000000 0.6997 0.6993 0.6989 0.6986 0.6985
395.000000 0.6984 0.6983 0.6982 0.6981 0.6981
390.000000 0.6981 0.6982 0.6983 0.6984 0.6985
385.000000 0.6986 0.6987 0.6988 0.6989
##END=
