##TITLE=4,5-DIMETHYL-PHENANTHRENE
##JCAMP-DX=4.24
##DATA TYPE=INFRARED SPECTRUM
##CLASS=COBLENTZ
##ORIGIN=CENTRE D'ETUDES NUCLEAIRES DE GRENOBLE
##OWNER=COBLENTZ SOCIETY
Collection (C) 2018 copyright by the U.S. Secretary of Commerce
on behalf of the United States of America. All rights reserved.
##DATE=Not specified, most likely prior to 1970
##NAMES=4,5-dimethylphenanthrene
##CAS REGISTRY NO=3674-69-9
##MOLFORM=C16 H14
##SOURCE REFERENCE=COBLENTZ NO. 4233
##$NIST SOURCE=COBLENTZ
##$NIST IMAGE=cob4233
##SPECTROMETER/DATA SYSTEM=Not specified, most likely a prism, grating, or hybrid spectrometer.
##STATE=SOLID (1% IN KI)
##PATH LENGTH=
$$PURITY 99.5%
##SAMPLING PROCEDURE=TRANSMISSION
##RESOLUTION=4
##DATA PROCESSING=DIGITIZED BY NIST FROM HARD COPY
##XUNITS=MICROMETERS
##YUNITS=TRANSMITTANCE
##XFACTOR=1.000000
##YFACTOR=1
##DELTAX=000.006694
##FIRSTX=2.036
##LASTX=15.9399
##FIRSTY=0.132
##MAXX=15.9399
##MINX=2.036
##MAXY=0.954
##MINY=0.055
##NPOINTS=2078
##XYDATA=(X++(Y..Y))
2.036000 0.1320 0.1320 0.1340 0.1340 0.1350
2.069487 0.1350 0.1350 0.1370 0.1370 0.1370
2.103000 0.1370 0.1370 0.1370 0.1390 0.1390
2.136487 0.1400 0.1400 0.1420 0.1420 0.1440
2.170000 0.1440 0.1450 0.1450 0.1450 0.1470
2.203487 0.1470 0.1500 0.1500 0.1500 0.1500
2.237000 0.1500 0.1520 0.1520 0.1540 0.1540
2.270487 0.1550 0.1550 0.1550 0.1570 0.1570
2.304000 0.1590 0.1590 0.1600 0.1620 0.1620
2.337487 0.1640 0.1650 0.1650 0.1670 0.1690
2.371000 0.1690 0.1700 0.1720 0.1720 0.1740
2.404487 0.1750 0.1750 0.1770 0.1770 0.1790
2.438000 0.1790 0.1800 0.1800 0.1800 0.1820
2.471487 0.1820 0.1820 0.1840 0.1840 0.1850
2.505000 0.1870 0.1890 0.1900 0.1900 0.1920
2.538487 0.1940 0.1950 0.1970 0.1970 0.1970
2.572000 0.1970 0.1990 0.1990 0.1990 0.2010
2.605487 0.2010 0.2010 0.2010 0.2020 0.2020
2.639000 0.2020 0.2040 0.2040 0.2060 0.2060
2.672487 0.2090 0.2090 0.2140 0.2140 0.2160
2.705000 0.2160 0.2170 0.2170 0.2170 0.2170
2.738487 0.2170 0.2170 0.2190 0.2190 0.2220
2.772000 0.2220 0.2240 0.2240 0.2260 0.2270
2.805487 0.2270 0.2290 0.2290 0.2290 0.2290
2.839000 0.2290 0.2290 0.2290 0.2290 0.2290
2.872487 0.2290 0.2290 0.2290 0.2290 0.2310
2.906000 0.2310 0.2320 0.2340 0.2360 0.2390
2.939487 0.2420 0.2440 0.2460 0.2490 0.2520
2.973000 0.2560 0.2570 0.2610 0.2620 0.2640
3.006487 0.2680 0.2690 0.2710 0.2730 0.2740
3.040000 0.2760 0.2780 0.2790 0.2810 0.2830
3.073487 0.2840 0.2860 0.2860 0.2880 0.2890
3.107000 0.2910 0.2910 0.2930 0.2930 0.2940
3.140487 0.2940 0.2960 0.2980 0.2980 0.2980
3.174000 0.3010 0.3010 0.3030 0.3030 0.3030
3.207487 0.3040 0.3040 0.3060 0.3060 0.3060
3.241000 0.3060 0.3040 0.3030 0.2980 0.2940
3.274487 0.2910 0.2890 0.2560 0.2420 0.2060
3.308000 0.2040 0.2040 0.2060 0.2090 0.2110
3.341487 0.2140 0.2160 0.2190 0.2220 0.2290
3.375000 0.2310 0.2420 0.2560 0.2560 0.2260
3.408487 0.2110 0.1950 0.1800 0.1790 0.1800
3.442000 0.1870 0.1970 0.1990 0.2060 0.2160
3.475487 0.2210 0.2370 0.2440 0.2620 0.2680
3.509000 0.2690 0.2760 0.2830 0.2880 0.2930
3.542487 0.2990 0.3040 0.3090 0.3140 0.3180
3.576000 0.3230 0.3280 0.3310 0.3350 0.3410
3.609487 0.3450 0.3460 0.3500 0.3510 0.3530
3.643000 0.3530 0.3560 0.3580 0.3580 0.3600
3.676487 0.3600 0.3610 0.3610 0.3630 0.3650
3.710000 0.3660 0.3680 0.3700 0.3700 0.3730
3.743487 0.3750 0.3750 0.3760 0.3780 0.3780
3.777000 0.3800 0.3810 0.3810 0.3830 0.3850
3.810487 0.3850 0.3860 0.3860 0.3860 0.3880
3.843000 0.3880 0.3900 0.3900 0.3900 0.3900
3.876487 0.3910 0.3910 0.3910 0.3910 0.3930
3.910000 0.3930 0.3950 0.3950 0.3960 0.3960
3.943487 0.3960 0.3980 0.3980 0.4000 0.4000
3.977000 0.4020 0.4030 0.4030 0.4050 0.4070
4.010487 0.4070 0.4080 0.4100 0.4100 0.4120
4.044000 0.4130 0.4130 0.4150 0.4150 0.4170
4.077487 0.4170 0.4170 0.4180 0.4180 0.4180
4.111000 0.4200 0.4200 0.4220 0.4220 0.4230
4.144487 0.4250 0.4270 0.4270 0.4280 0.4300
4.178000 0.4320 0.4350 0.4370 0.4380 0.4400
4.211487 0.4430 0.4450 0.4500 0.4550 0.4570
4.245000 0.4580 0.4580 0.4580 0.4550 0.4530
4.278487 0.4500 0.4470 0.4450 0.4430 0.4420
4.312000 0.4420 0.4400 0.4380 0.4330 0.4280
4.345487 0.4270 0.4280 0.4380 0.4400 0.4420
4.379000 0.4420 0.4450 0.4450 0.4470 0.4470
4.412487 0.4470 0.4480 0.4520 0.4530 0.4570
4.446000 0.4600 0.4600 0.4620 0.4630 0.4630
4.479487 0.4630 0.4650 0.4670 0.4690 0.4700
4.513000 0.4700 0.4720 0.4720 0.4720 0.4740
4.546487 0.4740 0.4740 0.4740 0.4740 0.4750
4.580000 0.4750 0.4770 0.4790 0.4790 0.4800
4.613487 0.4820 0.4820 0.4840 0.4840 0.4850
4.647000 0.4850 0.4870 0.4870 0.4890 0.4890
4.680487 0.4900 0.4900 0.4920 0.4940 0.4950
4.714000 0.4970 0.4970 0.4950 0.4990 0.4990
4.747487 0.4990 0.4990 0.5000 0.5000 0.5000
4.781000 0.5020 0.5020 0.5020 0.5040 0.5040
4.814487 0.5050 0.5050 0.5050 0.5070 0.5070
4.848000 0.5090 0.5090 0.5100 0.5100 0.5120
4.881487 0.5120 0.5120 0.5140 0.5140 0.5150
4.915000 0.5170 0.5190 0.5190 0.5200 0.5220
4.948487 0.5220 0.5240 0.5240 0.5250 0.5250
4.981000 0.5250 0.5250 0.5270 0.5270 0.5290
5.014487 0.5290 0.5300 0.5300 0.5320 0.5320
5.048000 0.5340 0.5340 0.5360 0.5370 0.5390
5.081487 0.5410 0.5410 0.5420 0.5420 0.5420
5.115000 0.5440 0.5460 0.5460 0.5470 0.5490
5.148487 0.5490 0.5510 0.5510 0.5510 0.5510
5.182000 0.5440 0.5220 0.5150 0.4920 0.4690
5.215487 0.4670 0.4690 0.4900 0.4950 0.5020
5.249000 0.5120 0.5170 0.5220 0.5240 0.5240
5.282487 0.5220 0.5200 0.5200 0.5220 0.5300
5.316000 0.5370 0.5420 0.5460 0.5470 0.5490
5.349487 0.5510 0.5540 0.5560 0.5620 0.5640
5.383000 0.5670 0.5670 0.5640 0.5390 0.5240
5.416487 0.5170 0.5150 0.5170 0.5220 0.5300
5.450000 0.5340 0.5360 0.5390 0.5420 0.5470
5.483487 0.5510 0.5620 0.5670 0.5720 0.5760
5.517000 0.5770 0.5810 0.5820 0.5840 0.5840
5.550487 0.5860 0.5870 0.5890 0.5910 0.5920
5.584000 0.5940 0.5940 0.5940 0.5960 0.5960
5.617487 0.5860 0.5760 0.5660 0.5250 0.5170
5.651000 0.5090 0.5020 0.5020 0.5000 0.5020
5.684487 0.5090 0.5190 0.5270 0.5370 0.5460
5.718000 0.5540 0.5620 0.5690 0.5840 0.5860
5.751487 0.5870 0.5890 0.5890 0.5890 0.5910
5.785000 0.5920 0.5970 0.5990 0.6030 0.6030
5.818487 0.5970 0.5690 0.5670 0.5710 0.5770
5.852000 0.5870 0.5870 0.5860 0.5710 0.5460
5.885487 0.5470 0.5520 0.5560 0.5640 0.5690
5.919000 0.5760 0.5760 0.5710 0.5560 0.5520
5.952487 0.5570 0.5810 0.5990 0.6080 0.6080
5.986000 0.5940 0.5860 0.5840 0.5870 0.5970
6.019487 0.6010 0.6010 0.5990 0.5940 0.5790
6.053000 0.5740 0.5720 0.5710 0.5710 0.5770
6.086487 0.5870 0.5870 0.5860 0.5690 0.5560
6.119000 0.5410 0.5520 0.5620 0.5890 0.5960
6.152487 0.5970 0.5970 0.5820 0.5820 0.5890
6.186000 0.5970 0.6040 0.6060 0.6060 0.6030
6.219487 0.6030 0.5970 0.5940 0.5790 0.5790
6.253000 0.5910 0.5940 0.5940 0.5920 0.5890
6.286487 0.5860 0.5740 0.5620 0.5560 0.5190
6.320000 0.5190 0.5240 0.5290 0.5360 0.5370
6.353487 0.5390 0.5420 0.5470 0.5520 0.5620
6.387000 0.5590 0.5570 0.5520 0.5270 0.5240
6.420487 0.5200 0.5250 0.5410 0.5560 0.5910
6.454000 0.5970 0.6080 0.6110 0.6130 0.6140
6.487487 0.6180 0.6360 0.6440 0.6480 0.6540
6.521000 0.6750 0.6760 0.6710 0.6660 0.6560
6.554487 0.6540 0.6510 0.6480 0.6440 0.6390
6.588000 0.6390 0.6440 0.6460 0.6480 0.6460
6.621487 0.6440 0.6430 0.6430 0.6460 0.6490
6.655000 0.6590 0.6700 0.6780 0.6780 0.6680
6.688487 0.6610 0.6540 0.6510 0.6480 0.6430
6.722000 0.6390 0.6380 0.6340 0.6280 0.6240
6.755487 0.6240 0.6110 0.5810 0.5810 0.5840
6.789000 0.6060 0.6240 0.6430 0.6540 0.6630
6.822487 0.6640 0.6610 0.6410 0.5990 0.5620
6.856000 0.5100 0.4850 0.4070 0.3500 0.3280
6.889487 0.3210 0.3110 0.3040 0.3040 0.3080
6.923000 0.3290 0.3400 0.3430 0.3430 0.3350
6.956487 0.2930 0.2240 0.2110 0.1940 0.1770
6.990000 0.1720 0.1620 0.1620 0.2120 0.2510
7.023487 0.2960 0.3330 0.3880 0.4230 0.4380
7.057000 0.4480 0.4580 0.4650 0.4700 0.4750
7.090487 0.4800 0.4870 0.4920 0.4990 0.5040
7.124000 0.5100 0.5150 0.5240 0.5460 0.5520
7.157487 0.5570 0.5760 0.5960 0.6110 0.6290
7.191000 0.6360 0.6390 0.6390 0.6390 0.6410
7.224487 0.6410 0.6440 0.6460 0.6510 0.6580
7.257000 0.6590 0.6580 0.6460 0.6310 0.6160
7.290487 0.5890 0.5240 0.4990 0.4650 0.4570
7.324000 0.4570 0.4630 0.5240 0.5370 0.5510
7.357487 0.6010 0.6280 0.6490 0.6640 0.6700
7.391000 0.6710 0.6760 0.6910 0.6980 0.7010
7.424487 0.7050 0.7080 0.7110 0.7130 0.7150
7.458000 0.7150 0.7160 0.7160 0.7180 0.7230
7.491487 0.7260 0.7260 0.7280 0.7300 0.7300
7.525000 0.7310 0.7330 0.7350 0.7350 0.7370
7.558487 0.7380 0.7400 0.7420 0.7420 0.7400
7.592000 0.7370 0.7330 0.7310 0.7300 0.7250
7.625487 0.7230 0.7230 0.7250 0.7310 0.7380
7.659000 0.7430 0.7470 0.7480 0.7480 0.7470
7.692487 0.7430 0.7370 0.7110 0.7000 0.6910
7.726000 0.6780 0.6760 0.6800 0.6910 0.7000
7.759487 0.7160 0.7260 0.7370 0.7430 0.7450
7.793000 0.7470 0.7570 0.7600 0.7580 0.7570
7.826487 0.7530 0.7480 0.7370 0.7180 0.6730
7.860000 0.6310 0.6260 0.5710 0.5420 0.5560
7.893487 0.5670 0.6010 0.6290 0.6490 0.6760
7.927000 0.6900 0.6950 0.7000 0.7150 0.7180
7.960487 0.7230 0.7260 0.7280 0.7260 0.7230
7.994000 0.6960 0.6910 0.6910 0.6960 0.7060
8.027487 0.7180 0.7300 0.7370 0.7420 0.7470
8.061000 0.7500 0.7550 0.7550 0.7570 0.7550
8.094487 0.7470 0.7310 0.6830 0.6190 0.4670
8.128000 0.4500 0.4500 0.4570 0.4990 0.5270
8.161487 0.5440 0.5540 0.5640 0.5840 0.5990
8.195000 0.6260 0.6490 0.6640 0.6850 0.6980
8.228487 0.7050 0.7130 0.7200 0.7300 0.7350
8.262000 0.7400 0.7450 0.7480 0.7520 0.7580
8.295487 0.7630 0.7680 0.7720 0.7730 0.7770
8.329000 0.7780 0.7800 0.7820 0.7820 0.7800
8.362487 0.7770 0.7750 0.7720 0.7700 0.7720
8.395000 0.7730 0.7780 0.7800 0.7820 0.7850
8.428487 0.7870 0.7880 0.7900 0.7920 0.7930
8.462000 0.7950 0.7970 0.7980 0.8000 0.8020
8.495487 0.8050 0.8090 0.8100 0.8150 0.8170
8.529000 0.8200 0.8220 0.8220 0.8240 0.8250
8.562487 0.8250 0.8240 0.8240 0.8220 0.8120
8.596000 0.7970 0.7570 0.6680 0.5840 0.4120
8.629487 0.3700 0.3600 0.3600 0.3850 0.4700
8.663000 0.5150 0.5470 0.5790 0.6110 0.6480
8.696487 0.6760 0.6950 0.7010 0.7200 0.7300
8.730000 0.7310 0.7330 0.7330 0.7310 0.7300
8.763487 0.7300 0.7280 0.7260 0.7260 0.7310
8.797000 0.7420 0.7470 0.7500 0.7530 0.7650
8.830487 0.7700 0.7720 0.7750 0.7770 0.7820
8.864000 0.7830 0.7870 0.7870 0.7900 0.7900
8.897487 0.7900 0.7920 0.7920 0.7930 0.7930
8.931000 0.7950 0.7950 0.7970 0.7970 0.7970
8.964487 0.7980 0.7980 0.7980 0.7970 0.7930
8.998000 0.7920 0.7650 0.7250 0.6880 0.6580
9.031487 0.6330 0.5860 0.5860 0.6080 0.6260
9.065000 0.6610 0.6880 0.7010 0.7280 0.7380
9.098487 0.7470 0.7520 0.7580 0.7670 0.7730
9.132000 0.7780 0.7780 0.7830 0.7870 0.7870
9.165487 0.7880 0.7880 0.7880 0.7870 0.7800
9.199000 0.7580 0.7480 0.7250 0.7210 0.7250
9.232487 0.7420 0.7550 0.7670 0.7730 0.7850
9.266000 0.7930 0.7950 0.7970 0.7980 0.8020
9.299487 0.8090 0.8090 0.8100 0.8150 0.8170
9.333000 0.8190 0.8200 0.8200 0.8220 0.8220
9.366487 0.8240 0.8240 0.8240 0.8240 0.8240
9.400000 0.8240 0.8240 0.8200 0.8190 0.8140
9.433487 0.8090 0.8000 0.7900 0.7730 0.7550
9.467000 0.7310 0.6980 0.6760 0.6730 0.6730
9.500487 0.6830 0.6980 0.7110 0.7480 0.7580
9.533000 0.7650 0.7700 0.7770 0.7820 0.7850
9.566487 0.7870 0.7880 0.7900 0.7900 0.7920
9.600000 0.7920 0.7900 0.7830 0.7800 0.7680
9.633487 0.7570 0.7450 0.7380 0.7350 0.7330
9.667000 0.7350 0.7420 0.7450 0.7450 0.7380
9.700487 0.7260 0.7060 0.6910 0.6760 0.6460
9.734000 0.6440 0.6460 0.6580 0.6910 0.7060
9.767487 0.7260 0.7550 0.7730 0.7930 0.7980
9.801000 0.8000 0.8090 0.8140 0.8190 0.8220
9.834487 0.8250 0.8270 0.8270 0.8290 0.8290
9.868000 0.8290 0.8300 0.8300 0.8300 0.8320
9.901487 0.8340 0.8350 0.8350 0.8390 0.8420
9.935000 0.8440 0.8450 0.8450 0.8440 0.8440
9.968487 0.8420 0.8420 0.8400 0.8400 0.8390
10.002000 0.8370 0.8250 0.8170 0.8070 0.7980
10.035487 0.7930 0.7310 0.7000 0.6800 0.6530
10.069000 0.6330 0.6260 0.6240 0.6280 0.6460
10.102487 0.6880 0.7250 0.7450 0.7670 0.7750
10.136000 0.7870 0.7930 0.7980 0.8020 0.8150
10.169487 0.8240 0.8300 0.8320 0.8350 0.8350
10.203000 0.8390 0.8420 0.8490 0.8490 0.8500
10.236487 0.8540 0.8550 0.8570 0.8550 0.8540
10.270000 0.8490 0.8440 0.8390 0.8240 0.8170
10.303487 0.8000 0.7870 0.7650 0.7520 0.7430
10.337000 0.7370 0.7310 0.7250 0.7210 0.7200
10.370487 0.7200 0.7230 0.7300 0.7500 0.7630
10.404000 0.7970 0.8020 0.8220 0.8300 0.8350
10.437487 0.8370 0.8420 0.8490 0.8540 0.8600
10.471000 0.8620 0.8600 0.8590 0.8550 0.8500
10.504487 0.8390 0.8240 0.8040 0.7680 0.7550
10.538000 0.7550 0.7580 0.7680 0.7870 0.7980
10.571487 0.8200 0.8320 0.8450 0.8470 0.8500
10.605000 0.8570 0.8620 0.8670 0.8710 0.8720
10.638487 0.8770 0.8790 0.8820 0.8840 0.8840
10.671000 0.8860 0.8860 0.8860 0.8870 0.8870
10.704487 0.8870 0.8890 0.8890 0.8890 0.8890
10.738000 0.8910 0.8920 0.8940 0.8940 0.8960
10.771487 0.8960 0.8940 0.8920 0.8910 0.8910
10.805000 0.8890 0.8890 0.8870 0.8840 0.8810
10.838487 0.8770 0.8690 0.8640 0.8540 0.8470
10.872000 0.8370 0.8350 0.8390 0.8500 0.8590
10.905487 0.8740 0.8770 0.8790 0.8810 0.8820
10.939000 0.8840 0.8870 0.8890 0.8890 0.8920
10.972487 0.8940 0.8940 0.8960 0.8960 0.8970
11.006000 0.8970 0.8960 0.8960 0.8960 0.8940
11.039487 0.8940 0.8920 0.8910 0.8910 0.8890
11.073000 0.8870 0.8860 0.8840 0.8820 0.8770
11.106487 0.8740 0.8710 0.8670 0.8550 0.8400
11.140000 0.8190 0.7970 0.7720 0.7430 0.7150
11.173487 0.6860 0.6580 0.6330 0.6290 0.6330
11.207000 0.6680 0.7030 0.7470 0.7680 0.7970
11.240487 0.7980 0.7970 0.7820 0.7480 0.6980
11.274000 0.6280 0.4580 0.4270 0.4250 0.4270
11.307487 0.4470 0.5170 0.5470 0.5770 0.6240
11.341000 0.6880 0.7380 0.7870 0.8000 0.8120
11.374487 0.8320 0.8450 0.8540 0.8590 0.8770
11.408000 0.8790 0.8810 0.8820 0.8870 0.8910
11.441487 0.8920 0.8940 0.8940 0.8970 0.8970
11.475000 0.8990 0.8990 0.9010 0.9010 0.9020
11.508487 0.9020 0.9020 0.9020 0.9040 0.9040
11.542000 0.9060 0.9060 0.9060 0.9060 0.9040
11.575487 0.9040 0.9040 0.9040 0.9040 0.9040
11.609000 0.9040 0.9020 0.9020 0.9010 0.9010
11.642487 0.8990 0.8990 0.8990 0.8990 0.8990
11.676000 0.8990 0.8990 0.8990 0.8970 0.8970
11.709487 0.8970 0.8970 0.8970 0.8970 0.8970
11.743000 0.8960 0.8960 0.8960 0.8940 0.8920
11.776487 0.8890 0.8870 0.8860 0.8860 0.8860
11.809000 0.8860 0.8840 0.8820 0.8810 0.8760
11.842487 0.8720 0.8710 0.8690 0.8690 0.8670
11.876000 0.8640 0.8640 0.8600 0.8600 0.8590
11.909487 0.8550 0.8540 0.8540 0.8500 0.8450
11.943000 0.8440 0.8440 0.8400 0.8370 0.8340
11.976487 0.8290 0.8200 0.8170 0.8150 0.8100
12.010000 0.8070 0.8020 0.7970 0.7880 0.7820
12.043487 0.7720 0.7670 0.7500 0.7450 0.7310
12.077000 0.7150 0.6950 0.6660 0.6540 0.5970
12.110487 0.5720 0.5520 0.4870 0.4450 0.3980
12.144000 0.3480 0.2960 0.2440 0.1940 0.1470
12.177487 0.1030 0.1020 0.0700 0.0670 0.0630
12.211000 0.0600 0.0600 0.0580 0.0560 0.0560
12.244487 0.0550 0.0550 0.0550 0.0550 0.0550
12.278000 0.0550 0.0550 0.0560 0.0580 0.0600
12.311487 0.0630 0.0670 0.0780 0.0950 0.1050
12.345000 0.1150 0.1390 0.1620 0.1870 0.2110
12.378487 0.2320 0.2490 0.2930 0.3160 0.3380
12.412000 0.3810 0.4330 0.4530 0.4670 0.5020
12.445487 0.5270 0.5470 0.5570 0.5660 0.5920
12.479000 0.6080 0.6240 0.6460 0.6630 0.6880
12.512487 0.7010 0.7160 0.7450 0.7550 0.7670
12.546000 0.7720 0.7780 0.7930 0.8000 0.8070
12.579487 0.8100 0.8140 0.8140 0.8100 0.8090
12.613000 0.8040 0.8040 0.8020 0.8020 0.8040
12.646487 0.8100 0.8200 0.8300 0.8390 0.8500
12.680000 0.8670 0.8710 0.8770 0.8840 0.8890
12.713487 0.8990 0.9010 0.9090 0.9120 0.9140
12.747000 0.9160 0.9190 0.9210 0.9220 0.9220
12.780487 0.9190 0.9190 0.9160 0.9040 0.8970
12.814000 0.8690 0.8320 0.7780 0.7310 0.6930
12.847487 0.6430 0.6140 0.5990 0.5970 0.5990
12.881000 0.6190 0.6460 0.6680 0.6900 0.7000
12.914487 0.7010 0.7000 0.6560 0.6410 0.6010
12.947000 0.5200 0.4990 0.4890 0.4670 0.4630
12.980487 0.4690 0.4940 0.5090 0.5300 0.5470
13.014000 0.5620 0.5990 0.6410 0.6830 0.6960
13.047487 0.7180 0.7480 0.7650 0.7780 0.7850
13.081000 0.7950 0.7980 0.8090 0.8100 0.8120
13.114487 0.8140 0.8150 0.8120 0.8040 0.7970
13.148000 0.7920 0.7650 0.7570 0.7480 0.7180
13.181487 0.6590 0.6010 0.4970 0.4430 0.3980
13.215000 0.3350 0.2810 0.2420 0.1990 0.1770
13.248487 0.1740 0.1740 0.1770 0.2210 0.2730
13.282000 0.3260 0.3930 0.4230 0.4570 0.4870
13.315487 0.5270 0.5370 0.5460 0.5540 0.5570
13.349000 0.5590 0.5560 0.4870 0.4500 0.4050
13.382487 0.3730 0.3460 0.3280 0.3260 0.3280
13.416000 0.3450 0.3700 0.4020 0.4430 0.4970
13.449487 0.5300 0.5520 0.5740 0.6130 0.6460
13.483000 0.6700 0.7080 0.7280 0.7520 0.7730
13.516487 0.7880 0.8000 0.8240 0.8350 0.8490
13.550000 0.8550 0.8620 0.8670 0.8720 0.8810
13.583487 0.8860 0.8890 0.8940 0.8970 0.9040
13.617000 0.9110 0.9160 0.9240 0.9270 0.9290
13.650487 0.9320 0.9380 0.9390 0.9410 0.9430
13.684000 0.9440 0.9460 0.9480 0.9480 0.9490
13.717487 0.9510 0.9530 0.9530 0.9530 0.9530
13.751000 0.9530 0.9530 0.9530 0.9530 0.9510
13.784487 0.9490 0.9480 0.9360 0.9270 0.9170
13.818000 0.9060 0.8960 0.8810 0.8670 0.8520
13.851487 0.8100 0.7700 0.7500 0.7200 0.6640
13.885000 0.5920 0.4530 0.4080 0.3560 0.2990
13.918487 0.2590 0.2090 0.1750 0.1490 0.1340
13.952000 0.1220 0.1180 0.1170 0.1180 0.1390
13.985487 0.1650 0.1940 0.2140 0.2460 0.3140
14.019000 0.3930 0.4300 0.4700 0.4950 0.5190
14.052487 0.5470 0.5590 0.5690 0.5940 0.6330
14.085000 0.6640 0.6880 0.7100 0.7280 0.7480
14.118487 0.7780 0.7930 0.8020 0.8090 0.8170
14.152000 0.8240 0.8340 0.8490 0.8600 0.8690
14.185487 0.8770 0.8790 0.8810 0.8810 0.8820
14.219000 0.8840 0.8860 0.8860 0.8840 0.8810
14.252487 0.8770 0.8590 0.8490 0.8220 0.8020
14.286000 0.7680 0.7200 0.6610 0.5990 0.4350
14.319487 0.3650 0.3080 0.2810 0.2440 0.2040
14.353000 0.1800 0.1620 0.1550 0.1540 0.1540
14.386487 0.1590 0.1800 0.2120 0.2590 0.3130
14.420000 0.3480 0.3860 0.4120 0.4330 0.4570
14.453487 0.4790 0.5090 0.5370 0.5460 0.5520
14.487000 0.5640 0.5960 0.6190 0.6460 0.6630
14.520487 0.6760 0.7030 0.7130 0.7210 0.7420
14.554000 0.7580 0.7620 0.7670 0.7700 0.7770
14.587487 0.7930 0.7980 0.8000 0.8020 0.8040
14.621000 0.8120 0.8190 0.8220 0.8270 0.8320
14.654487 0.8370 0.8390 0.8420 0.8470 0.8490
14.688000 0.8500 0.8520 0.8540 0.8570 0.8640
14.721487 0.8690 0.8710 0.8720 0.8720 0.8740
14.755000 0.8740 0.8760 0.8810 0.8840 0.8840
14.788487 0.8860 0.8870 0.8870 0.8870 0.8890
14.822000 0.8890 0.8910 0.8910 0.8940 0.8970
14.855487 0.8990 0.9010 0.9020 0.9040 0.9040
14.889000 0.9060 0.9060 0.9070 0.9090 0.9090
14.922487 0.9120 0.9120 0.9140 0.9140 0.9140
14.956000 0.9160 0.9160 0.9170 0.9170 0.9170
14.989487 0.9170 0.9170 0.9160 0.9110 0.9070
15.023000 0.9060 0.9060 0.9060 0.9070 0.9090
15.056487 0.9090 0.9110 0.9120 0.9140 0.9160
15.090000 0.9170 0.9210 0.9220 0.9240 0.9260
15.123487 0.9270 0.9290 0.9310 0.9320 0.9340
15.157000 0.9340 0.9360 0.9360 0.9360 0.9380
15.190487 0.9380 0.9380 0.9380 0.9380 0.9380
15.223000 0.9380 0.9380 0.9380 0.9390 0.9410
15.256487 0.9410 0.9410 0.9410 0.9410 0.9410
15.290000 0.9410 0.9410 0.9390 0.9390 0.9380
15.323487 0.9360 0.9360 0.9360 0.9340 0.9340
15.357000 0.9340 0.9340 0.9340 0.9340 0.9340
15.390487 0.9360 0.9380 0.9410 0.9410 0.9410
15.424000 0.9410 0.9430 0.9430 0.9430 0.9430
15.457487 0.9430 0.9410 0.9410 0.9410 0.9410
15.491000 0.9410 0.9410 0.9430 0.9430 0.9430
15.524487 0.9440 0.9440 0.9440 0.9440 0.9430
15.558000 0.9430 0.9410 0.9410 0.9430 0.9440
15.591487 0.9440 0.9460 0.9480 0.9480 0.9490
15.625000 0.9490 0.9490 0.9490 0.9490 0.9510
15.658487 0.9510 0.9510 0.9530 0.9530 0.9530
15.692000 0.9530 0.9530 0.9530 0.9530 0.9530
15.725487 0.9530 0.9540 0.9540 0.9540 0.9540
15.759000 0.9530 0.9530 0.9510 0.9510 0.9490
15.792487 0.9490 0.9510 0.9530 0.9540 0.9540
15.826000 0.9540 0.9540 0.9540 0.9540 0.9540
15.859487 0.9540 0.9530 0.9530 0.9530 0.9530
15.893000 0.9510 0.9490 0.9480 0.9460 0.9440
15.926487 0.9440 0.9430 0.9430
##END=
