##TITLE=PROPANOIC ACID, 2,2-DIMETHYL-, ETHYL ESTER
##JCAMP-DX=4.24
##DATA TYPE=INFRARED SPECTRUM
##CLASS=COBLENTZ III
##ORIGIN=STANDARD OIL OF OHIO
##OWNER=COBLENTZ SOCIETY
Collection (C) 2018 copyright by the U.S. Secretary of Commerce
on behalf of the United States of America. All rights reserved.
##DATE=1971/04/13
##NAMES=ethyl pivalate
##CAS REGISTRY NO=3938-95-2
##MOLFORM=C7 H14 O2
##SOURCE REFERENCE=COBLENTZ NO. 10174
##$NIST SOURCE=COBLENTZ
##$NIST IMAGE=cob10174
##SPECTROMETER/DATA SYSTEM=PERKIN-ELMER 521 (GRATING)
##INSTRUMENT PARAMETERS=FILTERS AT 3150, 2500, 2000, 1150, 700, 410 AND GRATING CHANGES AT 2000, 630 CM^-^1
##STATE=LIQUID (NEAT)
##PATH LENGTH=SMEAR, KBr CRYSTALS
##SAMPLING PROCEDURE=TRANSMISSION
##RESOLUTION=4
##DATA PROCESSING=DIGITIZED BY NIST FROM HARD COPY (FROM TWO SEGMENTS)
##XUNITS=1/CM
##YUNITS=TRANSMITTANCE
##XFACTOR=1.000000
##YFACTOR=1
##DELTAX=0.954085
##FIRSTX=244.484
##LASTX=3900.54
##FIRSTY=0.048
##MAXX=3900.54
##MINX=244.484
##MAXY=0.878
##MINY=0.048
##NPOINTS=3833
##XYDATA=(X++(Y..Y))
244.484000 0.0480 0.0480 0.0500 0.0500 0.0500
249.254424 0.0500 0.0500 0.0510 0.0510 0.0510
254.024848 0.0510 0.0520 0.0530 0.0540 0.0540
258.795272 0.0550 0.0550 0.0570 0.0580 0.0590
263.565696 0.0590 0.0600 0.0610 0.0630 0.0640
268.336120 0.0650 0.0660 0.0660 0.0670 0.0700
273.106543 0.0710 0.0720 0.0760 0.0790 0.0790
277.876967 0.0800 0.0800 0.0820 0.0820 0.0800
282.647391 0.0800 0.0790 0.0780 0.0770 0.0780
287.417815 0.0790 0.0820 0.0860 0.0880 0.0890
292.188239 0.0910 0.0920 0.0940 0.1010 0.1030
296.958663 0.1090 0.1140 0.1150 0.1170 0.1210
301.729087 0.1250 0.1270 0.1280 0.1280 0.1270
306.499511 0.1270 0.1280 0.1280 0.1300 0.1390
311.269935 0.1470 0.1480 0.1530 0.1580 0.1650
316.040359 0.1660 0.1660 0.1670 0.1670 0.1720
320.810783 0.1780 0.1860 0.1920 0.2000 0.2030
325.581207 0.2040 0.2050 0.2080 0.2090 0.2090
330.351630 0.2100 0.2130 0.2170 0.2190 0.2270
335.122054 0.2380 0.2470 0.2540 0.2580 0.2590
339.892478 0.2640 0.2730 0.2830 0.2880 0.2960
344.662902 0.3030 0.3070 0.3140 0.3160 0.3269
349.433326 0.3350 0.3480 0.3580 0.3650 0.3720
354.203750 0.3770 0.3800 0.3840 0.3880 0.3900
358.974174 0.3920 0.3950 0.3970 0.3980 0.4030
363.744598 0.4090 0.4100 0.4130 0.4160 0.4190
368.515022 0.4200 0.4270 0.4350 0.4410 0.4480
373.285446 0.4500 0.4570 0.4650 0.4769 0.4860
378.055870 0.4970 0.5020 0.5040 0.5130 0.5210
382.826293 0.5270 0.5320 0.5390 0.5470 0.5530
387.596717 0.5600 0.5630 0.5630 0.5640 0.5670
392.367141 0.5730 0.5760 0.5770 0.5790 0.5850
397.137565 0.5920 0.6030 0.6160 0.6260 0.6320
401.907989 0.6380 0.6410 0.6460 0.6500 0.6530
406.678413 0.6570 0.6570 0.6610 0.6660 0.6710
411.448837 0.6760 0.6820 0.6840 0.6910 0.6960
416.219261 0.6980 0.7010 0.7070 0.7090 0.7130
420.989685 0.7200 0.7280 0.7350 0.7360 0.7360
425.760109 0.7360 0.7400 0.7400 0.7420 0.7440
430.530533 0.7440 0.7470 0.7480 0.7500 0.7520
435.300957 0.7530 0.7540 0.7540 0.7550 0.7570
440.071380 0.7570 0.7570 0.7580 0.7580 0.7590
444.841804 0.7600 0.7640 0.7670 0.7700 0.7750
449.612228 0.7770 0.7820 0.7890 0.7920 0.7950
454.382652 0.7960 0.7980 0.8070 0.8110 0.8140
459.153076 0.8150 0.8160 0.8190 0.8210 0.8210
463.923500 0.8230 0.8250 0.8270 0.8300 0.8330
468.693924 0.8330 0.8340 0.8350 0.8360 0.8380
473.464348 0.8390 0.8400 0.8410 0.8420 0.8420
478.234772 0.8440 0.8440 0.8450 0.8460 0.8460
483.005196 0.8460 0.8470 0.8470 0.8470 0.8470
487.775620 0.8500 0.8500 0.8500 0.8510 0.8510
492.546043 0.8500 0.8500 0.8500 0.8500 0.8500
497.316467 0.8480 0.8470 0.8470 0.8460 0.8450
502.086891 0.8450 0.8440 0.8440 0.8420 0.8400
506.857315 0.8330 0.8210 0.8090 0.8030 0.8020
511.627739 0.8020 0.8030 0.8100 0.8200 0.8320
516.398163 0.8340 0.8400 0.8450 0.8500 0.8510
521.168587 0.8590 0.8600 0.8610 0.8610 0.8630
525.939011 0.8640 0.8640 0.8640 0.8640 0.8640
530.709435 0.8690 0.8700 0.8700 0.8700 0.8700
535.479859 0.8700 0.8710 0.8710 0.8710 0.8710
540.250283 0.8720 0.8720 0.8710 0.8710 0.8710
545.020707 0.8710 0.8710 0.8710 0.8710 0.8720
549.791130 0.8730 0.8730 0.8730 0.8720 0.8720
554.561554 0.8720 0.8720 0.8730 0.8730 0.8730
559.331978 0.8730 0.8730 0.8730 0.8750 0.8750
564.102402 0.8730 0.8730 0.8730 0.8730 0.8730
568.872826 0.8730 0.8730 0.8730 0.8720 0.8720
573.643250 0.8720 0.8720 0.8710 0.8710 0.8710
578.413674 0.8700 0.8700 0.8700 0.8690 0.8660
583.184098 0.8650 0.8630 0.8600 0.8580 0.8520
587.954522 0.8480 0.8420 0.8340 0.8160 0.8000
592.724946 0.7950 0.7950 0.8010 0.8219 0.8329
597.495370 0.8420 0.8470 0.8510 0.8570 0.8640
602.265793 0.8690 0.8710 0.8720 0.8720 0.8720
607.036217 0.8730 0.8730 0.8750 0.8750 0.8760
611.806641 0.8760 0.8760 0.8760 0.8760 0.8770
616.577065 0.8770 0.8770 0.8770 0.8770 0.8770
621.347489 0.8760 0.8760 0.8760 0.8770 0.8770
626.117913 0.8760 0.8760 0.8760 0.8760 0.8770
630.888337 0.8770 0.8780 0.8780 0.8750 0.8730
635.658761 0.8710 0.8700 0.8690 0.8690 0.8690
640.429185 0.8690 0.8690 0.8670 0.8670 0.8690
645.199609 0.8700 0.8700 0.8700 0.8710 0.8710
649.970033 0.8710 0.8720 0.8720 0.8720 0.8720
654.740457 0.8720 0.8720 0.8720 0.8720 0.8720
659.510880 0.8720 0.8720 0.8720 0.8720 0.8720
664.281304 0.8720 0.8720 0.8720 0.8720 0.8710
669.051728 0.8710 0.8710 0.8710 0.8720 0.8730
673.822152 0.8730 0.8730 0.8730 0.8730 0.8720
678.592576 0.8670 0.8600 0.8600 0.8710 0.8710
683.363000 0.8700 0.8700 0.8700 0.8700 0.8700
688.133424 0.8710 0.8720 0.8720 0.8710 0.8710
692.903848 0.8720 0.8720 0.8720 0.8720 0.8730
697.674272 0.8730 0.8750 0.8730 0.8750 0.8730
702.444696 0.8720 0.8720 0.8720 0.8720 0.8720
707.215120 0.8720 0.8720 0.8720 0.8720 0.8710
711.985543 0.8710 0.8720 0.8720 0.8720 0.8720
716.755967 0.8720 0.8720 0.8720 0.8720 0.8720
721.526391 0.8720 0.8720 0.8720 0.8720 0.8720
726.296815 0.8720 0.8720 0.8720 0.8710 0.8700
731.067239 0.8700 0.8720 0.8720 0.8710 0.8700
735.837663 0.8700 0.8700 0.8700 0.8710 0.8700
740.608087 0.8700 0.8700 0.8690 0.8670 0.8670
745.378511 0.8660 0.8650 0.8640 0.8640 0.8640
750.148935 0.8630 0.8610 0.8600 0.8580 0.8570
754.919359 0.8570 0.8550 0.8550 0.8540 0.8530
759.689783 0.8510 0.8480 0.8450 0.8400 0.8360
764.460207 0.8280 0.8140 0.8030 0.7920 0.7830
769.230630 0.7700 0.7530 0.7290 0.6971 0.6541
774.001054 0.6440 0.6440 0.6470 0.6749 0.6999
778.771478 0.7260 0.7510 0.7690 0.7959 0.8130
783.541902 0.8230 0.8290 0.8340 0.8360 0.8400
788.312326 0.8440 0.8450 0.8470 0.8480 0.8500
793.082750 0.8500 0.8500 0.8500 0.8500 0.8510
797.853174 0.8510 0.8500 0.8500 0.8480 0.8480
802.623598 0.8500 0.8500 0.8500 0.8510 0.8510
807.394022 0.8500 0.8500 0.8500 0.8480 0.8460
812.164446 0.8450 0.8440 0.8420 0.8420 0.8420
816.934870 0.8420 0.8420 0.8440 0.8460 0.8480
821.705293 0.8500 0.8510 0.8510 0.8520 0.8530
826.475717 0.8550 0.8570 0.8580 0.8580 0.8580
831.246141 0.8580 0.8580 0.8580 0.8580 0.8570
836.016565 0.8570 0.8550 0.8540 0.8540 0.8530
840.786989 0.8520 0.8510 0.8500 0.8500 0.8480
845.557413 0.8470 0.8470 0.8460 0.8460 0.8440
850.327837 0.8410 0.8380 0.8320 0.8250 0.8190
855.098261 0.8100 0.8030 0.7940 0.7800 0.7670
859.868685 0.7500 0.7331 0.7151 0.6901 0.6711
864.639109 0.6650 0.6650 0.6690 0.6770 0.6910
869.409533 0.7080 0.7279 0.7509 0.7719 0.7909
874.179957 0.8030 0.8140 0.8230 0.8300 0.8340
878.950380 0.8380 0.8400 0.8410 0.8440 0.8460
883.720804 0.8470 0.8470 0.8470 0.8460 0.8460
888.491228 0.8460 0.8450 0.8450 0.8440 0.8410
893.261652 0.8400 0.8390 0.8340 0.8320 0.8300
898.032076 0.8290 0.8290 0.8290 0.8290 0.8290
902.802500 0.8300 0.8300 0.8300 0.8300 0.8320
907.572924 0.8330 0.8340 0.8350 0.8380 0.8390
912.343348 0.8460 0.8480 0.8500 0.8510 0.8520
917.113772 0.8530 0.8530 0.8540 0.8540 0.8540
921.884196 0.8530 0.8530 0.8520 0.8520 0.8520
926.654620 0.8520 0.8520 0.8520 0.8510 0.8510
931.425043 0.8500 0.8470 0.8440 0.8360 0.8300
936.195467 0.8220 0.8130 0.8000 0.7890 0.7850
940.965891 0.7850 0.7860 0.7950 0.8000 0.8100
945.736315 0.8190 0.8280 0.8320 0.8340 0.8390
950.506739 0.8410 0.8440 0.8450 0.8460 0.8500
955.277163 0.8500 0.8500 0.8500 0.8500 0.8500
960.047587 0.8510 0.8510 0.8530 0.8540 0.8540
964.818011 0.8550 0.8550 0.8550 0.8550 0.8550
969.588435 0.8550 0.8550 0.8550 0.8550 0.8550
974.358859 0.8550 0.8550 0.8550 0.8550 0.8550
979.129283 0.8540 0.8540 0.8530 0.8530 0.8520
983.899707 0.8510 0.8510 0.8520 0.8520 0.8510
988.670130 0.8500 0.8460 0.8420 0.8410 0.8410
993.440554 0.8400 0.8400 0.8390 0.8390 0.8350
998.210978 0.8320 0.8290 0.8270 0.8220 0.8190
1002.981402 0.8130 0.8050 0.7980 0.7920 0.7860
1007.751826 0.7800 0.7760 0.7720 0.7690 0.7580
1012.522250 0.7460 0.7360 0.7260 0.7170 0.7100
1017.292674 0.7020 0.6910 0.6800 0.6670 0.6520
1022.063098 0.6301 0.6290 0.6290 0.6300 0.6340
1026.833522 0.6390 0.6390 0.6360 0.6360 0.6330
1031.603946 0.6290 0.6111 0.5971 0.5691 0.5382
1036.374370 0.5100 0.4850 0.4551 0.4281 0.4190
1041.144793 0.4190 0.4220 0.4389 0.4599 0.4849
1045.915217 0.5190 0.5500 0.5700 0.5830 0.6139
1050.685641 0.6439 0.6669 0.6859 0.7029 0.7159
1055.456065 0.7260 0.7350 0.7440 0.7510 0.7580
1060.226489 0.7630 0.7760 0.7800 0.7900 0.7910
1064.996913 0.7920 0.7920 0.7940 0.7950 0.7950
1069.767337 0.7960 0.7960 0.7950 0.7920 0.7920
1074.537761 0.7910 0.7910 0.7890 0.7880 0.7860
1079.308185 0.7850 0.7840 0.7840 0.7830 0.7770
1084.078609 0.7760 0.7760 0.7700 0.7610 0.7530
1088.849033 0.7480 0.7420 0.7330 0.7221 0.7130
1093.619457 0.7010 0.6890 0.6730 0.6610 0.6580
1098.389880 0.6580 0.6630 0.6660 0.6720 0.6780
1103.160304 0.6820 0.6860 0.6880 0.6860 0.6850
1107.930728 0.6820 0.6790 0.6780 0.6760 0.6700
1112.701152 0.6630 0.6530 0.6520 0.6520 0.6530
1117.471576 0.6540 0.6610 0.6690 0.6750 0.6770
1122.242000 0.6780 0.6770 0.6760 0.6730 0.6700
1127.012424 0.6640 0.6570 0.6480 0.6351 0.6270
1131.782848 0.6130 0.5960 0.5780 0.5600 0.5420
1136.553272 0.5231 0.5031 0.4821 0.4601 0.4252
1141.323696 0.3890 0.3540 0.3200 0.2891 0.2591
1146.094120 0.2351 0.2141 0.1981 0.1731 0.1501
1150.864543 0.1190 0.1160 0.1160 0.1170 0.1190
1155.634967 0.1200 0.1230 0.1250 0.1270 0.1290
1160.405391 0.1350 0.1410 0.1470 0.1510 0.1520
1165.175815 0.1550 0.1570 0.1610 0.1630 0.1630
1169.946239 0.1640 0.1640 0.1630 0.1630 0.1610
1174.716663 0.1600 0.1590 0.1590 0.1600 0.1600
1179.487087 0.1630 0.1710 0.1880 0.2090 0.2270
1184.257511 0.2469 0.2719 0.2969 0.3259 0.3539
1189.027935 0.3790 0.3980 0.4200 0.4380 0.4530
1193.798359 0.4690 0.4830 0.4969 0.5089 0.5209
1198.568783 0.5330 0.5440 0.5530 0.5630 0.5720
1203.339207 0.5800 0.5880 0.5950 0.6000 0.6020
1208.109630 0.6080 0.6100 0.6110 0.6150 0.6200
1212.880054 0.6280 0.6300 0.6330 0.6410 0.6470
1217.650478 0.6510 0.6540 0.6600 0.6630 0.6650
1222.420902 0.6660 0.6690 0.6700 0.6710 0.6720
1227.191326 0.6700 0.6690 0.6670 0.6670 0.6690
1231.961750 0.6730 0.6770 0.6800 0.6840 0.6900
1236.732174 0.6950 0.7010 0.7050 0.7100 0.7200
1241.502598 0.7270 0.7320 0.7360 0.7400 0.7410
1246.273022 0.7440 0.7450 0.7460 0.7470 0.7470
1251.043446 0.7460 0.7460 0.7450 0.7420 0.7400
1255.813870 0.7350 0.7290 0.7270 0.7230 0.7190
1260.584293 0.7150 0.7100 0.7050 0.6980 0.6920
1265.354717 0.6850 0.6770 0.6670 0.6580 0.6500
1270.125141 0.6380 0.6250 0.6091 0.5941 0.5781
1274.895565 0.5610 0.5450 0.5250 0.4961 0.4691
1279.665989 0.4202 0.4001 0.3542 0.3112 0.2822
1284.436413 0.2400 0.2190 0.1980 0.1970 0.1980
1289.206837 0.2110 0.2259 0.2539 0.2839 0.3148
1293.977261 0.3470 0.3770 0.4040 0.4290 0.4480
1298.747685 0.4600 0.4750 0.4899 0.5039 0.5169
1303.518109 0.5300 0.5440 0.5580 0.5730 0.5880
1308.288533 0.6030 0.6190 0.6339 0.6479 0.6639
1313.058957 0.6790 0.6940 0.7070 0.7200 0.7320
1317.829380 0.7420 0.7500 0.7570 0.7630 0.7670
1322.599804 0.7720 0.7770 0.7820 0.7850 0.7910
1327.370228 0.7950 0.8010 0.8040 0.8050 0.8070
1332.140652 0.8110 0.8130 0.8140 0.8150 0.8160
1336.911076 0.8160 0.8170 0.8170 0.8170 0.8170
1341.681500 0.8170 0.8170 0.8170 0.8170 0.8160
1346.451924 0.8140 0.8130 0.8110 0.8100 0.8080
1351.222348 0.8020 0.7970 0.7950 0.7900 0.7840
1355.992772 0.7780 0.7710 0.7630 0.7510 0.7351
1360.763196 0.7150 0.6900 0.6590 0.6221 0.5761
1365.533620 0.5441 0.5191 0.5170 0.5190 0.5220
1370.304043 0.5330 0.5540 0.5690 0.5850 0.6109
1375.074467 0.6349 0.6649 0.6899 0.7029 0.7050
1379.844891 0.7070 0.7070 0.7050 0.7030 0.6960
1384.615315 0.6820 0.6581 0.6451 0.6231 0.5912
1389.385739 0.5600 0.5590 0.5600 0.5700 0.5830
1394.156163 0.6039 0.6110 0.6100 0.5951 0.5860
1398.926587 0.5480 0.5460 0.5500 0.5730 0.5790
1403.697011 0.5890 0.6169 0.6449 0.6749 0.7009
1408.467435 0.7220 0.7300 0.7400 0.7500 0.7600
1413.237859 0.7610 0.7630 0.7670 0.7770 0.7780
1418.008283 0.7780 0.7780 0.7760 0.7760 0.7800
1422.778707 0.7820 0.7830 0.7830 0.7770 0.7750
1427.549130 0.7720 0.7720 0.7700 0.7690 0.7660
1432.319554 0.7650 0.7640 0.7600 0.7580 0.7550
1437.089978 0.7510 0.7380 0.7230 0.7190 0.7170
1441.860402 0.7100 0.7000 0.6900 0.6781 0.6641
1446.630826 0.6510 0.6350 0.6220 0.6080 0.5960
1451.401250 0.5950 0.5950 0.5960 0.5960 0.5950
1456.171674 0.5910 0.5640 0.5470 0.5260 0.5190
1460.942098 0.5150 0.5100 0.5080 0.5050 0.5050
1465.712522 0.5070 0.5150 0.5190 0.5260 0.5360
1470.482946 0.5480 0.5729 0.5750 0.5750 0.5710
1475.253370 0.5640 0.5580 0.5480 0.5210 0.4861
1480.023793 0.4710 0.4211 0.3891 0.3352 0.3231
1484.794217 0.3230 0.3320 0.3700 0.4299 0.4959
1489.564641 0.5499 0.5849 0.6219 0.6579 0.6749
1494.335065 0.6850 0.6970 0.7090 0.7230 0.7360
1499.105489 0.7500 0.7630 0.7730 0.7820 0.7880
1503.875913 0.7920 0.7980 0.8040 0.8100 0.8150
1508.646337 0.8230 0.8250 0.8260 0.8270 0.8300
1513.416761 0.8330 0.8330 0.8330 0.8340 0.8340
1518.187185 0.8340 0.8340 0.8350 0.8360 0.8350
1522.957609 0.8330 0.8330 0.8340 0.8350 0.8350
1527.728033 0.8350 0.8350 0.8350 0.8360 0.8360
1532.498457 0.8340 0.8300 0.8250 0.8200 0.8160
1537.268880 0.8160 0.8140 0.8110 0.8100 0.8110
1542.039304 0.8140 0.8140 0.8160 0.8190 0.8220
1546.809728 0.8260 0.8300 0.8330 0.8340 0.8340
1551.580152 0.8380 0.8400 0.8400 0.8410 0.8420
1556.350576 0.8420 0.8440 0.8440 0.8440 0.8440
1561.121000 0.8420 0.8440 0.8470 0.8470 0.8470
1565.891424 0.8470 0.8470 0.8500 0.8520 0.8530
1570.661848 0.8530 0.8510 0.8510 0.8520 0.8520
1575.432272 0.8520 0.8520 0.8510 0.8510 0.8510
1580.202696 0.8520 0.8520 0.8510 0.8510 0.8520
1584.973120 0.8530 0.8540 0.8540 0.8530 0.8520
1589.743543 0.8510 0.8500 0.8510 0.8520 0.8520
1594.513967 0.8520 0.8520 0.8520 0.8520 0.8520
1599.284391 0.8520 0.8520 0.8510 0.8500 0.8480
1604.054815 0.8470 0.8460 0.8460 0.8450 0.8450
1608.825239 0.8450 0.8450 0.8450 0.8450 0.8450
1613.595663 0.8450 0.8450 0.8450 0.8440 0.8420
1618.366087 0.8440 0.8440 0.8440 0.8440 0.8440
1623.136511 0.8440 0.8450 0.8450 0.8450 0.8450
1627.906935 0.8440 0.8420 0.8420 0.8440 0.8450
1632.677359 0.8450 0.8450 0.8450 0.8440 0.8420
1637.447783 0.8420 0.8420 0.8420 0.8440 0.8440
1642.218207 0.8440 0.8420 0.8420 0.8420 0.8410
1646.988630 0.8400 0.8400 0.8400 0.8390 0.8390
1651.759054 0.8380 0.8360 0.8350 0.8350 0.8350
1656.529478 0.8360 0.8380 0.8380 0.8390 0.8390
1661.299902 0.8360 0.8330 0.8290 0.8250 0.8250
1666.070326 0.8250 0.8230 0.8220 0.8210 0.8140
1670.840750 0.8090 0.8070 0.8050 0.8050 0.8040
1675.611174 0.8020 0.7960 0.7950 0.7940 0.7910
1680.381598 0.7880 0.7820 0.7770 0.7750 0.7700
1685.152022 0.7590 0.7420 0.7380 0.7360 0.7340
1689.922446 0.7250 0.7170 0.7160 0.7160 0.7160
1694.692870 0.7150 0.7150 0.7140 0.7070 0.7050
1699.463293 0.7030 0.6970 0.6900 0.6790 0.6730
1704.233717 0.6720 0.6710 0.6640 0.6470 0.6360
1709.004141 0.6290 0.6220 0.6130 0.5961 0.5781
1713.774565 0.5650 0.5570 0.5380 0.4961 0.4521
1718.544989 0.4091 0.3721 0.3441 0.3271 0.3101
1723.315413 0.2770 0.2450 0.2150 0.1860 0.1600
1728.085837 0.1390 0.1201 0.1051 0.1010 0.0960
1732.856261 0.0880 0.0880 0.1050 0.1150 0.1160
1737.626685 0.1160 0.1170 0.1319 0.1569 0.1898
1742.397109 0.2130 0.2330 0.2590 0.2939 0.3269
1747.167533 0.3529 0.3690 0.4148 0.4528 0.4839
1751.937957 0.5110 0.5330 0.5510 0.5650 0.5770
1756.708380 0.5860 0.5960 0.6159 0.6329 0.6479
1761.478804 0.6580 0.6700 0.6770 0.6890 0.6970
1766.249228 0.7050 0.7110 0.7220 0.7320 0.7350
1771.019652 0.7380 0.7440 0.7500 0.7520 0.7570
1775.790076 0.7610 0.7670 0.7710 0.7760 0.7780
1780.560500 0.7800 0.7800 0.7820 0.7830 0.7850
1785.330924 0.7880 0.7910 0.7920 0.7950 0.7960
1790.101348 0.7970 0.8030 0.8050 0.8070 0.8080
1794.871772 0.8100 0.8130 0.8140 0.8140 0.8150
1799.642196 0.8150 0.8160 0.8170 0.8170 0.8160
1804.412620 0.8170 0.8220 0.8280 0.8300 0.8320
1809.183043 0.8330 0.8330 0.8340 0.8350 0.8350
1813.953467 0.8350 0.8360 0.8390 0.8410 0.8420
1818.723891 0.8440 0.8450 0.8450 0.8450 0.8460
1823.494315 0.8460 0.8480 0.8510 0.8530 0.8550
1828.264739 0.8570 0.8570 0.8570 0.8570 0.8580
1833.035163 0.8590 0.8590 0.8590 0.8590 0.8590
1837.805587 0.8600 0.8600 0.8610 0.8630 0.8630
1842.576011 0.8630 0.8630 0.8630 0.8630 0.8640
1847.346435 0.8640 0.8640 0.8640 0.8640 0.8640
1852.116859 0.8640 0.8640 0.8640 0.8630 0.8630
1856.887283 0.8630 0.8610 0.8610 0.8610 0.8610
1861.657707 0.8600 0.8600 0.8600 0.8600 0.8590
1866.428130 0.8590 0.8570 0.8550 0.8540 0.8530
1871.198554 0.8540 0.8550 0.8550 0.8550 0.8550
1875.968978 0.8550 0.8550 0.8550 0.8550 0.8550
1880.739402 0.8570 0.8580 0.8580 0.8590 0.8590
1885.509826 0.8590 0.8590 0.8600 0.8600 0.8600
1890.280250 0.8600 0.8600 0.8600 0.8600 0.8600
1895.050674 0.8590 0.8570 0.8570 0.8570 0.8570
1899.821098 0.8570 0.8570 0.8570 0.8570 0.8570
1904.591522 0.8570 0.8570 0.8570 0.8580 0.8580
1909.361946 0.8580 0.8580 0.8580 0.8590 0.8590
1914.132370 0.8600 0.8600 0.8600 0.8600 0.8600
1918.902793 0.8600 0.8600 0.8600 0.8600 0.8610
1923.673217 0.8610 0.8600 0.8610 0.8610 0.8630
1928.443641 0.8630 0.8630 0.8630 0.8630 0.8630
1933.214065 0.8640 0.8640 0.8640 0.8640 0.8650
1937.984489 0.8660 0.8670 0.8670 0.8660 0.8610
1942.754913 0.8600 0.8650 0.8650 0.8640 0.8640
1947.525337 0.8640 0.8640 0.8650 0.8650 0.8650
1952.295761 0.8650 0.8650 0.8650 0.8650 0.8650
1957.066185 0.8640 0.8640 0.8630 0.8640 0.8660
1961.836609 0.8660 0.8660 0.8660 0.8660 0.8660
1966.607033 0.8650 0.8650 0.8660 0.8660 0.8660
1971.377457 0.8660 0.8660 0.8660 0.8660 0.8660
1976.147880 0.8660 0.8660 0.8660 0.8650 0.8640
1980.918304 0.8650 0.8660 0.8660 0.8660 0.8660
1985.688728 0.8660 0.8660 0.8660 0.8650 0.8650
1990.459152 0.8650 0.8650 0.8640 0.8640 0.8640
1995.229576 0.8640 0.8640 0.8630 0.8630 0.8630
2000.000000 0.8610 0.8605 0.8600 0.8590 0.8580
2004.770424 0.8575 0.8570 0.8560 0.8550 0.8550
2009.540848 0.8550 0.8550 0.8550 0.8560 0.8570
2014.311272 0.8570 0.8570 0.8575 0.8580 0.8580
2019.081696 0.8580 0.8580 0.8580 0.8580 0.8580
2023.852120 0.8585 0.8590 0.8590 0.8590 0.8595
2028.622543 0.8600 0.8600 0.8600 0.8600 0.8600
2033.392967 0.8600 0.8600 0.8600 0.8600 0.8605
2038.163391 0.8610 0.8619 0.8629 0.8630 0.8630
2042.933815 0.8630 0.8630 0.8639 0.8649 0.8650
2047.704239 0.8650 0.8650 0.8650 0.8650 0.8650
2052.474663 0.8645 0.8640 0.8640 0.8640 0.8645
2057.245087 0.8650 0.8650 0.8650 0.8655 0.8660
2062.015511 0.8660 0.8660 0.8665 0.8669 0.8670
2066.785935 0.8670 0.8670 0.8670 0.8670 0.8670
2071.556359 0.8670 0.8670 0.8679 0.8689 0.8690
2076.326783 0.8690 0.8694 0.8699 0.8700 0.8700
2081.097207 0.8704 0.8709 0.8710 0.8710 0.8706
2085.867630 0.8701 0.8700 0.8700 0.8704 0.8709
2090.638054 0.8706 0.8701 0.8700 0.8700 0.8700
2095.408478 0.8700 0.8700 0.8700 0.8700 0.8700
2100.178902 0.8700 0.8700 0.8700 0.8700 0.8700
2104.949326 0.8700 0.8700 0.8700 0.8700 0.8700
2109.719750 0.8700 0.8700 0.8700 0.8700 0.8700
2114.490174 0.8700 0.8704 0.8709 0.8710 0.8710
2119.260598 0.8710 0.8710 0.8710 0.8710 0.8710
2124.031022 0.8710 0.8710 0.8710 0.8706 0.8701
2128.801446 0.8700 0.8700 0.8696 0.8691 0.8682
2133.571870 0.8672 0.8666 0.8661 0.8656 0.8651
2138.342293 0.8646 0.8641 0.8640 0.8640 0.8640
2143.112717 0.8640 0.8640 0.8640 0.8640 0.8640
2147.883141 0.8644 0.8649 0.8654 0.8659 0.8660
2152.653565 0.8660 0.8660 0.8660 0.8660 0.8660
2157.423989 0.8660 0.8660 0.8660 0.8660 0.8660
2162.194413 0.8660 0.8660 0.8660 0.8660 0.8660
2166.964837 0.8660 0.8660 0.8660 0.8660 0.8660
2171.735261 0.8660 0.8660 0.8660 0.8664 0.8669
2176.505685 0.8670 0.8670 0.8670 0.8670 0.8670
2181.276109 0.8670 0.8670 0.8670 0.8677 0.8687
2186.046533 0.8690 0.8690 0.8690 0.8690 0.8690
2190.816957 0.8690 0.8694 0.8699 0.8700 0.8700
2195.587380 0.8704 0.8709 0.8710 0.8710 0.8714
2200.357804 0.8718 0.8720 0.8720 0.8717 0.8712
2205.128228 0.8710 0.8710 0.8710 0.8710 0.8710
2209.898652 0.8710 0.8710 0.8710 0.8710 0.8710
2214.669076 0.8710 0.8710 0.8710 0.8710 0.8710
2219.439500 0.8710 0.8710 0.8710 0.8710 0.8710
2224.209924 0.8710 0.8710 0.8710 0.8710 0.8710
2228.980348 0.8710 0.8710 0.8710 0.8710 0.8710
2233.750772 0.8710 0.8710 0.8710 0.8710 0.8710
2238.521196 0.8710 0.8713 0.8718 0.8720 0.8720
2243.291620 0.8720 0.8720 0.8720 0.8720 0.8720
2248.062043 0.8720 0.8720 0.8720 0.8720 0.8720
2252.832467 0.8717 0.8712 0.8710 0.8710 0.8710
2257.602891 0.8710 0.8710 0.8710 0.8710 0.8710
2262.373315 0.8710 0.8710 0.8707 0.8702 0.8700
2267.143739 0.8700 0.8700 0.8700 0.8700 0.8700
2271.914163 0.8697 0.8692 0.8690 0.8690 0.8690
2276.684587 0.8690 0.8684 0.8674 0.8667 0.8662
2281.455011 0.8657 0.8652 0.8647 0.8642 0.8640
2286.225435 0.8640 0.8640 0.8640 0.8640 0.8640
2290.995859 0.8637 0.8632 0.8630 0.8630 0.8630
2295.766283 0.8630 0.8633 0.8638 0.8640 0.8640
2300.536707 0.8637 0.8632 0.8625 0.8615 0.8610
2305.307130 0.8610 0.8610 0.8610 0.8610 0.8610
2310.077554 0.8610 0.8610 0.8610 0.8610 0.8610
2314.847978 0.8610 0.8610 0.8610 0.8610 0.8610
2319.618402 0.8610 0.8610 0.8610 0.8610 0.8615
2324.388826 0.8625 0.8633 0.8638 0.8637 0.8632
2329.159250 0.8630 0.8630 0.8630 0.8630 0.8630
2333.929674 0.8630 0.8630 0.8630 0.8632 0.8637
2338.700098 0.8640 0.8640 0.8640 0.8640 0.8640
2343.470522 0.8640 0.8640 0.8640 0.8640 0.8640
2348.240946 0.8640 0.8640 0.8640 0.8640 0.8640
2353.011370 0.8640 0.8640 0.8640 0.8642 0.8647
2357.781793 0.8650 0.8650 0.8652 0.8657 0.8660
2362.552217 0.8660 0.8662 0.8667 0.8675 0.8685
2367.322641 0.8690 0.8690 0.8690 0.8690 0.8692
2372.093065 0.8697 0.8700 0.8700 0.8700 0.8700
2376.863489 0.8700 0.8700 0.8702 0.8707 0.8710
2381.633913 0.8710 0.8708 0.8703 0.8700 0.8700
2386.404337 0.8698 0.8693 0.8690 0.8690 0.8690
2391.174761 0.8690 0.8690 0.8690 0.8690 0.8690
2395.945185 0.8690 0.8690 0.8690 0.8690 0.8686
2400.715609 0.8676 0.8674 0.8684 0.8690 0.8690
2405.486033 0.8690 0.8690 0.8690 0.8690 0.8690
2410.256457 0.8690 0.8690 0.8690 0.8690 0.8690
2415.026880 0.8690 0.8690 0.8690 0.8690 0.8690
2419.797304 0.8690 0.8690 0.8690 0.8690 0.8690
2424.567728 0.8690 0.8690 0.8690 0.8690 0.8690
2429.338152 0.8690 0.8690 0.8690 0.8690 0.8690
2434.108576 0.8690 0.8690 0.8687 0.8677 0.8670
2438.879000 0.8670 0.8670 0.8670 0.8674 0.8684
2443.649424 0.8690 0.8690 0.8690 0.8690 0.8690
2448.419848 0.8690 0.8690 0.8690 0.8690 0.8690
2453.190272 0.8690 0.8690 0.8690 0.8690 0.8690
2457.960696 0.8690 0.8690 0.8690 0.8687 0.8677
2462.731120 0.8670 0.8670 0.8668 0.8663 0.8660
2467.501543 0.8660 0.8660 0.8660 0.8662 0.8667
2472.271967 0.8670 0.8670 0.8670 0.8670 0.8670
2477.042391 0.8670 0.8668 0.8664 0.8660 0.8660
2481.812815 0.8660 0.8660 0.8660 0.8660 0.8660
2486.583239 0.8660 0.8660 0.8660 0.8660 0.8660
2491.353663 0.8660 0.8660 0.8660 0.8660 0.8660
2496.124087 0.8660 0.8660 0.8660 0.8660 0.8660
2500.894511 0.8661 0.8666 0.8670 0.8670 0.8670
2505.664935 0.8670 0.8670 0.8670 0.8670 0.8670
2510.435359 0.8669 0.8664 0.8660 0.8660 0.8660
2515.205783 0.8660 0.8660 0.8660 0.8660 0.8660
2519.976207 0.8660 0.8660 0.8660 0.8660 0.8660
2524.746630 0.8660 0.8661 0.8666 0.8670 0.8670
2529.517054 0.8669 0.8664 0.8660 0.8660 0.8660
2534.287478 0.8660 0.8660 0.8660 0.8659 0.8654
2539.057902 0.8650 0.8650 0.8650 0.8650 0.8650
2543.828326 0.8650 0.8650 0.8650 0.8650 0.8650
2548.598750 0.8650 0.8650 0.8650 0.8650 0.8650
2553.369174 0.8650 0.8649 0.8644 0.8640 0.8640
2558.139598 0.8640 0.8640 0.8640 0.8640 0.8640
2562.910022 0.8640 0.8640 0.8640 0.8640 0.8640
2567.680446 0.8640 0.8640 0.8640 0.8640 0.8640
2572.450870 0.8640 0.8640 0.8640 0.8640 0.8640
2577.221293 0.8640 0.8640 0.8640 0.8640 0.8639
2581.991717 0.8634 0.8629 0.8619 0.8610 0.8610
2586.762141 0.8610 0.8610 0.8610 0.8610 0.8609
2591.532565 0.8604 0.8600 0.8600 0.8600 0.8600
2596.302989 0.8600 0.8600 0.8601 0.8606 0.8610
2601.073413 0.8610 0.8610 0.8610 0.8610 0.8610
2605.843837 0.8610 0.8610 0.8610 0.8610 0.8610
2610.614261 0.8610 0.8610 0.8610 0.8611 0.8621
2615.384685 0.8630 0.8630 0.8630 0.8630 0.8630
2620.155109 0.8630 0.8630 0.8630 0.8630 0.8630
2624.925533 0.8630 0.8630 0.8630 0.8630 0.8630
2629.695957 0.8630 0.8630 0.8630 0.8630 0.8630
2634.466380 0.8630 0.8630 0.8629 0.8619 0.8610
2639.236804 0.8610 0.8610 0.8610 0.8610 0.8610
2644.007228 0.8610 0.8610 0.8610 0.8610 0.8610
2648.777652 0.8610 0.8611 0.8621 0.8630 0.8630
2653.548076 0.8630 0.8635 0.8640 0.8640 0.8640
2658.318500 0.8640 0.8640 0.8640 0.8640 0.8640
2663.088924 0.8640 0.8640 0.8640 0.8640 0.8640
2667.859348 0.8640 0.8640 0.8640 0.8640 0.8640
2672.629772 0.8640 0.8640 0.8640 0.8635 0.8630
2677.400196 0.8630 0.8630 0.8620 0.8610 0.8620
2682.170620 0.8630 0.8635 0.8640 0.8640 0.8640
2686.941043 0.8640 0.8640 0.8640 0.8640 0.8640
2691.711467 0.8640 0.8635 0.8630 0.8630 0.8630
2696.481891 0.8620 0.8610 0.8610 0.8610 0.8610
2701.252315 0.8610 0.8605 0.8600 0.8600 0.8600
2706.022739 0.8595 0.8590 0.8590 0.8590 0.8590
2710.793163 0.8590 0.8590 0.8590 0.8585 0.8580
2715.563587 0.8566 0.8551 0.8536 0.8521 0.8515
2720.334011 0.8510 0.8510 0.8510 0.8510 0.8510
2725.104435 0.8510 0.8510 0.8510 0.8510 0.8510
2729.874859 0.8510 0.8510 0.8510 0.8515 0.8520
2734.645283 0.8520 0.8520 0.8520 0.8520 0.8520
2739.415707 0.8520 0.8520 0.8520 0.8520 0.8520
2744.186130 0.8515 0.8510 0.8510 0.8510 0.8510
2748.956554 0.8510 0.8510 0.8510 0.8510 0.8510
2753.726978 0.8510 0.8510 0.8510 0.8510 0.8510
2758.497402 0.8510 0.8510 0.8510 0.8510 0.8510
2763.267826 0.8510 0.8510 0.8510 0.8510 0.8506
2768.038250 0.8501 0.8500 0.8500 0.8500 0.8500
2772.808674 0.8504 0.8509 0.8510 0.8510 0.8510
2777.579098 0.8510 0.8506 0.8501 0.8500 0.8500
2782.349522 0.8500 0.8500 0.8500 0.8500 0.8500
2787.119946 0.8500 0.8492 0.8482 0.8476 0.8471
2791.890370 0.8466 0.8461 0.8460 0.8460 0.8460
2796.660793 0.8460 0.8456 0.8451 0.8446 0.8441
2801.431217 0.8432 0.8422 0.8416 0.8411 0.8402
2806.201641 0.8392 0.8374 0.8354 0.8350 0.8350
2810.972065 0.8350 0.8350 0.8346 0.8341 0.8340
2815.742489 0.8340 0.8332 0.8322 0.8320 0.8320
2820.512913 0.8312 0.8302 0.8300 0.8300 0.8296
2825.283337 0.8291 0.8278 0.8263 0.8248 0.8233
2830.053761 0.8226 0.8221 0.8220 0.8220 0.8216
2834.824185 0.8211 0.8206 0.8201 0.8196 0.8191
2839.594609 0.8171 0.8146 0.8125 0.8105 0.8073
2844.365033 0.8038 0.8003 0.7968 0.7952 0.7942
2849.135457 0.7925 0.7905 0.7859 0.7804 0.7768
2853.905880 0.7738 0.7708 0.7678 0.7637 0.7592
2858.676304 0.7543 0.7493 0.7420 0.7341 0.7253
2863.446728 0.7164 0.7070 0.6975 0.6859 0.6734
2868.217152 0.6588 0.6433 0.6242 0.6038 0.5801
2872.987576 0.5552 0.5444 0.5395 0.5380 0.5380
2877.758000 0.5401 0.5431 0.5515 0.5620 0.5703
2882.528424 0.5778 0.5853 0.5928 0.5985 0.6035
2887.298848 0.6071 0.6101 0.6117 0.6127 0.6130
2892.069272 0.6130 0.6120 0.6105 0.6100 0.6100
2896.839696 0.6090 0.6075 0.6036 0.5986 0.5908
2901.610120 0.5819 0.5691 0.5547 0.5395 0.5241
2906.380543 0.5116 0.5007 0.4953 0.4928 0.4920
2911.150967 0.4920 0.4930 0.4945 0.4979 0.5024
2915.921391 0.5073 0.5123 0.5170 0.5215 0.5246
2920.691815 0.5271 0.5283 0.5288 0.5290 0.5290
2925.462239 0.5287 0.5282 0.5223 0.5133 0.5062
2930.232663 0.5002 0.4936 0.4866 0.4762 0.4638
2935.003087 0.4525 0.4419 0.4367 0.4347 0.4340
2939.773511 0.4340 0.4346 0.4356 0.4397 0.4457
2944.543935 0.4501 0.4536 0.4583 0.4638 0.4663
2949.314359 0.4668 0.4667 0.4662 0.4615 0.4541
2954.084783 0.4415 0.4253 0.4084 0.3909 0.3747
2958.855207 0.3592 0.3459 0.3339 0.3234 0.3139
2963.625630 0.3071 0.3021 0.2983 0.2953 0.2900
2968.396054 0.2830 0.2774 0.2729 0.2682 0.2632
2973.166478 0.2582 0.2531 0.2472 0.2408 0.2348
2977.936902 0.2294 0.2270 0.2270 0.2276 0.2286
2982.707326 0.2315 0.2360 0.2424 0.2504 0.2589
2987.477750 0.2679 0.2788 0.2913 0.3064 0.3239
2992.248174 0.3414 0.3591 0.3783 0.3987 0.4194
2997.018598 0.4404 0.4546 0.4631 0.4726 0.4831
3001.789022 0.4970 0.5140 0.5330 0.5540 0.5786
3006.559446 0.6065 0.6270 0.6404 0.6516 0.6606
3011.329870 0.6714 0.6840 0.6937 0.7006 0.7094
3016.100293 0.7199 0.7283 0.7348 0.7413 0.7478
3020.870717 0.7540 0.7600 0.7652 0.7697 0.7747
3025.641141 0.7802 0.7850 0.7889 0.7934 0.7984
3030.411565 0.8027 0.8062 0.8095 0.8125 0.8157
3035.181989 0.8192 0.8215 0.8225 0.8240 0.8260
3039.952413 0.8275 0.8285 0.8292 0.8297 0.8314
3044.722837 0.8344 0.8365 0.8375 0.8380 0.8380
3049.493261 0.8382 0.8387 0.8392 0.8397 0.8402
3054.263685 0.8407 0.8412 0.8417 0.8420 0.8420
3059.034109 0.8420 0.8420 0.8424 0.8434 0.8442
3063.804533 0.8447 0.8450 0.8450 0.8450 0.8450
3068.574957 0.8452 0.8457 0.8460 0.8460 0.8462
3073.345380 0.8467 0.8470 0.8470 0.8470 0.8470
3078.115804 0.8470 0.8470 0.8470 0.8470 0.8470
3082.886228 0.8470 0.8470 0.8470 0.8470 0.8470
3087.656652 0.8472 0.8477 0.8480 0.8480 0.8478
3092.427076 0.8473 0.8468 0.8463 0.8460 0.8460
3097.197500 0.8460 0.8460 0.8462 0.8467 0.8472
3101.967924 0.8477 0.8478 0.8473 0.8470 0.8470
3106.738348 0.8470 0.8470 0.8470 0.8470 0.8470
3111.508772 0.8470 0.8470 0.8470 0.8470 0.8470
3116.279196 0.8472 0.8477 0.8484 0.8494 0.8500
3121.049620 0.8500 0.8500 0.8500 0.8497 0.8487
3125.820043 0.8480 0.8480 0.8480 0.8480 0.8484
3130.590467 0.8493 0.8503 0.8513 0.8522 0.8527
3135.360891 0.8528 0.8523 0.8520 0.8520 0.8518
3140.131315 0.8513 0.8505 0.8490 0.8478 0.8473
3144.901739 0.8470 0.8470 0.8470 0.8470 0.8468
3149.672163 0.8463 0.8462 0.8467 0.8472 0.8477
3154.442587 0.8478 0.8473 0.8470 0.8470 0.8469
3159.213011 0.8464 0.8459 0.8454 0.8450 0.8450
3163.983435 0.8449 0.8444 0.8440 0.8440 0.8440
3168.753859 0.8440 0.8440 0.8440 0.8440 0.8440
3173.524283 0.8440 0.8440 0.8440 0.8440 0.8440
3178.294707 0.8440 0.8440 0.8440 0.8440 0.8440
3183.065130 0.8440 0.8440 0.8440 0.8440 0.8440
3187.835554 0.8440 0.8440 0.8440 0.8440 0.8440
3192.605978 0.8440 0.8440 0.8440 0.8440 0.8440
3197.376402 0.8440 0.8440 0.8440 0.8440 0.8440
3202.146826 0.8440 0.8440 0.8440 0.8440 0.8440
3206.917250 0.8440 0.8440 0.8440 0.8440 0.8440
3211.687674 0.8438 0.8428 0.8422 0.8432 0.8440
3216.458098 0.8440 0.8440 0.8440 0.8440 0.8440
3221.228522 0.8440 0.8440 0.8440 0.8440 0.8440
3225.998946 0.8440 0.8440 0.8440 0.8440 0.8440
3230.769370 0.8440 0.8440 0.8441 0.8446 0.8450
3235.539793 0.8450 0.8450 0.8450 0.8450 0.8450
3240.310217 0.8450 0.8450 0.8450 0.8450 0.8451
3245.080641 0.8456 0.8460 0.8460 0.8460 0.8460
3249.851065 0.8460 0.8460 0.8461 0.8466 0.8470
3254.621489 0.8470 0.8471 0.8476 0.8480 0.8480
3259.391913 0.8480 0.8480 0.8480 0.8480 0.8480
3264.162337 0.8480 0.8480 0.8480 0.8480 0.8480
3268.932761 0.8480 0.8480 0.8481 0.8491 0.8500
3273.703185 0.8500 0.8500 0.8500 0.8500 0.8500
3278.473609 0.8499 0.8489 0.8480 0.8480 0.8480
3283.244033 0.8480 0.8481 0.8491 0.8500 0.8500
3288.014457 0.8500 0.8500 0.8499 0.8489 0.8480
3292.784880 0.8480 0.8480 0.8480 0.8480 0.8480
3297.555304 0.8480 0.8480 0.8480 0.8480 0.8480
3302.325728 0.8480 0.8480 0.8475 0.8470 0.8470
3307.096152 0.8470 0.8470 0.8470 0.8470 0.8470
3311.866576 0.8465 0.8460 0.8465 0.8470 0.8470
3316.637000 0.8470 0.8470 0.8470 0.8470 0.8470
3321.407424 0.8465 0.8460 0.8460 0.8460 0.8460
3326.177848 0.8460 0.8460 0.8460 0.8460 0.8460
3330.948272 0.8460 0.8460 0.8455 0.8450 0.8450
3335.718696 0.8450 0.8450 0.8450 0.8455 0.8460
3340.489120 0.8460 0.8460 0.8460 0.8460 0.8460
3345.259543 0.8460 0.8460 0.8460 0.8460 0.8460
3350.029967 0.8460 0.8460 0.8460 0.8460 0.8460
3354.800391 0.8460 0.8455 0.8450 0.8445 0.8440
3359.570815 0.8445 0.8450 0.8450 0.8450 0.8450
3364.341239 0.8450 0.8450 0.8450 0.8445 0.8440
3369.111663 0.8445 0.8450 0.8450 0.8450 0.8450
3373.882087 0.8450 0.8450 0.8450 0.8450 0.8450
3378.652511 0.8450 0.8450 0.8450 0.8450 0.8450
3383.422935 0.8450 0.8450 0.8450 0.8450 0.8450
3388.193359 0.8455 0.8460 0.8460 0.8460 0.8460
3392.963783 0.8460 0.8465 0.8470 0.8470 0.8470
3397.734207 0.8475 0.8480 0.8475 0.8470 0.8470
3402.504630 0.8470 0.8470 0.8470 0.8470 0.8470
3407.275054 0.8465 0.8460 0.8455 0.8450 0.8450
3412.045478 0.8450 0.8450 0.8450 0.8450 0.8450
3416.815902 0.8450 0.8450 0.8450 0.8450 0.8450
3421.586326 0.8450 0.8445 0.8440 0.8440 0.8440
3426.356750 0.8431 0.8421 0.8411 0.8401 0.8396
3431.127174 0.8391 0.8390 0.8390 0.8376 0.8361
3435.897598 0.8346 0.8331 0.8317 0.8302 0.8291
3440.668022 0.8281 0.8276 0.8271 0.8252 0.8232
3445.438446 0.8226 0.8221 0.8224 0.8229 0.8243
3450.208870 0.8258 0.8277 0.8298 0.8318 0.8338
3454.979293 0.8349 0.8359 0.8360 0.8360 0.8373
3459.749717 0.8388 0.8399 0.8409 0.8414 0.8419
3464.520141 0.8429 0.8438 0.8444 0.8449 0.8450
3469.290565 0.8450 0.8450 0.8450 0.8454 0.8459
3474.060989 0.8464 0.8469 0.8474 0.8479 0.8480
3478.831413 0.8480 0.8488 0.8498 0.8500 0.8500
3483.601837 0.8504 0.8509 0.8510 0.8510 0.8510
3488.372261 0.8510 0.8510 0.8510 0.8510 0.8510
3493.142685 0.8510 0.8510 0.8510 0.8510 0.8510
3497.913109 0.8510 0.8506 0.8501 0.8504 0.8509
3502.683533 0.8510 0.8510 0.8510 0.8510 0.8510
3507.453957 0.8510 0.8510 0.8510 0.8510 0.8510
3512.224380 0.8510 0.8510 0.8510 0.8510 0.8506
3516.994804 0.8501 0.8500 0.8500 0.8500 0.8500
3521.765228 0.8500 0.8500 0.8489 0.8474 0.8470
3526.535652 0.8470 0.8470 0.8470 0.8470 0.8470
3531.306076 0.8470 0.8470 0.8470 0.8470 0.8470
3536.076500 0.8470 0.8466 0.8461 0.8460 0.8460
3540.846924 0.8460 0.8460 0.8460 0.8460 0.8456
3545.617348 0.8451 0.8450 0.8450 0.8446 0.8441
3550.387772 0.8440 0.8440 0.8440 0.8440 0.8444
3555.158196 0.8449 0.8450 0.8450 0.8450 0.8450
3559.928620 0.8450 0.8450 0.8450 0.8450 0.8450
3564.699043 0.8450 0.8439 0.8424 0.8427 0.8437
3569.469467 0.8447 0.8457 0.8467 0.8477 0.8480
3574.239891 0.8480 0.8487 0.8497 0.8500 0.8500
3579.010315 0.8500 0.8500 0.8500 0.8500 0.8500
3583.780739 0.8500 0.8500 0.8500 0.8500 0.8500
3588.551163 0.8503 0.8508 0.8513 0.8518 0.8520
3593.321587 0.8520 0.8520 0.8520 0.8520 0.8520
3598.092011 0.8520 0.8520 0.8520 0.8520 0.8520
3602.862435 0.8520 0.8517 0.8512 0.8507 0.8502
3607.632859 0.8500 0.8500 0.8494 0.8484 0.8480
3612.403283 0.8480 0.8480 0.8480 0.8480 0.8480
3617.173707 0.8480 0.8480 0.8480 0.8480 0.8480
3621.944130 0.8480 0.8480 0.8480 0.8477 0.8472
3626.714554 0.8470 0.8470 0.8473 0.8478 0.8480
3631.484978 0.8480 0.8480 0.8480 0.8486 0.8496
3636.255402 0.8494 0.8484 0.8480 0.8480 0.8477
3641.025826 0.8472 0.8467 0.8462 0.8454 0.8444
3645.796250 0.8440 0.8440 0.8443 0.8448 0.8453
3650.566674 0.8458 0.8460 0.8460 0.8466 0.8476
3655.337098 0.8486 0.8496 0.8503 0.8508 0.8513
3660.107522 0.8518 0.8520 0.8520 0.8520 0.8520
3664.877946 0.8523 0.8528 0.8533 0.8538 0.8529
3669.648370 0.8509 0.8494 0.8484 0.8480 0.8480
3674.418793 0.8485 0.8495 0.8500 0.8500 0.8500
3679.189217 0.8500 0.8503 0.8508 0.8513 0.8518
3683.959641 0.8520 0.8520 0.8520 0.8520 0.8509
3688.730065 0.8489 0.8485 0.8495 0.8503 0.8508
3693.500489 0.8515 0.8525 0.8533 0.8538 0.8540
3698.270913 0.8540 0.8543 0.8548 0.8550 0.8550
3703.041337 0.8545 0.8535 0.8530 0.8530 0.8530
3707.811761 0.8530 0.8530 0.8530 0.8530 0.8530
3712.582185 0.8532 0.8537 0.8542 0.8547 0.8550
3717.352609 0.8550 0.8550 0.8550 0.8548 0.8543
3722.123033 0.8540 0.8540 0.8538 0.8533 0.8532
3726.893457 0.8537 0.8538 0.8533 0.8530 0.8530
3731.663880 0.8528 0.8523 0.8520 0.8520 0.8518
3736.434304 0.8513 0.8512 0.8517 0.8525 0.8535
3741.204728 0.8538 0.8533 0.8528 0.8523 0.8518
3745.975152 0.8513 0.8508 0.8503 0.8500 0.8500
3750.745576 0.8502 0.8507 0.8514 0.8524 0.8532
3755.516000 0.8537 0.8540 0.8540 0.8540 0.8540
3760.286424 0.8540 0.8540 0.8542 0.8547 0.8550
3765.056848 0.8550 0.8548 0.8543 0.8540 0.8540
3769.827272 0.8540 0.8540 0.8538 0.8533 0.8530
3774.597696 0.8530 0.8530 0.8530 0.8532 0.8537
3779.368120 0.8540 0.8540 0.8540 0.8540 0.8540
3784.138543 0.8540 0.8540 0.8540 0.8540 0.8540
3788.908967 0.8538 0.8533 0.8530 0.8530 0.8530
3793.679391 0.8530 0.8528 0.8523 0.8520 0.8520
3798.449815 0.8518 0.8513 0.8510 0.8510 0.8510
3803.220239 0.8510 0.8510 0.8510 0.8510 0.8510
3807.990663 0.8510 0.8510 0.8513 0.8523 0.8530
3812.761087 0.8530 0.8528 0.8523 0.8516 0.8507
3817.531511 0.8500 0.8500 0.8497 0.8487 0.8480
3822.301935 0.8480 0.8483 0.8493 0.8500 0.8500
3827.072359 0.8500 0.8500 0.8500 0.8500 0.8500
3831.842783 0.8500 0.8500 0.8500 0.8500 0.8500
3836.613207 0.8500 0.8500 0.8500 0.8500 0.8500
3841.383630 0.8500 0.8502 0.8507 0.8513 0.8523
3846.154054 0.8530 0.8530 0.8527 0.8517 0.8509
3850.924478 0.8504 0.8491 0.8461 0.8437 0.8427
3855.694902 0.8426 0.8446 0.8463 0.8473 0.8483
3860.465326 0.8493 0.8501 0.8506 0.8511 0.8516
3865.235750 0.8519 0.8514 0.8510 0.8510 0.8510
3870.006174 0.8510 0.8510 0.8510 0.8510 0.8510
3874.776598 0.8510 0.8510 0.8510 0.8510 0.8510
3879.547022 0.8510 0.8510 0.8510 0.8511 0.8516
3884.317446 0.8519 0.8514 0.8510 0.8510 0.8510
3889.087870 0.8510 0.8510 0.8510 0.8510 0.8510
3893.858293 0.8510 0.8510 0.8510 0.8510 0.8510
3898.628717 0.8510 0.8510 0.8510
##END=
