##TITLE=NEOABIETIC ACID
##JCAMP-DX=4.24
$$ By DXEDIT 1.05 (RS McDonald)
##DATA TYPE=INFRARED SPECTRUM
##CLASS=COBLENTZ III
##ORIGIN=DOW CHEMICAL COMPANY
##OWNER=COBLENTZ SOC.
Collection (C) 2018 copyright by the U.S. Secretary of Commerce
on behalf of the United States of America. All rights reserved.
##DATE=1969/11/21
##NAMES=abieta-8(14),13(15)-dien-18-oic acid
##CAS REGISTRY NO=471-77-2
##MOLFORM=C20 H30 O2
##SOURCE REFERENCE=COBLENTZ NO. 06082
##$NIST SOURCE=COBLENTZ
##$NIST IMAGE=cob6082
##SPECTROMETER/DATA SYSTEM=PERKIN-ELMER 521 (GRATING)
##INSTRUMENT PARAMETERS=FILTERS AT 3150, 2500, 2000, 1150, 700, 410. GRATING CHANGES: 2000, 630
##STATE=SOLID (KBr DISC DRIED IN VACUUM DESICCATOR)
$$ HIGH PURITY PREP. NAVAL STORES LABORATORY, [Alpha]^25/D = +161.5 (2% IN ETHANOL)
$$ SPECTRAL FEATURE AT 670 CM^-^1 IS AN ARTIFACT CAUSED BY GRATING CHANGE
##SAMPLING PROCEDURE=TRANSMISSION
##RESOLUTION=2
##DATA PROCESSING=DIGITIZED BY COBLENTZ SOCIETY (BATCH I) FROM HARD COPY
##XUNITS=1/CM
##YUNITS=TRANSMITTANCE
##XLABEL=Wavenumbers (cm-1)
##YLABEL=Transmittance
##XFACTOR=1
##YFACTOR=1
##DELTAX=1
##FIRSTX=3800
##LASTX=241
##FIRSTY=0.501
##MAXX=3800
##MINX=241
##MAXY=1.0001
##MINY=0.0284
##NPOINTS=3560
##XYDATA=(X++(Y..Y))
3800.000000 0.5010 0.5010 0.5012 0.5012 0.5014
3795.000000 0.5015 0.5016 0.5016 0.5017 0.5018
3790.000000 0.5019 0.5020 0.5021 0.5022 0.5023
3785.000000 0.5023 0.5024 0.5025 0.5026 0.5027
3780.000000 0.5028 0.5029 0.5030 0.5030 0.5031
3775.000000 0.5032 0.5033 0.5034 0.5035 0.5036
3770.000000 0.5037 0.5037 0.5038 0.5039 0.5040
3765.000000 0.5041 0.5042 0.5043 0.5044 0.5045
3760.000000 0.5047 0.5048 0.5050 0.5052 0.5054
3755.000000 0.5056 0.5058 0.5059 0.5060 0.5062
3750.000000 0.5065 0.5067 0.5069 0.5070 0.5072
3745.000000 0.5074 0.5076 0.5077 0.5079 0.5081
3740.000000 0.5083 0.5085 0.5087 0.5088 0.5090
3735.000000 0.5092 0.5094 0.5096 0.5098 0.5099
3730.000000 0.5101 0.5103 0.5105 0.5107 0.5109
3725.000000 0.5110 0.5112 0.5114 0.5116 0.5118
3720.000000 0.5120 0.5121 0.5123 0.5125 0.5128
3715.000000 0.5130 0.5133 0.5135 0.5137 0.5139
3710.000000 0.5142 0.5144 0.5146 0.5148 0.5151
3705.000000 0.5153 0.5156 0.5158 0.5160 0.5162
3700.000000 0.5165 0.5167 0.5169 0.5171 0.5174
3695.000000 0.5176 0.5178 0.5180 0.5182 0.5184
3690.000000 0.5186 0.5188 0.5190 0.5192 0.5194
3685.000000 0.5196 0.5199 0.5201 0.5203 0.5205
3680.000000 0.5207 0.5209 0.5210 0.5212 0.5215
3675.000000 0.5217 0.5219 0.5221 0.5224 0.5227
3670.000000 0.5230 0.5232 0.5235 0.5238 0.5241
3665.000000 0.5243 0.5246 0.5249 0.5252 0.5255
3660.000000 0.5258 0.5260 0.5265 0.5268 0.5256
3655.000000 0.5272 0.5272 0.5272 0.5270 0.5268
3650.000000 0.5266 0.5264 0.5262 0.5260 0.5258
3645.000000 0.5256 0.5254 0.5252 0.5251 0.5249
3640.000000 0.5248 0.5246 0.5245 0.5243 0.5242
3635.000000 0.5241 0.5240 0.5238 0.5237 0.5235
3630.000000 0.5234 0.5232 0.5231 0.5230 0.5229
3625.000000 0.5227 0.5226 0.5224 0.5223 0.5221
3620.000000 0.5220 0.5217 0.5215 0.5212 0.5210
3615.000000 0.5207 0.5204 0.5201 0.5199 0.5196
3610.000000 0.5194 0.5191 0.5188 0.5185 0.5183
3605.000000 0.5180 0.5177 0.5174 0.5172 0.5169
3600.000000 0.5166 0.5162 0.5160 0.5158 0.5156
3595.000000 0.5154 0.5152 0.5149 0.5147 0.5145
3590.000000 0.5143 0.5141 0.5139 0.5137 0.5135
3585.000000 0.5132 0.5130 0.5128 0.5126 0.5124
3580.000000 0.5122 0.5119 0.5117 0.5115 0.5112
3575.000000 0.5109 0.5105 0.5101 0.5098 0.5094
3570.000000 0.5091 0.5087 0.5084 0.5080 0.5076
3565.000000 0.5072 0.5069 0.5065 0.5062 0.5058
3560.000000 0.5055 0.5051 0.5047 0.5043 0.5040
3555.000000 0.5036 0.5033 0.5029 0.5026 0.5021
3550.000000 0.5017 0.5012 0.5007 0.5002 0.4998
3545.000000 0.4993 0.4988 0.4983 0.4979 0.4974
3540.000000 0.4969 0.4962 0.4958 0.4952 0.4947
3535.000000 0.4942 0.4937 0.4931 0.4926 0.4920
3530.000000 0.4915 0.4910 0.4905 0.4899 0.4893
3525.000000 0.4886 0.4879 0.4871 0.4864 0.4856
3520.000000 0.4849 0.4842 0.4835 0.4829 0.4823
3515.000000 0.4817 0.4810 0.4805 0.4799 0.4793
3510.000000 0.4787 0.4781 0.4775 0.4770 0.4765
3505.000000 0.4760 0.4757 0.4752 0.4748 0.4744
3500.000000 0.4740 0.4736 0.4732 0.4726 0.4721
3495.000000 0.4714 0.4708 0.4702 0.4696 0.4689
3490.000000 0.4683 0.4676 0.4669 0.4660 0.4654
3485.000000 0.4646 0.4639 0.4631 0.4624 0.4616
3480.000000 0.4609 0.4601 0.4594 0.4586 0.4579
3475.000000 0.4571 0.4564 0.4557 0.4550 0.4542
3470.000000 0.4535 0.4527 0.4520 0.4510 0.4503
3465.000000 0.4492 0.4482 0.4471 0.4460 0.4450
3460.000000 0.4440 0.4429 0.4419 0.4408 0.4398
3455.000000 0.4385 0.4372 0.4358 0.4344 0.4330
3450.000000 0.4316 0.4302 0.4289 0.4275 0.4260
3445.000000 0.4245 0.4230 0.4212 0.4197 0.4181
3440.000000 0.4165 0.4149 0.4133 0.4117 0.4101
3435.000000 0.4084 0.4068 0.4053 0.4037 0.4018
3430.000000 0.4002 0.3982 0.3964 0.3946 0.3928
3425.000000 0.3909 0.3890 0.3871 0.3853 0.3827
3420.000000 0.3802 0.3770 0.3739 0.3707 0.3676
3415.000000 0.3644 0.3612 0.3584 0.3557 0.3529
3410.000000 0.3500 0.3473 0.3445 0.3416 0.3389
3405.000000 0.3360 0.3332 0.3307 0.3282 0.3256
3400.000000 0.3230 0.3205 0.3180 0.3154 0.3129
3395.000000 0.3103 0.3078 0.3052 0.3026 0.3000
3390.000000 0.2974 0.2947 0.2921 0.2895 0.2869
3385.000000 0.2842 0.2816 0.2790 0.2764 0.2739
3380.000000 0.2715 0.2692 0.2669 0.2646 0.2623
3375.000000 0.2600 0.2577 0.2554 0.2532 0.2509
3370.000000 0.2485 0.2463 0.2440 0.2416 0.2393
3365.000000 0.2367 0.2341 0.2315 0.2290 0.2264
3360.000000 0.2238 0.2212 0.2185 0.2155 0.2125
3355.000000 0.2093 0.2062 0.2031 0.2000 0.1970
3350.000000 0.1940 0.1911 0.1882 0.1853 0.1824
3345.000000 0.1795 0.1768 0.1741 0.1715 0.1687
3340.000000 0.1662 0.1634 0.1608 0.1587 0.1566
3335.000000 0.1546 0.1528 0.1509 0.1491 0.1472
3330.000000 0.1454 0.1439 0.1424 0.1409 0.1395
3325.000000 0.1380 0.1366 0.1351 0.1337 0.1322
3320.000000 0.1308 0.1294 0.1280 0.1268 0.1256
3315.000000 0.1244 0.1232 0.1220 0.1208 0.1196
3310.000000 0.1184 0.1172 0.1160 0.1151 0.1142
3305.000000 0.1135 0.1128 0.1121 0.1114 0.1109
3300.000000 0.1105 0.1101 0.1096 0.1092 0.1088
3295.000000 0.1084 0.1080 0.1075 0.1071 0.1069
3290.000000 0.1068 0.1066 0.1065 0.1063 0.1062
3285.000000 0.1060 0.1040 0.1056 0.1055 0.1053
3280.000000 0.1052 0.1050 0.1049 0.1048 0.1046
3275.000000 0.1046 0.1046 0.1045 0.1045 0.1044
3270.000000 0.1044 0.1044 0.1044 0.1046 0.1049
3265.000000 0.1051 0.1054 0.1056 0.1059 0.1061
3260.000000 0.1064 0.1066 0.1069 0.1073 0.1077
3255.000000 0.1081 0.1086 0.1090 0.1095 0.1099
3250.000000 0.1104 0.1108 0.1113 0.1117 0.1121
3245.000000 0.1126 0.1131 0.1137 0.1142 0.1149
3240.000000 0.1155 0.1161 0.1167 0.1173 0.1179
3235.000000 0.1185 0.1191 0.1196 0.1203 0.1209
3230.000000 0.1215 0.1223 0.1231 0.1239 0.1246
3225.000000 0.1255 0.1263 0.1271 0.1279 0.1287
3220.000000 0.1295 0.1302 0.1310 0.1318 0.1326
3215.000000 0.1334 0.1342 0.1350 0.1358 0.1366
3210.000000 0.1374 0.1381 0.1389 0.1400 0.1411
3205.000000 0.1424 0.1437 0.1450 0.1463 0.1476
3200.000000 0.1489 0.1502 0.1515 0.1528 0.1541
3195.000000 0.1554 0.1567 0.1580 0.1592 0.1607
3190.000000 0.1621 0.1634 0.1648 0.1662 0.1676
3185.000000 0.1690 0.1704 0.1718 0.1732 0.1745
3180.000000 0.1760 0.1773 0.1786 0.1801 0.1815
3175.000000 0.1829 0.1843 0.1859 0.1875 0.1894
3170.000000 0.1913 0.1931 0.1950 0.1969 0.1987
3165.000000 0.2006 0.2025 0.2044 0.2063 0.2081
3160.000000 0.2100 0.2118 0.2137 0.2153 0.2170
3155.000000 0.2185 0.2203 0.2219 0.2235 0.2252
3150.000000 0.2268 0.2284 0.2301 0.2317 0.2334
3145.000000 0.2350 0.2367 0.2383 0.2400 0.2419
3140.000000 0.2438 0.2457 0.2477 0.2496 0.2515
3135.000000 0.2534 0.2554 0.2573 0.2592 0.2611
3130.000000 0.2630 0.2652 0.2674 0.2695 0.2717
3125.000000 0.2739 0.2761 0.2782 0.2804 0.2826
3120.000000 0.2848 0.2869 0.2890 0.2909 0.2928
3115.000000 0.2947 0.2966 0.2984 0.3004 0.3023
3110.000000 0.3042 0.3061 0.3080 0.3098 0.3117
3105.000000 0.3134 0.3152 0.3168 0.3184 0.3202
3100.000000 0.3218 0.3236 0.3253 0.3268 0.3286
3095.000000 0.3303 0.3320 0.3337 0.3354 0.3371
3090.000000 0.3388 0.3405 0.3422 0.3438 0.3455
3085.000000 0.3471 0.3487 0.3503 0.3520 0.3536
3080.000000 0.3552 0.3571 0.3590 0.3609 0.3630
3075.000000 0.3648 0.3666 0.3676 0.3686 0.3695
3070.000000 0.3705 0.3714 0.3725 0.3736 0.3748
3065.000000 0.3758 0.3768 0.3772 0.3777 0.3780
3060.000000 0.3803 0.3788 0.3791 0.3793 0.3796
3055.000000 0.3795 0.3795 0.3790 0.3786 0.3778
3050.000000 0.3770 0.3749 0.3729 0.3668 0.3608
3045.000000 0.3539 0.3490 0.3459 0.3447 0.3447
3040.000000 0.3447 0.3458 0.3468 0.3493 0.3518
3035.000000 0.3562 0.3607 0.3629 0.3652 0.3662
3030.000000 0.3675 0.3680 0.3688 0.3694 0.3678
3025.000000 0.3702 0.3703 0.3703 0.3703 0.3698
3020.000000 0.3694 0.3682 0.3672 0.3596 0.3521
3015.000000 0.3402 0.3282 0.3023 0.2764 0.2681
3010.000000 0.2598 0.2558 0.2518 0.2492 0.2467
3005.000000 0.2451 0.2434 0.2424 0.2413 0.2402
3000.000000 0.2392 0.2381 0.2371 0.2361 0.2351
2995.000000 0.2341 0.2331 0.2322 0.2313 0.2305
2990.000000 0.2298 0.2292 0.2287 0.2245 0.1314
2985.000000 0.2000 0.1796 0.1594 0.1392 0.1342
2980.000000 0.1294 0.1315 0.1336 0.1396 0.1458
2975.000000 0.1518 0.1579 0.1639 0.1700 0.1761
2970.000000 0.1822 0.1882 0.1943 0.1979 0.1981
2965.000000 0.2016 0.2016 0.1931 0.1845 0.1724
2960.000000 0.1603 0.1481 0.1360 0.1238 0.1117
2955.000000 0.0996 0.0875 0.0753 0.0632 0.0562
2950.000000 0.0493 0.0465 0.0438 0.0425 0.0412
2945.000000 0.0399 0.0386 0.0376 0.0366 0.0361
2940.000000 0.0356 0.0351 0.0347 0.0342 0.0337
2935.000000 0.0332 0.0327 0.0322 0.0300 0.0316
2930.000000 0.0315 0.0315 0.0315 0.0315 0.0315
2925.000000 0.0317 0.0322 0.0330 0.0338 0.0387
2920.000000 0.0436 0.0497 0.0558 0.0662 0.0766
2915.000000 0.0816 0.0867 0.0915 0.0964 0.1006
2910.000000 0.1049 0.1080 0.1111 0.1141 0.1172
2905.000000 0.1199 0.1226 0.1252 0.1279 0.1303
2900.000000 0.1328 0.1359 0.1391 0.1396 0.1402
2895.000000 0.1405 0.1408 0.1424 0.1441 0.1472
2890.000000 0.1504 0.1550 0.1596 0.1624 0.1652
2885.000000 0.1666 0.1679 0.1683 0.1687 0.1689
2880.000000 0.1692 0.1692 0.1692 0.1692 0.1689
2875.000000 0.1642 0.1595 0.1533 0.1471 0.1409
2870.000000 0.1346 0.1284 0.1104 0.1161 0.1101
2865.000000 0.1104 0.1107 0.1169 0.1231 0.1333
2860.000000 0.1435 0.1537 0.1640 0.1693 0.1745
2855.000000 0.1751 0.1757 0.1836 0.1917 0.2065
2850.000000 0.2214 0.2362 0.2511 0.2574 0.2637
2845.000000 0.2643 0.2650 0.2616 0.2583 0.2524
2840.000000 0.2465 0.2406 0.2347 0.2321 0.2295
2835.000000 0.2289 0.2284 0.2277 0.2271 0.2256
2830.000000 0.2241 0.2224 0.2207 0.2158 0.2109
2825.000000 0.2090 0.2071 0.2070 0.2069 0.2684
2820.000000 0.3300 0.3374 0.3449 0.3538 0.3628
2815.000000 0.3723 0.3818 0.3923 0.4028 0.4170
2810.000000 0.4312 0.4384 0.4457 0.4507 0.4557
2805.000000 0.4607 0.4657 0.4709 0.4762 0.4814
2800.000000 0.4867 0.4919 0.4972 0.5017 0.5062
2795.000000 0.5107 0.5151 0.5195 0.5240 0.5276
2790.000000 0.5312 0.5346 0.5379 0.5410 0.5444
2785.000000 0.5477 0.5510 0.5537 0.5564 0.5587
2780.000000 0.5610 0.5633 0.5656 0.5679 0.5703
2775.000000 0.5726 0.5749 0.5772 0.5795 0.5810
2770.000000 0.5828 0.5842 0.5857 0.5872 0.5887
2765.000000 0.5902 0.5917 0.5932 0.5947 0.5960
2760.000000 0.5976 0.5990 0.6005 0.6019 0.6034
2755.000000 0.6048 0.6062 0.6077 0.6092 0.6106
2750.000000 0.6121 0.6133 0.6145 0.6156 0.6168
2745.000000 0.6175 0.6183 0.6190 0.6197 0.6204
2740.000000 0.6210 0.6218 0.6225 0.6232 0.6239
2735.000000 0.6246 0.6253 0.6260 0.6267 0.6273
2730.000000 0.6280 0.6287 0.6294 0.6301 0.6309
2725.000000 0.6317 0.6325 0.6333 0.6341 0.6349
2720.000000 0.6357 0.6365 0.6373 0.6381 0.6389
2715.000000 0.6396 0.6404 0.6411 0.6418 0.6425
2710.000000 0.6433 0.6440 0.6447 0.6454 0.6461
2705.000000 0.6468 0.6475 0.6481 0.6488 0.6495
2700.000000 0.6501 0.6508 0.6515 0.6521 0.6528
2695.000000 0.6534 0.6541 0.6547 0.6554 0.6560
2690.000000 0.6567 0.6572 0.6580 0.6585 0.6590
2685.000000 0.6595 0.6600 0.6605 0.6610 0.6614
2680.000000 0.6618 0.6621 0.6625 0.6628 0.6632
2675.000000 0.6635 0.6638 0.6641 0.6644 0.6644
2670.000000 0.6644 0.6644 0.6641 0.6636 0.6632
2665.000000 0.6621 0.6612 0.6603 0.6594 0.6594
2660.000000 0.6595 0.6595 0.6596 0.6596 0.6597
2655.000000 0.6597 0.6598 0.6599 0.6600 0.6600
2650.000000 0.6601 0.6604 0.6608 0.6614 0.6621
2645.000000 0.6626 0.6634 0.6640 0.6647 0.6653
2640.000000 0.6660 0.6665 0.6672 0.6678 0.6686
2635.000000 0.6692 0.6699 0.6706 0.6714 0.6721
2630.000000 0.6728 0.6735 0.6742 0.6749 0.6757
2625.000000 0.6764 0.6771 0.6778 0.6785 0.6792
2620.000000 0.6800 0.6807 0.6814 0.6821 0.6828
2615.000000 0.6834 0.6841 0.6846 0.6851 0.6855
2610.000000 0.6860 0.6864 0.6868 0.6874 0.6878
2605.000000 0.6883 0.6888 0.6892 0.6897 0.6901
2600.000000 0.6907 0.6911 0.6915 0.6919 0.6925
2595.000000 0.6930 0.6935 0.6939 0.6944 0.6947
2590.000000 0.6951 0.6954 0.6958 0.6961 0.6965
2585.000000 0.6968 0.6972 0.6975 0.6980 0.6984
2580.000000 0.6988 0.6991 0.6995 0.6998 0.7001
2575.000000 0.7006 0.7010 0.7012 0.7017 0.7021
2570.000000 0.7025 0.7028 0.7032 0.7036 0.7040
2565.000000 0.7044 0.7048 0.7051 0.7055 0.7058
2560.000000 0.7062 0.7067 0.7071 0.7074 0.7078
2555.000000 0.7080 0.7083 0.7085 0.7087 0.7089
2550.000000 0.7092 0.7094 0.7096 0.7097 0.7099
2545.000000 0.7099 0.7100 0.7100 0.7101 0.7101
2540.000000 0.7101 0.7101 0.7103 0.7103 0.7104
2535.000000 0.7104 0.7105 0.7106 0.7107 0.7108
2530.000000 0.7110 0.7111 0.7112 0.7115 0.7117
2525.000000 0.7118 0.7119 0.7121 0.7122 0.7125
2520.000000 0.7126 0.7128 0.7132 0.7136 0.7141
2515.000000 0.7145 0.7149 0.7153 0.7158 0.7161
2510.000000 0.7165 0.7169 0.7175 0.7183 0.7191
2505.000000 0.7199 0.7208 0.7215 0.7224 0.7232
2500.000000 0.7240 0.7248 0.7256 0.7265 0.7275
2495.000000 0.7286 0.7297 0.7308 0.7318 0.7330
2490.000000 0.7341 0.7351 0.7362 0.7374 0.7386
2485.000000 0.7397 0.7408 0.7418 0.7430 0.7441
2480.000000 0.7453 0.7464 0.7475 0.7488 0.7500
2475.000000 0.7511 0.7524 0.7536 0.7548 0.7560
2470.000000 0.7571 0.7582 0.7592 0.7599 0.7607
2465.000000 0.7614 0.7621 0.7628 0.7637 0.7644
2460.000000 0.7651 0.7658 0.7665 0.7668 0.7671
2455.000000 0.7674 0.7678 0.7681 0.7684 0.7687
2450.000000 0.7690 0.7693 0.7697 0.7700 0.7703
2445.000000 0.7706 0.7710 0.7714 0.7718 0.7721
2440.000000 0.7725 0.7728 0.7732 0.7736 0.7740
2435.000000 0.7743 0.7747 0.7750 0.7754 0.7758
2430.000000 0.7765 0.7769 0.7775 0.7780 0.7785
2425.000000 0.7790 0.7796 0.7801 0.7806 0.7811
2420.000000 0.7818 0.7824 0.7831 0.7837 0.7843
2415.000000 0.7849 0.7855 0.7861 0.7867 0.7872
2410.000000 0.7878 0.7884 0.7890 0.7895 0.7900
2405.000000 0.7905 0.7910 0.7915 0.7921 0.7925
2400.000000 0.7931 0.7936 0.7941 0.7946 0.7951
2395.000000 0.7957 0.7961 0.7965 0.7969 0.7972
2390.000000 0.7976 0.7981 0.7985 0.7988 0.7992
2385.000000 0.7995 0.7999 0.8001 0.8006 0.8008
2380.000000 0.8012 0.8015 0.8019 0.8022 0.8026
2375.000000 0.8030 0.8034 0.8037 0.8040 0.8043
2370.000000 0.8046 0.8048 0.8051 0.8054 0.8057
2365.000000 0.8060 0.8062 0.8065 0.8068 0.8071
2360.000000 0.8074 0.8075 0.8078 0.8082 0.8085
2355.000000 0.8088 0.8091 0.8095 0.8100 0.8105
2350.000000 0.8110 0.8115 0.8119 0.8125 0.8130
2345.000000 0.8135 0.8140 0.8145 0.8150 0.8155
2340.000000 0.8160 0.8165 0.8171 0.8176 0.8183
2335.000000 0.8188 0.8194 0.8200 0.8206 0.8211
2330.000000 0.8217 0.8221 0.8228 0.8233 0.8238
2325.000000 0.8242 0.8247 0.8252 0.8257 0.8261
2320.000000 0.8266 0.8270 0.8275 0.8278 0.8284
2315.000000 0.8290 0.8297 0.8305 0.8314 0.8323
2310.000000 0.8332 0.8341 0.8350 0.8358 0.8367
2305.000000 0.8375 0.8385 0.8399 0.8413 0.8425
2300.000000 0.8440 0.8454 0.8468 0.8482 0.8496
2295.000000 0.8504 0.8513 0.8520 0.8528 0.8535
2290.000000 0.8543 0.8551 0.8559 0.8563 0.8567
2285.000000 0.8571 0.8575 0.8578 0.8584 0.8588
2280.000000 0.8592 0.8596 0.8600 0.8604 0.8608
2275.000000 0.8612 0.8616 0.8620 0.8624 0.8628
2270.000000 0.8632 0.8636 0.8641 0.8645 0.8649
2265.000000 0.8653 0.8657 0.8661 0.8665 0.8668
2260.000000 0.8673 0.8677 0.8681 0.8686 0.8691
2255.000000 0.8695 0.8700 0.8704 0.8709 0.8713
2250.000000 0.8718 0.8723 0.8728 0.8732 0.8737
2245.000000 0.8741 0.8746 0.8751 0.8756 0.8760
2240.000000 0.8765 0.8768 0.8774 0.8778 0.8783
2235.000000 0.8788 0.8793 0.8797 0.8802 0.8806
2230.000000 0.8811 0.8815 0.8820 0.8825 0.8830
2225.000000 0.8834 0.8839 0.8843 0.8848 0.8852
2220.000000 0.8857 0.8862 0.8867 0.8871 0.8875
2215.000000 0.8880 0.8885 0.8889 0.8893 0.8897
2210.000000 0.8902 0.8906 0.8911 0.8915 0.8920
2205.000000 0.8924 0.8928 0.8933 0.8938 0.8942
2200.000000 0.8947 0.8951 0.8956 0.8960 0.8965
2195.000000 0.8968 0.8974 0.8978 0.8983 0.8987
2190.000000 0.8992 0.8996 0.9001 0.9005 0.9010
2185.000000 0.9014 0.9018 0.9023 0.9028 0.9032
2180.000000 0.9037 0.9041 0.9045 0.9049 0.9054
2175.000000 0.9057 0.9061 0.9065 0.9068 0.9071
2170.000000 0.9075 0.9078 0.9083 0.9086 0.9090
2165.000000 0.9093 0.9097 0.9100 0.9104 0.9108
2160.000000 0.9112 0.9115 0.9118 0.9121 0.9125
2155.000000 0.9128 0.9133 0.9136 0.9140 0.9144
2150.000000 0.9148 0.9151 0.9155 0.9158 0.9162
2145.000000 0.9165 0.9168 0.9171 0.9175 0.9178
2140.000000 0.9183 0.9187 0.9191 0.9194 0.9198
2135.000000 0.9201 0.9205 0.9208 0.9211 0.9213
2130.000000 0.9215 0.9217 0.9218 0.9220 0.9221
2125.000000 0.9224 0.9225 0.9228 0.9230 0.9232
2120.000000 0.9234 0.9236 0.9238 0.9239 0.9241
2115.000000 0.9243 0.9245 0.9247 0.9249 0.9251
2110.000000 0.9253 0.9255 0.9257 0.9258 0.9260
2105.000000 0.9262 0.9264 0.9266 0.9268 0.9270
2100.000000 0.9271 0.9273 0.9275 0.9277 0.9278
2095.000000 0.9280 0.9282 0.9282 0.9283 0.9283
2090.000000 0.9284 0.9284 0.9285 0.9286 0.9287
2085.000000 0.9287 0.9288 0.9288 0.9289 0.9289
2080.000000 0.9290 0.9290 0.9291 0.9291 0.9292
2075.000000 0.9292 0.9293 0.9294 0.9295 0.9295
2070.000000 0.9296 0.9296 0.9297 0.9297 0.9298
2065.000000 0.9298 0.9299 0.9299 0.9300 0.9300
2060.000000 0.9301 0.9301 0.9301 0.9301 0.9302
2055.000000 0.9302 0.9303 0.9303 0.9303 0.9303
2050.000000 0.9304 0.9304 0.9305 0.9305 0.9305
2045.000000 0.9305 0.9306 0.9306 0.9307 0.9307
2040.000000 0.9307 0.9307 0.9308 0.9308 0.9309
2035.000000 0.9309 0.9310 0.9310 0.9311 0.9312
2030.000000 0.9313 0.9314 0.9315 0.9316 0.9317
2025.000000 0.9318 0.9318 0.9320 0.9321 0.9321
2020.000000 0.9323 0.9324 0.9325 0.9325 0.9327
2015.000000 0.9328 0.9330 0.9331 0.9332 0.9333
2010.000000 0.9334 0.9335 0.9336 0.9339 0.9342
2005.000000 0.9345 0.9348 0.9351 0.9354 0.9360
2000.000000 0.9367 0.9373 0.9378 0.9385 0.9392
1995.000000 0.9398 0.9404 0.9411 0.9418 0.9427
1990.000000 0.9435 0.9443 0.9456 0.9471 0.9489
1985.000000 0.9496 0.9504 0.9511 0.9518 0.9525
1980.000000 0.9532 0.9538 0.9540 0.9542 0.9544
1975.000000 0.9545 0.9547 0.9549 0.9551 0.9553
1970.000000 0.9554 0.9556 0.9560 0.9567 0.9573
1965.000000 0.9580 0.9587 0.9594 0.9601 0.9608
1960.000000 0.9615 0.9623 0.9630 0.9637 0.9644
1955.000000 0.9651 0.9658 0.9663 0.9668 0.9675
1950.000000 0.9680 0.9686 0.9691 0.9690 0.9689
1945.000000 0.9686 0.9684 0.9682 0.9680 0.9678
1940.000000 0.9677 0.9675 0.9674 0.9673 0.9673
1935.000000 0.9673 0.9671 0.9671 0.9671 0.9671
1930.000000 0.9671 0.9671 0.9670 0.9670 0.9670
1925.000000 0.9670 0.9670 0.9671 0.9673 0.9674
1920.000000 0.9675 0.9677 0.9678 0.9681 0.9682
1915.000000 0.9684 0.9685 0.9687 0.9688 0.9690
1910.000000 0.9692 0.9693 0.9695 0.9697 0.9698
1905.000000 0.9700 0.9702 0.9704 0.9706 0.9708
1900.000000 0.9710 0.9712 0.9713 0.9715 0.9717
1895.000000 0.9718 0.9720 0.9721 0.9724 0.9725
1890.000000 0.9727 0.9728 0.9730 0.9732 0.9734
1885.000000 0.9735 0.9737 0.9739 0.9740 0.9742
1880.000000 0.9743 0.9743 0.9743 0.9743 0.9744
1875.000000 0.9744 0.9744 0.9744 0.9744 0.9745
1870.000000 0.9745 0.9745 0.9745 0.9747 0.9749
1865.000000 0.9751 0.9753 0.9755 0.9757 0.9759
1860.000000 0.9761 0.9763 0.9765 0.9768 0.9771
1855.000000 0.9773 0.9775 0.9778 0.9782 0.9785
1850.000000 0.9787 0.9790 0.9791 0.9792 0.9793
1845.000000 0.9794 0.9795 0.9796 0.9797 0.9797
1840.000000 0.9796 0.9796 0.9795 0.9795 0.9794
1835.000000 0.9794 0.9793 0.9792 0.9791 0.9790
1830.000000 0.9816 0.9787 0.9786 0.9784 0.9778
1825.000000 0.9771 0.9764 0.9757 0.9751 0.9744
1820.000000 0.9737 0.9730 0.9721 0.9710 0.9699
1815.000000 0.9687 0.9675 0.9664 0.9652 0.9641
1810.000000 0.9628 0.9617 0.9606 0.9586 0.9563
1805.000000 0.9539 0.9515 0.9491 0.9463 0.9435
1800.000000 0.9406 0.9377 0.9349 0.9328 0.9311
1795.000000 0.9293 0.9275 0.9256 0.9238 0.9220
1790.000000 0.9209 0.9199 0.9189 0.9178 0.9168
1785.000000 0.9159 0.9149 0.9139 0.9128 0.9116
1780.000000 0.9104 0.9093 0.9081 0.9067 0.9048
1775.000000 0.9030 0.9011 0.8988 0.8965 0.8943
1770.000000 0.8915 0.8852 0.8821 0.8792 0.8763
1765.000000 0.8731 0.8692 0.8652 0.8613 0.8542
1760.000000 0.8465 0.8393 0.8328 0.8263 0.8199
1755.000000 0.8134 0.8048 0.7953 0.7858 0.7707
1750.000000 0.7535 0.7422 0.7319 0.7217 0.6958
1745.000000 0.6671 0.6101 0.5918 0.5735 0.5543
1740.000000 0.5346 0.5166 0.4998 0.4750 0.4226
1735.000000 0.4073 0.3918 0.3750 0.3577 0.2746
1730.000000 0.2342 0.1939 0.1535 0.1132 0.0728
1725.000000 0.0411 0.0320 0.0289 0.0284 0.0301
1720.000000 0.0320 0.0561 0.0914 0.1266 0.1619
1715.000000 0.1972 0.2324 0.2677 0.3030 0.3359
1710.000000 0.3400 0.3389 0.3386 0.3234 0.3000
1705.000000 0.2766 0.2533 0.2299 0.2065 0.1831
1700.000000 0.1598 0.1364 0.1128 0.1075 0.1021
1695.000000 0.0964 0.0902 0.0841 0.0767 0.0692
1690.000000 0.0598 0.0532 0.0483 0.0469 0.0475
1685.000000 0.0458 0.0455 0.0455 0.0463 0.0834
1680.000000 0.1065 0.1254 0.1594 0.1858 0.2098
1675.000000 0.2305 0.2507 0.2705 0.2909 0.3232
1670.000000 0.3407 0.3522 0.3638 0.3753 0.3880
1665.000000 0.4009 0.4144 0.4312 0.4477 0.4602
1660.000000 0.4726 0.4836 0.4919 0.5003 0.5086
1655.000000 0.5169 0.5253 0.5336 0.5420 0.5504
1650.000000 0.5606 0.5712 0.5817 0.5928 0.6043
1645.000000 0.6157 0.6268 0.6339 0.6410 0.6481
1640.000000 0.6555 0.6597 0.6639 0.6687 0.6731
1635.000000 0.6761 0.6788 0.6811 0.6828 0.6843
1630.000000 0.6848 0.6846 0.6838 0.6761 0.6667
1625.000000 0.6617 0.6617 0.6624 0.6712 0.6801
1620.000000 0.6865 0.6926 0.6989 0.7036 0.7078
1615.000000 0.7122 0.7165 0.7208 0.7251 0.7299
1610.000000 0.7362 0.7440 0.7476 0.7505 0.7533
1605.000000 0.7560 0.7636 0.7687 0.7738 0.7788
1600.000000 0.7830 0.7871 0.7912 0.7965 0.8042
1595.000000 0.8097 0.8136 0.8175 0.8213 0.8240
1590.000000 0.8266 0.8292 0.8318 0.8345 0.8371
1585.000000 0.8407 0.8441 0.8467 0.8493 0.8518
1580.000000 0.8545 0.8570 0.8597 0.8623 0.8649
1575.000000 0.8675 0.8701 0.8727 0.8753 0.8774
1570.000000 0.8793 0.8813 0.8831 0.8841 0.8851
1565.000000 0.8861 0.8868 0.8875 0.8881 0.8887
1560.000000 0.8894 0.8899 0.8904 0.8909 0.8914
1555.000000 0.8918 0.8924 0.8928 0.8936 0.8942
1550.000000 0.8949 0.8955 0.8962 0.8967 0.8970
1545.000000 0.8973 0.8975 0.8978 0.8982 0.8984
1540.000000 0.8992 0.9002 0.9011 0.9021 0.9031
1535.000000 0.9040 0.9050 0.9058 0.9066 0.9074
1530.000000 0.9081 0.9089 0.9097 0.9105 0.9113
1525.000000 0.9118 0.9125 0.9131 0.9137 0.9143
1520.000000 0.9149 0.9155 0.9161 0.9167 0.9171
1515.000000 0.9177 0.9182 0.9187 0.9191 0.9196
1510.000000 0.9200 0.9201 0.9203 0.9205 0.9206
1505.000000 0.9208 0.9209 0.9209 0.9208 0.9221
1500.000000 0.9205 0.9204 0.9202 0.9197 0.9190
1495.000000 0.9183 0.9175 0.9167 0.9156 0.9144
1490.000000 0.9132 0.9116 0.9092 0.9068 0.9045
1485.000000 0.9009 0.8957 0.8881 0.8778 0.8636
1480.000000 0.8471 0.8323 0.8183 0.7867 0.7551
1475.000000 0.7236 0.6919 0.6604 0.6288 0.5972
1470.000000 0.5656 0.5341 0.5025 0.4709 0.4393
1465.000000 0.4077 0.3760 0.3445 0.3168 0.3131
1460.000000 0.3237 0.3545 0.3852 0.4160 0.4442
1455.000000 0.4469 0.4456 0.4420 0.4276 0.4133
1450.000000 0.3990 0.3904 0.3891 0.3893 0.4018
1445.000000 0.4189 0.4358 0.4528 0.4698 0.4769
1440.000000 0.4769 0.4768 0.4768 0.4768 0.4822
1435.000000 0.4892 0.4962 0.5034 0.5104 0.5175
1430.000000 0.5130 0.5115 0.5106 0.5136 0.6031
1425.000000 0.6925 0.7385 0.7658 0.7862 0.7953
1420.000000 0.8011 0.8075 0.8142 0.8174 0.8196
1415.000000 0.8205 0.8215 0.8223 0.8225 0.8228
1410.000000 0.8231 0.8233 0.8233 0.8233 0.8233
1405.000000 0.8230 0.8225 0.8218 0.8200 0.8182
1400.000000 0.8161 0.8130 0.8097 0.8033 0.7943
1395.000000 0.7525 0.6997 0.6460 0.5758 0.5055
1390.000000 0.4352 0.3649 0.2947 0.2244 0.1799
1385.000000 0.1826 0.2603 0.3380 0.4158 0.4935
1380.000000 0.5712 0.6489 0.6811 0.6834 0.6867
1375.000000 0.6484 0.6002 0.5521 0.5039 0.4558
1370.000000 0.4153 0.4170 0.4324 0.4479 0.4633
1365.000000 0.4666 0.4534 0.4360 0.4186 0.4012
1360.000000 0.3882 0.3902 0.4181 0.4572 0.4962
1355.000000 0.5354 0.5745 0.6136 0.6485 0.6637
1350.000000 0.6800 0.6985 0.7203 0.7468 0.7611
1345.000000 0.7711 0.7800 0.7844 0.7875 0.7900
1340.000000 0.7924 0.8004 0.8131 0.8247 0.8250
1335.000000 0.8250 0.8062 0.7841 0.7848 0.7941
1330.000000 0.8084 0.8228 0.8288 0.8292 0.8308
1325.000000 0.8377 0.8478 0.8575 0.8706 0.8745
1320.000000 0.8770 0.8757 0.8758 0.8224 0.7668
1315.000000 0.7111 0.6098 0.6106 0.6106 0.6106
1310.000000 0.6396 0.6712 0.7028 0.7346 0.7661
1305.000000 0.7978 0.8261 0.8342 0.8394 0.8415
1300.000000 0.8425 0.8436 0.8458 0.8480 0.8507
1295.000000 0.8524 0.8541 0.8551 0.8563 0.8477
1290.000000 0.8377 0.8294 0.8210 0.8060 0.7918
1285.000000 0.7815 0.7717 0.7619 0.7576 0.7541
1280.000000 0.7505 0.7468 0.7421 0.7344 0.7211
1275.000000 0.7076 0.6912 0.6769 0.6822 0.6817
1270.000000 0.6864 0.7018 0.7169 0.7319 0.7393
1265.000000 0.7464 0.7536 0.7610 0.7718 0.7681
1260.000000 0.7605 0.7493 0.7388 0.7325 0.7275
1255.000000 0.7317 0.7339 0.7525 0.7796 0.7903
1250.000000 0.8000 0.8035 0.8047 0.8065 0.8051
1245.000000 0.8046 0.8030 0.7976 0.7905 0.7737
1240.000000 0.7555 0.7372 0.7191 0.7008 0.6826
1235.000000 0.6645 0.6462 0.6281 0.6099 0.5917
1230.000000 0.5735 0.5553 0.5516 0.5516 0.5516
1225.000000 0.5366 0.5010 0.4655 0.4299 0.4218
1220.000000 0.4257 0.4394 0.4532 0.4669 0.4806
1215.000000 0.4944 0.5040 0.5051 0.5050 0.4887
1210.000000 0.4725 0.4576 0.4579 0.4728 0.5052
1205.000000 0.5375 0.5698 0.5865 0.5867 0.5836
1200.000000 0.5680 0.5523 0.5367 0.5210 0.5127
1195.000000 0.5141 0.5434 0.5786 0.6139 0.6491
1190.000000 0.6844 0.6933 0.6958 0.6968 0.6707
1185.000000 0.6435 0.6162 0.5890 0.5618 0.5345
1180.000000 0.5073 0.4920 0.4834 0.4610 0.4287
1175.000000 0.3962 0.3640 0.3316 0.2992 0.2669
1170.000000 0.2345 0.2021 0.1731 0.1735 0.1742
1165.000000 0.1756 0.1779 0.1807 0.1826 0.1844
1160.000000 0.1841 0.1678 0.1514 0.1351 0.1187
1155.000000 0.1024 0.0958 0.0958 0.0957 0.0962
1150.000000 0.0968 0.0974 0.0983 0.1292 0.1665
1145.000000 0.2035 0.2407 0.2778 0.3149 0.3520
1140.000000 0.3892 0.4068 0.4194 0.4365 0.4536
1135.000000 0.4577 0.4586 0.4624 0.4605 0.4040
1130.000000 0.3380 0.2720 0.2061 0.1713 0.1714
1125.000000 0.1677 0.1736 0.1957 0.2177 0.2397
1120.000000 0.2617 0.2837 0.2932 0.2989 0.3047
1115.000000 0.3248 0.3552 0.3855 0.4159 0.4462
1110.000000 0.4767 0.5070 0.5269 0.5335 0.5387
1105.000000 0.5439 0.5495 0.5704 0.5935 0.6167
1100.000000 0.6398 0.6630 0.6861 0.7093 0.7324
1095.000000 0.7472 0.7567 0.7653 0.7740 0.7818
1090.000000 0.7869 0.7928 0.8006 0.8061 0.8103
1085.000000 0.8103 0.8105 0.7935 0.7715 0.7399
1080.000000 0.7375 0.7393 0.7478 0.7736 0.7897
1075.000000 0.8011 0.8106 0.8198 0.8283 0.8360
1070.000000 0.8416 0.8473 0.8542 0.8603 0.8601
1065.000000 0.8610 0.8599 0.8287 0.8165 0.8165
1060.000000 0.8154 0.8251 0.8373 0.8495 0.8618
1055.000000 0.8740 0.8850 0.8899 0.8718 0.8382
1050.000000 0.8044 0.7706 0.7524 0.7549 0.7785
1045.000000 0.8019 0.8256 0.8492 0.8728 0.8964
1040.000000 0.9160 0.9180 0.8878 0.8666 0.8454
1035.000000 0.8241 0.8133 0.8121 0.8325 0.8528
1030.000000 0.8731 0.8934 0.9137 0.9202 0.9214
1025.000000 0.9225 0.8736 0.8412 0.8087 0.7761
1020.000000 0.7580 0.7596 0.7724 0.7951 0.8180
1015.000000 0.8408 0.8636 0.8864 0.9092 0.9313
1010.000000 0.9317 0.9347 0.8832 0.8374 0.7915
1005.000000 0.7478 0.7436 0.7612 0.8000 0.8386
1000.000000 0.8773 0.9160 0.9389 0.9543 0.9641
995.000000 0.9691 0.9728 0.9771 0.9788 0.9800
990.000000 0.9848 0.9789 0.9758 0.9714 0.9677
985.000000 0.9640 0.9600 0.9558 0.9295 0.8734
980.000000 0.8172 0.7611 0.7403 0.7371 0.7547
975.000000 0.7746 0.7944 0.8106 0.8111 0.8111
970.000000 0.8017 0.7912 0.7860 0.7875 0.8064
965.000000 0.8252 0.8440 0.8628 0.8817 0.9005
960.000000 0.9136 0.9140 0.9144 0.9148 0.9152
955.000000 0.9156 0.9161 0.9162 0.9163 0.9164
950.000000 0.9163 0.9162 0.9116 0.8859 0.8603
945.000000 0.8346 0.8089 0.7669 0.7665 0.7662
940.000000 0.7689 0.8026 0.8366 0.8934 0.9182
935.000000 0.9262 0.9330 0.9390 0.9436 0.9457
930.000000 0.9456 0.9460 0.9454 0.9449 0.9382
925.000000 0.9241 0.9178 0.9190 0.9190 0.9221
920.000000 0.9274 0.9327 0.9377 0.9390 0.9403
915.000000 0.9428 0.9418 0.9424 0.9421 0.9421
910.000000 0.9359 0.9235 0.9075 0.8816 0.8364
905.000000 0.7965 0.7568 0.7171 0.6774 0.6376
900.000000 0.6145 0.6144 0.6143 0.6247 0.6575
895.000000 0.6904 0.7233 0.7561 0.7890 0.8218
890.000000 0.8312 0.8314 0.8330 0.7564 0.7128
885.000000 0.6133 0.6257 0.6139 0.6207 0.6421
880.000000 0.6881 0.6851 0.6865 0.6861 0.6129
875.000000 0.5201 0.5201 0.5201 0.5420 0.5778
870.000000 0.6136 0.6494 0.6851 0.7131 0.7208
865.000000 0.7164 0.7153 0.6653 0.6069 0.5408
860.000000 0.5443 0.5628 0.5860 0.6092 0.6324
855.000000 0.6555 0.6787 0.6904 0.6960 0.6910
850.000000 0.6896 0.6851 0.6806 0.6730 0.6638
845.000000 0.6567 0.6497 0.6411 0.6285 0.6164
840.000000 0.6003 0.5843 0.5683 0.5523 0.5362
835.000000 0.5203 0.5043 0.4866 0.4651 0.4468
830.000000 0.4334 0.4005 0.3430 0.3013 0.2969
825.000000 0.3007 0.3017 0.3229 0.3460 0.3694
820.000000 0.3926 0.4150 0.4338 0.4499 0.4643
815.000000 0.4766 0.4889 0.5023 0.5170 0.5318
810.000000 0.5477 0.5642 0.5812 0.5988 0.6121
805.000000 0.6242 0.6518 0.6635 0.6654 0.6674
800.000000 0.6694 0.6771 0.6886 0.6992 0.7074
795.000000 0.7156 0.7237 0.7318 0.7401 0.7482
790.000000 0.7564 0.7639 0.7669 0.7685 0.7692
785.000000 0.7649 0.7547 0.7446 0.7368 0.7369
780.000000 0.7599 0.8021 0.8257 0.8405 0.8532
775.000000 0.8623 0.8715 0.8787 0.8851 0.8915
770.000000 0.8965 0.9003 0.9041 0.9078 0.9117
765.000000 0.9148 0.9178 0.9211 0.9241 0.9270
760.000000 0.9299 0.9327 0.9356 0.9381 0.9406
755.000000 0.9430 0.9452 0.9471 0.9489 0.9508
750.000000 0.9523 0.9538 0.9552 0.9567 0.9587
745.000000 0.9612 0.9688 0.9773 0.9858 0.9944
740.000000 1.0001 0.9966 0.9887 0.9443 0.8999
735.000000 0.8555 0.8111 0.8088 0.8089 0.8288
730.000000 0.8446 0.8604 0.8762 0.8920 0.9078
725.000000 0.9236 0.9382 0.9388 0.9390 0.9390
720.000000 0.8844 0.8026 0.7210 0.7211 0.7307
715.000000 0.7518 0.7728 0.7941 0.8151 0.8363
710.000000 0.8574 0.8785 0.8920 0.8958 0.9033
705.000000 0.8970 0.8975 0.8758 0.8141 0.7524
700.000000 0.6908 0.6291 0.5674 0.5057 0.4441
695.000000 0.3248 0.3214 0.3212 0.3273 0.4537
690.000000 0.5800 0.6760 0.7068 0.7308 0.7526
685.000000 0.7735 0.7997 0.8250 0.8443 0.8920
680.000000 0.9183 0.9325 0.9448 0.9568 0.9687
675.000000 0.9686 0.9349 0.9011 0.8673 0.8486
670.000000 0.8496 0.8506 0.8515 0.8525 0.8535
665.000000 0.8545 0.8555 0.8562 0.8561 0.8559
660.000000 0.8551 0.8556 0.8554 0.8541 0.8524
655.000000 0.8508 0.8478 0.8434 0.8389 0.8254
650.000000 0.7949 0.7531 0.7090 0.6649 0.6208
645.000000 0.5768 0.5327 0.4886 0.4490 0.4483
640.000000 0.4506 0.4477 0.4482 0.4977 0.5523
635.000000 0.6069 0.6614 0.7160 0.7768 0.8046
630.000000 0.8225 0.8342 0.8466 0.8595 0.8688
625.000000 0.8755 0.8790 0.8825 0.8858 0.8887
620.000000 0.8908 0.8921 0.8933 0.8933 0.8951
615.000000 0.8952 0.8953 0.8939 0.8925 0.8859
610.000000 0.8771 0.8662 0.8610 0.8596 0.8600
605.000000 0.8602 0.8604 0.8665 0.8753 0.8824
600.000000 0.8878 0.8917 0.8945 0.8959 0.8971
595.000000 0.8981 0.8987 0.9039 0.8991 0.8986
590.000000 0.8939 0.8889 0.8833 0.8778 0.8716
585.000000 0.8606 0.8487 0.8355 0.8418 0.8456
580.000000 0.8539 0.8621 0.8689 0.8739 0.8789
575.000000 0.8840 0.8894 0.8947 0.8980 0.9007
570.000000 0.9018 0.9031 0.9044 0.9044 0.9095
565.000000 0.9040 0.9039 0.9037 0.9025 0.9007
560.000000 0.8989 0.8970 0.8940 0.8905 0.8870
555.000000 0.8835 0.8790 0.8736 0.8681 0.8605
550.000000 0.8535 0.8495 0.8455 0.8451 0.8451
545.000000 0.8445 0.8439 0.8397 0.8334 0.8273
540.000000 0.8212 0.8151 0.8096 0.8041 0.7985
535.000000 0.7928 0.7871 0.7815 0.7765 0.7701
530.000000 0.7691 0.7684 0.7686 0.7967 0.8068
525.000000 0.8216 0.8517 0.8644 0.8707 0.8768
520.000000 0.8813 0.8836 0.8850 0.8864 0.8878
515.000000 0.8892 0.8899 0.8948 0.8908 0.8905
510.000000 0.8903 0.8900 0.8898 0.8878 0.8848
505.000000 0.8814 0.8746 0.8678 0.8597 0.8509
500.000000 0.8411 0.8302 0.8181 0.8043 0.7894
495.000000 0.7818 0.7741 0.7675 0.7668 0.7644
490.000000 0.7649 0.7671 0.7833 0.7924 0.7991
485.000000 0.8011 0.8022 0.8040 0.8057 0.8076
480.000000 0.8209 0.8295 0.8374 0.8431 0.8484
475.000000 0.8516 0.8547 0.8559 0.8568 0.8578
470.000000 0.8588 0.8606 0.8624 0.8643 0.8661
465.000000 0.8684 0.8706 0.8720 0.8718 0.8718
460.000000 0.8716 0.8714 0.8705 0.8682 0.8658
455.000000 0.8611 0.8564 0.8518 0.8464 0.8384
450.000000 0.8291 0.8124 0.8131 0.8117 0.8114
445.000000 0.8124 0.8189 0.8255 0.8340 0.8440
440.000000 0.8527 0.8558 0.8582 0.8591 0.8600
435.000000 0.8609 0.8618 0.8630 0.8642 0.8654
430.000000 0.8666 0.8678 0.8684 0.8687 0.8690
425.000000 0.8693 0.8695 0.8698 0.8699 0.8699
420.000000 0.8700 0.8701 0.8701 0.8702 0.8702
415.000000 0.8701 0.8697 0.8693 0.8688 0.8702
410.000000 0.8725 0.8747 0.8771 0.8798 0.8811
405.000000 0.8823 0.8823 0.8823 0.8838 0.8802
400.000000 0.8771 0.8712 0.8618 0.8525 0.8432
395.000000 0.8339 0.8245 0.8151 0.8058 0.7957
390.000000 0.7899 0.7864 0.7842 0.7819 0.7798
385.000000 0.7772 0.7748 0.7717 0.7676 0.7532
380.000000 0.7565 0.7557 0.7548 0.7551 0.7557
375.000000 0.7615 0.7664 0.7704 0.7737 0.7745
370.000000 0.7746 0.7736 0.7725 0.7715 0.7701
365.000000 0.7701 0.7731 0.7768 0.7806 0.7821
360.000000 0.7834 0.7848 0.7858 0.7865 0.7871
355.000000 0.7878 0.7886 0.7893 0.7900 0.7905
350.000000 0.7950 0.7908 0.7908 0.7908 0.7901
345.000000 0.7895 0.7888 0.7876 0.7851 0.7828
340.000000 0.7803 0.7776 0.7747 0.7718 0.7688
335.000000 0.7658 0.7628 0.7588 0.7547 0.7506
330.000000 0.7465 0.7424 0.7381 0.7337 0.7294
325.000000 0.7251 0.7210 0.7168 0.7134 0.7111
320.000000 0.7087 0.7064 0.7049 0.7037 0.7024
315.000000 0.7011 0.6997 0.6983 0.6968 0.6955
310.000000 0.6938 0.6887 0.6814 0.6747 0.6708
305.000000 0.6668 0.6630 0.6593 0.6556 0.6512
300.000000 0.6449 0.6386 0.6323 0.6260 0.6197
295.000000 0.6134 0.6071 0.6008 0.5928 0.5842
290.000000 0.5757 0.5671 0.5584 0.5497 0.5410
285.000000 0.5325 0.5239 0.5151 0.5054 0.4957
280.000000 0.4872 0.4799 0.4734 0.4671 0.4607
275.000000 0.4540 0.4470 0.4401 0.4328 0.4249
270.000000 0.4170 0.4091 0.3977 0.3852 0.3728
265.000000 0.3649 0.3580 0.3514 0.3446 0.3378
260.000000 0.3314 0.3255 0.3197 0.3138 0.3088
255.000000 0.3047 0.3016 0.2996 0.2976 0.2956
250.000000 0.2940 0.2935 0.2931 0.2903 0.2922
245.000000 0.2917 0.2912 0.2908 0.2903 0.2898
##END=
