##TITLE=3-p-MENTHENE
##JCAMP-DX=4.24
##DATA TYPE=INFRARED SPECTRUM
##CLASS=COBLENTZ
##ORIGIN=INTERNATIONAL FLAVORS & FRAGRANCES, INC.
##OWNER=COBLENTZ SOCIETY
Collection (C) 2018 copyright by the U.S. Secretary of Commerce
on behalf of the United States of America. All rights reserved.
##DATE=Not specified, most likely prior to 1970
##NAMES=1-isopropyl-4-methyl-1-cyclohexene
##CAS REGISTRY NO=500-00-5
##MOLFORM=C10 H18
##SOURCE REFERENCE=COBLENTZ NO. 4975
##$NIST SOURCE=COBLENTZ
##$NIST IMAGE=cob4975
##SPECTROMETER/DATA SYSTEM=Not specified, most likely a prism, grating, or hybrid spectrometer.
##SAMPLING PROCEDURE=TRANSMISSION
##RESOLUTION=4
##DATA PROCESSING=DIGITIZED BY NIST FROM HARD COPY (FROM TWO SEGMENTS)
##XUNITS=MICROMETERS
##YUNITS=TRANSMITTANCE
##XFACTOR=1.000000
##YFACTOR=1
##DELTAX=0.004566
##FIRSTX=2.055
##LASTX=14.9859
##FIRSTY=0.922
##MAXX=14.9859
##MINX=2.055
##MAXY=0.962
##MINY=0.034
##NPOINTS=2833
##XYDATA=(X++(Y..Y))
2.055000 0.9220 0.9230 0.9230 0.9230 0.9240
2.077830 0.9230 0.9220 0.9230 0.9220 0.9220
2.100660 0.9220 0.9220 0.9220 0.9220 0.9220
2.123490 0.9220 0.9220 0.9220 0.9220 0.9218
2.146320 0.9200 0.9200 0.9200 0.9200 0.9199
2.169150 0.9190 0.9190 0.9190 0.9191 0.9200
2.191980 0.9200 0.9200 0.9200 0.9200 0.9200
2.214810 0.9200 0.9190 0.9190 0.9180 0.9170
2.237640 0.9152 0.9086 0.8995 0.8952 0.8888
2.260470 0.8807 0.8789 0.8779 0.8764 0.8713
2.283300 0.8656 0.8596 0.8529 0.8510 0.8511
2.306130 0.8531 0.8552 0.8591 0.8600 0.8600
2.328960 0.8600 0.8600 0.8610 0.8630 0.8650
2.351790 0.8660 0.8699 0.8729 0.8779 0.8780
2.374620 0.8790 0.8790 0.8790 0.8789 0.8780
2.397450 0.8781 0.8791 0.8801 0.8812 0.8831
2.420280 0.8840 0.8840 0.8841 0.8850 0.8850
2.443110 0.8851 0.8860 0.8861 0.8871 0.8890
2.465940 0.8900 0.8920 0.8940 0.8979 0.8990
2.488770 0.8990 0.9000 0.9000 0.9000 0.9000
2.511600 0.9020 0.9021 0.9030 0.9031 0.9041
2.534430 0.9051 0.9061 0.9070 0.9070 0.9070
2.557260 0.9070 0.9070 0.9071 0.9090 0.9090
2.580090 0.9090 0.9090 0.9100 0.9100 0.9100
2.602920 0.9100 0.9100 0.9100 0.9090 0.9090
2.625750 0.9071 0.9070 0.9070 0.9089 0.9100
2.648580 0.9113 0.9131 0.9144 0.9171 0.9181
2.671410 0.9191 0.9200 0.9200 0.9202 0.9220
2.694240 0.9221 0.9231 0.9240 0.9240 0.9250
2.717070 0.9250 0.9250 0.9250 0.9250 0.9250
2.739900 0.9250 0.9250 0.9250 0.9250 0.9250
2.762730 0.9250 0.9250 0.9250 0.9250 0.9250
2.785560 0.9250 0.9250 0.9250 0.9250 0.9250
2.808390 0.9250 0.9250 0.9250 0.9250 0.9249
2.831220 0.9240 0.9240 0.9230 0.9219 0.9200
2.854050 0.9200 0.9200 0.9190 0.9180 0.9170
2.876880 0.9170 0.9160 0.9141 0.9140 0.9130
2.899710 0.9130 0.9130 0.9130 0.9120 0.9120
2.922540 0.9110 0.9110 0.9110 0.9110 0.9110
2.945370 0.9110 0.9110 0.9110 0.9110 0.9110
2.968200 0.9110 0.9110 0.9110 0.9110 0.9110
2.991030 0.9110 0.9110 0.9110 0.9110 0.9110
3.013860 0.9100 0.9100 0.9090 0.9071 0.9070
3.036690 0.9070 0.9070 0.9070 0.9070 0.9060
3.059520 0.9025 0.8989 0.8978 0.8957 0.8926
3.082350 0.8887 0.8858 0.8840 0.8840 0.8839
3.105180 0.8829 0.8810 0.8800 0.8790 0.8780
3.128010 0.8780 0.8780 0.8780 0.8780 0.8790
3.150840 0.8809 0.8829 0.8830 0.8840 0.8840
3.173670 0.8859 0.8860 0.8850 0.8831 0.8792
3.196500 0.8767 0.8734 0.8658 0.8442 0.8171
3.219330 0.7907 0.7781 0.7698 0.7679 0.7666
3.242160 0.7627 0.7543 0.7346 0.7207 0.7097
3.264990 0.6979 0.6948 0.6879 0.6435 0.6215
3.287820 0.5989 0.5395 0.4719 0.4355 0.4006
3.310650 0.3266 0.2869 0.2489 0.1759 0.1360
3.333480 0.0924 0.0609 0.0506 0.0465 0.0418
3.356310 0.0398 0.0379 0.0369 0.0360 0.0359
3.379140 0.0350 0.0350 0.0350 0.0340 0.0340
3.401970 0.0340 0.0340 0.0350 0.0350 0.0350
3.424800 0.0350 0.0360 0.0370 0.0380 0.0380
3.447630 0.0408 0.0429 0.0525 0.0841 0.0888
3.470460 0.1280 0.1465 0.1521 0.1639 0.1846
3.493290 0.2131 0.2528 0.3465 0.4163 0.5592
3.516120 0.6185 0.6390 0.6805 0.7001 0.7076
3.538950 0.7373 0.7541 0.7632 0.7762 0.7911
3.561780 0.7958 0.8112 0.8148 0.8254 0.8288
3.584610 0.8318 0.8320 0.8329 0.8339 0.8340
3.607440 0.8340 0.8340 0.8340 0.8339 0.8330
3.630270 0.8325 0.8269 0.8259 0.8251 0.8262
3.653100 0.8282 0.8352 0.8451 0.8521 0.8571
3.675930 0.8610 0.8640 0.8650 0.8660 0.8670
3.698760 0.8680 0.8699 0.8709 0.8729 0.8739
3.721590 0.8740 0.8759 0.8760 0.8760 0.8760
3.744420 0.8760 0.8760 0.8760 0.8760 0.8761
3.767250 0.8771 0.8782 0.8802 0.8832 0.8851
3.790080 0.8871 0.8900 0.8900 0.8920 0.8920
3.812910 0.8920 0.8920 0.8920 0.8910 0.8910
3.835740 0.8901 0.8900 0.8900 0.8900 0.8909
3.858570 0.8919 0.8929 0.8986 0.8999 0.9037
3.881400 0.9073 0.9102 0.9123 0.9162 0.9181
3.904230 0.9191 0.9200 0.9202 0.9221 0.9241
3.927060 0.9261 0.9300 0.9310 0.9320 0.9320
3.949890 0.9330 0.9330 0.9330 0.9330 0.9320
3.972720 0.9320 0.9320 0.9320 0.9320 0.9320
3.995550 0.9320 0.9320 0.9320 0.9311 0.9310
4.018380 0.9310 0.9310 0.9310 0.9311 0.9320
4.041210 0.9320 0.9320 0.9321 0.9330 0.9331
4.064040 0.9350 0.9350 0.9350 0.9360 0.9360
4.086870 0.9360 0.9370 0.9370 0.9380 0.9380
4.109700 0.9380 0.9380 0.9380 0.9389 0.9390
4.132530 0.9390 0.9381 0.9380 0.9380 0.9380
4.155360 0.9369 0.9359 0.9348 0.9330 0.9330
4.178190 0.9330 0.9330 0.9331 0.9350 0.9351
4.201020 0.9360 0.9360 0.9360 0.9370 0.9370
4.223850 0.9370 0.9380 0.9380 0.9390 0.9390
4.246680 0.9399 0.9400 0.9400 0.9400 0.9418
4.269510 0.9429 0.9439 0.9458 0.9478 0.9480
4.292340 0.9490 0.9489 0.9480 0.9481 0.9500
4.315170 0.9500 0.9501 0.9509 0.9500 0.9500
4.338000 0.9500 0.9500 0.9510 0.9500 0.9500
4.360830 0.9480 0.9480 0.9490 0.9490 0.9500
4.383660 0.9500 0.9500 0.9500 0.9500 0.9509
4.406490 0.9510 0.9510 0.9510 0.9501 0.9500
4.429320 0.9489 0.9480 0.9477 0.9439 0.9420
4.452150 0.9419 0.9401 0.9422 0.9452 0.9481
4.474980 0.9490 0.9500 0.9510 0.9510 0.9510
4.497810 0.9510 0.9510 0.9510 0.9510 0.9510
4.520640 0.9519 0.9520 0.9520 0.9520 0.9520
4.543470 0.9520 0.9520 0.9529 0.9530 0.9530
4.566300 0.9530 0.9530 0.9530 0.9530 0.9531
4.589130 0.9550 0.9551 0.9561 0.9571 0.9580
4.611960 0.9580 0.9580 0.9590 0.9590 0.9590
4.634790 0.9590 0.9590 0.9590 0.9590 0.9590
4.657620 0.9590 0.9590 0.9590 0.9590 0.9590
4.680450 0.9590 0.9590 0.9590 0.9581 0.9580
4.703280 0.9580 0.9580 0.9579 0.9571 0.9580
4.726110 0.9581 0.9591 0.9610 0.9610 0.9610
4.748940 0.9610 0.9610 0.9620 0.9620 0.9620
4.771770 0.9620 0.9620 0.9620 0.9620 0.9620
4.794600 0.9620 0.9620 0.9620 0.9620 0.9620
4.817430 0.9620 0.9620 0.9620 0.9611 0.9610
4.840260 0.9590 0.9590 0.9590 0.9590 0.9590
4.863090 0.9590 0.9590 0.9590 0.9590 0.9590
4.885920 0.9580 0.9580 0.9580 0.9570 0.9580
4.908750 0.9580 0.9580 0.9590 0.9590 0.9590
4.931580 0.9608 0.9610 0.9610 0.9592 0.9581
4.954410 0.9571 0.9561 0.9560 0.9560 0.9560
4.977240 0.9560 0.9561 0.9570 0.9580 0.9590
5.000070 0.9590 0.9610 0.9610 0.9620 0.9620
5.022900 0.9620 0.9620 0.9611 0.9610 0.9610
5.045730 0.9591 0.9581 0.9571 0.9570 0.9561
5.068560 0.9560 0.9560 0.9552 0.9550 0.9534
5.091390 0.9530 0.9530 0.9542 0.9550 0.9550
5.114220 0.9550 0.9550 0.9550 0.9550 0.9550
5.137050 0.9555 0.9560 0.9565 0.9570 0.9575
5.159880 0.9580 0.9575 0.9570 0.9570 0.9570
5.182710 0.9566 0.9560 0.9560 0.9560 0.9560
5.205540 0.9560 0.9560 0.9558 0.9550 0.9550
5.228370 0.9550 0.9550 0.9550 0.9550 0.9550
5.251200 0.9550 0.9548 0.9530 0.9529 0.9520
5.274030 0.9520 0.9520 0.9511 0.9510 0.9501
5.296860 0.9500 0.9508 0.9518 0.9520 0.9528
5.319690 0.9545 0.9550 0.9550 0.9558 0.9552
5.342520 0.9550 0.9550 0.9550 0.9550 0.9550
5.365350 0.9550 0.9550 0.9539 0.9540 0.9555
5.388180 0.9555 0.9550 0.9550 0.9541 0.9530
5.411010 0.9538 0.9550 0.9550 0.9550 0.9541
5.433840 0.9538 0.9550 0.9550 0.9554 0.9560
5.456670 0.9557 0.9550 0.9542 0.9537 0.9550
5.479500 0.9543 0.9530 0.9530 0.9530 0.9530
5.502330 0.9530 0.9530 0.9529 0.9519 0.9510
5.525160 0.9510 0.9520 0.9520 0.9530 0.9530
5.547990 0.9530 0.9530 0.9520 0.9510 0.9510
5.570820 0.9510 0.9510 0.9510 0.9510 0.9510
5.593650 0.9501 0.9509 0.9510 0.9510 0.9503
5.616480 0.9500 0.9493 0.9483 0.9467 0.9454
5.639310 0.9450 0.9450 0.9450 0.9450 0.9444
5.662140 0.9428 0.9420 0.9408 0.9400 0.9400
5.684970 0.9395 0.9390 0.9390 0.9390 0.9390
5.707800 0.9390 0.9393 0.9400 0.9400 0.9405
5.730630 0.9420 0.9416 0.9398 0.9390 0.9387
5.753460 0.9372 0.9338 0.9298 0.9286 0.9270
5.776290 0.9270 0.9270 0.9269 0.9260 0.9260
5.799120 0.9222 0.9182 0.9096 0.9063 0.9051
5.821950 0.9041 0.9049 0.9084 0.9154 0.9196
5.844780 0.9227 0.9239 0.9240 0.9240 0.9248
5.867610 0.9250 0.9250 0.9242 0.9240 0.9240
5.890440 0.9240 0.9248 0.9250 0.9250 0.9235
5.913270 0.9223 0.9199 0.9176 0.9152 0.9091
5.936100 0.8992 0.8869 0.8780 0.8746 0.8725
5.958930 0.8720 0.8724 0.8787 0.8887 0.8938
5.981760 0.8984 0.9022 0.9058 0.9078 0.9094
6.004590 0.9104 0.9110 0.9113 0.9120 0.9122
6.027420 0.9130 0.9130 0.9130 0.9130 0.9131
6.050250 0.9140 0.9141 0.9160 0.9170 0.9173
6.073080 0.9204 0.9240 0.9241 0.9250 0.9250
6.095910 0.9240 0.9240 0.9240 0.9230 0.9230
6.118740 0.9230 0.9222 0.9197 0.9182 0.9187
6.141570 0.9197 0.9228 0.9240 0.9247 0.9250
6.164400 0.9257 0.9267 0.9298 0.9324 0.9343
6.187230 0.9350 0.9350 0.9350 0.9350 0.9350
6.210060 0.9341 0.9330 0.9326 0.9320 0.9320
6.232890 0.9320 0.9323 0.9330 0.9339 0.9366
6.255720 0.9380 0.9384 0.9390 0.9390 0.9390
6.278550 0.9387 0.9372 0.9340 0.9310 0.9314
6.301380 0.9332 0.9361 0.9370 0.9380 0.9380
6.324210 0.9380 0.9390 0.9390 0.9381 0.9380
6.347040 0.9370 0.9370 0.9370 0.9360 0.9360
6.369870 0.9360 0.9369 0.9397 0.9400 0.9391
6.392700 0.9381 0.9371 0.9361 0.9351 0.9333
6.415530 0.9330 0.9330 0.9314 0.9310 0.9302
6.438360 0.9300 0.9300 0.9300 0.9294 0.9290
6.461190 0.9290 0.9290 0.9290 0.9280 0.9270
6.484020 0.9270 0.9264 0.9255 0.9250 0.9250
6.506850 0.9245 0.9235 0.9230 0.9230 0.9230
6.529680 0.9226 0.9215 0.9197 0.9183 0.9154
6.552510 0.9126 0.9106 0.9080 0.9026 0.8999
6.575340 0.8989 0.8976 0.8960 0.8957 0.8939
6.598170 0.8929 0.8914 0.8857 0.8826 0.8777
6.621000 0.8728 0.8684 0.8671 0.8661 0.8634
6.643830 0.8563 0.8509 0.8428 0.8292 0.8222
6.666660 0.8187 0.8147 0.8018 0.7846 0.7646
6.689490 0.7340 0.7029 0.6782 0.6485 0.6265
6.712320 0.6081 0.5831 0.5563 0.5312 0.5086
6.735150 0.4875 0.4714 0.4612 0.4453 0.4214
6.757980 0.3936 0.3587 0.3165 0.2854 0.2699
6.780810 0.2540 0.2392 0.2289 0.2270 0.2267
6.803640 0.2251 0.2210 0.2143 0.2082 0.2033
6.826470 0.1997 0.1987 0.1983 0.1993 0.2018
6.849300 0.2092 0.2180 0.2275 0.2436 0.2670
6.872130 0.3321 0.3578 0.3902 0.4266 0.4581
6.894960 0.4933 0.5072 0.5151 0.5180 0.5190
6.917790 0.5171 0.5008 0.4897 0.4798 0.4763
6.940620 0.4786 0.4902 0.5087 0.5426 0.5812
6.963450 0.6107 0.6250 0.6435 0.6583 0.6699
6.986280 0.6827 0.6955 0.7091 0.7223 0.7351
7.009110 0.7479 0.7607 0.7694 0.7737 0.7809
7.031940 0.7907 0.7980 0.8045 0.8101 0.8123
7.054770 0.8136 0.8159 0.8183 0.8193 0.8202
7.077600 0.8210 0.8212 0.8220 0.8220 0.8217
7.100430 0.8208 0.8198 0.8188 0.8168 0.8099
7.123260 0.7989 0.7902 0.7702 0.7482 0.7217
7.146090 0.6761 0.6702 0.6691 0.6690 0.6681
7.168920 0.6645 0.6614 0.6443 0.6228 0.5832
7.191750 0.5419 0.4842 0.4675 0.4560 0.4320
7.214580 0.4214 0.4192 0.4198 0.4217 0.4245
7.237410 0.4266 0.4286 0.4290 0.4313 0.4364
7.260240 0.4438 0.4502 0.4568 0.4590 0.4563
7.283070 0.4389 0.4124 0.3922 0.3727 0.3577
7.305900 0.3546 0.3544 0.3558 0.3617 0.3801
7.328730 0.4110 0.4725 0.5450 0.5871 0.6202
7.351560 0.6471 0.6674 0.6753 0.6826 0.6851
7.374390 0.6913 0.6991 0.7064 0.7095 0.7143
7.397220 0.7177 0.7278 0.7413 0.7493 0.7619
7.420050 0.7707 0.7789 0.7912 0.7954 0.8061
7.442880 0.8090 0.8110 0.8120 0.8111 0.8018
7.465710 0.7928 0.7777 0.7572 0.7483 0.7470
7.488540 0.7484 0.7518 0.7571 0.7695 0.7850
7.511370 0.7941 0.8024 0.8147 0.8311 0.8422
7.534200 0.8482 0.8506 0.8528 0.8558 0.8575
7.557030 0.8589 0.8604 0.8618 0.8638 0.8650
7.579860 0.8654 0.8657 0.8644 0.8624 0.8607
7.602690 0.8582 0.8533 0.8467 0.8375 0.8299
7.625520 0.8239 0.8207 0.8198 0.8188 0.8178
7.648350 0.8170 0.8165 0.8150 0.8155 0.8172
7.671180 0.8182 0.8196 0.8223 0.8240 0.8236
7.694010 0.8210 0.8200 0.8190 0.8171 0.8114
7.716840 0.8018 0.7902 0.7573 0.7150 0.6642
7.739670 0.6385 0.6188 0.6134 0.6130 0.6164
7.762500 0.6246 0.6623 0.6886 0.7072 0.7257
7.785330 0.7408 0.7560 0.7705 0.7854 0.8006
7.808160 0.8131 0.8282 0.8417 0.8495 0.8549
7.830990 0.8601 0.8647 0.8671 0.8706 0.8745
7.853820 0.8765 0.8779 0.8794 0.8804 0.8818
7.876650 0.8834 0.8840 0.8840 0.8840 0.8842
7.899480 0.8850 0.8848 0.8835 0.8804 0.8764
7.922310 0.8714 0.8653 0.8568 0.8501 0.8435
7.945140 0.8325 0.8206 0.8166 0.8112 0.7997
7.967970 0.7928 0.7875 0.7852 0.7833 0.7822
7.990800 0.7828 0.7854 0.7916 0.7969 0.7995
8.013630 0.8030 0.8056 0.8100 0.8165 0.8304
8.036460 0.8363 0.8400 0.8453 0.8491 0.8514
8.059290 0.8520 0.8527 0.8530 0.8523 0.8513
8.082120 0.8503 0.8473 0.8421 0.8349 0.8295
8.104950 0.8256 0.8224 0.8206 0.8191 0.8176
8.127780 0.8162 0.8161 0.8213 0.8304 0.8396
8.150610 0.8472 0.8539 0.8602 0.8647 0.8677
8.173440 0.8736 0.8805 0.8843 0.8853 0.8860
8.196270 0.8862 0.8868 0.8860 0.8859 0.8849
8.219100 0.8839 0.8800 0.8780 0.8731 0.8720
8.241930 0.8701 0.8681 0.8599 0.8510 0.8461
8.264760 0.8422 0.8373 0.8333 0.8321 0.8311
8.287590 0.8310 0.8310 0.8310 0.8317 0.8327
8.310420 0.8343 0.8363 0.8376 0.8405 0.8450
8.333250 0.8493 0.8533 0.8562 0.8576 0.8592
8.356080 0.8600 0.8594 0.8584 0.8553 0.8488
8.378910 0.8409 0.8325 0.8250 0.8207 0.8203
8.401740 0.8213 0.8235 0.8300 0.8396 0.8459
8.424570 0.8536 0.8609 0.8697 0.8768 0.8800
8.447400 0.8844 0.8894 0.8914 0.8932 0.8943
8.470230 0.8966 0.9005 0.9043 0.9070 0.9070
8.493060 0.9042 0.9021 0.9002 0.8991 0.8990
8.515890 0.8964 0.8901 0.8857 0.8832 0.8776
8.538720 0.8691 0.8637 0.8554 0.8507 0.8476
8.561550 0.8454 0.8442 0.8448 0.8458 0.8476
8.584380 0.8496 0.8524 0.8545 0.8580 0.8605
8.607210 0.8624 0.8637 0.8647 0.8662 0.8675
8.630040 0.8695 0.8715 0.8725 0.8744 0.8764
8.652870 0.8774 0.8788 0.8804 0.8810 0.8810
8.675700 0.8806 0.8796 0.8782 0.8766 0.8741
8.698530 0.8653 0.8540 0.8485 0.8356 0.8195
8.721360 0.8105 0.7981 0.7699 0.7445 0.7196
8.744190 0.6922 0.6808 0.6760 0.6761 0.6827
8.767020 0.6909 0.7139 0.7277 0.7433 0.7551
8.789850 0.7669 0.7748 0.7808 0.7876 0.7938
8.812680 0.8021 0.8102 0.8249 0.8357 0.8423
8.835510 0.8496 0.8561 0.8593 0.8620 0.8644
8.858340 0.8715 0.8768 0.8794 0.8807 0.8836
8.881170 0.8856 0.8878 0.8890 0.8896 0.8900
8.904000 0.8900 0.8900 0.8896 0.8890 0.8876
8.926830 0.8833 0.8793 0.8774 0.8754 0.8740
8.949660 0.8736 0.8727 0.8720 0.8720 0.8720
8.972490 0.8717 0.8710 0.8710 0.8710 0.8708
8.995320 0.8700 0.8695 0.8680 0.8680 0.8680
9.018150 0.8684 0.8700 0.8702 0.8710 0.8710
9.040980 0.8710 0.8710 0.8710 0.8701 0.8700
9.063810 0.8682 0.8662 0.8608 0.8574 0.8536
9.086640 0.8475 0.8407 0.8347 0.8296 0.8281
9.109470 0.8272 0.8262 0.8252 0.8242 0.8240
9.132300 0.8220 0.8204 0.8188 0.8157 0.8134
9.155130 0.8125 0.8120 0.8125 0.8135 0.8145
9.177960 0.8186 0.8236 0.8261 0.8290 0.8310
9.200790 0.8282 0.8232 0.8197 0.8150 0.8086
9.223620 0.8029 0.7975 0.7918 0.7873 0.7838
9.246450 0.7788 0.7780 0.7782 0.7793 0.7812
9.269280 0.7833 0.7862 0.7870 0.7873 0.7893
9.292110 0.7911 0.7921 0.7932 0.7952 0.7990
9.314940 0.8000 0.8018 0.8081 0.8356 0.8467
9.337770 0.8529 0.8588 0.8639 0.8673 0.8710
9.360600 0.8735 0.8756 0.8768 0.8778 0.8788
9.383430 0.8790 0.8797 0.8800 0.8800 0.8807
9.406260 0.8830 0.8854 0.8867 0.8899 0.8917
9.429090 0.8927 0.8937 0.8940 0.8940 0.8940
9.451920 0.8934 0.8909 0.8868 0.8810 0.8754
9.474750 0.8707 0.8644 0.8572 0.8507 0.8474
9.497580 0.8457 0.8447 0.8433 0.8420 0.8427
9.520410 0.8459 0.8515 0.8575 0.8648 0.8677
9.543240 0.8705 0.8724 0.8745 0.8801 0.8811
9.566070 0.8830 0.8840 0.8850 0.8860 0.8908
9.588900 0.8929 0.8958 0.8990 0.9000 0.9019
9.611730 0.9030 0.9030 0.9039 0.9049 0.9059
9.634560 0.9060 0.9069 0.9063 0.9060 0.9060
9.657390 0.9060 0.9060 0.9060 0.9060 0.9054
9.680220 0.9044 0.9029 0.9002 0.8971 0.8942
9.703050 0.8906 0.8873 0.8849 0.8813 0.8753
9.725880 0.8680 0.8591 0.8460 0.8340 0.8288
9.748710 0.8193 0.8067 0.7905 0.7867 0.7704
9.771540 0.7327 0.7048 0.6822 0.6750 0.6767
9.794370 0.6832 0.6879 0.6924 0.6991 0.7048
9.817200 0.7096 0.7130 0.7125 0.7051 0.6886
9.840030 0.6829 0.6589 0.6451 0.6388 0.6367
9.862860 0.6336 0.6279 0.6261 0.6287 0.6574
9.885690 0.6732 0.6818 0.6880 0.7005 0.7134
9.908520 0.7262 0.7321 0.7390 0.7426 0.7479
9.931350 0.7522 0.7530 0.7538 0.7540 0.7555
9.954180 0.7567 0.7584 0.7597 0.7647 0.7748
9.977010 0.7861 0.7920 0.7944 0.7983 0.8028
9.999840 0.8067 0.8098 0.8110 0.8114 0.8125
10.022670 0.8130 0.8130 0.8130 0.8134 0.8155
10.045500 0.8225 0.8340 0.8431 0.8521 0.8593
10.068330 0.8670 0.8738 0.8794 0.8833 0.8863
10.091160 0.8902 0.8930 0.8941 0.8960 0.8972
10.113990 0.8991 0.9002 0.9030 0.9040 0.9050
10.136820 0.9050 0.9050 0.9060 0.9060 0.9060
10.159650 0.9052 0.9042 0.9032 0.9001 0.8976
10.182480 0.8942 0.8916 0.8903 0.8894 0.8876
10.205310 0.8870 0.8863 0.8860 0.8867 0.8883
10.228140 0.8903 0.8928 0.8952 0.8966 0.8982
10.250970 0.9022 0.9071 0.9102 0.9116 0.9126
10.273800 0.9152 0.9181 0.9190 0.9195 0.9209
10.296630 0.9227 0.9247 0.9260 0.9263 0.9270
10.319460 0.9270 0.9270 0.9270 0.9270 0.9268
10.342290 0.9260 0.9260 0.9260 0.9260 0.9260
10.365120 0.9258 0.9248 0.9238 0.9229 0.9218
10.387950 0.9200 0.9200 0.9190 0.9181 0.9180
10.410780 0.9171 0.9170 0.9170 0.9170 0.9170
10.433610 0.9170 0.9170 0.9170 0.9170 0.9170
10.456440 0.9170 0.9170 0.9170 0.9170 0.9170
10.479270 0.9170 0.9164 0.9160 0.9160 0.9160
10.502100 0.9160 0.9160 0.9160 0.9160 0.9165
10.524930 0.9165 0.9160 0.9150 0.9140 0.9140
10.547760 0.9135 0.9125 0.9116 0.9106 0.9084
10.570590 0.9053 0.9038 0.9028 0.9020 0.9020
10.593420 0.9022 0.9032 0.9043 0.9061 0.9072
10.616250 0.9090 0.9086 0.9068 0.9059 0.9046
10.639080 0.9017 0.8988 0.8968 0.8939 0.8920
10.661910 0.8910 0.8892 0.8873 0.8861 0.8852
10.684740 0.8850 0.8858 0.8868 0.8901 0.8932
10.707570 0.8962 0.8978 0.8988 0.8998 0.9015
10.730400 0.9020 0.9020 0.9027 0.9030 0.9030
10.753230 0.9030 0.9030 0.9023 0.9006 0.8993
10.776060 0.8983 0.8973 0.8951 0.8934 0.8930
10.798890 0.8924 0.8920 0.8911 0.8883 0.8852
10.821720 0.8825 0.8796 0.8780 0.8740 0.8687
10.844550 0.8645 0.8585 0.8505 0.8443 0.8403
10.867380 0.8378 0.8344 0.8327 0.8317 0.8310
10.890210 0.8312 0.8324 0.8342 0.8371 0.8381
10.913040 0.8411 0.8450 0.8499 0.8529 0.8549
10.935870 0.8587 0.8608 0.8650 0.8670 0.8680
10.958700 0.8699 0.8700 0.8700 0.8700 0.8700
10.981530 0.8683 0.8663 0.8653 0.8615 0.8559
11.004360 0.8481 0.8379 0.8265 0.8190 0.8123
11.027190 0.8061 0.7996 0.7942 0.7905 0.7884
11.050020 0.7874 0.7870 0.7870 0.7875 0.7885
11.072850 0.7890 0.7900 0.7910 0.7903 0.7890
11.095680 0.7842 0.7719 0.7687 0.7596 0.7235
11.118510 0.6827 0.6582 0.6317 0.5956 0.5563
11.141340 0.5219 0.5051 0.4889 0.4663 0.4635
11.164170 0.4668 0.4732 0.4849 0.5113 0.5337
11.187000 0.5552 0.5761 0.5985 0.6182 0.6315
11.209830 0.6601 0.6768 0.6933 0.7021 0.7127
11.232660 0.7200 0.7278 0.7398 0.7461 0.7526
11.255490 0.7594 0.7678 0.7745 0.7833 0.7898
11.278320 0.7918 0.7920 0.7965 0.8032 0.8072
11.301150 0.8087 0.8131 0.8270 0.8377 0.8457
11.323980 0.8525 0.8569 0.8599 0.8650 0.8709
11.346810 0.8741 0.8782 0.8819 0.8858 0.8883
11.369640 0.8900 0.8904 0.8910 0.8914 0.8924
11.392470 0.8951 0.9000 0.9014 0.8997 0.8987
11.415300 0.8970 0.8970 0.8970 0.8969 0.8960
11.438130 0.8960 0.8960 0.8960 0.8960 0.8970
11.460960 0.8971 0.8990 0.8990 0.9000 0.9020
11.483790 0.9040 0.9069 0.9108 0.9119 0.9128
11.506620 0.9130 0.9138 0.9162 0.9192 0.9214
11.529450 0.9227 0.9230 0.9237 0.9240 0.9247
11.552280 0.9257 0.9267 0.9270 0.9283 0.9290
11.575110 0.9296 0.9300 0.9300 0.9306 0.9316
11.597940 0.9320 0.9326 0.9342 0.9350 0.9356
11.620770 0.9360 0.9360 0.9360 0.9365 0.9370
11.643600 0.9373 0.9383 0.9390 0.9393 0.9400
11.666430 0.9400 0.9405 0.9420 0.9420 0.9416
11.689260 0.9405 0.9420 0.9420 0.9420 0.9422
11.712090 0.9432 0.9443 0.9460 0.9460 0.9460
11.734920 0.9460 0.9460 0.9460 0.9460 0.9460
11.757750 0.9460 0.9460 0.9460 0.9477 0.9488
11.780580 0.9490 0.9499 0.9500 0.9509 0.9510
11.803410 0.9502 0.9500 0.9500 0.9500 0.9500
11.826240 0.9500 0.9500 0.9494 0.9484 0.9463
11.849070 0.9450 0.9450 0.9445 0.9440 0.9440
11.871900 0.9440 0.9440 0.9440 0.9440 0.9440
11.894730 0.9440 0.9440 0.9440 0.9436 0.9430
11.917560 0.9430 0.9430 0.9430 0.9430 0.9428
11.940390 0.9420 0.9417 0.9399 0.9390 0.9390
11.963220 0.9390 0.9390 0.9390 0.9390 0.9390
11.986050 0.9389 0.9379 0.9369 0.9360 0.9349
12.008880 0.9320 0.9300 0.9300 0.9300 0.9300
12.031710 0.9290 0.9290 0.9290 0.9271 0.9270
12.054540 0.9261 0.9260 0.9260 0.9252 0.9242
12.077370 0.9240 0.9233 0.9223 0.9206 0.9193
12.100200 0.9183 0.9173 0.9163 0.9146 0.9133
12.123030 0.9123 0.9114 0.9110 0.9104 0.9094
12.145860 0.9073 0.9030 0.8996 0.8986 0.8972
12.168690 0.8952 0.8933 0.8913 0.8884 0.8838
12.191520 0.8796 0.8730 0.8653 0.8626 0.8568
12.214350 0.8473 0.8390 0.8316 0.8240 0.8201
12.237180 0.8131 0.7976 0.7897 0.7711 0.7536
12.260010 0.7406 0.7171 0.6915 0.6631 0.6421
12.282840 0.6299 0.6172 0.5922 0.5715 0.5509
12.305670 0.5293 0.5040 0.4893 0.4684 0.4599
12.328500 0.4522 0.4435 0.4354 0.4302 0.4290
12.351330 0.4310 0.4390 0.4504 0.4766 0.5003
12.374160 0.5166 0.5350 0.5588 0.5899 0.6156
12.396990 0.6281 0.6524 0.6821 0.7020 0.7182
12.419820 0.7339 0.7501 0.7646 0.7814 0.7957
12.442650 0.8041 0.8129 0.8223 0.8325 0.8403
12.465480 0.8445 0.8492 0.8517 0.8540 0.8572
12.488310 0.8582 0.8590 0.8590 0.8590 0.8590
12.511140 0.8587 0.8568 0.8549 0.8540 0.8538
12.533970 0.8530 0.8530 0.8531 0.8540 0.8543
12.556800 0.8583 0.8631 0.8660 0.8678 0.8715
12.579630 0.8737 0.8757 0.8768 0.8778 0.8788
12.602460 0.8805 0.8833 0.8855 0.8892 0.8916
12.625290 0.8936 0.8955 0.8960 0.8960 0.8960
12.648120 0.8960 0.8960 0.8947 0.8934 0.8925
12.670950 0.8915 0.8915 0.8920 0.8920 0.8920
12.693780 0.8924 0.8930 0.8930 0.8930 0.8930
12.716610 0.8930 0.8934 0.8940 0.8947 0.8960
12.739440 0.8963 0.8973 0.8986 0.9010 0.9043
12.762270 0.9061 0.9072 0.9090 0.9090 0.9091
12.785100 0.9100 0.9100 0.9110 0.9110 0.9120
12.807930 0.9120 0.9120 0.9120 0.9120 0.9120
12.830760 0.9120 0.9120 0.9120 0.9120 0.9120
12.853590 0.9120 0.9120 0.9120 0.9120 0.9120
12.876420 0.9120 0.9120 0.9120 0.9120 0.9120
12.899250 0.9120 0.9120 0.9120 0.9126 0.9130
12.922080 0.9136 0.9140 0.9140 0.9140 0.9140
12.944910 0.9140 0.9140 0.9140 0.9140 0.9151
12.967740 0.9160 0.9160 0.9160 0.9165 0.9174
12.990570 0.9180 0.9177 0.9167 0.9160 0.9160
13.013400 0.9160 0.9160 0.9160 0.9160 0.9160
13.036230 0.9160 0.9160 0.9160 0.9160 0.9160
13.059060 0.9160 0.9157 0.9140 0.9140 0.9139
13.081890 0.9130 0.9130 0.9139 0.9131 0.9130
13.104720 0.9130 0.9130 0.9130 0.9130 0.9130
13.127550 0.9130 0.9130 0.9130 0.9130 0.9130
13.150380 0.9130 0.9130 0.9130 0.9130 0.9130
13.173210 0.9130 0.9130 0.9130 0.9124 0.9120
13.196040 0.9120 0.9125 0.9130 0.9130 0.9130
13.218870 0.9130 0.9130 0.9125 0.9120 0.9115
13.241700 0.9110 0.9110 0.9110 0.9106 0.9100
13.264530 0.9097 0.9085 0.9068 0.9058 0.9046
13.287360 0.9028 0.9016 0.8989 0.8979 0.8969
13.310190 0.8960 0.8960 0.8957 0.8939 0.8928
13.333020 0.8909 0.8898 0.8869 0.8860 0.8849
13.355850 0.8800 0.8790 0.8790 0.8790 0.8790
13.378680 0.8790 0.8790 0.8790 0.8800 0.8810
13.401510 0.8829 0.8838 0.8848 0.8858 0.8867
13.424340 0.8892 0.8907 0.8910 0.8917 0.8933
13.447170 0.8953 0.8967 0.8970 0.8970 0.8970
13.470000 0.8977 0.8986 0.8990 0.9008 0.9026
13.492830 0.9036 0.9045 0.9050 0.9050 0.9050
13.515660 0.9050 0.9050 0.9053 0.9060 0.9060
13.538490 0.9063 0.9070 0.9070 0.9077 0.9090
13.561320 0.9093 0.9100 0.9100 0.9100 0.9100
13.584150 0.9100 0.9100 0.9099 0.9090 0.9090
13.606980 0.9090 0.9070 0.9060 0.9060 0.9060
13.629810 0.9051 0.9050 0.9060 0.9060 0.9060
13.652640 0.9060 0.9060 0.9060 0.9051 0.9050
13.675470 0.9042 0.9032 0.9023 0.9006 0.9000
13.698300 0.9000 0.9000 0.9000 0.8994 0.8990
13.721130 0.8984 0.8980 0.8974 0.8970 0.8970
13.743960 0.8964 0.8943 0.8925 0.8915 0.8910
13.766790 0.8910 0.8910 0.8910 0.8910 0.8910
13.789620 0.8915 0.8920 0.8920 0.8920 0.8920
13.812450 0.8920 0.8924 0.8930 0.8930 0.8930
13.835280 0.8930 0.8930 0.8930 0.8928 0.8920
13.858110 0.8920 0.8920 0.8920 0.8920 0.8920
13.880940 0.8919 0.8909 0.8900 0.8899 0.8890
13.903770 0.8889 0.8870 0.8870 0.8870 0.8870
13.926600 0.8870 0.8870 0.8870 0.8862 0.8860
13.949430 0.8852 0.8843 0.8833 0.8830 0.8830
13.972260 0.8830 0.8830 0.8830 0.8815 0.8810
13.995090 0.8810 0.8810 0.8810 0.8810 0.8810
14.017920 0.8805 0.8800 0.8800 0.8796 0.8790
14.040750 0.8790 0.8790 0.8790 0.8790 0.8790
14.063580 0.8790 0.8786 0.8776 0.8770 0.8767
14.086410 0.8760 0.8760 0.8760 0.8760 0.8760
14.109240 0.8760 0.8760 0.8758 0.8739 0.8729
14.132070 0.8720 0.8720 0.8720 0.8710 0.8710
14.154900 0.8710 0.8710 0.8700 0.8700 0.8700
14.177730 0.8681 0.8680 0.8680 0.8671 0.8670
14.200560 0.8670 0.8670 0.8661 0.8660 0.8642
14.223390 0.8613 0.8601 0.8600 0.8600 0.8600
14.246220 0.8600 0.8600 0.8593 0.8590 0.8584
14.269050 0.8580 0.8580 0.8580 0.8580 0.8580
14.291880 0.8580 0.8580 0.8580 0.8580 0.8575
14.314710 0.8559 0.8550 0.8540 0.8530 0.8530
14.337540 0.8530 0.8530 0.8527 0.8520 0.8520
14.360370 0.8520 0.8520 0.8518 0.8510 0.8510
14.383200 0.8510 0.8508 0.8496 0.8480 0.8478
14.406030 0.8470 0.8470 0.8469 0.8460 0.8459
14.428860 0.8450 0.8450 0.8450 0.8441 0.8440
14.451690 0.8440 0.8423 0.8420 0.8412 0.8410
14.474520 0.8410 0.8401 0.8400 0.8400 0.8392
14.497350 0.8390 0.8390 0.8390 0.8382 0.8380
14.520180 0.8380 0.8380 0.8380 0.8374 0.8370
14.543010 0.8360 0.8345 0.8340 0.8335 0.8325
14.565840 0.8315 0.8310 0.8300 0.8280 0.8270
14.588670 0.8266 0.8260 0.8264 0.8270 0.8266
14.611500 0.8252 0.8231 0.8216 0.8210 0.8210
14.634330 0.8210 0.8210 0.8210 0.8210 0.8207
14.657160 0.8200 0.8200 0.8199 0.8189 0.8180
14.679990 0.8179 0.8169 0.8150 0.8150 0.8140
14.702820 0.8140 0.8140 0.8140 0.8140 0.8140
14.725650 0.8140 0.8130 0.8130 0.8130 0.8121
14.748480 0.8111 0.8110 0.8094 0.8090 0.8090
14.771310 0.8090 0.8083 0.8080 0.8073 0.8070
14.794140 0.8057 0.8043 0.8026 0.8020 0.8013
14.816970 0.8003 0.8000 0.7994 0.7990 0.7973
14.839800 0.7960 0.7960 0.7952 0.7940 0.7936
14.862630 0.7930 0.7927 0.7917 0.7904 0.7887
14.885460 0.7877 0.7870 0.7867 0.7860 0.7860
14.908290 0.7860 0.7863 0.7870 0.7872 0.7882
14.931120 0.7894 0.7912 0.7921 0.7940 0.7950
14.953950 0.7950 0.7960 0.7960 0.7979 0.7989
14.976780 0.7963 0.7960 0.7980
##END=
