##TITLE=ISOBUTYL FORMATE
$$ E.K. (W.L.)
##JCAMP-DX=4.24
##DATA TYPE=INFRARED SPECTRUM
##CLASS=COBLENTZ
##ORIGIN=WYANDOTTE CHEMICALS CORP., WYANDOTTE, MICHIGAN, USA
##OWNER=COBLENTZ SOCIETY
Collection (C) 2018 copyright by the U.S. Secretary of Commerce
on behalf of the United States of America. All rights reserved.
##DATE=Not specified, most likely prior to 1970
##CAS REGISTRY NO=542-55-2
##MOLFORM=C5 H10 O2
##BP=96-97 C
##SOURCE REFERENCE=COBLENTZ NO. 318
##$NIST SOURCE=COBLENTZ
##$NIST IMAGE=cob318
##SPECTROMETER/DATA SYSTEM=Not specified, most likely a prism, grating, or hybrid spectrometer.
##STATE=LIQUID
##PATH LENGTH=0.003 CM
##SAMPLING PROCEDURE=TRANSMISSION
##RESOLUTION=4
##DATA PROCESSING=DIGITIZED BY NIST FROM HARD COPY
##XUNITS=MICROMETERS
##YUNITS=TRANSMITTANCE
##XFACTOR=1.000000
##YFACTOR=1
##DELTAX=000.006649
##FIRSTX=2.009
##LASTX=15.9786
##FIRSTY=0.948
##MAXX=15.9786
##MINX=2.009
##MAXY=0.983
##MINY=0.034
##NPOINTS=2102
##XYDATA=(X++(Y..Y))
2.009000 0.9480 0.9530 0.9560 0.9560 0.9600
2.042261 0.9600 0.9580 0.9550 0.9510 0.9510
2.076000 0.9560 0.9600 0.9610 0.9630 0.9630
2.109261 0.9650 0.9630 0.9650 0.9660 0.9680
2.142000 0.9700 0.9700 0.9660 0.9650 0.9550
2.175261 0.9480 0.9380 0.9360 0.9380 0.9380
2.209000 0.9380 0.9380 0.9380 0.9350 0.9310
2.242261 0.9300 0.9310 0.9310 0.9350 0.9410
2.275000 0.9410 0.9400 0.9400 0.9400 0.9430
2.308261 0.9430 0.9410 0.9350 0.9300 0.9250
2.342000 0.9230 0.9210 0.9230 0.9250 0.9280
2.375261 0.9300 0.9350 0.9410 0.9480 0.9500
2.408000 0.9530 0.9580 0.9610 0.9650 0.9660
2.441261 0.9650 0.9650 0.9650 0.9650 0.9650
2.475000 0.9660 0.9660 0.9650 0.9600 0.9600
2.508261 0.9650 0.9630 0.9630 0.9630 0.9610
2.541000 0.9610 0.9610 0.9610 0.9630 0.9660
2.574261 0.9680 0.9730 0.9730 0.9680 0.9650
2.608000 0.9610 0.9580 0.9580 0.9600 0.9650
2.641261 0.9650 0.9600 0.9600 0.9600 0.9600
2.674000 0.9600 0.9610 0.9660 0.9660 0.9610
2.707261 0.9600 0.9560 0.9510 0.9450 0.9400
2.741000 0.9350 0.9330 0.9300 0.9230 0.9110
2.774261 0.9050 0.8950 0.8880 0.8830 0.8810
2.807000 0.8810 0.8810 0.8810 0.8830 0.8830
2.840261 0.8860 0.8900 0.8930 0.8980 0.9000
2.874000 0.9010 0.9010 0.9010 0.9000 0.8910
2.907261 0.8850 0.8760 0.8700 0.8680 0.8700
2.940000 0.8760 0.8850 0.8930 0.9000 0.9080
2.973261 0.9160 0.9250 0.9310 0.9360 0.9400
3.007000 0.9400 0.9400 0.9400 0.9400 0.9400
3.040261 0.9400 0.9410 0.9430 0.9430 0.9460
3.073000 0.9460 0.9450 0.9430 0.9430 0.9400
3.106261 0.9380 0.9360 0.9360 0.9350 0.9310
3.140000 0.9260 0.9250 0.9180 0.9160 0.9180
3.173261 0.9200 0.9210 0.9230 0.9230 0.9230
3.206000 0.9250 0.9230 0.9200 0.9110 0.9000
3.239261 0.9000 0.9010 0.9080 0.9100 0.9130
3.273000 0.9110 0.9050 0.8960 0.8900 0.8760
3.306261 0.8610 0.8300 0.7820 0.7150 0.6300
3.339000 0.5240 0.4270 0.3370 0.2260 0.1340
3.372261 0.0680 0.0610 0.0610 0.0860 0.1130
3.406000 0.1380 0.1610 0.1810 0.2010 0.2170
3.439261 0.2320 0.2440 0.2510 0.2560 0.2640
3.472000 0.2840 0.3190 0.3770 0.4640 0.5640
3.505261 0.6400 0.6970 0.7380 0.7680 0.7870
3.539000 0.8000 0.8080 0.8180 0.8300 0.8460
3.572261 0.8710 0.8810 0.8860 0.8950 0.9000
3.605000 0.9060 0.9100 0.9110 0.9150 0.9210
3.638261 0.9210 0.9180 0.9110 0.9030 0.8850
3.672000 0.8800 0.8800 0.8910 0.9030 0.9080
3.705261 0.9210 0.9260 0.9330 0.9410 0.9450
3.738000 0.9450 0.9430 0.9430 0.9430 0.9430
3.771261 0.9460 0.9480 0.9500 0.9510 0.9580
3.805000 0.9580 0.9600 0.9610 0.9610 0.9610
3.838261 0.9630 0.9610 0.9600 0.9600 0.9580
3.871000 0.9580 0.9580 0.9580 0.9580 0.9600
3.904261 0.9610 0.9650 0.9660 0.9680 0.9680
3.937000 0.9680 0.9680 0.9700 0.9710 0.9710
3.970261 0.9730 0.9730 0.9710 0.9710 0.9700
4.004000 0.9700 0.9680 0.9680 0.9680 0.9680
4.037261 0.9680 0.9680 0.9680 0.9680 0.9650
4.070000 0.9650 0.9630 0.9610 0.9630 0.9650
4.103261 0.9680 0.9730 0.9730 0.9700 0.9650
4.137000 0.9630 0.9610 0.9600 0.9580 0.9580
4.170261 0.9560 0.9560 0.9560 0.9560 0.9610
4.203000 0.9580 0.9530 0.9510 0.9510 0.9500
4.236261 0.9460 0.9400 0.9350 0.9350 0.9380
4.270000 0.9400 0.9430 0.9460 0.9500 0.9480
4.303261 0.9480 0.9460 0.9430 0.9380 0.9380
4.336000 0.9400 0.9400 0.9400 0.9400 0.9410
4.369261 0.9430 0.9410 0.9400 0.9400 0.9400
4.403000 0.9380 0.9400 0.9410 0.9430 0.9450
4.436261 0.9480 0.9600 0.9630 0.9630 0.9630
4.469000 0.9630 0.9630 0.9630 0.9610 0.9610
4.502261 0.9630 0.9680 0.9730 0.9800 0.9810
4.536000 0.9810 0.9800 0.9800 0.9780 0.9710
4.569261 0.9710 0.9760 0.9800 0.9800 0.9800
4.602000 0.9800 0.9760 0.9760 0.9760 0.9760
4.635261 0.9760 0.9780 0.9760 0.9750 0.9750
4.669000 0.9760 0.9780 0.9800 0.9800 0.9760
4.702261 0.9750 0.9750 0.9750 0.9730 0.9730
4.735000 0.9710 0.9700 0.9700 0.9710 0.9710
4.768261 0.9660 0.9560 0.9550 0.9510 0.9530
4.802000 0.9500 0.9410 0.9330 0.9330 0.9330
4.835261 0.9330 0.9350 0.9380 0.9400 0.9400
4.868000 0.9400 0.9380 0.9400 0.9400 0.9400
4.901261 0.9400 0.9410 0.9450 0.9450 0.9430
4.935000 0.9410 0.9430 0.9450 0.9480 0.9500
4.968261 0.9510 0.9550 0.9560 0.9600 0.9610
5.001000 0.9630 0.9630 0.9650 0.9630 0.9650
5.034261 0.9650 0.9700 0.9710 0.9730 0.9730
5.068000 0.9710 0.9660 0.9680 0.9750 0.9780
5.101261 0.9810 0.9810 0.9810 0.9800 0.9780
5.134000 0.9780 0.9780 0.9750 0.9730 0.9710
5.167261 0.9730 0.9730 0.9750 0.9760 0.9750
5.201000 0.9730 0.9710 0.9710 0.9700 0.9680
5.234261 0.9660 0.9630 0.9600 0.9580 0.9580
5.267000 0.9580 0.9580 0.9600 0.9630 0.9650
5.300261 0.9650 0.9630 0.9610 0.9610 0.9600
5.334000 0.9600 0.9660 0.9660 0.9660 0.9660
5.367261 0.9660 0.9660 0.9660 0.9650 0.9650
5.400000 0.9630 0.9600 0.9600 0.9600 0.9600
5.433261 0.9580 0.9560 0.9560 0.9560 0.9560
5.467000 0.9550 0.9510 0.9500 0.9480 0.9450
5.500261 0.9430 0.9400 0.9360 0.9310 0.9260
5.533000 0.9210 0.9180 0.9160 0.9150 0.9060
5.566261 0.8980 0.8960 0.8880 0.8800 0.8730
5.600000 0.8580 0.8360 0.8280 0.8080 0.8000
5.633261 0.7870 0.7700 0.7530 0.7370 0.7150
5.666000 0.6900 0.6570 0.5970 0.5450 0.4820
5.699261 0.4340 0.3690 0.3290 0.2620 0.2290
5.733000 0.1960 0.1640 0.1330 0.1040 0.0760
5.766261 0.0610 0.0460 0.0340 0.0340 0.0360
5.799000 0.0380 0.0380 0.0410 0.0430 0.0530
5.832261 0.0680 0.0880 0.1110 0.1410 0.1740
5.866000 0.2120 0.2520 0.2970 0.3440 0.3940
5.899261 0.4450 0.4690 0.4870 0.5000 0.5170
5.932000 0.5370 0.5670 0.6070 0.6620 0.6820
5.965261 0.7020 0.7200 0.7370 0.7550 0.7700
5.999000 0.7850 0.7980 0.8110 0.8210 0.8300
6.032261 0.8360 0.8410 0.8450 0.8480 0.8550
6.065000 0.8610 0.8730 0.8880 0.8960 0.9010
6.098261 0.9030 0.9030 0.9030 0.9050 0.9060
6.132000 0.9100 0.9110 0.9180 0.9210 0.9230
6.165261 0.9250 0.9280 0.9310 0.9350 0.9380
6.198000 0.9400 0.9410 0.9430 0.9450 0.9450
6.231261 0.9480 0.9500 0.9500 0.9510 0.9530
6.265000 0.9530 0.9550 0.9560 0.9560 0.9560
6.298261 0.9560 0.9560 0.9550 0.9550 0.9530
6.331000 0.9510 0.9460 0.9450 0.9430 0.9400
6.364261 0.9400 0.9380 0.9360 0.9350 0.9350
6.398000 0.9350 0.9360 0.9380 0.9380 0.9380
6.431261 0.9360 0.9360 0.9350 0.9310 0.9300
6.464000 0.9300 0.9300 0.9300 0.9280 0.9260
6.497261 0.9250 0.9230 0.9230 0.9230 0.9260
6.531000 0.9250 0.9210 0.9180 0.9130 0.9110
6.564261 0.9100 0.9080 0.9100 0.9100 0.9060
6.597000 0.9050 0.9030 0.8980 0.8910 0.8880
6.630261 0.8850 0.8810 0.8760 0.8710 0.8650
6.664000 0.8550 0.8450 0.8300 0.8110 0.8000
6.697261 0.7800 0.7470 0.7150 0.6850 0.6300
6.730000 0.5850 0.5400 0.4940 0.4520 0.4040
6.763261 0.3470 0.2960 0.2210 0.2160 0.2160
6.797000 0.2260 0.2810 0.3140 0.3360 0.3560
6.830261 0.3820 0.4240 0.4900 0.5370 0.5720
6.863000 0.6020 0.6270 0.6520 0.6780 0.7030
6.896261 0.7220 0.7380 0.7520 0.7650 0.7800
6.930000 0.7950 0.8000 0.8060 0.8200 0.8230
6.963261 0.8260 0.8280 0.8300 0.8330 0.8360
6.996000 0.8400 0.8450 0.8500 0.8510 0.8510
7.029261 0.8500 0.8480 0.8430 0.8380 0.8310
7.063000 0.8300 0.8230 0.8160 0.8100 0.8050
7.096261 0.7970 0.7900 0.7780 0.7650 0.7480
7.129000 0.7280 0.7030 0.6720 0.6330 0.5940
7.162261 0.5350 0.4850 0.4540 0.4500 0.4500
7.195000 0.4800 0.5350 0.5640 0.5850 0.5900
7.228261 0.5900 0.5740 0.5420 0.5220 0.5050
7.262000 0.4870 0.4520 0.4190 0.3820 0.3790
7.295261 0.3720 0.4000 0.4870 0.5420 0.5970
7.328000 0.6400 0.6870 0.7180 0.7500 0.7730
7.361261 0.7850 0.7930 0.7980 0.8010 0.8050
7.395000 0.8100 0.8100 0.8100 0.8010 0.7970
7.428261 0.7920 0.7850 0.7720 0.7680 0.7680
7.461000 0.7720 0.7820 0.7970 0.8000 0.8030
7.494261 0.8080 0.8110 0.8110 0.8100 0.8100
7.528000 0.8180 0.8260 0.8350 0.8410 0.8450
7.561261 0.8500 0.8480 0.8480 0.8480 0.8500
7.594000 0.8500 0.8460 0.8380 0.8350 0.8300
7.627261 0.8230 0.8180 0.8100 0.8010 0.7930
7.661000 0.7850 0.7750 0.7670 0.7600 0.7530
7.694261 0.7480 0.7400 0.7300 0.7180 0.7030
7.727000 0.6820 0.6580 0.6400 0.6250 0.6080
7.760261 0.5900 0.5640 0.5420 0.5270 0.5200
7.794000 0.5200 0.5220 0.5490 0.5540 0.5620
7.827261 0.5750 0.5840 0.5850 0.5870 0.5890
7.860000 0.5890 0.5900 0.5900 0.5940 0.5950
7.893261 0.5990 0.6000 0.6020 0.6050 0.6070
7.927000 0.6100 0.6120 0.6130 0.6130 0.6120
7.960261 0.6130 0.6220 0.6300 0.6370 0.6400
7.993000 0.6420 0.6420 0.6470 0.6480 0.6480
8.026261 0.6480 0.6480 0.6450 0.6380 0.6320
8.060000 0.6170 0.6070 0.5950 0.5900 0.5820
8.093261 0.5720 0.5590 0.5420 0.5220 0.4990
8.126000 0.4800 0.4700 0.4490 0.4370 0.4150
8.159261 0.4050 0.3640 0.3370 0.3110 0.2940
8.193000 0.2720 0.2510 0.2260 0.2010 0.1730
8.226261 0.1640 0.1490 0.1260 0.1180 0.1060
8.259000 0.0980 0.0860 0.0740 0.0610 0.0490
8.292261 0.0460 0.0440 0.0430 0.0410 0.0410
8.326000 0.0390 0.0380 0.0380 0.0360 0.0340
8.359261 0.0340 0.0340 0.0340 0.0340 0.0340
8.392000 0.0340 0.0340 0.0340 0.0340 0.0340
8.425261 0.0340 0.0340 0.0340 0.0340 0.0340
8.459000 0.0340 0.0340 0.0340 0.0340 0.0340
8.492261 0.0340 0.0340 0.0340 0.0340 0.0340
8.525000 0.0340 0.0340 0.0340 0.0340 0.0340
8.558261 0.0340 0.0360 0.0360 0.0360 0.0360
8.592000 0.0360 0.0360 0.0360 0.0380 0.0380
8.625261 0.0380 0.0380 0.0380 0.0410 0.0410
8.658000 0.0410 0.0410 0.0430 0.0440 0.0460
8.691261 0.0480 0.0490 0.0490 0.0530 0.0580
8.725000 0.0610 0.0680 0.0740 0.0840 0.0960
8.758261 0.1110 0.1260 0.1430 0.1590 0.1780
8.791000 0.1980 0.2170 0.2370 0.2570 0.2770
8.824261 0.3040 0.3270 0.3490 0.3710 0.3890
8.858000 0.4090 0.4270 0.4450 0.4650 0.4890
8.891261 0.4970 0.5120 0.5270 0.5400 0.5470
8.924000 0.5590 0.5690 0.5750 0.5820 0.5890
8.957261 0.5940 0.5990 0.6030 0.6100 0.6180
8.991000 0.6270 0.6370 0.6500 0.6650 0.6770
9.024261 0.6850 0.6930 0.7020 0.7120 0.7230
9.057000 0.7330 0.7430 0.7550 0.7650 0.7770
9.090261 0.7870 0.7980 0.8080 0.8180 0.8260
9.124000 0.8350 0.8430 0.8480 0.8530 0.8560
9.157261 0.8600 0.8630 0.8700 0.8730 0.8730
9.190000 0.8750 0.8750 0.8780 0.8850 0.8850
9.223261 0.8900 0.8930 0.8960 0.8980 0.8980
9.257000 0.8980 0.9000 0.9010 0.9000 0.9010
9.290261 0.9030 0.9050 0.9050 0.9060 0.9100
9.323000 0.9030 0.9030 0.9030 0.9100 0.9130
9.356261 0.9110 0.9110 0.9100 0.9080 0.9050
9.390000 0.9030 0.9030 0.9000 0.8960 0.8950
9.423261 0.8910 0.8900 0.8850 0.8780 0.8710
9.456000 0.8650 0.8580 0.8500 0.8450 0.8360
9.489261 0.8300 0.8160 0.8060 0.7950 0.7850
9.523000 0.7750 0.7650 0.7570 0.7520 0.7470
9.556261 0.7420 0.7400 0.7400 0.7400 0.7400
9.589000 0.7400 0.7420 0.7450 0.7500 0.7530
9.622261 0.7600 0.7650 0.7720 0.7780 0.7870
9.656000 0.7920 0.7950 0.7980 0.8000 0.8010
9.689261 0.8010 0.8050 0.8100 0.8150 0.8210
9.722000 0.8210 0.8230 0.8230 0.8250 0.8260
9.755261 0.8260 0.8260 0.8230 0.8230 0.8250
9.789000 0.8260 0.8300 0.8310 0.8310 0.8330
9.822261 0.8360 0.8400 0.8430 0.8500 0.8550
9.855000 0.8610 0.8630 0.8630 0.8610 0.8630
9.888261 0.8660 0.8710 0.8730 0.8730 0.8750
9.922000 0.8730 0.8710 0.8700 0.8680 0.8660
9.955261 0.8650 0.8650 0.8610 0.8610 0.8610
9.988000 0.8610 0.8610 0.8610 0.8610 0.8610
10.021261 0.8610 0.8630 0.8650 0.8680 0.8710
10.055000 0.8710 0.8710 0.8730 0.8730 0.8680
10.088261 0.8650 0.8600 0.8630 0.8630 0.8600
10.121000 0.8550 0.8480 0.8430 0.8380 0.8360
10.154261 0.8260 0.8160 0.8080 0.7980 0.7950
10.188000 0.7870 0.7800 0.7630 0.7580 0.7520
10.221261 0.7500 0.7480 0.7420 0.7320 0.7200
10.254000 0.7070 0.6930 0.6770 0.6580 0.6400
10.287261 0.6200 0.5990 0.5750 0.5500 0.5250
10.320000 0.4990 0.4700 0.4400 0.4300 0.4200
10.353261 0.4090 0.4000 0.4000 0.4000 0.4150
10.387000 0.4300 0.4500 0.4690 0.4870 0.5050
10.420261 0.5240 0.5390 0.5550 0.5690 0.5800
10.453000 0.5920 0.6070 0.6250 0.6420 0.6580
10.486261 0.6700 0.6870 0.6980 0.7100 0.7170
10.520000 0.7230 0.7270 0.7320 0.7370 0.7400
10.553261 0.7430 0.7430 0.7400 0.7350 0.7300
10.586000 0.7270 0.7220 0.7080 0.7020 0.6930
10.619261 0.6800 0.6650 0.6480 0.6300 0.6100
10.653000 0.5870 0.5650 0.5400 0.5150 0.4890
10.686261 0.4600 0.4370 0.4200 0.3970 0.3890
10.719000 0.3610 0.3590 0.3610 0.3720 0.3910
10.752261 0.4140 0.4370 0.4640 0.4900 0.5190
10.786000 0.5470 0.5740 0.5970 0.6200 0.6380
10.819261 0.6530 0.6630 0.6830 0.6980 0.7020
10.852000 0.7050 0.7100 0.7150 0.7220 0.7270
10.885261 0.7330 0.7370 0.7380 0.7400 0.7400
10.919000 0.7400 0.7400 0.7380 0.7370 0.7350
10.952261 0.7320 0.7230 0.7170 0.7120 0.7030
10.985000 0.6950 0.6800 0.6720 0.6600 0.6480
11.018261 0.6370 0.6250 0.6130 0.6000 0.5900
11.052000 0.5790 0.5640 0.5550 0.5450 0.5320
11.085261 0.5220 0.5190 0.5140 0.5100 0.5100
11.118000 0.5090 0.5100 0.5220 0.5240 0.5300
11.151261 0.5400 0.5520 0.5650 0.5770 0.5840
11.185000 0.5850 0.5920 0.5990 0.6070 0.6130
11.218261 0.6220 0.6280 0.6330 0.6370 0.6400
11.251000 0.6470 0.6520 0.6600 0.6680 0.6720
11.284261 0.6770 0.6850 0.6920 0.7020 0.7120
11.318000 0.7200 0.7270 0.7330 0.7420 0.7480
11.351261 0.7550 0.7630 0.7720 0.7780 0.7850
11.384000 0.7930 0.7980 0.8050 0.8060 0.8110
11.417261 0.8150 0.8210 0.8300 0.8360 0.8400
11.451000 0.8480 0.8510 0.8510 0.8550 0.8580
11.484261 0.8630 0.8700 0.8730 0.8760 0.8810
11.517000 0.8830 0.8850 0.8880 0.8930 0.8950
11.550261 0.8980 0.9000 0.9000 0.9010 0.9000
11.584000 0.9010 0.9030 0.9050 0.9060 0.9060
11.617261 0.9060 0.9100 0.9110 0.9130 0.9110
11.650000 0.9150 0.9160 0.9160 0.9200 0.9210
11.683261 0.9250 0.9250 0.9230 0.9230 0.9230
11.717000 0.9230 0.9200 0.9150 0.9130 0.9150
11.750261 0.9150 0.9150 0.9130 0.9100 0.9060
11.783000 0.9050 0.9010 0.8980 0.8960 0.8930
11.816261 0.8910 0.8900 0.8880 0.8860 0.8860
11.850000 0.8860 0.8860 0.8860 0.8860 0.8860
11.883261 0.8860 0.8860 0.8860 0.8900 0.8900
11.916000 0.8910 0.8930 0.8950 0.8960 0.9000
11.949261 0.9010 0.9010 0.9000 0.9010 0.9000
11.983000 0.9000 0.9010 0.9010 0.9010 0.9010
12.016261 0.9010 0.9010 0.9010 0.9000 0.8980
12.049000 0.8960 0.8950 0.8930 0.8910 0.8900
12.082261 0.8880 0.8850 0.8850 0.8830 0.8800
12.116000 0.8760 0.8710 0.8660 0.8650 0.8630
12.149261 0.8610 0.8600 0.8600 0.8600 0.8630
12.182000 0.8650 0.8660 0.8710 0.8750 0.8810
12.215261 0.8860 0.8910 0.8960 0.8960 0.8930
12.249000 0.8950 0.8960 0.9000 0.9010 0.9050
12.282261 0.9060 0.9110 0.9150 0.9200 0.9230
12.315000 0.9250 0.9260 0.9300 0.9330 0.9360
12.348261 0.9350 0.9380 0.9350 0.9410 0.9450
12.382000 0.9460 0.9480 0.9480 0.9510 0.9530
12.415261 0.9560 0.9580 0.9600 0.9610 0.9630
12.448000 0.9650 0.9660 0.9660 0.9650 0.9650
12.481261 0.9650 0.9660 0.9650 0.9610 0.9630
12.515000 0.9650 0.9660 0.9660 0.9680 0.9700
12.548261 0.9700 0.9700 0.9680 0.9650 0.9660
12.581000 0.9680 0.9680 0.9700 0.9700 0.9700
12.614261 0.9700 0.9710 0.9710 0.9660 0.9660
12.648000 0.9650 0.9650 0.9650 0.9660 0.9660
12.681261 0.9680 0.9680 0.9660 0.9660 0.9710
12.714000 0.9760 0.9780 0.9760 0.9760 0.9750
12.747261 0.9750 0.9750 0.9750 0.9750 0.9730
12.781000 0.9730 0.9730 0.9710 0.9710 0.9730
12.814261 0.9750 0.9780 0.9810 0.9830 0.9800
12.847000 0.9730 0.9710 0.9710 0.9710 0.9710
12.880261 0.9700 0.9680 0.9650 0.9630 0.9630
12.914000 0.9660 0.9660 0.9650 0.9650 0.9610
12.947261 0.9600 0.9580 0.9560 0.9560 0.9550
12.980000 0.9500 0.9450 0.9400 0.9350 0.9300
13.013261 0.9260 0.9210 0.9180 0.9150 0.9100
13.047000 0.9060 0.9000 0.8950 0.8860 0.8780
13.080261 0.8680 0.8610 0.8460 0.8380 0.8280
13.113000 0.8150 0.8060 0.7820 0.7720 0.7520
13.146261 0.7470 0.7330 0.7230 0.7150 0.7120
13.180000 0.7120 0.7100 0.7130 0.7150 0.7230
13.213261 0.7330 0.7430 0.7570 0.7700 0.7820
13.246000 0.7950 0.8060 0.8150 0.8210 0.8250
13.279261 0.8330 0.8400 0.8430 0.8460 0.8500
13.313000 0.8530 0.8560 0.8600 0.8630 0.8680
13.346261 0.8730 0.8780 0.8850 0.8880 0.8930
13.379000 0.8980 0.9000 0.9050 0.9060 0.9100
13.412261 0.9130 0.9180 0.9210 0.9230 0.9250
13.445000 0.9230 0.9260 0.9280 0.9280 0.9300
13.478261 0.9330 0.9360 0.9380 0.9380 0.9360
13.512000 0.9350 0.9360 0.9380 0.9410 0.9450
13.545261 0.9500 0.9510 0.9510 0.9500 0.9500
13.578000 0.9460 0.9450 0.9480 0.9500 0.9530
13.611261 0.9550 0.9560 0.9610 0.9610 0.9580
13.645000 0.9530 0.9530 0.9600 0.9610 0.9610
13.678261 0.9610 0.9600 0.9580 0.9550 0.9550
13.711000 0.9550 0.9550 0.9580 0.9600 0.9610
13.744261 0.9610 0.9610 0.9580 0.9600 0.9600
13.778000 0.9600 0.9610 0.9630 0.9630 0.9650
13.811261 0.9630 0.9600 0.9600 0.9610 0.9610
13.844000 0.9650 0.9630 0.9580 0.9580 0.9630
13.877261 0.9630 0.9610 0.9600 0.9600 0.9580
13.911000 0.9560 0.9560 0.9530 0.9510 0.9510
13.944261 0.9510 0.9530 0.9580 0.9600 0.9610
13.977000 0.9610 0.9610 0.9610 0.9610 0.9610
14.010261 0.9600 0.9600 0.9600 0.9610 0.9610
14.044000 0.9530 0.9530 0.9530 0.9530 0.9550
14.077261 0.9580 0.9600 0.9610 0.9610 0.9600
14.110000 0.9580 0.9580 0.9580 0.9610 0.9610
14.143261 0.9580 0.9510 0.9480 0.9480 0.9480
14.177000 0.9500 0.9510 0.9510 0.9530 0.9530
14.210261 0.9530 0.9530 0.9530 0.9530 0.9530
14.243000 0.9530 0.9510 0.9510 0.9500 0.9500
14.276261 0.9500 0.9500 0.9480 0.9480 0.9480
14.310000 0.9480 0.9480 0.9500 0.9510 0.9530
14.343261 0.9530 0.9550 0.9550 0.9530 0.9510
14.376000 0.9500 0.9480 0.9460 0.9450 0.9430
14.409261 0.9450 0.9450 0.9460 0.9460 0.9450
14.443000 0.9410 0.9380 0.9380 0.9400 0.9410
14.476261 0.9400 0.9400 0.9380 0.9330 0.9330
14.509000 0.9350 0.9360 0.9400 0.9410 0.9430
14.542261 0.9410 0.9380 0.9350 0.9330 0.9300
14.576000 0.9260 0.9230 0.9260 0.9260 0.9260
14.609261 0.9250 0.9260 0.9280 0.9300 0.9310
14.642000 0.9310 0.9300 0.9280 0.9260 0.9250
14.675261 0.9210 0.9160 0.9150 0.9160 0.9230
14.709000 0.9230 0.9200 0.9150 0.9130 0.9160
14.742261 0.9200 0.9180 0.9160 0.9150 0.9130
14.775000 0.9130 0.9080 0.9050 0.9030 0.9010
14.808261 0.9030 0.9030 0.9050 0.9030 0.9000
14.842000 0.9000 0.9030 0.9030 0.9010 0.8980
14.875261 0.8960 0.8950 0.8910 0.8900 0.8900
14.908000 0.8930 0.8950 0.8950 0.8960 0.8960
14.941261 0.8950 0.8950 0.8960 0.8960 0.8930
14.975000 0.8910 0.8910 0.8880 0.8860 0.8830
15.008261 0.8780 0.8730 0.8700 0.8650 0.8600
15.041000 0.8530 0.8500 0.8450 0.8410 0.8360
15.074261 0.8360 0.8400 0.8430 0.8450 0.8460
15.108000 0.8510 0.8550 0.8610 0.8660 0.8710
15.141261 0.8750 0.8780 0.8800 0.8780 0.8810
15.174000 0.8830 0.8860 0.8880 0.8850 0.8810
15.207261 0.8780 0.8760 0.8750 0.8750 0.8750
15.241000 0.8710 0.8700 0.8650 0.8680 0.8650
15.274261 0.8660 0.8650 0.8610 0.8600 0.8600
15.307000 0.8600 0.8600 0.8600 0.8600 0.8630
15.340261 0.8600 0.8580 0.8560 0.8530 0.8560
15.374000 0.8550 0.8530 0.8510 0.8500 0.8500
15.407261 0.8480 0.8500 0.8480 0.8500 0.8500
15.440000 0.8450 0.8450 0.8430 0.8430 0.8410
15.473261 0.8360 0.8350 0.8350 0.8350 0.8350
15.507000 0.8350 0.8400 0.8400 0.8350 0.8330
15.540261 0.8310 0.8300 0.8310 0.8360 0.8350
15.573000 0.8350 0.8330 0.8280 0.8250 0.8230
15.606261 0.8200 0.8180 0.8180 0.8200 0.8210
15.640000 0.8230 0.8250 0.8230 0.8210 0.8180
15.673261 0.8130 0.8110 0.8100 0.8080 0.8080
15.706000 0.8060 0.8060 0.8050 0.8060 0.8080
15.739261 0.8100 0.8100 0.8080 0.8050 0.8060
15.773000 0.8060 0.8060 0.8060 0.8050 0.8030
15.806261 0.8010 0.8000 0.8000 0.7980 0.7970
15.839000 0.7930 0.7920 0.7930 0.7920 0.7900
15.872261 0.7900 0.7880 0.7870 0.7850 0.7830
15.906000 0.7830 0.7830 0.7830 0.7830 0.7870
15.939261 0.7870 0.7850 0.7850 0.7830 0.7820
15.972000 0.7800 0.7800
##END=
