##TITLE=BENZAMIDE
##JCAMP-DX=4.24
##DATA TYPE=INFRARED SPECTRUM
##CLASS=COBLENTZ III
##ORIGIN=WESTERN REGIONAL RES. USDA
##OWNER=COBLENTZ SOCIETY
Collection (C) 2018 copyright by the U.S. Secretary of Commerce
on behalf of the United States of America. All rights reserved.
##DATE=1964/05/12
##CAS REGISTRY NO=55-21-0
##MOLFORM=C7 H7 N O
##SOURCE REFERENCE=COBLENTZ NO. 9871
##$NIST SOURCE=COBLENTZ
##$NIST IMAGE=cob9871
##SPECTROMETER/DATA SYSTEM=BECKMAN IR-7 (GRATING)
##INSTRUMENT PARAMETERS=GRATING CHANGES AT 3000, 2200, 1150 CM^-^1
##STATE=SOLID (NUJOL MULL)
##SAMPLING PROCEDURE=TRANSMISSION
##RESOLUTION=4
##DATA PROCESSING=DIGITIZED BY NIST FROM HARD COPY (FROM TWO SEGMENTS)
##XUNITS=1/CM
##YUNITS=TRANSMITTANCE
##XFACTOR=1.000000
##YFACTOR=1
##DELTAX=0.806954
##FIRSTX=598.324
##LASTX=3968.97
##FIRSTY=0.751
##MAXX=3968.97
##MINX=598.324
##MAXY=0.818
##MINY=0.0171237
##NPOINTS=4178
##XYDATA=(X++(Y..Y))
598.324000 0.7510 0.7510 0.7500 0.7500 0.7490
602.358769 0.7490 0.7510 0.7510 0.7500 0.7500
606.393539 0.7490 0.7490 0.7470 0.7460 0.7440
610.428308 0.7430 0.7400 0.7350 0.7270 0.7161
614.463078 0.7050 0.6910 0.6620 0.6460 0.6430
618.497847 0.6430 0.6460 0.6480 0.6550 0.6590
622.532617 0.6630 0.6620 0.6580 0.6510 0.6420
626.567386 0.6310 0.6181 0.6031 0.5871 0.5393
630.602156 0.5170 0.4910 0.4341 0.4060 0.3781
634.636925 0.2992 0.2591 0.1803 0.1800 0.2039
638.671695 0.2100 0.2160 0.2509 0.2989 0.3199
642.706464 0.3419 0.3818 0.4159 0.4309 0.4449
646.741234 0.4680 0.4780 0.4810 0.4810 0.4810
650.776003 0.4820 0.4830 0.4840 0.4850 0.4850
654.810773 0.4850 0.4880 0.4890 0.4910 0.4930
658.845542 0.4950 0.4980 0.5010 0.5050 0.5080
662.880312 0.5130 0.5180 0.5230 0.5290 0.5320
666.915081 0.5390 0.5440 0.5450 0.5510 0.5550
670.949851 0.5590 0.5590 0.5630 0.5680 0.5720
674.984620 0.5750 0.5770 0.5800 0.5840 0.5880
679.019390 0.5910 0.5920 0.5910 0.5560 0.5201
683.054159 0.4422 0.4031 0.3671 0.3112 0.2792
687.088929 0.2740 0.2740 0.2800 0.3259 0.3489
691.123698 0.3709 0.3959 0.4060 0.4090 0.4100
695.158468 0.4160 0.4340 0.4350 0.4350 0.4320
699.193237 0.4250 0.4190 0.4080 0.3901 0.3183
703.228007 0.2810 0.2440 0.2360 0.2330 0.2320
707.262776 0.2330 0.2420 0.2808 0.3059 0.3199
711.297546 0.3440 0.3680 0.4110 0.4320 0.4510
715.332315 0.4859 0.5179 0.5459 0.5589 0.5709
719.367085 0.5920 0.6120 0.6280 0.6420 0.6540
723.401854 0.6650 0.6690 0.6730 0.6800 0.6870
727.436624 0.6910 0.6960 0.7000 0.7040 0.7080
731.471393 0.7120 0.7170 0.7210 0.7250 0.7290
735.506163 0.7320 0.7350 0.7360 0.7370 0.7370
739.540932 0.7370 0.7360 0.7360 0.7360 0.7350
743.575701 0.7350 0.7350 0.7350 0.7340 0.7320
747.610471 0.7320 0.7290 0.7270 0.7240 0.7220
751.645240 0.7200 0.7160 0.7140 0.7110 0.7070
755.680010 0.7030 0.6990 0.6950 0.6900 0.6840
759.714779 0.6790 0.6650 0.6580 0.6500 0.6410
763.749549 0.6310 0.6210 0.6090 0.5970 0.5841
767.784318 0.5560 0.5400 0.5240 0.5060 0.4920
771.819088 0.4780 0.4620 0.4600 0.4560 0.4550
775.853857 0.4560 0.4690 0.4820 0.4970 0.5100
779.888627 0.5230 0.5340 0.5430 0.5480 0.5490
783.923396 0.5550 0.5580 0.5600 0.5610 0.5560
787.958166 0.5510 0.5450 0.5330 0.5230 0.5140
791.992935 0.5050 0.4970 0.4910 0.4860 0.4830
796.027705 0.4810 0.4820 0.4830 0.4920 0.5099
800.062474 0.5410 0.5540 0.5660 0.5890 0.6150
804.097244 0.6350 0.6500 0.6659 0.6799 0.6800
808.132013 0.6790 0.6640 0.6540 0.6450 0.6340
812.166783 0.6240 0.6110 0.5961 0.5960 0.5980
816.201552 0.6080 0.6200 0.6310 0.6450 0.6580
820.236322 0.6700 0.6750 0.6800 0.6910 0.6990
824.271091 0.7080 0.7160 0.7230 0.7290 0.7360
828.305861 0.7410 0.7460 0.7510 0.7560 0.7600
832.340630 0.7650 0.7680 0.7720 0.7760 0.7790
836.375400 0.7830 0.7850 0.7860 0.7880 0.7930
840.410169 0.7940 0.7940 0.7940 0.7930 0.7920
844.444939 0.7890 0.7830 0.7800 0.7760 0.7690
848.479708 0.7620 0.7510 0.7300 0.7290 0.7290
852.514478 0.7300 0.7410 0.7490 0.7679 0.7809
856.549247 0.7850 0.7890 0.7940 0.7980 0.7990
860.584017 0.8010 0.8030 0.8040 0.8060 0.8060
864.618786 0.8070 0.8070 0.8080 0.8090 0.8090
868.653556 0.8100 0.8100 0.8100 0.8100 0.8100
872.688325 0.8110 0.8110 0.8110 0.8120 0.8120
876.723094 0.8120 0.8130 0.8130 0.8130 0.8140
880.757864 0.8140 0.8140 0.8140 0.8140 0.8140
884.792633 0.8150 0.8150 0.8150 0.8150 0.8150
888.827403 0.8160 0.8160 0.8160 0.8160 0.8160
892.862172 0.8160 0.8160 0.8160 0.8160 0.8160
896.896942 0.8160 0.8160 0.8160 0.8150 0.8150
900.931711 0.8150 0.8140 0.8140 0.8140 0.8140
904.966481 0.8140 0.8140 0.8130 0.8130 0.8130
909.001250 0.8120 0.8120 0.8110 0.8100 0.8100
913.036020 0.8090 0.8080 0.8070 0.8060 0.8050
917.070789 0.8020 0.7970 0.7661 0.7391 0.7111
921.105559 0.6570 0.6300 0.6290 0.6300 0.6550
925.140328 0.6670 0.6790 0.7029 0.7448 0.7779
929.175098 0.7830 0.7860 0.7870 0.7910 0.7940
933.209867 0.7980 0.8020 0.8060 0.8090 0.8110
937.244637 0.8120 0.8130 0.8140 0.8140 0.8150
941.279406 0.8160 0.8170 0.8170 0.8170 0.8170
945.314176 0.8170 0.8180 0.8180 0.8180 0.8180
949.348945 0.8180 0.8180 0.8180 0.8180 0.8170
953.383715 0.8170 0.8170 0.8170 0.8160 0.8160
957.418484 0.8150 0.8150 0.8150 0.8140 0.8140
961.453254 0.8140 0.8140 0.8140 0.8140 0.8130
965.488023 0.8130 0.8130 0.8120 0.8120 0.8120
969.522793 0.8110 0.8110 0.8110 0.8100 0.8100
973.557562 0.8090 0.8080 0.8070 0.8060 0.8060
977.592332 0.8050 0.8040 0.8040 0.8030 0.8030
981.627101 0.8030 0.8020 0.8020 0.8020 0.8020
985.661871 0.8020 0.8010 0.8010 0.8010 0.8010
989.696640 0.8000 0.7990 0.7980 0.7980 0.7970
993.731410 0.7950 0.7940 0.7920 0.7900 0.7890
997.766179 0.7900 0.7920 0.7940 0.7980 0.7980
1001.800949 0.7810 0.7710 0.7570 0.7410 0.7270
1005.835718 0.7120 0.6970 0.6970 0.7119 0.7279
1009.870488 0.7440 0.7590 0.7690 0.7780 0.7830
1013.905257 0.7870 0.7940 0.7980 0.8030 0.8040
1017.940026 0.8030 0.7970 0.7850 0.7770 0.7700
1021.974796 0.7610 0.7510 0.7390 0.7240 0.7051
1026.009565 0.6659 0.5510 0.4990 0.4481 0.4480
1030.044335 0.5328 0.5480 0.5630 0.6198 0.6767
1034.079104 0.7520 0.7660 0.7800 0.7810 0.7860
1038.113874 0.7890 0.7960 0.8000 0.8020 0.8050
1042.148643 0.8060 0.8070 0.8070 0.8060 0.8050
1046.183413 0.8050 0.8050 0.8040 0.8030 0.8030
1050.218182 0.8020 0.8020 0.8010 0.8000 0.7990
1054.252952 0.7980 0.7980 0.7980 0.7970 0.7960
1058.287721 0.7950 0.7940 0.7940 0.7940 0.7930
1062.322491 0.7920 0.7910 0.7900 0.7900 0.7900
1066.357260 0.7870 0.7830 0.7810 0.7790 0.7790
1070.392030 0.7780 0.7710 0.7640 0.7570 0.7520
1074.426799 0.7440 0.7350 0.7210 0.7070 0.7050
1078.461569 0.7060 0.7130 0.7200 0.7260 0.7310
1082.496338 0.7380 0.7460 0.7530 0.7580 0.7590
1086.531108 0.7600 0.7640 0.7650 0.7680 0.7690
1090.565877 0.7710 0.7730 0.7750 0.7760 0.7750
1094.600647 0.7730 0.7690 0.7640 0.7580 0.7530
1098.635416 0.7480 0.7440 0.7400 0.7350 0.7310
1102.670186 0.7270 0.7230 0.7190 0.7160 0.7130
1106.704955 0.7100 0.7070 0.7050 0.7020 0.7000
1110.739725 0.6980 0.6890 0.6651 0.6520 0.6391
1114.774494 0.6280 0.6190 0.6119 0.5260 0.5090
1118.809264 0.4980 0.4780 0.4371 0.4161 0.3961
1122.844033 0.3749 0.3260 0.2940 0.2930 0.2940
1126.878803 0.3210 0.3659 0.4099 0.4449 0.4799
1130.913572 0.5340 0.5540 0.5740 0.6020 0.6210
1134.948342 0.6330 0.6350 0.6360 0.6350 0.6340
1138.983111 0.6240 0.6109 0.5100 0.4270 0.4130
1143.017881 0.3671 0.3660 0.3670 0.3700 0.3889
1147.052650 0.4140 0.4390 0.4520 0.4650 0.4910
1151.087419 0.5159 0.5409 0.5520 0.5630 0.5849
1155.122189 0.6040 0.6170 0.6220 0.6240 0.6330
1159.156958 0.6340 0.6370 0.6400 0.6420 0.6460
1163.191728 0.6480 0.6660 0.6690 0.6710 0.6750
1167.226497 0.6800 0.6840 0.6890 0.6920 0.6950
1171.261267 0.6980 0.6990 0.6980 0.6980 0.6970
1175.296036 0.6960 0.6910 0.6850 0.6740 0.6451
1179.330806 0.6170 0.5960 0.5490 0.5260 0.5020
1183.365575 0.4790 0.4790 0.5199 0.5479 0.5838
1187.400345 0.6191 0.6660 0.6730 0.6790 0.6950
1191.435114 0.7070 0.7100 0.7140 0.7180 0.7200
1195.469884 0.7210 0.7250 0.7260 0.7260 0.7260
1199.504653 0.7250 0.7240 0.7230 0.7200 0.7170
1203.539423 0.7140 0.7110 0.7070 0.7050 0.7030
1207.574192 0.7020 0.6990 0.6970 0.6950 0.6930
1211.608962 0.6920 0.6910 0.6900 0.6880 0.6870
1215.643731 0.6850 0.6820 0.6780 0.6750 0.6740
1219.678501 0.6730 0.6730 0.6730 0.6720 0.6700
1223.713270 0.6670 0.6650 0.6620 0.6610 0.6590
1227.748040 0.6580 0.6560 0.6540 0.6540 0.6520
1231.782809 0.6510 0.6500 0.6480 0.6450 0.6420
1235.817579 0.6400 0.6380 0.6370 0.6350 0.6330
1239.852348 0.6310 0.6290 0.6270 0.6250 0.6230
1243.887118 0.6180 0.6120 0.6040 0.5960 0.5910
1247.921887 0.5870 0.5850 0.5830 0.5810 0.5790
1251.956657 0.5780 0.5780 0.5770 0.5760 0.5760
1255.991426 0.5760 0.5760 0.5750 0.5750 0.5740
1260.026196 0.5740 0.5740 0.5740 0.5740 0.5730
1264.060965 0.5720 0.5720 0.5720 0.5710 0.5700
1268.095735 0.5690 0.5680 0.5670 0.5660 0.5650
1272.130504 0.5630 0.5620 0.5590 0.5550 0.5520
1276.165274 0.5490 0.5480 0.5470 0.5470 0.5460
1280.200043 0.5450 0.5430 0.5430 0.5420 0.5410
1284.234813 0.5400 0.5390 0.5390 0.5390 0.5390
1288.269582 0.5390 0.5390 0.5380 0.5370 0.5360
1292.304351 0.5340 0.5260 0.5120 0.4970 0.4890
1296.339121 0.4850 0.4700 0.4401 0.4191 0.3991
1300.373890 0.3991 0.4270 0.4410 0.4560 0.4600
1304.408660 0.4730 0.4890 0.5010 0.5110 0.5180
1308.443429 0.5320 0.5360 0.5390 0.5390 0.5400
1312.478199 0.5410 0.5420 0.5430 0.5430 0.5430
1316.512968 0.5440 0.5440 0.5440 0.5460 0.5510
1320.547738 0.5540 0.5560 0.5580 0.5590 0.5610
1324.582507 0.5620 0.5630 0.5630 0.5630 0.5630
1328.617277 0.5630 0.5630 0.5620 0.5600 0.5590
1332.652046 0.5590 0.5540 0.5520 0.5470 0.5440
1336.686816 0.5430 0.5420 0.5420 0.5410 0.5410
1340.721585 0.5410 0.5410 0.5410 0.5410 0.5410
1344.756355 0.5410 0.5410 0.5400 0.5400 0.5390
1348.791124 0.5390 0.5380 0.5370 0.5350 0.5340
1352.825894 0.5330 0.5320 0.5300 0.5280 0.5260
1356.860663 0.5230 0.5200 0.5170 0.5130 0.5090
1360.895433 0.5040 0.4990 0.4930 0.4860 0.4800
1364.930202 0.4720 0.4630 0.4570 0.4510 0.4360
1368.964972 0.4280 0.4190 0.4110 0.4010 0.3910
1372.999741 0.3810 0.3700 0.3590 0.3490 0.3250
1377.034511 0.3130 0.3010 0.2890 0.2850 0.2800
1381.069280 0.2740 0.2670 0.2610 0.2530 0.2460
1385.104050 0.2370 0.2290 0.2110 0.2010 0.1930
1389.138819 0.1830 0.1740 0.1650 0.1560 0.1480
1393.173589 0.1390 0.1310 0.1230 0.1150 0.1080
1397.208358 0.0960 0.0910 0.0860 0.0830 0.0800
1401.243128 0.0710 0.0700 0.0700 0.0730 0.0770
1405.277897 0.0810 0.0860 0.0880 0.0900 0.0940
1409.312667 0.0980 0.1020 0.1170 0.1539 0.1640
1413.347436 0.1820 0.1890 0.2020 0.2090 0.2160
1417.382206 0.2310 0.2490 0.2680 0.2889 0.3109
1421.416975 0.3220 0.3330 0.3560 0.3790 0.4030
1425.451744 0.4250 0.4360 0.4470 0.4690 0.4889
1429.486514 0.5070 0.5240 0.5390 0.5510 0.5530
1433.521283 0.5550 0.5670 0.5780 0.5920 0.6000
1437.556053 0.6040 0.6060 0.6080 0.6110 0.6120
1441.590822 0.6120 0.6120 0.6090 0.6030 0.5771
1445.625592 0.5470 0.5340 0.5160 0.4890 0.4380
1449.660361 0.2602 0.1771 0.1770 0.1880 0.2000
1453.695131 0.2381 0.2751 0.3140 0.3340 0.3530
1457.729900 0.3740 0.3780 0.3780 0.3860 0.3970
1461.764670 0.4070 0.4190 0.4280 0.4290 0.4330
1465.799439 0.4360 0.4390 0.4410 0.4440 0.4450
1469.834209 0.4480 0.4540 0.4700 0.4930 0.5190
1473.868978 0.5450 0.5550 0.5640 0.5680 0.5720
1477.903748 0.5780 0.5940 0.6090 0.6210 0.6310
1481.938517 0.6400 0.6460 0.6500 0.6500 0.6540
1485.973287 0.6550 0.6560 0.6570 0.6570 0.6580
1490.008056 0.6580 0.6580 0.6590 0.6590 0.6590
1494.042826 0.6580 0.6520 0.6400 0.6280 0.6160
1498.077595 0.6000 0.5990 0.5990 0.6010 0.6130
1502.112365 0.6290 0.6340 0.6390 0.6440 0.6490
1506.147134 0.6540 0.6550 0.6600 0.6610 0.6620
1510.181904 0.6650 0.6660 0.6680 0.6700 0.6700
1514.216673 0.6710 0.6730 0.6740 0.6750 0.6770
1518.251443 0.6780 0.6790 0.6790 0.6790 0.6810
1522.286212 0.6810 0.6820 0.6820 0.6820 0.6820
1526.320982 0.6820 0.6810 0.6810 0.6810 0.6800
1530.355751 0.6800 0.6790 0.6780 0.6760 0.6740
1534.390521 0.6690 0.6660 0.6640 0.6610 0.6580
1538.425290 0.6550 0.6530 0.6500 0.6480 0.6460
1542.460060 0.6450 0.6430 0.6380 0.6340 0.6330
1546.494829 0.6310 0.6300 0.6290 0.6280 0.6250
1550.529599 0.6210 0.6170 0.6140 0.6120 0.6090
1554.564368 0.6060 0.6030 0.6000 0.5970 0.5940
1558.599138 0.5920 0.5880 0.5840 0.5800 0.5760
1562.633907 0.5710 0.5660 0.5530 0.5460 0.5390
1566.668676 0.5300 0.5200 0.5100 0.4980 0.4860
1570.703446 0.4730 0.4590 0.4261 0.3272 0.2881
1574.738215 0.2089 0.1607 0.0410 0.0390 0.0410
1578.772985 0.0690 0.1280 0.1879 0.2529 0.3168
1582.807754 0.3370 0.3571 0.3950 0.4260 0.4570
1586.842524 0.5200 0.5430 0.5670 0.5820 0.5930
1590.877293 0.6090 0.6170 0.6200 0.6180 0.6140
1594.912063 0.6010 0.5910 0.5890 0.5850 0.5720
1598.946832 0.5710 0.5550 0.5400 0.5220 0.5000
1602.981602 0.4770 0.4321 0.4090 0.3871 0.3830
1607.016371 0.3790 0.3740 0.3700 0.3640 0.3620
1611.051141 0.3510 0.1991 0.1620 0.1520 0.1340
1615.085910 0.0870 0.0810 0.0780 0.0740 0.0730
1619.120680 0.0720 0.0640 0.0550 0.0480 0.0420
1623.155449 0.0340 0.0320 0.0330 0.0380 0.0450
1627.190219 0.0520 0.0600 0.0680 0.0770 0.0860
1631.224988 0.0940 0.0970 0.1000 0.1060 0.1110
1635.259758 0.1130 0.1130 0.1150 0.1150 0.1150
1639.294527 0.1130 0.1110 0.1070 0.1040 0.0950
1643.329297 0.0900 0.0850 0.0790 0.0740 0.0680
1647.364066 0.0620 0.0570 0.0520 0.0460 0.0420
1651.398836 0.0380 0.0340 0.0310 0.0280 0.0270
1655.433605 0.0260 0.0260 0.0260 0.0270 0.0280
1659.468375 0.0290 0.0310 0.0320 0.0350 0.0360
1663.503144 0.0370 0.0370 0.0370 0.0380 0.0390
1667.537914 0.0460 0.0510 0.0610 0.0690 0.0760
1671.572683 0.0820 0.0860 0.0910 0.0960 0.0980
1675.607453 0.1010 0.1060 0.1130 0.1220 0.1320
1679.642222 0.1440 0.1600 0.1770 0.1840 0.1910
1683.676992 0.2000 0.2100 0.2170 0.2220 0.2350
1687.711761 0.2490 0.2630 0.2770 0.2920 0.3070
1691.746531 0.3210 0.3290 0.3350 0.3490 0.3610
1695.781300 0.3720 0.3820 0.3910 0.3980 0.4030
1699.816069 0.4060 0.4260 0.4350 0.4430 0.4580
1703.850839 0.4710 0.4810 0.4920 0.5000 0.5080
1707.885608 0.5140 0.5220 0.5280 0.5340 0.5420
1711.920378 0.5500 0.5540 0.5580 0.5710 0.5810
1715.955147 0.5890 0.5960 0.6020 0.6070 0.6110
1719.989917 0.6150 0.6200 0.6250 0.6310 0.6370
1724.024686 0.6420 0.6440 0.6460 0.6480 0.6540
1728.059456 0.6590 0.6630 0.6670 0.6700 0.6710
1732.094225 0.6730 0.6750 0.6770 0.6830 0.6870
1736.128995 0.6910 0.6930 0.6950 0.6960 0.6990
1740.163764 0.7000 0.7030 0.7060 0.7070 0.7070
1744.198534 0.7080 0.7110 0.7150 0.7160 0.7180
1748.233303 0.7200 0.7210 0.7220 0.7240 0.7240
1752.268073 0.7250 0.7260 0.7270 0.7290 0.7300
1756.302842 0.7310 0.7320 0.7320 0.7330 0.7350
1760.337612 0.7360 0.7360 0.7370 0.7390 0.7400
1764.372381 0.7410 0.7420 0.7420 0.7430 0.7440
1768.407151 0.7440 0.7450 0.7460 0.7470 0.7470
1772.441920 0.7490 0.7520 0.7530 0.7560 0.7580
1776.476690 0.7600 0.7610 0.7630 0.7630 0.7640
1780.511459 0.7650 0.7650 0.7660 0.7680 0.7690
1784.546229 0.7690 0.7700 0.7710 0.7720 0.7730
1788.580998 0.7740 0.7750 0.7760 0.7760 0.7770
1792.615768 0.7770 0.7780 0.7790 0.7810 0.7810
1796.650537 0.7830 0.7830 0.7840 0.7850 0.7850
1800.685307 0.7850 0.7850 0.7840 0.7830 0.7820
1804.720076 0.7810 0.7790 0.7780 0.7760 0.7740
1808.754846 0.7720 0.7690 0.7680 0.7650 0.7630
1812.789615 0.7610 0.7590 0.7570 0.7550 0.7560
1816.824385 0.7570 0.7600 0.7630 0.7660 0.7690
1820.859154 0.7720 0.7740 0.7760 0.7810 0.7840
1824.893924 0.7860 0.7900 0.7930 0.7940 0.7950
1828.928693 0.7960 0.7960 0.7970 0.7980 0.7980
1832.963463 0.8000 0.8020 0.8030 0.8040 0.8050
1836.998232 0.8060 0.8060 0.8070 0.8070 0.8080
1841.033001 0.8080 0.8080 0.8080 0.8070 0.8070
1845.067771 0.8070 0.8070 0.8070 0.8070 0.8060
1849.102540 0.8060 0.8060 0.8060 0.8060 0.8060
1853.137310 0.8060 0.8060 0.8060 0.8060 0.8060
1857.172079 0.8070 0.8070 0.8080 0.8080 0.8090
1861.206849 0.8100 0.8100 0.8100 0.8100 0.8100
1865.241618 0.8100 0.8100 0.8100 0.8110 0.8110
1869.276388 0.8110 0.8110 0.8110 0.8110 0.8100
1873.311157 0.8100 0.8100 0.8100 0.8100 0.8100
1877.345927 0.8100 0.8100 0.8100 0.8100 0.8090
1881.380696 0.8080 0.8070 0.8070 0.8060 0.8060
1885.415466 0.8060 0.8050 0.8040 0.8030 0.8020
1889.450235 0.7990 0.7980 0.7940 0.7900 0.7790
1893.485005 0.7700 0.7690 0.7690 0.7690 0.7700
1897.519774 0.7700 0.7710 0.7730 0.7730 0.7760
1901.554544 0.7780 0.7790 0.7800 0.7810 0.7810
1905.589313 0.7810 0.7800 0.7780 0.7760 0.7720
1909.624083 0.7680 0.7660 0.7650 0.7650 0.7650
1913.658852 0.7690 0.7720 0.7740 0.7770 0.7790
1917.693622 0.7810 0.7840 0.7850 0.7860 0.7870
1921.728391 0.7890 0.7900 0.7910 0.7930 0.7940
1925.763161 0.7940 0.7940 0.7960 0.7980 0.7980
1929.797930 0.7980 0.7980 0.7990 0.7990 0.7990
1933.832700 0.8000 0.8000 0.8000 0.8010 0.8010
1937.867469 0.8020 0.8020 0.8020 0.8020 0.8020
1941.902239 0.8020 0.8020 0.8020 0.8020 0.8020
1945.937008 0.8020 0.8020 0.8020 0.8020 0.8020
1949.971778 0.8010 0.8010 0.8000 0.7980 0.7950
1954.006547 0.7910 0.7810 0.7760 0.7720 0.7690
1958.041317 0.7660 0.7640 0.7630 0.7640 0.7690
1962.076086 0.7750 0.7790 0.7830 0.7850 0.7860
1966.110856 0.7860 0.7880 0.7900 0.7900 0.7900
1970.145625 0.7900 0.7900 0.7890 0.7840 0.7810
1974.180395 0.7790 0.7770 0.7770 0.7770 0.7770
1978.215164 0.7810 0.7860 0.7890 0.7940 0.7970
1982.249933 0.7980 0.8000 0.8020 0.8050 0.8060
1986.284703 0.8070 0.8070 0.8080 0.8090 0.8090
1990.319472 0.8090 0.8090 0.8090 0.8090 0.8090
1994.354242 0.8090 0.8090 0.8070 0.8070 0.8060
1998.389011 0.8060 0.8060 0.8060 0.8057 0.8055
2002.423781 0.8052 0.8050 0.8050 0.8050 0.8050
2006.458550 0.8050 0.8047 0.8045 0.8042 0.8040
2010.493320 0.8040 0.8040 0.8040 0.8040 0.8040
2014.528089 0.8040 0.8040 0.8039 0.8037 0.8034
2018.562859 0.8032 0.8030 0.8030 0.8030 0.8030
2022.597628 0.8029 0.8027 0.8024 0.8022 0.8019
2026.632398 0.8017 0.8014 0.8012 0.8010 0.8010
2030.667167 0.8010 0.8010 0.8009 0.8006 0.8004
2034.701937 0.8001 0.8000 0.8000 0.8000 0.8000
2038.736706 0.7999 0.7996 0.7993 0.7991 0.7988
2042.771476 0.7986 0.7983 0.7981 0.7980 0.7980
2046.806245 0.7980 0.7980 0.7980 0.7980 0.7980
2050.841015 0.7980 0.7978 0.7976 0.7973 0.7970
2054.875784 0.7968 0.7965 0.7963 0.7960 0.7958
2058.910554 0.7955 0.7953 0.7950 0.7948 0.7945
2062.945323 0.7943 0.7940 0.7940 0.7940 0.7940
2066.980093 0.7940 0.7940 0.7940 0.7940 0.7940
2071.014862 0.7937 0.7935 0.7932 0.7930 0.7930
2075.049632 0.7930 0.7930 0.7930 0.7927 0.7924
2079.084401 0.7922 0.7919 0.7917 0.7914 0.7912
2083.119171 0.7910 0.7910 0.7910 0.7910 0.7909
2087.153940 0.7907 0.7904 0.7902 0.7900 0.7900
2091.188710 0.7900 0.7900 0.7900 0.7900 0.7900
2095.223479 0.7900 0.7899 0.7896 0.7894 0.7891
2099.258249 0.7890 0.7890 0.7890 0.7890 0.7888
2103.293018 0.7886 0.7883 0.7881 0.7880 0.7880
2107.327788 0.7880 0.7880 0.7878 0.7876 0.7873
2111.362557 0.7871 0.7870 0.7870 0.7870 0.7870
2115.397326 0.7868 0.7866 0.7863 0.7860 0.7858
2119.432096 0.7855 0.7853 0.7850 0.7850 0.7850
2123.466865 0.7850 0.7850 0.7848 0.7845 0.7843
2127.501635 0.7840 0.7837 0.7835 0.7832 0.7830
2131.536404 0.7830 0.7830 0.7830 0.7830 0.7827
2135.571174 0.7825 0.7822 0.7820 0.7817 0.7815
2139.605943 0.7812 0.7810 0.7807 0.7804 0.7802
2143.640713 0.7800 0.7800 0.7800 0.7800 0.7799
2147.675482 0.7794 0.7788 0.7783 0.7780 0.7780
2151.710252 0.7780 0.7780 0.7779 0.7777 0.7774
2155.745021 0.7771 0.7770 0.7770 0.7770 0.7770
2159.779791 0.7769 0.7766 0.7764 0.7761 0.7760
2163.814560 0.7760 0.7760 0.7760 0.7758 0.7756
2167.849330 0.7753 0.7751 0.7748 0.7746 0.7743
2171.884099 0.7741 0.7738 0.7736 0.7733 0.7731
2175.918869 0.7730 0.7730 0.7730 0.7730 0.7730
2179.953638 0.7730 0.7730 0.7730 0.7728 0.7725
2183.988408 0.7723 0.7720 0.7718 0.7715 0.7713
2188.023177 0.7710 0.7708 0.7705 0.7703 0.7700
2192.057947 0.7697 0.7695 0.7692 0.7690 0.7687
2196.092716 0.7685 0.7682 0.7680 0.7677 0.7675
2200.127486 0.7672 0.7670 0.7667 0.7665 0.7662
2204.162255 0.7660 0.7657 0.7654 0.7652 0.7650
2208.197025 0.7650 0.7650 0.7650 0.7649 0.7647
2212.231794 0.7644 0.7642 0.7639 0.7637 0.7634
2216.266564 0.7632 0.7630 0.7630 0.7630 0.7630
2220.301333 0.7628 0.7623 0.7618 0.7612 0.7610
2224.336103 0.7610 0.7610 0.7610 0.7607 0.7602
2228.370872 0.7597 0.7592 0.7588 0.7586 0.7583
2232.405642 0.7581 0.7578 0.7576 0.7573 0.7571
2236.440411 0.7568 0.7566 0.7563 0.7561 0.7556
2240.475181 0.7551 0.7546 0.7541 0.7538 0.7535
2244.509950 0.7533 0.7530 0.7528 0.7525 0.7523
2248.544720 0.7520 0.7516 0.7511 0.7505 0.7500
2252.579489 0.7498 0.7495 0.7492 0.7490 0.7487
2256.614258 0.7485 0.7482 0.7480 0.7480 0.7480
2260.649028 0.7480 0.7480 0.7477 0.7475 0.7472
2264.683797 0.7470 0.7467 0.7465 0.7462 0.7459
2268.718567 0.7457 0.7454 0.7452 0.7449 0.7447
2272.753336 0.7444 0.7442 0.7439 0.7433 0.7428
2276.788106 0.7423 0.7419 0.7417 0.7414 0.7412
2280.822875 0.7409 0.7407 0.7404 0.7401 0.7400
2284.857645 0.7400 0.7400 0.7400 0.7399 0.7396
2288.892414 0.7394 0.7391 0.7389 0.7386 0.7384
2292.927184 0.7381 0.7378 0.7376 0.7373 0.7371
2296.961953 0.7368 0.7366 0.7363 0.7361 0.7360
2300.996723 0.7360 0.7360 0.7360 0.7358 0.7356
2305.031492 0.7353 0.7351 0.7350 0.7350 0.7350
2309.066262 0.7350 0.7348 0.7345 0.7343 0.7340
2313.101031 0.7340 0.7340 0.7340 0.7340 0.7338
2317.135801 0.7335 0.7332 0.7330 0.7330 0.7330
2321.170570 0.7330 0.7330 0.7327 0.7325 0.7322
2325.205340 0.7320 0.7320 0.7320 0.7320 0.7320
2329.240109 0.7320 0.7320 0.7320 0.7319 0.7317
2333.274879 0.7314 0.7312 0.7310 0.7310 0.7310
2337.309648 0.7310 0.7309 0.7307 0.7304 0.7302
2341.344418 0.7299 0.7297 0.7294 0.7292 0.7290
2345.379187 0.7290 0.7290 0.7290 0.7289 0.7286
2349.413957 0.7284 0.7281 0.7280 0.7280 0.7280
2353.448726 0.7280 0.7280 0.7280 0.7280 0.7280
2357.483496 0.7280 0.7280 0.7280 0.7280 0.7280
2361.518265 0.7280 0.7280 0.7280 0.7278 0.7276
2365.553035 0.7273 0.7271 0.7270 0.7270 0.7270
2369.587804 0.7270 0.7268 0.7265 0.7263 0.7260
2373.622574 0.7260 0.7260 0.7260 0.7260 0.7258
2377.657343 0.7255 0.7253 0.7250 0.7250 0.7250
2381.692113 0.7250 0.7250 0.7250 0.7250 0.7250
2385.726882 0.7250 0.7247 0.7245 0.7242 0.7240
2389.761651 0.7240 0.7240 0.7240 0.7240 0.7240
2393.796421 0.7240 0.7240 0.7240 0.7240 0.7240
2397.831190 0.7240 0.7239 0.7237 0.7234 0.7232
2401.865960 0.7230 0.7230 0.7230 0.7230 0.7229
2405.900729 0.7227 0.7224 0.7222 0.7220 0.7220
2409.935499 0.7220 0.7220 0.7219 0.7216 0.7214
2413.970268 0.7211 0.7210 0.7210 0.7210 0.7210
2418.005038 0.7209 0.7206 0.7203 0.7201 0.7200
2422.039807 0.7200 0.7200 0.7200 0.7200 0.7200
2426.074577 0.7200 0.7200 0.7200 0.7200 0.7200
2430.109346 0.7200 0.7198 0.7196 0.7193 0.7190
2434.144116 0.7188 0.7185 0.7183 0.7180 0.7180
2438.178885 0.7180 0.7180 0.7180 0.7178 0.7175
2442.213655 0.7173 0.7170 0.7168 0.7165 0.7162
2446.248424 0.7160 0.7160 0.7160 0.7160 0.7160
2450.283194 0.7160 0.7160 0.7160 0.7160 0.7157
2454.317963 0.7155 0.7152 0.7150 0.7150 0.7150
2458.352733 0.7150 0.7149 0.7147 0.7144 0.7142
2462.387502 0.7140 0.7140 0.7140 0.7140 0.7139
2466.422272 0.7137 0.7134 0.7132 0.7129 0.7127
2470.457041 0.7124 0.7122 0.7120 0.7120 0.7120
2474.491811 0.7120 0.7119 0.7116 0.7114 0.7111
2478.526580 0.7110 0.7110 0.7110 0.7110 0.7109
2482.561350 0.7106 0.7103 0.7101 0.7098 0.7096
2486.596119 0.7093 0.7091 0.7088 0.7086 0.7083
2490.630889 0.7081 0.7078 0.7076 0.7073 0.7071
2494.665658 0.7070 0.7070 0.7070 0.7070 0.7068
2498.700428 0.7065 0.7063 0.7060 0.7058 0.7055
2502.735197 0.7053 0.7050 0.7048 0.7045 0.7043
2506.769967 0.7040 0.7040 0.7040 0.7040 0.7040
2510.804736 0.7037 0.7035 0.7032 0.7030 0.7030
2514.839506 0.7030 0.7030 0.7030 0.7027 0.7025
2518.874275 0.7022 0.7020 0.7017 0.7014 0.7012
2522.909045 0.7009 0.7007 0.7004 0.7002 0.6999
2526.943814 0.6997 0.6994 0.6992 0.6990 0.6990
2530.978583 0.6990 0.6990 0.6989 0.6987 0.6984
2535.013353 0.6982 0.6979 0.6976 0.6974 0.6971
2539.048122 0.6969 0.6966 0.6964 0.6961 0.6960
2543.082892 0.6960 0.6960 0.6960 0.6959 0.6956
2547.117661 0.6953 0.6951 0.6950 0.6950 0.6950
2551.152431 0.6950 0.6950 0.6950 0.6950 0.6950
2555.187200 0.6950 0.6950 0.6950 0.6950 0.6948
2559.221970 0.6946 0.6943 0.6940 0.6940 0.6940
2563.256739 0.6940 0.6940 0.6938 0.6935 0.6933
2567.291509 0.6930 0.6930 0.6930 0.6930 0.6930
2571.326278 0.6930 0.6930 0.6930 0.6930 0.6930
2575.361048 0.6930 0.6930 0.6930 0.6927 0.6925
2579.395817 0.6922 0.6920 0.6917 0.6915 0.6912
2583.430587 0.6910 0.6910 0.6910 0.6910 0.6909
2587.465356 0.6904 0.6899 0.6894 0.6889 0.6887
2591.500126 0.6884 0.6882 0.6879 0.6877 0.6874
2595.534895 0.6872 0.6868 0.6863 0.6858 0.6853
2599.569665 0.6848 0.6843 0.6838 0.6833 0.6829
2603.604434 0.6826 0.6824 0.6821 0.6819 0.6816
2607.639204 0.6814 0.6811 0.6807 0.6802 0.6797
2611.673973 0.6792 0.6787 0.6782 0.6777 0.6772
2615.708743 0.6767 0.6761 0.6756 0.6751 0.6748
2619.743512 0.6746 0.6743 0.6741 0.6740 0.6740
2623.778282 0.6740 0.6740 0.6740 0.6740 0.6740
2627.813051 0.6740 0.6740 0.6740 0.6740 0.6740
2631.847821 0.6738 0.6735 0.6733 0.6730 0.6730
2635.882590 0.6730 0.6730 0.6730 0.6727 0.6725
2639.917360 0.6722 0.6719 0.6714 0.6709 0.6704
2643.952129 0.6700 0.6700 0.6700 0.6700 0.6700
2647.986899 0.6697 0.6694 0.6692 0.6689 0.6687
2652.021668 0.6684 0.6682 0.6679 0.6677 0.6674
2656.056438 0.6672 0.6669 0.6667 0.6664 0.6662
2660.091207 0.6660 0.6660 0.6660 0.6660 0.6659
2664.125976 0.6656 0.6654 0.6651 0.6649 0.6646
2668.160746 0.6644 0.6641 0.6639 0.6636 0.6634
2672.195515 0.6631 0.6628 0.6626 0.6623 0.6621
2676.230285 0.6620 0.6620 0.6620 0.6620 0.6620
2680.265054 0.6620 0.6620 0.6620 0.6618 0.6616
2684.299824 0.6613 0.6611 0.6608 0.6605 0.6603
2688.334593 0.6600 0.6596 0.6591 0.6586 0.6581
2692.369363 0.6580 0.6580 0.6580 0.6580 0.6575
2696.404132 0.6570 0.6565 0.6560 0.6555 0.6550
2700.438902 0.6545 0.6540 0.6537 0.6535 0.6532
2704.473671 0.6529 0.6524 0.6519 0.6514 0.6509
2708.508441 0.6504 0.6499 0.6494 0.6489 0.6484
2712.543210 0.6479 0.6474 0.6469 0.6464 0.6459
2716.577980 0.6454 0.6449 0.6444 0.6438 0.6433
2720.612749 0.6428 0.6423 0.6418 0.6413 0.6407
2724.647519 0.6400 0.6392 0.6384 0.6379 0.6376
2728.682288 0.6374 0.6371 0.6366 0.6359 0.6351
2732.717058 0.6343 0.6337 0.6332 0.6327 0.6322
2736.751827 0.6315 0.6308 0.6300 0.6293 0.6288
2740.786597 0.6286 0.6283 0.6281 0.6275 0.6267
2744.821366 0.6260 0.6252 0.6246 0.6241 0.6236
2748.856136 0.6231 0.6226 0.6221 0.6216 0.6211
2752.890905 0.6208 0.6205 0.6203 0.6200 0.6193
2756.925675 0.6186 0.6178 0.6171 0.6165 0.6160
2760.960444 0.6155 0.6150 0.6145 0.6140 0.6135
2764.995214 0.6129 0.6114 0.6099 0.6083 0.6068
2769.029983 0.6050 0.6033 0.6015 0.5997 0.5980
2773.064753 0.5962 0.5944 0.5926 0.5909 0.5891
2777.099522 0.5873 0.5856 0.5838 0.5820 0.5803
2781.134292 0.5786 0.5770 0.5755 0.5740 0.5729
2785.169061 0.5727 0.5724 0.5722 0.5720 0.5720
2789.203831 0.5720 0.5720 0.5719 0.5716 0.5714
2793.238600 0.5711 0.5710 0.5710 0.5710 0.5710
2797.273370 0.5710 0.5710 0.5710 0.5710 0.5710
2801.308139 0.5710 0.5710 0.5710 0.5708 0.5706
2805.342908 0.5703 0.5701 0.5700 0.5700 0.5700
2809.377678 0.5700 0.5698 0.5696 0.5693 0.5691
2813.412447 0.5688 0.5685 0.5683 0.5680 0.5678
2817.447217 0.5675 0.5673 0.5670 0.5668 0.5665
2821.481986 0.5663 0.5660 0.5655 0.5650 0.5645
2825.516756 0.5640 0.5620 0.5600 0.5579 0.5559
2829.551525 0.5541 0.5523 0.5506 0.5486 0.5450
2833.586295 0.5415 0.5380 0.5336 0.5247 0.5159
2837.621064 0.5070 0.4956 0.4741 0.4526 0.4311
2841.655834 0.4127 0.4033 0.3940 0.3846 0.3732
2845.690603 0.3568 0.3403 0.3239 0.3101 0.3015
2849.725373 0.2929 0.2843 0.2715 0.2518 0.2321
2853.760142 0.2123 0.2009 0.2006 0.2004 0.2001
2857.794912 0.2001 0.2004 0.2006 0.2009 0.2026
2861.829681 0.2054 0.2082 0.2109 0.2137 0.2165
2865.864451 0.2193 0.2221 0.2248 0.2276 0.2304
2869.899220 0.2332 0.2361 0.2392 0.2422 0.2452
2873.933990 0.2477 0.2500 0.2523 0.2545 0.2596
2877.968759 0.2654 0.2713 0.2771 0.2780 0.2780
2882.003529 0.2780 0.2780 0.2733 0.2680 0.2627
2886.038298 0.2574 0.2537 0.2502 0.2466 0.2431
2890.073068 0.2398 0.2364 0.2331 0.2295 0.2232
2894.107837 0.2169 0.2105 0.2046 0.2013 0.1980
2898.142607 0.1947 0.1919 0.1911 0.1904 0.1896
2902.177376 0.1879 0.1829 0.1778 0.1728 0.1676
2906.212146 0.1623 0.1570 0.1517 0.1464 0.1411
2910.246915 0.1358 0.1305 0.1235 0.1131 0.1027
2914.281685 0.0924 0.0841 0.0793 0.0745 0.0697
2918.316454 0.0668 0.0663 0.0658 0.0653 0.0651
2922.351224 0.0654 0.0656 0.0659 0.0670 0.0688
2926.385993 0.0706 0.0723 0.0763 0.0816 0.0869
2930.420763 0.0922 0.0977 0.1033 0.1088 0.1144
2934.455532 0.1160 0.1160 0.1160 0.1160 0.1158
2938.490302 0.1156 0.1153 0.1151 0.1116 0.1073
2942.525071 0.1030 0.0987 0.0959 0.0933 0.0908
2946.559840 0.0883 0.0880 0.0880 0.0880 0.0880
2950.594610 0.0894 0.0909 0.0924 0.0940 0.0955
2954.629379 0.0970 0.0986 0.1003 0.1033 0.1063
2958.664149 0.1094 0.1127 0.1177 0.1228 0.1278
2962.698918 0.1337 0.1439 0.1540 0.1641 0.1739
2966.733688 0.1825 0.1910 0.1996 0.2071 0.2111
2970.768457 0.2151 0.2192 0.2232 0.2269 0.2307
2974.803227 0.2345 0.2394 0.2462 0.2530 0.2598
2978.837996 0.2664 0.2724 0.2785 0.2846 0.2902
2982.872766 0.2953 0.3003 0.3054 0.3102 0.3148
2986.907535 0.3195 0.3241 0.3272 0.3292 0.3312
2990.942305 0.3333 0.3351 0.3369 0.3387 0.3404
2994.977074 0.3434 0.3469 0.3505 0.3540 0.3572
2999.011844 0.3602 0.3632 0.3663 0.3691 0.3719
3003.046613 0.3747 0.3775 0.3802 0.3830 0.3858
3007.081383 0.3886 0.3911 0.3937 0.3962 0.3987
3011.116152 0.4008 0.4028 0.4049 0.4069 0.4079
3015.150922 0.4090 0.4100 0.4110 0.4113 0.4115
3019.185691 0.4118 0.4120 0.4117 0.4115 0.4112
3023.220461 0.4109 0.4099 0.4088 0.4078 0.4067
3027.255230 0.4049 0.4031 0.4014 0.3997 0.3985
3031.290000 0.3972 0.3959 0.3949 0.3944 0.3939
3035.324769 0.3933 0.3919 0.3884 0.3848 0.3813
3039.359539 0.3780 0.3752 0.3725 0.3697 0.3678
3043.394308 0.3673 0.3668 0.3663 0.3654 0.3642
3047.429078 0.3629 0.3617 0.3606 0.3599 0.3591
3051.463847 0.3583 0.3573 0.3560 0.3547 0.3535
3055.498617 0.3517 0.3497 0.3477 0.3456 0.3441
3059.533386 0.3429 0.3416 0.3403 0.3343 0.3265
3063.568156 0.3187 0.3108 0.3069 0.3041 0.3013
3067.602925 0.2985 0.2978 0.2975 0.2973 0.2970
3071.637695 0.2972 0.2975 0.2977 0.2980 0.2985
3075.672464 0.2990 0.2995 0.3000 0.3010 0.3020
3079.707233 0.3030 0.3040 0.3053 0.3066 0.3078
3083.742003 0.3091 0.3098 0.3106 0.3113 0.3121
3087.776772 0.3126 0.3131 0.3136 0.3141 0.3146
3091.811542 0.3151 0.3156 0.3161 0.3163 0.3166
3095.846311 0.3168 0.3171 0.3176 0.3181 0.3187
3099.881081 0.3191 0.3193 0.3196 0.3198 0.3200
3103.915850 0.3200 0.3200 0.3200 0.3200 0.3200
3107.950620 0.3200 0.3200 0.3199 0.3196 0.3194
3111.985389 0.3191 0.3187 0.3182 0.3177 0.3172
3116.020159 0.3164 0.3154 0.3144 0.3134 0.3115
3120.054928 0.3093 0.3070 0.3047 0.3004 0.2951
3124.089698 0.2897 0.2844 0.2806 0.2773 0.2740
3128.124467 0.2707 0.2686 0.2669 0.2651 0.2633
3132.159237 0.2622 0.2612 0.2602 0.2591 0.2544
3136.194006 0.2491 0.2438 0.2385 0.2337 0.2289
3140.228776 0.2241 0.2192 0.2159 0.2126 0.2093
3144.263545 0.2060 0.2040 0.2019 0.1998 0.1974
3148.298315 0.1913 0.1853 0.1792 0.1733 0.1688
3152.333084 0.1642 0.1597 0.1552 0.1509 0.1466
3156.367854 0.1423 0.1381 0.1340 0.1300 0.1259
3160.402623 0.1207 0.1124 0.1040 0.0957 0.0885
3164.437393 0.0837 0.0789 0.0741 0.0708 0.0703
3168.472162 0.0698 0.0693 0.0690 0.0690 0.0690
3172.506932 0.0690 0.0690 0.0690 0.0690 0.0690
3176.541701 0.0690 0.0690 0.0690 0.0690 0.0693
3180.576471 0.0698 0.0703 0.0708 0.0721 0.0739
3184.611240 0.0757 0.0775 0.0794 0.0814 0.0834
3188.646010 0.0855 0.0877 0.0899 0.0922 0.0945
3192.680779 0.0960 0.0972 0.0985 0.0998 0.1010
3196.715549 0.1023 0.1036 0.1048 0.1153 0.1272
3200.750318 0.1391 0.1509 0.1610 0.1708 0.1807
3204.785088 0.1905 0.1951 0.1994 0.2037 0.2080
3208.819857 0.2124 0.2167 0.2211 0.2257 0.2325
3212.854627 0.2394 0.2462 0.2529 0.2587 0.2645
3216.889396 0.2703 0.2760 0.2810 0.2861 0.2911
3220.924165 0.2960 0.3000 0.3040 0.3081 0.3119
3224.958935 0.3152 0.3185 0.3218 0.3245 0.3260
3228.993704 0.3275 0.3290 0.3306 0.3321 0.3336
3233.028474 0.3351 0.3370 0.3396 0.3421 0.3446
3237.063243 0.3474 0.3504 0.3534 0.3565 0.3593
3241.098013 0.3619 0.3644 0.3670 0.3695 0.3721
3245.132782 0.3746 0.3771 0.3787 0.3797 0.3807
3249.167552 0.3817 0.3822 0.3824 0.3827 0.3829
3253.202321 0.3830 0.3830 0.3830 0.3830 0.3830
3257.237091 0.3830 0.3830 0.3830 0.3828 0.3825
3261.271860 0.3823 0.3820 0.3818 0.3815 0.3813
3265.306630 0.3810 0.3803 0.3795 0.3788 0.3780
3269.341399 0.3761 0.3740 0.3720 0.3700 0.3700
3273.376169 0.3700 0.3700 0.3699 0.3686 0.3673
3277.410938 0.3661 0.3646 0.3621 0.3596 0.3570
3281.445708 0.3545 0.3520 0.3494 0.3469 0.3438
3285.480477 0.3387 0.3337 0.3286 0.3243 0.3221
3289.515247 0.3198 0.3175 0.3153 0.3133 0.3113
3293.550016 0.3093 0.3072 0.3052 0.3032 0.3012
3297.584786 0.2993 0.2975 0.2957 0.2940 0.2923
3301.619555 0.2908 0.2893 0.2877 0.2862 0.2847
3305.654325 0.2831 0.2816 0.2802 0.2790 0.2777
3309.689094 0.2764 0.2755 0.2747 0.2740 0.2732
3313.723864 0.2725 0.2717 0.2710 0.2702 0.2696
3317.758633 0.2691 0.2686 0.2681 0.2678 0.2675
3321.793403 0.2673 0.2670 0.2662 0.2651 0.2641
3325.828172 0.2631 0.2612 0.2592 0.2572 0.2552
3329.862942 0.2510 0.2467 0.2424 0.2382 0.2270
3333.897711 0.2157 0.2043 0.1929 0.1865 0.1801
3337.932481 0.1737 0.1673 0.1615 0.1557 0.1499
3341.967250 0.1443 0.1397 0.1352 0.1306 0.1255
3346.002020 0.1179 0.1103 0.1027 0.0957 0.0907
3350.036789 0.0856 0.0806 0.0761 0.0731 0.0701
3354.071558 0.0670 0.0630 0.0569 0.0508 0.0448
3358.106328 0.0389 0.0333 0.0278 0.0222 0.0189
3362.141097 0.0186 0.0184 0.0181 0.0179 0.0176
3366.175867 0.0174 0.0171 0.0171 0.0174 0.0176
3370.210636 0.0179 0.0207 0.0250 0.0293 0.0336
3374.245406 0.0394 0.0459 0.0525 0.0591 0.0664
3378.280175 0.0739 0.0815 0.0891 0.0940 0.0981
3382.314945 0.1021 0.1062 0.1102 0.1143 0.1183
3386.349714 0.1223 0.1298 0.1379 0.1460 0.1540
3390.384484 0.1628 0.1717 0.1805 0.1893 0.1944
3394.419253 0.1993 0.2041 0.2089 0.2137 0.2185
3398.454023 0.2233 0.2281 0.2387 0.2492 0.2598
3402.488792 0.2704 0.2815 0.2926 0.3037 0.3141
3406.523562 0.3204 0.3267 0.3330 0.3393 0.3453
3410.558331 0.3514 0.3575 0.3655 0.3791 0.3928
3414.593101 0.4064 0.4177 0.4232 0.4288 0.4343
3418.627870 0.4399 0.4455 0.4510 0.4566 0.4637
3422.662640 0.4733 0.4829 0.4925 0.5016 0.5099
3426.697409 0.5183 0.5266 0.5328 0.5366 0.5404
3430.732179 0.5442 0.5479 0.5515 0.5551 0.5586
3434.766948 0.5639 0.5703 0.5766 0.5829 0.5887
3438.801718 0.5943 0.5998 0.6054 0.6102 0.6148
3442.836487 0.6193 0.6239 0.6277 0.6312 0.6348
3446.871257 0.6383 0.6414 0.6445 0.6475 0.6505
3450.906026 0.6531 0.6557 0.6582 0.6607 0.6626
3454.940796 0.6643 0.6661 0.6679 0.6687 0.6695
3458.975565 0.6702 0.6710 0.6717 0.6725 0.6733
3463.010335 0.6740 0.6753 0.6766 0.6779 0.6791
3467.045104 0.6799 0.6806 0.6814 0.6821 0.6829
3471.079874 0.6836 0.6844 0.6851 0.6856 0.6861
3475.114643 0.6866 0.6871 0.6876 0.6881 0.6886
3479.149413 0.6892 0.6900 0.6907 0.6915 0.6923
3483.184182 0.6930 0.6938 0.6945 0.6950 0.6950
3487.218952 0.6950 0.6950 0.6952 0.6957 0.6962
3491.253721 0.6967 0.6971 0.6974 0.6976 0.6979
3495.288490 0.6980 0.6980 0.6980 0.6980 0.6980
3499.323260 0.6980 0.6980 0.6980 0.6978 0.6976
3503.358029 0.6973 0.6971 0.6970 0.6970 0.6970
3507.392799 0.6970 0.6970 0.6970 0.6970 0.6970
3511.427568 0.6968 0.6965 0.6963 0.6960 0.6958
3515.462338 0.6955 0.6953 0.6950 0.6950 0.6950
3519.497107 0.6950 0.6950 0.6950 0.6950 0.6950
3523.531877 0.6950 0.6948 0.6945 0.6942 0.6940
3527.566646 0.6935 0.6930 0.6924 0.6919 0.6914
3531.601416 0.6909 0.6904 0.6899 0.6894 0.6889
3535.636185 0.6884 0.6879 0.6874 0.6869 0.6864
3539.670955 0.6859 0.6854 0.6849 0.6844 0.6839
3543.705724 0.6837 0.6834 0.6832 0.6828 0.6823
3547.740494 0.6818 0.6813 0.6808 0.6803 0.6798
3551.775263 0.6793 0.6789 0.6786 0.6784 0.6781
3555.810033 0.6780 0.6780 0.6780 0.6780 0.6779
3559.844802 0.6776 0.6774 0.6771 0.6768 0.6766
3563.879572 0.6763 0.6761 0.6757 0.6752 0.6746
3567.914341 0.6741 0.6740 0.6740 0.6740 0.6740
3571.949111 0.6738 0.6736 0.6733 0.6730 0.6724
3575.983880 0.6716 0.6709 0.6701 0.6700 0.6700
3580.018650 0.6700 0.6700 0.6698 0.6695 0.6693
3584.053419 0.6690 0.6688 0.6685 0.6683 0.6680
3588.088189 0.6675 0.6670 0.6665 0.6660 0.6660
3592.122958 0.6660 0.6660 0.6660 0.6657 0.6655
3596.157728 0.6652 0.6650 0.6647 0.6644 0.6642
3600.192497 0.6639 0.6634 0.6629 0.6624 0.6620
3604.227267 0.6620 0.6620 0.6620 0.6619 0.6617
3608.262036 0.6614 0.6612 0.6609 0.6607 0.6604
3612.296806 0.6602 0.6598 0.6593 0.6588 0.6583
3616.331575 0.6580 0.6580 0.6580 0.6580 0.6579
3620.366345 0.6576 0.6574 0.6571 0.6569 0.6566
3624.401114 0.6563 0.6561 0.6558 0.6556 0.6553
3628.435883 0.6551 0.6548 0.6546 0.6543 0.6541
3632.470653 0.6540 0.6540 0.6540 0.6540 0.6538
3636.505422 0.6536 0.6533 0.6530 0.6528 0.6525
3640.540192 0.6523 0.6520 0.6518 0.6515 0.6513
3644.574961 0.6510 0.6508 0.6505 0.6503 0.6500
3648.609731 0.6500 0.6500 0.6500 0.6500 0.6497
3652.644500 0.6495 0.6492 0.6490 0.6487 0.6485
3656.679270 0.6482 0.6480 0.6477 0.6475 0.6472
3660.714039 0.6470 0.6467 0.6464 0.6462 0.6460
3664.748809 0.6460 0.6460 0.6460 0.6459 0.6457
3668.783578 0.6454 0.6452 0.6449 0.6447 0.6444
3672.818348 0.6442 0.6439 0.6437 0.6434 0.6432
3676.853117 0.6429 0.6426 0.6424 0.6421 0.6419
3680.887887 0.6416 0.6414 0.6411 0.6410 0.6410
3684.922656 0.6410 0.6410 0.6409 0.6406 0.6403
3688.957426 0.6401 0.6398 0.6396 0.6393 0.6391
3692.992195 0.6388 0.6386 0.6383 0.6381 0.6378
3697.026965 0.6376 0.6373 0.6371 0.6370 0.6370
3701.061734 0.6370 0.6370 0.6370 0.6370 0.6370
3705.096504 0.6370 0.6368 0.6365 0.6363 0.6360
3709.131273 0.6358 0.6355 0.6353 0.6350 0.6348
3713.166043 0.6345 0.6343 0.6340 0.6340 0.6340
3717.200812 0.6340 0.6340 0.6337 0.6335 0.6332
3721.235582 0.6330 0.6330 0.6330 0.6330 0.6330
3725.270351 0.6327 0.6324 0.6322 0.6320 0.6320
3729.305121 0.6320 0.6320 0.6319 0.6317 0.6314
3733.339890 0.6312 0.6309 0.6307 0.6304 0.6302
3737.374660 0.6299 0.6297 0.6294 0.6291 0.6290
3741.409429 0.6290 0.6290 0.6290 0.6290 0.6290
3745.444199 0.6290 0.6290 0.6289 0.6286 0.6284
3749.478968 0.6281 0.6279 0.6276 0.6273 0.6271
3753.513738 0.6270 0.6270 0.6270 0.6270 0.6268
3757.548507 0.6266 0.6263 0.6261 0.6258 0.6256
3761.583277 0.6253 0.6251 0.6250 0.6250 0.6250
3765.618046 0.6250 0.6250 0.6250 0.6250 0.6250
3769.652815 0.6248 0.6245 0.6243 0.6240 0.6238
3773.687585 0.6235 0.6233 0.6230 0.6228 0.6225
3777.722354 0.6223 0.6220 0.6217 0.6215 0.6212
3781.757124 0.6210 0.6210 0.6210 0.6210 0.6210
3785.791893 0.6207 0.6205 0.6202 0.6200 0.6197
3789.826663 0.6194 0.6192 0.6190 0.6190 0.6190
3793.861432 0.6190 0.6189 0.6187 0.6184 0.6182
3797.896202 0.6179 0.6177 0.6174 0.6172 0.6170
3801.930971 0.6170 0.6170 0.6170 0.6169 0.6166
3805.965741 0.6164 0.6161 0.6159 0.6156 0.6154
3810.000510 0.6151 0.6150 0.6150 0.6150 0.6150
3814.035280 0.6149 0.6146 0.6143 0.6141 0.6138
3818.070049 0.6136 0.6133 0.6131 0.6130 0.6130
3822.104819 0.6130 0.6130 0.6128 0.6126 0.6123
3826.139588 0.6121 0.6118 0.6115 0.6113 0.6110
3830.174358 0.6110 0.6110 0.6110 0.6110 0.6108
3834.209127 0.6105 0.6103 0.6100 0.6098 0.6095
3838.243897 0.6093 0.6090 0.6090 0.6090 0.6090
3842.278666 0.6090 0.6087 0.6085 0.6082 0.6080
3846.313436 0.6077 0.6075 0.6072 0.6070 0.6070
3850.348205 0.6070 0.6070 0.6069 0.6067 0.6064
3854.382975 0.6062 0.6059 0.6057 0.6054 0.6052
3858.417744 0.6049 0.6047 0.6044 0.6042 0.6040
3862.452514 0.6040 0.6040 0.6040 0.6039 0.6037
3866.487283 0.6034 0.6031 0.6030 0.6030 0.6030
3870.522053 0.6030 0.6029 0.6026 0.6024 0.6021
3874.556822 0.6019 0.6016 0.6014 0.6011 0.6009
3878.591592 0.6006 0.6003 0.6001 0.6000 0.6000
3882.626361 0.6000 0.6000 0.5998 0.5996 0.5993
3886.661131 0.5991 0.5988 0.5986 0.5983 0.5981
3890.695900 0.5978 0.5975 0.5973 0.5970 0.5968
3894.730670 0.5965 0.5963 0.5960 0.5960 0.5960
3898.765439 0.5960 0.5960 0.5960 0.5960 0.5960
3902.800208 0.5960 0.5958 0.5955 0.5952 0.5950
3906.834978 0.5947 0.5945 0.5942 0.5940 0.5937
3910.869747 0.5935 0.5932 0.5930 0.5930 0.5930
3914.904517 0.5930 0.5929 0.5927 0.5924 0.5922
3918.939286 0.5920 0.5920 0.5920 0.5920 0.5919
3922.974056 0.5917 0.5914 0.5912 0.5909 0.5907
3927.008825 0.5904 0.5902 0.5900 0.5900 0.5900
3931.043595 0.5900 0.5899 0.5896 0.5894 0.5891
3935.078364 0.5889 0.5886 0.5884 0.5881 0.5880
3939.113134 0.5880 0.5880 0.5880 0.5879 0.5876
3943.147903 0.5873 0.5871 0.5870 0.5870 0.5870
3947.182673 0.5870 0.5868 0.5866 0.5863 0.5861
3951.217442 0.5858 0.5856 0.5853 0.5851 0.5848
3955.252212 0.5845 0.5843 0.5840 0.5840 0.5840
3959.286981 0.5840 0.5840 0.5840 0.5840 0.5840
3963.321751 0.5840 0.5838 0.5835 0.5833 0.5830
3967.356520 0.5828 0.5825 0.5822
##END=
