##TITLE=L-TRYPTOPHAN
##JCAMP-DX=4.24
##DATA TYPE=INFRARED SPECTRUM
##CLASS=COBLENTZ III
##ORIGIN=SMITH KLINE & FRENCH
##OWNER=COBLENTZ SOCIETY
Collection (C) 2018 copyright by the U.S. Secretary of Commerce
on behalf of the United States of America. All rights reserved.
##DATE=1965/06/25
##NAMES=tryptophan
L-3-INDOLEPROPANOIC ACID, Alpha-AMINO-
##CAS REGISTRY NO=73-22-3
##MOLFORM=C11 H12 N2 O2
##SOURCE REFERENCE=COBLENTZ NO. 10285
##$NIST SOURCE=COBLENTZ
##$NIST IMAGE=cob10285
##SPECTROMETER/DATA SYSTEM=PERKIN-ELMER 521 (GRATING)
##INSTRUMENT PARAMETERS=ORDER CHANGES AT 1999, 690 CM^-^1
##STATE=SOLID (OIL MULL)
##PATH LENGTH=KBr PLATES
$$SPECTRAL CONTAMINATION DUE TO OIL AROUND 2900 CM^-^1
$$ SEE SPECTRUM NO. 5162 FOR "KBr PRISM" SPECTRUM
##SAMPLING PROCEDURE=TRANSMISSION
##RESOLUTION=4
##DATA PROCESSING=DIGITIZED BY NIST FROM HARD COPY (FROM TWO SEGMENTS)
##XUNITS=1/CM
##YUNITS=TRANSMITTANCE
##XFACTOR=1.000000
##YFACTOR=1
##DELTAX=0.915751
##FIRSTX=387.363
##LASTX=3998.17
##FIRSTY=0.544
##MAXX=3998.17
##MINX=387.363
##MAXY=0.825988
##MINY=0.079
##NPOINTS=3944
##XYDATA=(X++(Y..Y))
387.363000 0.5440 0.5450 0.5460 0.5460 0.5460
391.941754 0.5460 0.5580 0.5670 0.5770 0.5820
396.520509 0.5840 0.5860 0.5870 0.5910 0.5940
401.099263 0.5970 0.6000 0.6010 0.6030 0.6050
405.678017 0.6110 0.6130 0.6150 0.6150 0.6160
410.256772 0.6160 0.6150 0.6120 0.6030 0.5950
414.835526 0.5880 0.5880 0.5870 0.5840 0.5431
419.414280 0.5011 0.4531 0.4072 0.4000 0.3552
423.993035 0.3280 0.3280 0.3749 0.4269 0.4739
428.571789 0.5119 0.5638 0.5710 0.5829 0.5989
433.150543 0.6120 0.6240 0.6270 0.6430 0.6460
437.729298 0.6500 0.6590 0.6690 0.6700 0.6710
442.308052 0.6740 0.6750 0.6780 0.6810 0.6780
446.886806 0.6740 0.6620 0.6560 0.6261 0.6011
451.465560 0.5820 0.5630 0.5450 0.6009 0.6110
456.044315 0.6330 0.6350 0.6370 0.6410 0.6420
460.623069 0.6430 0.6480 0.6490 0.6500 0.6500
465.201823 0.6510 0.6520 0.6520 0.6520 0.6530
469.780578 0.6530 0.6530 0.6510 0.6490 0.6450
474.359332 0.6430 0.6410 0.6370 0.6340 0.6320
478.938086 0.6300 0.6240 0.6160 0.6070 0.5970
483.516841 0.5860 0.5760 0.5630 0.5511 0.5440
488.095595 0.5360 0.5200 0.5040 0.4860 0.4650
492.674349 0.4450 0.4211 0.4130 0.4030 0.4020
497.253104 0.4030 0.4230 0.4240 0.4240 0.4200
501.831858 0.4130 0.4020 0.3920 0.3870 0.3800
506.410612 0.3720 0.3590 0.3580 0.3610 0.3800
510.989367 0.4229 0.4380 0.4679 0.4939 0.5119
515.568121 0.5130 0.5130 0.5120 0.5050 0.4880
520.146875 0.4720 0.4521 0.4371 0.4121 0.3921
524.725630 0.3910 0.3910 0.3940 0.4050 0.4240
529.304384 0.4479 0.4779 0.5099 0.5777 0.6089
533.883138 0.6340 0.6540 0.6650 0.6820 0.6830
538.461893 0.6840 0.6830 0.6700 0.6561 0.6341
543.040647 0.5920 0.5520 0.5260 0.4980 0.4680
547.619401 0.4660 0.4879 0.5000 0.5000 0.4970
552.198155 0.4940 0.4860 0.4780 0.4690 0.4680
556.776910 0.4680 0.4690 0.4839 0.4969 0.5099
561.355664 0.5330 0.5670 0.5830 0.6040 0.6270
565.934418 0.6450 0.6570 0.6660 0.6710 0.6740
570.513173 0.6760 0.6770 0.6770 0.6780 0.6780
575.091927 0.6381 0.6201 0.5762 0.5451 0.5132
579.670681 0.5121 0.6170 0.6170 0.6030 0.5890
584.249436 0.5631 0.5620 0.5630 0.5849 0.6019
588.828190 0.6290 0.6570 0.6770 0.6820 0.6920
593.406944 0.6970 0.7050 0.7120 0.7239 0.7349
597.985699 0.7480 0.7590 0.7720 0.7820 0.7840
602.564453 0.7850 0.7850 0.7850 0.7850 0.7850
607.143207 0.7870 0.7870 0.7870 0.7870 0.7870
611.721962 0.7850 0.7850 0.7840 0.7810 0.7750
616.300716 0.7660 0.7610 0.7600 0.7560 0.7221
620.879470 0.6901 0.6601 0.6600 0.6819 0.7019
625.458225 0.7230 0.7410 0.7570 0.7720 0.7870
630.036979 0.8010 0.8130 0.8150 0.8200 0.8210
634.615733 0.8220 0.8220 0.8220 0.8230 0.8230
639.194488 0.8230 0.8220 0.8220 0.8210 0.8180
643.773242 0.8170 0.8150 0.8140 0.8130 0.8120
648.351996 0.8080 0.8070 0.8000 0.7881 0.7880
652.930751 0.7910 0.7930 0.7970 0.7980 0.7990
657.509505 0.7990 0.7990 0.7990 0.7990 0.7990
662.088259 0.7980 0.7980 0.7960 0.7960 0.7940
666.667013 0.7940 0.7930 0.7910 0.7880 0.7880
671.245768 0.7820 0.7790 0.7790 0.7680 0.7590
675.824522 0.7490 0.7380 0.7151 0.7020 0.7020
680.403276 0.7060 0.7080 0.7230 0.7340 0.7550
684.982031 0.7740 0.7900 0.7970 0.7990 0.8010
689.560785 0.8040 0.8050 0.8070 0.7850 0.8120
694.139539 0.8130 0.8120 0.8120 0.8090 0.8060
698.718294 0.8020 0.7980 0.7920 0.7840 0.7810
703.297048 0.7810 0.7820 0.7880 0.7960 0.7980
707.875802 0.8020 0.8040 0.8040 0.8020 0.8000
712.454557 0.8000 0.7970 0.7960 0.7940 0.7910
717.033311 0.7890 0.7880 0.7870 0.7810 0.7790
721.612065 0.7790 0.7770 0.7760 0.7750 0.7740
726.190820 0.7730 0.7720 0.7640 0.7550 0.7470
730.769574 0.7330 0.7260 0.7120 0.6841 0.6561
735.348328 0.5830 0.5310 0.4790 0.3721 0.3401
739.927083 0.2432 0.1902 0.1003 0.0990 0.1259
744.505837 0.1530 0.1860 0.2640 0.3689 0.4050
749.084591 0.5777 0.6189 0.6868 0.7019 0.7159
753.663346 0.7310 0.7500 0.7890 0.7890 0.7880
758.242100 0.7880 0.7840 0.7800 0.7690 0.7581
762.820854 0.7300 0.7020 0.6900 0.6900 0.7299
767.399608 0.7599 0.7969 0.8060 0.8070 0.8060
771.978363 0.8040 0.8010 0.7940 0.7940 0.8000
776.557117 0.8050 0.8080 0.8100 0.8120 0.8150
781.135871 0.8170 0.8200 0.8220 0.8220 0.8210
785.714626 0.8220 0.8230 0.8260 0.8210 0.8150
790.293380 0.8130 0.8130 0.8120 0.8090 0.8060
794.872134 0.8010 0.7960 0.7870 0.7770 0.7651
799.450889 0.7430 0.7410 0.7410 0.7520 0.7829
804.029643 0.7990 0.8100 0.8150 0.8170 0.8210
808.608397 0.8220 0.8220 0.8230 0.8240 0.8240
813.187152 0.8240 0.8240 0.8250 0.8240 0.8230
817.765906 0.8210 0.8180 0.8160 0.8150 0.8150
822.344660 0.8140 0.8140 0.8120 0.8070 0.8070
826.923415 0.8060 0.8050 0.7990 0.7960 0.7930
831.502169 0.7890 0.7830 0.7730 0.7650 0.7600
836.080923 0.7590 0.7600 0.7730 0.7770 0.7800
840.659678 0.7730 0.7630 0.7461 0.7231 0.6922
845.238432 0.6750 0.6270 0.6130 0.6130 0.7078
849.817186 0.7200 0.7180 0.7120 0.6851 0.6442
854.395941 0.6320 0.6320 0.6440 0.6749 0.6770
858.974695 0.6780 0.6660 0.6202 0.6011 0.5960
863.553449 0.5960 0.6280 0.6370 0.6789 0.7269
868.132204 0.7410 0.7420 0.7410 0.7281 0.7180
872.710958 0.7120 0.7080 0.7080 0.7320 0.7609
877.289712 0.7760 0.7770 0.7770 0.7790 0.7800
881.868466 0.7890 0.7960 0.7970 0.7990 0.7990
886.447221 0.8000 0.8010 0.8040 0.8010 0.8000
891.025975 0.7990 0.7990 0.7990 0.8000 0.8000
895.604729 0.8010 0.8020 0.8020 0.8000 0.7940
900.183484 0.7920 0.7880 0.7850 0.7840 0.7830
904.762238 0.7820 0.7810 0.7810 0.7790 0.7750
909.340992 0.7670 0.7470 0.7420 0.7410 0.7320
913.919747 0.7061 0.6851 0.6571 0.6232 0.6111
918.498501 0.6100 0.6260 0.6590 0.6690 0.6890
923.077255 0.7010 0.7020 0.7030 0.7080 0.7110
927.656010 0.7300 0.7410 0.7440 0.7660 0.7710
932.234764 0.7730 0.7740 0.7750 0.7750 0.7760
936.813518 0.7770 0.7770 0.7770 0.7790 0.7800
941.392273 0.7800 0.7800 0.7790 0.7790 0.7790
945.971027 0.7790 0.7770 0.7770 0.7760 0.7750
950.549781 0.7750 0.7740 0.7740 0.7730 0.7730
955.128536 0.7690 0.7640 0.7600 0.7520 0.7460
959.707290 0.7420 0.7420 0.7430 0.7500 0.7510
964.286044 0.7530 0.7530 0.7490 0.7440 0.7420
968.864799 0.7410 0.7350 0.7280 0.7260 0.7250
973.443553 0.7250 0.7240 0.7100 0.6920 0.6830
978.022307 0.6820 0.6780 0.6690 0.6501 0.6381
982.601061 0.6250 0.5880 0.5820 0.5820 0.5890
987.179816 0.6010 0.6160 0.6289 0.6439 0.6579
991.758570 0.6750 0.6770 0.6780 0.6780 0.6770
996.337324 0.6760 0.6750 0.6710 0.6670 0.6531
1000.916079 0.6440 0.6270 0.6100 0.5890 0.5860
1005.494833 0.5661 0.5441 0.5819 0.6258 0.6509
1010.073587 0.6660 0.6700 0.6740 0.6740 0.6730
1014.652342 0.6680 0.6680 0.6690 0.6700 0.6700
1019.231096 0.6700 0.6690 0.6660 0.6660 0.6690
1023.809850 0.6810 0.6870 0.6910 0.6920 0.6940
1028.388605 0.7000 0.7070 0.7080 0.7110 0.7150
1032.967359 0.7160 0.7170 0.7180 0.7220 0.7240
1037.546113 0.7220 0.7200 0.7180 0.7180 0.7240
1042.124868 0.7240 0.7220 0.7160 0.7140 0.7090
1046.703622 0.7000 0.6930 0.6870 0.6820 0.6740
1051.282376 0.6710 0.6710 0.6830 0.6979 0.6990
1055.861131 0.6980 0.6980 0.6970 0.6980 0.7020
1060.439885 0.7080 0.7070 0.7030 0.7020 0.7020
1065.018639 0.7060 0.7140 0.7260 0.7260 0.7250
1069.597394 0.7090 0.6980 0.6741 0.6262 0.6150
1074.176148 0.6150 0.6210 0.6400 0.6700 0.6939
1078.754902 0.7030 0.7100 0.7100 0.7080 0.7080
1083.333657 0.7020 0.6970 0.6920 0.6790 0.6770
1087.912411 0.6730 0.6531 0.6460 0.6380 0.6171
1092.491165 0.5960 0.5720 0.5530 0.5450 0.5370
1097.069919 0.5360 0.5360 0.5370 0.5609 0.5869
1101.648674 0.6210 0.6460 0.6760 0.6930 0.6980
1106.227428 0.6990 0.6990 0.6970 0.6890 0.6651
1110.806182 0.6590 0.6590 0.6680 0.6760 0.6900
1115.384937 0.6970 0.7050 0.7120 0.7239 0.7349
1119.963691 0.7380 0.7390 0.7380 0.7380 0.7380
1124.542445 0.7300 0.7180 0.7100 0.7090 0.7100
1129.121200 0.7120 0.7150 0.7170 0.7220 0.7230
1133.699954 0.7230 0.7180 0.7160 0.7140 0.7100
1138.278708 0.7050 0.6840 0.6640 0.6460 0.6400
1142.857463 0.6300 0.6290 0.6300 0.6380 0.6450
1147.436217 0.6560 0.6600 0.6620 0.6610 0.6241
1152.014971 0.6110 0.5921 0.5870 0.5850 0.5870
1156.593726 0.5990 0.6010 0.6030 0.6360 0.6510
1161.172480 0.6740 0.6930 0.7189 0.7300 0.7419
1165.751234 0.7460 0.7510 0.7530 0.7590 0.7690
1170.329989 0.7710 0.7710 0.7720 0.7720 0.7720
1174.908743 0.7720 0.7720 0.7720 0.7730 0.7760
1179.487497 0.7790 0.7800 0.7810 0.7790 0.7770
1184.066252 0.7770 0.7820 0.7820 0.7770 0.7740
1188.645006 0.7730 0.7730 0.7790 0.7800 0.7800
1193.223760 0.7770 0.7760 0.7750 0.7730 0.7730
1197.802515 0.7730 0.7720 0.7680 0.7670 0.7660
1202.381269 0.7660 0.7670 0.7670 0.7680 0.7680
1206.960023 0.7690 0.7690 0.7710 0.7720 0.7730
1211.538777 0.7750 0.7760 0.7760 0.7740 0.7730
1216.117532 0.7710 0.7680 0.7660 0.7650 0.7610
1220.696286 0.7480 0.7390 0.7330 0.7230 0.7080
1225.275040 0.6811 0.6461 0.6181 0.6011 0.6010
1229.853795 0.6250 0.6270 0.6759 0.7229 0.7320
1234.432549 0.7390 0.7410 0.7400 0.7380 0.7350
1239.011303 0.7340 0.7320 0.7200 0.7160 0.7150
1243.590058 0.7140 0.7080 0.7030 0.7020 0.7010
1248.168812 0.7020 0.7030 0.7080 0.7110 0.7170
1252.747566 0.7220 0.7250 0.7400 0.7480 0.7490
1257.326321 0.7500 0.7520 0.7550 0.7560 0.7580
1261.905075 0.7560 0.7530 0.7530 0.7520 0.7460
1266.483829 0.7400 0.7340 0.7330 0.7330 0.7310
1271.062584 0.7141 0.7100 0.7070 0.7000 0.6990
1275.641338 0.6990 0.7000 0.7090 0.7140 0.7200
1280.220092 0.7260 0.7300 0.7300 0.7310 0.7300
1284.798847 0.7260 0.7240 0.7240 0.7100 0.6970
1289.377601 0.6810 0.6621 0.6620 0.6749 0.6840
1293.956355 0.7010 0.7060 0.7050 0.7030 0.7000
1298.535110 0.6930 0.6930 0.7000 0.7060 0.7080
1303.113864 0.7080 0.7070 0.6920 0.6860 0.6830
1307.692618 0.6750 0.6561 0.6251 0.5832 0.5591
1312.271372 0.5340 0.4800 0.4800 0.5090 0.5519
1316.850127 0.6009 0.6259 0.6409 0.6559 0.6570
1321.428881 0.6540 0.6480 0.6370 0.6340 0.6320
1326.007635 0.6300 0.6260 0.6250 0.6250 0.6190
1330.586390 0.5930 0.5690 0.5590 0.5470 0.5071
1335.165144 0.4900 0.4681 0.4660 0.4660 0.4680
1339.743898 0.4690 0.4690 0.4490 0.4360 0.4051
1344.322653 0.3960 0.3581 0.3202 0.2872 0.2482
1348.901407 0.2120 0.2100 0.2100 0.2090 0.1890
1353.480161 0.1681 0.1451 0.1271 0.1270 0.1529
1358.058916 0.1560 0.2719 0.3549 0.4508 0.4979
1362.637670 0.5199 0.5549 0.5819 0.5949 0.6020
1367.216424 0.6030 0.6040 0.6030 0.5770 0.5630
1371.795179 0.5600 0.5560 0.5510 0.5510 0.5540
1376.373933 0.5630 0.5670 0.5690 0.5700 0.5690
1380.952687 0.5680 0.5690 0.5750 0.5760 0.5780
1385.531442 0.5790 0.5800 0.5790 0.5780 0.5740
1390.110196 0.5521 0.5350 0.5171 0.5021 0.5020
1394.688950 0.4860 0.4560 0.4230 0.4150 0.4060
1399.267705 0.3881 0.3750 0.3491 0.3261 0.3170
1403.846459 0.3040 0.2900 0.2770 0.2720 0.2500
1408.425213 0.2201 0.2100 0.1980 0.1900 0.1791
1413.003968 0.1780 0.1820 0.2010 0.2280 0.2490
1417.582722 0.2550 0.2600 0.2630 0.2710 0.3058
1422.161476 0.3510 0.3730 0.3830 0.3950 0.4409
1426.740230 0.4849 0.5498 0.5520 0.5550 0.5620
1431.318985 0.5630 0.5630 0.5630 0.5630 0.5630
1435.897739 0.5620 0.5620 0.5610 0.5540 0.5500
1440.476493 0.5430 0.5360 0.5250 0.5060 0.4661
1445.055248 0.4371 0.4111 0.3811 0.3740 0.3740
1449.634002 0.3900 0.3890 0.3580 0.3121 0.2811
1454.212756 0.2790 0.2800 0.2850 0.2999 0.3209
1458.791511 0.3480 0.3820 0.4150 0.4480 0.4799
1463.370265 0.5029 0.5150 0.5190 0.5250 0.5360
1467.949019 0.5630 0.5970 0.6250 0.6300 0.6320
1472.527774 0.6340 0.6489 0.6530 0.6570 0.6570
1477.106528 0.6580 0.6590 0.6610 0.6610 0.6520
1481.685282 0.6490 0.6261 0.6170 0.6250 0.6399
1486.264037 0.6610 0.6690 0.6700 0.6700 0.6730
1490.842791 0.6780 0.6780 0.6760 0.6730 0.6710
1495.421545 0.6690 0.6670 0.6620 0.6610 0.6600
1500.000300 0.6560 0.6480 0.6370 0.6201 0.6170
1504.579054 0.6170 0.6160 0.6160 0.6130 0.6090
1509.157808 0.6030 0.6040 0.6020 0.5990 0.5881
1513.736563 0.5850 0.5820 0.5800 0.5740 0.5740
1518.315317 0.5790 0.5790 0.5770 0.5760 0.5740
1522.894071 0.5740 0.5690 0.5610 0.5540 0.5520
1527.472825 0.5500 0.5500 0.5480 0.5480 0.5420
1532.051580 0.5390 0.5370 0.5370 0.5370 0.5370
1536.630334 0.5360 0.5360 0.5360 0.5360 0.5340
1541.209088 0.5310 0.5300 0.5300 0.5290 0.5270
1545.787843 0.5170 0.4961 0.4850 0.4850 0.4741
1550.366597 0.4570 0.4380 0.4300 0.4270 0.4200
1554.945351 0.4170 0.4160 0.4140 0.4070 0.4030
1559.524106 0.3980 0.3800 0.3630 0.3570 0.3530
1564.102860 0.3480 0.3420 0.3231 0.3011 0.2940
1568.681614 0.2820 0.2690 0.2640 0.2550 0.2350
1573.260369 0.2180 0.2150 0.2080 0.2020 0.2000
1577.839123 0.1910 0.1740 0.1670 0.1580 0.1520
1582.417877 0.1460 0.1430 0.1410 0.1400 0.1400
1586.996632 0.1380 0.1380 0.1380 0.1380 0.1400
1591.575386 0.1420 0.1430 0.1440 0.1440 0.1450
1596.154140 0.1480 0.1560 0.1570 0.1600 0.1640
1600.732895 0.1680 0.1710 0.1760 0.1780 0.1820
1605.311649 0.1870 0.1930 0.1970 0.1990 0.2030
1609.890403 0.2070 0.2080 0.2150 0.2270 0.2409
1614.469158 0.2580 0.2600 0.2730 0.2790 0.2930
1619.047912 0.3149 0.3399 0.3549 0.3620 0.3650
1623.626666 0.3720 0.3910 0.4060 0.4100 0.4110
1628.205421 0.4130 0.4280 0.4430 0.4550 0.4580
1632.784175 0.4640 0.4640 0.4660 0.4660 0.4640
1637.362929 0.4640 0.4640 0.4630 0.4610 0.4580
1641.941683 0.4510 0.4360 0.4270 0.4240 0.4230
1646.520438 0.4220 0.4170 0.4070 0.3741 0.3501
1651.099192 0.3390 0.3320 0.3300 0.3150 0.2930
1655.677946 0.2880 0.2730 0.2421 0.2241 0.2031
1660.256701 0.1830 0.1610 0.1590 0.1590 0.1600
1664.835455 0.1670 0.1780 0.1979 0.2060 0.2150
1669.414209 0.2350 0.2430 0.2550 0.3049 0.3709
1673.992964 0.4019 0.4100 0.4160 0.4469 0.4759
1678.571718 0.5170 0.5580 0.5990 0.6160 0.6200
1683.150472 0.6210 0.6280 0.6340 0.6450 0.6560
1687.729227 0.6620 0.6660 0.6670 0.6690 0.6780
1692.307981 0.6890 0.6920 0.6930 0.6970 0.6980
1696.886735 0.6990 0.7000 0.7010 0.7010 0.7020
1701.465490 0.7030 0.7070 0.7100 0.7140 0.7150
1706.044244 0.7150 0.7160 0.7160 0.7180 0.7190
1710.622998 0.7230 0.7270 0.7320 0.7340 0.7350
1715.201753 0.7360 0.7360 0.7380 0.7380 0.7380
1719.780507 0.7400 0.7410 0.7410 0.7420 0.7420
1724.359261 0.7420 0.7430 0.7440 0.7480 0.7530
1728.938016 0.7550 0.7570 0.7570 0.7560 0.7560
1733.516770 0.7560 0.7580 0.7600 0.7630 0.7640
1738.095524 0.7640 0.7630 0.7650 0.7670 0.7680
1742.674278 0.7690 0.7690 0.7720 0.7730 0.7750
1747.253033 0.7750 0.7740 0.7730 0.7690 0.7670
1751.831787 0.7670 0.7690 0.7710 0.7720 0.7710
1756.410541 0.7680 0.7670 0.7660 0.7660 0.7670
1760.989296 0.7670 0.7670 0.7690 0.7690 0.7640
1765.568050 0.7640 0.7650 0.7650 0.7670 0.7720
1770.146804 0.7740 0.7740 0.7730 0.7710 0.7710
1774.725559 0.7710 0.7720 0.7740 0.7760 0.7770
1779.304313 0.7770 0.7770 0.7750 0.7740 0.7760
1783.883067 0.7760 0.7770 0.7800 0.7840 0.7840
1788.461822 0.7810 0.7800 0.7790 0.7790 0.7770
1793.040576 0.7760 0.7750 0.7750 0.7760 0.7750
1797.619330 0.7750 0.7750 0.7740 0.7740 0.7730
1802.198085 0.7710 0.7690 0.7680 0.7690 0.7690
1806.776839 0.7720 0.7730 0.7740 0.7740 0.7750
1811.355593 0.7750 0.7750 0.7750 0.7750 0.7750
1815.934348 0.7740 0.7740 0.7730 0.7740 0.7750
1820.513102 0.7750 0.7760 0.7760 0.7760 0.7760
1825.091856 0.7760 0.7750 0.7750 0.7730 0.7730
1829.670611 0.7740 0.7750 0.7760 0.7760 0.7750
1834.249365 0.7750 0.7750 0.7760 0.7750 0.7730
1838.828119 0.7720 0.7720 0.7720 0.7720 0.7720
1843.406874 0.7710 0.7690 0.7680 0.7680 0.7680
1847.985628 0.7710 0.7710 0.7710 0.7710 0.7680
1852.564382 0.7680 0.7690 0.7690 0.7710 0.7710
1857.143136 0.7720 0.7720 0.7730 0.7730 0.7730
1861.721891 0.7720 0.7720 0.7720 0.7710 0.7720
1866.300645 0.7740 0.7750 0.7750 0.7730 0.7720
1870.879399 0.7710 0.7710 0.7710 0.7710 0.7690
1875.458154 0.7640 0.7630 0.7600 0.7570 0.7550
1880.036908 0.7530 0.7510 0.7510 0.7500 0.7490
1884.615662 0.7500 0.7510 0.7520 0.7550 0.7580
1889.194417 0.7590 0.7590 0.7600 0.7600 0.7600
1893.773171 0.7600 0.7600 0.7600 0.7610 0.7640
1898.351925 0.7670 0.7680 0.7680 0.7670 0.7670
1902.930680 0.7670 0.7660 0.7650 0.7610 0.7610
1907.509434 0.7640 0.7650 0.7650 0.7650 0.7630
1912.088188 0.7580 0.7570 0.7510 0.7490 0.7480
1916.666943 0.7470 0.7460 0.7460 0.7460 0.7460
1921.245697 0.7470 0.7490 0.7500 0.7510 0.7510
1925.824451 0.7510 0.7510 0.7550 0.7550 0.7530
1930.403206 0.7520 0.7520 0.7520 0.7520 0.7510
1934.981960 0.7510 0.7520 0.7520 0.7510 0.7510
1939.560714 0.7510 0.7510 0.7520 0.7520 0.7550
1944.139469 0.7550 0.7550 0.7520 0.7500 0.7490
1948.718223 0.7480 0.7460 0.7440 0.7440 0.7420
1953.296977 0.7420 0.7410 0.7400 0.7400 0.7400
1957.875731 0.7400 0.7390 0.7390 0.7390 0.7400
1962.454486 0.7410 0.7410 0.7410 0.7410 0.7400
1967.033240 0.7400 0.7390 0.7380 0.7380 0.7380
1971.611994 0.7380 0.7390 0.7390 0.7380 0.7350
1976.190749 0.7340 0.7340 0.7330 0.7330 0.7320
1980.769503 0.7320 0.7320 0.7330 0.7330 0.7330
1985.348257 0.7320 0.7310 0.7300 0.7300 0.7280
1989.927012 0.7280 0.7280 0.7280 0.7280 0.7280
1994.505766 0.7300 0.7300 0.7280 0.7270 0.7270
1999.084520 0.7260 0.7250 0.7235 0.7220 0.7205
2003.663275 0.7190 0.7190 0.7190 0.7190 0.7190
2008.242029 0.7190 0.7190 0.7185 0.7180 0.7165
2012.820783 0.7150 0.7130 0.7110 0.7095 0.7080
2017.399538 0.7075 0.7070 0.7070 0.7070 0.7065
2021.978292 0.7060 0.7055 0.7050 0.7025 0.7000
2026.557046 0.6995 0.6990 0.6965 0.6941 0.6901
2031.135801 0.6861 0.6855 0.6850 0.6845 0.6840
2035.714555 0.6830 0.6820 0.6815 0.6810 0.6785
2040.293309 0.6760 0.6750 0.6740 0.6716 0.6691
2044.872064 0.6685 0.6680 0.6675 0.6670 0.6646
2049.450818 0.6621 0.6605 0.6590 0.6585 0.6580
2054.029572 0.6570 0.6560 0.6535 0.6511 0.6466
2058.608327 0.6421 0.6396 0.6371 0.6370 0.6370
2063.187081 0.6351 0.6331 0.6315 0.6300 0.6290
2067.765835 0.6280 0.6280 0.6280 0.6275 0.6270
2072.344589 0.6270 0.6270 0.6270 0.6270 0.6275
2076.923344 0.6280 0.6285 0.6290 0.6295 0.6300
2081.502098 0.6314 0.6329 0.6340 0.6350 0.6355
2086.080852 0.6360 0.6365 0.6370 0.6375 0.6380
2090.659607 0.6394 0.6410 0.6410 0.6410 0.6410
2095.238361 0.6410 0.6410 0.6410 0.6415 0.6420
2099.817115 0.6425 0.6430 0.6444 0.6459 0.6498
2104.395870 0.6538 0.6550 0.6560 0.6565 0.6570
2108.974624 0.6580 0.6590 0.6590 0.6590 0.6600
2113.553378 0.6610 0.6615 0.6620 0.6634 0.6649
2118.132133 0.6660 0.6670 0.6684 0.6699 0.6714
2122.710887 0.6729 0.6735 0.6740 0.6740 0.6740
2127.289641 0.6740 0.6740 0.6740 0.6740 0.6745
2131.868396 0.6750 0.6769 0.6789 0.6823 0.6858
2136.447150 0.6865 0.6870 0.6870 0.6870 0.6879
2141.025904 0.6889 0.6895 0.6900 0.6905 0.6910
2145.604659 0.6910 0.6910 0.6920 0.6929 0.6935
2150.183413 0.6940 0.6945 0.6950 0.6950 0.6950
2154.762167 0.6959 0.6969 0.6975 0.6980 0.6980
2159.340922 0.6980 0.6985 0.6990 0.6990 0.6990
2163.919676 0.6995 0.7000 0.7000 0.7000 0.7005
2168.498430 0.7010 0.7005 0.7000 0.7005 0.7010
2173.077184 0.7010 0.7010 0.7005 0.7000 0.6967
2177.655939 0.6932 0.6921 0.6911 0.6892 0.6872
2182.234693 0.6870 0.6870 0.6870 0.6870 0.6870
2186.813447 0.6870 0.6870 0.6870 0.6865 0.6860
2191.392202 0.6860 0.6860 0.6855 0.6850 0.6841
2195.970956 0.6831 0.6821 0.6811 0.6810 0.6810
2200.549710 0.6801 0.6791 0.6785 0.6780 0.6780
2205.128465 0.6780 0.6780 0.6780 0.6780 0.6780
2209.707219 0.6780 0.6780 0.6771 0.6761 0.6760
2214.285973 0.6760 0.6760 0.6760 0.6765 0.6770
2218.864728 0.6775 0.6780 0.6780 0.6780 0.6780
2223.443482 0.6780 0.6771 0.6761 0.6751 0.6741
2228.022236 0.6713 0.6683 0.6675 0.6670 0.6665
2232.600991 0.6660 0.6660 0.6660 0.6660 0.6660
2237.179745 0.6660 0.6660 0.6660 0.6660 0.6655
2241.758499 0.6650 0.6645 0.6640 0.6631 0.6621
2246.337254 0.6611 0.6601 0.6595 0.6590 0.6581
2250.916008 0.6571 0.6565 0.6560 0.6546 0.6532
2255.494762 0.6507 0.6482 0.6471 0.6461 0.6460
2260.073517 0.6460 0.6455 0.6450 0.6445 0.6440
2264.652271 0.6426 0.6411 0.6378 0.6344 0.6322
2269.231025 0.6302 0.6300 0.6300 0.6300 0.6300
2273.809780 0.6300 0.6300 0.6277 0.6252 0.6245
2278.388534 0.6240 0.6226 0.6211 0.6201 0.6191
2282.967288 0.6181 0.6171 0.6166 0.6161 0.6160
2287.546042 0.6160 0.6156 0.6151 0.6128 0.6103
2292.124797 0.6091 0.6081 0.6066 0.6051 0.6046
2296.703551 0.6041 0.6031 0.6021 0.6016 0.6011
2301.282305 0.6006 0.6001 0.6000 0.6000 0.6000
2305.861060 0.6000 0.5996 0.5991 0.5990 0.5990
2310.439814 0.5990 0.5990 0.5990 0.5990 0.5981
2315.018568 0.5971 0.5970 0.5970 0.5970 0.5970
2319.597323 0.5970 0.5970 0.5966 0.5961 0.5956
2324.176077 0.5951 0.5950 0.5950 0.5946 0.5941
2328.754831 0.5931 0.5921 0.5920 0.5920 0.5907
2333.333586 0.5892 0.5881 0.5871 0.5866 0.5861
2337.912340 0.5856 0.5851 0.5841 0.5831 0.5817
2342.491094 0.5802 0.5800 0.5800 0.5796 0.5791
2347.069849 0.5781 0.5771 0.5739 0.5704 0.5674
2351.648603 0.5644 0.5600 0.5556 0.5537 0.5522
2356.227357 0.5516 0.5511 0.5506 0.5501 0.5491
2360.806112 0.5481 0.5476 0.5471 0.5453 0.5433
2365.384866 0.5413 0.5392 0.5381 0.5371 0.5366
2369.963620 0.5361 0.5356 0.5351 0.5328 0.5303
2374.542375 0.5300 0.5300 0.5296 0.5291 0.5286
2379.121129 0.5281 0.5276 0.5271 0.5261 0.5251
2383.699883 0.5241 0.5231 0.5195 0.5155 0.5137
2388.278637 0.5122 0.5116 0.5111 0.5093 0.5073
2392.857392 0.5048 0.5024 0.5016 0.5011 0.5006
2397.436146 0.5001 0.5000 0.5000 0.4991 0.4981
2402.014900 0.4980 0.4980 0.4976 0.4971 0.4970
2406.593655 0.4970 0.4966 0.4961 0.4956 0.4951
2411.172409 0.4950 0.4950 0.4941 0.4931 0.4913
2415.751163 0.4893 0.4886 0.4881 0.4880 0.4880
2420.329918 0.4880 0.4880 0.4880 0.4880 0.4876
2424.908672 0.4871 0.4870 0.4870 0.4870 0.4870
2429.487426 0.4866 0.4861 0.4860 0.4860 0.4856
2434.066181 0.4851 0.4846 0.4841 0.4819 0.4794
2438.644935 0.4786 0.4781 0.4776 0.4771 0.4770
2443.223689 0.4770 0.4766 0.4761 0.4752 0.4742
2447.802444 0.4719 0.4694 0.4677 0.4662 0.4652
2452.381198 0.4642 0.4632 0.4622 0.4616 0.4611
2456.959952 0.4606 0.4601 0.4592 0.4582 0.4572
2461.538707 0.4562 0.4556 0.4551 0.4537 0.4522
2466.117461 0.4516 0.4511 0.4510 0.4510 0.4498
2470.696215 0.4483 0.4480 0.4480 0.4476 0.4471
2475.274970 0.4466 0.4461 0.4447 0.4432 0.4430
2479.853724 0.4430 0.4422 0.4412 0.4406 0.4401
2484.432478 0.4396 0.4391 0.4390 0.4390 0.4386
2489.011233 0.4381 0.4380 0.4380 0.4380 0.4380
2493.589987 0.4380 0.4380 0.4384 0.4389 0.4390
2498.168741 0.4390 0.4394 0.4399 0.4412 0.4427
2502.747495 0.4422 0.4412 0.4406 0.4401 0.4388
2507.326250 0.4373 0.4362 0.4352 0.4338 0.4323
2511.905004 0.4320 0.4320 0.4316 0.4311 0.4306
2516.483758 0.4301 0.4296 0.4291 0.4282 0.4272
2521.062513 0.4270 0.4270 0.4274 0.4279 0.4284
2525.641267 0.4289 0.4290 0.4290 0.4290 0.4290
2530.220021 0.4290 0.4290 0.4290 0.4290 0.4286
2534.798776 0.4281 0.4276 0.4271 0.4262 0.4252
2539.377530 0.4246 0.4241 0.4228 0.4213 0.4202
2543.956284 0.4192 0.4182 0.4172 0.4170 0.4170
2548.535039 0.4170 0.4170 0.4170 0.4170 0.4166
2553.113793 0.4161 0.4160 0.4160 0.4160 0.4160
2557.692547 0.4160 0.4160 0.4160 0.4160 0.4160
2562.271302 0.4160 0.4160 0.4160 0.4156 0.4151
2566.850056 0.4146 0.4141 0.4140 0.4140 0.4136
2571.428810 0.4131 0.4130 0.4130 0.4130 0.4130
2576.007565 0.4130 0.4130 0.4138 0.4148 0.4150
2580.586319 0.4150 0.4158 0.4168 0.4170 0.4170
2585.165073 0.4178 0.4188 0.4190 0.4190 0.4194
2589.743828 0.4199 0.4204 0.4209 0.4214 0.4219
2594.322582 0.4228 0.4238 0.4244 0.4249 0.4250
2598.901336 0.4250 0.4258 0.4268 0.4270 0.4270
2603.480090 0.4270 0.4270 0.4270 0.4270 0.4270
2608.058845 0.4270 0.4274 0.4279 0.4280 0.4280
2612.637599 0.4284 0.4289 0.4294 0.4299 0.4304
2617.216353 0.4309 0.4310 0.4310 0.4314 0.4319
2621.795108 0.4324 0.4329 0.4338 0.4348 0.4358
2626.373862 0.4368 0.4378 0.4388 0.4390 0.4390
2630.952616 0.4394 0.4399 0.4419 0.4444 0.4473
2635.531371 0.4503 0.4533 0.4563 0.4585 0.4605
2640.110125 0.4610 0.4610 0.4614 0.4619 0.4624
2644.688879 0.4629 0.4638 0.4648 0.4662 0.4677
2649.267634 0.4699 0.4724 0.4734 0.4739 0.4748
2653.846388 0.4758 0.4768 0.4778 0.4791 0.4806
2658.425142 0.4814 0.4819 0.4828 0.4838 0.4844
2663.003897 0.4849 0.4850 0.4850 0.4850 0.4850
2667.582651 0.4850 0.4850 0.4850 0.4850 0.4850
2672.161405 0.4850 0.4850 0.4850 0.4850 0.4850
2676.740160 0.4846 0.4841 0.4832 0.4822 0.4816
2681.318914 0.4811 0.4810 0.4810 0.4806 0.4801
2685.897668 0.4789 0.4774 0.4740 0.4700 0.4679
2690.476423 0.4664 0.4652 0.4642 0.4636 0.4631
2695.055177 0.4626 0.4621 0.4620 0.4620 0.4605
2699.633931 0.4585 0.4561 0.4536 0.4522 0.4512
2704.212686 0.4499 0.4484 0.4480 0.4480 0.4469
2708.791440 0.4454 0.4431 0.4406 0.4389 0.4374
2713.370194 0.4362 0.4352 0.4331 0.4306 0.4277
2717.948948 0.4247 0.4229 0.4214 0.4202 0.4192
2722.527703 0.4182 0.4173 0.4166 0.4161 0.4160
2727.106457 0.4160 0.4160 0.4160 0.4160 0.4160
2731.685211 0.4160 0.4160 0.4160 0.4160 0.4164
2736.263966 0.4169 0.4193 0.4222 0.4237 0.4247
2740.842720 0.4265 0.4285 0.4294 0.4299 0.4300
2745.421474 0.4300 0.4304 0.4309 0.4310 0.4310
2750.000229 0.4325 0.4345 0.4361 0.4376 0.4384
2754.578983 0.4389 0.4394 0.4399 0.4404 0.4409
2759.157737 0.4421 0.4436 0.4444 0.4449 0.4450
2763.736492 0.4450 0.4454 0.4459 0.4460 0.4460
2768.315246 0.4464 0.4469 0.4470 0.4470 0.4474
2772.894000 0.4479 0.4480 0.4480 0.4480 0.4480
2777.472755 0.4476 0.4471 0.4470 0.4470 0.4459
2782.051509 0.4444 0.4429 0.4414 0.4403 0.4393
2786.630263 0.4386 0.4381 0.4376 0.4371 0.4366
2791.209018 0.4361 0.4356 0.4351 0.4343 0.4333
2795.787772 0.4330 0.4330 0.4330 0.4330 0.4326
2800.366526 0.4321 0.4320 0.4320 0.4313 0.4303
2804.945281 0.4296 0.4291 0.4286 0.4281 0.4265
2809.524035 0.4245 0.4236 0.4231 0.4230 0.4230
2814.102789 0.4230 0.4230 0.4226 0.4221 0.4209
2818.681544 0.4194 0.4169 0.4139 0.4130 0.4130
2823.260298 0.4126 0.4121 0.4113 0.4103 0.4093
2827.839052 0.4083 0.4044 0.3994 0.3948 0.3903
2832.417806 0.3865 0.3830 0.3788 0.3743 0.3698
2836.996561 0.3653 0.3612 0.3572 0.3493 0.3398
2841.575315 0.3281 0.3155 0.3063 0.2983 0.2856
2846.154069 0.2711 0.2613 0.2533 0.2442 0.2348
2850.732824 0.2256 0.2166 0.2122 0.2097 0.2069
2855.311578 0.2039 0.2026 0.2022 0.2024 0.2028
2859.890332 0.2037 0.2047 0.2057 0.2067 0.2084
2864.469087 0.2104 0.2128 0.2153 0.2181 0.2211
2869.047841 0.2224 0.2229 0.2230 0.2230 0.2233
2873.626595 0.2238 0.2289 0.2359 0.2394 0.2414
2878.205350 0.2469 0.2539 0.2574 0.2594 0.2600
2882.784104 0.2600 0.2593 0.2583 0.2573 0.2563
2887.362858 0.2560 0.2560 0.2539 0.2509 0.2472
2891.941613 0.2432 0.2399 0.2369 0.2329 0.2284
2896.520367 0.2256 0.2236 0.2185 0.2120 0.2065
2901.099121 0.2015 0.1990 0.1975 0.1932 0.1877
2905.677876 0.1822 0.1767 0.1729 0.1699 0.1683
2910.256630 0.1673 0.1639 0.1594 0.1563 0.1538
2914.835384 0.1489 0.1428 0.1389 0.1359 0.1315
2919.414139 0.1266 0.1219 0.1174 0.1150 0.1135
2923.992893 0.1127 0.1122 0.1130 0.1145 0.1164
2928.571647 0.1184 0.1197 0.1207 0.1220 0.1235
2933.150401 0.1243 0.1248 0.1274 0.1309 0.1365
2937.729156 0.1429 0.1464 0.1484 0.1500 0.1515
2942.307910 0.1520 0.1520 0.1510 0.1495 0.1477
2946.886664 0.1457 0.1443 0.1433 0.1427 0.1422
2951.465419 0.1420 0.1420 0.1420 0.1420 0.1420
2956.044173 0.1420 0.1423 0.1428 0.1481 0.1555
2960.622927 0.1600 0.1630 0.1650 0.1665 0.1693
2965.201682 0.1728 0.1770 0.1815 0.1876 0.1946
2969.780436 0.2007 0.2062 0.2107 0.2147 0.2194
2974.359190 0.2244 0.2307 0.2377 0.2430 0.2475
2978.937945 0.2513 0.2548 0.2600 0.2660 0.2690
2983.516699 0.2705 0.2717 0.2727 0.2740 0.2755
2988.095453 0.2773 0.2793 0.2803 0.2808 0.2810
2992.674208 0.2810 0.2807 0.2802 0.2790 0.2775
2997.252962 0.2763 0.2753 0.2727 0.2692 0.2657
3001.831716 0.2622 0.2590 0.2560 0.2534 0.2509
3006.410471 0.2480 0.2450 0.2433 0.2423 0.2417
3010.989225 0.2412 0.2390 0.2360 0.2320 0.2276
3015.567979 0.2253 0.2243 0.2240 0.2240 0.2234
3020.146734 0.2224 0.2214 0.2204 0.2197 0.2192
3024.725488 0.2180 0.2165 0.2160 0.2160 0.2160
3029.304242 0.2160 0.2153 0.2143 0.2127 0.2107
3033.882997 0.2097 0.2092 0.2087 0.2082 0.2083
3038.461751 0.2088 0.2090 0.2090 0.2090 0.2090
3043.040505 0.2090 0.2090 0.2090 0.2090 0.2087
3047.619259 0.2082 0.2080 0.2080 0.2103 0.2137
3052.198014 0.2182 0.2232 0.2260 0.2275 0.2290
3056.776768 0.2305 0.2332 0.2367 0.2399 0.2429
3061.355522 0.2453 0.2473 0.2483 0.2488 0.2490
3065.934277 0.2490 0.2496 0.2506 0.2510 0.2510
3070.513031 0.2504 0.2494 0.2490 0.2490 0.2481
3075.091785 0.2466 0.2416 0.2346 0.2307 0.2288
3079.670540 0.2280 0.2280 0.2290 0.2305 0.2335
3084.249294 0.2375 0.2431 0.2496 0.2590 0.2699
3088.828048 0.2797 0.2887 0.2983 0.3083 0.3139
3093.406803 0.3169 0.3227 0.3302 0.3352 0.3387
3097.985557 0.3434 0.3490 0.3535 0.3575 0.3612
3102.564311 0.3647 0.3701 0.3766 0.3793 0.3798
3107.143066 0.3812 0.3832 0.3856 0.3880 0.3893
3111.721820 0.3898 0.3897 0.3892 0.3884 0.3874
3116.300574 0.3861 0.3846 0.3846 0.3856 0.3885
3120.879329 0.3925 0.3956 0.3981 0.4006 0.4030
3125.458083 0.4102 0.4202 0.4258 0.4288 0.4334
3130.036837 0.4389 0.4431 0.4466 0.4510 0.4560
3134.615592 0.4586 0.4596 0.4603 0.4608 0.4622
3139.194346 0.4642 0.4684 0.4739 0.4778 0.4808
3143.773100 0.4820 0.4820 0.4829 0.4844 0.4859
3148.351854 0.4874 0.4895 0.4920 0.4945 0.4970
3152.930609 0.4992 0.5012 0.5048 0.5093 0.5113
3157.509363 0.5118 0.5126 0.5136 0.5143 0.5148
3162.088117 0.5180 0.5230 0.5256 0.5266 0.5279
3166.666872 0.5294 0.5321 0.5356 0.5376 0.5386
3171.245626 0.5399 0.5414 0.5426 0.5436 0.5476
3175.824380 0.5536 0.5572 0.5592 0.5603 0.5608
3180.403135 0.5613 0.5618 0.5620 0.5620 0.5623
3184.981889 0.5628 0.5642 0.5662 0.5676 0.5686
3189.560643 0.5693 0.5698 0.5706 0.5716 0.5735
3194.139398 0.5760 0.5788 0.5818 0.5839 0.5854
3198.718152 0.5881 0.5916 0.5939 0.5954 0.5972
3203.296906 0.5992 0.6009 0.6024 0.6033 0.6038
3207.875661 0.6043 0.6048 0.6056 0.6066 0.6079
3212.454415 0.6094 0.6106 0.6116 0.6135 0.6160
3217.033169 0.6170 0.6170 0.6173 0.6178 0.6195
3221.611924 0.6220 0.6236 0.6246 0.6250 0.6250
3226.190678 0.6253 0.6258 0.6263 0.6268 0.6279
3230.769432 0.6294 0.6306 0.6316 0.6323 0.6328
3235.348187 0.6339 0.6354 0.6366 0.6376 0.6394
3239.926941 0.6419 0.6433 0.6438 0.6451 0.6471
3244.505695 0.6486 0.6496 0.6503 0.6508 0.6513
3249.084450 0.6518 0.6523 0.6528 0.6530 0.6530
3253.663204 0.6533 0.6538 0.6540 0.6540 0.6540
3258.241958 0.6540 0.6551 0.6571 0.6586 0.6596
3262.820712 0.6606 0.6616 0.6629 0.6644 0.6653
3267.399467 0.6658 0.6660 0.6660 0.6660 0.6660
3271.978221 0.6663 0.6668 0.6670 0.6670 0.6676
3276.556975 0.6686 0.6690 0.6690 0.6693 0.6698
3281.135730 0.6700 0.6700 0.6700 0.6700 0.6697
3285.714484 0.6692 0.6690 0.6690 0.6690 0.6690
3290.293238 0.6690 0.6690 0.6690 0.6690 0.6690
3294.871993 0.6690 0.6690 0.6690 0.6690 0.6690
3299.450747 0.6690 0.6690 0.6690 0.6690 0.6690
3304.029501 0.6690 0.6690 0.6690 0.6687 0.6682
3308.608256 0.6677 0.6672 0.6662 0.6647 0.6634
3313.187010 0.6625 0.6615 0.6605 0.6595 0.6585
3317.765764 0.6575 0.6564 0.6554 0.6544 0.6540
3322.344519 0.6540 0.6537 0.6532 0.6530 0.6530
3326.923273 0.6527 0.6522 0.6520 0.6520 0.6517
3331.502027 0.6512 0.6510 0.6510 0.6510 0.6510
3336.080782 0.6507 0.6502 0.6497 0.6492 0.6487
3340.659536 0.6482 0.6469 0.6449 0.6432 0.6417
3345.238290 0.6399 0.6379 0.6367 0.6362 0.6352
3349.817045 0.6337 0.6327 0.6322 0.6315 0.6305
3354.395799 0.6284 0.6254 0.6240 0.6240 0.6218
3358.974553 0.6178 0.6122 0.6052 0.6015 0.6005
3363.553307 0.5997 0.5992 0.5961 0.5906 0.5859
3368.132062 0.5819 0.5773 0.5724 0.5674 0.5624
3372.710816 0.5576 0.5531 0.5494 0.5464 0.5434
3377.289570 0.5404 0.5358 0.5298 0.5222 0.5132
3381.868325 0.5040 0.4945 0.4842 0.4732 0.4662
3386.447079 0.4627 0.4513 0.4328 0.4175 0.4050
3391.025833 0.3906 0.3745 0.3552 0.3332 0.3115
3395.604588 0.2901 0.2673 0.2433 0.2146 0.1816
3400.183342 0.1547 0.1332 0.1172 0.1063 0.0953
3404.762096 0.0843 0.0790 0.0790 0.0811 0.0851
3409.340851 0.0875 0.0885 0.0895 0.0905 0.0978
3413.919605 0.1108 0.1220 0.1315 0.1438 0.1588
3418.498359 0.1800 0.2070 0.2342 0.2617 0.2938
3423.077114 0.3302 0.3611 0.3865 0.4102 0.4322
3427.655868 0.4520 0.4696 0.4861 0.5016 0.5199
3432.234622 0.5409 0.5538 0.5593 0.5625 0.5635
3436.813377 0.5666 0.5716 0.5771 0.5831 0.5873
3441.392131 0.5898 0.5930 0.5970 0.5993 0.5998
3445.970885 0.6023 0.6068 0.6113 0.6158 0.6185
3450.549640 0.6195 0.6218 0.6253 0.6285 0.6315
3455.128394 0.6376 0.6466 0.6513 0.6518 0.6543
3459.707148 0.6588 0.6620 0.6640 0.6650 0.6650
3464.285903 0.6655 0.6665 0.6690 0.6730 0.6753
3468.864657 0.6758 0.6765 0.6775 0.6783 0.6788
3473.443411 0.6795 0.6805 0.6812 0.6817 0.6830
3478.022165 0.6850 0.6862 0.6867 0.6875 0.6885
3482.600920 0.6892 0.6898 0.6903 0.6908 0.6913
3487.179674 0.6918 0.6923 0.6927 0.6930 0.6930
3491.758428 0.6935 0.6945 0.6950 0.6950 0.6955
3496.337183 0.6965 0.6970 0.6970 0.6972 0.6977
3500.915937 0.6982 0.6987 0.6992 0.6997 0.7000
3505.494691 0.7000 0.7000 0.7000 0.7002 0.7007
3510.073446 0.7010 0.7010 0.7010 0.7010 0.7010
3514.652200 0.7010 0.7012 0.7017 0.7022 0.7027
3519.230954 0.7030 0.7030 0.7035 0.7045 0.7055
3523.809709 0.7065 0.7070 0.7070 0.7070 0.7070
3528.388463 0.7072 0.7077 0.7082 0.7087 0.7090
3532.967217 0.7090 0.7095 0.7105 0.7110 0.7110
3537.545972 0.7117 0.7132 0.7140 0.7140 0.7140
3542.124726 0.7140 0.7140 0.7140 0.7140 0.7140
3546.703480 0.7142 0.7147 0.7150 0.7150 0.7150
3551.282235 0.7150 0.7150 0.7150 0.7150 0.7150
3555.860989 0.7150 0.7150 0.7155 0.7165 0.7170
3560.439743 0.7170 0.7172 0.7177 0.7180 0.7180
3565.018498 0.7180 0.7180 0.7180 0.7180 0.7180
3569.597252 0.7180 0.7182 0.7187 0.7190 0.7190
3574.176006 0.7190 0.7190 0.7190 0.7190 0.7192
3578.754760 0.7197 0.7200 0.7200 0.7207 0.7222
3583.333515 0.7232 0.7237 0.7240 0.7240 0.7240
3587.912269 0.7240 0.7242 0.7247 0.7250 0.7250
3592.491023 0.7250 0.7250 0.7252 0.7257 0.7260
3597.069778 0.7260 0.7260 0.7260 0.7260 0.7260
3601.648532 0.7260 0.7260 0.7265 0.7275 0.7280
3606.227286 0.7280 0.7280 0.7280 0.7284 0.7294
3610.806041 0.7300 0.7300 0.7300 0.7300 0.7302
3615.384795 0.7307 0.7317 0.7332 0.7345 0.7355
3619.963549 0.7360 0.7360 0.7360 0.7360 0.7360
3624.542304 0.7360 0.7360 0.7360 0.7360 0.7360
3629.121058 0.7360 0.7360 0.7360 0.7360 0.7360
3633.699812 0.7360 0.7365 0.7375 0.7382 0.7387
3638.278567 0.7390 0.7390 0.7381 0.7361 0.7350
3642.857321 0.7350 0.7352 0.7357 0.7360 0.7360
3647.436075 0.7364 0.7374 0.7385 0.7394 0.7400
3652.014830 0.7400 0.7402 0.7407 0.7410 0.7410
3656.593584 0.7410 0.7410 0.7410 0.7410 0.7412
3661.172338 0.7417 0.7422 0.7427 0.7432 0.7437
3665.751093 0.7440 0.7440 0.7438 0.7433 0.7432
3670.329847 0.7437 0.7444 0.7454 0.7460 0.7460
3674.908601 0.7462 0.7467 0.7470 0.7470 0.7468
3679.487356 0.7463 0.7462 0.7467 0.7470 0.7470
3684.066110 0.7472 0.7477 0.7480 0.7480 0.7480
3688.644864 0.7480 0.7478 0.7473 0.7470 0.7470
3693.223618 0.7470 0.7470 0.7470 0.7470 0.7474
3697.802373 0.7484 0.7492 0.7497 0.7498 0.7493
3702.381127 0.7486 0.7476 0.7468 0.7463 0.7460
3706.959881 0.7460 0.7464 0.7474 0.7482 0.7487
3711.538636 0.7488 0.7483 0.7480 0.7480 0.7478
3716.117390 0.7473 0.7472 0.7477 0.7480 0.7480
3720.696144 0.7480 0.7480 0.7478 0.7473 0.7470
3725.274899 0.7470 0.7472 0.7477 0.7484 0.7494
3729.853653 0.7502 0.7507 0.7510 0.7510 0.7510
3734.432407 0.7510 0.7510 0.7510 0.7510 0.7510
3739.011162 0.7510 0.7510 0.7508 0.7503 0.7492
3743.589916 0.7472 0.7460 0.7460 0.7460 0.7460
3748.168670 0.7460 0.7460 0.7460 0.7460 0.7456
3752.747425 0.7446 0.7440 0.7440 0.7440 0.7440
3757.326179 0.7440 0.7440 0.7444 0.7454 0.7460
3761.904933 0.7460 0.7452 0.7432 0.7420 0.7420
3766.483688 0.7420 0.7420 0.7420 0.7420 0.7420
3771.062442 0.7420 0.7420 0.7420 0.7420 0.7420
3775.641196 0.7422 0.7427 0.7430 0.7430 0.7426
3780.219951 0.7416 0.7410 0.7410 0.7410 0.7410
3784.798705 0.7412 0.7417 0.7420 0.7420 0.7420
3789.377459 0.7420 0.7420 0.7420 0.7414 0.7399
3793.956213 0.7390 0.7390 0.7398 0.7418 0.7432
3798.534968 0.7437 0.7440 0.7440 0.7434 0.7419
3803.113722 0.7410 0.7410 0.7410 0.7410 0.7410
3807.692476 0.7410 0.7412 0.7417 0.7420 0.7420
3812.271231 0.7422 0.7427 0.7430 0.7430 0.7430
3816.849985 0.7430 0.7430 0.7430 0.7430 0.7430
3821.428739 0.7428 0.7423 0.7418 0.7413 0.7410
3826.007494 0.7410 0.7410 0.7410 0.7410 0.7410
3830.586248 0.7410 0.7410 0.7410 0.7410 0.7410
3835.165002 0.7410 0.7410 0.7410 0.7410 0.7410
3839.743757 0.7410 0.7410 0.7410 0.7410 0.7408
3844.322511 0.7403 0.7398 0.7393 0.7384 0.7369
3848.901265 0.7358 0.7353 0.7350 0.7350 0.7352
3853.480020 0.7357 0.7360 0.7360 0.7364 0.7374
3858.058774 0.7380 0.7380 0.7380 0.7380 0.7376
3862.637528 0.7366 0.7360 0.7360 0.7360 0.7360
3867.216283 0.7360 0.7360 0.7360 0.7360 0.7360
3871.795037 0.7360 0.7360 0.7360 0.7358 0.7353
3876.373791 0.7346 0.7336 0.7330 0.7330 0.7330
3880.952546 0.7330 0.7330 0.7330 0.7328 0.7323
3885.531300 0.7318 0.7313 0.7303 0.7283 0.7268
3890.110054 0.7263 0.7258 0.7253 0.7248 0.7243
3894.688809 0.7240 0.7240 0.7240 0.7240 0.7242
3899.267563 0.7247 0.7254 0.7264 0.7275 0.7290
3903.846317 0.7300 0.7300 0.7300 0.7300 0.7300
3908.425071 0.7300 0.7300 0.7300 0.7302 0.7307
3913.003826 0.7310 0.7310 0.7310 0.7310 0.7308
3917.582580 0.7303 0.7300 0.7300 0.7297 0.7287
3922.161334 0.7280 0.7280 0.7280 0.7280 0.7280
3926.740089 0.7280 0.7280 0.7280 0.7284 0.7294
3931.318843 0.7303 0.7313 0.7322 0.7327 0.7330
3935.897597 0.7330 0.7330 0.7330 0.7330 0.7330
3940.476352 0.7330 0.7330 0.7330 0.7330 0.7330
3945.055106 0.7330 0.7330 0.7330 0.7330 0.7330
3949.633860 0.7330 0.7330 0.7328 0.7323 0.7320
3954.212615 0.7320 0.7312 0.7287 0.7270 0.7270
3958.791369 0.7277 0.7297 0.7312 0.7317 0.7320
3963.370123 0.7320 0.7322 0.7327 0.7330 0.7330
3967.948878 0.7332 0.7337 0.7340 0.7340 0.7340
3972.527632 0.7340 0.7338 0.7333 0.7330 0.7330
3977.106386 0.7330 0.7330 0.7327 0.7317 0.7310
3981.685141 0.7310 0.7308 0.7303 0.7300 0.7300
3986.263895 0.7300 0.7300 0.7300 0.7300 0.7297
3990.842649 0.7287 0.7280 0.7280 0.7280 0.7280
3995.421404 0.7278 0.7273 0.7270 0.7270
##END=
