##TITLE=Tridecane, 1-bromo-
##JCAMP-DX=4.24
##DATA TYPE=INFRARED SPECTRUM
##CLASS=COBLENTZ III
##ORIGIN=DOW CHEMICAL COMPANY
##OWNER=Copyright (C) 1987 by the Coblentz Society
Collection (C) 2018 copyright by the U.S. Secretary of Commerce
on behalf of the United States of America. All rights reserved.
##DATE=1965/08/18
##NAMES=1-bromotridecane
##CAS REGISTRY NO=765-09-3
##MOLFORM=C13 H27 Br
##SOURCE REFERENCE=COBLENTZ NO. 8159
##$NIST SOURCE=COBLENTZ
##$NIST IMAGE=cob8159
##SPECTROMETER/DATA SYSTEM=DOW KBr FOREPRISM-GRATING
##INSTRUMENT PARAMETERS=BLAZED AT 3.5, 12.0, 20.0 MICRON AND CHANGED AT 5.0, 7.5, 14.9 MICRON
##STATE=SOLUTION (10% CCl4 FOR 3800-1330, 10% CS2 FOR 1330-450 CM^-^1)
##PATH LENGTH=0.011 CM, 0.010 CM
$$SPECTRAL CONTAMINATION DUE TO CS2 AROUND 850 AND CCl4 AROUND 1550 CM^-^1
$$ SPECTRAL FEATURE AT 1325 CM^-^1 IS AN ARTIFACT CAUSED BY A CHANGE IN SOLVENT
##SAMPLING PROCEDURE=TRANSMISSION
##RESOLUTION=2
##DATA PROCESSING=DIGITIZED BY COBLENTZ SOCIETY (BATCH II) FROM HARD COPY
##XUNITS=1/CM
##YUNITS=TRANSMITTANCE
##XFACTOR=1.0
##YFACTOR=1
##FIRSTX=456
##LASTX=3808
##FIRSTY=0.7656
##MAXX=3808
##MINX=456
##MAXY=0.912
##MINY=0.0023
##NPOINTS=3353
##XYDATA=(X++(Y..Y))
456.000000 0.7656 0.7665 0.7668 0.7672 0.7679
461.000000 0.7689 0.7698 0.7708 0.7717 0.7727
466.000000 0.7737 0.7748 0.7758 0.7769 0.7780
471.000000 0.7790 0.7801 0.7812 0.7822 0.7838
476.000000 0.7855 0.7871 0.7887 0.7904 0.7920
481.000000 0.7936 0.7953 0.7968 0.7983 0.7998
486.000000 0.8013 0.8028 0.8043 0.8058 0.8073
491.000000 0.8088 0.8103 0.8114 0.8124 0.8134
496.000000 0.8144 0.8155 0.8165 0.8175 0.8175
501.000000 0.8176 0.8176 0.8176 0.8176 0.8177
506.000000 0.8177 0.8177 0.8177 0.8176 0.8182
511.000000 0.8176 0.8175 0.8175 0.8175 0.8175
516.000000 0.8175 0.8175 0.8175 0.8175 0.8175
521.000000 0.8175 0.8175 0.8175 0.8174 0.8171
526.000000 0.8169 0.8166 0.8164 0.8161 0.8159
531.000000 0.8156 0.8153 0.8151 0.8148 0.8146
536.000000 0.8142 0.8137 0.8133 0.8128 0.8123
541.000000 0.8119 0.8114 0.8110 0.8104 0.8095
546.000000 0.8087 0.8078 0.8063 0.8042 0.8022
551.000000 0.7987 0.7939 0.7891 0.7789 0.7680
556.000000 0.7563 0.7445 0.7234 0.7018 0.6803
561.000000 0.6718 0.6730 0.6781 0.6901 0.7020
566.000000 0.7140 0.7260 0.7380 0.7500 0.7620
571.000000 0.7740 0.7860 0.7979 0.8097 0.8156
576.000000 0.8205 0.8247 0.8287 0.8304 0.8322
581.000000 0.8339 0.8356 0.8368 0.8379 0.8389
586.000000 0.8400 0.8411 0.8422 0.8428 0.8432
591.000000 0.8437 0.8442 0.8447 0.8452 0.8457
596.000000 0.8460 0.8461 0.8461 0.8462 0.8463
601.000000 0.8464 0.8465 0.8465 0.8440 0.8465
606.000000 0.8463 0.8462 0.8461 0.8459 0.8458
611.000000 0.8456 0.8455 0.8450 0.8443 0.8435
616.000000 0.8428 0.8421 0.8413 0.8404 0.8385
621.000000 0.8367 0.8349 0.8331 0.8313 0.8292
626.000000 0.8250 0.8209 0.8168 0.8129 0.8090
631.000000 0.8051 0.8008 0.7953 0.7897 0.7432
636.000000 0.7242 0.7038 0.6862 0.6733 0.6604
641.000000 0.6594 0.6573 0.6619 0.6768 0.6917
646.000000 0.7066 0.7215 0.7365 0.7499 0.7594
651.000000 0.7705 0.7815 0.7913 0.7991 0.8056
656.000000 0.8115 0.8174 0.8233 0.8292 0.8350
661.000000 0.8409 0.8468 0.8527 0.8586 0.8645
666.000000 0.8704 0.8763 0.8803 0.8822 0.8834
671.000000 0.8841 0.8849 0.8856 0.8862 0.8862
676.000000 0.8863 0.8863 0.8826 0.8857 0.8853
681.000000 0.8849 0.8844 0.8836 0.8825 0.8814
686.000000 0.8802 0.8791 0.8779 0.8755 0.8732
691.000000 0.8708 0.8678 0.8641 0.8603 0.8560
696.000000 0.8516 0.8458 0.8362 0.8294 0.8236
701.000000 0.8172 0.8095 0.8008 0.7879 0.7751
706.000000 0.7624 0.7489 0.7346 0.7171 0.6927
711.000000 0.6695 0.6584 0.6475 0.6450 0.6443
716.000000 0.6450 0.6492 0.6683 0.6875 0.7067
721.000000 0.7258 0.7340 0.7411 0.7480 0.7550
726.000000 0.7633 0.7721 0.7808 0.7878 0.7948
731.000000 0.8005 0.8055 0.8106 0.8151 0.8177
736.000000 0.8203 0.8229 0.8255 0.8275 0.8293
741.000000 0.8312 0.8331 0.8349 0.8368 0.8385
746.000000 0.8398 0.8411 0.8424 0.8436 0.8449
751.000000 0.8462 0.8475 0.8488 0.8500 0.8509
756.000000 0.8518 0.8527 0.8536 0.8544 0.8553
761.000000 0.8562 0.8569 0.8577 0.8585 0.8593
766.000000 0.8601 0.8609 0.8615 0.8621 0.8627
771.000000 0.8633 0.8638 0.8644 0.8648 0.8650
776.000000 0.8652 0.8654 0.8656 0.8658 0.8660
781.000000 0.8662 0.8664 0.8663 0.8660 0.8658
786.000000 0.8655 0.8653 0.8650 0.8649 0.8651
791.000000 0.8654 0.8656 0.8659 0.8661 0.8663
796.000000 0.8665 0.8667 0.8669 0.8671 0.8673
801.000000 0.8675 0.8677 0.8679 0.8681 0.8683
806.000000 0.8685 0.8686 0.8688 0.8690 0.8692
811.000000 0.8692 0.8691 0.8690 0.8689 0.8688
816.000000 0.8687 0.8686 0.8685 0.8684 0.8682
821.000000 0.8680 0.8678 0.8675 0.8673 0.8671
826.000000 0.8647 0.8619 0.8585 0.8550 0.8515
831.000000 0.8470 0.8414 0.8357 0.8286 0.8216
836.000000 0.8146 0.8068 0.7951 0.7842 0.7735
841.000000 0.7655 0.7595 0.7535 0.7475 0.7413
846.000000 0.7336 0.7275 0.7259 0.7264 0.7270
851.000000 0.7276 0.7288 0.7302 0.7330 0.7361
856.000000 0.7396 0.7430 0.7466 0.7502 0.7536
861.000000 0.7570 0.7604 0.7638 0.7672 0.7707
866.000000 0.7744 0.7781 0.7817 0.7854 0.7891
871.000000 0.7928 0.7967 0.8007 0.8047 0.8086
876.000000 0.8126 0.8173 0.8222 0.8272 0.8321
881.000000 0.8371 0.8421 0.8471 0.8516 0.8551
886.000000 0.8586 0.8622 0.8654 0.8680 0.8705
891.000000 0.8729 0.8747 0.8766 0.8784 0.8802
896.000000 0.8809 0.8817 0.8824 0.8826 0.8828
901.000000 0.8829 0.8831 0.8832 0.8834 0.8836
906.000000 0.8837 0.8839 0.8839 0.8840 0.8840
911.000000 0.8840 0.8840 0.8841 0.8841 0.8841
916.000000 0.8841 0.8841 0.8841 0.8841 0.8841
921.000000 0.8841 0.8841 0.8840 0.8841 0.8842
926.000000 0.8844 0.8845 0.8847 0.8848 0.8850
931.000000 0.8851 0.8852 0.8854 0.8855 0.8857
936.000000 0.8860 0.8862 0.8864 0.8866 0.8868
941.000000 0.8871 0.8874 0.8877 0.8880 0.8883
946.000000 0.8886 0.8889 0.8892 0.8895 0.8897
951.000000 0.8900 0.8903 0.8906 0.8908 0.8911
956.000000 0.8914 0.8916 0.8919 0.8921 0.8924
961.000000 0.8926 0.8928 0.8930 0.8933 0.8936
966.000000 0.8939 0.8942 0.8946 0.8949 0.8952
971.000000 0.8956 0.8959 0.8962 0.8966 0.8969
976.000000 0.8968 0.8967 0.8967 0.8966 0.8965
981.000000 0.8965 0.8964 0.8962 0.8959 0.8956
986.000000 0.8953 0.8950 0.8947 0.8944 0.8941
991.000000 0.8938 0.8934 0.8930 0.8926 0.8922
996.000000 0.8918 0.8914 0.8910 0.8906 0.8903
1001.000000 0.8899 0.8895 0.8891 0.8887 0.8882
1006.000000 0.8876 0.8871 0.8865 0.8860 0.8854
1011.000000 0.8849 0.8843 0.8837 0.8832 0.8826
1016.000000 0.8821 0.8816 0.8811 0.8806 0.8801
1021.000000 0.8796 0.8791 0.8786 0.8781 0.8777
1026.000000 0.8772 0.8767 0.8762 0.8758 0.8754
1031.000000 0.8750 0.8745 0.8741 0.8737 0.8734
1036.000000 0.8731 0.8728 0.8724 0.8721 0.8718
1041.000000 0.8715 0.8711 0.8708 0.8706 0.8704
1046.000000 0.8702 0.8700 0.8698 0.8696 0.8694
1051.000000 0.8698 0.8702 0.8707 0.8710 0.8712
1056.000000 0.8713 0.8715 0.8709 0.8694 0.8676
1061.000000 0.8658 0.8640 0.8609 0.8572 0.8516
1066.000000 0.8485 0.8479 0.8479 0.8502 0.8535
1071.000000 0.8573 0.8620 0.8657 0.8687 0.8708
1076.000000 0.8729 0.8750 0.8766 0.8780 0.8793
1081.000000 0.8806 0.8816 0.8826 0.8835 0.8845
1086.000000 0.8853 0.8858 0.8863 0.8868 0.8873
1091.000000 0.8879 0.8884 0.8890 0.8896 0.8901
1096.000000 0.8906 0.8907 0.8907 0.8907 0.8908
1101.000000 0.8908 0.8908 0.8909 0.8909 0.8906
1106.000000 0.8900 0.8893 0.8886 0.8880 0.8876
1111.000000 0.8872 0.8875 0.8886 0.8897 0.8906
1116.000000 0.8916 0.8922 0.8928 0.8933 0.8937
1121.000000 0.8938 0.8939 0.8940 0.8940 0.8931
1126.000000 0.8930 0.8925 0.8905 0.8878 0.8834
1131.000000 0.8774 0.8680 0.8611 0.8499 0.8515
1136.000000 0.8507 0.8596 0.8657 0.8694 0.8723
1141.000000 0.8748 0.8767 0.8779 0.8791 0.8803
1146.000000 0.8809 0.8816 0.8822 0.8824 0.8825
1151.000000 0.8826 0.8827 0.8826 0.8854 0.8823
1156.000000 0.8814 0.8806 0.8798 0.8795 0.8792
1161.000000 0.8789 0.8794 0.8800 0.8795 0.8776
1166.000000 0.8751 0.8725 0.8699 0.8673 0.8563
1171.000000 0.8450 0.8337 0.8318 0.8312 0.8432
1176.000000 0.8572 0.8663 0.8660 0.8653 0.8643
1181.000000 0.8632 0.8616 0.8600 0.8584 0.8556
1186.000000 0.8525 0.8488 0.8447 0.8404 0.8337
1191.000000 0.8255 0.8194 0.8152 0.8115 0.8079
1196.000000 0.8043 0.8014 0.7984 0.7955 0.7924
1201.000000 0.7892 0.7860 0.7853 0.7845 0.7842
1206.000000 0.7843 0.7839 0.7813 0.7780 0.7747
1211.000000 0.7714 0.7671 0.7613 0.7554 0.7513
1216.000000 0.7504 0.7494 0.7492 0.7494 0.7496
1221.000000 0.7496 0.7468 0.7431 0.7388 0.7333
1226.000000 0.7280 0.7228 0.7177 0.7138 0.7124
1231.000000 0.7118 0.7113 0.7111 0.7108 0.7105
1236.000000 0.7028 0.6938 0.6849 0.6759 0.6603
1241.000000 0.6456 0.6416 0.6383 0.6376 0.6397
1246.000000 0.6373 0.6375 0.6385 0.6400 0.6421
1251.000000 0.6461 0.6509 0.6579 0.6665 0.6771
1256.000000 0.6839 0.6875 0.6902 0.6903 0.6903
1261.000000 0.6905 0.6907 0.6921 0.6961 0.7007
1266.000000 0.7048 0.7088 0.7140 0.7193 0.7218
1271.000000 0.7241 0.7263 0.7273 0.7284 0.7292
1276.000000 0.7286 0.7280 0.7273 0.7263 0.7253
1281.000000 0.7244 0.7234 0.7228 0.7221 0.7215
1286.000000 0.7208 0.7207 0.7208 0.7209 0.7210
1291.000000 0.7211 0.7212 0.7231 0.7252 0.7290
1296.000000 0.7327 0.7357 0.7387 0.7418 0.7448
1301.000000 0.7478 0.7516 0.7556 0.7597 0.7638
1306.000000 0.7678 0.7716 0.7751 0.7785 0.7820
1311.000000 0.7854 0.7889 0.7915 0.7940 0.7965
1316.000000 0.7981 0.7986 0.7991 0.7994 0.7991
1321.000000 0.7973 0.7982 0.7973 0.7963 0.7954
1326.000000 0.8175 0.8311 0.8297 0.8271 0.8239
1331.000000 0.8205 0.8171 0.8131 0.8090 0.8049
1336.000000 0.8013 0.7979 0.7964 0.7965 0.7968
1341.000000 0.7971 0.7966 0.7959 0.7941 0.7896
1346.000000 0.7815 0.7734 0.7653 0.7572 0.7565
1351.000000 0.7583 0.7601 0.7617 0.7621 0.7625
1356.000000 0.7622 0.7616 0.7611 0.7603 0.7586
1361.000000 0.7565 0.7543 0.7521 0.7502 0.7485
1366.000000 0.7467 0.7453 0.7455 0.7456 0.7424
1371.000000 0.7280 0.7137 0.6993 0.6849 0.6749
1376.000000 0.6742 0.7381 0.8036 0.8213 0.8229
1381.000000 0.8241 0.8253 0.8261 0.8267 0.8274
1386.000000 0.8280 0.8281 0.8282 0.8282 0.8282
1391.000000 0.8267 0.8251 0.8228 0.8206 0.8158
1396.000000 0.8114 0.8075 0.8036 0.8001 0.7972
1401.000000 0.7942 0.7916 0.7903 0.7898 0.7898
1406.000000 0.7899 0.7899 0.7902 0.7905 0.7908
1411.000000 0.7911 0.7910 0.7909 0.7907 0.7906
1416.000000 0.7900 0.7879 0.7852 0.7779 0.7695
1421.000000 0.7605 0.7499 0.7208 0.6819 0.6429
1426.000000 0.6323 0.6374 0.6426 0.6466 0.6361
1431.000000 0.6094 0.5828 0.5562 0.5456 0.5459
1436.000000 0.5538 0.5708 0.5854 0.5861 0.5861
1441.000000 0.5856 0.5841 0.5821 0.5777 0.5655
1446.000000 0.5385 0.4988 0.4592 0.4195 0.4013
1451.000000 0.3974 0.3934 0.3890 0.3832 0.3770
1456.000000 0.3701 0.3626 0.3529 0.3395 0.3112
1461.000000 0.3012 0.2989 0.2980 0.3032 0.3813
1466.000000 0.4643 0.5474 0.6305 0.6919 0.7140
1471.000000 0.7428 0.7527 0.7614 0.7654 0.7695
1476.000000 0.7724 0.7747 0.7768 0.7769 0.7769
1481.000000 0.7769 0.7755 0.7764 0.7758 0.7751
1486.000000 0.7737 0.7717 0.7697 0.7668 0.7637
1491.000000 0.7607 0.7577 0.7547 0.7513 0.7478
1496.000000 0.7437 0.7363 0.7313 0.7262 0.7209
1501.000000 0.7154 0.7099 0.7044 0.6987 0.6931
1506.000000 0.6875 0.6815 0.6756 0.6696 0.6634
1511.000000 0.6569 0.6501 0.6430 0.6196 0.6035
1516.000000 0.6031 0.6057 0.6142 0.6172 0.6178
1521.000000 0.6180 0.6173 0.6151 0.6105 0.6006
1526.000000 0.5932 0.5803 0.5652 0.5533 0.5389
1531.000000 0.5305 0.5225 0.5146 0.5062 0.4974
1536.000000 0.4886 0.4798 0.4709 0.4630 0.4575
1541.000000 0.4559 0.4561 0.4563 0.4572 0.4588
1546.000000 0.4608 0.4649 0.4695 0.4760 0.4823
1551.000000 0.4880 0.4938 0.5017 0.5116 0.5217
1556.000000 0.5330 0.5442 0.5600 0.5693 0.5775
1561.000000 0.5817 0.5859 0.5901 0.5943 0.5982
1566.000000 0.6013 0.6043 0.6074 0.6104 0.6125
1571.000000 0.6142 0.6153 0.6165 0.6176 0.6193
1576.000000 0.6212 0.6231 0.6250 0.6269 0.6320
1581.000000 0.6412 0.6504 0.6624 0.6775 0.6874
1586.000000 0.6944 0.7013 0.7081 0.7130 0.7178
1591.000000 0.7226 0.7275 0.7323 0.7371 0.7432
1596.000000 0.7501 0.7569 0.7640 0.7716 0.7792
1601.000000 0.7858 0.7905 0.7952 0.7999 0.8047
1606.000000 0.8089 0.8130 0.8168 0.8196 0.8223
1611.000000 0.8250 0.8274 0.8294 0.8314 0.8334
1616.000000 0.8355 0.8374 0.8392 0.8411 0.8430
1621.000000 0.8449 0.8463 0.8471 0.8479 0.8487
1626.000000 0.8495 0.8501 0.8505 0.8509 0.8512
1631.000000 0.8516 0.8520 0.8522 0.8523 0.8525
1636.000000 0.8527 0.8529 0.8532 0.8536 0.8540
1641.000000 0.8543 0.8548 0.8553 0.8558 0.8563
1646.000000 0.8569 0.8575 0.8581 0.8587 0.8593
1651.000000 0.8599 0.8605 0.8611 0.8617 0.8623
1656.000000 0.8629 0.8635 0.8640 0.8646 0.8651
1661.000000 0.8656 0.8661 0.8667 0.8672 0.8677
1666.000000 0.8681 0.8684 0.8687 0.8690 0.8692
1671.000000 0.8695 0.8698 0.8701 0.8703 0.8706
1676.000000 0.8709 0.8712 0.8714 0.8716 0.8717
1681.000000 0.8719 0.8720 0.8722 0.8723 0.8724
1686.000000 0.8726 0.8727 0.8729 0.8730 0.8732
1691.000000 0.8733 0.8735 0.8736 0.8738 0.8738
1696.000000 0.8738 0.8738 0.8738 0.8738 0.8738
1701.000000 0.8738 0.8738 0.8738 0.8738 0.8738
1706.000000 0.8738 0.8738 0.8738 0.8738 0.8738
1711.000000 0.8737 0.8737 0.8736 0.8736 0.8735
1716.000000 0.8735 0.8734 0.8734 0.8733 0.8733
1721.000000 0.8732 0.8732 0.8731 0.8731 0.8730
1726.000000 0.8730 0.8728 0.8727 0.8725 0.8723
1731.000000 0.8721 0.8719 0.8717 0.8715 0.8713
1736.000000 0.8711 0.8709 0.8707 0.8710 0.8714
1741.000000 0.8718 0.8725 0.8735 0.8745 0.8755
1746.000000 0.8765 0.8775 0.8785 0.8795 0.8805
1751.000000 0.8814 0.8820 0.8825 0.8830 0.8835
1756.000000 0.8840 0.8845 0.8849 0.8853 0.8856
1761.000000 0.8859 0.8863 0.8866 0.8870 0.8873
1766.000000 0.8876 0.8877 0.8878 0.8879 0.8881
1771.000000 0.8882 0.8883 0.8884 0.8885 0.8886
1776.000000 0.8887 0.8888 0.8889 0.8890 0.8891
1781.000000 0.8892 0.8893 0.8893 0.8894 0.8895
1786.000000 0.8895 0.8896 0.8896 0.8897 0.8898
1791.000000 0.8898 0.8899 0.8899 0.8900 0.8900
1796.000000 0.8901 0.8902 0.8902 0.8903 0.8903
1801.000000 0.8904 0.8905 0.8905 0.8906 0.8906
1806.000000 0.8907 0.8908 0.8908 0.8909 0.8908
1811.000000 0.8908 0.8908 0.8908 0.8908 0.8908
1816.000000 0.8908 0.8908 0.8908 0.8908 0.8907
1821.000000 0.8907 0.8907 0.8907 0.8907 0.8907
1826.000000 0.8907 0.8907 0.8907 0.8906 0.8906
1831.000000 0.8906 0.8906 0.8906 0.8906 0.8906
1836.000000 0.8906 0.8906 0.8906 0.8905 0.8905
1841.000000 0.8905 0.8905 0.8905 0.8905 0.8905
1846.000000 0.8905 0.8906 0.8906 0.8906 0.8906
1851.000000 0.8906 0.8907 0.8907 0.8907 0.8907
1856.000000 0.8907 0.8908 0.8908 0.8908 0.8908
1861.000000 0.8908 0.8909 0.8909 0.8909 0.8909
1866.000000 0.8909 0.8910 0.8910 0.8910 0.8910
1871.000000 0.8910 0.8911 0.8911 0.8911 0.8877
1876.000000 0.8911 0.8912 0.8912 0.8912 0.8912
1881.000000 0.8912 0.8912 0.8913 0.8913 0.8913
1886.000000 0.8913 0.8913 0.8914 0.8914 0.8914
1891.000000 0.8914 0.8914 0.8914 0.8915 0.8915
1896.000000 0.8915 0.8915 0.8915 0.8915 0.8916
1901.000000 0.8916 0.8916 0.8916 0.8915 0.8914
1906.000000 0.8913 0.8912 0.8911 0.8910 0.8909
1911.000000 0.8909 0.8908 0.8907 0.8906 0.8905
1916.000000 0.8904 0.8903 0.8902 0.8901 0.8900
1921.000000 0.8899 0.8899 0.8898 0.8897 0.8896
1926.000000 0.8894 0.8893 0.8892 0.8891 0.8890
1931.000000 0.8889 0.8888 0.8887 0.8885 0.8884
1936.000000 0.8883 0.8882 0.8881 0.8880 0.8878
1941.000000 0.8876 0.8874 0.8872 0.8870 0.8868
1946.000000 0.8866 0.8864 0.8862 0.8860 0.8858
1951.000000 0.8855 0.8853 0.8851 0.8849 0.8848
1956.000000 0.8847 0.8846 0.8844 0.8843 0.8842
1961.000000 0.8841 0.8839 0.8838 0.8837 0.8836
1966.000000 0.8834 0.8833 0.8832 0.8831 0.8830
1971.000000 0.8829 0.8828 0.8827 0.8826 0.8825
1976.000000 0.8824 0.8823 0.8822 0.8820 0.8819
1981.000000 0.8817 0.8815 0.8814 0.8812 0.8810
1986.000000 0.8808 0.8807 0.8805 0.8831 0.8857
1991.000000 0.8883 0.8908 0.8934 0.8960 0.8986
1996.000000 0.9011 0.9025 0.9027 0.9029 0.9032
2001.000000 0.9035 0.9039 0.9040 0.9042 0.9042
2006.000000 0.9043 0.9044 0.9045 0.9046 0.9047
2011.000000 0.9048 0.9049 0.9049 0.9050 0.9050
2016.000000 0.9051 0.9051 0.9052 0.9052 0.9053
2021.000000 0.9053 0.9054 0.9054 0.9055 0.9055
2026.000000 0.9056 0.9056 0.9057 0.9058 0.9059
2031.000000 0.9059 0.9060 0.9060 0.9061 0.9061
2036.000000 0.9062 0.9062 0.9063 0.9063 0.9064
2041.000000 0.9065 0.9066 0.9066 0.9067 0.9067
2046.000000 0.9068 0.9068 0.9069 0.9069 0.9070
2051.000000 0.9070 0.9071 0.9071 0.9072 0.9073
2056.000000 0.9074 0.9074 0.9075 0.9075 0.9076
2061.000000 0.9076 0.9077 0.9077 0.9078 0.9078
2066.000000 0.9079 0.9079 0.9080 0.9080 0.9081
2071.000000 0.9082 0.9083 0.9083 0.9084 0.9084
2076.000000 0.9085 0.9085 0.9086 0.9086 0.9087
2081.000000 0.9088 0.9089 0.9090 0.9091 0.9092
2086.000000 0.9093 0.9094 0.9095 0.9096 0.9097
2091.000000 0.9098 0.9099 0.9100 0.9101 0.9102
2096.000000 0.9103 0.9104 0.9105 0.9106 0.9107
2101.000000 0.9108 0.9109 0.9110 0.9111 0.9112
2106.000000 0.9113 0.9114 0.9115 0.9116 0.9117
2111.000000 0.9117 0.9118 0.9118 0.9118 0.9118
2116.000000 0.9119 0.9119 0.9119 0.9119 0.9119
2121.000000 0.9119 0.9119 0.9119 0.9119 0.9119
2126.000000 0.9119 0.9119 0.9119 0.9119 0.9119
2131.000000 0.9119 0.9119 0.9119 0.9120 0.9120
2136.000000 0.9120 0.9120 0.9120 0.9120 0.9120
2141.000000 0.9120 0.9120 0.9120 0.9120 0.9120
2146.000000 0.9120 0.9120 0.9120 0.9120 0.9120
2151.000000 0.9119 0.9119 0.9119 0.9119 0.9118
2156.000000 0.9118 0.9118 0.9118 0.9117 0.9117
2161.000000 0.9117 0.9117 0.9116 0.9116 0.9115
2166.000000 0.9115 0.9115 0.9115 0.9114 0.9114
2171.000000 0.9114 0.9114 0.9113 0.9113 0.9113
2176.000000 0.9113 0.9112 0.9112 0.9112 0.9112
2181.000000 0.9111 0.9111 0.9111 0.9111 0.9110
2186.000000 0.9110 0.9109 0.9109 0.9109 0.9109
2191.000000 0.9108 0.9108 0.9107 0.9107 0.9106
2196.000000 0.9105 0.9104 0.9104 0.9103 0.9103
2201.000000 0.9102 0.9101 0.9100 0.9100 0.9099
2206.000000 0.9099 0.9098 0.9098 0.9097 0.9096
2211.000000 0.9095 0.9095 0.9094 0.9094 0.9093
2216.000000 0.9092 0.9091 0.9091 0.9090 0.9090
2221.000000 0.9089 0.9088 0.9087 0.9087 0.9086
2226.000000 0.9086 0.9085 0.9084 0.9082 0.9080
2231.000000 0.9077 0.9075 0.9073 0.9071 0.9068
2236.000000 0.9066 0.9064 0.9062 0.9059 0.9057
2241.000000 0.9055 0.9053 0.9050 0.9048 0.9046
2246.000000 0.9044 0.9041 0.9039 0.9037 0.9035
2251.000000 0.9032 0.9030 0.9028 0.9026 0.9023
2256.000000 0.9021 0.9018 0.9015 0.9011 0.9008
2261.000000 0.9004 0.9001 0.8997 0.8994 0.8990
2266.000000 0.8987 0.8983 0.8980 0.8976 0.8973
2271.000000 0.8969 0.8966 0.8963 0.8960 0.8956
2276.000000 0.8953 0.8949 0.8946 0.8942 0.8939
2281.000000 0.8937 0.8935 0.8932 0.8930 0.8928
2286.000000 0.8926 0.8923 0.8921 0.8919 0.8917
2291.000000 0.8914 0.8912 0.8913 0.8914 0.8915
2296.000000 0.8917 0.8918 0.8920 0.8922 0.8924
2301.000000 0.8927 0.8931 0.8935 0.8939 0.8946
2306.000000 0.8953 0.8963 0.8973 0.8983 0.8994
2311.000000 0.9003 0.9013 0.9019 0.9025 0.9031
2316.000000 0.9037 0.9043 0.9049 0.9053 0.9058
2321.000000 0.9058 0.9058 0.9058 0.9059 0.9059
2326.000000 0.9059 0.9059 0.9060 0.9060 0.9061
2331.000000 0.9062 0.9063 0.9063 0.9064 0.9064
2336.000000 0.9065 0.9066 0.9067 0.9067 0.9068
2341.000000 0.9068 0.9069 0.9069 0.9070 0.9070
2346.000000 0.9071 0.9071 0.9072 0.9072 0.9073
2351.000000 0.9073 0.9074 0.9074 0.9074 0.9074
2356.000000 0.9074 0.9074 0.9074 0.9074 0.9074
2361.000000 0.9073 0.9073 0.9073 0.9073 0.9073
2366.000000 0.9073 0.9073 0.9073 0.9073 0.9073
2371.000000 0.9072 0.9072 0.9072 0.9072 0.9072
2376.000000 0.9072 0.9072 0.9072 0.9072 0.9072
2381.000000 0.9071 0.9071 0.9070 0.9069 0.9068
2386.000000 0.9068 0.9067 0.9067 0.9066 0.9065
2391.000000 0.9064 0.9064 0.9063 0.9062 0.9062
2396.000000 0.9062 0.9061 0.9061 0.9061 0.9061
2401.000000 0.9060 0.9060 0.9060 0.9060 0.9059
2406.000000 0.9059 0.9059 0.9059 0.9058 0.9058
2411.000000 0.9058 0.9058 0.9057 0.9057 0.9057
2416.000000 0.9057 0.9056 0.9056 0.9056 0.9056
2421.000000 0.9055 0.9055 0.9055 0.9055 0.9055
2426.000000 0.9055 0.9055 0.9055 0.9055 0.9055
2431.000000 0.9055 0.9055 0.9055 0.9055 0.9055
2436.000000 0.9055 0.9055 0.9055 0.9055 0.9055
2441.000000 0.9054 0.9054 0.9054 0.9054 0.9054
2446.000000 0.9054 0.9054 0.9054 0.9054 0.9054
2451.000000 0.9054 0.9054 0.9054 0.9054 0.9054
2456.000000 0.9054 0.9054 0.9054 0.9053 0.9052
2461.000000 0.9050 0.9049 0.9048 0.9047 0.9046
2466.000000 0.9045 0.9044 0.9043 0.9041 0.9040
2471.000000 0.9039 0.9038 0.9037 0.9036 0.9035
2476.000000 0.9034 0.9033 0.9032 0.9030 0.9029
2481.000000 0.9028 0.9027 0.9026 0.9025 0.9024
2486.000000 0.9023 0.9021 0.9020 0.9019 0.9018
2491.000000 0.9017 0.9016 0.9015 0.9014 0.9013
2496.000000 0.9012 0.9010 0.9009 0.9008 0.9007
2501.000000 0.9005 0.9004 0.9003 0.9002 0.9000
2506.000000 0.8999 0.8998 0.8997 0.8995 0.8994
2511.000000 0.8993 0.8992 0.8990 0.8989 0.8988
2516.000000 0.8987 0.8985 0.8984 0.8983 0.8982
2521.000000 0.8980 0.8979 0.8978 0.8977 0.8975
2526.000000 0.8974 0.8973 0.8972 0.8970 0.8969
2531.000000 0.8968 0.8967 0.8965 0.8964 0.8961
2536.000000 0.8959 0.8957 0.8955 0.8953 0.8951
2541.000000 0.8949 0.8947 0.8945 0.8943 0.8940
2546.000000 0.8938 0.8936 0.8934 0.8932 0.8930
2551.000000 0.8928 0.8926 0.8923 0.8921 0.8919
2556.000000 0.8917 0.8915 0.8913 0.8911 0.8909
2561.000000 0.8906 0.8904 0.8902 0.8900 0.8898
2566.000000 0.8896 0.8894 0.8892 0.8890 0.8888
2571.000000 0.8885 0.8883 0.8880 0.8878 0.8874
2576.000000 0.8870 0.8866 0.8863 0.8859 0.8856
2581.000000 0.8852 0.8849 0.8845 0.8842 0.8838
2586.000000 0.8835 0.8831 0.8828 0.8824 0.8821
2591.000000 0.8817 0.8814 0.8810 0.8807 0.8803
2596.000000 0.8800 0.8796 0.8792 0.8788 0.8785
2601.000000 0.8781 0.8778 0.8774 0.8770 0.8766
2606.000000 0.8762 0.8758 0.8754 0.8750 0.8746
2611.000000 0.8742 0.8738 0.8734 0.8730 0.8726
2616.000000 0.8722 0.8718 0.8714 0.8710 0.8706
2621.000000 0.8701 0.8697 0.8693 0.8689 0.8685
2626.000000 0.8681 0.8677 0.8673 0.8669 0.8665
2631.000000 0.8661 0.8657 0.8653 0.8649 0.8645
2636.000000 0.8641 0.8637 0.8633 0.8629 0.8625
2641.000000 0.8620 0.8616 0.8611 0.8607 0.8601
2646.000000 0.8596 0.8590 0.8585 0.8579 0.8574
2651.000000 0.8568 0.8563 0.8557 0.8552 0.8546
2656.000000 0.8541 0.8535 0.8530 0.8525 0.8520
2661.000000 0.8514 0.8509 0.8503 0.8498 0.8492
2666.000000 0.8486 0.8480 0.8474 0.8468 0.8462
2671.000000 0.8456 0.8450 0.8444 0.8438 0.8436
2676.000000 0.8434 0.8433 0.8433 0.8432 0.8432
2681.000000 0.8433 0.8434 0.8437 0.8441 0.8444
2686.000000 0.8448 0.8455 0.8463 0.8475 0.8488
2691.000000 0.8497 0.8506 0.8515 0.8524 0.8532
2696.000000 0.8540 0.8547 0.8554 0.8557 0.8561
2701.000000 0.8560 0.8559 0.8558 0.8557 0.8554
2706.000000 0.8552 0.8545 0.8539 0.8530 0.8522
2711.000000 0.8511 0.8501 0.8491 0.8481 0.8472
2716.000000 0.8463 0.8455 0.8448 0.8446 0.8445
2721.000000 0.8443 0.8442 0.8440 0.8439 0.8438
2726.000000 0.8438 0.8437 0.8437 0.8437 0.8437
2731.000000 0.8436 0.8436 0.8436 0.8437 0.8439
2736.000000 0.8441 0.8443 0.8445 0.8447 0.8449
2741.000000 0.8450 0.8452 0.8452 0.8452 0.8451
2746.000000 0.8451 0.8450 0.8450 0.8449 0.8449
2751.000000 0.8447 0.8445 0.8442 0.8440 0.8437
2756.000000 0.8435 0.8431 0.8427 0.8419 0.8412
2761.000000 0.8404 0.8396 0.8388 0.8381 0.8373
2766.000000 0.8365 0.8357 0.8349 0.8340 0.8332
2771.000000 0.8323 0.8315 0.8306 0.8298 0.8289
2776.000000 0.8281 0.8270 0.8259 0.8245 0.8231
2781.000000 0.8217 0.8203 0.8188 0.8174 0.8160
2786.000000 0.8146 0.8127 0.8109 0.8083 0.8058
2791.000000 0.8032 0.8006 0.7980 0.7954 0.7927
2796.000000 0.7900 0.7869 0.7839 0.7809 0.7779
2801.000000 0.7748 0.7718 0.7687 0.7657 0.7625
2806.000000 0.7594 0.7562 0.7530 0.7497 0.7465
2811.000000 0.7433 0.7401 0.7368 0.7336 0.7302
2816.000000 0.7268 0.7234 0.7200 0.7166 0.7132
2821.000000 0.7098 0.7064 0.7030 0.6996 0.6959
2826.000000 0.6922 0.6876 0.6831 0.6785 0.6739
2831.000000 0.6693 0.6648 0.6592 0.6537 0.6470
2836.000000 0.6403 0.6268 0.6133 0.5974 0.5815
2841.000000 0.5654 0.5493 0.5336 0.5179 0.4834
2846.000000 0.4489 0.3449 0.2410 0.2140 0.1870
2851.000000 0.1600 0.1330 0.1059 0.0789 0.0519
2856.000000 0.0249 0.0252 0.0282 0.0360 0.0466
2861.000000 0.0726 0.0987 0.1248 0.1509 0.1769
2866.000000 0.2030 0.2080 0.2131 0.2158 0.2185
2871.000000 0.2203 0.2222 0.2240 0.2258 0.2427
2876.000000 0.2597 0.2831 0.3065 0.3168 0.3272
2881.000000 0.3270 0.3276 0.3182 0.3095 0.2969
2886.000000 0.2844 0.2718 0.2592 0.2466 0.2340
2891.000000 0.2214 0.2088 0.1962 0.1836 0.1710
2896.000000 0.1584 0.1458 0.1332 0.1206 0.1080
2901.000000 0.0954 0.0828 0.0702 0.0576 0.0450
2906.000000 0.0324 0.0220 0.0116 0.0079 0.0042
2911.000000 0.0035 0.0028 0.0027 0.0026 0.0025
2916.000000 0.0025 0.0024 0.0023 0.0023 0.0023
2921.000000 0.0023 0.0023 0.0023 0.0034 0.0024
2926.000000 0.0025 0.0026 0.0028 0.0029 0.0030
2931.000000 0.0031 0.0033 0.0034 0.0035 0.0132
2936.000000 0.0230 0.0315 0.0401 0.0419 0.0438
2941.000000 0.0450 0.0463 0.0482 0.0502 0.0643
2946.000000 0.0784 0.0847 0.0911 0.0916 0.0922
2951.000000 0.0926 0.0930 0.0933 0.0936 0.0946
2956.000000 0.0957 0.0976 0.0995 0.1092 0.1190
2961.000000 0.1375 0.1561 0.1746 0.1932 0.2117
2966.000000 0.2303 0.2488 0.2674 0.2859 0.3044
2971.000000 0.3229 0.3415 0.3600 0.3786 0.3971
2976.000000 0.4157 0.4342 0.4528 0.4713 0.4899
2981.000000 0.5084 0.5269 0.5420 0.5571 0.5615
2986.000000 0.5660 0.5724 0.5788 0.6046 0.6305
2991.000000 0.6447 0.6589 0.6648 0.6707 0.6734
2996.000000 0.6762 0.6770 0.6778 0.6785 0.6793
3001.000000 0.6798 0.6804 0.6807 0.6810 0.6813
3006.000000 0.6817 0.6820 0.6823 0.6841 0.6860
3011.000000 0.6924 0.6989 0.7109 0.7229 0.7300
3016.000000 0.7372 0.7428 0.7485 0.7523 0.7562
3021.000000 0.7598 0.7635 0.7657 0.7679 0.7701
3026.000000 0.7723 0.7743 0.7764 0.7776 0.7789
3031.000000 0.7802 0.7815 0.7827 0.7840 0.7849
3036.000000 0.7858 0.7864 0.7870 0.7876 0.7882
3041.000000 0.7888 0.7894 0.7900 0.7906 0.7911
3046.000000 0.7917 0.7922 0.7928 0.7934 0.7940
3051.000000 0.7949 0.7959 0.7971 0.7983 0.7994
3056.000000 0.8006 0.8021 0.8036 0.8059 0.8083
3061.000000 0.8104 0.8126 0.8144 0.8163 0.8182
3066.000000 0.8201 0.8209 0.8218 0.8226 0.8235
3071.000000 0.8244 0.8253 0.8261 0.8270 0.8275
3076.000000 0.8280 0.8284 0.8289 0.8293 0.8297
3081.000000 0.8301 0.8306 0.8310 0.8314 0.8318
3086.000000 0.8323 0.8326 0.8330 0.8332 0.8334
3091.000000 0.8336 0.8338 0.8340 0.8343 0.8342
3096.000000 0.8342 0.8341 0.8341 0.8340 0.8339
3101.000000 0.8338 0.8337 0.8336 0.8335 0.8331
3106.000000 0.8328 0.8323 0.8318 0.8313 0.8309
3111.000000 0.8304 0.8299 0.8292 0.8285 0.8276
3116.000000 0.8268 0.8259 0.8250 0.8241 0.8233
3121.000000 0.8224 0.8215 0.8207 0.8200 0.8195
3126.000000 0.8191 0.8186 0.8182 0.8177 0.8173
3131.000000 0.8168 0.8164 0.8159 0.8155 0.8151
3136.000000 0.8147 0.8145 0.8144 0.8142 0.8140
3141.000000 0.8138 0.8136 0.8134 0.8132 0.8132
3146.000000 0.8133 0.8133 0.8134 0.8135 0.8136
3151.000000 0.8137 0.8138 0.8139 0.8140 0.8142
3156.000000 0.8144 0.8147 0.8150 0.8152 0.8155
3161.000000 0.8158 0.8161 0.8164 0.8167 0.8170
3166.000000 0.8173 0.8175 0.8178 0.8182 0.8187
3171.000000 0.8191 0.8196 0.8201 0.8206 0.8210
3176.000000 0.8215 0.8220 0.8225 0.8229 0.8234
3181.000000 0.8239 0.8244 0.8248 0.8253 0.8258
3186.000000 0.8263 0.8267 0.8272 0.8277 0.8282
3191.000000 0.8286 0.8291 0.8296 0.8301 0.8305
3196.000000 0.8310 0.8315 0.8320 0.8324 0.8328
3201.000000 0.8332 0.8336 0.8340 0.8344 0.8347
3206.000000 0.8351 0.8355 0.8359 0.8363 0.8367
3211.000000 0.8371 0.8375 0.8378 0.8382 0.8386
3216.000000 0.8390 0.8394 0.8398 0.8400 0.8402
3221.000000 0.8404 0.8406 0.8408 0.8410 0.8412
3226.000000 0.8414 0.8416 0.8419 0.8421 0.8423
3231.000000 0.8425 0.8427 0.8429 0.8431 0.8433
3236.000000 0.8435 0.8437 0.8440 0.8442 0.8444
3241.000000 0.8446 0.8448 0.8450 0.8452 0.8454
3246.000000 0.8457 0.8458 0.8459 0.8460 0.8462
3251.000000 0.8463 0.8464 0.8465 0.8466 0.8467
3256.000000 0.8468 0.8469 0.8470 0.8471 0.8473
3261.000000 0.8474 0.8475 0.8476 0.8477 0.8478
3266.000000 0.8479 0.8480 0.8481 0.8482 0.8484
3271.000000 0.8485 0.8486 0.8487 0.8488 0.8489
3276.000000 0.8490 0.8491 0.8493 0.8492 0.8492
3281.000000 0.8491 0.8491 0.8490 0.8490 0.8489
3286.000000 0.8489 0.8488 0.8488 0.8487 0.8487
3291.000000 0.8486 0.8486 0.8485 0.8485 0.8484
3296.000000 0.8484 0.8484 0.8484 0.8483 0.8483
3301.000000 0.8482 0.8482 0.8481 0.8481 0.8480
3306.000000 0.8480 0.8479 0.8479 0.8479 0.8479
3311.000000 0.8478 0.8478 0.8478 0.8478 0.8478
3316.000000 0.8478 0.8477 0.8477 0.8477 0.8477
3321.000000 0.8477 0.8477 0.8476 0.8476 0.8476
3326.000000 0.8476 0.8476 0.8476 0.8475 0.8475
3331.000000 0.8475 0.8475 0.8475 0.8475 0.8475
3336.000000 0.8475 0.8474 0.8474 0.8474 0.8474
3341.000000 0.8474 0.8474 0.8473 0.8473 0.8473
3346.000000 0.8473 0.8473 0.8473 0.8473 0.8473
3351.000000 0.8473 0.8473 0.8473 0.8473 0.8473
3356.000000 0.8473 0.8473 0.8473 0.8473 0.8473
3361.000000 0.8473 0.8473 0.8473 0.8473 0.8473
3366.000000 0.8473 0.8473 0.8474 0.8474 0.8474
3371.000000 0.8474 0.8474 0.8474 0.8474 0.8474
3376.000000 0.8474 0.8474 0.8474 0.8474 0.8474
3381.000000 0.8474 0.8474 0.8474 0.8474 0.8474
3386.000000 0.8474 0.8474 0.8474 0.8474 0.8474
3391.000000 0.8474 0.8474 0.8474 0.8474 0.8474
3396.000000 0.8474 0.8474 0.8474 0.8474 0.8474
3401.000000 0.8474 0.8474 0.8474 0.8474 0.8474
3406.000000 0.8474 0.8474 0.8474 0.8474 0.8474
3411.000000 0.8474 0.8474 0.8474 0.8474 0.8474
3416.000000 0.8474 0.8474 0.8474 0.8474 0.8474
3421.000000 0.8474 0.8474 0.8474 0.8474 0.8474
3426.000000 0.8474 0.8474 0.8474 0.8474 0.8474
3431.000000 0.8474 0.8474 0.8474 0.8474 0.8474
3436.000000 0.8474 0.8474 0.8474 0.8474 0.8474
3441.000000 0.8474 0.8474 0.8474 0.8474 0.8474
3446.000000 0.8475 0.8476 0.8477 0.8478 0.8479
3451.000000 0.8480 0.8481 0.8481 0.8482 0.8483
3456.000000 0.8484 0.8485 0.8486 0.8487 0.8488
3461.000000 0.8488 0.8489 0.8490 0.8491 0.8492
3466.000000 0.8493 0.8494 0.8495 0.8496 0.8497
3471.000000 0.8497 0.8498 0.8499 0.8500 0.8501
3476.000000 0.8502 0.8503 0.8504 0.8504 0.8505
3481.000000 0.8506 0.8507 0.8508 0.8509 0.8510
3486.000000 0.8511 0.8512 0.8513 0.8513 0.8514
3491.000000 0.8515 0.8516 0.8517 0.8518 0.8519
3496.000000 0.8520 0.8521 0.8522 0.8522 0.8523
3501.000000 0.8524 0.8525 0.8526 0.8527 0.8528
3506.000000 0.8529 0.8529 0.8530 0.8531 0.8532
3511.000000 0.8533 0.8534 0.8535 0.8536 0.8537
3516.000000 0.8538 0.8538 0.8539 0.8540 0.8541
3521.000000 0.8542 0.8543 0.8543 0.8544 0.8545
3526.000000 0.8546 0.8547 0.8548 0.8548 0.8549
3531.000000 0.8550 0.8551 0.8551 0.8552 0.8553
3536.000000 0.8554 0.8554 0.8555 0.8556 0.8557
3541.000000 0.8558 0.8559 0.8559 0.8560 0.8561
3546.000000 0.8562 0.8562 0.8563 0.8564 0.8565
3551.000000 0.8565 0.8566 0.8567 0.8568 0.8569
3556.000000 0.8570 0.8570 0.8571 0.8572 0.8573
3561.000000 0.8573 0.8574 0.8575 0.8577 0.8578
3566.000000 0.8580 0.8581 0.8583 0.8584 0.8586
3571.000000 0.8587 0.8589 0.8590 0.8592 0.8593
3576.000000 0.8607 0.8596 0.8598 0.8599 0.8601
3581.000000 0.8602 0.8604 0.8605 0.8607 0.8608
3586.000000 0.8610 0.8611 0.8613 0.8614 0.8616
3591.000000 0.8617 0.8619 0.8620 0.8622 0.8623
3596.000000 0.8625 0.8626 0.8627 0.8628 0.8630
3601.000000 0.8631 0.8633 0.8634 0.8636 0.8637
3606.000000 0.8639 0.8640 0.8641 0.8642 0.8644
3611.000000 0.8645 0.8647 0.8648 0.8650 0.8651
3616.000000 0.8653 0.8654 0.8655 0.8655 0.8656
3621.000000 0.8656 0.8657 0.8657 0.8657 0.8657
3626.000000 0.8658 0.8658 0.8659 0.8659 0.8660
3631.000000 0.8660 0.8660 0.8660 0.8661 0.8661
3636.000000 0.8662 0.8662 0.8663 0.8663 0.8664
3641.000000 0.8664 0.8664 0.8664 0.8665 0.8665
3646.000000 0.8666 0.8666 0.8667 0.8667 0.8667
3651.000000 0.8667 0.8667 0.8667 0.8667 0.8667
3656.000000 0.8667 0.8666 0.8666 0.8666 0.8666
3661.000000 0.8666 0.8666 0.8666 0.8666 0.8665
3666.000000 0.8665 0.8665 0.8665 0.8665 0.8665
3671.000000 0.8665 0.8665 0.8665 0.8665 0.8664
3676.000000 0.8664 0.8665 0.8666 0.8667 0.8669
3681.000000 0.8670 0.8671 0.8672 0.8674 0.8675
3686.000000 0.8677 0.8678 0.8679 0.8680 0.8682
3691.000000 0.8683 0.8685 0.8686 0.8687 0.8688
3696.000000 0.8690 0.8691 0.8693 0.8694 0.8696
3701.000000 0.8698 0.8700 0.8702 0.8704 0.8706
3706.000000 0.8708 0.8710 0.8712 0.8714 0.8716
3711.000000 0.8718 0.8720 0.8722 0.8725 0.8727
3716.000000 0.8729 0.8731 0.8733 0.8735 0.8737
3721.000000 0.8737 0.8738 0.8738 0.8738 0.8738
3726.000000 0.8738 0.8737 0.8737 0.8737 0.8737
3731.000000 0.8735 0.8734 0.8731 0.8728 0.8725
3736.000000 0.8722 0.8719 0.8716 0.8713 0.8710
3741.000000 0.8707 0.8704 0.8701 0.8698 0.8697
3746.000000 0.8696 0.8695 0.8695 0.8694 0.8693
3751.000000 0.8692 0.8692 0.8691 0.8690 0.8689
3756.000000 0.8689 0.8688 0.8688 0.8688 0.8688
3761.000000 0.8688 0.8688 0.8688 0.8688 0.8688
3766.000000 0.8688 0.8687 0.8687 0.8687 0.8687
3771.000000 0.8687 0.8687 0.8687 0.8687 0.8687
3776.000000 0.8688 0.8688 0.8688 0.8688 0.8688
3781.000000 0.8688 0.8688 0.8688 0.8689 0.8689
3786.000000 0.8689 0.8689 0.8689 0.8690 0.8691
3791.000000 0.8691 0.8692 0.8693 0.8694 0.8694
3796.000000 0.8695 0.8696 0.8697 0.8697 0.8698
3801.000000 0.8699 0.8700 0.8700 0.8701 0.8702
3806.000000 0.8703 0.8703 0.8704
##END=
