##TITLE=1-ETHYNYLCYCLOHEXANOL
##JCAMP-DX=4.24
##DATA TYPE=INFRARED SPECTRUM
##CLASS=COBLENTZ
##OWNER=COBLENTZ SOCIETY
Collection (C) 2018 copyright by the U.S. Secretary of Commerce
on behalf of the United States of America. All rights reserved.
##DATE=1960
##CAS REGISTRY NO=78-27-3
##MOLFORM=C8 H12 O
##SOURCE REFERENCE=COBLENTZ NO. 861
##$NIST SOURCE=COBLENTZ
##$NIST IMAGE=cob861
##SPECTROMETER/DATA SYSTEM=Not specified, most likely a prism, grating, or hybrid spectrometer.
##STATE=SOLID (MELT)
##SAMPLING PROCEDURE=TRANSMISSION
##RESOLUTION=4
##DATA PROCESSING=DIGITIZED BY NIST FROM HARD COPY
##XUNITS=MICROMETERS
##YUNITS=TRANSMITTANCE
##XFACTOR=1.000000
##YFACTOR=1
##DELTAX=000.006670
##FIRSTX=1.767
##LASTX=15.7404
##FIRSTY=0.846
##MAXX=15.7404
##MINX=1.767
##MAXY=0.977
##MINY=0.013
##NPOINTS=2096
##XYDATA=(X++(Y..Y))
1.767000 0.8460 0.8500 0.8510 0.8530 0.8540
1.800366 0.8460 0.8500 0.8510 0.8530 0.8540
1.833000 0.8570 0.8580 0.8610 0.8610 0.8610
1.866366 0.8610 0.8610 0.8620 0.8620 0.8620
1.900000 0.8620 0.8620 0.8620 0.8610 0.8610
1.933366 0.8620 0.8620 0.8620 0.8610 0.8610
1.967000 0.8580 0.8570 0.8550 0.8540 0.8540
2.000366 0.8550 0.8570 0.8570 0.8590 0.8620
2.033000 0.8620 0.8670 0.8670 0.8690 0.8700
2.066366 0.8700 0.8740 0.8740 0.8770 0.8770
2.100000 0.8770 0.8780 0.8780 0.8790 0.8790
2.133366 0.8810 0.8820 0.8830 0.8830 0.8820
2.167000 0.8820 0.8810 0.8790 0.8780 0.8670
2.200366 0.8590 0.8530 0.8450 0.8420 0.8430
2.233000 0.8450 0.8500 0.8510 0.8590 0.8610
2.266366 0.8570 0.8470 0.8470 0.8540 0.8620
2.300000 0.8650 0.8690 0.8690 0.8690 0.8700
2.333366 0.8710 0.8750 0.8780 0.8740 0.8690
2.367000 0.8650 0.8610 0.8660 0.8670 0.8660
2.400366 0.8660 0.8700 0.8730 0.8730 0.8700
2.434000 0.8700 0.8700 0.8700 0.8690 0.8650
2.467366 0.8620 0.8530 0.8470 0.8470 0.8500
2.500000 0.8540 0.8610 0.8660 0.8730 0.8790
2.533366 0.8820 0.8860 0.8890 0.8900 0.8910
2.567000 0.8930 0.8950 0.8950 0.8970 0.8970
2.600366 0.8950 0.8940 0.8930 0.8910 0.8900
2.634000 0.8890 0.8860 0.8830 0.8810 0.8790
2.667366 0.8730 0.8630 0.8530 0.8500 0.8060
2.700000 0.7930 0.7770 0.7200 0.7030 0.6420
2.733366 0.6070 0.5900 0.5640 0.5400 0.5030
2.767000 0.4490 0.4210 0.4050 0.3840 0.3630
2.800366 0.3430 0.3190 0.3050 0.2890 0.2730
2.834000 0.2590 0.2420 0.2250 0.2090 0.1930
2.867366 0.1770 0.1530 0.1460 0.1370 0.1330
2.900000 0.1280 0.1250 0.1220 0.1210 0.1200
2.933366 0.1200 0.1250 0.1290 0.1320 0.1340
2.967000 0.1330 0.1170 0.1040 0.0850 0.0730
3.000366 0.0680 0.0660 0.0690 0.1090 0.1460
3.034000 0.1620 0.1770 0.2320 0.2790 0.3110
3.067366 0.3250 0.3400 0.4000 0.4130 0.4830
3.101000 0.5510 0.5500 0.5600 0.6020 0.6430
3.134366 0.6550 0.6670 0.6840 0.7100 0.7300
3.167000 0.7400 0.7530 0.7750 0.7910 0.8050
3.200366 0.8150 0.8230 0.8300 0.8330 0.8340
3.234000 0.8350 0.8390 0.8410 0.8410 0.8350
3.267366 0.8210 0.8100 0.8030 0.7860 0.7790
3.301000 0.7400 0.7150 0.6040 0.5630 0.5020
3.334366 0.3840 0.2570 0.2140 0.1000 0.0160
3.367000 0.0130 0.0160 0.0540 0.0920 0.1300
3.400366 0.1490 0.1680 0.2010 0.3030 0.3150
3.434000 0.3150 0.2420 0.1820 0.1780 0.1720
3.467366 0.1720 0.2730 0.3750 0.4610 0.5480
3.501000 0.6390 0.6800 0.7200 0.7220 0.7240
3.534366 0.7270 0.7340 0.7460 0.7590 0.7820
3.567000 0.8020 0.8130 0.8180 0.8330 0.8380
3.600366 0.8420 0.8450 0.8470 0.8510 0.8530
3.634000 0.8540 0.8570 0.8570 0.8610 0.8590
3.667366 0.8540 0.8430 0.8340 0.8070 0.7950
3.701000 0.7950 0.7970 0.8010 0.8250 0.8340
3.734366 0.8430 0.8530 0.8590 0.8650 0.8670
3.768000 0.8700 0.8700 0.8690 0.8690 0.8670
3.801366 0.8660 0.8660 0.8700 0.8750 0.8810
3.834000 0.8830 0.8860 0.8890 0.8930 0.8950
3.867366 0.8990 0.9020 0.9050 0.9100 0.9100
3.901000 0.9130 0.9130 0.9110 0.9110 0.9070
3.934366 0.9070 0.9060 0.9060 0.9090 0.9110
3.968000 0.9130 0.9170 0.9170 0.9170 0.9180
4.001366 0.9210 0.9260 0.9300 0.9340 0.9370
4.034000 0.9390 0.9390 0.9390 0.9380 0.9380
4.067366 0.9370 0.9350 0.9350 0.9340 0.9310
4.101000 0.9310 0.9350 0.9370 0.9380 0.9390
4.134366 0.9410 0.9410 0.9390 0.9390 0.9380
4.168000 0.9370 0.9350 0.9370 0.9370 0.9380
4.201366 0.9390 0.9420 0.9420 0.9420 0.9430
4.234000 0.9430 0.9380 0.9380 0.9410 0.9430
4.267366 0.9430 0.9430 0.9450 0.9460 0.9470
4.301000 0.9470 0.9490 0.9500 0.9510 0.9530
4.334366 0.9530 0.9530 0.9540 0.9550 0.9570
4.368000 0.9580 0.9590 0.9620 0.9620 0.9590
4.401366 0.9580 0.9540 0.9530 0.9510 0.9500
4.435000 0.9490 0.9490 0.9510 0.9510 0.9530
4.468366 0.9540 0.9540 0.9540 0.9540 0.9550
4.501000 0.9550 0.9580 0.9590 0.9610 0.9620
4.534366 0.9620 0.9620 0.9620 0.9620 0.9620
4.568000 0.9620 0.9620 0.9610 0.9590 0.9580
4.601366 0.9570 0.9550 0.9530 0.9510 0.9500
4.635000 0.9490 0.9460 0.9410 0.9370 0.9270
4.668366 0.9230 0.9150 0.9110 0.8990 0.8830
4.701000 0.8730 0.8670 0.8660 0.8660 0.8730
4.734366 0.8910 0.9050 0.9270 0.9390 0.9500
4.768000 0.9510 0.9550 0.9610 0.9630 0.9650
4.801366 0.9660 0.9670 0.9670 0.9670 0.9670
4.835000 0.9670 0.9660 0.9660 0.9630 0.9610
4.868366 0.9590 0.9570 0.9540 0.9530 0.9510
4.901000 0.9540 0.9580 0.9580 0.9590 0.9620
4.934366 0.9620 0.9620 0.9620 0.9630 0.9630
4.968000 0.9630 0.9620 0.9570 0.9530 0.9530
5.001366 0.9630 0.9660 0.9660 0.9690 0.9700
5.035000 0.9710 0.9710 0.9710 0.9730 0.9730
5.068366 0.9740 0.9740 0.9740 0.9730 0.9710
5.102000 0.9670 0.9660 0.9650 0.9630 0.9620
5.135366 0.9620 0.9630 0.9650 0.9660 0.9670
5.168000 0.9700 0.9700 0.9710 0.9710 0.9730
5.201366 0.9730 0.9730 0.9730 0.9730 0.9730
5.235000 0.9730 0.9730 0.9730 0.9740 0.9740
5.268366 0.9740 0.9740 0.9740 0.9730 0.9730
5.302000 0.9730 0.9740 0.9750 0.9750 0.9750
5.335366 0.9750 0.9750 0.9750 0.9750 0.9750
5.368000 0.9750 0.9750 0.9750 0.9750 0.9750
5.401366 0.9740 0.9740 0.9740 0.9740 0.9740
5.435000 0.9740 0.9740 0.9740 0.9740 0.9740
5.468366 0.9740 0.9740 0.9740 0.9740 0.9740
5.502000 0.9740 0.9740 0.9740 0.9740 0.9740
5.535366 0.9740 0.9740 0.9740 0.9740 0.9740
5.568000 0.9740 0.9740 0.9740 0.9740 0.9740
5.601366 0.9750 0.9750 0.9750 0.9750 0.9750
5.635000 0.9750 0.9750 0.9750 0.9750 0.9750
5.668366 0.9750 0.9770 0.9770 0.9770 0.9770
5.702000 0.9770 0.9770 0.9770 0.9750 0.9750
5.735366 0.9740 0.9740 0.9730 0.9730 0.9710
5.769000 0.9700 0.9690 0.9660 0.9630 0.9590
5.802366 0.9570 0.9550 0.9530 0.9510 0.9470
5.835000 0.9430 0.9430 0.9420 0.9430 0.9430
5.868366 0.9450 0.9460 0.9490 0.9510 0.9510
5.902000 0.9500 0.9500 0.9470 0.9470 0.9470
5.935366 0.9470 0.9460 0.9460 0.9460 0.9450
5.969000 0.9450 0.9430 0.9430 0.9420 0.9410
6.002366 0.9380 0.9340 0.9330 0.9290 0.9250
6.035000 0.9220 0.9180 0.9140 0.9130 0.9110
6.068366 0.9090 0.9070 0.9070 0.9060 0.9060
6.102000 0.9050 0.9060 0.9070 0.9090 0.9100
6.135366 0.9110 0.9130 0.9140 0.9190 0.9250
6.169000 0.9270 0.9290 0.9300 0.9330 0.9340
6.202366 0.9370 0.9370 0.9390 0.9420 0.9430
6.236000 0.9450 0.9460 0.9460 0.9460 0.9460
6.269366 0.9460 0.9460 0.9460 0.9470 0.9470
6.302000 0.9470 0.9460 0.9460 0.9450 0.9450
6.335366 0.9450 0.9450 0.9450 0.9450 0.9450
6.369000 0.9450 0.9450 0.9450 0.9430 0.9450
6.402366 0.9450 0.9450 0.9450 0.9430 0.9430
6.436000 0.9410 0.9390 0.9340 0.9330 0.9310
6.469366 0.9310 0.9300 0.9300 0.9290 0.9250
6.502000 0.9230 0.9210 0.9180 0.9150 0.9130
6.535366 0.9110 0.9100 0.9090 0.9070 0.9060
6.569000 0.9020 0.8970 0.8950 0.8890 0.8860
6.602366 0.8820 0.8810 0.8780 0.8750 0.8740
6.636000 0.8700 0.8650 0.8620 0.8570 0.8530
6.669366 0.8470 0.8420 0.8380 0.8290 0.8220
6.702000 0.8170 0.8100 0.8050 0.7990 0.7890
6.735366 0.7780 0.7630 0.7390 0.7100 0.6860
6.769000 0.6380 0.6120 0.5980 0.5550 0.5280
6.802366 0.4710 0.4560 0.4310 0.4040 0.3710
6.836000 0.2930 0.2450 0.2000 0.1730 0.1440
6.869366 0.1420 0.1410 0.1410 0.1560 0.1690
6.903000 0.2200 0.2460 0.3010 0.3360 0.3710
6.936366 0.4090 0.4490 0.4730 0.4910 0.4970
6.969000 0.5030 0.5110 0.5140 0.5140 0.5100
7.002366 0.5040 0.4870 0.4830 0.4750 0.4720
7.036000 0.4640 0.4630 0.4560 0.4550 0.4520
7.069366 0.4450 0.4410 0.4390 0.4360 0.4330
7.103000 0.4290 0.4280 0.4250 0.4240 0.4230
7.136366 0.4210 0.4200 0.4200 0.4200 0.4230
7.169000 0.4240 0.4270 0.4280 0.4310 0.4330
7.202366 0.4370 0.4410 0.4440 0.4450 0.4520
7.236000 0.4550 0.4610 0.4670 0.4770 0.4870
7.269366 0.4990 0.5060 0.5120 0.5180 0.5240
7.303000 0.5240 0.5140 0.5000 0.4640 0.4470
7.336366 0.4150 0.3890 0.3630 0.3550 0.3430
7.369000 0.3350 0.3150 0.3090 0.2990 0.2920
7.402366 0.2800 0.2730 0.2730 0.2750 0.2830
7.436000 0.2840 0.2810 0.2750 0.2690 0.2650
7.469366 0.2640 0.2650 0.2760 0.3040 0.3230
7.503000 0.3290 0.3360 0.3510 0.3730 0.3890
7.536366 0.4030 0.4070 0.4130 0.4160 0.4240
7.570000 0.4280 0.4490 0.4610 0.4680 0.4920
7.603366 0.5000 0.5080 0.5140 0.5230 0.5300
7.636000 0.5350 0.5420 0.5460 0.5470 0.5520
7.669366 0.5540 0.5540 0.5500 0.5460 0.5390
7.703000 0.5320 0.5220 0.5100 0.4830 0.4670
7.736366 0.4520 0.4360 0.4200 0.4050 0.3920
7.770000 0.3800 0.3690 0.3610 0.3600 0.3600
7.803366 0.3600 0.3610 0.3650 0.3750 0.3850
7.836000 0.3950 0.3970 0.4000 0.4000 0.3850
7.869366 0.3750 0.3610 0.3530 0.3430 0.2950
7.903000 0.2800 0.2610 0.2240 0.2210 0.2210
7.936366 0.2220 0.2640 0.2910 0.3040 0.3190
7.970000 0.3330 0.3680 0.3990 0.4160 0.4350
8.003366 0.4530 0.4650 0.4730 0.4920 0.4970
8.036000 0.5030 0.5140 0.5350 0.5550 0.5630
8.069366 0.5750 0.5830 0.5950 0.6030 0.6140
8.103000 0.6260 0.6400 0.6460 0.6550 0.6640
8.136366 0.6720 0.6870 0.6940 0.7020 0.7070
8.170000 0.7140 0.7190 0.7240 0.7270 0.7300
8.203366 0.7340 0.7360 0.7380 0.7390 0.7390
8.237000 0.7390 0.7390 0.7390 0.7380 0.7360
8.270366 0.7350 0.7340 0.7300 0.7280 0.7260
8.303000 0.7200 0.7180 0.7150 0.7070 0.7030
8.336366 0.6950 0.6880 0.6820 0.6700 0.6280
8.370000 0.6180 0.6030 0.5860 0.5720 0.5510
8.403366 0.5260 0.5140 0.4720 0.4550 0.4430
8.437000 0.4350 0.4320 0.4320 0.4330 0.4370
8.470366 0.4410 0.4480 0.4560 0.4610 0.4690
8.503000 0.4750 0.4760 0.4730 0.4690 0.4550
8.536366 0.4450 0.4400 0.4280 0.4150 0.4070
8.570000 0.3970 0.3850 0.3650 0.3570 0.3400
8.603366 0.3090 0.2840 0.2840 0.2910 0.3000
8.637000 0.3250 0.3370 0.3490 0.3880 0.4210
8.670366 0.4530 0.4800 0.4920 0.5040 0.5230
8.703000 0.5480 0.5700 0.5780 0.5880 0.5900
8.736366 0.5840 0.5750 0.5640 0.5520 0.5390
8.770000 0.5080 0.4610 0.4400 0.4350 0.4330
8.803366 0.4410 0.4760 0.4890 0.5030 0.5190
8.837000 0.5430 0.5720 0.6040 0.6340 0.6630
8.870366 0.6750 0.6870 0.7040 0.7180 0.7280
8.904000 0.7390 0.7430 0.7500 0.7530 0.7540
8.937366 0.7570 0.7610 0.7610 0.7590 0.7590
8.970000 0.7580 0.7540 0.7510 0.7480 0.7430
9.003366 0.7350 0.7280 0.7200 0.7140 0.7060
9.037000 0.6980 0.6900 0.6800 0.6710 0.6480
9.070366 0.6360 0.6270 0.6160 0.6060 0.5900
9.104000 0.5760 0.5600 0.5430 0.5260 0.5070
9.137366 0.4670 0.4470 0.4250 0.4050 0.3840
9.170000 0.3610 0.3390 0.2920 0.2690 0.2480
9.203366 0.2260 0.2080 0.1890 0.1720 0.1450
9.237000 0.1340 0.1280 0.1200 0.1090 0.1050
9.270366 0.0970 0.0890 0.0780 0.0700 0.0620
9.304000 0.0540 0.0450 0.0380 0.0360 0.0340
9.337366 0.0330 0.0340 0.0380 0.0420 0.0450
9.370000 0.0520 0.0530 0.0570 0.0600 0.0620
9.403366 0.0640 0.0660 0.0690 0.0720 0.0770
9.437000 0.0820 0.0890 0.0980 0.1090 0.1240
9.470366 0.1380 0.1560 0.1640 0.1720 0.1900
9.504000 0.2060 0.2290 0.2570 0.3070 0.3210
9.537366 0.3320 0.3430 0.3570 0.3720 0.3840
9.571000 0.3870 0.3880 0.3870 0.3840 0.3760
9.604366 0.3640 0.3530 0.3400 0.3330 0.3120
9.637000 0.2990 0.2870 0.2730 0.2610 0.2530
9.670366 0.2530 0.2550 0.2760 0.2850 0.3110
9.704000 0.3350 0.4010 0.4350 0.4910 0.5080
9.737366 0.5260 0.5790 0.6150 0.6520 0.6630
9.771000 0.6740 0.6990 0.7140 0.7280 0.7470
9.804366 0.7570 0.7630 0.7690 0.7780 0.7830
9.837000 0.7870 0.7930 0.7970 0.7990 0.8060
9.870366 0.8060 0.8090 0.8130 0.8150 0.8180
9.904000 0.8210 0.8220 0.8230 0.8230 0.8260
9.937366 0.8270 0.8270 0.8270 0.8270 0.8290
9.971000 0.8290 0.8290 0.8290 0.8290 0.8270
10.004366 0.8260 0.8260 0.8230 0.8230 0.8210
10.037000 0.8180 0.8170 0.8150 0.8130 0.8070
10.070366 0.8060 0.8030 0.7990 0.7950 0.7910
10.104000 0.7850 0.7790 0.7780 0.7740 0.7650
10.137366 0.7580 0.7540 0.7430 0.7280 0.7190
10.171000 0.7040 0.6920 0.6790 0.6260 0.5950
10.204366 0.5640 0.5350 0.5070 0.4560 0.4310
10.238000 0.4030 0.3750 0.3430 0.2850 0.2570
10.271366 0.2240 0.2050 0.1800 0.1330 0.1010
10.304000 0.0770 0.0580 0.0420 0.0330 0.0240
10.337366 0.0140 0.0130 0.0130 0.0210 0.0300
10.371000 0.0440 0.0570 0.0730 0.0980 0.1090
10.404366 0.1140 0.1210 0.1240 0.1520 0.1780
10.438000 0.1940 0.2090 0.2280 0.2400 0.2450
10.471366 0.2480 0.2490 0.2520 0.2550 0.2600
10.504000 0.2630 0.2670 0.2680 0.2720 0.2800
10.537366 0.2930 0.3080 0.3240 0.3310 0.3370
10.571000 0.3480 0.3590 0.3710 0.3810 0.3990
10.604366 0.4050 0.4130 0.4250 0.4310 0.4330
10.638000 0.4480 0.4930 0.4970 0.5020 0.5230
10.671366 0.5390 0.5560 0.5720 0.5900 0.6040
10.704000 0.6200 0.6340 0.6440 0.6550 0.6630
10.737366 0.6720 0.6800 0.6880 0.6950 0.7040
10.771000 0.7220 0.7340 0.7440 0.7550 0.7620
10.804366 0.7690 0.7710 0.7770 0.7810 0.7850
10.838000 0.7870 0.7910 0.7950 0.7980 0.7980
10.871366 0.7970 0.7970 0.7950 0.7950 0.7930
10.905000 0.7930 0.7900 0.7850 0.7790 0.7710
10.938366 0.7650 0.7530 0.7430 0.7310 0.7160
10.971000 0.7080 0.6990 0.6720 0.6020 0.5320
11.004366 0.4320 0.3810 0.3790 0.3750 0.3390
11.038000 0.2680 0.2670 0.2690 0.2840 0.3110
11.071366 0.3230 0.3330 0.4070 0.4400 0.4770
11.105000 0.5140 0.5940 0.6600 0.6820 0.7020
11.138366 0.7340 0.7570 0.7780 0.7990 0.8140
11.171000 0.8250 0.8330 0.8370 0.8390 0.8470
11.204366 0.8540 0.8620 0.8650 0.8660 0.8690
11.238000 0.8700 0.8730 0.8780 0.8790 0.8820
11.271366 0.8830 0.8850 0.8860 0.8870 0.8890
11.305000 0.8900 0.8910 0.8940 0.8940 0.8950
11.338366 0.8950 0.8970 0.8970 0.8980 0.8980
11.371000 0.8990 0.8990 0.9010 0.9010 0.9010
11.404366 0.9010 0.9010 0.9010 0.9020 0.9020
11.438000 0.9020 0.9020 0.9020 0.9020 0.9020
11.471366 0.9020 0.9020 0.9010 0.9010 0.9010
11.505000 0.8990 0.8980 0.8970 0.8940 0.8930
11.538366 0.8910 0.8870 0.8860 0.8830 0.8790
11.572000 0.8770 0.8740 0.8710 0.8700 0.8650
11.605366 0.8550 0.8430 0.8370 0.8150 0.8060
11.638000 0.7970 0.7830 0.7710 0.7530 0.7300
11.671366 0.6990 0.6710 0.6140 0.5870 0.5550
11.705000 0.5230 0.4570 0.4330 0.3650 0.3630
11.738366 0.3560 0.3550 0.3560 0.3850 0.4240
11.772000 0.4640 0.4880 0.5120 0.5520 0.6040
11.805366 0.6630 0.6860 0.7070 0.7340 0.7650
11.838000 0.7780 0.7860 0.8030 0.8110 0.8190
11.871366 0.8260 0.8310 0.8330 0.8340 0.8340
11.905000 0.8380 0.8380 0.8340 0.8250 0.8180
11.938366 0.8130 0.8050 0.7970 0.7900 0.7780
11.972000 0.7700 0.7590 0.7500 0.7400 0.7300
12.005366 0.7180 0.7150 0.7150 0.7310 0.7420
12.038000 0.7540 0.7620 0.7730 0.7780 0.7830
12.071366 0.7860 0.7860 0.7830 0.7790 0.7750
12.105000 0.7710 0.7710 0.7700 0.7700 0.7710
12.138366 0.7730 0.7750 0.7820 0.7870 0.7990
12.172000 0.8030 0.8090 0.8170 0.8190 0.8260
12.205366 0.8300 0.8340 0.8350 0.8380 0.8420
12.239000 0.8430 0.8450 0.8460 0.8470 0.8490
12.272366 0.8490 0.8500 0.8510 0.8530 0.8530
12.305000 0.8530 0.8530 0.8530 0.8530 0.8530
12.338366 0.8510 0.8510 0.8500 0.8500 0.8490
12.372000 0.8490 0.8470 0.8470 0.8470 0.8460
12.405366 0.8460 0.8460 0.8460 0.8460 0.8460
12.439000 0.8460 0.8460 0.8460 0.8460 0.8470
12.472366 0.8490 0.8490 0.8500 0.8500 0.8500
12.505000 0.8500 0.8500 0.8500 0.8500 0.8490
12.538366 0.8490 0.8470 0.8470 0.8460 0.8450
12.572000 0.8430 0.8430 0.8420 0.8410 0.8380
12.605366 0.8370 0.8340 0.8290 0.8270 0.8250
12.639000 0.8220 0.8170 0.8100 0.8060 0.7990
12.672366 0.7930 0.7850 0.7770 0.7690 0.7580
12.705000 0.7420 0.7300 0.7070 0.7040 0.6980
12.738366 0.6820 0.6700 0.6600 0.6600 0.6620
12.772000 0.6660 0.6750 0.6840 0.7040 0.7200
12.805366 0.7350 0.7500 0.7620 0.7710 0.7770
12.839000 0.7850 0.7860 0.7890 0.7900 0.7910
12.872366 0.7910 0.7910 0.7890 0.7870 0.7860
12.906000 0.7850 0.7820 0.7820 0.7820 0.7820
12.939366 0.7830 0.7850 0.7860 0.7870 0.7890
12.972000 0.7930 0.7940 0.7940 0.7970 0.7970
13.005366 0.7980 0.7980 0.7980 0.7980 0.7980
13.039000 0.7970 0.7970 0.7970 0.7950 0.7950
13.072366 0.7940 0.7940 0.7930 0.7930 0.7910
13.106000 0.7910 0.7900 0.7900 0.7870 0.7870
13.139366 0.7860 0.7850 0.7850 0.7830 0.7820
13.172000 0.7810 0.7790 0.7780 0.7770 0.7750
13.205366 0.7740 0.7710 0.7700 0.7690 0.7670
13.239000 0.7660 0.7650 0.7630 0.7620 0.7610
13.272366 0.7590 0.7580 0.7570 0.7550 0.7540
13.306000 0.7510 0.7510 0.7500 0.7480 0.7470
13.339366 0.7460 0.7440 0.7430 0.7420 0.7400
13.372000 0.7380 0.7380 0.7350 0.7340 0.7320
13.405366 0.7280 0.7240 0.7220 0.7190 0.7180
13.439000 0.7150 0.7140 0.7120 0.7110 0.7080
13.472366 0.7060 0.7040 0.7030 0.7020 0.6990
13.506000 0.6960 0.6920 0.6910 0.6900 0.6870
13.539366 0.6860 0.6860 0.6840 0.6800 0.6780
13.573000 0.6760 0.6750 0.6740 0.6720 0.6700
13.606366 0.6670 0.6630 0.6620 0.6590 0.6580
13.639000 0.6560 0.6540 0.6520 0.6500 0.6480
13.672366 0.6460 0.6430 0.6420 0.6400 0.6350
13.706000 0.6320 0.6310 0.6280 0.6270 0.6240
13.739366 0.6220 0.6190 0.6160 0.6120 0.6120
13.773000 0.6110 0.6100 0.6060 0.6040 0.6020
13.806366 0.5980 0.5980 0.5960 0.5950 0.5920
13.839000 0.5910 0.5860 0.5840 0.5830 0.5800
13.872366 0.5780 0.5750 0.5720 0.5710 0.5710
13.906000 0.5660 0.5630 0.5600 0.5560 0.5540
13.939366 0.5520 0.5500 0.5460 0.5440 0.5420
13.973000 0.5360 0.5350 0.5310 0.5280 0.5270
14.006366 0.5260 0.5240 0.5190 0.5160 0.5150
14.040000 0.5120 0.5120 0.5100 0.5070 0.5060
14.073366 0.5020 0.5020 0.5000 0.4970 0.4960
14.106000 0.4950 0.4930 0.4920 0.4910 0.4890
14.139366 0.4890 0.4880 0.4870 0.4870 0.4850
14.173000 0.4840 0.4830 0.4810 0.4800 0.4770
14.206366 0.4750 0.4750 0.4720 0.4710 0.4690
14.240000 0.4670 0.4650 0.4640 0.4640 0.4600
14.273366 0.4590 0.4570 0.4550 0.4530 0.4520
14.306000 0.4490 0.4480 0.4470 0.4440 0.4410
14.339366 0.4390 0.4370 0.4360 0.4330 0.4310
14.373000 0.4290 0.4270 0.4250 0.4230 0.4200
14.406366 0.4170 0.4150 0.4130 0.4120 0.4110
14.440000 0.4080 0.4040 0.4030 0.4010 0.4000
14.473366 0.3970 0.3920 0.3890 0.3870 0.3840
14.506000 0.3830 0.3800 0.3790 0.3760 0.3730
14.539366 0.3710 0.3690 0.3650 0.3610 0.3610
14.573000 0.3590 0.3550 0.3530 0.3510 0.3510
14.606366 0.3490 0.3440 0.3410 0.3390 0.3370
14.640000 0.3360 0.3310 0.3280 0.3270 0.3240
14.673366 0.3210 0.3200 0.3170 0.3150 0.3120
14.707000 0.3080 0.3050 0.3030 0.2990 0.2950
14.740366 0.2910 0.2890 0.2840 0.2830 0.2790
14.773000 0.2750 0.2720 0.2690 0.2680 0.2640
14.806366 0.2600 0.2570 0.2530 0.2520 0.2510
14.840000 0.2490 0.2480 0.2460 0.2450 0.2420
14.873366 0.2400 0.2370 0.2340 0.2340 0.2320
14.907000 0.2290 0.2240 0.2210 0.2180 0.2160
14.940366 0.2130 0.2100 0.2080 0.2050 0.2020
14.973000 0.2010 0.2000 0.1980 0.1970 0.1940
15.006366 0.1930 0.1890 0.1890 0.1880 0.1860
15.040000 0.1850 0.1840 0.1810 0.1800 0.1780
15.073366 0.1740 0.1720 0.1690 0.1640 0.1610
15.107000 0.1540 0.1520 0.1490 0.1450 0.1410
15.140366 0.1400 0.1360 0.1330 0.1320 0.1300
15.173000 0.1290 0.1260 0.1240 0.1220 0.1210
15.206366 0.1200 0.1180 0.1180 0.1170 0.1160
15.240000 0.1140 0.1120 0.1090 0.1080 0.1060
15.273366 0.1060 0.1050 0.1040 0.1040 0.1020
15.307000 0.1010 0.1010 0.1010 0.1000 0.1000
15.340366 0.0980 0.0980 0.0970 0.0970 0.0960
15.374000 0.0960 0.0940 0.0940 0.0930 0.0930
15.407366 0.0930 0.0930 0.0930 0.0930 0.0930
15.440000 0.0930 0.0930 0.0930 0.0930 0.0930
15.473366 0.0930 0.0930 0.0940 0.0940 0.0940
15.507000 0.0960 0.0960 0.0960 0.0960 0.0970
15.540366 0.0980 0.0980 0.1010 0.1020 0.1040
15.574000 0.1040 0.1040 0.1050 0.1060 0.1080
15.607366 0.1080 0.1100 0.1120 0.1120 0.1120
15.640000 0.1120 0.1100 0.1100 0.1100 0.1100
15.673366 0.1100 0.1100 0.1120 0.1130 0.1140
15.707000 0.1140 0.1140 0.1140 0.1130 0.1130
15.740366 0.1120
##END=
