##TITLE=CYCLODECYLAMINE, N-METHYL-
##JCAMP-DX=4.24
##DATA TYPE=INFRARED SPECTRUM
##CLASS=COBLENTZ III
##ORIGIN=DOW CHEMICAL COMPANY
##OWNER=COBLENTZ SOC.
Collection (C) 2018 copyright by the U.S. Secretary of Commerce
on behalf of the United States of America. All rights reserved.
##DATE=1966/01/25
##CAS REGISTRY NO=80789-66-8
##MOLFORM=C11 H23 N
##SOURCE REFERENCE=COBLENTZ NO. 07062
##$NIST SOURCE=COBLENTZ
##$NIST IMAGE=cob7062
##SPECTROMETER/DATA SYSTEM=DOW KBr FOREPRISM-GRATING
##INSTRUMENT PARAMETERS=BLAZED AT 3.5, 12.0, 20.0 MICRON AND CHANGED AT 5.0, 7.5, 14.9 MICRON
##STATE=LIQUID (NEAT)
$$ 98% PURE
##PATH LENGTH=CAPILLARY
$$SPECTRAL CONTAMINATION DUE TO AN UNKNOWN AROUND 2320 CM^-^1
##SAMPLING PROCEDURE=TRANSMISSION
##RESOLUTION=2
##DATA PROCESSING=DIGITIZED BY COBLENTZ SOCIETY (BATCH I) FROM HARD COPY
##XUNITS=1/CM
##YUNITS=TRANSMITTANCE
##XLABEL=Wavenumbers (cm-1)
##YLABEL=% Transmission
##XFACTOR=1
##YFACTOR=1
##DELTAX=1
##FIRSTX=382
##LASTX=3800
##FIRSTY=0.8882
##MAXX=3800
##MINX=382
##MAXY=0.9531
##MINY=0.036
##NPOINTS=3419
##XYDATA=(X++(Y..Y))
382.000000 0.8882 0.8888 0.8894 0.8900 0.8906
387.000000 0.8910 0.8914 0.8918 0.8921 0.8925
392.000000 0.8930 0.8932 0.8932 0.8932 0.8932
397.000000 0.8932 0.8932 0.8932 0.8932 0.8932
402.000000 0.8932 0.8932 0.8933 0.8933 0.8933
407.000000 0.8934 0.8934 0.8935 0.8935 0.8935
412.000000 0.8936 0.8936 0.8936 0.8935 0.8933
417.000000 0.8932 0.8931 0.8930 0.8928 0.8928
422.000000 0.8927 0.8925 0.8925 0.8924 0.8921
427.000000 0.8921 0.8921 0.8920 0.8920 0.8918
432.000000 0.8918 0.8918 0.8918 0.8917 0.8917
437.000000 0.8916 0.8916 0.8915 0.8915 0.8915
442.000000 0.8915 0.8915 0.8915 0.8915 0.8915
447.000000 0.8915 0.8915 0.8915 0.8915 0.8915
452.000000 0.8915 0.8915 0.8915 0.8915 0.8915
457.000000 0.8916 0.8917 0.8918 0.8920 0.8921
462.000000 0.8921 0.8923 0.8924 0.8925 0.8925
467.000000 0.8928 0.8928 0.8930 0.8938 0.8948
472.000000 0.8967 0.8986 0.9006 0.9025 0.9046
477.000000 0.9066 0.9087 0.9101 0.9112 0.9124
482.000000 0.9135 0.9147 0.9158 0.9168 0.9181
487.000000 0.9192 0.9192 0.9192 0.9191 0.9190
492.000000 0.9189 0.9188 0.9187 0.9186 0.9185
497.000000 0.9183 0.9188 0.9175 0.9171 0.9168
502.000000 0.9165 0.9161 0.9158 0.9154 0.9150
507.000000 0.9147 0.9143 0.9139 0.9132 0.9125
512.000000 0.9118 0.9118 0.9118 0.9125 0.9133
517.000000 0.9140 0.9147 0.9154 0.9161 0.9167
522.000000 0.9175 0.9194 0.9213 0.9232 0.9251
527.000000 0.9271 0.9295 0.9316 0.9328 0.9339
532.000000 0.9348 0.9351 0.9353 0.9356 0.9359
537.000000 0.9361 0.9364 0.9366 0.9368 0.9370
542.000000 0.9373 0.9373 0.9371 0.9371 0.9371
547.000000 0.9371 0.9370 0.9368 0.9367 0.9364
552.000000 0.9362 0.9360 0.9358 0.9355 0.9348
557.000000 0.9340 0.9332 0.9325 0.9317 0.9309
562.000000 0.9302 0.9287 0.9271 0.9255 0.9238
567.000000 0.9221 0.9206 0.9182 0.9154 0.9127
572.000000 0.9099 0.9071 0.9075 0.9097 0.9117
577.000000 0.9137 0.9156 0.9174 0.9193 0.9211
582.000000 0.9228 0.9248 0.9263 0.9271 0.9280
587.000000 0.9288 0.9291 0.9294 0.9296 0.9298
592.000000 0.9300 0.9302 0.9305 0.9307 0.9314
597.000000 0.9328 0.9342 0.9356 0.9370 0.9386
602.000000 0.9401 0.9417 0.9432 0.9442 0.9452
607.000000 0.9462 0.9471 0.9482 0.9489 0.9496
612.000000 0.9503 0.9509 0.9515 0.9518 0.9521
617.000000 0.9525 0.9528 0.9531 0.9531 0.9530
622.000000 0.9530 0.9528 0.9527 0.9525 0.9521
627.000000 0.9518 0.9514 0.9510 0.9506 0.9503
632.000000 0.9499 0.9495 0.9488 0.9478 0.9470
637.000000 0.9461 0.9452 0.9443 0.9431 0.9420
642.000000 0.9408 0.9397 0.9386 0.9374 0.9363
647.000000 0.9352 0.9339 0.9320 0.9301 0.9283
652.000000 0.9264 0.9246 0.9227 0.9208 0.9187
657.000000 0.9163 0.9140 0.9116 0.9092 0.9068
662.000000 0.9021 0.8973 0.8925 0.8873 0.8818
667.000000 0.8760 0.8688 0.8609 0.8530 0.8441
672.000000 0.8069 0.8008 0.7947 0.7900 0.7862
677.000000 0.7828 0.7795 0.7761 0.7728 0.7697
682.000000 0.7665 0.7633 0.7603 0.7575 0.7550
687.000000 0.7522 0.7496 0.7468 0.7440 0.7403
692.000000 0.7358 0.7311 0.7288 0.7289 0.7289
697.000000 0.7292 0.7298 0.7305 0.7310 0.7314
702.000000 0.7303 0.7285 0.7258 0.7231 0.7205
707.000000 0.7175 0.7128 0.7084 0.7044 0.7000
712.000000 0.6949 0.6896 0.6843 0.6800 0.6761
717.000000 0.6724 0.6675 0.6633 0.6611 0.6590
722.000000 0.6575 0.6568 0.6565 0.6561 0.6547
727.000000 0.6580 0.6588 0.6597 0.6608 0.6618
732.000000 0.6630 0.6641 0.6658 0.6678 0.6699
737.000000 0.6721 0.6744 0.6767 0.6794 0.6822
742.000000 0.6853 0.6883 0.6912 0.6942 0.6988
747.000000 0.7040 0.7067 0.7094 0.7121 0.7149
752.000000 0.7176 0.7204 0.7231 0.7258 0.7288
757.000000 0.7324 0.7367 0.7418 0.7440 0.7462
762.000000 0.7483 0.7496 0.7508 0.7521 0.7531
767.000000 0.7539 0.7544 0.7546 0.7547 0.7548
772.000000 0.7549 0.7549 0.7549 0.7548 0.7545
777.000000 0.7542 0.7532 0.7518 0.7475 0.7361
782.000000 0.7236 0.7149 0.7048 0.6954 0.6944
787.000000 0.6971 0.6949 0.6960 0.7005 0.7124
792.000000 0.7289 0.7465 0.7571 0.7658 0.7705
797.000000 0.7748 0.7795 0.7844 0.7882 0.7921
802.000000 0.7957 0.7978 0.7989 0.7997 0.8001
807.000000 0.8006 0.8005 0.8004 0.8003 0.8001
812.000000 0.8001 0.8000 0.7999 0.8007 0.8028
817.000000 0.8056 0.8086 0.8117 0.8151 0.8188
822.000000 0.8210 0.8233 0.8256 0.8277 0.8299
827.000000 0.8320 0.8340 0.8359 0.8378 0.8397
832.000000 0.8417 0.8437 0.8457 0.8475 0.8490
837.000000 0.8493 0.8497 0.8501 0.8504 0.8507
842.000000 0.8506 0.8505 0.8505 0.8505 0.8507
847.000000 0.8509 0.8511 0.8513 0.8515 0.8521
852.000000 0.8531 0.8541 0.8551 0.8561 0.8571
857.000000 0.8581 0.8591 0.8601 0.8611 0.8620
862.000000 0.8630 0.8640 0.8649 0.8659 0.8668
867.000000 0.8678 0.8685 0.8691 0.8697 0.8686
872.000000 0.8692 0.8648 0.8631 0.8613 0.8596
877.000000 0.8578 0.8561 0.8544 0.8527 0.8514
882.000000 0.8502 0.8496 0.8494 0.8493 0.8491
887.000000 0.8491 0.8495 0.8499 0.8503 0.8507
892.000000 0.8511 0.8514 0.8518 0.8521 0.8524
897.000000 0.8527 0.8530 0.8535 0.8542 0.8549
902.000000 0.8556 0.8562 0.8568 0.8575 0.8583
907.000000 0.8589 0.8597 0.8604 0.8611 0.8618
912.000000 0.8625 0.8627 0.8627 0.8627 0.8625
917.000000 0.8625 0.8623 0.8621 0.8620 0.8618
922.000000 0.8616 0.8614 0.8612 0.8610 0.8607
927.000000 0.8599 0.8592 0.8586 0.8580 0.8574
932.000000 0.8568 0.8570 0.8571 0.8575 0.8578
937.000000 0.8580 0.8604 0.8628 0.8654 0.8675
942.000000 0.8686 0.8671 0.8656 0.8637 0.8618
947.000000 0.8598 0.8578 0.8560 0.8544 0.8528
952.000000 0.8511 0.8495 0.8478 0.8459 0.8439
957.000000 0.8418 0.8398 0.8371 0.8357 0.8363
962.000000 0.8374 0.8388 0.8411 0.8441 0.8475
967.000000 0.8510 0.8555 0.8577 0.8577 0.8577
972.000000 0.8575 0.8574 0.8570 0.8564 0.8558
977.000000 0.8552 0.8544 0.8536 0.8505 0.8461
982.000000 0.8406 0.8345 0.8258 0.8230 0.8202
987.000000 0.8193 0.8184 0.8175 0.8169 0.8165
992.000000 0.8158 0.8155 0.8151 0.8149 0.8147
997.000000 0.8144 0.8141 0.8138 0.8137 0.8145
1002.000000 0.8153 0.8165 0.8180 0.8195 0.8209
1007.000000 0.8212 0.8213 0.8212 0.8212 0.8209
1012.000000 0.8198 0.8187 0.8176 0.8160 0.8138
1017.000000 0.8117 0.8095 0.8072 0.8051 0.8039
1022.000000 0.8039 0.8039 0.8046 0.8053 0.8060
1027.000000 0.8071 0.8085 0.8099 0.8117 0.8139
1032.000000 0.8161 0.8190 0.8220 0.8253 0.8292
1037.000000 0.8332 0.8380 0.8418 0.8456 0.8493
1042.000000 0.8508 0.8508 0.8506 0.8502 0.8498
1047.000000 0.8494 0.8491 0.8489 0.8485 0.8480
1052.000000 0.8475 0.8468 0.8452 0.8432 0.8402
1057.000000 0.8373 0.8343 0.8313 0.8278 0.8242
1062.000000 0.8206 0.8172 0.8141 0.8108 0.8075
1067.000000 0.8039 0.8001 0.7965 0.7931 0.7897
1072.000000 0.7861 0.7826 0.7793 0.7758 0.7725
1077.000000 0.7693 0.7665 0.7639 0.7614 0.7588
1082.000000 0.7561 0.7535 0.7500 0.7465 0.7426
1087.000000 0.7384 0.7341 0.7278 0.7211 0.7149
1092.000000 0.7099 0.7048 0.6997 0.6971 0.6947
1097.000000 0.6921 0.6903 0.6897 0.6892 0.6889
1102.000000 0.6886 0.6872 0.6856 0.6826 0.6784
1107.000000 0.6734 0.6678 0.6618 0.6567 0.6535
1112.000000 0.6518 0.6507 0.6499 0.6497 0.6494
1117.000000 0.6492 0.6490 0.6484 0.6474 0.6371
1122.000000 0.6264 0.6157 0.6060 0.5988 0.5926
1127.000000 0.5862 0.5796 0.5727 0.5636 0.5593
1132.000000 0.5572 0.5588 0.5609 0.5662 0.5700
1137.000000 0.6072 0.6266 0.6430 0.6582 0.6749
1142.000000 0.6946 0.7005 0.7028 0.7051 0.7075
1147.000000 0.7097 0.7111 0.7128 0.7143 0.7158
1152.000000 0.7174 0.7191 0.7221 0.7253 0.7285
1157.000000 0.7319 0.7368 0.7426 0.7721 0.7747
1162.000000 0.7765 0.7778 0.7790 0.7803 0.7815
1167.000000 0.7825 0.7831 0.7836 0.7842 0.7848
1172.000000 0.7854 0.7860 0.7867 0.7875 0.7882
1177.000000 0.7889 0.7895 0.7901 0.7908 0.7914
1182.000000 0.7919 0.7925 0.7928 0.7928 0.7911
1187.000000 0.7933 0.7935 0.7936 0.7933 0.7928
1192.000000 0.7925 0.7922 0.7911 0.7898 0.7885
1197.000000 0.7871 0.7845 0.7818 0.7800 0.7786
1202.000000 0.7778 0.7778 0.7778 0.7778 0.7781
1207.000000 0.7783 0.7785 0.7789 0.7793 0.7797
1212.000000 0.7801 0.7805 0.7808 0.7812 0.7822
1217.000000 0.7840 0.7856 0.7871 0.7887 0.7901
1222.000000 0.7915 0.7921 0.7926 0.7930 0.7930
1227.000000 0.7930 0.7930 0.7930 0.7928 0.7926
1232.000000 0.7925 0.7922 0.7921 0.7919 0.7915
1237.000000 0.7911 0.7907 0.7901 0.7898 0.7894
1242.000000 0.7887 0.7881 0.7875 0.7868 0.7861
1247.000000 0.7856 0.7856 0.7856 0.7856 0.7862
1252.000000 0.7876 0.7891 0.7907 0.7924 0.7936
1257.000000 0.7940 0.7941 0.7942 0.7935 0.7928
1262.000000 0.7921 0.7914 0.7907 0.7898 0.7890
1267.000000 0.7881 0.7865 0.7848 0.7831 0.7812
1272.000000 0.7789 0.7761 0.7736 0.7708 0.7678
1277.000000 0.7648 0.7618 0.7601 0.7587 0.7572
1282.000000 0.7558 0.7546 0.7539 0.7532 0.7525
1287.000000 0.7519 0.7515 0.7510 0.7510 0.7533
1292.000000 0.7575 0.7641 0.7668 0.7676 0.7675
1297.000000 0.7674 0.7667 0.7660 0.7649 0.7633
1302.000000 0.7603 0.7567 0.7521 0.7485 0.7448
1307.000000 0.7411 0.7393 0.7390 0.7388 0.7385
1312.000000 0.7386 0.7386 0.7388 0.7390 0.7376
1317.000000 0.7339 0.7293 0.7271 0.7256 0.7241
1322.000000 0.7225 0.7211 0.7205 0.7198 0.7192
1327.000000 0.7190 0.7188 0.7186 0.7167 0.7121
1332.000000 0.7075 0.6969 0.6901 0.6871 0.6828
1337.000000 0.6800 0.6771 0.6742 0.6706 0.6662
1342.000000 0.6611 0.6546 0.6478 0.6415 0.6359
1347.000000 0.6307 0.6288 0.6290 0.6296 0.6320
1352.000000 0.6348 0.6352 0.6331 0.6312 0.6296
1357.000000 0.6280 0.6260 0.6242 0.6223 0.6203
1362.000000 0.6182 0.6160 0.6139 0.6125 0.6110
1367.000000 0.6097 0.6098 0.6098 0.6117 0.6165
1372.000000 0.6237 0.6410 0.6621 0.6990 0.7049
1377.000000 0.7101 0.7153 0.7205 0.7261 0.7288
1382.000000 0.7293 0.7297 0.7299 0.7326 0.7400
1387.000000 0.7461 0.7518 0.7598 0.7649 0.7678
1392.000000 0.7707 0.7734 0.7760 0.7771 0.7781
1397.000000 0.7789 0.7795 0.7801 0.7808 0.7814
1402.000000 0.7805 0.7811 0.7808 0.7803 0.7797
1407.000000 0.7790 0.7780 0.7767 0.7753 0.7732
1412.000000 0.7710 0.7681 0.7651 0.7614 0.7568
1417.000000 0.7501 0.7371 0.7134 0.7114 0.7108
1422.000000 0.7104 0.7101 0.7097 0.7091 0.7071
1427.000000 0.7031 0.6957 0.6849 0.6642 0.6471
1432.000000 0.6262 0.5969 0.5804 0.5558 0.5359
1437.000000 0.5264 0.5170 0.5075 0.4924 0.4773
1442.000000 0.4523 0.4059 0.3482 0.3455 0.3456
1447.000000 0.3459 0.3437 0.3555 0.3758 0.3862
1452.000000 0.3922 0.3976 0.4021 0.4058 0.4093
1457.000000 0.4142 0.4223 0.4321 0.4403 0.4547
1462.000000 0.5205 0.5436 0.5482 0.5487 0.5502
1467.000000 0.5483 0.5477 0.5460 0.5282 0.5197
1472.000000 0.5079 0.4889 0.4766 0.4625 0.4464
1477.000000 0.4297 0.4007 0.3696 0.3291 0.3125
1482.000000 0.2754 0.2756 0.2734 0.2842 0.2977
1487.000000 0.3596 0.4101 0.4342 0.5239 0.5500
1492.000000 0.5734 0.5940 0.6093 0.6252 0.6389
1497.000000 0.6534 0.6734 0.6925 0.7069 0.7188
1502.000000 0.7258 0.7330 0.7385 0.7437 0.7489
1507.000000 0.7515 0.7542 0.7568 0.7594 0.7621
1512.000000 0.7648 0.7675 0.7701 0.7730 0.7758
1517.000000 0.7784 0.7799 0.7814 0.7828 0.7840
1522.000000 0.7850 0.7861 0.7871 0.7882 0.7889
1527.000000 0.7894 0.7900 0.7906 0.7911 0.7917
1532.000000 0.7921 0.7926 0.7932 0.7937 0.7942
1537.000000 0.7947 0.7951 0.7958 0.7964 0.7969
1542.000000 0.7975 0.7982 0.7988 0.7993 0.7997
1547.000000 0.8000 0.8003 0.8007 0.8010 0.8012
1552.000000 0.8015 0.8018 0.8021 0.8025 0.8028
1557.000000 0.8031 0.8034 0.8038 0.8041 0.8045
1562.000000 0.8048 0.8051 0.8053 0.8056 0.8058
1567.000000 0.8061 0.8062 0.8065 0.8068 0.8069
1572.000000 0.8071 0.8075 0.8076 0.8078 0.8078
1577.000000 0.8080 0.8081 0.8082 0.8083 0.8084
1582.000000 0.8085 0.8086 0.8087 0.8088 0.8089
1587.000000 0.8091 0.8092 0.8092 0.8091 0.8089
1592.000000 0.8088 0.8087 0.8085 0.8084 0.8082
1597.000000 0.8080 0.8078 0.8075 0.8071 0.8068
1602.000000 0.8065 0.8062 0.8060 0.8058 0.8058
1607.000000 0.8058 0.8057 0.8056 0.8055 0.8055
1612.000000 0.8054 0.8053 0.8053 0.8053 0.8053
1617.000000 0.8053 0.8053 0.8053 0.8053 0.8053
1622.000000 0.8053 0.8053 0.8053 0.8053 0.8053
1627.000000 0.8053 0.8053 0.8054 0.8054 0.8054
1632.000000 0.8055 0.8055 0.8056 0.8056 0.8056
1637.000000 0.8058 0.8062 0.8067 0.8071 0.8075
1642.000000 0.8080 0.8085 0.8093 0.8101 0.8110
1647.000000 0.8118 0.8126 0.8135 0.8139 0.8140
1652.000000 0.8141 0.8143 0.8144 0.8145 0.8147
1657.000000 0.8148 0.8149 0.8151 0.8151 0.8154
1662.000000 0.8155 0.8157 0.8158 0.8160 0.8161
1667.000000 0.8162 0.8164 0.8165 0.8168 0.8168
1672.000000 0.8171 0.8171 0.8174 0.8175 0.8176
1677.000000 0.8178 0.8180 0.8182 0.8184 0.8185
1682.000000 0.8187 0.8187 0.8188 0.8188 0.8189
1687.000000 0.8189 0.8189 0.8190 0.8186 0.8175
1692.000000 0.8167 0.8157 0.8147 0.8144 0.8142
1697.000000 0.8140 0.8138 0.8136 0.8134 0.8131
1702.000000 0.8128 0.8128 0.8131 0.8133 0.8135
1707.000000 0.8137 0.8139 0.8141 0.8143 0.8151
1712.000000 0.8160 0.8168 0.8182 0.8199 0.8216
1717.000000 0.8233 0.8244 0.8254 0.8265 0.8275
1722.000000 0.8286 0.8296 0.8301 0.8304 0.8306
1727.000000 0.8308 0.8311 0.8313 0.8315 0.8318
1732.000000 0.8320 0.8321 0.8325 0.8327 0.8328
1737.000000 0.8332 0.8334 0.8336 0.8339 0.8341
1742.000000 0.8343 0.8346 0.8347 0.8349 0.8350
1747.000000 0.8352 0.8353 0.8355 0.8356 0.8358
1752.000000 0.8359 0.8360 0.8359 0.8358 0.8357
1757.000000 0.8355 0.8356 0.8357 0.8361 0.8364
1762.000000 0.8367 0.8371 0.8374 0.8378 0.8381
1767.000000 0.8384 0.8388 0.8391 0.8394 0.8398
1772.000000 0.8401 0.8405 0.8408 0.8409 0.8409
1777.000000 0.8409 0.8409 0.8409 0.8409 0.8409
1782.000000 0.8409 0.8409 0.8409 0.8409 0.8411
1787.000000 0.8412 0.8414 0.8416 0.8417 0.8418
1792.000000 0.8420 0.8421 0.8424 0.8425 0.8427
1797.000000 0.8428 0.8430 0.8432 0.8433 0.8435
1802.000000 0.8436 0.8438 0.8439 0.8440 0.8440
1807.000000 0.8440 0.8440 0.8441 0.8441 0.8441
1812.000000 0.8442 0.8442 0.8442 0.8442 0.8442
1817.000000 0.8443 0.8443 0.8443 0.8444 0.8445
1822.000000 0.8445 0.8446 0.8447 0.8447 0.8448
1827.000000 0.8449 0.8449 0.8450 0.8451 0.8451
1832.000000 0.8452 0.8453 0.8453 0.8454 0.8455
1837.000000 0.8455 0.8456 0.8457 0.8458 0.8458
1842.000000 0.8459 0.8460 0.8461 0.8461 0.8462
1847.000000 0.8463 0.8464 0.8464 0.8465 0.8466
1852.000000 0.8467 0.8468 0.8468 0.8470 0.8471
1857.000000 0.8473 0.8474 0.8475 0.8475 0.8477
1862.000000 0.8478 0.8478 0.8481 0.8482 0.8483
1867.000000 0.8484 0.8485 0.8486 0.8488 0.8489
1872.000000 0.8490 0.8490 0.8491 0.8492 0.8493
1877.000000 0.8494 0.8495 0.8496 0.8496 0.8497
1882.000000 0.8498 0.8499 0.8499 0.8499 0.8499
1887.000000 0.8498 0.8497 0.8497 0.8496 0.8495
1892.000000 0.8495 0.8494 0.8494 0.8493 0.8492
1897.000000 0.8492 0.8491 0.8490 0.8490 0.8489
1902.000000 0.8488 0.8488 0.8487 0.8487 0.8486
1907.000000 0.8485 0.8485 0.8484 0.8484 0.8484
1912.000000 0.8483 0.8483 0.8482 0.8482 0.8481
1917.000000 0.8481 0.8480 0.8480 0.8478 0.8478
1922.000000 0.8478 0.8478 0.8478 0.8477 0.8477
1927.000000 0.8475 0.8475 0.8475 0.8475 0.8474
1932.000000 0.8474 0.8473 0.8473 0.8473 0.8471
1937.000000 0.8471 0.8474 0.8475 0.8477 0.8478
1942.000000 0.8481 0.8483 0.8485 0.8487 0.8489
1947.000000 0.8491 0.8493 0.8495 0.8497 0.8499
1952.000000 0.8501 0.8497 0.8493 0.8487 0.8482
1957.000000 0.8475 0.8471 0.8466 0.8467 0.8467
1962.000000 0.8473 0.8485 0.8498 0.8510 0.8520
1967.000000 0.8530 0.8530 0.8530 0.8527 0.8523
1972.000000 0.8520 0.8516 0.8513 0.8510 0.8506
1977.000000 0.8503 0.8500 0.8497 0.8495 0.8492
1982.000000 0.8489 0.8486 0.8484 0.8481 0.8478
1987.000000 0.8475 0.8471 0.8468 0.8464 0.8461
1992.000000 0.8460 0.8460 0.8459 0.8455 0.8447
1997.000000 0.8440 0.8420 0.8389 0.8358 0.8309
2002.000000 0.8260 0.8231 0.8203 0.8174 0.8145
2007.000000 0.8131 0.8117 0.8115 0.8112 0.8111
2012.000000 0.8108 0.8108 0.8108 0.8108 0.8108
2017.000000 0.8108 0.8108 0.8108 0.8108 0.8108
2022.000000 0.8108 0.8108 0.8110 0.8110 0.8111
2027.000000 0.8111 0.8111 0.8111 0.8112 0.8114
2032.000000 0.8115 0.8115 0.8115 0.8115 0.8115
2037.000000 0.8115 0.8115 0.8115 0.8115 0.8115
2042.000000 0.8115 0.8115 0.8115 0.8115 0.8117
2047.000000 0.8117 0.8118 0.8118 0.8118 0.8118
2052.000000 0.8119 0.8121 0.8121 0.8121 0.8122
2057.000000 0.8122 0.8124 0.8124 0.8125 0.8125
2062.000000 0.8125 0.8126 0.8128 0.8128 0.8128
2067.000000 0.8130 0.8131 0.8131 0.8132 0.8132
2072.000000 0.8133 0.8134 0.8135 0.8135 0.8135
2077.000000 0.8135 0.8136 0.8136 0.8136 0.8136
2082.000000 0.8136 0.8136 0.8137 0.8137 0.8137
2087.000000 0.8137 0.8137 0.8137 0.8137 0.8137
2092.000000 0.8138 0.8138 0.8138 0.8138 0.8138
2097.000000 0.8138 0.8139 0.8139 0.8139 0.8139
2102.000000 0.8139 0.8139 0.8139 0.8138 0.8138
2107.000000 0.8138 0.8138 0.8138 0.8138 0.8138
2112.000000 0.8138 0.8137 0.8137 0.8137 0.8137
2117.000000 0.8137 0.8137 0.8137 0.8137 0.8137
2122.000000 0.8137 0.8136 0.8136 0.8136 0.8136
2127.000000 0.8136 0.8136 0.8136 0.8136 0.8135
2132.000000 0.8135 0.8135 0.8135 0.8135 0.8135
2137.000000 0.8135 0.8135 0.8134 0.8134 0.8134
2142.000000 0.8134 0.8134 0.8134 0.8134 0.8134
2147.000000 0.8134 0.8134 0.8133 0.8133 0.8133
2152.000000 0.8133 0.8133 0.8133 0.8133 0.8133
2157.000000 0.8132 0.8132 0.8132 0.8132 0.8132
2162.000000 0.8132 0.8132 0.8132 0.8132 0.8132
2167.000000 0.8131 0.8131 0.8131 0.8131 0.8131
2172.000000 0.8131 0.8131 0.8131 0.8131 0.8131
2177.000000 0.8130 0.8130 0.8130 0.8130 0.8130
2182.000000 0.8130 0.8130 0.8130 0.8130 0.8130
2187.000000 0.8128 0.8128 0.8128 0.8128 0.8128
2192.000000 0.8128 0.8130 0.8131 0.8132 0.8133
2197.000000 0.8134 0.8136 0.8137 0.8139 0.8140
2202.000000 0.8142 0.8143 0.8145 0.8146 0.8147
2207.000000 0.8148 0.8150 0.8151 0.8153 0.8154
2212.000000 0.8156 0.8157 0.8158 0.8160 0.8161
2217.000000 0.8161 0.8164 0.8165 0.8167 0.8167
2222.000000 0.8168 0.8168 0.8169 0.8171 0.8171
2227.000000 0.8172 0.8174 0.8174 0.8175 0.8175
2232.000000 0.8176 0.8178 0.8178 0.8180 0.8181
2237.000000 0.8181 0.8182 0.8183 0.8184 0.8187
2242.000000 0.8191 0.8195 0.8199 0.8203 0.8207
2247.000000 0.8211 0.8215 0.8218 0.8224 0.8228
2252.000000 0.8232 0.8230 0.8228 0.8217 0.8206
2257.000000 0.8197 0.8189 0.8182 0.8175 0.8171
2262.000000 0.8167 0.8168 0.8169 0.8172 0.8175
2267.000000 0.8178 0.8182 0.8185 0.8189 0.8192
2272.000000 0.8195 0.8198 0.8202 0.8206 0.8211
2277.000000 0.8215 0.8218 0.8223 0.8227 0.8231
2282.000000 0.8235 0.8239 0.8244 0.8248 0.8253
2287.000000 0.8257 0.8261 0.8265 0.8270 0.8275
2292.000000 0.8280 0.8286 0.8292 0.8298 0.8304
2297.000000 0.8310 0.8316 0.8323 0.8331 0.8338
2302.000000 0.8346 0.8353 0.8361 0.8368 0.8377
2307.000000 0.8387 0.8397 0.8407 0.8417 0.8433
2312.000000 0.8450 0.8462 0.8475 0.8481 0.8487
2317.000000 0.8489 0.8492 0.8493 0.8494 0.8495
2322.000000 0.8496 0.8497 0.8498 0.8498 0.8499
2327.000000 0.8500 0.8500 0.8500 0.8499 0.8495
2332.000000 0.8492 0.8488 0.8485 0.8478 0.8474
2337.000000 0.8466 0.8458 0.8450 0.8442 0.8434
2342.000000 0.8425 0.8417 0.8409 0.8402 0.8396
2347.000000 0.8390 0.8384 0.8377 0.8371 0.8368
2352.000000 0.8366 0.8364 0.8363 0.8361 0.8359
2357.000000 0.8357 0.8355 0.8353 0.8351 0.8349
2362.000000 0.8348 0.8346 0.8344 0.8342 0.8340
2367.000000 0.8338 0.8337 0.8335 0.8333 0.8331
2372.000000 0.8330 0.8328 0.8325 0.8324 0.8321
2377.000000 0.8320 0.8318 0.8315 0.8313 0.8311
2382.000000 0.8309 0.8307 0.8305 0.8303 0.8301
2387.000000 0.8299 0.8297 0.8295 0.8293 0.8291
2392.000000 0.8289 0.8289 0.8289 0.8288 0.8288
2397.000000 0.8287 0.8287 0.8287 0.8287 0.8286
2402.000000 0.8286 0.8286 0.8286 0.8285 0.8285
2407.000000 0.8284 0.8284 0.8284 0.8284 0.8283
2412.000000 0.8283 0.8282 0.8282 0.8281 0.8281
2417.000000 0.8280 0.8278 0.8278 0.8278 0.8277
2422.000000 0.8275 0.8275 0.8275 0.8274 0.8274
2427.000000 0.8273 0.8271 0.8271 0.8270 0.8268
2432.000000 0.8268 0.8267 0.8266 0.8265 0.8264
2437.000000 0.8262 0.8261 0.8260 0.8259 0.8258
2442.000000 0.8257 0.8255 0.8254 0.8252 0.8251
2447.000000 0.8249 0.8247 0.8245 0.8243 0.8241
2452.000000 0.8239 0.8236 0.8234 0.8232 0.8230
2457.000000 0.8228 0.8225 0.8224 0.8221 0.8220
2462.000000 0.8218 0.8215 0.8213 0.8210 0.8208
2467.000000 0.8205 0.8203 0.8200 0.8198 0.8195
2472.000000 0.8193 0.8190 0.8188 0.8185 0.8183
2477.000000 0.8181 0.8178 0.8175 0.8174 0.8171
2482.000000 0.8168 0.8165 0.8164 0.8161 0.8158
2487.000000 0.8156 0.8154 0.8151 0.8148 0.8145
2492.000000 0.8143 0.8140 0.8138 0.8135 0.8133
2497.000000 0.8130 0.8126 0.8124 0.8121 0.8118
2502.000000 0.8117 0.8114 0.8111 0.8108 0.8106
2507.000000 0.8103 0.8101 0.8098 0.8095 0.8092
2512.000000 0.8090 0.8087 0.8084 0.8081 0.8078
2517.000000 0.8075 0.8071 0.8068 0.8065 0.8061
2522.000000 0.8058 0.8056 0.8053 0.8050 0.8047
2527.000000 0.8044 0.8041 0.8038 0.8035 0.8032
2532.000000 0.8028 0.8025 0.8022 0.8018 0.8014
2537.000000 0.8010 0.8006 0.8001 0.7998 0.7993
2542.000000 0.7989 0.7985 0.7981 0.7975 0.7971
2547.000000 0.7968 0.7964 0.7958 0.7955 0.7951
2552.000000 0.7947 0.7943 0.7939 0.7934 0.7930
2557.000000 0.7925 0.7921 0.7917 0.7912 0.7908
2562.000000 0.7906 0.7901 0.7899 0.7895 0.7892
2567.000000 0.7888 0.7885 0.7881 0.7878 0.7874
2572.000000 0.7871 0.7867 0.7864 0.7860 0.7857
2577.000000 0.7853 0.7850 0.7846 0.7843 0.7839
2582.000000 0.7836 0.7833 0.7830 0.7825 0.7822
2587.000000 0.7818 0.7815 0.7811 0.7808 0.7805
2592.000000 0.7801 0.7799 0.7796 0.7792 0.7789
2597.000000 0.7786 0.7783 0.7778 0.7775 0.7772
2602.000000 0.7769 0.7765 0.7762 0.7760 0.7757
2607.000000 0.7753 0.7750 0.7745 0.7740 0.7734
2612.000000 0.7728 0.7724 0.7718 0.7712 0.7708
2617.000000 0.7703 0.7698 0.7693 0.7688 0.7682
2622.000000 0.7676 0.7671 0.7667 0.7661 0.7656
2627.000000 0.7650 0.7644 0.7638 0.7632 0.7625
2632.000000 0.7619 0.7614 0.7608 0.7601 0.7596
2637.000000 0.7590 0.7584 0.7578 0.7571 0.7565
2642.000000 0.7558 0.7553 0.7547 0.7541 0.7535
2647.000000 0.7528 0.7521 0.7515 0.7510 0.7503
2652.000000 0.7497 0.7491 0.7485 0.7476 0.7469
2657.000000 0.7456 0.7443 0.7430 0.7417 0.7403
2662.000000 0.7390 0.7375 0.7362 0.7348 0.7333
2667.000000 0.7318 0.7304 0.7289 0.7275 0.7260
2672.000000 0.7246 0.7230 0.7214 0.7203 0.7172
2677.000000 0.7194 0.7195 0.7200 0.7205 0.7211
2682.000000 0.7217 0.7221 0.7228 0.7234 0.7240
2687.000000 0.7245 0.7251 0.7256 0.7261 0.7267
2692.000000 0.7271 0.7278 0.7287 0.7295 0.7304
2697.000000 0.7312 0.7321 0.7334 0.7346 0.7354
2702.000000 0.7362 0.7368 0.7375 0.7378 0.7383
2707.000000 0.7387 0.7392 0.7393 0.7395 0.7395
2712.000000 0.7395 0.7395 0.7395 0.7395 0.7395
2717.000000 0.7395 0.7395 0.7395 0.7395 0.7395
2722.000000 0.7395 0.7390 0.7386 0.7378 0.7371
2727.000000 0.7367 0.7361 0.7357 0.7351 0.7347
2732.000000 0.7342 0.7334 0.7325 0.7317 0.7308
2737.000000 0.7293 0.7276 0.7258 0.7242 0.7208
2742.000000 0.7175 0.7128 0.7082 0.7031 0.6981
2747.000000 0.6941 0.6901 0.6860 0.6819 0.6776
2752.000000 0.6734 0.6674 0.6614 0.6550 0.6487
2757.000000 0.6421 0.6358 0.6242 0.6127 0.6058
2762.000000 0.5990 0.5910 0.5831 0.5584 0.5337
2767.000000 0.5195 0.5053 0.4408 0.3762 0.3734
2772.000000 0.3708 0.3706 0.3704 0.3702 0.3662
2777.000000 0.3705 0.3709 0.3721 0.3732 0.3756
2782.000000 0.3780 0.3814 0.3848 0.3887 0.3926
2787.000000 0.3964 0.4005 0.4058 0.4110 0.4200
2792.000000 0.4290 0.4362 0.4435 0.4575 0.4715
2797.000000 0.4789 0.4864 0.5177 0.5490 0.5583
2802.000000 0.5677 0.5680 0.5683 0.5684 0.5684
2807.000000 0.5683 0.5681 0.5678 0.5676 0.5670
2812.000000 0.5665 0.5653 0.5642 0.5610 0.5580
2817.000000 0.5509 0.5438 0.5342 0.5247 0.5187
2822.000000 0.5128 0.5054 0.4981 0.4891 0.4801
2827.000000 0.4688 0.4575 0.4465 0.4356 0.3294
2832.000000 0.2233 0.2039 0.1844 0.1641 0.1438
2837.000000 0.1375 0.1313 0.1314 0.1316 0.1321
2842.000000 0.1267 0.1371 0.1416 0.1459 0.1502
2847.000000 0.1529 0.1557 0.1564 0.1577 0.1567
2852.000000 0.1563 0.1557 0.1551 0.1525 0.1500
2857.000000 0.1466 0.1433 0.1372 0.1311 0.1308
2862.000000 0.1307 0.1307 0.1307 0.1323 0.1301
2867.000000 0.1371 0.1403 0.1435 0.1468 0.1491
2872.000000 0.1514 0.1535 0.1557 0.1559 0.1559
2877.000000 0.1559 0.1584 0.1552 0.1549 0.1535
2882.000000 0.1522 0.1472 0.1423 0.1385 0.1348
2887.000000 0.1241 0.1135 0.1016 0.0896 0.0842
2892.000000 0.0787 0.0746 0.0705 0.0684 0.0664
2897.000000 0.0645 0.0627 0.0609 0.0591 0.0576
2902.000000 0.0562 0.0549 0.0536 0.0522 0.0509
2907.000000 0.0471 0.0433 0.0409 0.0385 0.0381
2912.000000 0.0378 0.0375 0.0372 0.0367 0.0365
2917.000000 0.0363 0.0362 0.0361 0.0360 0.0360
2922.000000 0.0363 0.0366 0.0372 0.0377 0.0383
2927.000000 0.0390 0.0398 0.0406 0.0415 0.0425
2932.000000 0.0437 0.0451 0.0465 0.0479 0.0493
2937.000000 0.0516 0.0540 0.0563 0.0586 0.0619
2942.000000 0.0652 0.0699 0.0746 0.0814 0.0883
2947.000000 0.0996 0.1110 0.1180 0.1251 0.1332
2952.000000 0.1414 0.1682 0.1951 0.1956 0.1961
2957.000000 0.1965 0.1970 0.1975 0.1979 0.1983
2962.000000 0.1986 0.1990 0.1993 0.2002 0.2011
2967.000000 0.2028 0.2044 0.2067 0.2089 0.2235
2972.000000 0.2383 0.2466 0.2550 0.2674 0.2799
2977.000000 0.2848 0.2898 0.2950 0.3003 0.3064
2982.000000 0.3125 0.3167 0.3209 0.3244 0.3279
2987.000000 0.3339 0.3400 0.3557 0.3714 0.3776
2992.000000 0.3837 0.3916 0.3997 0.4174 0.4352
2997.000000 0.4673 0.4994 0.5578 0.6162 0.6262
3002.000000 0.6364 0.6458 0.6551 0.6645 0.6738
3007.000000 0.6828 0.6921 0.6984 0.7047 0.7094
3012.000000 0.7141 0.7188 0.7236 0.7288 0.7341
3017.000000 0.7396 0.7451 0.7486 0.7521 0.7547
3022.000000 0.7572 0.7591 0.7608 0.7619 0.7632
3027.000000 0.7643 0.7655 0.7664 0.7672 0.7681
3032.000000 0.7689 0.7696 0.7703 0.7708 0.7715
3037.000000 0.7721 0.7728 0.7735 0.7742 0.7749
3042.000000 0.7757 0.7764 0.7771 0.7778 0.7786
3047.000000 0.7793 0.7801 0.7807 0.7814 0.7818
3052.000000 0.7822 0.7828 0.7833 0.7837 0.7842
3057.000000 0.7847 0.7851 0.7856 0.7861 0.7864
3062.000000 0.7868 0.7871 0.7875 0.7880 0.7884
3067.000000 0.7888 0.7892 0.7895 0.7898 0.7900
3072.000000 0.7901 0.7904 0.7906 0.7908 0.7910
3077.000000 0.7911 0.7914 0.7915 0.7918 0.7921
3082.000000 0.7922 0.7925 0.7947 0.7928 0.7931
3087.000000 0.7932 0.7933 0.7933 0.7933 0.7933
3092.000000 0.7934 0.7934 0.7934 0.7934 0.7935
3097.000000 0.7935 0.7936 0.7936 0.7936 0.7936
3102.000000 0.7936 0.7936 0.7936 0.7935 0.7935
3107.000000 0.7935 0.7935 0.7935 0.7935 0.7934
3112.000000 0.7934 0.7934 0.7934 0.7934 0.7934
3117.000000 0.7933 0.7933 0.7933 0.7933 0.7933
3122.000000 0.7933 0.7931 0.7930 0.7928 0.7928
3127.000000 0.7925 0.7925 0.7922 0.7921 0.7919
3132.000000 0.7918 0.7917 0.7915 0.7915 0.7914
3137.000000 0.7911 0.7911 0.7908 0.7908 0.7906
3142.000000 0.7905 0.7903 0.7901 0.7901 0.7900
3147.000000 0.7898 0.7897 0.7895 0.7894 0.7892
3152.000000 0.7891 0.7889 0.7887 0.7885 0.7883
3157.000000 0.7881 0.7880 0.7878 0.7875 0.7874
3162.000000 0.7871 0.7869 0.7868 0.7867 0.7865
3167.000000 0.7862 0.7861 0.7858 0.7857 0.7855
3172.000000 0.7854 0.7851 0.7850 0.7848 0.7846
3177.000000 0.7844 0.7843 0.7841 0.7839 0.7836
3182.000000 0.7833 0.7830 0.7826 0.7822 0.7819
3187.000000 0.7815 0.7812 0.7808 0.7806 0.7803
3192.000000 0.7800 0.7796 0.7793 0.7789 0.7786
3197.000000 0.7782 0.7778 0.7775 0.7772 0.7768
3202.000000 0.7765 0.7761 0.7757 0.7751 0.7747
3207.000000 0.7742 0.7738 0.7733 0.7728 0.7722
3212.000000 0.7718 0.7712 0.7708 0.7704 0.7699
3217.000000 0.7694 0.7689 0.7684 0.7680 0.7675
3222.000000 0.7669 0.7665 0.7660 0.7655 0.7650
3227.000000 0.7644 0.7638 0.7632 0.7626 0.7621
3232.000000 0.7615 0.7608 0.7603 0.7597 0.7591
3237.000000 0.7585 0.7580 0.7574 0.7568 0.7561
3242.000000 0.7556 0.7550 0.7545 0.7539 0.7533
3247.000000 0.7525 0.7518 0.7511 0.7505 0.7498
3252.000000 0.7491 0.7484 0.7478 0.7471 0.7464
3257.000000 0.7457 0.7450 0.7443 0.7436 0.7428
3262.000000 0.7421 0.7414 0.7406 0.7394 0.7383
3267.000000 0.7371 0.7361 0.7349 0.7338 0.7324
3272.000000 0.7311 0.7295 0.7278 0.7262 0.7247
3277.000000 0.7242 0.7237 0.7234 0.7231 0.7230
3282.000000 0.7231 0.7231 0.7233 0.7235 0.7237
3287.000000 0.7240 0.7244 0.7248 0.7228 0.7257
3292.000000 0.7261 0.7268 0.7276 0.7288 0.7299
3297.000000 0.7307 0.7315 0.7325 0.7334 0.7343
3302.000000 0.7353 0.7368 0.7383 0.7397 0.7411
3307.000000 0.7435 0.7458 0.7464 0.7469 0.7475
3312.000000 0.7481 0.7486 0.7492 0.7497 0.7501
3317.000000 0.7507 0.7512 0.7518 0.7524 0.7528
3322.000000 0.7535 0.7540 0.7545 0.7550 0.7556
3327.000000 0.7561 0.7567 0.7574 0.7581 0.7589
3332.000000 0.7598 0.7606 0.7615 0.7618 0.7624
3337.000000 0.7628 0.7633 0.7637 0.7641 0.7645
3342.000000 0.7650 0.7654 0.7658 0.7662 0.7668
3347.000000 0.7671 0.7674 0.7676 0.7681 0.7684
3352.000000 0.7687 0.7690 0.7694 0.7697 0.7701
3357.000000 0.7704 0.7707 0.7710 0.7714 0.7717
3362.000000 0.7719 0.7722 0.7726 0.7728 0.7731
3367.000000 0.7733 0.7735 0.7736 0.7738 0.7740
3372.000000 0.7742 0.7743 0.7745 0.7746 0.7748
3377.000000 0.7750 0.7751 0.7753 0.7755 0.7757
3382.000000 0.7758 0.7760 0.7761 0.7762 0.7765
3387.000000 0.7767 0.7768 0.7771 0.7774 0.7775
3392.000000 0.7778 0.7780 0.7782 0.7784 0.7786
3397.000000 0.7788 0.7790 0.7792 0.7795 0.7797
3402.000000 0.7799 0.7801 0.7803 0.7805 0.7807
3407.000000 0.7808 0.7811 0.7812 0.7815 0.7817
3412.000000 0.7818 0.7821 0.7822 0.7825 0.7826
3417.000000 0.7828 0.7831 0.7833 0.7835 0.7837
3422.000000 0.7839 0.7841 0.7843 0.7845 0.7847
3427.000000 0.7849 0.7851 0.7853 0.7855 0.7856
3432.000000 0.7858 0.7860 0.7861 0.7864 0.7865
3437.000000 0.7868 0.7869 0.7872 0.7875 0.7878
3442.000000 0.7881 0.7884 0.7887 0.7889 0.7892
3447.000000 0.7895 0.7898 0.7901 0.7904 0.7906
3452.000000 0.7908 0.7911 0.7915 0.7917 0.7919
3457.000000 0.7922 0.7925 0.7928 0.7931 0.7934
3462.000000 0.7937 0.7939 0.7942 0.7945 0.7948
3467.000000 0.7951 0.7956 0.7958 0.7962 0.7967
3472.000000 0.7971 0.7975 0.7978 0.7982 0.7986
3477.000000 0.7990 0.7994 0.7998 0.8001 0.8005
3482.000000 0.8008 0.8012 0.8017 0.8021 0.8025
3487.000000 0.8028 0.8032 0.8036 0.8040 0.8044
3492.000000 0.8048 0.8051 0.8056 0.8058 0.8062
3497.000000 0.8067 0.8071 0.8075 0.8078 0.8083
3502.000000 0.8087 0.8091 0.8095 0.8099 0.8103
3507.000000 0.8107 0.8111 0.8114 0.8118 0.8121
3512.000000 0.8125 0.8130 0.8134 0.8138 0.8142
3517.000000 0.8146 0.8150 0.8154 0.8158 0.8161
3522.000000 0.8165 0.8169 0.8174 0.8176 0.8181
3527.000000 0.8184 0.8188 0.8191 0.8195 0.8198
3532.000000 0.8201 0.8204 0.8208 0.8211 0.8215
3537.000000 0.8218 0.8221 0.8225 0.8228 0.8232
3542.000000 0.8236 0.8239 0.8243 0.8246 0.8249
3547.000000 0.8252 0.8256 0.8259 0.8263 0.8266
3552.000000 0.8270 0.8273 0.8277 0.8280 0.8284
3557.000000 0.8287 0.8290 0.8293 0.8296 0.8299
3562.000000 0.8302 0.8305 0.8308 0.8311 0.8314
3567.000000 0.8317 0.8320 0.8323 0.8325 0.8328
3572.000000 0.8332 0.8334 0.8337 0.8340 0.8343
3577.000000 0.8346 0.8349 0.8351 0.8354 0.8356
3582.000000 0.8359 0.8361 0.8364 0.8366 0.8368
3587.000000 0.8371 0.8374 0.8375 0.8378 0.8381
3592.000000 0.8384 0.8386 0.8389 0.8391 0.8394
3597.000000 0.8396 0.8398 0.8399 0.8420 0.8402
3602.000000 0.8403 0.8404 0.8405 0.8406 0.8408
3607.000000 0.8409 0.8410 0.8411 0.8413 0.8414
3612.000000 0.8415 0.8416 0.8417 0.8418 0.8420
3617.000000 0.8421 0.8421 0.8423 0.8424 0.8425
3622.000000 0.8425 0.8425 0.8427 0.8427 0.8428
3627.000000 0.8428 0.8430 0.8430 0.8431 0.8431
3632.000000 0.8432 0.8433 0.8434 0.8434 0.8434
3637.000000 0.8434 0.8433 0.8432 0.8431 0.8430
3642.000000 0.8428 0.8428 0.8427 0.8425 0.8425
3647.000000 0.8421 0.8420 0.8416 0.8412 0.8408
3652.000000 0.8405 0.8401 0.8397 0.8393 0.8389
3657.000000 0.8385 0.8381 0.8375 0.8371 0.8367
3662.000000 0.8362 0.8357 0.8352 0.8347 0.8342
3667.000000 0.8339 0.8337 0.8337 0.8338 0.8338
3672.000000 0.8339 0.8340 0.8341 0.8341 0.8342
3677.000000 0.8343 0.8345 0.8351 0.8357 0.8363
3682.000000 0.8370 0.8375 0.8381 0.8386 0.8392
3687.000000 0.8397 0.8402 0.8407 0.8412 0.8416
3692.000000 0.8420 0.8421 0.8425 0.8428 0.8431
3697.000000 0.8434 0.8437 0.8449 0.8461 0.8473
3702.000000 0.8486 0.8489 0.8493 0.8496 0.8499
3707.000000 0.8501 0.8504 0.8505 0.8505 0.8505
3712.000000 0.8505 0.8504 0.8504 0.8503 0.8503
3717.000000 0.8502 0.8502 0.8501 0.8501 0.8500
3722.000000 0.8499 0.8498 0.8498 0.8497 0.8497
3727.000000 0.8496 0.8495 0.8495 0.8495 0.8494
3732.000000 0.8494 0.8494 0.8494 0.8493 0.8493
3737.000000 0.8493 0.8493 0.8493 0.8493 0.8492
3742.000000 0.8492 0.8492 0.8492 0.8492 0.8492
3747.000000 0.8491 0.8490 0.8489 0.8489 0.8488
3752.000000 0.8487 0.8486 0.8485 0.8484 0.8483
3757.000000 0.8482 0.8482 0.8481 0.8480 0.8478
3762.000000 0.8478 0.8477 0.8477 0.8475 0.8475
3767.000000 0.8474 0.8474 0.8473 0.8473 0.8471
3772.000000 0.8471 0.8471 0.8470 0.8470 0.8470
3777.000000 0.8468 0.8468 0.8468 0.8468 0.8468
3782.000000 0.8468 0.8468 0.8468 0.8468 0.8468
3787.000000 0.8468 0.8468 0.8468 0.8468 0.8467
3792.000000 0.8467 0.8467 0.8467 0.8467 0.8467
3797.000000 0.8466 0.8466 0.8466 0.8466
##END=
