##TITLE=Dicyclohexyl phthalate
##JCAMP-DX=4.24
$$ By DXEDIT 1.05 (RS McDonald)
##DATA TYPE=INFRARED SPECTRUM
##CLASS=COBLENTZ III
##ORIGIN=DOW CHEMICAL COMPANY
##OWNER=COPYRIGHT (C) 1988 by COBLENTZ SOCIETY INC.
Collection (C) 2018 copyright by the U.S. Secretary of Commerce
on behalf of the United States of America. All rights reserved.
##DATE=1970/01/09
##CAS NAME=1,2-Benzenedioic acid, dicyclohexyl ester
##CAS REGISTRY NO=84-61-7
##MOLFORM=C20 H26 O4
##SOURCE REFERENCE=COBLENTZ NO. 09594
##$NIST SOURCE=COBLENTZ
##$NIST IMAGE=cob9594
##SPECTROMETER/DATA SYSTEM=DOW KBr FOREPRISM-GRATING
##INSTRUMENT PARAMETERS=BLAZED AT 3.5, 12.0, 20.0 MICRON AND CHANGED AT 5.0, 7.5, 14.9 MICRON
##STATE=SOLUTION (10% CCl4 FOR 2.7-7.5, 10% CS2 FOR 7.5-26 MICRON) VS SOLVENT
$$ SEE SPECTRUM NO. 2832 FOR "NUJOL MULL"
##PATH LENGTH=0.011 CM, 0.011 CM
##SAMPLING PROCEDURE=TRANSMISSION
##RESOLUTION=2
##DATA PROCESSING=DIGITIZED BY COBLENTZ SOCIETY (BATCH I) FROM HARD COPY
##XUNITS=1/CM
##YUNITS=TRANSMITTANCE
##XFACTOR=1
##YFACTOR=1
##DELTAX=1
##FIRSTX=3794
##LASTX=391
##FIRSTY=0.8353
##MAXX=3794
##MINX=391
##MAXY=0.9004
##MINY=0.0013
##NPOINTS=3404
##XYDATA=(X++(Y..Y))
3794.000000 0.8353 0.8353 0.8353 0.8354 0.8355
3789.000000 0.8355 0.8356 0.8356 0.8357 0.8358
3784.000000 0.8359 0.8359 0.8360 0.8360 0.8361
3779.000000 0.8361 0.8362 0.8363 0.8364 0.8364
3774.000000 0.8365 0.8368 0.8371 0.8374 0.8378
3769.000000 0.8381 0.8385 0.8386 0.8388 0.8390
3764.000000 0.8392 0.8393 0.8395 0.8396 0.8398
3759.000000 0.8400 0.8402 0.8403 0.8405 0.8406
3754.000000 0.8408 0.8409 0.8411 0.8412 0.8413
3749.000000 0.8413 0.8413 0.8413 0.8413 0.8413
3744.000000 0.8413 0.8413 0.8413 0.8413 0.8413
3739.000000 0.8413 0.8413 0.8413 0.8414 0.8414
3734.000000 0.8414 0.8414 0.8414 0.8414 0.8414
3729.000000 0.8414 0.8415 0.8415 0.8415 0.8415
3724.000000 0.8416 0.8416 0.8417 0.8417 0.8418
3719.000000 0.8418 0.8418 0.8418 0.8418 0.8418
3714.000000 0.8420 0.8420 0.8421 0.8421 0.8421
3709.000000 0.8421 0.8421 0.8421 0.8423 0.8423
3704.000000 0.8424 0.8424 0.8424 0.8424 0.8425
3699.000000 0.8425 0.8427 0.8428 0.8428 0.8430
3694.000000 0.8431 0.8432 0.8433 0.8434 0.8435
3689.000000 0.8436 0.8437 0.8438 0.8439 0.8440
3684.000000 0.8441 0.8442 0.8443 0.8444 0.8445
3679.000000 0.8446 0.8447 0.8448 0.8449 0.8449
3674.000000 0.8450 0.8450 0.8451 0.8451 0.8451
3669.000000 0.8451 0.8452 0.8452 0.8453 0.8453
3664.000000 0.8454 0.8454 0.8455 0.8455 0.8456
3659.000000 0.8456 0.8457 0.8457 0.8458 0.8458
3654.000000 0.8459 0.8459 0.8460 0.8460 0.8461
3649.000000 0.8462 0.8463 0.8464 0.8465 0.8466
3644.000000 0.8467 0.8467 0.8468 0.8468 0.8470
3639.000000 0.8471 0.8471 0.8473 0.8474 0.8475
3634.000000 0.8475 0.8475 0.8477 0.8478 0.8478
3629.000000 0.8480 0.8481 0.8482 0.8483 0.8484
3624.000000 0.8485 0.8485 0.8486 0.8487 0.8488
3619.000000 0.8489 0.8491 0.8492 0.8493 0.8495
3614.000000 0.8497 0.8498 0.8500 0.8503 0.8506
3609.000000 0.8509 0.8512 0.8515 0.8518 0.8521
3604.000000 0.8523 0.8523 0.8523 0.8523 0.8523
3599.000000 0.8523 0.8523 0.8521 0.8521 0.8521
3594.000000 0.8521 0.8521 0.8521 0.8521 0.8521
3589.000000 0.8521 0.8521 0.8523 0.8524 0.8525
3584.000000 0.8525 0.8527 0.8528 0.8528 0.8528
3579.000000 0.8530 0.8531 0.8534 0.8537 0.8541
3574.000000 0.8545 0.8549 0.8553 0.8557 0.8561
3569.000000 0.8564 0.8567 0.8568 0.8571 0.8571
3564.000000 0.8574 0.8575 0.8578 0.8580 0.8582
3559.000000 0.8583 0.8585 0.8587 0.8589 0.8591
3554.000000 0.8593 0.8594 0.8596 0.8598 0.8600
3549.000000 0.8601 0.8603 0.8604 0.8606 0.8607
3544.000000 0.8609 0.8610 0.8611 0.8612 0.8614
3539.000000 0.8615 0.8616 0.8617 0.8618 0.8620
3534.000000 0.8621 0.8621 0.8624 0.8625 0.8627
3529.000000 0.8628 0.8628 0.8630 0.8632 0.8633
3524.000000 0.8634 0.8635 0.8637 0.8638 0.8640
3519.000000 0.8641 0.8643 0.8644 0.8646 0.8648
3514.000000 0.8650 0.8651 0.8653 0.8654 0.8656
3509.000000 0.8657 0.8659 0.8660 0.8662 0.8663
3504.000000 0.8665 0.8666 0.8668 0.8668 0.8671
3499.000000 0.8673 0.8675 0.8675 0.8678 0.8678
3494.000000 0.8681 0.8682 0.8684 0.8685 0.8687
3489.000000 0.8688 0.8690 0.8691 0.8693 0.8694
3484.000000 0.8696 0.8698 0.8700 0.8701 0.8703
3479.000000 0.8704 0.8706 0.8707 0.8708 0.8708
3474.000000 0.8709 0.8710 0.8711 0.8712 0.8713
3469.000000 0.8713 0.8714 0.8715 0.8716 0.8716
3464.000000 0.8716 0.8716 0.8716 0.8715 0.8715
3459.000000 0.8715 0.8715 0.8715 0.8715 0.8715
3454.000000 0.8715 0.8709 0.8703 0.8695 0.8687
3449.000000 0.8678 0.8668 0.8659 0.8650 0.8640
3444.000000 0.8631 0.8621 0.8612 0.8602 0.8593
3439.000000 0.8584 0.8575 0.8566 0.8558 0.8551
3434.000000 0.8545 0.8538 0.8531 0.8524 0.8518
3429.000000 0.8511 0.8505 0.8500 0.8496 0.8491
3424.000000 0.8487 0.8482 0.8478 0.8473 0.8468
3419.000000 0.8465 0.8461 0.8457 0.8454 0.8450
3414.000000 0.8447 0.8445 0.8444 0.8442 0.8442
3409.000000 0.8440 0.8439 0.8437 0.8437 0.8437
3404.000000 0.8438 0.8443 0.8449 0.8459 0.8470
3399.000000 0.8483 0.8496 0.8509 0.8521 0.8531
3394.000000 0.8541 0.8548 0.8555 0.8562 0.8568
3389.000000 0.8575 0.8583 0.8590 0.8597 0.8604
3384.000000 0.8611 0.8617 0.8624 0.8631 0.8638
3379.000000 0.8644 0.8651 0.8657 0.8664 0.8670
3374.000000 0.8675 0.8682 0.8688 0.8694 0.8700
3369.000000 0.8706 0.8713 0.8716 0.8718 0.8721
3364.000000 0.8724 0.8725 0.8728 0.8731 0.8734
3359.000000 0.8736 0.8739 0.8741 0.8744 0.8747
3354.000000 0.8750 0.8752 0.8755 0.8757 0.8760
3349.000000 0.8762 0.8765 0.8767 0.8770 0.8771
3344.000000 0.8774 0.8775 0.8775 0.8777 0.8778
3339.000000 0.8778 0.8781 0.8782 0.8783 0.8784
3334.000000 0.8785 0.8786 0.8788 0.8789 0.8790
3329.000000 0.8791 0.8792 0.8793 0.8794 0.8795
3324.000000 0.8797 0.8798 0.8799 0.8800 0.8801
3319.000000 0.8802 0.8803 0.8803 0.8804 0.8805
3314.000000 0.8806 0.8806 0.8807 0.8807 0.8808
3309.000000 0.8808 0.8809 0.8810 0.8811 0.8811
3304.000000 0.8812 0.8812 0.8813 0.8814 0.8815
3299.000000 0.8815 0.8816 0.8816 0.8817 0.8818
3294.000000 0.8818 0.8818 0.8820 0.8820 0.8821
3289.000000 0.8821 0.8823 0.8823 0.8824 0.8825
3284.000000 0.8825 0.8825 0.8827 0.8828 0.8828
3279.000000 0.8828 0.8830 0.8831 0.8832 0.8833
3274.000000 0.8834 0.8834 0.8835 0.8836 0.8837
3269.000000 0.8837 0.8838 0.8839 0.8840 0.8841
3264.000000 0.8842 0.8842 0.8843 0.8844 0.8845
3259.000000 0.8845 0.8846 0.8847 0.8848 0.8849
3254.000000 0.8850 0.8850 0.8851 0.8851 0.8852
3249.000000 0.8852 0.8853 0.8853 0.8853 0.8854
3244.000000 0.8855 0.8855 0.8856 0.8856 0.8857
3239.000000 0.8857 0.8858 0.8858 0.8859 0.8859
3234.000000 0.8860 0.8860 0.8861 0.8861 0.8861
3229.000000 0.8860 0.8860 0.8860 0.8860 0.8859
3224.000000 0.8859 0.8859 0.8859 0.8858 0.8858
3219.000000 0.8858 0.8858 0.8857 0.8857 0.8857
3214.000000 0.8857 0.8856 0.8856 0.8855 0.8855
3209.000000 0.8853 0.8852 0.8851 0.8850 0.8849
3204.000000 0.8848 0.8847 0.8846 0.8844 0.8843
3199.000000 0.8842 0.8841 0.8840 0.8839 0.8838
3194.000000 0.8837 0.8834 0.8832 0.8830 0.8828
3189.000000 0.8825 0.8823 0.8821 0.8818 0.8816
3184.000000 0.8814 0.8812 0.8810 0.8807 0.8805
3179.000000 0.8803 0.8801 0.8798 0.8796 0.8789
3174.000000 0.8783 0.8775 0.8770 0.8765 0.8760
3169.000000 0.8756 0.8752 0.8748 0.8744 0.8740
3164.000000 0.8736 0.8732 0.8728 0.8727 0.8725
3159.000000 0.8723 0.8721 0.8718 0.8716 0.8714
3154.000000 0.8712 0.8710 0.8708 0.8706 0.8705
3149.000000 0.8703 0.8701 0.8699 0.8698 0.8697
3144.000000 0.8696 0.8695 0.8694 0.8693 0.8692
3139.000000 0.8691 0.8691 0.8690 0.8689 0.8688
3134.000000 0.8688 0.8687 0.8687 0.8686 0.8685
3129.000000 0.8684 0.8684 0.8683 0.8682 0.8681
3124.000000 0.8681 0.8680 0.8680 0.8678 0.8678
3119.000000 0.8678 0.8680 0.8682 0.8685 0.8687
3114.000000 0.8690 0.8692 0.8695 0.8695 0.8695
3109.000000 0.8695 0.8695 0.8694 0.8694 0.8689
3104.000000 0.8685 0.8673 0.8661 0.8648 0.8636
3099.000000 0.8614 0.8592 0.8589 0.8586 0.8585
3094.000000 0.8585 0.8584 0.8584 0.8580 0.8577
3089.000000 0.8573 0.8570 0.8566 0.8563 0.8559
3084.000000 0.8556 0.8547 0.8538 0.8525 0.8515
3079.000000 0.8471 0.8428 0.8344 0.8259 0.8168
3074.000000 0.8076 0.7986 0.7895 0.7803 0.7711
3069.000000 0.7665 0.7618 0.7615 0.7615 0.7615
3064.000000 0.7617 0.7622 0.7628 0.7639 0.7649
3059.000000 0.7665 0.7681 0.7696 0.7711 0.7724
3054.000000 0.7737 0.7767 0.7798 0.7847 0.7896
3049.000000 0.7941 0.7987 0.8033 0.8080 0.8125
3044.000000 0.8172 0.8194 0.8215 0.8235 0.8255
3039.000000 0.8264 0.8274 0.8275 0.8278 0.8278
3034.000000 0.8267 0.8267 0.8266 0.8260 0.8254
3029.000000 0.8246 0.8239 0.8225 0.8212 0.8201
3024.000000 0.8190 0.8185 0.8181 0.8176 0.8172
3019.000000 0.8168 0.8165 0.8160 0.8156 0.8156
3014.000000 0.8157 0.8158 0.8148 0.8156 0.8154
3009.000000 0.8151 0.8148 0.8145 0.8143 0.8136
3004.000000 0.8130 0.8119 0.8111 0.8095 0.8078
2999.000000 0.8015 0.7951 0.7918 0.7886 0.7871
2994.000000 0.7858 0.7851 0.7843 0.7835 0.7828
2989.000000 0.7784 0.7740 0.7678 0.7618 0.7561
2984.000000 0.7507 0.7462 0.7419 0.7375 0.7333
2979.000000 0.7291 0.7250 0.7208 0.7167 0.6895
2974.000000 0.6624 0.6330 0.6036 0.5854 0.5673
2969.000000 0.5618 0.5564 0.5478 0.5392 0.4783
2964.000000 0.4175 0.3989 0.3803 0.3616 0.3430
2959.000000 0.3244 0.3058 0.2872 0.2685 0.2499
2954.000000 0.2313 0.2127 0.1941 0.1754 0.1568
2949.000000 0.1424 0.1281 0.1154 0.1027 0.0804
2944.000000 0.0581 0.0531 0.0481 0.0447 0.0413
2939.000000 0.0372 0.0332 0.0297 0.0263 0.0243
2934.000000 0.0224 0.0217 0.0196 0.0209 0.0207
2929.000000 0.0206 0.0206 0.0208 0.0210 0.0217
2924.000000 0.0226 0.0246 0.0266 0.0315 0.0365
2919.000000 0.0423 0.0484 0.0545 0.0607 0.0742
2914.000000 0.0878 0.1013 0.1148 0.1246 0.1346
2909.000000 0.1608 0.1870 0.2162 0.2455 0.2630
2904.000000 0.2805 0.2829 0.2854 0.2871 0.2889
2899.000000 0.2922 0.2956 0.3138 0.3320 0.3550
2894.000000 0.3780 0.4009 0.4241 0.4471 0.4702
2889.000000 0.4932 0.5162 0.5305 0.5447 0.5485
2884.000000 0.5524 0.5560 0.5598 0.5633 0.5668
2879.000000 0.5693 0.5719 0.5732 0.5791 0.5749
2874.000000 0.5753 0.5754 0.5755 0.5627 0.5500
2869.000000 0.5164 0.4828 0.4491 0.4155 0.3818
2864.000000 0.3482 0.3146 0.2810 0.2473 0.2137
2859.000000 0.1801 0.1465 0.1329 0.1194 0.1190
2854.000000 0.1191 0.1192 0.1198 0.1224 0.1251
2849.000000 0.1545 0.1839 0.2216 0.2594 0.2971
2844.000000 0.3348 0.3725 0.4103 0.4494 0.4885
2839.000000 0.5297 0.5710 0.6075 0.6441 0.6556
2834.000000 0.6671 0.6775 0.6878 0.6976 0.7075
2829.000000 0.7157 0.7239 0.7295 0.7351 0.7408
2824.000000 0.7465 0.7517 0.7569 0.7604 0.7639
2819.000000 0.7668 0.7698 0.7718 0.7739 0.7758
2814.000000 0.7780 0.7799 0.7818 0.7831 0.7844
2809.000000 0.7857 0.7869 0.7875 0.7880 0.7883
2804.000000 0.7887 0.7889 0.7892 0.7894 0.7897
2799.000000 0.7899 0.7901 0.7904 0.7907 0.7908
2794.000000 0.7911 0.7915 0.7919 0.7924 0.7928
2789.000000 0.7932 0.7936 0.7940 0.7944 0.7954
2784.000000 0.7964 0.7974 0.7984 0.7995 0.8007
2779.000000 0.8019 0.8034 0.8047 0.8061 0.8074
2774.000000 0.8087 0.8100 0.8114 0.8126 0.8140
2769.000000 0.8151 0.8162 0.8174 0.8185 0.8196
2764.000000 0.8208 0.8218 0.8230 0.8241 0.8253
2759.000000 0.8262 0.8271 0.8281 0.8290 0.8299
2754.000000 0.8308 0.8317 0.8325 0.8335 0.8344
2749.000000 0.8352 0.8361 0.8366 0.8371 0.8377
2744.000000 0.8383 0.8389 0.8395 0.8397 0.8400
2739.000000 0.8402 0.8404 0.8406 0.8408 0.8410
2734.000000 0.8411 0.8412 0.8412 0.8411 0.8410
2729.000000 0.8409 0.8408 0.8406 0.8405 0.8401
2724.000000 0.8398 0.8394 0.8391 0.8388 0.8385
2719.000000 0.8381 0.8378 0.8375 0.8371 0.8368
2714.000000 0.8365 0.8361 0.8357 0.8353 0.8350
2709.000000 0.8346 0.8342 0.8338 0.8334 0.8330
2704.000000 0.8327 0.8323 0.8320 0.8316 0.8312
2699.000000 0.8308 0.8305 0.8301 0.8298 0.8295
2694.000000 0.8293 0.8291 0.8289 0.8287 0.8285
2689.000000 0.8284 0.8284 0.8283 0.8283 0.8282
2684.000000 0.8282 0.8283 0.8285 0.8286 0.8287
2679.000000 0.8288 0.8289 0.8289 0.8290 0.8290
2674.000000 0.8291 0.8280 0.8270 0.8253 0.8237
2669.000000 0.8214 0.8191 0.8162 0.8135 0.8108
2664.000000 0.8081 0.8057 0.8034 0.8019 0.8007
2659.000000 0.8001 0.7995 0.7989 0.7964 0.7981
2654.000000 0.7978 0.7986 0.7994 0.8003 0.8011
2649.000000 0.8021 0.8032 0.8044 0.8057 0.8068
2644.000000 0.8081 0.8093 0.8105 0.8117 0.8128
2639.000000 0.8141 0.8154 0.8164 0.8174 0.8184
2634.000000 0.8195 0.8205 0.8215 0.8225 0.8236
2629.000000 0.8246 0.8256 0.8263 0.8271 0.8275
2624.000000 0.8281 0.8286 0.8291 0.8296 0.8301
2619.000000 0.8306 0.8311 0.8315 0.8320 0.8325
2614.000000 0.8330 0.8331 0.8332 0.8332 0.8332
2609.000000 0.8331 0.8331 0.8331 0.8331 0.8330
2604.000000 0.8328 0.8328 0.8327 0.8325 0.8325
2599.000000 0.8324 0.8323 0.8321 0.8321 0.8320
2594.000000 0.8318 0.8318 0.8317 0.8316 0.8315
2589.000000 0.8312 0.8310 0.8307 0.8304 0.8301
2584.000000 0.8298 0.8295 0.8293 0.8290 0.8287
2579.000000 0.8286 0.8285 0.8286 0.8289 0.8291
2574.000000 0.8294 0.8296 0.8299 0.8301 0.8304
2569.000000 0.8306 0.8309 0.8311 0.8314 0.8317
2564.000000 0.8320 0.8323 0.8325 0.8328 0.8332
2559.000000 0.8334 0.8337 0.8340 0.8343 0.8346
2554.000000 0.8350 0.8354 0.8359 0.8364 0.8368
2549.000000 0.8373 0.8378 0.8383 0.8388 0.8391
2544.000000 0.8394 0.8397 0.8400 0.8402 0.8405
2539.000000 0.8407 0.8410 0.8413 0.8416 0.8418
2534.000000 0.8421 0.8421 0.8421 0.8421 0.8421
2529.000000 0.8421 0.8421 0.8421 0.8423 0.8423
2524.000000 0.8423 0.8423 0.8423 0.8423 0.8424
2519.000000 0.8424 0.8424 0.8424 0.8424 0.8424
2514.000000 0.8424 0.8424 0.8424 0.8424 0.8424
2509.000000 0.8424 0.8425 0.8425 0.8425 0.8425
2504.000000 0.8425 0.8427 0.8428 0.8428 0.8428
2499.000000 0.8430 0.8431 0.8431 0.8432 0.8433
2494.000000 0.8434 0.8434 0.8435 0.8435 0.8436
2489.000000 0.8437 0.8438 0.8438 0.8439 0.8440
2484.000000 0.8441 0.8443 0.8445 0.8447 0.8449
2479.000000 0.8451 0.8453 0.8455 0.8457 0.8459
2474.000000 0.8462 0.8465 0.8468 0.8471 0.8474
2469.000000 0.8477 0.8480 0.8483 0.8486 0.8489
2464.000000 0.8493 0.8496 0.8500 0.8503 0.8507
2459.000000 0.8511 0.8515 0.8516 0.8518 0.8518
2454.000000 0.8518 0.8520 0.8521 0.8521 0.8521
2449.000000 0.8521 0.8521 0.8521 0.8521 0.8520
2444.000000 0.8520 0.8520 0.8520 0.8518 0.8518
2439.000000 0.8518 0.8518 0.8517 0.8516 0.8515
2434.000000 0.8514 0.8512 0.8511 0.8510 0.8509
2429.000000 0.8508 0.8507 0.8505 0.8504 0.8503
2424.000000 0.8502 0.8500 0.8499 0.8487 0.8475
2419.000000 0.8465 0.8456 0.8451 0.8447 0.8442
2414.000000 0.8438 0.8434 0.8430 0.8425 0.8423
2409.000000 0.8420 0.8417 0.8414 0.8411 0.8407
2404.000000 0.8404 0.8401 0.8398 0.8395 0.8393
2399.000000 0.8390 0.8388 0.8385 0.8383 0.8381
2394.000000 0.8378 0.8377 0.8375 0.8371 0.8370
2389.000000 0.8368 0.8366 0.8365 0.8365 0.8365
2384.000000 0.8366 0.8366 0.8367 0.8367 0.8368
2379.000000 0.8368 0.8371 0.8371 0.8374 0.8375
2374.000000 0.8375 0.8377 0.8378 0.8380 0.8382
2369.000000 0.8383 0.8385 0.8386 0.8387 0.8388
2364.000000 0.8389 0.8389 0.8390 0.8390 0.8391
2359.000000 0.8391 0.8392 0.8392 0.8393 0.8393
2354.000000 0.8393 0.8393 0.8393 0.8392 0.8392
2349.000000 0.8391 0.8391 0.8390 0.8390 0.8389
2344.000000 0.8389 0.8388 0.8387 0.8386 0.8386
2339.000000 0.8385 0.8384 0.8383 0.8383 0.8382
2334.000000 0.8381 0.8381 0.8382 0.8382 0.8383
2329.000000 0.8383 0.8384 0.8385 0.8386 0.8386
2324.000000 0.8387 0.8387 0.8388 0.8389 0.8390
2319.000000 0.8390 0.8391 0.8392 0.8393 0.8394
2314.000000 0.8395 0.8396 0.8397 0.8398 0.8399
2309.000000 0.8400 0.8401 0.8402 0.8402 0.8402
2304.000000 0.8402 0.8400 0.8398 0.8396 0.8394
2299.000000 0.8391 0.8389 0.8385 0.8382 0.8378
2294.000000 0.8374 0.8373 0.8373 0.8371 0.8371
2289.000000 0.8371 0.8371 0.8371 0.8371 0.8373
2284.000000 0.8375 0.8377 0.8378 0.8380 0.8382
2279.000000 0.8384 0.8386 0.8387 0.8388 0.8388
2274.000000 0.8388 0.8388 0.8389 0.8389 0.8389
2269.000000 0.8389 0.8389 0.8389 0.8389 0.8389
2264.000000 0.8389 0.8388 0.8387 0.8386 0.8385
2259.000000 0.8383 0.8382 0.8380 0.8378 0.8378
2254.000000 0.8378 0.8378 0.8378 0.8377 0.8377
2249.000000 0.8377 0.8377 0.8377 0.8377 0.8377
2244.000000 0.8377 0.8378 0.8380 0.8381 0.8382
2239.000000 0.8383 0.8384 0.8386 0.8388 0.8394
2234.000000 0.8401 0.8410 0.8418 0.8432 0.8445
2229.000000 0.8457 0.8468 0.8474 0.8478 0.8484
2224.000000 0.8489 0.8494 0.8499 0.8498 0.8498
2219.000000 0.8498 0.8498 0.8498 0.8498 0.8497
2214.000000 0.8497 0.8496 0.8495 0.8493 0.8491
2209.000000 0.8487 0.8484 0.8480 0.8475 0.8471
2204.000000 0.8468 0.8465 0.8462 0.8458 0.8455
2199.000000 0.8454 0.8453 0.8452 0.8451 0.8450
2194.000000 0.8449 0.8448 0.8448 0.8447 0.8447
2189.000000 0.8447 0.8449 0.8450 0.8451 0.8454
2184.000000 0.8457 0.8466 0.8475 0.8487 0.8499
2179.000000 0.8511 0.8523 0.8528 0.8536 0.8541
2174.000000 0.8547 0.8552 0.8558 0.8557 0.8556
2169.000000 0.8553 0.8550 0.8542 0.8534 0.8525
2164.000000 0.8518 0.8512 0.8505 0.8498 0.8491
2159.000000 0.8486 0.8481 0.8475 0.8471 0.8468
2154.000000 0.8467 0.8466 0.8466 0.8465 0.8465
2149.000000 0.8464 0.8464 0.8465 0.8466 0.8467
2144.000000 0.8468 0.8470 0.8471 0.8473 0.8475
2139.000000 0.8475 0.8478 0.8478 0.8481 0.8481
2134.000000 0.8482 0.8483 0.8484 0.8484 0.8485
2129.000000 0.8485 0.8486 0.8487 0.8488 0.8488
2124.000000 0.8489 0.8489 0.8490 0.8490 0.8491
2119.000000 0.8491 0.8491 0.8491 0.8492 0.8492
2114.000000 0.8492 0.8492 0.8493 0.8493 0.8493
2109.000000 0.8493 0.8494 0.8494 0.8494 0.8494
2104.000000 0.8495 0.8495 0.8495 0.8495 0.8496
2099.000000 0.8496 0.8496 0.8496 0.8496 0.8496
2094.000000 0.8496 0.8496 0.8497 0.8497 0.8497
2089.000000 0.8497 0.8497 0.8497 0.8498 0.8499
2084.000000 0.8500 0.8501 0.8502 0.8502 0.8503
2079.000000 0.8504 0.8505 0.8506 0.8507 0.8507
2074.000000 0.8507 0.8507 0.8508 0.8508 0.8508
2069.000000 0.8508 0.8509 0.8509 0.8509 0.8509
2064.000000 0.8510 0.8510 0.8510 0.8510 0.8511
2059.000000 0.8511 0.8511 0.8511 0.8512 0.8512
2054.000000 0.8512 0.8513 0.8514 0.8515 0.8516
2049.000000 0.8516 0.8517 0.8518 0.8518 0.8518
2044.000000 0.8520 0.8521 0.8521 0.8521 0.8523
2039.000000 0.8523 0.8524 0.8524 0.8525 0.8525
2034.000000 0.8525 0.8525 0.8527 0.8527 0.8527
2029.000000 0.8525 0.8525 0.8525 0.8524 0.8523
2024.000000 0.8521 0.8521 0.8521 0.8520 0.8518
2019.000000 0.8518 0.8517 0.8516 0.8516 0.8515
2014.000000 0.8514 0.8513 0.8512 0.8511 0.8510
2009.000000 0.8509 0.8508 0.8508 0.8509 0.8510
2004.000000 0.8511 0.8512 0.8513 0.8514 0.8516
1999.000000 0.8518 0.8518 0.8518 0.8520 0.8520
1994.000000 0.8521 0.8521 0.8521 0.8505 0.8487
1989.000000 0.8466 0.8450 0.8444 0.8437 0.8438
1984.000000 0.8439 0.8440 0.8440 0.8439 0.8439
1979.000000 0.8438 0.8437 0.8437 0.8436 0.8435
1974.000000 0.8431 0.8421 0.8408 0.8390 0.8371
1969.000000 0.8353 0.8337 0.8320 0.8304 0.8288
1964.000000 0.8271 0.8263 0.8257 0.8259 0.8263
1959.000000 0.8267 0.8274 0.8281 0.8288 0.8292
1954.000000 0.8294 0.8296 0.8298 0.8300 0.8302
1949.000000 0.8305 0.8307 0.8310 0.8312 0.8314
1944.000000 0.8314 0.8315 0.8313 0.8296 0.8261
1939.000000 0.8234 0.8208 0.8184 0.8168 0.8156
1934.000000 0.8134 0.8151 0.8154 0.8158 0.8174
1929.000000 0.8192 0.8210 0.8227 0.8245 0.8262
1924.000000 0.8277 0.8292 0.8307 0.8321 0.8338
1919.000000 0.8353 0.8363 0.8370 0.8377 0.8385
1914.000000 0.8392 0.8399 0.8397 0.8394 0.8391
1909.000000 0.8389 0.8387 0.8385 0.8383 0.8381
1904.000000 0.8381 0.8381 0.8383 0.8384 0.8385
1899.000000 0.8386 0.8388 0.8392 0.8395 0.8399
1894.000000 0.8403 0.8406 0.8410 0.8414 0.8417
1889.000000 0.8421 0.8425 0.8427 0.8428 0.8428
1884.000000 0.8430 0.8431 0.8431 0.8431 0.8428
1879.000000 0.8425 0.8421 0.8418 0.8415 0.8412
1874.000000 0.8409 0.8406 0.8403 0.8401 0.8397
1869.000000 0.8392 0.8387 0.8382 0.8377 0.8371
1864.000000 0.8367 0.8362 0.8357 0.8351 0.8344
1859.000000 0.8337 0.8330 0.8324 0.8317 0.8310
1854.000000 0.8313 0.8320 0.8327 0.8334 0.8341
1849.000000 0.8348 0.8355 0.8356 0.8357 0.8358
1844.000000 0.8358 0.8357 0.8354 0.8350 0.8346
1839.000000 0.8338 0.8315 0.8293 0.8271 0.8243
1834.000000 0.8213 0.8183 0.8150 0.8114 0.8094
1829.000000 0.8068 0.8085 0.8086 0.8088 0.8089
1824.000000 0.8093 0.8100 0.8107 0.8114 0.8121
1819.000000 0.8125 0.8130 0.8133 0.8137 0.8140
1814.000000 0.8140 0.8139 0.8138 0.8136 0.8135
1809.000000 0.8134 0.8131 0.8126 0.8121 0.8118
1804.000000 0.8114 0.8110 0.8106 0.8101 0.8098
1799.000000 0.8092 0.8086 0.8081 0.8075 0.8068
1794.000000 0.8062 0.8057 0.8051 0.8042 0.8031
1789.000000 0.8019 0.8008 0.7997 0.7986 0.7971
1784.000000 0.7950 0.7928 0.7906 0.7885 0.7862
1779.000000 0.7841 0.7818 0.7796 0.7772 0.7750
1774.000000 0.7725 0.7703 0.7680 0.7657 0.7634
1769.000000 0.7605 0.7572 0.7541 0.7510 0.7478
1764.000000 0.7446 0.7399 0.7351 0.7304 0.7257
1759.000000 0.7208 0.7153 0.7097 0.7042 0.6947
1754.000000 0.6811 0.6678 0.6545 0.6417 0.6289
1749.000000 0.6149 0.5748 0.5580 0.5342 0.4971
1744.000000 0.4619 0.4308 0.3856 0.3326 0.2850
1739.000000 0.2374 0.1898 0.1391 0.1211 0.1050
1734.000000 0.0889 0.0730 0.0569 0.0409 0.0249
1729.000000 0.0143 0.0112 0.0089 0.0069 0.0059
1724.000000 0.0050 0.0045 0.0039 0.0034 0.0032
1719.000000 0.0030 0.0013 0.0027 0.0028 0.0029
1714.000000 0.0029 0.0034 0.0045 0.0059 0.0089
1709.000000 0.0119 0.0148 0.0250 0.0640 0.1065
1704.000000 0.1363 0.1907 0.2219 0.2603 0.2984
1699.000000 0.3366 0.3706 0.3934 0.4146 0.4357
1694.000000 0.4546 0.4760 0.5037 0.5260 0.5395
1689.000000 0.5527 0.5619 0.5691 0.5762 0.5842
1684.000000 0.5924 0.6007 0.6130 0.6254 0.6330
1679.000000 0.6406 0.6481 0.6562 0.6658 0.6753
1674.000000 0.6843 0.6911 0.6981 0.7050 0.7118
1669.000000 0.7181 0.7242 0.7304 0.7365 0.7421
1664.000000 0.7472 0.7525 0.7575 0.7600 0.7622
1659.000000 0.7647 0.7669 0.7694 0.7717 0.7740
1654.000000 0.7760 0.7778 0.7799 0.7818 0.7838
1649.000000 0.7857 0.7876 0.7897 0.7917 0.7939
1644.000000 0.7961 0.7983 0.8000 0.8018 0.8035
1639.000000 0.8049 0.8055 0.8060 0.8061 0.8061
1634.000000 0.8061 0.8062 0.8060 0.8057 0.8048
1629.000000 0.8047 0.8047 0.8045 0.8043 0.8041
1624.000000 0.8039 0.8037 0.8036 0.8035 0.8034
1619.000000 0.8033 0.8033 0.8032 0.8031 0.8030
1614.000000 0.8028 0.8028 0.8025 0.8021 0.8018
1609.000000 0.8015 0.8003 0.7991 0.7962 0.7928
1604.000000 0.7895 0.7611 0.7125 0.5708 0.5729
1599.000000 0.5781 0.5932 0.6083 0.6234 0.6384
1594.000000 0.6535 0.6686 0.6837 0.6988 0.7139
1589.000000 0.7290 0.7318 0.7331 0.7350 0.7343
1584.000000 0.7198 0.6761 0.6323 0.5886 0.5448
1579.000000 0.5262 0.5286 0.5317 0.5532 0.5818
1574.000000 0.6105 0.6391 0.6678 0.6964 0.7251
1569.000000 0.7371 0.7453 0.7525 0.7578 0.7631
1564.000000 0.7685 0.7737 0.7786 0.7836 0.7885
1559.000000 0.7934 0.7954 0.7974 0.7995 0.8015
1554.000000 0.8032 0.8045 0.8058 0.8072 0.8086
1549.000000 0.8097 0.8105 0.8111 0.8119 0.8125
1544.000000 0.8128 0.8132 0.8136 0.8136 0.8137
1539.000000 0.8135 0.8135 0.8134 0.8124 0.8118
1534.000000 0.8111 0.8104 0.8098 0.8095 0.8092
1529.000000 0.8089 0.8087 0.8084 0.8082 0.8081
1524.000000 0.8078 0.8078 0.8075 0.8075 0.8072
1519.000000 0.8071 0.8068 0.8065 0.8064 0.8055
1514.000000 0.8045 0.8035 0.8024 0.8011 0.7991
1509.000000 0.7969 0.7949 0.7928 0.7908 0.7888
1504.000000 0.7867 0.7847 0.7826 0.7807 0.7785
1499.000000 0.7762 0.7740 0.7718 0.7690 0.7661
1494.000000 0.7618 0.7511 0.7256 0.6890 0.6525
1489.000000 0.6160 0.5907 0.5924 0.6052 0.6179
1484.000000 0.6306 0.6433 0.6560 0.6687 0.6815
1479.000000 0.6942 0.7068 0.7196 0.7311 0.7339
1474.000000 0.7361 0.7418 0.7388 0.7389 0.5589
1469.000000 0.5673 0.5720 0.5833 0.5947 0.6060
1464.000000 0.6173 0.6303 0.6306 0.6292 0.6254
1459.000000 0.6194 0.5589 0.4210 0.2834 0.2102
1454.000000 0.2260 0.2411 0.2579 0.2566 0.2039
1449.000000 0.1793 0.2200 0.3537 0.4820 0.4978
1444.000000 0.5130 0.5238 0.5349 0.5556 0.5762
1439.000000 0.5970 0.6177 0.6385 0.6592 0.6799
1434.000000 0.6853 0.6788 0.6764 0.6804 0.6907
1429.000000 0.7010 0.7112 0.7215 0.7318 0.7421
1424.000000 0.7480 0.7519 0.7550 0.7580 0.7599
1419.000000 0.7611 0.7621 0.7632 0.7641 0.7650
1414.000000 0.7653 0.7655 0.7656 0.7658 0.7658
1409.000000 0.7660 0.7660 0.7660 0.7658 0.7633
1404.000000 0.7655 0.7653 0.7651 0.7649 0.7644
1399.000000 0.7639 0.7634 0.7630 0.7625 0.7618
1394.000000 0.7608 0.7599 0.7589 0.7578 0.7568
1389.000000 0.7553 0.7537 0.7521 0.7499 0.7468
1384.000000 0.7436 0.7405 0.7354 0.7290 0.7225
1379.000000 0.7139 0.7050 0.6918 0.6767 0.6515
1374.000000 0.5971 0.5360 0.5356 0.5432 0.5601
1369.000000 0.5770 0.5939 0.6108 0.6277 0.6360
1364.000000 0.6373 0.6372 0.6372 0.6234 0.5833
1359.000000 0.5371 0.5379 0.5455 0.5577 0.5700
1354.000000 0.5823 0.5904 0.5833 0.4341 0.4160
1349.000000 0.4398 0.4806 0.5214 0.5622 0.5690
1344.000000 0.5683 0.5694 0.5484 0.4786 0.3956
1339.000000 0.3956 0.4026 0.4115 0.4204 0.4293
1334.000000 0.4382 0.4471 0.4560 0.4649 0.4707
1329.000000 0.4719 0.4717 0.4681 0.4625 0.4570
1324.000000 0.4514 0.4458 0.4402 0.4347 0.4291
1319.000000 0.4175 0.3022 0.2187 0.1566 0.1582
1314.000000 0.1620 0.1914 0.2209 0.2504 0.2799
1309.000000 0.3093 0.3318 0.3356 0.3324 0.3226
1304.000000 0.2995 0.2765 0.2534 0.2304 0.2074
1299.000000 0.1843 0.1613 0.1448 0.1306 0.1182
1294.000000 0.1099 0.1016 0.0882 0.0706 0.0540
1289.000000 0.0381 0.0268 0.0203 0.0163 0.0126
1284.000000 0.0103 0.0081 0.0065 0.0049 0.0048
1279.000000 0.0046 0.0043 0.0040 0.0037 0.0035
1274.000000 0.0035 0.0035 0.0035 0.0039 0.0039
1269.000000 0.0052 0.0059 0.0067 0.0071 0.0074
1264.000000 0.0078 0.0080 0.0080 0.0080 0.0077
1259.000000 0.0075 0.0072 0.0071 0.0069 0.0067
1254.000000 0.0065 0.0070 0.0089 0.0116 0.0157
1249.000000 0.0286 0.0484 0.0803 0.1034 0.1265
1244.000000 0.1496 0.1727 0.1957 0.2188 0.2419
1239.000000 0.2650 0.2834 0.2853 0.2858 0.2789
1234.000000 0.2729 0.2742 0.2913 0.3986 0.5059
1229.000000 0.5588 0.5870 0.6050 0.6193 0.6293
1224.000000 0.6393 0.6474 0.6554 0.6633 0.6711
1219.000000 0.6787 0.6862 0.6937 0.7006 0.7074
1214.000000 0.7126 0.7181 0.7235 0.7287 0.7330
1209.000000 0.7371 0.7415 0.7454 0.7486 0.7518
1204.000000 0.7548 0.7567 0.7578 0.7590 0.7621
1199.000000 0.7608 0.7614 0.7617 0.7611 0.7599
1194.000000 0.7574 0.7401 0.7224 0.7053 0.7051
1189.000000 0.7145 0.7306 0.7468 0.7630 0.7710
1184.000000 0.7754 0.7790 0.7808 0.7828 0.7842
1179.000000 0.7854 0.7867 0.7878 0.7888 0.7897
1174.000000 0.7900 0.7901 0.7901 0.7889 0.7875
1169.000000 0.7849 0.7821 0.7767 0.7703 0.7611
1164.000000 0.7505 0.7284 0.6608 0.5959 0.5360
1159.000000 0.4867 0.4802 0.4741 0.4673 0.4629
1154.000000 0.4600 0.4606 0.4833 0.5017 0.5202
1149.000000 0.5386 0.5571 0.5755 0.5779 0.5779
1144.000000 0.5780 0.5746 0.5469 0.4762 0.4056
1139.000000 0.3350 0.2643 0.1936 0.1511 0.1415
1134.000000 0.1351 0.1290 0.1235 0.1180 0.1126
1129.000000 0.1071 0.1016 0.0959 0.0895 0.0818
1124.000000 0.0743 0.0668 0.0548 0.0396 0.0342
1119.000000 0.0287 0.0318 0.0318 0.0334 0.0357
1114.000000 0.0416 0.0488 0.0596 0.0971 0.1665
1109.000000 0.2546 0.3427 0.3860 0.4147 0.4470
1104.000000 0.4792 0.5114 0.5437 0.5759 0.6081
1099.000000 0.6346 0.6447 0.6537 0.6585 0.6604
1094.000000 0.6643 0.6622 0.6569 0.6491 0.6468
1089.000000 0.6487 0.6508 0.6536 0.6564 0.6592
1084.000000 0.6619 0.6648 0.6665 0.6645 0.6219
1079.000000 0.5612 0.5005 0.4398 0.3134 0.2749
1074.000000 0.2364 0.1979 0.1595 0.1210 0.0825
1069.000000 0.0488 0.0357 0.0310 0.0321 0.0324
1064.000000 0.0351 0.0410 0.0493 0.0609 0.0769
1059.000000 0.4433 0.5160 0.5692 0.5866 0.5989
1054.000000 0.6085 0.6179 0.6266 0.6346 0.6412
1049.000000 0.6457 0.6493 0.6537 0.6582 0.6618
1044.000000 0.6665 0.6643 0.6638 0.6628 0.5671
1039.000000 0.4566 0.3459 0.2447 0.2392 0.2307
1034.000000 0.2332 0.2328 0.2330 0.2626 0.3350
1029.000000 0.4076 0.4783 0.4915 0.5117 0.5338
1024.000000 0.5559 0.5779 0.6000 0.6081 0.6082
1019.000000 0.6092 0.5775 0.5279 0.4782 0.4286
1014.000000 0.3790 0.3294 0.2798 0.2302 0.1806
1009.000000 0.1489 0.1509 0.1598 0.1783 0.1967
1004.000000 0.2152 0.2337 0.3390 0.6312 0.6590
999.000000 0.6761 0.7043 0.7243 0.7414 0.7528
994.000000 0.7640 0.7751 0.7857 0.7964 0.8060
989.000000 0.8154 0.8238 0.8315 0.8363 0.8410
984.000000 0.8453 0.8461 0.8468 0.8478 0.8487
979.000000 0.8498 0.8510 0.8527 0.8554 0.8583
974.000000 0.8612 0.8641 0.8674 0.8695 0.8714
969.000000 0.8732 0.8748 0.8761 0.8753 0.8778
964.000000 0.8781 0.8768 0.8758 0.8739 0.8702
959.000000 0.8666 0.8597 0.8503 0.8382 0.7797
954.000000 0.7162 0.6885 0.6880 0.7269 0.7521
949.000000 0.7771 0.7774 0.7598 0.7075 0.6553
944.000000 0.6031 0.5508 0.4986 0.4462 0.3941
939.000000 0.3418 0.3310 0.3334 0.3528 0.3722
934.000000 0.3914 0.4008 0.4423 0.4973 0.5523
929.000000 0.6073 0.6624 0.6524 0.6145 0.5766
924.000000 0.5476 0.5470 0.5466 0.5233 0.4680
919.000000 0.4126 0.3876 0.3870 0.3884 0.4339
914.000000 0.4795 0.5251 0.5707 0.6162 0.6404
909.000000 0.6546 0.6688 0.6830 0.6935 0.6915
904.000000 0.6758 0.6547 0.6336 0.6029 0.6053
899.000000 0.6576 0.7326 0.7448 0.7511 0.7538
894.000000 0.7584 0.7571 0.7576 0.6478 0.5245
889.000000 0.4919 0.5034 0.5520 0.6007 0.6493
884.000000 0.6980 0.7465 0.7728 0.7812 0.7910
879.000000 0.8022 0.8135 0.8247 0.8359 0.8471
874.000000 0.8584 0.8696 0.8734 0.8766 0.8775
869.000000 0.8780 0.8778 0.8778 0.8766 0.8740
864.000000 0.8518 0.8236 0.7954 0.7871 0.7904
859.000000 0.8000 0.8095 0.8191 0.8218 0.8218
854.000000 0.8212 0.8191 0.8180 0.8257 0.8416
849.000000 0.8575 0.8733 0.8821 0.8810 0.8801
844.000000 0.8790 0.8716 0.8442 0.7931 0.7419
839.000000 0.7001 0.6717 0.6434 0.6150 0.5867
834.000000 0.5638 0.5723 0.6289 0.6855 0.7421
829.000000 0.7493 0.7521 0.7567 0.7621 0.7715
824.000000 0.7811 0.8025 0.8283 0.8542 0.8721
819.000000 0.8761 0.8794 0.8823 0.8848 0.8865
814.000000 0.8877 0.8886 0.8892 0.8917 0.8899
809.000000 0.8896 0.8889 0.8883 0.8864 0.8839
804.000000 0.8763 0.8565 0.8446 0.8325 0.8207
799.000000 0.8088 0.7968 0.7850 0.7731 0.7611
794.000000 0.7501 0.7439 0.7371 0.7307 0.7307
789.000000 0.7305 0.7304 0.7291 0.7272 0.7253
784.000000 0.7235 0.7218 0.7211 0.7211 0.7214
779.000000 0.7217 0.7217 0.7217 0.7212 0.7210
774.000000 0.7199 0.7185 0.7171 0.7158 0.7145
769.000000 0.7125 0.7106 0.7088 0.7069 0.7051
764.000000 0.7034 0.7018 0.7001 0.6985 0.6957
759.000000 0.6928 0.6853 0.6710 0.6556 0.6443
754.000000 0.6333 0.6212 0.6073 0.5923 0.5623
749.000000 0.5335 0.5047 0.4760 0.4472 0.4184
744.000000 0.3896 0.3609 0.3321 0.3033 0.2745
739.000000 0.2458 0.2170 0.2122 0.2123 0.2484
734.000000 0.3108 0.3732 0.4358 0.4983 0.5777
729.000000 0.6194 0.6611 0.7028 0.7244 0.7361
724.000000 0.7471 0.7572 0.7647 0.7719 0.7787
719.000000 0.7858 0.7904 0.7918 0.7932 0.7934
714.000000 0.7943 0.7940 0.7933 0.7914 0.7878
709.000000 0.7404 0.6891 0.6377 0.5864 0.5350
704.000000 0.4836 0.4534 0.4553 0.4881 0.5254
699.000000 0.5627 0.6000 0.6373 0.6510 0.6585
694.000000 0.6654 0.6717 0.6776 0.6848 0.6924
689.000000 0.7000 0.7078 0.7200 0.7441 0.7681
684.000000 0.7921 0.8161 0.8402 0.8642 0.8728
679.000000 0.8781 0.8831 0.8870 0.8897 0.8912
674.000000 0.8925 0.8939 0.8952 0.8957 0.8963
669.000000 0.8968 0.8975 0.8981 0.9004 0.8990
664.000000 0.8991 0.8992 0.8992 0.8987 0.8983
659.000000 0.8968 0.8950 0.8906 0.8844 0.8757
654.000000 0.8508 0.8197 0.7887 0.7575 0.7499
649.000000 0.7482 0.7475 0.7500 0.7526 0.7569
644.000000 0.7628 0.7696 0.7768 0.7868 0.8005
639.000000 0.8149 0.8296 0.8442 0.8561 0.8640
634.000000 0.8710 0.8747 0.8785 0.8815 0.8831
629.000000 0.8847 0.8861 0.8868 0.8875 0.8883
624.000000 0.8891 0.8892 0.8875 0.8895 0.8896
619.000000 0.8896 0.8895 0.8894 0.8893 0.8890
614.000000 0.8884 0.8878 0.8871 0.8865 0.8850
609.000000 0.8835 0.8820 0.8796 0.8771 0.8718
604.000000 0.8604 0.8214 0.8151 0.8092 0.8061
599.000000 0.8040 0.8021 0.8011 0.8004 0.7987
594.000000 0.7992 0.7997 0.8025 0.8055 0.8091
589.000000 0.8139 0.8186 0.8233 0.8275 0.8317
584.000000 0.8360 0.8403 0.8446 0.8489 0.8532
579.000000 0.8560 0.8587 0.8615 0.8642 0.8659
574.000000 0.8675 0.8692 0.8706 0.8717 0.8728
569.000000 0.8741 0.8750 0.8750 0.8751 0.8752
564.000000 0.8753 0.8755 0.8757 0.8757 0.8744
559.000000 0.8731 0.8718 0.8698 0.8673 0.8645
554.000000 0.8625 0.8611 0.8597 0.8608 0.8592
549.000000 0.8592 0.8592 0.8593 0.8594 0.8595
544.000000 0.8596 0.8597 0.8598 0.8599 0.8599
539.000000 0.8599 0.8599 0.8597 0.8595 0.8593
534.000000 0.8583 0.8566 0.8546 0.8517 0.8489
529.000000 0.8471 0.8456 0.8440 0.8425 0.8418
524.000000 0.8410 0.8405 0.8403 0.8408 0.8413
519.000000 0.8418 0.8424 0.8428 0.8434 0.8444
514.000000 0.8454 0.8465 0.8475 0.8486 0.8499
509.000000 0.8513 0.8525 0.8540 0.8553 0.8567
504.000000 0.8575 0.8586 0.8595 0.8604 0.8613
499.000000 0.8618 0.8623 0.8623 0.8623 0.8620
494.000000 0.8597 0.8547 0.8481 0.8449 0.8446
489.000000 0.8443 0.8441 0.8440 0.8438 0.8425
484.000000 0.8390 0.8264 0.8175 0.8101 0.8061
479.000000 0.8031 0.8003 0.7981 0.7958 0.7937
474.000000 0.7930 0.7934 0.7935 0.7941 0.7950
469.000000 0.7958 0.7967 0.7975 0.7985 0.7994
464.000000 0.8003 0.8011 0.8024 0.8041 0.8057
459.000000 0.8074 0.8090 0.8108 0.8126 0.8145
454.000000 0.8154 0.8162 0.8162 0.8158 0.8154
449.000000 0.8149 0.8145 0.8141 0.8142 0.8143
444.000000 0.8145 0.8146 0.8147 0.8149 0.8150
439.000000 0.8153 0.8156 0.8158 0.8161 0.8165
434.000000 0.8168 0.8171 0.8175 0.8178 0.8181
429.000000 0.8185 0.8188 0.8191 0.8194 0.8197
424.000000 0.8200 0.8202 0.8205 0.8207 0.8209
419.000000 0.8211 0.8213 0.8215 0.8217 0.8218
414.000000 0.8221 0.8223 0.8225 0.8228 0.8230
409.000000 0.8232 0.8234 0.8236 0.8238 0.8240
404.000000 0.8243 0.8245 0.8260 0.8250 0.8252
399.000000 0.8254 0.8257 0.8259 0.8262 0.8265
394.000000 0.8268 0.8271 0.8271 0.8271
##END=
