##TITLE=2,6-DIMETHYL ANILINE
##JCAMP-DX=4.24
##DATA TYPE=INFRARED SPECTRUM
##CLASS=COBLENTZ
##ORIGIN=DOW CHEMICAL COMPANY
##OWNER=COBLENTZ SOCIETY
Collection (C) 2018 copyright by the U.S. Secretary of Commerce
on behalf of the United States of America. All rights reserved.
##DATE=Not specified, most likely prior to 1970
##NAMES=2,6-dimethylphenylamine
2,6-dimethylaniline
##CAS REGISTRY NO=87-62-7
##MOLFORM=C8 H11 N
##SOURCE REFERENCE=COBLENTZ NO. 4180
##$NIST SOURCE=COBLENTZ
##$NIST IMAGE=cob4180
##SPECTROMETER/DATA SYSTEM=Not specified, most likely a prism, grating, or hybrid spectrometer.
##STATE=SOLUTION (10% IN CCl4 FOR 5000-1350 CM^-^1, 10% IN CS2 FOR 1350-625 CM^-^1)
##PATH LENGTH=0.01 CM, 0.01 CM
$$SPECTRAL CONTAMINATION DUE TO CCl4 AROUND 1550 CM^-^1
##SAMPLING PROCEDURE=TRANSMISSION
##RESOLUTION=4
##DATA PROCESSING=DIGITIZED BY NIST FROM HARD COPY
##XUNITS=MICROMETERS
##YUNITS=TRANSMITTANCE
##XFACTOR=1.000000
##YFACTOR=1
##DELTAX=000.006526
##FIRSTX=2.028
##LASTX=15.9022
##FIRSTY=0.803
##MAXX=15.9022
##MINX=2.028
##MAXY=0.947
##MINY=0
##NPOINTS=2127
##XYDATA=(X++(Y..Y))
2.028000 0.8030 0.8040 0.8040 0.8040 0.8040
2.060646 0.8080 0.8080 0.8090 0.8090 0.8110
2.093000 0.8110 0.8110 0.8110 0.8110 0.8110
2.125646 0.8110 0.8110 0.8110 0.8110 0.8110
2.158000 0.8130 0.8130 0.8160 0.8190 0.8210
2.190646 0.8210 0.8210 0.8210 0.8210 0.8210
2.223000 0.8210 0.8210 0.8190 0.8170 0.8140
2.255646 0.8140 0.8140 0.8140 0.8140 0.8140
2.289000 0.8140 0.8140 0.8140 0.8140 0.8140
2.321646 0.8140 0.8140 0.8190 0.8210 0.8220
2.354000 0.8220 0.8240 0.8260 0.8290 0.8290
2.386646 0.8290 0.8300 0.8300 0.8300 0.8300
2.419000 0.8270 0.8270 0.8260 0.8260 0.8260
2.451646 0.8260 0.8260 0.8260 0.8270 0.8270
2.484000 0.8270 0.8270 0.8270 0.8270 0.8270
2.516646 0.8270 0.8270 0.8270 0.8270 0.8260
2.550000 0.8260 0.8270 0.8270 0.8260 0.8240
2.582646 0.8240 0.8240 0.8260 0.8260 0.8290
2.615000 0.8340 0.8400 0.8400 0.8420 0.8430
2.647646 0.8430 0.8450 0.8450 0.8430 0.8430
2.680000 0.8430 0.8450 0.8480 0.8500 0.8500
2.712646 0.8500 0.8520 0.8520 0.8520 0.8520
2.745000 0.8520 0.8520 0.8520 0.8520 0.8500
2.777646 0.8480 0.8420 0.8400 0.8340 0.8270
2.811000 0.8190 0.8110 0.8000 0.7830 0.7600
2.843646 0.7280 0.6950 0.6610 0.6370 0.6090
2.876000 0.6030 0.6030 0.6300 0.6610 0.7000
2.908646 0.7020 0.7020 0.6730 0.6270 0.6110
2.941000 0.6110 0.6190 0.6680 0.6950 0.8110
2.973646 0.8220 0.8370 0.8480 0.8480 0.8450
3.007000 0.8420 0.8420 0.8430 0.8480 0.8480
3.039646 0.8500 0.8520 0.8520 0.8520 0.8500
3.072000 0.8480 0.8470 0.8400 0.8370 0.8300
3.104646 0.8290 0.8290 0.8290 0.8300 0.8340
3.137000 0.8400 0.8420 0.8430 0.8450 0.8480
3.169646 0.8480 0.8480 0.8430 0.8390 0.8350
3.202000 0.8220 0.8040 0.7930 0.7800 0.7650
3.234646 0.7460 0.7250 0.6950 0.6710 0.6520
3.268000 0.6260 0.6090 0.5950 0.5700 0.5540
3.300646 0.5440 0.5430 0.5460 0.5620 0.5820
3.333000 0.6010 0.6040 0.6010 0.5600 0.5300
3.365646 0.5000 0.4820 0.4790 0.4790 0.4760
3.398000 0.4580 0.4260 0.3820 0.3600 0.3590
3.430646 0.3620 0.4130 0.4260 0.4630 0.4950
3.463000 0.5040 0.5100 0.5120 0.5130 0.5260
3.495646 0.5560 0.5960 0.6520 0.7210 0.7910
3.529000 0.8260 0.8340 0.8340 0.8390 0.8470
3.561646 0.8650 0.8730 0.8780 0.8760 0.8690
3.594000 0.8690 0.8730 0.8760 0.8740 0.8600
3.626646 0.8550 0.8520 0.8480 0.8450 0.8430
3.659000 0.8430 0.8470 0.8550 0.8790 0.8910
3.691646 0.8910 0.8910 0.8910 0.8920 0.8950
3.724000 0.9000 0.9040 0.9080 0.9100 0.9100
3.756646 0.9100 0.9100 0.9080 0.9000 0.8890
3.790000 0.8810 0.8810 0.8840 0.8920 0.8990
3.822646 0.9050 0.9100 0.9150 0.9210 0.9230
3.855000 0.9230 0.9230 0.9120 0.9170 0.9280
3.887646 0.9280 0.9280 0.9170 0.9170 0.9300
3.920000 0.9300 0.9280 0.9280 0.9180 0.9200
3.952646 0.9310 0.9330 0.9300 0.9250 0.9180
3.985000 0.9170 0.9200 0.9330 0.9330 0.9310
4.017646 0.9170 0.9310 0.9310 0.9200 0.9200
4.051000 0.9200 0.9210 0.9210 0.9310 0.9300
4.083646 0.9170 0.9170 0.9210 0.9340 0.9210
4.116000 0.9210 0.9210 0.9230 0.9410 0.9430
4.148646 0.9390 0.9300 0.9260 0.9280 0.9280
4.181000 0.9280 0.9280 0.9280 0.9260 0.9210
4.213646 0.9200 0.9200 0.9200 0.9200 0.9200
4.246000 0.9180 0.9180 0.9180 0.9180 0.9180
4.278646 0.9180 0.9180 0.9180 0.9180 0.9180
4.312000 0.9180 0.9180 0.9200 0.9210 0.9210
4.344646 0.9210 0.9210 0.9180 0.9200 0.9280
4.377000 0.9300 0.9280 0.9260 0.9230 0.9250
4.409646 0.9330 0.9360 0.9360 0.9360 0.9380
4.442000 0.9390 0.9430 0.9440 0.9440 0.9380
4.474646 0.9380 0.9440 0.9460 0.9470 0.9470
4.508000 0.9440 0.9410 0.9410 0.9430 0.9460
4.540646 0.9470 0.9470 0.9460 0.9440 0.9430
4.573000 0.9430 0.9410 0.9410 0.9410 0.9410
4.605646 0.9460 0.9460 0.9410 0.9390 0.9390
4.638000 0.9380 0.9380 0.9380 0.9380 0.9380
4.670646 0.9390 0.9390 0.9410 0.9410 0.9430
4.703000 0.9430 0.9430 0.9430 0.9430 0.9410
4.735646 0.9390 0.9390 0.9380 0.9380 0.9380
4.769000 0.9380 0.9390 0.9430 0.9430 0.9440
4.801646 0.9430 0.9410 0.9380 0.9380 0.9390
4.834000 0.9430 0.9430 0.9380 0.9340 0.9330
4.866646 0.9310 0.9330 0.9360 0.9380 0.9390
4.899000 0.9390 0.9390 0.9390 0.9380 0.9380
4.931646 0.9390 0.9410 0.9410 0.9410 0.9390
4.964000 0.9380 0.9360 0.9380 0.9380 0.9410
4.996646 0.9410 0.9410 0.9390 0.9330 0.9310
5.030000 0.9360 0.9430 0.9430 0.9410 0.9380
5.062646 0.9380 0.9380 0.9390 0.9430 0.9440
5.095000 0.9430 0.9410 0.9390 0.9340 0.9340
5.127646 0.9340 0.9330 0.9340 0.9330 0.9330
5.160000 0.9310 0.9300 0.9280 0.9260 0.9260
5.192646 0.9260 0.9250 0.9230 0.9200 0.9200
5.225000 0.9200 0.9150 0.9050 0.8860 0.8680
5.257646 0.8610 0.8580 0.8600 0.8680 0.8840
5.291000 0.8970 0.9070 0.9210 0.9280 0.9280
5.323646 0.9280 0.9280 0.9280 0.9280 0.9280
5.356000 0.9300 0.9300 0.9310 0.9300 0.9260
5.388646 0.9210 0.9150 0.9040 0.8920 0.8820
5.421000 0.8740 0.8650 0.8630 0.8660 0.8740
5.453646 0.8920 0.9050 0.9150 0.9300 0.9330
5.486000 0.9340 0.9340 0.9330 0.9300 0.9300
5.518646 0.9250 0.9210 0.9210 0.9200 0.9180
5.552000 0.9130 0.9100 0.9000 0.8940 0.8840
5.584646 0.8710 0.8690 0.8690 0.8710 0.8740
5.617000 0.8780 0.8840 0.8910 0.8970 0.9050
5.649646 0.9120 0.9180 0.9210 0.9230 0.9230
5.682000 0.9210 0.9200 0.9180 0.9170 0.9170
5.714646 0.9170 0.9170 0.9180 0.9180 0.9180
5.747000 0.9200 0.9200 0.9200 0.9200 0.9200
5.779646 0.9200 0.9200 0.9180 0.9170 0.9130
5.813000 0.9120 0.9080 0.9050 0.9020 0.9020
5.845646 0.9000 0.8970 0.8920 0.8890 0.8840
5.878000 0.8810 0.8790 0.8760 0.8730 0.8710
5.910646 0.8690 0.8630 0.8600 0.8520 0.8470
5.943000 0.8400 0.8320 0.8260 0.8140 0.8010
5.975646 0.7910 0.7860 0.7750 0.7600 0.7440
6.009000 0.7310 0.7180 0.7070 0.6940 0.6780
6.041646 0.6560 0.6290 0.5950 0.5600 0.5260
6.074000 0.4920 0.4550 0.4160 0.3820 0.3340
6.106646 0.2870 0.2450 0.1960 0.1590 0.1340
6.139000 0.1150 0.1000 0.0920 0.0910 0.0920
6.171646 0.1150 0.1410 0.1850 0.2270 0.2690
6.204000 0.3100 0.3510 0.3880 0.4210 0.4500
6.236646 0.4760 0.4950 0.5080 0.5130 0.5200
6.270000 0.5250 0.5300 0.5340 0.5390 0.5430
6.302646 0.5460 0.5470 0.5490 0.5510 0.5510
6.335000 0.5520 0.5520 0.5520 0.5490 0.5460
6.367646 0.5390 0.5330 0.5310 0.5200 0.5120
6.400000 0.5050 0.4970 0.4890 0.4810 0.4760
6.432646 0.4710 0.4690 0.4690 0.4690 0.4710
6.465000 0.4760 0.4860 0.4970 0.5050 0.5150
6.497646 0.5340 0.5380 0.5470 0.5520 0.5570
6.531000 0.5590 0.5620 0.5640 0.5690 0.5730
6.563646 0.5820 0.5830 0.5850 0.5880 0.5930
6.596000 0.5950 0.5960 0.6000 0.6000 0.5980
6.628646 0.5930 0.5860 0.5780 0.5640 0.5470
6.661000 0.5250 0.4970 0.4580 0.4190 0.3360
6.693646 0.2680 0.2000 0.1470 0.0970 0.0450
6.726000 0.0220 0.0210 0.0220 0.0470 0.0780
6.758646 0.1150 0.1470 0.1910 0.2480 0.2760
6.792000 0.3180 0.3700 0.4220 0.4550 0.4810
6.824646 0.4920 0.5020 0.5080 0.5080 0.5000
6.857000 0.4710 0.4260 0.3950 0.3700 0.3380
6.889646 0.3070 0.3070 0.3210 0.3310 0.3460
6.922000 0.3700 0.3900 0.4010 0.4110 0.4190
6.954646 0.4270 0.4450 0.4680 0.5000 0.5360
6.987000 0.5720 0.6110 0.6550 0.7070 0.7690
7.019646 0.8300 0.8390 0.8400 0.8450 0.8470
7.053000 0.8480 0.8500 0.8530 0.8600 0.8630
7.085646 0.8630 0.8650 0.8650 0.8630 0.8610
7.118000 0.8610 0.8600 0.8600 0.8580 0.8580
7.150646 0.8530 0.8520 0.8470 0.8350 0.8160
7.183000 0.7960 0.7820 0.7490 0.7250 0.7020
7.215646 0.6860 0.6680 0.6650 0.6660 0.6860
7.248000 0.7250 0.7800 0.8260 0.8530 0.8740
7.280646 0.8760 0.8780 0.8780 0.8790 0.8820
7.314000 0.8870 0.8940 0.9000 0.9050 0.9120
7.346646 0.9200 0.9210 0.9230 0.9230 0.9230
7.379000 0.9210 0.9210 0.9200 0.9180 0.9180
7.411646 0.9180 0.9180 0.9180 0.9180 0.9180
7.444000 0.9180 0.9170 0.9120 0.9080 0.9000
7.476646 0.8910 0.8810 0.8760 0.8680 0.8550
7.510000 0.8400 0.8210 0.7980 0.7670 0.7410
7.542646 0.7250 0.7000 0.6790 0.6690 0.6660
7.575000 0.6680 0.6970 0.7200 0.7330 0.7460
7.607646 0.7570 0.7670 0.7770 0.7850 0.7910
7.640000 0.7960 0.8000 0.8010 0.8010 0.8000
7.672646 0.7910 0.7900 0.7800 0.7730 0.7700
7.705000 0.7590 0.7460 0.7310 0.7100 0.6860
7.737646 0.6520 0.6160 0.5800 0.5440 0.5120
7.771000 0.4760 0.4400 0.4000 0.3560 0.3050
7.803646 0.2450 0.2190 0.1960 0.1950 0.1960
7.836000 0.2400 0.2870 0.3590 0.4220 0.4780
7.868646 0.5250 0.5670 0.6030 0.6370 0.6680
7.901000 0.6950 0.7360 0.7590 0.7750 0.7850
7.933646 0.7950 0.8010 0.8060 0.8170 0.8260
7.966000 0.8320 0.8390 0.8430 0.8470 0.8500
7.998646 0.8520 0.8530 0.8550 0.8550 0.8520
8.032000 0.8350 0.8110 0.7900 0.7570 0.7210
8.064646 0.6920 0.6520 0.6220 0.5910 0.5820
8.097000 0.5820 0.5850 0.6140 0.6430 0.6710
8.129646 0.7000 0.7300 0.7570 0.8000 0.8040
8.162000 0.8110 0.8170 0.8260 0.8300 0.8400
8.194646 0.8430 0.8480 0.8520 0.8580 0.8630
8.227000 0.8680 0.8680 0.8690 0.8690 0.8710
8.259646 0.8710 0.8710 0.8730 0.8730 0.8730
8.293000 0.8730 0.8740 0.8740 0.8740 0.8740
8.325646 0.8740 0.8740 0.8740 0.8740 0.8740
8.358000 0.8740 0.8740 0.8740 0.8710 0.8710
8.390646 0.8690 0.8680 0.8680 0.8680 0.8680
8.423000 0.8660 0.8660 0.8650 0.8630 0.8610
8.455646 0.8610 0.8600 0.8600 0.8580 0.8560
8.488000 0.8550 0.8530 0.8520 0.8400 0.8290
8.520646 0.8010 0.8010 0.8090 0.8160 0.8240
8.554000 0.8270 0.8290 0.8260 0.8210 0.8170
8.586646 0.8160 0.8170 0.8190 0.8220 0.8260
8.619000 0.8270 0.8290 0.8290 0.8290 0.8260
8.651646 0.8220 0.8190 0.8190 0.8140 0.8110
8.684000 0.8060 0.8010 0.7980 0.7910 0.7830
8.716646 0.7690 0.7650 0.7560 0.7460 0.7390
8.749000 0.7310 0.7300 0.7300 0.7300 0.7310
8.781646 0.7360 0.7470 0.7590 0.7730 0.7850
8.815000 0.7950 0.8000 0.8040 0.8130 0.8210
8.847646 0.8260 0.8290 0.8290 0.8300 0.8340
8.880000 0.8350 0.8390 0.8390 0.8400 0.8400
8.912646 0.8420 0.8420 0.8420 0.8420 0.8420
8.945000 0.8400 0.8340 0.8320 0.8290 0.8220
8.977646 0.8160 0.8110 0.8040 0.7960 0.7780
9.011000 0.7600 0.7410 0.7210 0.7000 0.6810
9.043646 0.6600 0.6390 0.6170 0.5980 0.5800
9.076000 0.5620 0.5460 0.5310 0.5210 0.5130
9.108646 0.5080 0.5020 0.5000 0.4940 0.4890
9.141000 0.4840 0.4810 0.4790 0.4790 0.4790
9.173646 0.4810 0.4840 0.4940 0.5080 0.5280
9.206000 0.5520 0.5800 0.6060 0.6240 0.6450
9.238646 0.6690 0.6920 0.7150 0.7380 0.7560
9.272000 0.7690 0.7770 0.7860 0.7960 0.8010
9.304646 0.8130 0.8190 0.8220 0.8290 0.8320
9.337000 0.8390 0.8400 0.8430 0.8500 0.8520
9.369646 0.8530 0.8600 0.8610 0.8630 0.8650
9.402000 0.8650 0.8660 0.8660 0.8680 0.8680
9.434646 0.8690 0.8690 0.8710 0.8710 0.8710
9.467000 0.8710 0.8710 0.8710 0.8710 0.8690
9.499646 0.8690 0.8680 0.8680 0.8660 0.8660
9.533000 0.8650 0.8630 0.8610 0.8600 0.8600
9.565646 0.8560 0.8560 0.8550 0.8530 0.8520
9.598000 0.8500 0.8450 0.8370 0.8290 0.8260
9.630646 0.8190 0.8060 0.8000 0.7860 0.7750
9.663000 0.7560 0.7410 0.7250 0.7100 0.6990
9.695646 0.6920 0.6920 0.6970 0.7100 0.7300
9.728000 0.7560 0.7800 0.7960 0.8110 0.8210
9.760646 0.8290 0.8290 0.8320 0.8340 0.8390
9.794000 0.8390 0.8400 0.8400 0.8370 0.8340
9.826646 0.8300 0.8270 0.8210 0.8110 0.8010
9.859000 0.7900 0.7770 0.7640 0.7460 0.7280
9.891646 0.7070 0.6950 0.6760 0.6660 0.6530
9.924000 0.6480 0.6470 0.6480 0.6560 0.6710
9.956646 0.6920 0.7100 0.7330 0.7410 0.7470
9.989000 0.7520 0.7590 0.7620 0.7640 0.7640
10.021646 0.7650 0.7650 0.7650 0.7640 0.7620
10.055000 0.7460 0.7410 0.7340 0.7300 0.7130
10.087646 0.7100 0.7070 0.7050 0.7050 0.7080
10.120000 0.7200 0.7250 0.7520 0.7780 0.7860
10.152646 0.8010 0.8130 0.8220 0.8320 0.8420
10.185000 0.8500 0.8580 0.8630 0.8680 0.8710
10.217646 0.8730 0.8730 0.8760 0.8790 0.8810
10.251000 0.8810 0.8820 0.8840 0.8840 0.8840
10.283646 0.8860 0.8870 0.8890 0.8910 0.8910
10.316000 0.8920 0.8920 0.8920 0.8940 0.8940
10.348646 0.8940 0.8940 0.8940 0.8920 0.8920
10.381000 0.8920 0.8910 0.8910 0.8910 0.8890
10.413646 0.8870 0.8840 0.8840 0.8820 0.8810
10.446000 0.8790 0.8740 0.8710 0.8690 0.8650
10.478646 0.8610 0.8600 0.8530 0.8470 0.8370
10.512000 0.8270 0.8160 0.8090 0.8060 0.8040
10.544646 0.8040 0.8060 0.8080 0.8130 0.8190
10.577000 0.8340 0.8390 0.8480 0.8520 0.8600
10.609646 0.8710 0.8730 0.8730 0.8740 0.8740
10.642000 0.8740 0.8740 0.8740 0.8740 0.8740
10.674646 0.8740 0.8740 0.8740 0.8740 0.8740
10.707000 0.8740 0.8740 0.8730 0.8730 0.8730
10.739646 0.8710 0.8710 0.8690 0.8690 0.8690
10.773000 0.8690 0.8690 0.8680 0.8680 0.8680
10.805646 0.8660 0.8660 0.8650 0.8650 0.8630
10.838000 0.8630 0.8610 0.8610 0.8600 0.8600
10.870646 0.8580 0.8560 0.8550 0.8550 0.8530
10.903000 0.8520 0.8500 0.8500 0.8480 0.8470
10.935646 0.8470 0.8450 0.8430 0.8420 0.8400
10.968000 0.8390 0.8390 0.8370 0.8350 0.8340
11.000646 0.8320 0.8300 0.8270 0.8240 0.8210
11.034000 0.8170 0.8140 0.8110 0.8090 0.8080
11.066646 0.8040 0.8010 0.8010 0.7980 0.7910
11.099000 0.7900 0.7830 0.7800 0.7730 0.7670
11.131646 0.7620 0.7570 0.7520 0.7490 0.7430
11.164000 0.7410 0.7380 0.7340 0.7330 0.7310
11.196646 0.7310 0.7310 0.7310 0.7330 0.7340
11.229000 0.7360 0.7390 0.7390 0.7430 0.7440
11.261646 0.7440 0.7460 0.7460 0.7460 0.7460
11.295000 0.7460 0.7440 0.7430 0.7430 0.7410
11.327646 0.7410 0.7380 0.7380 0.7360 0.7340
11.360000 0.7330 0.7310 0.7300 0.7260 0.7250
11.392646 0.7230 0.7210 0.7200 0.7170 0.7150
11.425000 0.7120 0.7100 0.7080 0.7050 0.7040
11.457646 0.7020 0.6990 0.6970 0.6940 0.6920
11.490000 0.6910 0.6890 0.6840 0.6820 0.6790
11.522646 0.6740 0.6710 0.6690 0.6690 0.6650
11.556000 0.6630 0.6600 0.6600 0.6580 0.6560
11.588646 0.6530 0.6520 0.6500 0.6500 0.6450
11.621000 0.6430 0.6430 0.6430 0.6420 0.6420
11.653646 0.6420 0.6420 0.6420 0.6420 0.6420
11.686000 0.6420 0.6420 0.6420 0.6420 0.6430
11.718646 0.6480 0.6520 0.6530 0.6550 0.6600
11.752000 0.6610 0.6650 0.6690 0.6710 0.6730
11.784646 0.6760 0.6790 0.6810 0.6840 0.6890
11.817000 0.6910 0.6910 0.6920 0.6920 0.6920
11.849646 0.6920 0.6910 0.6910 0.6890 0.6860
11.882000 0.6840 0.6810 0.6790 0.6740 0.6730
11.914646 0.6730 0.6710 0.6710 0.6690 0.6690
11.947000 0.6690 0.6690 0.6690 0.6690 0.6690
11.979646 0.6690 0.6690 0.6710 0.6710 0.6710
12.013000 0.6690 0.6690 0.6690 0.6690 0.6690
12.045646 0.6690 0.6690 0.6690 0.6690 0.6690
12.078000 0.6660 0.6660 0.6650 0.6650 0.6630
12.110646 0.6630 0.6630 0.6630 0.6630 0.6630
12.143000 0.6630 0.6630 0.6630 0.6630 0.6630
12.175646 0.6630 0.6630 0.6630 0.6630 0.6630
12.208000 0.6630 0.6630 0.6610 0.6610 0.6610
12.240646 0.6610 0.6610 0.6610 0.6610 0.6610
12.274000 0.6610 0.6600 0.6600 0.6600 0.6580
12.306646 0.6580 0.6580 0.6580 0.6560 0.6560
12.339000 0.6560 0.6560 0.6550 0.6550 0.6550
12.371646 0.6550 0.6530 0.6530 0.6530 0.6530
12.404000 0.6520 0.6520 0.6500 0.6500 0.6480
12.436646 0.6480 0.6470 0.6470 0.6450 0.6450
12.469000 0.6430 0.6430 0.6420 0.6420 0.6400
12.501646 0.6390 0.6390 0.6370 0.6350 0.6350
12.535000 0.6340 0.6340 0.6320 0.6300 0.6300
12.567646 0.6290 0.6270 0.6270 0.6270 0.6260
12.600000 0.6240 0.6220 0.6220 0.6210 0.6190
12.632646 0.6170 0.6160 0.6160 0.6140 0.6140
12.665000 0.6130 0.6110 0.6110 0.6090 0.6080
12.697646 0.6080 0.6060 0.6040 0.6030 0.6010
12.730000 0.6000 0.5960 0.5960 0.5950 0.5930
12.762646 0.5910 0.5900 0.5900 0.5860 0.5860
12.796000 0.5850 0.5800 0.5770 0.5730 0.5720
12.828646 0.5700 0.5670 0.5620 0.5600 0.5540
12.861000 0.5520 0.5490 0.5440 0.5390 0.5340
12.893646 0.5300 0.5230 0.5170 0.5120 0.5050
12.926000 0.4990 0.4920 0.4860 0.4780 0.4680
12.958646 0.4600 0.4500 0.4400 0.4300 0.4210
12.991000 0.4090 0.3980 0.3850 0.3700 0.3540
13.023646 0.3360 0.3180 0.3000 0.2810 0.2610
13.057000 0.2400 0.2210 0.2010 0.1800 0.1600
13.089646 0.1410 0.1180 0.0970 0.0860 0.0710
13.122000 0.0550 0.0400 0.0270 0.0170 0.0110
13.154646 0.0060 0.0030 0.0010 0.0000 0.0000
13.187000 0.0000 0.0000 0.0000 0.0000 0.0000
13.219646 0.0130 0.0190 0.0270 0.0400 0.0600
13.253000 0.0760 0.0950 0.1100 0.1330 0.1560
13.285646 0.1800 0.2060 0.2300 0.2520 0.2710
13.318000 0.2870 0.2970 0.3150 0.3260 0.3390
13.350646 0.3510 0.3600 0.3700 0.3780 0.3880
13.383000 0.3950 0.4000 0.4030 0.4080 0.4130
13.415646 0.4140 0.4160 0.4170 0.4190 0.4210
13.448000 0.4210 0.4190 0.4170 0.4130 0.4110
13.480646 0.4080 0.4010 0.4000 0.3910 0.3860
13.514000 0.3800 0.3720 0.3620 0.3560 0.3460
13.546646 0.3380 0.3280 0.3150 0.3040 0.2910
13.579000 0.2790 0.2680 0.2580 0.2520 0.2400
13.611646 0.2320 0.2260 0.2160 0.2110 0.2080
13.644000 0.2040 0.2030 0.2010 0.2030 0.2110
13.676646 0.2210 0.2350 0.2470 0.2610 0.2760
13.709000 0.2870 0.3020 0.3170 0.3360 0.3540
13.741646 0.3700 0.3900 0.4060 0.4220 0.4350
13.775000 0.4480 0.4560 0.4630 0.4760 0.4860
13.807646 0.4970 0.5040 0.5100 0.5130 0.5180
13.840000 0.5230 0.5300 0.5330 0.5380 0.5410
13.872646 0.5430 0.5460 0.5490 0.5510 0.5510
13.905000 0.5510 0.5520 0.5520 0.5540 0.5540
13.937646 0.5540 0.5540 0.5540 0.5560 0.5560
13.970000 0.5560 0.5560 0.5560 0.5560 0.5540
14.002646 0.5520 0.5520 0.5510 0.5510 0.5490
14.036000 0.5490 0.5470 0.5470 0.5460 0.5440
14.068646 0.5440 0.5430 0.5430 0.5410 0.5390
14.101000 0.5390 0.5380 0.5360 0.5360 0.5340
14.133646 0.5330 0.5330 0.5310 0.5300 0.5280
14.166000 0.5280 0.5260 0.5260 0.5250 0.5250
14.198646 0.5230 0.5230 0.5210 0.5210 0.5200
14.231000 0.5180 0.5150 0.5130 0.5130 0.5120
14.263646 0.5120 0.5100 0.5100 0.5080 0.5080
14.297000 0.5070 0.5070 0.5050 0.5040 0.5040
14.329646 0.5020 0.5000 0.5000 0.4990 0.4970
14.362000 0.4950 0.4940 0.4940 0.4920 0.4920
14.394646 0.4920 0.4910 0.4890 0.4860 0.4860
14.427000 0.4840 0.4820 0.4820 0.4810 0.4810
14.459646 0.4790 0.4780 0.4780 0.4760 0.4740
14.492000 0.4740 0.4730 0.4710 0.4690 0.4690
14.524646 0.4660 0.4660 0.4650 0.4630 0.4630
14.558000 0.4610 0.4610 0.4600 0.4580 0.4550
14.590646 0.4530 0.4520 0.4500 0.4480 0.4470
14.623000 0.4450 0.4430 0.4430 0.4420 0.4400
14.655646 0.4400 0.4400 0.4390 0.4390 0.4370
14.688000 0.4350 0.4350 0.4340 0.4340 0.4320
14.720646 0.4320 0.4300 0.4300 0.4300 0.4300
14.754000 0.4300 0.4300 0.4300 0.4300 0.4320
14.786646 0.4320 0.4340 0.4350 0.4390 0.4400
14.819000 0.4400 0.4400 0.4400 0.4370 0.4340
14.851646 0.4340 0.4320 0.4300 0.4300 0.4270
14.884000 0.4260 0.4240 0.4220 0.4210 0.4170
14.916646 0.4140 0.4110 0.4110 0.4090 0.4090
14.949000 0.4040 0.4030 0.4030 0.4010 0.4010
14.981646 0.4010 0.4000 0.3960 0.3930 0.3880
15.015000 0.3850 0.3820 0.3800 0.3780 0.3750
15.047646 0.3720 0.3700 0.3700 0.3690 0.3690
15.080000 0.3640 0.3620 0.3620 0.3600 0.3590
15.112646 0.3540 0.3540 0.3510 0.3510 0.3490
15.145000 0.3440 0.3410 0.3390 0.3390 0.3340
15.177646 0.3330 0.3330 0.3310 0.3300 0.3250
15.210000 0.3230 0.3210 0.3200 0.3200 0.3180
15.242646 0.3150 0.3130 0.3120 0.3120 0.3100
15.276000 0.3100 0.3080 0.3070 0.3070 0.3050
15.308646 0.3050 0.3040 0.3020 0.3020 0.3020
15.341000 0.3000 0.3000 0.3000 0.3000 0.2990
15.373646 0.2990 0.2970 0.2970 0.2950 0.2940
15.406000 0.2920 0.2920 0.2920 0.2910 0.2910
15.438646 0.2890 0.2890 0.2870 0.2870 0.2860
15.471000 0.2860 0.2860 0.2840 0.2840 0.2840
15.503646 0.2820 0.2820 0.2820 0.2820 0.2820
15.537000 0.2820 0.2810 0.2810 0.2790 0.2790
15.569646 0.2780 0.2760 0.2740 0.2740 0.2730
15.602000 0.2710 0.2710 0.2710 0.2710 0.2710
15.634646 0.2710 0.2690 0.2690 0.2690 0.2690
15.667000 0.2680 0.2660 0.2650 0.2650 0.2630
15.699646 0.2630 0.2630 0.2630 0.2630 0.2610
15.732000 0.2610 0.2610 0.2600 0.2600 0.2600
15.764646 0.2600 0.2580 0.2580 0.2560 0.2560
15.798000 0.2550 0.2530 0.2530 0.2530 0.2530
15.830646 0.2520 0.2520 0.2520 0.2520 0.2520
15.863000 0.2520 0.2520 0.2520 0.2520 0.2530
15.895646 0.2530 0.2530
##END=
