##TITLE=4,7-METHANOINDAN-2,5-DICARBOXYLIC ACID, HEXAHYDRO-
##JCAMP-DX=4.24
##DATA TYPE=INFRARED SPECTRUM
##CLASS=COBLENTZ III
##ORIGIN=DOW CHEMICAL COMPANY
##OWNER=COBLENTZ SOC.
Collection (C) 2018 copyright by the U.S. Secretary of Commerce
on behalf of the United States of America. All rights reserved.
##DATE=1963/10/28
##CAS REGISTRY NO=87324-44-5
##MOLFORM=C12 H16 O4
##SOURCE REFERENCE=COBLENTZ NO. 07102
##$NIST SOURCE=COBLENTZ
##$NIST IMAGE=cob7102
##SPECTROMETER/DATA SYSTEM=BECKMAN IR-9 (GRATING)
##INSTRUMENT PARAMETERS=ORDER CHANGES: 670, 1200, 2000 CM^-^1
##STATE=SOLID (SPLIT MULL), FLUOROLUBE FOR 3800-1330 CM^-^1, NUJOL FOR 1330-400 CM^-^1
$$ SPECTRAL FEATURE AT 1322 CM^-^1 IS AFFECTED BY A CHANGE IN SOLVENT
$$ SPECTRAL FEATURE AT 1995 CM^-^1 IS PROBABLY AN ARTIFACT CAUSED BY GRATING CHANGE
##SAMPLING PROCEDURE=TRANSMISSION
##RESOLUTION=2
##DATA PROCESSING=DIGITIZED BY COBLENTZ SOCIETY (BATCH I) FROM HARD COPY
##XUNITS=1/CM
##YUNITS=TRANSMITTANCE
##XLABEL=Wavenumbers (cm-1)
##YLABEL=% Transmission
##XFACTOR=1
##YFACTOR=1
##DELTAX=1
##FIRSTX=402
##LASTX=3800
##FIRSTY=0.6935
##MAXX=3800
##MINX=402
##MAXY=0.8999
##MINY=0.0094
##NPOINTS=3399
##XYDATA=(X++(Y..Y))
402.000000 0.6935 0.6918 0.6901 0.6882 0.6858
407.000000 0.6836 0.6803 0.6768 0.6704 0.6601
412.000000 0.6512 0.6483 0.6461 0.6441 0.6428
417.000000 0.6418 0.6410 0.6401 0.6392 0.6383
422.000000 0.6379 0.6374 0.6370 0.6366 0.6366
427.000000 0.6367 0.6381 0.6395 0.6408 0.6424
432.000000 0.6426 0.6428 0.6412 0.6392 0.6372
437.000000 0.6339 0.6306 0.6270 0.6233 0.6199
442.000000 0.6182 0.6165 0.6149 0.6134 0.6126
447.000000 0.6123 0.6156 0.6142 0.6245 0.6399
452.000000 0.6542 0.6689 0.6847 0.6914 0.6946
457.000000 0.6950 0.6953 0.6947 0.6931 0.6907
462.000000 0.6880 0.6847 0.6825 0.6819 0.6822
467.000000 0.6843 0.6886 0.6945 0.7001 0.7044
472.000000 0.7092 0.7146 0.7218 0.7301 0.7390
477.000000 0.7474 0.7548 0.7621 0.7785 0.7968
482.000000 0.8058 0.8145 0.8189 0.8232 0.8275
487.000000 0.8317 0.8356 0.8395 0.8432 0.8458
492.000000 0.8484 0.8508 0.8518 0.8527 0.8533
497.000000 0.8571 0.8530 0.8528 0.8516 0.8483
502.000000 0.8428 0.8336 0.8128 0.7775 0.7655
507.000000 0.7562 0.7565 0.7572 0.7553 0.7655
512.000000 0.7741 0.7871 0.7980 0.8056 0.8153
517.000000 0.8340 0.8421 0.8444 0.8467 0.8490
522.000000 0.8514 0.8540 0.8587 0.8649 0.8721
527.000000 0.8783 0.8845 0.8883 0.8916 0.8949
532.000000 0.8970 0.8983 0.8984 0.8986 0.8999
537.000000 0.8983 0.8968 0.8941 0.8895 0.8765
542.000000 0.8521 0.8388 0.8236 0.8217 0.8193
547.000000 0.8256 0.8321 0.8444 0.8559 0.8648
552.000000 0.8714 0.8758 0.8775 0.8784 0.8787
557.000000 0.8786 0.8786 0.8781 0.8767 0.8745
562.000000 0.8709 0.8666 0.8605 0.8528 0.8465
567.000000 0.8405 0.8345 0.8285 0.8225 0.8161
572.000000 0.8092 0.7998 0.7996 0.8001 0.7978
577.000000 0.8186 0.8254 0.8345 0.8458 0.8624
582.000000 0.8777 0.8843 0.8883 0.8909 0.8928
587.000000 0.8933 0.8924 0.8918 0.8898 0.8862
592.000000 0.8804 0.8721 0.8592 0.8497 0.8430
597.000000 0.8437 0.8452 0.8467 0.8465 0.8550
602.000000 0.8581 0.8609 0.8635 0.8661 0.8687
607.000000 0.8708 0.8730 0.8752 0.8771 0.8775
612.000000 0.8777 0.8778 0.8789 0.8777 0.8771
617.000000 0.8768 0.8760 0.8744 0.8731 0.8718
622.000000 0.8705 0.8691 0.8668 0.8648 0.8627
627.000000 0.8607 0.8586 0.8564 0.8540 0.8515
632.000000 0.8491 0.8467 0.8430 0.8380 0.8330
637.000000 0.8271 0.8200 0.8093 0.7998 0.7914
642.000000 0.7825 0.7711 0.7549 0.7325 0.7161
647.000000 0.7022 0.6828 0.6641 0.6514 0.6376
652.000000 0.6130 0.5989 0.5872 0.5755 0.5616
657.000000 0.5473 0.5293 0.5110 0.4936 0.4753
662.000000 0.4695 0.4693 0.4702 0.4719 0.4705
667.000000 0.5040 0.5160 0.5190 0.5199 0.5207
672.000000 0.5215 0.5218 0.5219 0.5221 0.5223
677.000000 0.5228 0.5233 0.5238 0.5383 0.5540
682.000000 0.5697 0.5853 0.6010 0.6167 0.6324
687.000000 0.6481 0.6586 0.6584 0.6448 0.6310
692.000000 0.6596 0.6036 0.5898 0.5760 0.5623
697.000000 0.5510 0.5434 0.5375 0.5324 0.5295
702.000000 0.5272 0.5260 0.5250 0.5532 0.5762
707.000000 0.5992 0.6222 0.6451 0.6510 0.6517
712.000000 0.6487 0.6422 0.6207 0.5991 0.5775
717.000000 0.5558 0.5342 0.5126 0.4910 0.4693
722.000000 0.4533 0.4507 0.4559 0.4668 0.5073
727.000000 0.5250 0.5390 0.5545 0.5698 0.5795
732.000000 0.5875 0.5940 0.5985 0.6016 0.6028
737.000000 0.6036 0.6040 0.6002 0.5889 0.5775
742.000000 0.5662 0.5626 0.5623 0.5710 0.5916
747.000000 0.6122 0.6328 0.6581 0.6700 0.6778
752.000000 0.6838 0.6894 0.6946 0.7000 0.7043
757.000000 0.7044 0.7046 0.7048 0.7017 0.6975
762.000000 0.6975 0.6976 0.6984 0.7004 0.7024
767.000000 0.7044 0.7064 0.7084 0.7103 0.7111
772.000000 0.7108 0.7101 0.7094 0.7093 0.7093
777.000000 0.7100 0.7107 0.7115 0.7131 0.7146
782.000000 0.7161 0.7176 0.7193 0.7207 0.7215
787.000000 0.7219 0.7199 0.7168 0.7122 0.6833
792.000000 0.6745 0.6687 0.6642 0.6556 0.6467
797.000000 0.6464 0.6483 0.6545 0.6588 0.6614
802.000000 0.6610 0.6600 0.6535 0.6345 0.6278
807.000000 0.6222 0.6155 0.6130 0.6128 0.6134
812.000000 0.6153 0.6175 0.6205 0.6233 0.6233
817.000000 0.6233 0.6224 0.6212 0.6193 0.6157
822.000000 0.6108 0.6043 0.5937 0.5852 0.5666
827.000000 0.5562 0.5366 0.5224 0.5171 0.4817
832.000000 0.4810 0.4803 0.4805 0.4810 0.4850
837.000000 0.4900 0.4954 0.5010 0.5066 0.5119
842.000000 0.5169 0.5205 0.5205 0.5199 0.5193
847.000000 0.5182 0.5170 0.5158 0.5133 0.5105
852.000000 0.5073 0.5033 0.4993 0.4925 0.4857
857.000000 0.4769 0.4656 0.4573 0.4523 0.4472
862.000000 0.4422 0.4287 0.4171 0.4066 0.4010
867.000000 0.4005 0.4002 0.4007 0.4023 0.4058
872.000000 0.4084 0.4084 0.4084 0.4080 0.4068
877.000000 0.4055 0.4029 0.3989 0.3916 0.3758
882.000000 0.3643 0.3462 0.3353 0.3296 0.3284
887.000000 0.3275 0.3264 0.3256 0.3246 0.3237
892.000000 0.3200 0.3125 0.3001 0.2898 0.2804
897.000000 0.2710 0.2608 0.2501 0.2394 0.2294
902.000000 0.2194 0.2093 0.1989 0.1868 0.1746
907.000000 0.1656 0.1586 0.1515 0.1445 0.1382
912.000000 0.1321 0.1260 0.1215 0.1176 0.1138
917.000000 0.1112 0.1086 0.1052 0.0985 0.0905
922.000000 0.0884 0.0869 0.0867 0.0865 0.0864
927.000000 0.0852 0.0839 0.0826 0.0819 0.0811
932.000000 0.0804 0.0806 0.0808 0.0790 0.0824
937.000000 0.0834 0.0852 0.0878 0.0905 0.0935
942.000000 0.0980 0.1025 0.1070 0.1148 0.1244
947.000000 0.1340 0.1430 0.1519 0.1607 0.1706
952.000000 0.1812 0.1898 0.1966 0.2034 0.2110
957.000000 0.2192 0.2258 0.2325 0.2380 0.2434
962.000000 0.2488 0.2529 0.2568 0.2610 0.2657
967.000000 0.2715 0.2828 0.2942 0.3115 0.3184
972.000000 0.3242 0.3282 0.3284 0.3286 0.3286
977.000000 0.3287 0.3287 0.3302 0.3337 0.3538
982.000000 0.3647 0.3745 0.3930 0.4153 0.4280
987.000000 0.4367 0.4455 0.4547 0.4649 0.4753
992.000000 0.4816 0.4879 0.4934 0.4978 0.4993
997.000000 0.4995 0.4996 0.4985 0.4920 0.4810
1002.000000 0.4736 0.4736 0.4699 0.4797 0.4862
1007.000000 0.4935 0.5033 0.4992 0.4984 0.4956
1012.000000 0.4878 0.4786 0.4670 0.4624 0.4627
1017.000000 0.4636 0.4603 0.4727 0.4843 0.4927
1022.000000 0.4993 0.5048 0.5089 0.5085 0.5080
1027.000000 0.4972 0.4962 0.4925 0.5023 0.5135
1032.000000 0.5247 0.5359 0.5471 0.5676 0.5809
1037.000000 0.5937 0.6067 0.6223 0.6360 0.6439
1042.000000 0.6503 0.6518 0.6534 0.6538 0.6539
1047.000000 0.6538 0.6538 0.6547 0.6569 0.6585
1052.000000 0.6591 0.6603 0.6600 0.6596 0.6588
1057.000000 0.6581 0.6565 0.6532 0.6481 0.6414
1062.000000 0.6347 0.6281 0.6223 0.6164 0.6105
1067.000000 0.6048 0.6038 0.6042 0.6049 0.6057
1072.000000 0.6069 0.6087 0.6105 0.6122 0.6138
1077.000000 0.6157 0.6178 0.6188 0.6191 0.6180
1082.000000 0.6157 0.6156 0.6091 0.6056 0.6010
1087.000000 0.5962 0.5890 0.5818 0.5584 0.5393
1092.000000 0.5194 0.5173 0.5181 0.5179 0.5209
1097.000000 0.5298 0.5425 0.5533 0.5572 0.5599
1102.000000 0.5618 0.5627 0.5636 0.5646 0.5655
1107.000000 0.5660 0.5641 0.5650 0.5633 0.5607
1112.000000 0.5574 0.5543 0.5501 0.5447 0.5400
1117.000000 0.5346 0.5284 0.5189 0.5088 0.4980
1122.000000 0.4853 0.4714 0.4510 0.4374 0.4336
1127.000000 0.4316 0.4304 0.4250 0.4312 0.4343
1132.000000 0.4390 0.4437 0.4435 0.4434 0.4425
1137.000000 0.4420 0.4391 0.4287 0.4183 0.4079
1142.000000 0.3975 0.3871 0.3766 0.3662 0.3559
1147.000000 0.3455 0.3350 0.3247 0.3141 0.3057
1152.000000 0.2982 0.2899 0.2862 0.2863 0.2837
1157.000000 0.2913 0.2945 0.2970 0.2975 0.2987
1162.000000 0.2946 0.2872 0.2773 0.2677 0.2528
1167.000000 0.2370 0.2225 0.2089 0.1992 0.1969
1172.000000 0.1946 0.1943 0.1940 0.1941 0.1941
1177.000000 0.1954 0.1978 0.2019 0.2073 0.2176
1182.000000 0.2283 0.2360 0.2402 0.2405 0.2406
1187.000000 0.2406 0.2389 0.2372 0.2346 0.2293
1192.000000 0.2237 0.2155 0.2063 0.1970 0.1864
1197.000000 0.1771 0.1702 0.1634 0.1564 0.1478
1202.000000 0.1383 0.1208 0.1083 0.0971 0.0860
1207.000000 0.0788 0.0715 0.0653 0.0596 0.0539
1212.000000 0.0501 0.0465 0.0429 0.0394 0.0360
1217.000000 0.0325 0.0294 0.0272 0.0250 0.0229
1222.000000 0.0212 0.0197 0.0182 0.0171 0.0160
1227.000000 0.0150 0.0139 0.0133 0.0130 0.0127
1232.000000 0.0125 0.0122 0.0121 0.0121 0.0121
1237.000000 0.0120 0.0119 0.0128 0.0108 0.0102
1242.000000 0.0098 0.0096 0.0094 0.0104 0.0113
1247.000000 0.0126 0.0146 0.0184 0.0228 0.0380
1252.000000 0.0655 0.0931 0.1207 0.1406 0.1471
1257.000000 0.1524 0.1553 0.1555 0.1579 0.1552
1262.000000 0.1546 0.1513 0.1452 0.1385 0.1328
1267.000000 0.1271 0.1211 0.1153 0.1100 0.1042
1272.000000 0.0963 0.0866 0.0795 0.0774 0.0772
1277.000000 0.0770 0.0770 0.0770 0.0759 0.0710
1282.000000 0.0669 0.0670 0.0670 0.0647 0.0726
1287.000000 0.0820 0.0907 0.0978 0.1042 0.1082
1292.000000 0.1118 0.1133 0.1134 0.1127 0.1102
1297.000000 0.1049 0.1000 0.0929 0.0874 0.0663
1302.000000 0.0602 0.0589 0.0622 0.0677 0.0727
1307.000000 0.0797 0.0872 0.0929 0.0967 0.0996
1312.000000 0.1025 0.1052 0.1064 0.1122 0.1073
1317.000000 0.1072 0.1059 0.1032 0.1000 0.1000
1322.000000 0.1000 0.0996 0.1125 0.1358 0.1534
1327.000000 0.1671 0.1785 0.3222 0.5305 0.5336
1332.000000 0.5366 0.5391 0.5416 0.5446 0.5476
1337.000000 0.5504 0.5512 0.5497 0.5466 0.5441
1342.000000 0.5421 0.5414 0.5419 0.5436 0.5465
1347.000000 0.5508 0.5598 0.5679 0.5757 0.5843
1352.000000 0.5936 0.6024 0.6106 0.6182 0.6249
1357.000000 0.6316 0.6378 0.6439 0.6499 0.6571
1362.000000 0.6650 0.6731 0.6808 0.6861 0.6915
1367.000000 0.6961 0.7004 0.7028 0.7053 0.7071
1372.000000 0.7083 0.7094 0.7094 0.7094 0.7098
1377.000000 0.7096 0.7088 0.7081 0.7069 0.7058
1382.000000 0.7040 0.7019 0.7000 0.6972 0.6944
1387.000000 0.6915 0.6885 0.6854 0.6824 0.6788
1392.000000 0.6746 0.6704 0.6661 0.6618 0.6574
1397.000000 0.6519 0.6460 0.6396 0.6310 0.6217
1402.000000 0.6075 0.5933 0.5791 0.5649 0.5507
1407.000000 0.5365 0.5224 0.5082 0.4940 0.4798
1412.000000 0.4656 0.4555 0.4500 0.4441 0.4384
1417.000000 0.4329 0.4281 0.4251 0.4250 0.4251
1422.000000 0.4251 0.4275 0.4388 0.4547 0.4706
1427.000000 0.4865 0.5024 0.5182 0.5341 0.5500
1432.000000 0.5659 0.5818 0.5977 0.6135 0.6294
1437.000000 0.6453 0.6611 0.6769 0.6876 0.6933
1442.000000 0.6962 0.6964 0.6964 0.6962 0.6961
1447.000000 0.6928 0.6915 0.6903 0.6888 0.6872
1452.000000 0.6857 0.6831 0.6787 0.6654 0.6582
1457.000000 0.6528 0.6474 0.6432 0.6393 0.6378
1462.000000 0.6378 0.6379 0.6421 0.6359 0.6557
1467.000000 0.6644 0.6764 0.6851 0.6935 0.7006
1472.000000 0.7076 0.7154 0.7232 0.7315 0.7400
1477.000000 0.7484 0.7565 0.7646 0.7725 0.7804
1482.000000 0.7900 0.8010 0.8125 0.8160 0.8193
1487.000000 0.8218 0.8244 0.8253 0.8262 0.8268
1492.000000 0.8275 0.8283 0.8290 0.8297 0.8302
1497.000000 0.8307 0.8312 0.8312 0.8313 0.8313
1502.000000 0.8313 0.8313 0.8314 0.8317 0.8318
1507.000000 0.8321 0.8323 0.8325 0.8327 0.8328
1512.000000 0.8331 0.8331 0.8330 0.8328 0.8328
1517.000000 0.8328 0.8328 0.8327 0.8338 0.8321
1522.000000 0.8318 0.8317 0.8315 0.8312 0.8310
1527.000000 0.8307 0.8304 0.8302 0.8299 0.8297
1532.000000 0.8294 0.8291 0.8289 0.8286 0.8281
1537.000000 0.8277 0.8271 0.8268 0.8263 0.8258
1542.000000 0.8254 0.8249 0.8244 0.8239 0.8234
1547.000000 0.8228 0.8223 0.8218 0.8212 0.8207
1552.000000 0.8201 0.8195 0.8190 0.8184 0.8176
1557.000000 0.8161 0.8145 0.8128 0.8115 0.8101
1562.000000 0.8090 0.8078 0.8065 0.8053 0.8040
1567.000000 0.8026 0.8019 0.8015 0.8011 0.8007
1572.000000 0.8005 0.8004 0.8004 0.7996 0.7986
1577.000000 0.7975 0.7965 0.7953 0.7939 0.7922
1582.000000 0.7903 0.7883 0.7862 0.7843 0.7824
1587.000000 0.7804 0.7784 0.7764 0.7745 0.7725
1592.000000 0.7707 0.7688 0.7667 0.7645 0.7621
1597.000000 0.7600 0.7576 0.7553 0.7528 0.7504
1602.000000 0.7478 0.7454 0.7430 0.7405 0.7381
1607.000000 0.7356 0.7326 0.7296 0.7264 0.7237
1612.000000 0.7211 0.7186 0.7161 0.7136 0.7111
1617.000000 0.7082 0.7049 0.7015 0.6981 0.6948
1622.000000 0.6914 0.6881 0.6848 0.6814 0.6781
1627.000000 0.6748 0.6715 0.6682 0.6649 0.6608
1632.000000 0.6565 0.6522 0.6481 0.6438 0.6400
1637.000000 0.6365 0.6330 0.6296 0.6260 0.6226
1642.000000 0.6191 0.6150 0.6105 0.6060 0.6016
1647.000000 0.5971 0.5926 0.5878 0.5828 0.5778
1652.000000 0.5729 0.5679 0.5629 0.5555 0.5470
1657.000000 0.5384 0.5299 0.5196 0.5086 0.4975
1662.000000 0.4881 0.4792 0.4703 0.4567 0.4360
1667.000000 0.4200 0.4049 0.3937 0.3838 0.3740
1672.000000 0.3641 0.3540 0.3436 0.3345 0.3259
1677.000000 0.3167 0.3038 0.2899 0.2714 0.2435
1682.000000 0.2210 0.2054 0.1921 0.1820 0.1718
1687.000000 0.1617 0.1477 0.1333 0.1205 0.1079
1692.000000 0.0989 0.0925 0.0862 0.0811 0.0760
1697.000000 0.0712 0.0688 0.0678 0.0680 0.0690
1702.000000 0.0698 0.0719 0.0743 0.0784 0.0839
1707.000000 0.0915 0.1022 0.1113 0.1188 0.1290
1712.000000 0.1751 0.1962 0.2172 0.2387 0.2769
1717.000000 0.3371 0.3530 0.3734 0.4117 0.4774
1722.000000 0.4933 0.5062 0.5175 0.5300 0.5519
1727.000000 0.5706 0.5871 0.6056 0.6262 0.6389
1732.000000 0.6490 0.6585 0.6656 0.6725 0.6797
1737.000000 0.6867 0.6942 0.7030 0.7118 0.7207
1742.000000 0.7287 0.7350 0.7412 0.7476 0.7540
1747.000000 0.7603 0.7668 0.7734 0.7799 0.7864
1752.000000 0.7928 0.7995 0.8061 0.8126 0.8194
1757.000000 0.8268 0.8451 0.8598 0.8720 0.8732
1762.000000 0.8744 0.8756 0.8768 0.8778 0.8791
1767.000000 0.8802 0.8813 0.8824 0.8832 0.8841
1772.000000 0.8849 0.8857 0.8858 0.8859 0.8860
1777.000000 0.8861 0.8862 0.8863 0.8863 0.8860
1782.000000 0.8858 0.8855 0.8852 0.8849 0.8846
1787.000000 0.8843 0.8840 0.8837 0.8834 0.8831
1792.000000 0.8828 0.8823 0.8817 0.8812 0.8807
1797.000000 0.8802 0.8798 0.8798 0.8797 0.8796
1802.000000 0.8795 0.8794 0.8793 0.8792 0.8791
1807.000000 0.8785 0.8778 0.8773 0.8767 0.8764
1812.000000 0.8760 0.8757 0.8754 0.8750 0.8747
1817.000000 0.8745 0.8745 0.8745 0.8745 0.8746
1822.000000 0.8746 0.8746 0.8746 0.8746 0.8746
1827.000000 0.8745 0.8744 0.8742 0.8741 0.8739
1832.000000 0.8738 0.8736 0.8735 0.8733 0.8732
1837.000000 0.8754 0.8728 0.8727 0.8725 0.8725
1842.000000 0.8725 0.8724 0.8723 0.8723 0.8721
1847.000000 0.8721 0.8721 0.8720 0.8720 0.8720
1852.000000 0.8720 0.8718 0.8718 0.8718 0.8718
1857.000000 0.8718 0.8718 0.8718 0.8718 0.8718
1862.000000 0.8718 0.8718 0.8720 0.8720 0.8721
1867.000000 0.8721 0.8721 0.8721 0.8724 0.8725
1872.000000 0.8727 0.8728 0.8730 0.8732 0.8736
1877.000000 0.8743 0.8749 0.8756 0.8762 0.8766
1882.000000 0.8768 0.8771 0.8773 0.8774 0.8775
1887.000000 0.8775 0.8777 0.8778 0.8778 0.8780
1892.000000 0.8781 0.8782 0.8783 0.8785 0.8786
1897.000000 0.8788 0.8789 0.8790 0.8792 0.8793
1902.000000 0.8794 0.8794 0.8795 0.8796 0.8797
1907.000000 0.8797 0.8798 0.8799 0.8800 0.8801
1912.000000 0.8801 0.8801 0.8801 0.8801 0.8801
1917.000000 0.8801 0.8801 0.8800 0.8800 0.8800
1922.000000 0.8800 0.8800 0.8800 0.8801 0.8801
1927.000000 0.8802 0.8803 0.8804 0.8804 0.8805
1932.000000 0.8806 0.8806 0.8807 0.8808 0.8809
1937.000000 0.8809 0.8810 0.8810 0.8810 0.8811
1942.000000 0.8811 0.8811 0.8811 0.8811 0.8811
1947.000000 0.8811 0.8811 0.8810 0.8810 0.8809
1952.000000 0.8809 0.8808 0.8808 0.8807 0.8807
1957.000000 0.8806 0.8806 0.8805 0.8804 0.8804
1962.000000 0.8803 0.8802 0.8801 0.8800 0.8799
1967.000000 0.8798 0.8795 0.8790 0.8786 0.8782
1972.000000 0.8777 0.8771 0.8767 0.8762 0.8756
1977.000000 0.8751 0.8746 0.8740 0.8735 0.8730
1982.000000 0.8724 0.8718 0.8714 0.8709 0.8706
1987.000000 0.8703 0.8700 0.8697 0.8694 0.8678
1992.000000 0.8642 0.8606 0.8570 0.8568 0.8568
1997.000000 0.8603 0.8632 0.8661 0.8689 0.8706
2002.000000 0.8723 0.8723 0.8723 0.8723 0.8723
2007.000000 0.8721 0.8721 0.8718 0.8718 0.8716
2012.000000 0.8714 0.8712 0.8711 0.8709 0.8707
2017.000000 0.8704 0.8702 0.8699 0.8697 0.8694
2022.000000 0.8692 0.8689 0.8687 0.8684 0.8682
2027.000000 0.8680 0.8678 0.8675 0.8673 0.8670
2032.000000 0.8668 0.8664 0.8661 0.8657 0.8654
2037.000000 0.8650 0.8646 0.8642 0.8639 0.8635
2042.000000 0.8632 0.8628 0.8625 0.8621 0.8617
2047.000000 0.8613 0.8610 0.8605 0.8601 0.8596
2052.000000 0.8592 0.8587 0.8583 0.8578 0.8574
2057.000000 0.8570 0.8566 0.8561 0.8557 0.8553
2062.000000 0.8549 0.8544 0.8540 0.8535 0.8531
2067.000000 0.8527 0.8523 0.8518 0.8514 0.8509
2072.000000 0.8505 0.8500 0.8495 0.8490 0.8486
2077.000000 0.8481 0.8477 0.8471 0.8468 0.8463
2082.000000 0.8459 0.8454 0.8450 0.8445 0.8441
2087.000000 0.8436 0.8432 0.8427 0.8423 0.8418
2092.000000 0.8415 0.8410 0.8406 0.8401 0.8396
2097.000000 0.8391 0.8387 0.8382 0.8377 0.8371
2102.000000 0.8367 0.8362 0.8357 0.8352 0.8348
2107.000000 0.8343 0.8338 0.8333 0.8328 0.8323
2112.000000 0.8318 0.8313 0.8309 0.8304 0.8299
2117.000000 0.8294 0.8289 0.8284 0.8280 0.8275
2122.000000 0.8270 0.8265 0.8260 0.8255 0.8250
2127.000000 0.8245 0.8241 0.8236 0.8231 0.8225
2132.000000 0.8221 0.8216 0.8211 0.8206 0.8202
2137.000000 0.8196 0.8190 0.8184 0.8178 0.8171
2142.000000 0.8165 0.8160 0.8154 0.8148 0.8142
2147.000000 0.8136 0.8130 0.8124 0.8118 0.8114
2152.000000 0.8108 0.8104 0.8099 0.8094 0.8089
2157.000000 0.8084 0.8080 0.8075 0.8069 0.8065
2162.000000 0.8060 0.8055 0.8051 0.8046 0.8042
2167.000000 0.8037 0.8032 0.8025 0.8021 0.8015
2172.000000 0.8010 0.8005 0.8000 0.7994 0.7989
2177.000000 0.7983 0.7978 0.7972 0.7968 0.7964
2182.000000 0.7960 0.7956 0.7951 0.7948 0.7945
2187.000000 0.7941 0.7937 0.7933 0.7930 0.7926
2192.000000 0.7925 0.7922 0.7921 0.7918 0.7918
2197.000000 0.7915 0.7914 0.7911 0.7910 0.7908
2202.000000 0.7907 0.7906 0.7905 0.7904 0.7904
2207.000000 0.7901 0.7901 0.7896 0.7891 0.7885
2212.000000 0.7880 0.7875 0.7869 0.7864 0.7858
2217.000000 0.7850 0.7843 0.7836 0.7828 0.7821
2222.000000 0.7815 0.7808 0.7801 0.7794 0.7787
2227.000000 0.7780 0.7772 0.7765 0.7758 0.7751
2232.000000 0.7746 0.7739 0.7733 0.7725 0.7718
2237.000000 0.7711 0.7706 0.7699 0.7692 0.7685
2242.000000 0.7678 0.7671 0.7665 0.7658 0.7651
2247.000000 0.7644 0.7637 0.7628 0.7621 0.7614
2252.000000 0.7607 0.7599 0.7592 0.7584 0.7576
2257.000000 0.7568 0.7561 0.7555 0.7548 0.7540
2262.000000 0.7533 0.7525 0.7518 0.7510 0.7503
2267.000000 0.7495 0.7488 0.7480 0.7472 0.7465
2272.000000 0.7458 0.7450 0.7443 0.7435 0.7428
2277.000000 0.7419 0.7411 0.7404 0.7397 0.7389
2282.000000 0.7382 0.7374 0.7367 0.7358 0.7350
2287.000000 0.7341 0.7333 0.7324 0.7315 0.7307
2292.000000 0.7299 0.7290 0.7282 0.7272 0.7265
2297.000000 0.7257 0.7250 0.7245 0.7240 0.7235
2302.000000 0.7230 0.7225 0.7219 0.7215 0.7210
2307.000000 0.7205 0.7200 0.7195 0.7190 0.7185
2312.000000 0.7180 0.7175 0.7169 0.7164 0.7158
2317.000000 0.7154 0.7149 0.7144 0.7140 0.7136
2322.000000 0.7133 0.7128 0.7125 0.7121 0.7117
2327.000000 0.7112 0.7110 0.7106 0.7101 0.7098
2332.000000 0.7094 0.7090 0.7087 0.7083 0.7078
2337.000000 0.7075 0.7071 0.7067 0.7064 0.7060
2342.000000 0.7056 0.7051 0.7048 0.7046 0.7044
2347.000000 0.7042 0.7041 0.7039 0.7038 0.7036
2352.000000 0.7035 0.7033 0.7031 0.7028 0.7028
2357.000000 0.7026 0.7025 0.7025 0.7025 0.7024
2362.000000 0.7024 0.7022 0.7022 0.7021 0.7021
2367.000000 0.7021 0.7021 0.7019 0.7019 0.7018
2372.000000 0.7018 0.7015 0.7014 0.7011 0.7011
2377.000000 0.7008 0.7008 0.7006 0.7004 0.7001
2382.000000 0.7001 0.6999 0.6997 0.6994 0.6991
2387.000000 0.6988 0.6985 0.6982 0.6978 0.6975
2392.000000 0.6971 0.6965 0.6961 0.6955 0.6949
2397.000000 0.6943 0.6938 0.6932 0.6926 0.6921
2402.000000 0.6915 0.6910 0.6905 0.6899 0.6894
2407.000000 0.6888 0.6883 0.6876 0.6871 0.6865
2412.000000 0.6858 0.6853 0.6847 0.6840 0.6834
2417.000000 0.6828 0.6821 0.6815 0.6808 0.6803
2422.000000 0.6797 0.6790 0.6784 0.6778 0.6771
2427.000000 0.6765 0.6758 0.6751 0.6746 0.6739
2432.000000 0.6732 0.6725 0.6718 0.6711 0.6706
2437.000000 0.6699 0.6693 0.6686 0.6680 0.6672
2442.000000 0.6667 0.6660 0.6654 0.6647 0.6641
2447.000000 0.6634 0.6628 0.6619 0.6612 0.6605
2452.000000 0.6597 0.6589 0.6581 0.6572 0.6565
2457.000000 0.6557 0.6549 0.6541 0.6533 0.6525
2462.000000 0.6517 0.6508 0.6500 0.6491 0.6482
2467.000000 0.6472 0.6464 0.6455 0.6446 0.6437
2472.000000 0.6428 0.6418 0.6410 0.6401 0.6392
2477.000000 0.6383 0.6374 0.6365 0.6357 0.6348
2482.000000 0.6339 0.6330 0.6321 0.6310 0.6302
2487.000000 0.6292 0.6283 0.6274 0.6265 0.6255
2492.000000 0.6246 0.6236 0.6227 0.6217 0.6208
2497.000000 0.6198 0.6189 0.6179 0.6170 0.6160
2502.000000 0.6151 0.6141 0.6131 0.6119 0.6108
2507.000000 0.6097 0.6086 0.6075 0.6064 0.6052
2512.000000 0.6041 0.6030 0.6019 0.6007 0.5996
2517.000000 0.5985 0.5974 0.5962 0.5952 0.5941
2522.000000 0.5931 0.5920 0.5910 0.5899 0.5889
2527.000000 0.5878 0.5868 0.5857 0.5847 0.5836
2532.000000 0.5826 0.5815 0.5804 0.5793 0.5783
2537.000000 0.5773 0.5762 0.5755 0.5747 0.5739
2542.000000 0.5731 0.5722 0.5714 0.5706 0.5698
2547.000000 0.5690 0.5682 0.5674 0.5666 0.5657
2552.000000 0.5649 0.5640 0.5631 0.5621 0.5610
2557.000000 0.5605 0.5600 0.5599 0.5599 0.5598
2562.000000 0.5598 0.5597 0.5597 0.5596 0.5595
2567.000000 0.5594 0.5594 0.5593 0.5592 0.5591
2572.000000 0.5590 0.5589 0.5588 0.5587 0.5587
2577.000000 0.5586 0.5585 0.5584 0.5583 0.5582
2582.000000 0.5581 0.5581 0.5581 0.5581 0.5582
2587.000000 0.5582 0.5582 0.5582 0.5583 0.5583
2592.000000 0.5584 0.5585 0.5586 0.5587 0.5588
2597.000000 0.5582 0.5576 0.5569 0.5562 0.5556
2602.000000 0.5549 0.5540 0.5532 0.5523 0.5514
2607.000000 0.5505 0.5497 0.5488 0.5480 0.5471
2612.000000 0.5462 0.5455 0.5448 0.5440 0.5433
2617.000000 0.5425 0.5417 0.5409 0.5402 0.5394
2622.000000 0.5387 0.5381 0.5376 0.5370 0.5365
2627.000000 0.5359 0.5354 0.5349 0.5345 0.5345
2632.000000 0.5346 0.5346 0.5347 0.5347 0.5348
2637.000000 0.5348 0.5349 0.5349 0.5350 0.5350
2642.000000 0.5351 0.5351 0.5352 0.5352 0.5353
2647.000000 0.5354 0.5356 0.5357 0.5358 0.5359
2652.000000 0.5360 0.5362 0.5364 0.5365 0.5366
2657.000000 0.5366 0.5366 0.5365 0.5365 0.5364
2662.000000 0.5364 0.5362 0.5362 0.5362 0.5362
2667.000000 0.5362 0.5362 0.5362 0.5362 0.5360
2672.000000 0.5360 0.5360 0.5360 0.5360 0.5360
2677.000000 0.5360 0.5360 0.5360 0.5360 0.5360
2682.000000 0.5360 0.5360 0.5360 0.5360 0.5360
2687.000000 0.5360 0.5360 0.5360 0.5360 0.5360
2692.000000 0.5360 0.5360 0.5360 0.5360 0.5360
2697.000000 0.5360 0.5362 0.5362 0.5362 0.5362
2702.000000 0.5362 0.5362 0.5362 0.5360 0.5359
2707.000000 0.5357 0.5356 0.5354 0.5353 0.5352
2712.000000 0.5351 0.5349 0.5348 0.5346 0.5345
2717.000000 0.5344 0.5343 0.5342 0.5341 0.5339
2722.000000 0.5338 0.5337 0.5336 0.5335 0.5334
2727.000000 0.5333 0.5332 0.5331 0.5330 0.5329
2732.000000 0.5328 0.5327 0.5326 0.5322 0.5319
2737.000000 0.5314 0.5310 0.5306 0.5302 0.5298
2742.000000 0.5294 0.5289 0.5284 0.5279 0.5274
2747.000000 0.5269 0.5264 0.5259 0.5255 0.5250
2752.000000 0.5245 0.5240 0.5235 0.5231 0.5228
2757.000000 0.5227 0.5227 0.5226 0.5226 0.5226
2762.000000 0.5226 0.5225 0.5225 0.5225 0.5225
2767.000000 0.5224 0.5224 0.5224 0.5224 0.5225
2772.000000 0.5226 0.5226 0.5227 0.5228 0.5229
2777.000000 0.5229 0.5229 0.5228 0.5228 0.5227
2782.000000 0.5227 0.5226 0.5226 0.5225 0.5225
2787.000000 0.5224 0.5223 0.5220 0.5217 0.5214
2792.000000 0.5212 0.5204 0.5197 0.5188 0.5180
2797.000000 0.5171 0.5162 0.5155 0.5147 0.5138
2802.000000 0.5129 0.5118 0.5107 0.5096 0.5085
2807.000000 0.5073 0.5062 0.5051 0.5040 0.5028
2812.000000 0.5016 0.5004 0.4992 0.4980 0.4968
2817.000000 0.4956 0.4945 0.4933 0.4921 0.4909
2822.000000 0.4897 0.4885 0.4873 0.4860 0.4849
2827.000000 0.4837 0.4826 0.4810 0.4796 0.4781
2832.000000 0.4766 0.4751 0.4737 0.4722 0.4707
2837.000000 0.4692 0.4677 0.4662 0.4647 0.4632
2842.000000 0.4618 0.4602 0.4586 0.4567 0.4549
2847.000000 0.4530 0.4512 0.4493 0.4475 0.4457
2852.000000 0.4439 0.4420 0.4401 0.4380 0.4360
2857.000000 0.4340 0.4320 0.4299 0.4279 0.4259
2862.000000 0.4239 0.4214 0.4189 0.4162 0.4135
2867.000000 0.4108 0.4080 0.4054 0.4027 0.3994
2872.000000 0.3960 0.3928 0.3895 0.3864 0.3834
2877.000000 0.3812 0.3792 0.3766 0.3740 0.3734
2882.000000 0.3729 0.3729 0.3729 0.3729 0.3730
2887.000000 0.3730 0.3730 0.3750 0.3773 0.3796
2892.000000 0.3818 0.3828 0.3838 0.3840 0.3842
2897.000000 0.3842 0.3843 0.3843 0.3843 0.3843
2902.000000 0.3844 0.3832 0.3822 0.3807 0.3793
2907.000000 0.3776 0.3759 0.3745 0.3732 0.3720
2912.000000 0.3708 0.3695 0.3682 0.3670 0.3658
2917.000000 0.3645 0.3632 0.3618 0.3605 0.3590
2922.000000 0.3575 0.3559 0.3544 0.3529 0.3514
2927.000000 0.3499 0.3484 0.3470 0.3456 0.3441
2932.000000 0.3427 0.3408 0.3390 0.3366 0.3343
2937.000000 0.3310 0.3280 0.3242 0.3205 0.3166
2942.000000 0.3127 0.3098 0.3069 0.3040 0.3011
2947.000000 0.2972 0.2934 0.2897 0.2860 0.2832
2952.000000 0.2804 0.2790 0.2777 0.2778 0.2780
2957.000000 0.2781 0.2783 0.2784 0.2785 0.2787
2962.000000 0.2789 0.2808 0.2828 0.2855 0.2805
2967.000000 0.2912 0.2942 0.2973 0.3004 0.3046
2972.000000 0.3089 0.3131 0.3174 0.3214 0.3254
2977.000000 0.3305 0.3357 0.3437 0.3516 0.3700
2982.000000 0.3884 0.3972 0.4059 0.4109 0.4160
2987.000000 0.4210 0.4262 0.4305 0.4349 0.4392
2992.000000 0.4436 0.4468 0.4501 0.4529 0.4558
2997.000000 0.4587 0.4616 0.4639 0.4662 0.4685
3002.000000 0.4708 0.4731 0.4754 0.4760 0.4766
3007.000000 0.4769 0.4772 0.4773 0.4774 0.4775
3012.000000 0.4776 0.4777 0.4778 0.4779 0.4780
3017.000000 0.4780 0.4780 0.4780 0.4779 0.4777
3022.000000 0.4776 0.4775 0.4774 0.4773 0.4772
3027.000000 0.4770 0.4769 0.4768 0.4767 0.4766
3032.000000 0.4765 0.4764 0.4762 0.4762 0.4762
3037.000000 0.4762 0.4762 0.4760 0.4760 0.4762
3042.000000 0.4764 0.4765 0.4767 0.4769 0.4771
3047.000000 0.4772 0.4774 0.4781 0.4788 0.4795
3052.000000 0.4802 0.4809 0.4816 0.4823 0.4831
3057.000000 0.4842 0.4853 0.4860 0.4870 0.4881
3062.000000 0.4893 0.4909 0.4925 0.4935 0.4945
3067.000000 0.4955 0.4965 0.4973 0.4981 0.4989
3072.000000 0.4997 0.5005 0.5012 0.5019 0.5026
3077.000000 0.5031 0.5037 0.5042 0.5048 0.5053
3082.000000 0.5058 0.5062 0.5066 0.5069 0.5073
3087.000000 0.5076 0.5080 0.5083 0.5087 0.5091
3092.000000 0.5095 0.5098 0.5102 0.5108 0.5115
3097.000000 0.5122 0.5129 0.5135 0.5142 0.5149
3102.000000 0.5156 0.5162 0.5169 0.5176 0.5184
3107.000000 0.5191 0.5199 0.5219 0.5239 0.5260
3112.000000 0.5281 0.5302 0.5323 0.5342 0.5362
3117.000000 0.5377 0.5393 0.5408 0.5423 0.5438
3122.000000 0.5454 0.5469 0.5484 0.5500 0.5517
3127.000000 0.5533 0.5550 0.5566 0.5583 0.5599
3132.000000 0.5616 0.5632 0.5648 0.5662 0.5677
3137.000000 0.5691 0.5705 0.5719 0.5734 0.5748
3142.000000 0.5762 0.5775 0.5788 0.5799 0.5810
3147.000000 0.5821 0.5832 0.5843 0.5854 0.5865
3152.000000 0.5877 0.5888 0.5899 0.5910 0.5921
3157.000000 0.5932 0.5943 0.5954 0.5965 0.5976
3162.000000 0.5988 0.5999 0.6010 0.6022 0.6034
3167.000000 0.6045 0.6057 0.6068 0.6080 0.6091
3172.000000 0.6103 0.6114 0.6126 0.6137 0.6148
3177.000000 0.6159 0.6171 0.6182 0.6194 0.6208
3182.000000 0.6222 0.6236 0.6250 0.6262 0.6277
3187.000000 0.6291 0.6305 0.6319 0.6333 0.6346
3192.000000 0.6360 0.6374 0.6388 0.6401 0.6415
3197.000000 0.6428 0.6443 0.6457 0.6471 0.6483
3202.000000 0.6495 0.6507 0.6518 0.6531 0.6543
3207.000000 0.6555 0.6568 0.6580 0.6592 0.6604
3212.000000 0.6615 0.6628 0.6641 0.6653 0.6665
3217.000000 0.6675 0.6688 0.6697 0.6706 0.6714
3222.000000 0.6722 0.6731 0.6740 0.6749 0.6758
3227.000000 0.6765 0.6775 0.6784 0.6793 0.6801
3232.000000 0.6810 0.6818 0.6826 0.6836 0.6845
3237.000000 0.6854 0.6864 0.6874 0.6884 0.6894
3242.000000 0.6905 0.6915 0.6925 0.6935 0.6945
3247.000000 0.6955 0.6965 0.6975 0.6986 0.6996
3252.000000 0.7006 0.7015 0.7025 0.7036 0.7046
3257.000000 0.7056 0.7067 0.7076 0.7087 0.7097
3262.000000 0.7107 0.7117 0.7126 0.7137 0.7147
3267.000000 0.7157 0.7167 0.7176 0.7187 0.7197
3272.000000 0.7207 0.7217 0.7226 0.7235 0.7244
3277.000000 0.7251 0.7258 0.7265 0.7274 0.7282
3282.000000 0.7290 0.7297 0.7305 0.7311 0.7319
3287.000000 0.7328 0.7336 0.7343 0.7351 0.7358
3292.000000 0.7365 0.7372 0.7381 0.7386 0.7392
3297.000000 0.7397 0.7403 0.7408 0.7412 0.7418
3302.000000 0.7424 0.7428 0.7435 0.7439 0.7444
3307.000000 0.7447 0.7451 0.7455 0.7458 0.7461
3312.000000 0.7465 0.7468 0.7472 0.7475 0.7476
3317.000000 0.7478 0.7480 0.7481 0.7483 0.7484
3322.000000 0.7485 0.7486 0.7488 0.7489 0.7491
3327.000000 0.7494 0.7497 0.7500 0.7503 0.7506
3332.000000 0.7508 0.7511 0.7515 0.7517 0.7519
3337.000000 0.7522 0.7525 0.7528 0.7531 0.7534
3342.000000 0.7537 0.7539 0.7542 0.7545 0.7548
3347.000000 0.7551 0.7555 0.7558 0.7561 0.7565
3352.000000 0.7568 0.7571 0.7575 0.7580 0.7585
3357.000000 0.7592 0.7600 0.7607 0.7615 0.7622
3362.000000 0.7631 0.7641 0.7651 0.7661 0.7671
3367.000000 0.7682 0.7692 0.7698 0.7705 0.7710
3372.000000 0.7715 0.7719 0.7725 0.7730 0.7735
3377.000000 0.7737 0.7739 0.7740 0.7741 0.7742
3382.000000 0.7743 0.7744 0.7745 0.7746 0.7747
3387.000000 0.7748 0.7749 0.7750 0.7751 0.7751
3392.000000 0.7751 0.7751 0.7751 0.7751 0.7751
3397.000000 0.7751 0.7751 0.7751 0.7751 0.7751
3402.000000 0.7751 0.7751 0.7751 0.7751 0.7751
3407.000000 0.7753 0.7755 0.7756 0.7757 0.7758
3412.000000 0.7758 0.7760 0.7761 0.7761 0.7762
3417.000000 0.7764 0.7765 0.7765 0.7768 0.7768
3422.000000 0.7769 0.7769 0.7771 0.7771 0.7771
3427.000000 0.7771 0.7772 0.7772 0.7774 0.7774
3432.000000 0.7774 0.7774 0.7775 0.7775 0.7775
3437.000000 0.7775 0.7776 0.7776 0.7778 0.7778
3442.000000 0.7778 0.7778 0.7778 0.7778 0.7778
3447.000000 0.7778 0.7778 0.7778 0.7780 0.7780
3452.000000 0.7780 0.7780 0.7780 0.7780 0.7780
3457.000000 0.7780 0.7780 0.7780 0.7780 0.7780
3462.000000 0.7780 0.7780 0.7780 0.7780 0.7780
3467.000000 0.7780 0.7780 0.7778 0.7778 0.7778
3472.000000 0.7778 0.7778 0.7778 0.7778 0.7778
3477.000000 0.7778 0.7778 0.7778 0.7778 0.7778
3482.000000 0.7778 0.7778 0.7778 0.7778 0.7778
3487.000000 0.7778 0.7778 0.7778 0.7778 0.7778
3492.000000 0.7778 0.7778 0.7778 0.7776 0.7776
3497.000000 0.7776 0.7776 0.7776 0.7776 0.7775
3502.000000 0.7775 0.7775 0.7775 0.7775 0.7775
3507.000000 0.7775 0.7775 0.7774 0.7774 0.7774
3512.000000 0.7774 0.7774 0.7774 0.7772 0.7772
3517.000000 0.7772 0.7772 0.7771 0.7771 0.7771
3522.000000 0.7771 0.7771 0.7771 0.7771 0.7771
3527.000000 0.7771 0.7771 0.7771 0.7771 0.7769
3532.000000 0.7769 0.7769 0.7769 0.7769 0.7769
3537.000000 0.7768 0.7768 0.7768 0.7768 0.7768
3542.000000 0.7768 0.7768 0.7768 0.7768 0.7768
3547.000000 0.7768 0.7768 0.7768 0.7768 0.7767
3552.000000 0.7767 0.7767 0.7767 0.7765 0.7765
3557.000000 0.7765 0.7765 0.7765 0.7765 0.7765
3562.000000 0.7765 0.7764 0.7764 0.7762 0.7762
3567.000000 0.7762 0.7762 0.7761 0.7761 0.7761
3572.000000 0.7761 0.7761 0.7761 0.7761 0.7761
3577.000000 0.7760 0.7760 0.7758 0.7758 0.7758
3582.000000 0.7758 0.7758 0.7758 0.7758 0.7758
3587.000000 0.7757 0.7757 0.7757 0.7757 0.7756
3592.000000 0.7756 0.7755 0.7755 0.7755 0.7755
3597.000000 0.7754 0.7754 0.7754 0.7754 0.7753
3602.000000 0.7751 0.7751 0.7751 0.7750 0.7750
3607.000000 0.7749 0.7749 0.7748 0.7748 0.7747
3612.000000 0.7747 0.7746 0.7746 0.7745 0.7745
3617.000000 0.7744 0.7744 0.7743 0.7743 0.7742
3622.000000 0.7741 0.7740 0.7740 0.7739 0.7739
3627.000000 0.7738 0.7738 0.7737 0.7737 0.7736
3632.000000 0.7736 0.7735 0.7734 0.7733 0.7733
3637.000000 0.7732 0.7731 0.7730 0.7730 0.7728
3642.000000 0.7728 0.7726 0.7726 0.7725 0.7725
3647.000000 0.7724 0.7722 0.7721 0.7721 0.7721
3652.000000 0.7719 0.7718 0.7718 0.7718 0.7717
3657.000000 0.7715 0.7715 0.7714 0.7712 0.7711
3662.000000 0.7710 0.7708 0.7708 0.7707 0.7706
3667.000000 0.7704 0.7703 0.7701 0.7701 0.7700
3672.000000 0.7699 0.7697 0.7696 0.7695 0.7694
3677.000000 0.7693 0.7692 0.7690 0.7689 0.7688
3682.000000 0.7687 0.7686 0.7685 0.7683 0.7682
3687.000000 0.7680 0.7678 0.7676 0.7675 0.7672
3692.000000 0.7671 0.7669 0.7668 0.7665 0.7665
3697.000000 0.7662 0.7661 0.7660 0.7658 0.7656
3702.000000 0.7655 0.7653 0.7651 0.7649 0.7648
3707.000000 0.7646 0.7644 0.7642 0.7641 0.7639
3712.000000 0.7637 0.7635 0.7634 0.7632 0.7630
3717.000000 0.7628 0.7625 0.7624 0.7621 0.7619
3722.000000 0.7618 0.7615 0.7614 0.7611 0.7610
3727.000000 0.7608 0.7606 0.7604 0.7601 0.7600
3732.000000 0.7598 0.7596 0.7594 0.7592 0.7590
3737.000000 0.7588 0.7586 0.7583 0.7580 0.7575
3742.000000 0.7572 0.7568 0.7565 0.7561 0.7558
3747.000000 0.7555 0.7551 0.7548 0.7545 0.7541
3752.000000 0.7538 0.7534 0.7531 0.7526 0.7522
3757.000000 0.7518 0.7515 0.7511 0.7508 0.7505
3762.000000 0.7501 0.7498 0.7495 0.7491 0.7488
3767.000000 0.7484 0.7481 0.7478 0.7475 0.7472
3772.000000 0.7471 0.7468 0.7467 0.7465 0.7462
3777.000000 0.7461 0.7458 0.7457 0.7455 0.7453
3782.000000 0.7451 0.7449 0.7447 0.7445 0.7443
3787.000000 0.7441 0.7439 0.7437 0.7435 0.7433
3792.000000 0.7431 0.7428 0.7425 0.7424 0.7421
3797.000000 0.7419 0.7418 0.7418 0.7418
##END=
