##TITLE=BENZENE, 1-(BROMOMETHYL)-2-METHYL-
##JCAMP-DX=4.24
##DATA TYPE=INFRARED SPECTRUM
##CLASS=COBLENTZ III
##ORIGIN=DOW CHEMICAL COMPANY
##OWNER=COBLENTZ SOCIETY
Collection (C) 2018 copyright by the U.S. Secretary of Commerce
on behalf of the United States of America. All rights reserved.
##DATE=1964/05/04
##NAMES=1-(bromomethyl)-2-methylbenzene
##CAS REGISTRY NO=89-92-9
##MOLFORM=C8 H9 Br
##SOURCE REFERENCE=COBLENTZ NO. 10045
##$NIST SOURCE=COBLENTZ
##$NIST IMAGE=cob10045
##SPECTROMETER/DATA SYSTEM=DOW KBr FOREPRISM-GRATING
##INSTRUMENT PARAMETERS=BLAZED AT 3.5, 12.0, 20.0 MICRON, CHANGED AT 5.0, 7.5, 14.9 MICRON
##STATE=SOLUTION (10% IN CCl4 FOR 3800-1330 AND 10% IN CS2 FOR 1330-400 CM^-^1)
##PATH LENGTH=0.011, 0.011 CM
$$SPECTRAL CONTAMINATION DUE TO CCl4 AROUND 1550, AND CS2 AROUND 855, 650 CM^-^1
##SAMPLING PROCEDURE=TRANSMISSION
##RESOLUTION=4
##DATA PROCESSING=DIGITIZED BY NIST FROM HARD COPY (FROM TWO SEGMENTS)
##XUNITS=1/CM
##YUNITS=TRANSMITTANCE
##XFACTOR=1.000000
##YFACTOR=1
##DELTAX=0.870040
##FIRSTX=384.339
##LASTX=3797.51
##FIRSTY=0.115
##MAXX=3797.51
##MINX=384.339
##MAXY=1.008
##MINY=0.0871042
##NPOINTS=3924
##XYDATA=(X++(Y..Y))
384.339000 0.1150 0.1150 0.1150 0.1170 0.1170
388.689201 0.1180 0.1180 0.1200 0.1210 0.1260
393.039401 0.1300 0.1330 0.1360 0.1400 0.1500
397.389602 0.1580 0.1600 0.1710 0.1849 0.2138
401.739803 0.2440 0.2900 0.3050 0.3359 0.3719
406.090004 0.4278 0.4579 0.4839 0.5368 0.5400
410.440204 0.5710 0.6040 0.6280 0.6480 0.6570
414.790405 0.6779 0.6870 0.7099 0.7130 0.7269
419.140606 0.7360 0.7430 0.7480 0.7530 0.7550
423.490806 0.7580 0.7580 0.7580 0.7570 0.7540
427.841007 0.7460 0.7360 0.7270 0.7160 0.7100
432.191208 0.7020 0.6940 0.6781 0.6790 0.7347
436.541409 0.7800 0.8070 0.8210 0.8330 0.8450
440.891609 0.8510 0.8540 0.8580 0.8640 0.8690
445.241810 0.8710 0.8730 0.8770 0.8820 0.8850
449.592011 0.8890 0.8930 0.8940 0.8940 0.8970
453.942212 0.8990 0.9010 0.9030 0.9030 0.9040
458.292412 0.9040 0.9090 0.9150 0.9160 0.9180
462.642613 0.9180 0.9190 0.9200 0.9220 0.9230
466.992814 0.9230 0.9230 0.9240 0.9260 0.9260
471.343014 0.9240 0.9240 0.9230 0.9230 0.9220
475.693215 0.9220 0.9200 0.9180 0.9140 0.9011
480.043416 0.8850 0.8740 0.8600 0.8071 0.7771
484.393617 0.7461 0.7012 0.6751 0.6481 0.6480
488.743817 0.7330 0.8039 0.8559 0.8790 0.9149
493.094018 0.9339 0.9390 0.9440 0.9450 0.9460
497.444219 0.9520 0.9530 0.9540 0.9540 0.9560
501.794419 0.9560 0.9540 0.9480 0.9460 0.9450
506.144620 0.9440 0.9370 0.9290 0.9200 0.9080
510.494821 0.8901 0.8790 0.8541 0.7893 0.7572
514.845022 0.6780 0.5970 0.5231 0.4591 0.3951
519.195222 0.5665 0.5969 0.7375 0.8067 0.8518
523.545423 0.8820 0.9040 0.9160 0.9350 0.9380
527.895624 0.9380 0.9420 0.9450 0.9460 0.9480
532.245825 0.9500 0.9520 0.9530 0.9560 0.9600
536.596025 0.9630 0.9640 0.9670 0.9680 0.9690
540.946226 0.9720 0.9750 0.9780 0.9790 0.9800
545.296427 0.9800 0.9800 0.9800 0.9820 0.9830
549.646627 0.9830 0.9830 0.9830 0.9820 0.9800
553.996828 0.9780 0.9740 0.9720 0.9670 0.9640
558.347029 0.9630 0.9640 0.9680 0.9690 0.9720
562.697230 0.9750 0.9780 0.9780 0.9800 0.9800
567.047430 0.9790 0.9790 0.9780 0.9760 0.9740
571.397631 0.9720 0.9710 0.9670 0.9640 0.9570
575.747832 0.9520 0.9480 0.9460 0.9071 0.8920
580.098032 0.8741 0.8551 0.8371 0.7723 0.7024
584.448233 0.6430 0.5830 0.4651 0.4650 0.4969
588.798434 0.7125 0.7908 0.8059 0.8090 0.8020
593.148635 0.7960 0.7810 0.7620 0.7460 0.7310
597.498835 0.7021 0.6731 0.5514 0.4773 0.4172
601.849036 0.3720 0.3260 0.2631 0.2360 0.2061
606.199237 0.1751 0.1451 0.1450 0.1779 0.2367
610.549437 0.2461 0.5120 0.6009 0.6370 0.7119
614.899638 0.7130 0.7868 0.7890 0.8328 0.8340
619.249839 0.8560 0.8730 0.8780 0.8920 0.8990
623.600040 0.9040 0.9080 0.9150 0.9200 0.9270
627.950240 0.9340 0.9390 0.9420 0.9440 0.9440
632.300441 0.9480 0.9480 0.9450 0.9420 0.9420
636.650642 0.9410 0.9410 0.9370 0.9350 0.9340
641.000843 0.9300 0.9270 0.9240 0.9220 0.9200
645.351043 0.9190 0.9190 0.9160 0.9150 0.9120
649.701244 0.9080 0.9080 0.9120 0.9160 0.9200
654.051445 0.9230 0.9310 0.9380 0.9410 0.9420
658.401645 0.9440 0.9460 0.9480 0.9480 0.9480
662.751846 0.9480 0.9490 0.9560 0.9600 0.9640
667.102047 0.9650 0.9670 0.9670 0.9670 0.9670
671.452248 0.9680 0.9680 0.9680 0.9690 0.9710
675.802448 0.9720 0.9720 0.9740 0.9760 0.9780
680.152649 0.9790 0.9790 0.9790 0.9800 0.9800
684.502850 0.9790 0.9780 0.9780 0.9760 0.9760
688.853050 0.9750 0.9740 0.9690 0.9610 0.9540
693.203251 0.9480 0.9350 0.9151 0.9090 0.9080
697.553452 0.9290 0.9410 0.9450 0.9540 0.9560
701.903653 0.9570 0.9570 0.9560 0.9540 0.9520
706.253853 0.9520 0.9460 0.9420 0.9370 0.9340
710.604054 0.9240 0.9160 0.9040 0.8881 0.8432
714.954255 0.7700 0.7160 0.6860 0.6560 0.5702
719.304456 0.4762 0.3803 0.1329 0.1101 0.0871
723.654656 0.1453 0.5110 0.6260 0.6530 0.7329
728.004857 0.7959 0.8179 0.8469 0.8470 0.8440
732.355058 0.8370 0.8250 0.8070 0.7850 0.7381
736.705258 0.7270 0.6861 0.6432 0.5414 0.4465
741.055459 0.4350 0.4350 0.5619 0.6119 0.7358
745.405660 0.7779 0.8239 0.8250 0.8280 0.8180
749.755861 0.7890 0.7760 0.7570 0.7390 0.7140
754.106061 0.6691 0.6231 0.5273 0.5170 0.4732
758.456262 0.4350 0.3910 0.3460 0.1702 0.1660
762.806463 0.1301 0.0951 0.1837 0.2109 0.2658
767.156663 0.4431 0.5370 0.7279 0.7909 0.8489
771.506864 0.8550 0.8779 0.8930 0.9000 0.9139
775.857065 0.9240 0.9290 0.9340 0.9380 0.9390
780.207266 0.9410 0.9410 0.9420 0.9420 0.9440
784.557466 0.9490 0.9560 0.9600 0.9640 0.9680
788.907667 0.9740 0.9790 0.9790 0.9800 0.9830
793.257868 0.9840 0.9860 0.9870 0.9890 0.9900
797.608069 0.9900 0.9910 0.9890 0.9900 0.9900
801.958269 0.9890 0.9800 0.9690 0.9650 0.9650
806.308470 0.9680 0.9780 0.9790 0.9840 0.9870
810.658671 0.9900 0.9910 0.9930 0.9930 0.9930
815.008871 0.9930 0.9930 0.9940 0.9940 0.9940
819.359072 0.9930 0.9930 0.9930 0.9930 0.9890
823.709273 0.9870 0.9860 0.9790 0.9780 0.9780
828.059474 0.9610 0.9500 0.9380 0.9340 0.9180
832.409674 0.9140 0.9140 0.7774 0.7611 0.7102
836.759875 0.6601 0.7400 0.8410 0.8990 0.9050
841.110076 0.9050 0.9030 0.9010 0.8990 0.8930
845.460276 0.8930 0.8820 0.8710 0.8590 0.8450
849.810477 0.8340 0.8320 0.8210 0.8150 0.8100
854.160678 0.8090 0.8070 0.8040 0.8020 0.7980
858.510879 0.7930 0.7910 0.7910 0.7950 0.7980
862.861079 0.8000 0.8070 0.8100 0.8140 0.8250
867.211280 0.8280 0.8300 0.8330 0.8370 0.8390
871.561481 0.8360 0.8330 0.8240 0.8100 0.7890
875.911681 0.7780 0.7780 0.7850 0.8099 0.8329
880.261882 0.8810 0.8890 0.8990 0.9050 0.9220
884.612083 0.9350 0.9420 0.9560 0.9590 0.9650
888.962284 0.9690 0.9740 0.9780 0.9790 0.9820
893.312484 0.9840 0.9840 0.9860 0.9890 0.9910
897.662685 0.9910 0.9930 0.9950 0.9950 0.9970
902.012886 0.9970 0.9970 1.0010 1.0010 1.0020
906.363087 1.0020 1.0040 1.0020 1.0040 1.0050
910.713287 1.0060 1.0080 1.0080 1.0060 1.0060
915.063488 1.0050 1.0050 1.0050 1.0050 1.0020
919.413689 1.0020 1.0020 1.0020 1.0010 1.0010
923.763889 1.0000 1.0010 1.0020 1.0020 1.0020
928.114090 1.0010 1.0010 1.0000 0.9970 0.9930
932.464291 0.9900 0.9890 0.9830 0.9750 0.9670
936.814492 0.9560 0.9141 0.9140 0.9190 0.9559
941.164692 0.9640 0.9740 0.9820 0.9860 0.9930
945.514893 0.9940 0.9940 0.9950 0.9980 1.0010
949.865094 1.0020 1.0020 1.0020 1.0020 1.0020
954.215294 1.0020 1.0020 1.0040 1.0040 1.0020
958.565495 1.0020 1.0020 1.0020 1.0010 1.0010
962.915696 1.0000 1.0010 1.0010 1.0010 1.0000
967.265897 0.9970 0.9940 0.9890 0.9870 0.9870
971.616097 0.9870 0.9890 0.9900 0.9900 0.9900
975.966298 0.9910 0.9910 0.9930 0.9910 0.9890
980.316499 0.9890 0.9890 0.9870 0.9860 0.9830
984.666700 0.9780 0.9760 0.9760 0.9760 0.9780
989.016900 0.9790 0.9820 0.9830 0.9860 0.9870
993.367101 0.9870 0.9890 0.9900 0.9900 0.9900
997.717302 0.9890 0.9860 0.9870 0.9870 0.9870
1002.067502 0.9890 0.9890 0.9890 0.9900 0.9900
1006.417703 0.9900 0.9900 0.9900 0.9900 0.9900
1010.767904 0.9900 0.9890 0.9870 0.9870 0.9860
1015.118105 0.9840 0.9800 0.9760 0.9720 0.9670
1019.468305 0.9600 0.9560 0.9460 0.9410 0.9350
1023.818506 0.9260 0.9180 0.9070 0.8990 0.8940
1028.168707 0.8780 0.8640 0.8400 0.8340 0.8340
1032.518907 0.8410 0.8540 0.8640 0.8730 0.8880
1036.869108 0.8890 0.8920 0.9040 0.9050 0.9040
1041.219309 0.9040 0.8940 0.8880 0.8770 0.8670
1045.569510 0.8180 0.7890 0.7870 0.8170 0.8630
1049.919710 0.9439 0.9560 0.9570 0.9640 0.9720
1054.269911 0.9740 0.9780 0.9800 0.9820 0.9840
1058.620112 0.9860 0.9860 0.9860 0.9870 0.9870
1062.970312 0.9890 0.9890 0.9870 0.9870 0.9870
1067.320513 0.9890 0.9900 0.9910 0.9910 0.9900
1071.670714 0.9870 0.9860 0.9830 0.9820 0.9800
1076.020915 0.9780 0.9780 0.9720 0.9650 0.9610
1080.371115 0.9500 0.9410 0.9330 0.9240 0.9160
1084.721316 0.9030 0.8731 0.8600 0.7723 0.7720
1089.071517 0.7991 0.8360 0.8430 0.8520 0.8710
1093.421718 0.9010 0.9180 0.9489 0.9570 0.9600
1097.771918 0.9650 0.9710 0.9750 0.9780 0.9780
1102.122119 0.9780 0.9790 0.9790 0.9790 0.9790
1106.472320 0.9800 0.9800 0.9800 0.9800 0.9800
1110.822520 0.9800 0.9800 0.9800 0.9820 0.9800
1115.172721 0.9800 0.9800 0.9790 0.9790 0.9780
1119.522922 0.9720 0.9710 0.9710 0.9710 0.9710
1123.873123 0.9710 0.9690 0.9670 0.9650 0.9640
1128.223323 0.9610 0.9590 0.9560 0.9560 0.9520
1132.573524 0.9500 0.9480 0.9420 0.9370 0.9340
1136.923725 0.9330 0.9270 0.9200 0.9190 0.9190
1141.273925 0.9270 0.9290 0.9330 0.9340 0.9350
1145.624126 0.9350 0.9380 0.9390 0.9380 0.9370
1149.974327 0.9340 0.9330 0.9330 0.9260 0.9220
1154.324528 0.9190 0.9160 0.9140 0.9090 0.9080
1158.674728 0.9030 0.8990 0.8940 0.9000 0.9070
1163.024929 0.9120 0.9140 0.9160 0.9220 0.9240
1167.375130 0.9290 0.9300 0.9290 0.9290 0.9290
1171.725331 0.9270 0.9260 0.9220 0.9180 0.9150
1176.075531 0.9120 0.9120 0.9080 0.9030 0.8990
1180.425732 0.8930 0.8850 0.8770 0.8710 0.8451
1184.775933 0.8040 0.7850 0.7589 0.7030 0.6460
1189.126133 0.6050 0.6040 0.7997 0.8130 0.8260
1193.476334 0.8470 0.8490 0.8510 0.8510 0.8480
1197.826535 0.8470 0.8340 0.8150 0.7961 0.7880
1202.176736 0.7620 0.7500 0.7230 0.6950 0.6390
1206.526936 0.6180 0.5770 0.4951 0.4361 0.4161
1210.877137 0.3937 0.2739 0.2339 0.1740 0.1740
1215.227338 0.2000 0.2749 0.5357 0.5510 0.6268
1219.577538 0.7270 0.7400 0.7400 0.7350 0.7130
1223.927739 0.7030 0.6930 0.6840 0.6611 0.5623
1228.277940 0.5469 0.5070 0.4890 0.4890 0.4370
1232.628141 0.4370 0.7347 0.7989 0.8110 0.8260
1236.978341 0.8400 0.8560 0.8750 0.9030 0.9150
1241.328542 0.9180 0.9200 0.9220 0.9260 0.9310
1245.678743 0.9330 0.9330 0.9330 0.9350 0.9390
1250.028943 0.9410 0.9420 0.9440 0.9460 0.9480
1254.379144 0.9490 0.9490 0.9490 0.9490 0.9500
1258.729345 0.9520 0.9530 0.9540 0.9560 0.9560
1263.079546 0.9540 0.9560 0.9560 0.9560 0.9570
1267.429746 0.9570 0.9560 0.9560 0.9560 0.9560
1271.779947 0.9560 0.9560 0.9570 0.9570 0.9570
1276.130148 0.9560 0.9560 0.9530 0.9520 0.9520
1280.480349 0.9490 0.9490 0.9480 0.9460 0.9420
1284.830549 0.9390 0.9340 0.9270 0.9240 0.9160
1289.180750 0.8970 0.8790 0.8639 0.7850 0.7950
1293.530951 0.8110 0.8589 0.8939 0.9070 0.9150
1297.881151 0.9180 0.9190 0.9140 0.9140 0.9140
1302.231352 0.9140 0.9150 0.9150 0.9160 0.9260
1306.581553 0.9370 0.9420 0.9460 0.9490 0.9500
1310.931754 0.9520 0.9530 0.9560 0.9560 0.9570
1315.281954 0.9590 0.9600 0.9590 0.9610 0.9610
1319.632155 0.9610 0.9610 0.9630 0.9630 0.9610
1323.982356 0.9590 0.9590 0.9590 0.9610 0.9630
1328.332556 0.9650 0.9670 0.9690 0.9690 0.9690
1332.682757 0.9710 0.9710 0.9710 0.9710 0.9710
1337.032958 0.9720 0.9720 0.9710 0.9710 0.9690
1341.383159 0.9680 0.9670 0.9640 0.9630 0.9600
1345.733359 0.9560 0.9560 0.9530 0.9500 0.9450
1350.083560 0.9440 0.9410 0.9350 0.9300 0.9300
1354.433761 0.9290 0.9270 0.9270 0.9260 0.9260
1358.783962 0.9230 0.9220 0.9220 0.9200 0.9190
1363.134162 0.9190 0.9180 0.9180 0.9160 0.9160
1367.484363 0.9150 0.9110 0.9040 0.9010 0.9010
1371.834564 0.8970 0.8930 0.8850 0.8730 0.8451
1376.184764 0.8260 0.8130 0.8040 0.7980 0.7440
1380.534965 0.6900 0.8029 0.8240 0.8509 0.8709
1384.885166 0.8840 0.8930 0.8990 0.9050 0.9110
1389.235367 0.9140 0.9190 0.9220 0.9230 0.9240
1393.585567 0.9260 0.9290 0.9300 0.9310 0.9330
1397.935768 0.9340 0.9340 0.9330 0.9330 0.9300
1402.285969 0.9300 0.9290 0.9270 0.9200 0.9160
1406.636169 0.9150 0.9150 0.9140 0.9120 0.9120
1410.986370 0.9120 0.9110 0.9090 0.9080 0.9040
1415.336571 0.9000 0.8940 0.8930 0.8880 0.8810
1419.686772 0.8730 0.8600 0.8520 0.8440 0.8330
1424.036972 0.8290 0.8250 0.8170 0.8140 0.8060
1428.387173 0.7949 0.7630 0.7500 0.7320 0.7140
1432.737374 0.7030 0.6910 0.7140 0.7170 0.7310
1437.087574 0.7480 0.7620 0.7620 0.7460 0.7320
1441.437775 0.7240 0.7090 0.6990 0.6880 0.6780
1445.787976 0.6609 0.6190 0.6090 0.5940 0.5740
1450.138177 0.5710 0.5710 0.5890 0.5980 0.6050
1454.488377 0.6120 0.6070 0.6010 0.5860 0.5560
1458.838578 0.5210 0.4890 0.4840 0.4540 0.4540
1463.188779 0.4780 0.4801 0.5261 0.5830 0.6050
1467.538980 0.7079 0.7170 0.7250 0.7320 0.7390
1471.889180 0.7570 0.7660 0.7690 0.7700 0.7700
1476.239381 0.7700 0.7720 0.7720 0.7700 0.7610
1480.589582 0.7590 0.7540 0.7430 0.7330 0.7250
1484.939782 0.7120 0.7010 0.6970 0.6910 0.6710
1489.289983 0.6239 0.5749 0.5379 0.4780 0.4470
1493.640184 0.4480 0.4670 0.4810 0.5219 0.5509
1497.990385 0.5831 0.6111 0.6531 0.7240 0.7270
1502.340585 0.7420 0.7470 0.7470 0.7460 0.7460
1506.690786 0.7440 0.7440 0.7420 0.7360 0.7280
1511.040987 0.7250 0.7180 0.7170 0.7130 0.7100
1515.391187 0.7080 0.7010 0.6990 0.6980 0.6970
1519.741388 0.6880 0.6820 0.6780 0.6760 0.6750
1524.091589 0.6690 0.6640 0.6610 0.6540 0.6500
1528.441790 0.6480 0.6350 0.6310 0.6190 0.6160
1532.791990 0.6040 0.5930 0.5890 0.5770 0.5630
1537.142191 0.5520 0.5440 0.5320 0.5250 0.5170
1541.492392 0.5140 0.5070 0.5030 0.5000 0.4920
1545.842593 0.4890 0.4870 0.4870 0.4890 0.4920
1550.192793 0.4970 0.5000 0.5020 0.5040 0.5120
1554.542994 0.5150 0.5250 0.5300 0.5420 0.5490
1558.893195 0.5640 0.5770 0.5890 0.5930 0.6010
1563.243395 0.6110 0.6180 0.6230 0.6310 0.6350
1567.593596 0.6380 0.6420 0.6460 0.6500 0.6520
1571.943797 0.6520 0.6530 0.6540 0.6540 0.6560
1576.293998 0.6570 0.6570 0.6580 0.6600 0.6610
1580.644198 0.6630 0.6630 0.6650 0.6670 0.6710
1584.994399 0.6760 0.6830 0.6900 0.7010 0.7080
1589.344600 0.7130 0.7310 0.7330 0.7420 0.7480
1593.694800 0.7590 0.7680 0.7720 0.7760 0.7770
1598.045001 0.7700 0.7620 0.7460 0.7290 0.7090
1602.395202 0.7020 0.6940 0.7181 0.7720 0.8150
1606.745403 0.8260 0.8360 0.8440 0.8690 0.8750
1611.095603 0.8820 0.8920 0.8930 0.8940 0.8970
1615.445804 0.8990 0.9000 0.9030 0.9040 0.9050
1619.796005 0.9080 0.9120 0.9120 0.9150 0.9200
1624.146206 0.9240 0.9300 0.9340 0.9350 0.9370
1628.496406 0.9390 0.9440 0.9460 0.9490 0.9520
1632.846607 0.9530 0.9540 0.9560 0.9570 0.9570
1637.196808 0.9590 0.9600 0.9640 0.9650 0.9670
1641.547008 0.9680 0.9690 0.9690 0.9690 0.9680
1645.897209 0.9680 0.9680 0.9710 0.9710 0.9720
1650.247410 0.9720 0.9720 0.9720 0.9710 0.9690
1654.597611 0.9680 0.9680 0.9670 0.9680 0.9690
1658.947811 0.9690 0.9710 0.9710 0.9720 0.9720
1663.298012 0.9740 0.9780 0.9780 0.9750 0.9740
1667.648213 0.9740 0.9740 0.9750 0.9760 0.9780
1671.998413 0.9780 0.9780 0.9750 0.9740 0.9720
1676.348614 0.9720 0.9720 0.9720 0.9750 0.9750
1680.698815 0.9740 0.9740 0.9740 0.9740 0.9710
1685.049016 0.9680 0.9650 0.9650 0.9630 0.9600
1689.399216 0.9560 0.9540 0.9520 0.9490 0.9480
1693.749417 0.9480 0.9480 0.9490 0.9490 0.9500
1698.099618 0.9500 0.9560 0.9590 0.9600 0.9610
1702.449818 0.9640 0.9650 0.9680 0.9710 0.9720
1706.800019 0.9720 0.9720 0.9720 0.9720 0.9720
1711.150220 0.9710 0.9710 0.9690 0.9680 0.9670
1715.500421 0.9670 0.9650 0.9640 0.9640 0.9610
1719.850621 0.9600 0.9600 0.9590 0.9590 0.9590
1724.200822 0.9590 0.9610 0.9610 0.9610 0.9610
1728.551023 0.9610 0.9630 0.9640 0.9640 0.9640
1732.901224 0.9650 0.9650 0.9670 0.9670 0.9680
1737.251424 0.9680 0.9680 0.9680 0.9680 0.9680
1741.601625 0.9670 0.9670 0.9670 0.9670 0.9670
1745.951826 0.9680 0.9680 0.9680 0.9690 0.9690
1750.302026 0.9710 0.9720 0.9740 0.9740 0.9750
1754.652227 0.9740 0.9740 0.9740 0.9740 0.9740
1759.002428 0.9740 0.9740 0.9740 0.9720 0.9720
1763.352629 0.9720 0.9710 0.9710 0.9710 0.9690
1767.702829 0.9690 0.9690 0.9680 0.9680 0.9680
1772.053030 0.9680 0.9680 0.9690 0.9710 0.9720
1776.403231 0.9720 0.9710 0.9710 0.9680 0.9670
1780.753431 0.9670 0.9670 0.9670 0.9670 0.9670
1785.103632 0.9650 0.9630 0.9590 0.9570 0.9530
1789.453833 0.9480 0.9420 0.9370 0.9340 0.9300
1793.804034 0.9290 0.9270 0.9260 0.9260 0.9270
1798.154234 0.9330 0.9340 0.9460 0.9500 0.9530
1802.504435 0.9540 0.9560 0.9570 0.9590 0.9630
1806.854636 0.9640 0.9650 0.9670 0.9680 0.9690
1811.204837 0.9710 0.9710 0.9720 0.9720 0.9720
1815.555037 0.9720 0.9720 0.9720 0.9740 0.9740
1819.905238 0.9720 0.9720 0.9710 0.9690 0.9680
1824.255439 0.9680 0.9670 0.9640 0.9590 0.9560
1828.605639 0.9530 0.9500 0.9500 0.9500 0.9500
1832.955840 0.9500 0.9520 0.9520 0.9540 0.9560
1837.306041 0.9570 0.9590 0.9630 0.9650 0.9680
1841.656242 0.9680 0.9710 0.9720 0.9720 0.9740
1846.006442 0.9740 0.9780 0.9780 0.9750 0.9720
1850.356643 0.9720 0.9720 0.9740 0.9750 0.9780
1854.706844 0.9780 0.9780 0.9780 0.9780 0.9780
1859.057044 0.9780 0.9790 0.9790 0.9790 0.9790
1863.407245 0.9780 0.9780 0.9740 0.9720 0.9710
1867.757446 0.9690 0.9680 0.9650 0.9610 0.9590
1872.107647 0.9560 0.9530 0.9520 0.9500 0.9500
1876.457847 0.9520 0.9530 0.9540 0.9570 0.9600
1880.808048 0.9670 0.9670 0.9680 0.9680 0.9680
1885.158249 0.9680 0.9680 0.9680 0.9690 0.9690
1889.508449 0.9690 0.9690 0.9690 0.9680 0.9670
1893.858650 0.9670 0.9680 0.9680 0.9680 0.9670
1898.208851 0.9650 0.9640 0.9610 0.9600 0.9590
1902.559052 0.9560 0.9500 0.9440 0.9410 0.9380
1906.909252 0.9330 0.9270 0.9200 0.9120 0.9070
1911.259453 0.9050 0.9070 0.9080 0.9120 0.9160
1915.609654 0.9340 0.9390 0.9480 0.9530 0.9570
1919.959855 0.9610 0.9640 0.9650 0.9670 0.9680
1924.310055 0.9710 0.9720 0.9740 0.9750 0.9750
1928.660256 0.9750 0.9720 0.9750 0.9740 0.9740
1933.010457 0.9740 0.9720 0.9720 0.9720 0.9710
1937.360657 0.9680 0.9680 0.9610 0.9570 0.9500
1941.710858 0.9450 0.9390 0.9350 0.9330 0.9260
1946.061059 0.9230 0.9220 0.9220 0.9230 0.9290
1950.411260 0.9340 0.9390 0.9420 0.9460 0.9500
1954.761460 0.9540 0.9570 0.9600 0.9640 0.9650
1959.111661 0.9670 0.9690 0.9710 0.9710 0.9690
1963.461862 0.9680 0.9680 0.9680 0.9680 0.9670
1967.812062 0.9670 0.9650 0.9670 0.9680 0.9680
1972.162263 0.9690 0.9710 0.9720 0.9740 0.9740
1976.512464 0.9720 0.9720 0.9720 0.9710 0.9710
1980.862665 0.9690 0.9690 0.9690 0.9680 0.9690
1985.212865 0.9690 0.9710 0.9710 0.9690 0.9650
1989.563066 0.9610 0.9520 0.9290 0.9140 0.9140
1993.913267 0.9540 0.9640 0.9671 1.0010 1.0010
1998.263468 0.9790 0.9570 0.9460 0.9460 0.9460
2002.613668 0.9535 0.9610 0.9610 0.9610 0.9620
2006.963869 0.9630 0.9630 0.9630 0.9630 0.9630
2011.314070 0.9630 0.9630 0.9630 0.9630 0.9630
2015.664270 0.9630 0.9630 0.9630 0.9630 0.9630
2020.014471 0.9620 0.9610 0.9610 0.9610 0.9610
2024.364672 0.9610 0.9620 0.9630 0.9635 0.9640
2028.714873 0.9645 0.9650 0.9659 0.9669 0.9670
2033.065073 0.9670 0.9670 0.9670 0.9675 0.9680
2037.415274 0.9680 0.9680 0.9675 0.9670 0.9661
2041.765475 0.9651 0.9645 0.9640 0.9640 0.9640
2046.115675 0.9654 0.9669 0.9675 0.9680 0.9694
2050.465876 0.9709 0.9710 0.9710 0.9701 0.9691
2054.816077 0.9685 0.9680 0.9675 0.9670 0.9656
2059.166278 0.9641 0.9636 0.9631 0.9630 0.9630
2063.516478 0.9630 0.9630 0.9621 0.9611 0.9610
2067.866679 0.9610 0.9592 0.9572 0.9570 0.9570
2072.216880 0.9614 0.9664 0.9679 0.9689 0.9699
2076.567080 0.9709 0.9723 0.9738 0.9740 0.9740
2080.917281 0.9731 0.9721 0.9720 0.9720 0.9720
2085.267482 0.9720 0.9729 0.9739 0.9731 0.9721
2089.617683 0.9720 0.9720 0.9716 0.9711 0.9710
2093.967883 0.9710 0.9710 0.9710 0.9710 0.9710
2098.318084 0.9710 0.9710 0.9710 0.9710 0.9714
2102.668285 0.9719 0.9720 0.9720 0.9720 0.9720
2107.018486 0.9720 0.9720 0.9728 0.9738 0.9732
2111.368686 0.9722 0.9720 0.9720 0.9720 0.9720
2115.718887 0.9720 0.9720 0.9720 0.9720 0.9720
2120.069088 0.9720 0.9716 0.9711 0.9710 0.9710
2124.419288 0.9710 0.9710 0.9710 0.9710 0.9714
2128.769489 0.9719 0.9728 0.9738 0.9748 0.9758
2133.119690 0.9760 0.9760 0.9756 0.9751 0.9750
2137.469891 0.9750 0.9762 0.9777 0.9772 0.9762
2141.820091 0.9752 0.9742 0.9740 0.9740 0.9740
2146.170292 0.9740 0.9740 0.9740 0.9740 0.9740
2150.520493 0.9740 0.9740 0.9740 0.9740 0.9740
2154.870693 0.9740 0.9740 0.9740 0.9732 0.9723
2159.220894 0.9720 0.9720 0.9720 0.9720 0.9727
2163.571095 0.9737 0.9733 0.9723 0.9720 0.9720
2167.921296 0.9720 0.9720 0.9716 0.9711 0.9710
2172.271496 0.9710 0.9710 0.9710 0.9710 0.9710
2176.621697 0.9710 0.9710 0.9714 0.9719 0.9727
2180.971898 0.9737 0.9740 0.9740 0.9740 0.9740
2185.322099 0.9743 0.9748 0.9750 0.9750 0.9747
2189.672299 0.9742 0.9733 0.9723 0.9720 0.9720
2194.022500 0.9717 0.9712 0.9710 0.9710 0.9713
2198.372701 0.9718 0.9727 0.9737 0.9740 0.9740
2202.722901 0.9740 0.9740 0.9740 0.9740 0.9733
2207.073102 0.9723 0.9720 0.9720 0.9717 0.9712
2211.423303 0.9710 0.9710 0.9710 0.9710 0.9710
2215.773504 0.9710 0.9704 0.9694 0.9690 0.9690
2220.123704 0.9696 0.9706 0.9710 0.9710 0.9710
2224.473905 0.9710 0.9710 0.9710 0.9710 0.9710
2228.824106 0.9710 0.9710 0.9704 0.9694 0.9687
2233.174306 0.9682 0.9680 0.9680 0.9680 0.9680
2237.524507 0.9677 0.9672 0.9670 0.9670 0.9673
2241.874708 0.9678 0.9680 0.9680 0.9680 0.9680
2246.224909 0.9680 0.9680 0.9677 0.9672 0.9664
2250.575109 0.9654 0.9647 0.9642 0.9640 0.9640
2254.925310 0.9637 0.9632 0.9630 0.9630 0.9624
2259.275511 0.9614 0.9607 0.9602 0.9597 0.9592
2263.625712 0.9584 0.9574 0.9576 0.9586 0.9581
2267.975912 0.9566 0.9554 0.9544 0.9540 0.9540
2272.326113 0.9537 0.9532 0.9527 0.9522 0.9515
2276.676314 0.9505 0.9497 0.9492 0.9487 0.9482
2281.026514 0.9474 0.9464 0.9457 0.9452 0.9450
2285.376715 0.9450 0.9450 0.9450 0.9450 0.9450
2289.726916 0.9447 0.9442 0.9440 0.9440 0.9440
2294.077117 0.9440 0.9440 0.9440 0.9443 0.9448
2298.427317 0.9450 0.9450 0.9450 0.9450 0.9453
2302.777518 0.9458 0.9465 0.9475 0.9480 0.9480
2307.127719 0.9480 0.9480 0.9482 0.9487 0.9492
2311.477919 0.9497 0.9500 0.9500 0.9500 0.9500
2315.828120 0.9498 0.9493 0.9490 0.9490 0.9488
2320.178321 0.9483 0.9495 0.9524 0.9552 0.9577
2324.528522 0.9583 0.9568 0.9560 0.9560 0.9544
2328.878722 0.9509 0.9490 0.9490 0.9500 0.9519
2333.228923 0.9539 0.9559 0.9575 0.9585 0.9590
2337.579124 0.9590 0.9592 0.9597 0.9607 0.9622
2341.929324 0.9632 0.9637 0.9640 0.9640 0.9640
2346.279525 0.9640 0.9647 0.9662 0.9672 0.9677
2350.629726 0.9680 0.9680 0.9682 0.9687 0.9690
2354.979927 0.9690 0.9690 0.9690 0.9688 0.9683
2359.330127 0.9678 0.9673 0.9666 0.9656 0.9648
2363.680328 0.9643 0.9640 0.9640 0.9638 0.9633
2368.030529 0.9630 0.9630 0.9626 0.9616 0.9610
2372.380730 0.9610 0.9608 0.9603 0.9600 0.9600
2376.730930 0.9594 0.9579 0.9570 0.9570 0.9583
2381.081131 0.9618 0.9646 0.9661 0.9672 0.9677
2385.431332 0.9680 0.9680 0.9674 0.9659 0.9648
2389.781532 0.9643 0.9638 0.9633 0.9630 0.9630
2394.131733 0.9630 0.9630 0.9630 0.9630 0.9630
2398.481934 0.9630 0.9630 0.9630 0.9626 0.9616
2402.832135 0.9614 0.9624 0.9626 0.9616 0.9610
2407.182335 0.9610 0.9610 0.9610 0.9610 0.9610
2411.532536 0.9610 0.9610 0.9610 0.9610 0.9610
2415.882737 0.9610 0.9613 0.9623 0.9630 0.9630
2420.232937 0.9632 0.9637 0.9640 0.9640 0.9640
2424.583138 0.9640 0.9642 0.9647 0.9650 0.9650
2428.933339 0.9650 0.9650 0.9653 0.9663 0.9670
2433.283540 0.9670 0.9671 0.9677 0.9680 0.9680
2437.633740 0.9680 0.9680 0.9680 0.9680 0.9680
2441.983941 0.9680 0.9679 0.9674 0.9670 0.9670
2446.334142 0.9670 0.9670 0.9670 0.9670 0.9671
2450.684343 0.9676 0.9680 0.9680 0.9680 0.9680
2455.034543 0.9680 0.9680 0.9680 0.9680 0.9680
2459.384744 0.9680 0.9681 0.9686 0.9690 0.9690
2463.734945 0.9693 0.9703 0.9710 0.9710 0.9710
2468.085145 0.9710 0.9711 0.9716 0.9720 0.9720
2472.435346 0.9720 0.9720 0.9720 0.9720 0.9720
2476.785547 0.9720 0.9720 0.9720 0.9722 0.9732
2481.135748 0.9740 0.9740 0.9738 0.9728 0.9720
2485.485948 0.9720 0.9719 0.9714 0.9710 0.9710
2489.836149 0.9710 0.9710 0.9710 0.9710 0.9711
2494.186350 0.9716 0.9720 0.9720 0.9720 0.9720
2498.536550 0.9720 0.9720 0.9720 0.9720 0.9720
2502.886751 0.9720 0.9720 0.9720 0.9720 0.9720
2507.236952 0.9720 0.9720 0.9719 0.9714 0.9708
2511.587153 0.9698 0.9690 0.9690 0.9690 0.9690
2515.937353 0.9690 0.9690 0.9690 0.9690 0.9692
2520.287554 0.9702 0.9710 0.9710 0.9710 0.9710
2524.637755 0.9711 0.9716 0.9720 0.9720 0.9722
2528.987955 0.9732 0.9740 0.9740 0.9740 0.9740
2533.338156 0.9739 0.9729 0.9720 0.9720 0.9720
2537.688357 0.9720 0.9721 0.9731 0.9740 0.9740
2542.038558 0.9740 0.9740 0.9739 0.9729 0.9720
2546.388758 0.9720 0.9720 0.9720 0.9720 0.9720
2550.738959 0.9721 0.9731 0.9740 0.9740 0.9740
2555.089160 0.9740 0.9740 0.9740 0.9738 0.9723
2559.439361 0.9709 0.9699 0.9689 0.9684 0.9680
2563.789561 0.9680 0.9680 0.9685 0.9690 0.9690
2568.139762 0.9691 0.9706 0.9720 0.9720 0.9720
2572.489963 0.9715 0.9710 0.9710 0.9710 0.9710
2576.840163 0.9710 0.9710 0.9710 0.9710 0.9709
2581.190364 0.9694 0.9679 0.9664 0.9650 0.9645
2585.540565 0.9640 0.9635 0.9630 0.9630 0.9630
2589.890766 0.9635 0.9640 0.9640 0.9640 0.9645
2594.240966 0.9651 0.9661 0.9670 0.9670 0.9670
2598.591167 0.9675 0.9680 0.9680 0.9680 0.9675
2602.941368 0.9670 0.9670 0.9670 0.9670 0.9670
2607.291568 0.9670 0.9670 0.9670 0.9670 0.9660
2611.641769 0.9650 0.9650 0.9650 0.9650 0.9650
2615.991970 0.9650 0.9650 0.9650 0.9650 0.9645
2620.342171 0.9640 0.9645 0.9650 0.9650 0.9650
2624.692371 0.9650 0.9650 0.9660 0.9670 0.9670
2629.042572 0.9670 0.9670 0.9670 0.9660 0.9650
2633.392773 0.9645 0.9640 0.9640 0.9640 0.9640
2637.742974 0.9640 0.9635 0.9630 0.9630 0.9630
2642.093174 0.9635 0.9640 0.9640 0.9640 0.9635
2646.443375 0.9630 0.9630 0.9630 0.9616 0.9601
2650.793576 0.9595 0.9590 0.9590 0.9590 0.9580
2655.143776 0.9571 0.9570 0.9570 0.9570 0.9570
2659.493977 0.9570 0.9570 0.9584 0.9599 0.9600
2663.844178 0.9600 0.9605 0.9610 0.9610 0.9610
2668.194379 0.9610 0.9610 0.9610 0.9610 0.9605
2672.544579 0.9600 0.9600 0.9600 0.9586 0.9571
2676.894780 0.9570 0.9570 0.9579 0.9589 0.9595
2681.244981 0.9600 0.9605 0.9610 0.9610 0.9610
2685.595181 0.9619 0.9629 0.9630 0.9630 0.9630
2689.945382 0.9630 0.9630 0.9630 0.9630 0.9630
2694.295583 0.9630 0.9630 0.9630 0.9630 0.9630
2698.645784 0.9630 0.9634 0.9639 0.9640 0.9640
2702.995984 0.9640 0.9640 0.9636 0.9631 0.9630
2707.346185 0.9630 0.9630 0.9630 0.9630 0.9630
2711.696386 0.9621 0.9611 0.9610 0.9610 0.9606
2716.046586 0.9601 0.9596 0.9591 0.9577 0.9562
2720.396787 0.9552 0.9542 0.9540 0.9540 0.9536
2724.746988 0.9531 0.9526 0.9521 0.9512 0.9502
2729.097189 0.9484 0.9464 0.9452 0.9442 0.9432
2733.447389 0.9422 0.9416 0.9411 0.9414 0.9419
2737.797590 0.9432 0.9447 0.9454 0.9459 0.9484
2742.147791 0.9514 0.9536 0.9556 0.9560 0.9560
2746.497992 0.9564 0.9569 0.9578 0.9588 0.9590
2750.848192 0.9590 0.9590 0.9590 0.9594 0.9599
2755.198393 0.9596 0.9591 0.9594 0.9599 0.9600
2759.548594 0.9600 0.9604 0.9609 0.9610 0.9610
2763.898794 0.9618 0.9628 0.9630 0.9630 0.9630
2768.248995 0.9630 0.9630 0.9630 0.9622 0.9612
2772.599196 0.9610 0.9610 0.9610 0.9610 0.9606
2776.949397 0.9601 0.9600 0.9600 0.9596 0.9591
2781.299597 0.9579 0.9564 0.9553 0.9542 0.9540
2785.649798 0.9540 0.9536 0.9531 0.9526 0.9521
2789.999999 0.9520 0.9520 0.9520 0.9520 0.9524
2794.350199 0.9529 0.9534 0.9539 0.9540 0.9540
2798.700400 0.9547 0.9557 0.9553 0.9543 0.9533
2803.050601 0.9523 0.9509 0.9494 0.9486 0.9481
2807.400802 0.9480 0.9480 0.9480 0.9480 0.9473
2811.751002 0.9463 0.9460 0.9460 0.9457 0.9452
2816.101203 0.9450 0.9450 0.9447 0.9442 0.9430
2820.451404 0.9415 0.9403 0.9393 0.9390 0.9390
2824.801605 0.9390 0.9390 0.9387 0.9382 0.9380
2829.151805 0.9380 0.9370 0.9355 0.9350 0.9350
2833.502006 0.9343 0.9333 0.9323 0.9313 0.9307
2837.852207 0.9302 0.9280 0.9250 0.9227 0.9207
2842.202407 0.9187 0.9167 0.9154 0.9144 0.9124
2846.552608 0.9099 0.9074 0.9049 0.9024 0.8999
2850.902809 0.8962 0.8917 0.8865 0.8810 0.8764
2855.253010 0.8724 0.8675 0.8620 0.8572 0.8527
2859.603210 0.8466 0.8396 0.8348 0.8313 0.8300
2863.953411 0.8300 0.8309 0.8324 0.8330 0.8330
2868.303612 0.8342 0.8362 0.8379 0.8394 0.8403
2872.653812 0.8408 0.8407 0.8402 0.8397 0.8392
2877.004013 0.8381 0.8366 0.8354 0.8344 0.8337
2881.354214 0.8332 0.8333 0.8338 0.8346 0.8356
2885.704415 0.8363 0.8368 0.8387 0.8418 0.8436
2890.054615 0.8446 0.8459 0.8474 0.8497 0.8527
2894.404816 0.8546 0.8556 0.8554 0.8544 0.8526
2898.755017 0.8501 0.8484 0.8474 0.8448 0.8408
2903.105217 0.8363 0.8313 0.8257 0.8197 0.8162
2907.455418 0.8147 0.8110 0.8055 0.8008 0.7968
2911.805619 0.7931 0.7896 0.7842 0.7772 0.7724
2916.155820 0.7694 0.7667 0.7642 0.7617 0.7592
2920.506020 0.7554 0.7504 0.7467 0.7442 0.7430
2924.856221 0.7430 0.7438 0.7453 0.7465 0.7475
2929.206422 0.7488 0.7503 0.7579 0.7714 0.7785
2933.556623 0.7795 0.7813 0.7837 0.7860 0.7880
2937.906823 0.7895 0.7905 0.7905 0.7895 0.7875
2942.257024 0.7845 0.7813 0.7778 0.7735 0.7685
2946.607225 0.7638 0.7593 0.7512 0.7392 0.7292
2950.957425 0.7212 0.7161 0.7141 0.7130 0.7130
2955.307626 0.7146 0.7181 0.7219 0.7259 0.7297
2959.657827 0.7332 0.7369 0.7409 0.7437 0.7452
2964.008028 0.7455 0.7445 0.7431 0.7411 0.7355
2968.358228 0.7255 0.7178 0.7128 0.7076 0.7021
2972.708429 0.6946 0.6847 0.6757 0.6682 0.6548
2977.058630 0.6344 0.6173 0.6043 0.5970 0.5970
2981.408830 0.5992 0.6042 0.6136 0.6291 0.6412
2985.759031 0.6487 0.6551 0.6601 0.6717 0.6926
2990.109232 0.7095 0.7205 0.7309 0.7404 0.7502
2994.459433 0.7602 0.7697 0.7787 0.7940 0.8185
2998.809633 0.8344 0.8379 0.8400 0.8400 0.8398
3003.159834 0.8393 0.8386 0.8376 0.8364 0.8349
3007.510035 0.8323 0.8278 0.8231 0.8181 0.8097
3011.860236 0.7963 0.7816 0.7652 0.7529 0.7474
3016.210436 0.7410 0.7330 0.7250 0.7170 0.7089
3020.560637 0.7004 0.6883 0.6698 0.6524 0.6370
3024.910838 0.6228 0.6108 0.6032 0.6037 0.6066
3029.261038 0.6135 0.6196 0.6241 0.6275 0.6290
3033.611239 0.6323 0.6388 0.6461 0.6551 0.6733
3037.961440 0.7092 0.7402 0.7617 0.7768 0.7793
3042.311641 0.7810 0.7810 0.7802 0.7777 0.7738
3046.661841 0.7673 0.7617 0.7577 0.7547 0.7537
3051.012042 0.7533 0.7543 0.7561 0.7596 0.7622
3055.362243 0.7627 0.7635 0.7650 0.7658 0.7654
3059.712443 0.7646 0.7631 0.7596 0.7516 0.7420
3064.062644 0.7290 0.7179 0.7109 0.7054 0.7034
3068.412845 0.7013 0.6988 0.6966 0.6951 0.6968
3072.763046 0.7068 0.7148 0.7178 0.7218 0.7283
3077.113246 0.7349 0.7419 0.7479 0.7515 0.7553
3081.463447 0.7598 0.7655 0.7745 0.7833 0.7918
3085.813648 0.8017 0.8157 0.8285 0.8380 0.8481
3090.163849 0.8601 0.8710 0.8790 0.8855 0.8875
3094.514049 0.8896 0.8921 0.8940 0.8940 0.8939
3098.864250 0.8934 0.8929 0.8924 0.8916 0.8901
3103.214451 0.8878 0.8828 0.8785 0.8765 0.8750
3107.564651 0.8750 0.8760 0.8805 0.8854 0.8919
3111.914852 0.8986 0.9061 0.9132 0.9187 0.9238
3116.265053 0.9273 0.9304 0.9324 0.9344 0.9364
3120.615254 0.9383 0.9398 0.9413 0.9428 0.9440
3124.965454 0.9440 0.9441 0.9446 0.9450 0.9450
3129.315655 0.9450 0.9450 0.9451 0.9456 0.9462
3133.665856 0.9472 0.9480 0.9480 0.9482 0.9492
3138.016056 0.9502 0.9512 0.9520 0.9520 0.9520
3142.366257 0.9520 0.9518 0.9508 0.9499 0.9494
3146.716458 0.9490 0.9490 0.9490 0.9490 0.9490
3151.066659 0.9490 0.9489 0.9484 0.9480 0.9480
3155.416859 0.9480 0.9480 0.9481 0.9486 0.9490
3159.767060 0.9490 0.9492 0.9507 0.9521 0.9526
3164.117261 0.9531 0.9536 0.9540 0.9540 0.9540
3168.467461 0.9540 0.9542 0.9557 0.9570 0.9570
3172.817662 0.9569 0.9564 0.9560 0.9560 0.9560
3177.167863 0.9560 0.9560 0.9560 0.9560 0.9560
3181.518064 0.9560 0.9560 0.9561 0.9566 0.9570
3185.868264 0.9570 0.9570 0.9570 0.9572 0.9587
3190.218465 0.9600 0.9600 0.9600 0.9600 0.9600
3194.568666 0.9600 0.9600 0.9605 0.9610 0.9605
3198.918867 0.9600 0.9600 0.9600 0.9600 0.9600
3203.269067 0.9600 0.9600 0.9605 0.9610 0.9610
3207.619268 0.9610 0.9610 0.9611 0.9621 0.9630
3211.969469 0.9635 0.9640 0.9640 0.9640 0.9640
3216.319669 0.9640 0.9645 0.9650 0.9650 0.9650
3220.669870 0.9645 0.9640 0.9635 0.9630 0.9630
3225.020071 0.9630 0.9630 0.9630 0.9630 0.9630
3229.370272 0.9630 0.9630 0.9630 0.9630 0.9630
3233.720472 0.9630 0.9630 0.9630 0.9630 0.9630
3238.070673 0.9630 0.9630 0.9630 0.9630 0.9630
3242.420874 0.9630 0.9620 0.9610 0.9610 0.9610
3246.771074 0.9610 0.9610 0.9610 0.9610 0.9620
3251.121275 0.9630 0.9640 0.9650 0.9650 0.9650
3255.471476 0.9650 0.9650 0.9650 0.9650 0.9650
3259.821677 0.9650 0.9650 0.9650 0.9650 0.9650
3264.171877 0.9650 0.9650 0.9650 0.9650 0.9650
3268.522078 0.9650 0.9660 0.9670 0.9670 0.9670
3272.872279 0.9660 0.9650 0.9650 0.9650 0.9650
3277.222480 0.9650 0.9650 0.9650 0.9650 0.9650
3281.572680 0.9650 0.9650 0.9650 0.9650 0.9650
3285.922881 0.9650 0.9645 0.9640 0.9640 0.9640
3290.273082 0.9635 0.9630 0.9630 0.9630 0.9630
3294.623282 0.9630 0.9630 0.9630 0.9635 0.9640
3298.973483 0.9645 0.9650 0.9650 0.9650 0.9650
3303.323684 0.9650 0.9650 0.9650 0.9659 0.9669
3307.673885 0.9670 0.9670 0.9670 0.9670 0.9675
3312.024085 0.9680 0.9680 0.9680 0.9680 0.9680
3316.374286 0.9680 0.9680 0.9680 0.9680 0.9680
3320.724487 0.9680 0.9676 0.9671 0.9670 0.9670
3325.074687 0.9670 0.9670 0.9670 0.9670 0.9670
3329.424888 0.9670 0.9670 0.9670 0.9661 0.9651
3333.775089 0.9650 0.9650 0.9650 0.9650 0.9650
3338.125290 0.9650 0.9659 0.9669 0.9670 0.9670
3342.475490 0.9657 0.9642 0.9640 0.9640 0.9640
3346.825691 0.9640 0.9640 0.9640 0.9644 0.9649
3351.175892 0.9658 0.9668 0.9670 0.9670 0.9670
3355.526092 0.9670 0.9670 0.9670 0.9674 0.9679
3359.876293 0.9680 0.9680 0.9680 0.9680 0.9680
3364.226494 0.9680 0.9684 0.9689 0.9690 0.9690
3368.576695 0.9686 0.9681 0.9680 0.9680 0.9676
3372.926895 0.9671 0.9670 0.9670 0.9670 0.9670
3377.277096 0.9670 0.9670 0.9670 0.9670 0.9678
3381.627297 0.9688 0.9690 0.9690 0.9686 0.9681
3385.977498 0.9676 0.9671 0.9670 0.9670 0.9670
3390.327698 0.9670 0.9670 0.9670 0.9670 0.9670
3394.677899 0.9670 0.9670 0.9670 0.9670 0.9670
3399.028100 0.9670 0.9670 0.9670 0.9670 0.9670
3403.378300 0.9670 0.9670 0.9670 0.9670 0.9670
3407.728501 0.9670 0.9670 0.9670 0.9674 0.9679
3412.078702 0.9684 0.9689 0.9690 0.9690 0.9690
3416.428903 0.9690 0.9690 0.9690 0.9683 0.9673
3420.779103 0.9663 0.9653 0.9650 0.9650 0.9650
3425.129304 0.9650 0.9657 0.9667 0.9677 0.9687
3429.479505 0.9697 0.9707 0.9703 0.9693 0.9690
3433.829705 0.9690 0.9686 0.9681 0.9680 0.9680
3438.179906 0.9680 0.9680 0.9680 0.9680 0.9680
3442.530107 0.9680 0.9680 0.9680 0.9680 0.9680
3446.880308 0.9680 0.9680 0.9680 0.9680 0.9680
3451.230508 0.9680 0.9683 0.9688 0.9690 0.9690
3455.580709 0.9690 0.9690 0.9697 0.9707 0.9710
3459.930910 0.9710 0.9710 0.9710 0.9710 0.9710
3464.281111 0.9710 0.9710 0.9710 0.9710 0.9710
3468.631311 0.9710 0.9710 0.9710 0.9704 0.9694
3472.981512 0.9690 0.9690 0.9690 0.9690 0.9690
3477.331713 0.9690 0.9696 0.9706 0.9710 0.9710
3481.681913 0.9710 0.9710 0.9710 0.9710 0.9710
3486.032114 0.9710 0.9710 0.9710 0.9710 0.9710
3490.382315 0.9713 0.9718 0.9720 0.9720 0.9711
3494.732516 0.9696 0.9690 0.9690 0.9696 0.9706
3499.082716 0.9710 0.9710 0.9713 0.9718 0.9726
3503.432917 0.9736 0.9743 0.9748 0.9750 0.9750
3507.783118 0.9747 0.9742 0.9740 0.9740 0.9734
3512.133318 0.9724 0.9720 0.9720 0.9720 0.9720
3516.483519 0.9726 0.9736 0.9740 0.9740 0.9743
3520.833720 0.9748 0.9753 0.9758 0.9760 0.9760
3525.183921 0.9760 0.9760 0.9760 0.9760 0.9760
3529.534121 0.9760 0.9755 0.9745 0.9740 0.9740
3533.884322 0.9740 0.9740 0.9740 0.9740 0.9740
3538.234523 0.9740 0.9745 0.9755 0.9760 0.9760
3542.584723 0.9760 0.9760 0.9757 0.9752 0.9750
3546.934924 0.9750 0.9750 0.9750 0.9750 0.9750
3551.285125 0.9753 0.9758 0.9757 0.9752 0.9750
3555.635326 0.9750 0.9750 0.9750 0.9750 0.9750
3559.985526 0.9753 0.9758 0.9760 0.9760 0.9758
3564.335727 0.9753 0.9750 0.9750 0.9748 0.9743
3568.685928 0.9740 0.9740 0.9740 0.9740 0.9742
3573.036129 0.9747 0.9750 0.9750 0.9750 0.9750
3577.386329 0.9750 0.9750 0.9750 0.9750 0.9750
3581.736530 0.9750 0.9752 0.9757 0.9760 0.9760
3586.086731 0.9760 0.9760 0.9765 0.9775 0.9780
3590.436931 0.9780 0.9780 0.9780 0.9780 0.9780
3594.787132 0.9780 0.9780 0.9780 0.9780 0.9780
3599.137333 0.9780 0.9771 0.9751 0.9740 0.9740
3603.487534 0.9742 0.9747 0.9750 0.9750 0.9750
3607.837734 0.9750 0.9752 0.9757 0.9760 0.9760
3612.187935 0.9764 0.9774 0.9776 0.9766 0.9760
3616.538136 0.9760 0.9760 0.9760 0.9764 0.9774
3620.888336 0.9780 0.9780 0.9780 0.9780 0.9780
3625.238537 0.9780 0.9776 0.9766 0.9760 0.9760
3629.588738 0.9760 0.9760 0.9760 0.9760 0.9760
3633.938939 0.9760 0.9760 0.9760 0.9764 0.9774
3638.289139 0.9780 0.9780 0.9782 0.9787 0.9788
3642.639340 0.9783 0.9780 0.9780 0.9780 0.9780
3646.989541 0.9780 0.9780 0.9780 0.9780 0.9780
3651.339742 0.9780 0.9780 0.9780 0.9780 0.9780
3655.689942 0.9780 0.9780 0.9780 0.9780 0.9780
3660.040143 0.9780 0.9780 0.9780 0.9783 0.9793
3664.390344 0.9803 0.9813 0.9820 0.9820 0.9820
3668.740544 0.9820 0.9820 0.9820 0.9822 0.9827
3673.090745 0.9830 0.9830 0.9830 0.9830 0.9830
3677.440946 0.9830 0.9828 0.9823 0.9822 0.9827
3681.791147 0.9830 0.9830 0.9830 0.9830 0.9828
3686.141347 0.9824 0.9820 0.9820 0.9820 0.9820
3690.491548 0.9820 0.9820 0.9822 0.9827 0.9830
3694.841749 0.9830 0.9830 0.9830 0.9830 0.9830
3699.191949 0.9831 0.9836 0.9840 0.9840 0.9839
3703.542150 0.9834 0.9830 0.9830 0.9830 0.9830
3707.892351 0.9831 0.9836 0.9840 0.9840 0.9843
3712.242552 0.9853 0.9861 0.9866 0.9870 0.9870
3716.592752 0.9870 0.9870 0.9873 0.9883 0.9888
3720.942953 0.9878 0.9870 0.9870 0.9870 0.9870
3725.293154 0.9869 0.9864 0.9860 0.9860 0.9858
3729.643355 0.9848 0.9839 0.9834 0.9830 0.9830
3733.993555 0.9830 0.9830 0.9829 0.9824 0.9820
3738.343756 0.9820 0.9820 0.9820 0.9820 0.9820
3742.693957 0.9820 0.9820 0.9821 0.9826 0.9830
3747.044157 0.9830 0.9830 0.9830 0.9830 0.9830
3751.394358 0.9830 0.9830 0.9830 0.9830 0.9830
3755.744559 0.9830 0.9831 0.9836 0.9840 0.9840
3760.094760 0.9842 0.9852 0.9861 0.9866 0.9870
3764.444960 0.9870 0.9870 0.9870 0.9870 0.9870
3768.795161 0.9870 0.9870 0.9870 0.9870 0.9870
3773.145362 0.9870 0.9872 0.9882 0.9890 0.9890
3777.495562 0.9890 0.9890 0.9888 0.9878 0.9870
3781.845763 0.9870 0.9869 0.9864 0.9860 0.9860
3786.195964 0.9861 0.9866 0.9869 0.9864 0.9860
3790.546165 0.9860 0.9859 0.9849 0.9839 0.9834
3794.896365 0.9831 0.9836 0.9839 0.9834
##END=
