##TITLE=DIMETHYLGLYOXIME
##JCAMP-DX=4.24
##DATA TYPE=INFRARED SPECTRUM
##CLASS=COBLENTZ
##ORIGIN=DOW CHEMICAL COMPANY
##OWNER=COBLENTZ SOCIETY
Collection (C) 2018 copyright by the U.S. Secretary of Commerce
on behalf of the United States of America. All rights reserved.
##DATE=Not specified, most likely prior to 1970
##NAMES=(2Z,3Z)-2,3-butanedione dioxime
##CAS REGISTRY NO=95-45-4
##MOLFORM=C4 H8 N2 O2
##SOURCE REFERENCE=COBLENTZ NO. 1672
##$NIST SOURCE=COBLENTZ
##$NIST IMAGE=cob1672
##SPECTROMETER/DATA SYSTEM=Not specified, most likely a prism, grating, or hybrid spectrometer.
##STATE=SOLID (MINERAL OIL MULL)
##SAMPLING PROCEDURE=TRANSMISSION
##RESOLUTION=4
##DATA PROCESSING=DIGITIZED BY NIST FROM HARD COPY
##XUNITS=MICROMETERS
##YUNITS=TRANSMITTANCE
##XFACTOR=1.000000
##YFACTOR=1
##DELTAX=000.006866
##FIRSTX=2.027
##LASTX=15.8829
##FIRSTY=0.799
##MAXX=15.8829
##MINX=2.027
##MAXY=0.947
##MINY=0.1
##NPOINTS=2019
##XYDATA=(X++(Y..Y))
2.027000 0.7990 0.7990 0.7990 0.7990 0.7990
2.061348 0.7990 0.7990 0.7990 0.7990 0.7990
2.096000 0.7990 0.7990 0.7990 0.7990 0.7990
2.130348 0.7990 0.7990 0.7990 0.8010 0.8010
2.165000 0.8020 0.8020 0.8040 0.8040 0.8060
2.199348 0.8060 0.8070 0.8090 0.8090 0.8090
2.233000 0.8090 0.8110 0.8110 0.8110 0.8110
2.267348 0.8110 0.8120 0.8140 0.8180 0.8190
2.302000 0.8190 0.8190 0.8210 0.8230 0.8260
2.336348 0.8290 0.8290 0.8310 0.8330 0.8350
2.371000 0.8330 0.8360 0.8380 0.8400 0.8410
2.405348 0.8450 0.8480 0.8500 0.8500 0.8500
2.439000 0.8530 0.8530 0.8570 0.8600 0.8620
2.473348 0.8620 0.8630 0.8650 0.8670 0.8690
2.508000 0.8700 0.8700 0.8720 0.8740 0.8770
2.542348 0.8790 0.8800 0.8800 0.8820 0.8840
2.577000 0.8860 0.8890 0.8910 0.8910 0.8920
2.611348 0.8920 0.8940 0.8940 0.8960 0.8970
2.645000 0.8970 0.8970 0.8990 0.8990 0.8990
2.679348 0.9010 0.9010 0.9010 0.9030 0.9040
2.714000 0.9090 0.9090 0.9090 0.9090 0.9090
2.748348 0.9090 0.9090 0.9090 0.9090 0.9090
2.783000 0.9090 0.9090 0.9090 0.9090 0.9090
2.817348 0.9090 0.9080 0.9080 0.9030 0.8990
2.851000 0.8800 0.8790 0.8450 0.8290 0.8090
2.885348 0.7890 0.7870 0.7730 0.7630 0.7410
2.920000 0.7000 0.6760 0.6290 0.6200 0.6000
2.954348 0.5520 0.5490 0.5200 0.5050 0.4910
2.989000 0.4880 0.4620 0.4310 0.4090 0.3920
3.023348 0.3860 0.3670 0.3570 0.3330 0.3280
3.057000 0.3010 0.2870 0.2730 0.2630 0.2510
3.091348 0.2480 0.2440 0.2440 0.2460 0.2460
3.126000 0.2500 0.2560 0.2700 0.2850 0.2950
3.160348 0.3020 0.3110 0.3140 0.3180 0.3210
3.195000 0.3290 0.3360 0.3450 0.3520 0.3550
3.229348 0.3630 0.3690 0.3720 0.3770 0.3820
3.263000 0.3910 0.3970 0.4040 0.4130 0.4210
3.297348 0.4310 0.4420 0.4540 0.4570 0.4590
3.332000 0.4550 0.4450 0.4160 0.3770 0.3600
3.366348 0.3240 0.2680 0.2320 0.2260 0.2190
3.401000 0.1950 0.1900 0.1900 0.2000 0.2050
3.435348 0.2560 0.2970 0.3120 0.3260 0.3330
3.469000 0.3380 0.3520 0.3670 0.4130 0.4570
3.503348 0.5010 0.5450 0.5880 0.6100 0.6420
3.538000 0.6580 0.6760 0.6830 0.6920 0.6980
3.572348 0.7070 0.7140 0.7220 0.7260 0.7380
3.607000 0.7480 0.7550 0.7560 0.7600 0.7610
3.641348 0.7650 0.7720 0.7750 0.7800 0.7800
3.675000 0.7820 0.7840 0.7890 0.7900 0.7920
3.709348 0.7940 0.7970 0.7990 0.7990 0.8010
3.744000 0.8020 0.8020 0.8040 0.8060 0.8070
3.778348 0.8090 0.8110 0.8140 0.8160 0.8230
3.813000 0.8260 0.8290 0.8330 0.8360 0.8400
3.847348 0.8410 0.8410 0.8430 0.8430 0.8450
3.881000 0.8460 0.8460 0.8480 0.8480 0.8500
3.915348 0.8520 0.8550 0.8570 0.8580 0.8580
3.950000 0.8600 0.8620 0.8630 0.8650 0.8690
3.984348 0.8690 0.8700 0.8720 0.8750 0.8790
4.019000 0.8790 0.8790 0.8790 0.8800 0.8800
4.053348 0.8800 0.8820 0.8820 0.8820 0.8820
4.087000 0.8840 0.8860 0.8860 0.8860 0.8860
4.121348 0.8860 0.8870 0.8870 0.8860 0.8860
4.156000 0.8860 0.8860 0.8860 0.8860 0.8870
4.190348 0.8860 0.8860 0.8860 0.8860 0.8860
4.225000 0.8860 0.8860 0.8860 0.8860 0.8860
4.259348 0.8860 0.8860 0.8890 0.8910 0.8940
4.293000 0.8970 0.8990 0.9010 0.9030 0.9030
4.327348 0.9030 0.9040 0.9040 0.9040 0.9040
4.362000 0.9040 0.9040 0.9060 0.9060 0.9060
4.396348 0.9080 0.9080 0.9080 0.9080 0.9080
4.431000 0.9080 0.9080 0.9080 0.9080 0.9080
4.465348 0.9080 0.9080 0.9080 0.9080 0.9080
4.499000 0.9080 0.9080 0.9090 0.9090 0.9090
4.533348 0.9090 0.9090 0.9090 0.9110 0.9110
4.568000 0.9110 0.9090 0.9110 0.9110 0.9110
4.602348 0.9110 0.9130 0.9130 0.9130 0.9130
4.637000 0.9130 0.9110 0.9130 0.9130 0.9140
4.671348 0.9140 0.9160 0.9160 0.9180 0.9180
4.705000 0.9180 0.9180 0.9200 0.9200 0.9200
4.739348 0.9200 0.9200 0.9200 0.9200 0.9210
4.774000 0.9210 0.9210 0.9210 0.9230 0.9230
4.808348 0.9250 0.9230 0.9230 0.9230 0.9230
4.843000 0.9250 0.9260 0.9280 0.9280 0.9300
4.877348 0.9300 0.9300 0.9300 0.9280 0.9280
4.911000 0.9280 0.9280 0.9280 0.9280 0.9280
4.945348 0.9160 0.9090 0.9010 0.8940 0.8910
4.980000 0.8940 0.9060 0.9140 0.9180 0.9230
5.014348 0.9260 0.9280 0.9280 0.9300 0.9300
5.049000 0.9300 0.9300 0.9300 0.9300 0.9300
5.083348 0.9300 0.9300 0.9280 0.9280 0.9230
5.117000 0.9210 0.9200 0.9160 0.9140 0.9140
5.151348 0.9130 0.9130 0.9130 0.9130 0.9160
5.186000 0.9160 0.9180 0.9210 0.9230 0.9250
5.220348 0.9260 0.9260 0.9260 0.9260 0.9260
5.255000 0.9260 0.9260 0.9260 0.9260 0.9250
5.289348 0.9250 0.9250 0.9250 0.9250 0.9250
5.323000 0.9250 0.9250 0.9260 0.9260 0.9280
5.357348 0.9300 0.9300 0.9300 0.9310 0.9310
5.392000 0.9310 0.9330 0.9350 0.9370 0.9370
5.426348 0.9370 0.9370 0.9370 0.9370 0.9370
5.461000 0.9370 0.9370 0.9370 0.9370 0.9370
5.495348 0.9370 0.9370 0.9370 0.9370 0.9370
5.529000 0.9370 0.9370 0.9370 0.9370 0.9370
5.563348 0.9370 0.9370 0.9370 0.9370 0.9370
5.598000 0.9370 0.9370 0.9370 0.9370 0.9370
5.632348 0.9370 0.9370 0.9370 0.9370 0.9370
5.667000 0.9370 0.9370 0.9370 0.9370 0.9370
5.701348 0.9370 0.9370 0.9370 0.9370 0.9370
5.735000 0.9370 0.9370 0.9370 0.9370 0.9370
5.769348 0.9370 0.9370 0.9370 0.9370 0.9350
5.804000 0.9350 0.9350 0.9350 0.9350 0.9350
5.838348 0.9350 0.9350 0.9350 0.9350 0.9350
5.872000 0.9350 0.9330 0.9330 0.9330 0.9310
5.906348 0.9310 0.9300 0.9310 0.9300 0.9300
5.941000 0.9300 0.9300 0.9300 0.9300 0.9300
5.975348 0.9280 0.9300 0.9300 0.9300 0.9300
6.010000 0.9300 0.9300 0.9310 0.9330 0.9310
6.044348 0.9310 0.9310 0.9310 0.9310 0.9310
6.078000 0.9310 0.9310 0.9310 0.9310 0.9310
6.112348 0.9310 0.9310 0.9310 0.9300 0.9300
6.147000 0.9300 0.9300 0.9300 0.9300 0.9300
6.181348 0.9300 0.9300 0.9280 0.9260 0.9250
6.216000 0.9260 0.9250 0.9250 0.9230 0.9230
6.250348 0.9210 0.9210 0.9210 0.9200 0.9200
6.284000 0.9180 0.9160 0.9140 0.9140 0.9140
6.318348 0.9140 0.9140 0.9140 0.9140 0.9140
6.353000 0.9130 0.9110 0.9110 0.9110 0.9130
6.387348 0.9110 0.9090 0.9090 0.9090 0.9090
6.422000 0.9090 0.9090 0.9080 0.9060 0.9040
6.456348 0.9030 0.9010 0.9010 0.9010 0.9010
6.490000 0.9030 0.9040 0.9040 0.9040 0.9040
6.524348 0.9040 0.9030 0.9030 0.9030 0.9030
6.559000 0.9030 0.9010 0.9010 0.8970 0.8970
6.593348 0.8960 0.8940 0.8940 0.8940 0.8940
6.628000 0.8920 0.8890 0.8860 0.8820 0.8800
6.662348 0.8770 0.8720 0.8690 0.8650 0.8620
6.696000 0.8600 0.8530 0.8460 0.8360 0.8280
6.730348 0.8160 0.8090 0.8090 0.7610 0.7600
6.765000 0.7320 0.7170 0.6680 0.6320 0.6300
6.799348 0.5930 0.5620 0.5570 0.5450 0.5320
6.834000 0.5250 0.5150 0.5100 0.5010 0.5000
6.868348 0.4880 0.4820 0.4770 0.4710 0.4710
6.902000 0.4710 0.4710 0.4710 0.4720 0.4820
6.936348 0.4960 0.5100 0.5320 0.5450 0.5680
6.971000 0.5830 0.5980 0.6100 0.6240 0.6370
7.005348 0.6530 0.6630 0.6730 0.6780 0.6870
7.040000 0.6980 0.7020 0.7050 0.7120 0.7150
7.074348 0.7170 0.7190 0.7190 0.7210 0.7210
7.108000 0.7210 0.7220 0.7220 0.7220 0.7220
7.142348 0.7220 0.7210 0.7190 0.7140 0.7120
7.177000 0.6980 0.6830 0.6700 0.6580 0.6440
7.211348 0.6420 0.6360 0.6220 0.6120 0.6000
7.246000 0.5910 0.5830 0.5730 0.5690 0.5540
7.280348 0.5420 0.5180 0.5000 0.4810 0.4620
7.314000 0.4600 0.4600 0.4770 0.4980 0.5170
7.348348 0.5350 0.6560 0.7310 0.7510 0.7530
7.383000 0.7720 0.7800 0.7850 0.7920 0.7940
7.417348 0.7950 0.7990 0.8020 0.8090 0.8180
7.452000 0.8210 0.8280 0.8280 0.8350 0.8450
7.486348 0.8500 0.8520 0.8530 0.8550 0.8570
7.520000 0.8580 0.8600 0.8600 0.8630 0.8650
7.554348 0.8670 0.8690 0.8700 0.8740 0.8750
7.589000 0.8770 0.8790 0.8800 0.8870 0.8890
7.623348 0.8920 0.8940 0.8940 0.8940 0.8940
7.658000 0.8940 0.8920 0.8920 0.8920 0.8910
7.692348 0.8910 0.8910 0.8890 0.8890 0.8890
7.726000 0.8890 0.8890 0.8890 0.8910 0.8910
7.760348 0.8890 0.8910 0.8910 0.8910 0.8920
7.795000 0.8920 0.8920 0.8920 0.8940 0.8940
7.829348 0.8940 0.8940 0.8960 0.8960 0.8960
7.864000 0.8960 0.8960 0.8970 0.8970 0.8970
7.898348 0.8990 0.8990 0.9010 0.9030 0.9030
7.932000 0.9040 0.9040 0.9080 0.9080 0.9080
7.966348 0.9090 0.9090 0.9110 0.9130 0.9130
8.001000 0.9140 0.9160 0.9180 0.9200 0.9200
8.035348 0.9200 0.9200 0.9200 0.9200 0.9200
8.070000 0.9200 0.9200 0.9200 0.9210 0.9200
8.104348 0.9210 0.9210 0.9210 0.9230 0.9230
8.138000 0.9230 0.9230 0.9230 0.9210 0.9230
8.172348 0.9230 0.9230 0.9230 0.9230 0.9250
8.207000 0.9250 0.9260 0.9260 0.9260 0.9260
8.241348 0.9280 0.9280 0.9300 0.9300 0.9310
8.276000 0.9310 0.9310 0.9310 0.9330 0.9330
8.310348 0.9330 0.9330 0.9330 0.9310 0.9310
8.344000 0.9310 0.9310 0.9310 0.9310 0.9310
8.378348 0.9310 0.9310 0.9310 0.9310 0.9310
8.413000 0.9310 0.9330 0.9330 0.9310 0.9310
8.447348 0.9310 0.9300 0.9300 0.9300 0.9280
8.482000 0.9280 0.9260 0.9260 0.9260 0.9250
8.516348 0.9230 0.9210 0.9200 0.9180 0.9180
8.550000 0.9180 0.9180 0.9180 0.9180 0.9180
8.584348 0.9180 0.9160 0.9140 0.9130 0.9110
8.619000 0.9110 0.9110 0.9110 0.9080 0.9080
8.653348 0.8970 0.8890 0.8800 0.8720 0.8520
8.688000 0.8230 0.8180 0.7970 0.7460 0.7440
8.722348 0.7320 0.7270 0.7210 0.7190 0.7210
8.756000 0.7220 0.7340 0.7460 0.7820 0.8160
8.790348 0.8240 0.8360 0.8550 0.8690 0.8820
8.825000 0.8860 0.8910 0.8960 0.8990 0.9010
8.859348 0.9030 0.9030 0.9040 0.9060 0.9080
8.894000 0.9110 0.9130 0.9140 0.9140 0.9160
8.928348 0.9180 0.9180 0.9180 0.9200 0.9200
8.962000 0.9210 0.9210 0.9210 0.9210 0.9210
8.996348 0.9230 0.9230 0.9230 0.9230 0.9230
9.031000 0.9230 0.9230 0.9230 0.9230 0.9250
9.065348 0.9230 0.9230 0.9230 0.9230 0.9230
9.100000 0.9250 0.9250 0.9250 0.9250 0.9250
9.134348 0.9250 0.9250 0.9250 0.9260 0.9260
9.168000 0.9260 0.9260 0.9260 0.9260 0.9280
9.202348 0.9300 0.9300 0.9310 0.9310 0.9310
9.237000 0.9310 0.9310 0.9330 0.9330 0.9330
9.271348 0.9350 0.9350 0.9350 0.9370 0.9370
9.306000 0.9370 0.9370 0.9370 0.9370 0.9370
9.340348 0.9370 0.9370 0.9370 0.9350 0.9350
9.374000 0.9350 0.9350 0.9350 0.9350 0.9350
9.408348 0.9350 0.9350 0.9350 0.9350 0.9350
9.443000 0.9350 0.9350 0.9350 0.9350 0.9350
9.477348 0.9350 0.9350 0.9350 0.9350 0.9350
9.512000 0.9350 0.9350 0.9350 0.9350 0.9350
9.546348 0.9350 0.9350 0.9350 0.9350 0.9350
9.580000 0.9350 0.9350 0.9350 0.9350 0.9350
9.614348 0.9350 0.9380 0.9380 0.9380 0.9380
9.649000 0.9380 0.9380 0.9380 0.9380 0.9380
9.683348 0.9380 0.9350 0.9310 0.9300 0.9280
9.718000 0.9250 0.9230 0.9200 0.9180 0.9130
9.752348 0.9110 0.9110 0.9110 0.9110 0.9110
9.786000 0.9110 0.9130 0.9140 0.9180 0.9200
9.820348 0.9230 0.9250 0.9250 0.9260 0.9300
9.855000 0.9280 0.9300 0.9310 0.9310 0.9310
9.889348 0.9310 0.9310 0.9310 0.9310 0.9310
9.923000 0.9310 0.9310 0.9300 0.9280 0.9260
9.957348 0.9230 0.9200 0.9090 0.9010 0.8940
9.992000 0.8860 0.8750 0.8600 0.8460 0.8330
10.026348 0.8190 0.8180 0.8040 0.7990 0.7780
10.061000 0.7610 0.7310 0.7000 0.6800 0.6410
10.095348 0.6200 0.5900 0.5320 0.4600 0.4520
10.129000 0.4160 0.3630 0.3410 0.3010 0.2670
10.163348 0.2310 0.2020 0.1510 0.1440 0.1370
10.198000 0.1360 0.1290 0.1270 0.1290 0.1300
10.232348 0.1340 0.1370 0.1730 0.2120 0.2670
10.267000 0.2850 0.3160 0.4030 0.4260 0.4570
10.301348 0.4930 0.5170 0.5510 0.5760 0.5960
10.335000 0.6020 0.6510 0.6660 0.6800 0.6920
10.369348 0.7050 0.7190 0.7390 0.7480 0.7560
10.404000 0.7650 0.7730 0.7840 0.7940 0.7990
10.438348 0.8040 0.8110 0.8230 0.8290 0.8350
10.473000 0.8410 0.8430 0.8480 0.8530 0.8550
10.507348 0.8600 0.8620 0.8630 0.8670 0.8700
10.541000 0.8720 0.8740 0.8770 0.8790 0.8840
10.575348 0.8860 0.8870 0.8890 0.8910 0.8920
10.610000 0.8940 0.8960 0.8960 0.8990 0.9030
10.644348 0.9040 0.9060 0.9080 0.9090 0.9110
10.679000 0.9130 0.9140 0.9160 0.9200 0.9210
10.713348 0.9250 0.9260 0.9280 0.9280 0.9280
10.747000 0.9300 0.9300 0.9300 0.9300 0.9300
10.781348 0.9300 0.9300 0.9280 0.9260 0.9230
10.816000 0.9180 0.9110 0.9040 0.8970 0.8870
10.850348 0.8770 0.8520 0.8410 0.8280 0.8140
10.885000 0.8120 0.7730 0.7530 0.7510 0.7340
10.919348 0.7120 0.6760 0.6440 0.6080 0.5660
10.953000 0.5230 0.4840 0.4430 0.4040 0.3650
10.987348 0.3280 0.2890 0.2480 0.2240 0.1970
11.022000 0.1640 0.1410 0.1300 0.1200 0.1070
11.056348 0.1020 0.1000 0.1020 0.1070 0.1240
11.091000 0.1270 0.1920 0.2170 0.2720 0.3090
11.125348 0.3450 0.3790 0.4160 0.4500 0.4810
11.159000 0.4930 0.5110 0.5450 0.5590 0.5730
11.193348 0.5860 0.6000 0.6080 0.6470 0.6560
11.228000 0.6710 0.6810 0.6900 0.7000 0.7100
11.262348 0.7240 0.7380 0.7430 0.7500 0.7560
11.297000 0.7670 0.7730 0.7800 0.7890 0.7900
11.331348 0.7940 0.7950 0.7990 0.8040 0.8110
11.365000 0.8160 0.8210 0.8240 0.8290 0.8330
11.399348 0.8360 0.8400 0.8450 0.8480 0.8530
11.434000 0.8580 0.8600 0.8620 0.8630 0.8650
11.468348 0.8670 0.8690 0.8720 0.8740 0.8740
11.503000 0.8790 0.8800 0.8820 0.8860 0.8870
11.537348 0.8910 0.8910 0.8910 0.8910 0.8920
11.571000 0.8920 0.8920 0.8940 0.8960 0.8970
11.605348 0.8970 0.8970 0.8970 0.8970 0.8970
11.640000 0.8990 0.8990 0.9010 0.9010 0.9030
11.674348 0.9040 0.9060 0.9080 0.9090 0.9090
11.709000 0.9090 0.9090 0.9110 0.9110 0.9130
11.743348 0.9140 0.9160 0.9160 0.9180 0.9200
11.777000 0.9210 0.9210 0.9230 0.9230 0.9230
11.811348 0.9230 0.9250 0.9250 0.9250 0.9250
11.846000 0.9260 0.9260 0.9260 0.9260 0.9280
11.880348 0.9280 0.9280 0.9280 0.9280 0.9300
11.915000 0.9280 0.9280 0.9300 0.9300 0.9300
11.949348 0.9300 0.9300 0.9300 0.9280 0.9280
11.983000 0.9280 0.9280 0.9280 0.9280 0.9300
12.017348 0.9300 0.9300 0.9300 0.9300 0.9300
12.052000 0.9310 0.9310 0.9330 0.9330 0.9330
12.086348 0.9350 0.9350 0.9350 0.9350 0.9350
12.121000 0.9370 0.9370 0.9370 0.9380 0.9380
12.155348 0.9380 0.9380 0.9400 0.9400 0.9420
12.189000 0.9430 0.9430 0.9430 0.9430 0.9430
12.223348 0.9430 0.9430 0.9450 0.9450 0.9450
12.258000 0.9450 0.9450 0.9450 0.9450 0.9450
12.292348 0.9470 0.9470 0.9470 0.9470 0.9470
12.327000 0.9470 0.9470 0.9470 0.9470 0.9470
12.361348 0.9450 0.9450 0.9430 0.9430 0.9430
12.395000 0.9420 0.9420 0.9420 0.9420 0.9420
12.429348 0.9400 0.9380 0.9330 0.9280 0.9250
12.464000 0.9180 0.9140 0.9140 0.9140 0.9140
12.498348 0.9140 0.9140 0.9140 0.9140 0.9140
12.533000 0.9130 0.9130 0.9110 0.9110 0.9090
12.567348 0.9080 0.9080 0.9060 0.9030 0.9010
12.601000 0.8990 0.8960 0.8940 0.8940 0.8910
12.635348 0.8910 0.8890 0.8890 0.8870 0.8860
12.670000 0.8820 0.8820 0.8790 0.8750 0.8700
12.704348 0.8670 0.8630 0.8600 0.8580 0.8580
12.739000 0.8550 0.8520 0.8500 0.8480 0.8450
12.773348 0.8430 0.8410 0.8380 0.8350 0.8330
12.807000 0.8260 0.8210 0.8180 0.8160 0.8120
12.841348 0.8070 0.8060 0.8020 0.7990 0.7950
12.876000 0.7940 0.7920 0.7900 0.7870 0.7840
12.910348 0.7800 0.7770 0.7730 0.7700 0.7650
12.945000 0.7630 0.7610 0.7610 0.7580 0.7580
12.979348 0.7560 0.7550 0.7550 0.7530 0.7510
13.013000 0.7460 0.7410 0.7360 0.7320 0.7320
13.047348 0.7290 0.7290 0.7260 0.7220 0.7170
13.082000 0.7170 0.7140 0.7120 0.7090 0.7070
13.116348 0.7050 0.7040 0.7020 0.7000 0.6980
13.151000 0.6950 0.6900 0.6880 0.6870 0.6830
13.185348 0.6800 0.6780 0.6760 0.6730 0.6730
13.219000 0.6710 0.6700 0.6680 0.6660 0.6640
13.253348 0.6640 0.6610 0.6610 0.6590 0.6590
13.288000 0.6580 0.6580 0.6580 0.6580 0.6580
13.322348 0.6560 0.6560 0.6560 0.6560 0.6560
13.357000 0.6560 0.6560 0.6560 0.6560 0.6560
13.391348 0.6560 0.6560 0.6560 0.6580 0.6590
13.425000 0.6610 0.6640 0.6680 0.6700 0.6710
13.459348 0.6730 0.6760 0.6780 0.6810 0.6850
13.494000 0.6880 0.6900 0.6920 0.6930 0.6950
13.528348 0.6980 0.7020 0.7040 0.7070 0.7090
13.563000 0.7120 0.7150 0.7210 0.7220 0.7260
13.597348 0.7290 0.7310 0.7320 0.7340 0.7360
13.631000 0.7380 0.7390 0.7410 0.7440 0.7460
13.665348 0.7480 0.7480 0.7500 0.7510 0.7510
13.700000 0.7530 0.7550 0.7560 0.7560 0.7580
13.734348 0.7580 0.7600 0.7600 0.7610 0.7610
13.769000 0.7610 0.7630 0.7630 0.7630 0.7630
13.803348 0.7630 0.7610 0.7610 0.7610 0.7610
13.837000 0.7610 0.7600 0.7600 0.7580 0.7560
13.871348 0.7530 0.7510 0.7510 0.7480 0.7460
13.906000 0.7410 0.7360 0.7310 0.7140 0.7120
13.940348 0.7100 0.7050 0.6930 0.6780 0.6640
13.974000 0.6470 0.6360 0.6130 0.5960 0.5910
14.008348 0.5640 0.5470 0.5340 0.5280 0.5000
14.043000 0.4720 0.4550 0.4400 0.4230 0.4090
14.077348 0.4010 0.3960 0.3890 0.3860 0.3800
14.112000 0.3800 0.3800 0.3800 0.3890 0.4040
14.146348 0.4180 0.4470 0.4550 0.4710 0.4890
14.180000 0.5030 0.5180 0.5320 0.5420 0.5520
14.214348 0.5620 0.5710 0.5810 0.5910 0.5960
14.249000 0.6030 0.6120 0.6200 0.6300 0.6370
14.283348 0.6410 0.6490 0.6540 0.6580 0.6580
14.318000 0.6610 0.6680 0.6680 0.6710 0.6730
14.352348 0.6800 0.6870 0.6880 0.6900 0.6920
14.386000 0.6930 0.6930 0.6950 0.6970 0.6970
14.420348 0.7000 0.7000 0.7020 0.7040 0.7040
14.455000 0.7050 0.7070 0.7070 0.7090 0.7090
14.489348 0.7090 0.7100 0.7100 0.7120 0.7120
14.524000 0.7120 0.7120 0.7120 0.7120 0.7120
14.558348 0.7120 0.7120 0.7120 0.7120 0.7120
14.592000 0.7120 0.7120 0.7120 0.7120 0.7120
14.626348 0.7120 0.7120 0.7120 0.7120 0.7120
14.661000 0.7120 0.7100 0.7100 0.7090 0.7090
14.695348 0.7070 0.7070 0.7050 0.7040 0.7040
14.730000 0.7020 0.7020 0.7000 0.7000 0.6980
14.764348 0.6980 0.6980 0.6970 0.6970 0.6950
14.798000 0.6950 0.6950 0.6930 0.6900 0.6880
14.832348 0.6850 0.6870 0.6830 0.6830 0.6830
14.867000 0.6810 0.6810 0.6810 0.6800 0.6800
14.901348 0.6780 0.6760 0.6760 0.6750 0.6730
14.936000 0.6730 0.6710 0.6700 0.6700 0.6680
14.970348 0.6660 0.6640 0.6640 0.6630 0.6630
15.004000 0.6610 0.6590 0.6590 0.6580 0.6560
15.038348 0.6560 0.6540 0.6530 0.6510 0.6490
15.073000 0.6470 0.6460 0.6440 0.6420 0.6410
15.107348 0.6390 0.6370 0.6360 0.6340 0.6300
15.142000 0.6290 0.6290 0.6270 0.6240 0.6200
15.176348 0.6200 0.6190 0.6190 0.6190 0.6170
15.210000 0.6170 0.6150 0.6130 0.6120 0.6100
15.244348 0.6080 0.6070 0.6070 0.6070 0.6030
15.279000 0.6030 0.6020 0.6020 0.6000 0.6000
15.313348 0.6000 0.5980 0.5980 0.5960 0.5960
15.348000 0.5930 0.5930 0.5900 0.5880 0.5830
15.382348 0.5830 0.5810 0.5780 0.5760 0.5730
15.416000 0.5710 0.5710 0.5680 0.5680 0.5680
15.450348 0.5660 0.5660 0.5660 0.5640 0.5620
15.485000 0.5590 0.5570 0.5570 0.5560 0.5540
15.519348 0.5540 0.5520 0.5520 0.5510 0.5490
15.554000 0.5470 0.5450 0.5440 0.5440 0.5370
15.588348 0.5350 0.5320 0.5300 0.5270 0.5270
15.622000 0.5250 0.5230 0.5230 0.5220 0.5220
15.656348 0.5200 0.5200 0.5180 0.5180 0.5170
15.691000 0.5150 0.5130 0.5110 0.5100 0.5080
15.725348 0.5060 0.5060 0.5050 0.5010 0.5000
15.760000 0.4980 0.4980 0.4980 0.4960 0.4960
15.794348 0.4960 0.4940 0.4940 0.4940 0.4930
15.828000 0.4930 0.4910 0.4910 0.4890 0.4890
15.862348 0.4890 0.4880 0.4880 0.4880
##END=
