##TITLE=Cyclohexanone, 4-tert-butyl-
##JCAMP-DX=4.24
##DATA TYPE=INFRARED SPECTRUM
##CLASS=COBLENTZ III
##ORIGIN=COLGATE-PALMOLIVE COMPANY (KELLENBACH)
##OWNER=Copyright (C) 1987 by the Coblentz Society
Collection (C) 2018 copyright by the U.S. Secretary of Commerce
on behalf of the United States of America. All rights reserved.
##DATE=1967/05/24
##NAMES=4-tert-butylcyclohexanone
CYCLOHEXANONE, 4-(1,1-DIMETHYLETHYL)-
##CAS REGISTRY NO=98-53-3
##MOLFORM=C10 H18 O
##SOURCE REFERENCE=COBLENTZ NO. 9760
##$NIST SOURCE=COBLENTZ
##$NIST IMAGE=cob9760
##SPECTROMETER/DATA SYSTEM=BECKMAN IR-12 (GRATING)
##INSTRUMENT PARAMETERS=GRATING
##STATE=SOLID (NEAT)
##PATH LENGTH=CAPILLARY (FILM)
$$ SOURCE - DOW CHEMICAL CO.
##SAMPLING PROCEDURE=TRANSMISSION
##RESOLUTION=2
##DATA PROCESSING=DIGITIZED BY COBLENTZ SOCIETY (BATCH II) FROM HARD COPY
##XUNITS=1/CM
##YUNITS=TRANSMITTANCE
##XFACTOR=1.0
##YFACTOR=1
##FIRSTX=402
##LASTX=4000
##FIRSTY=0.7209
##MAXX=4000
##MINX=402
##MAXY=0.908
##MINY=0.0379
##NPOINTS=3599
##XYDATA=(X++(Y..Y))
402.000000 0.7209 0.7232 0.7255 0.7278 0.7301
407.000000 0.7317 0.7333 0.7348 0.7346 0.7344
412.000000 0.7324 0.7174 0.7023 0.6873 0.6723
417.000000 0.6572 0.6422 0.6272 0.6255 0.6266
422.000000 0.6363 0.6489 0.6614 0.6740 0.6865
427.000000 0.6991 0.7116 0.7242 0.7367 0.7493
432.000000 0.7540 0.7557 0.7574 0.7615 0.7678
437.000000 0.7748 0.7823 0.7960 0.8235 0.8364
442.000000 0.8478 0.8531 0.8584 0.8637 0.8686
447.000000 0.8715 0.8744 0.8773 0.8802 0.8828
452.000000 0.8845 0.8863 0.8881 0.8898 0.8916
457.000000 0.8928 0.8938 0.8948 0.8958 0.8968
462.000000 0.8978 0.8987 0.8990 0.8993 0.8997
467.000000 0.9000 0.9003 0.9007 0.9010 0.9013
472.000000 0.9017 0.9023 0.9029 0.9035 0.9041
477.000000 0.9048 0.9054 0.9052 0.9073 0.9080
482.000000 0.9074 0.9069 0.9063 0.9057 0.9041
487.000000 0.9026 0.9009 0.8978 0.8947 0.8917
492.000000 0.8886 0.8845 0.8796 0.8746 0.8694
497.000000 0.8619 0.8544 0.8426 0.8162 0.7899
502.000000 0.7636 0.7373 0.7109 0.6846 0.6583
507.000000 0.6320 0.6056 0.5793 0.5555 0.5581
512.000000 0.5754 0.5971 0.6188 0.6406 0.6623
517.000000 0.6840 0.7057 0.7275 0.7492 0.7709
522.000000 0.7926 0.8001 0.8023 0.8000 0.7965
527.000000 0.7916 0.7866 0.7816 0.7767 0.7706
532.000000 0.7730 0.7843 0.8025 0.8207 0.8388
537.000000 0.8570 0.8678 0.8723 0.8753 0.8776
542.000000 0.8775 0.8774 0.8773 0.8767 0.8759
547.000000 0.8752 0.8744 0.8736 0.8729 0.8721
552.000000 0.8713 0.8714 0.8723 0.8732 0.8746
557.000000 0.8760 0.8774 0.8788 0.8802 0.8816
562.000000 0.8829 0.8843 0.8857 0.8870 0.8880
567.000000 0.8888 0.8896 0.8904 0.8902 0.8899
572.000000 0.8896 0.8893 0.8890 0.8886 0.8883
577.000000 0.8880 0.8877 0.8874 0.8874 0.8875
582.000000 0.8875 0.8876 0.8876 0.8877 0.8878
587.000000 0.8879 0.8880 0.8881 0.8882 0.8884
592.000000 0.8885 0.8886 0.8888 0.8890 0.8905
597.000000 0.8894 0.8896 0.8898 0.8900 0.8902
602.000000 0.8904 0.8907 0.8909 0.8911 0.8913
607.000000 0.8915 0.8917 0.8920 0.8923 0.8927
612.000000 0.8931 0.8936 0.8940 0.8944 0.8944
617.000000 0.8944 0.8944 0.8943 0.8943 0.8943
622.000000 0.8942 0.8940 0.8935 0.8931 0.8926
627.000000 0.8921 0.8917 0.8912 0.8907 0.8903
632.000000 0.8897 0.8891 0.8885 0.8879 0.8873
637.000000 0.8867 0.8862 0.8856 0.8850 0.8844
642.000000 0.8834 0.8824 0.8814 0.8805 0.8795
647.000000 0.8785 0.8776 0.8766 0.8732 0.8698
652.000000 0.8659 0.8601 0.8542 0.8487 0.8434
657.000000 0.8381 0.8324 0.8266 0.8208 0.7815
662.000000 0.7321 0.7061 0.7082 0.7179 0.7342
667.000000 0.7505 0.7544 0.7566 0.7707 0.7936
672.000000 0.8164 0.8379 0.8420 0.8442 0.8463
677.000000 0.8471 0.8480 0.8488 0.8496 0.8504
682.000000 0.8506 0.8507 0.8525 0.8505 0.8502
687.000000 0.8499 0.8496 0.8493 0.8490 0.8488
692.000000 0.8486 0.8484 0.8482 0.8480 0.8477
697.000000 0.8474 0.8470 0.8466 0.8462 0.8458
702.000000 0.8454 0.8446 0.8438 0.8431 0.8423
707.000000 0.8415 0.8407 0.8402 0.8396 0.8395
712.000000 0.8393 0.8392 0.8391 0.8390 0.8388
717.000000 0.8386 0.8384 0.8382 0.8381 0.8379
722.000000 0.8378 0.8376 0.8375 0.8373 0.8371
727.000000 0.8368 0.8364 0.8360 0.8356 0.8352
732.000000 0.8347 0.8343 0.8334 0.8322 0.8310
737.000000 0.8298 0.8277 0.8247 0.8217 0.8117
742.000000 0.7997 0.7876 0.7756 0.7636 0.7515
747.000000 0.7395 0.7275 0.7204 0.7195 0.7201
752.000000 0.7222 0.7290 0.7393 0.7495 0.7597
757.000000 0.7700 0.7802 0.7905 0.8007 0.8109
762.000000 0.8168 0.8183 0.8193 0.8199 0.8200
767.000000 0.8197 0.8204 0.8174 0.8121 0.7928
772.000000 0.7735 0.7542 0.7350 0.7157 0.6964
777.000000 0.6873 0.6890 0.6872 0.7566 0.7904
782.000000 0.7985 0.8039 0.8093 0.8157 0.8216
787.000000 0.8243 0.8270 0.8298 0.8316 0.8331
792.000000 0.8346 0.8355 0.8357 0.8359 0.8362
797.000000 0.8364 0.8366 0.8369 0.8364 0.8357
802.000000 0.8355 0.8351 0.8346 0.8335 0.8323
807.000000 0.8312 0.8300 0.8286 0.8272 0.8258
812.000000 0.8241 0.8219 0.8198 0.8184 0.8173
817.000000 0.8162 0.8160 0.8158 0.8157 0.8157
822.000000 0.8157 0.8150 0.8130 0.8111 0.8057
827.000000 0.8021 0.7984 0.7951 0.7918 0.7884
832.000000 0.7867 0.7866 0.7865 0.7861 0.7849
837.000000 0.7834 0.7803 0.7405 0.6968 0.6531
842.000000 0.6465 0.6467 0.6991 0.7374 0.7756
847.000000 0.7845 0.7892 0.7951 0.8026 0.8068
852.000000 0.8098 0.8118 0.8126 0.8133 0.8145
857.000000 0.8136 0.8133 0.8131 0.8128 0.8123
862.000000 0.8119 0.8114 0.8110 0.8105 0.8098
867.000000 0.8091 0.8084 0.8076 0.8069 0.8062
872.000000 0.8057 0.8052 0.8047 0.8042 0.8037
877.000000 0.8033 0.8027 0.8019 0.8012 0.8005
882.000000 0.7998 0.7990 0.7983 0.7974 0.7958
887.000000 0.7943 0.7928 0.7912 0.7897 0.7874
892.000000 0.7845 0.7817 0.7788 0.7759 0.7729
897.000000 0.7671 0.7614 0.7499 0.7375 0.7133
902.000000 0.7146 0.7149 0.7176 0.7239 0.7303
907.000000 0.7366 0.7429 0.7492 0.7520 0.7517
912.000000 0.7513 0.7510 0.7508 0.7509 0.7511
917.000000 0.7520 0.7357 0.7280 0.7203 0.7126
922.000000 0.7049 0.6972 0.6863 0.6870 0.6874
927.000000 0.7005 0.7150 0.7296 0.7365 0.7317
932.000000 0.7362 0.7036 0.6895 0.6755 0.6614
937.000000 0.6474 0.6333 0.6193 0.6052 0.5910
942.000000 0.5864 0.5848 0.5843 0.5857 0.5874
947.000000 0.5971 0.6033 0.6223 0.6413 0.6603
952.000000 0.6793 0.6983 0.7173 0.7299 0.7360
957.000000 0.7432 0.7477 0.7512 0.7547 0.7578
962.000000 0.7601 0.7625 0.7648 0.7667 0.7676
967.000000 0.7685 0.7694 0.7703 0.7710 0.7709
972.000000 0.7722 0.7708 0.7708 0.7705 0.7694
977.000000 0.7683 0.7666 0.7643 0.7619 0.7583
982.000000 0.7548 0.7524 0.7517 0.7528 0.7531
987.000000 0.7548 0.7566 0.7590 0.7612 0.7630
992.000000 0.7648 0.7659 0.7667 0.7675 0.7680
997.000000 0.7673 0.7668 0.7659 0.7645 0.7631
1002.000000 0.7604 0.7574 0.7516 0.7458 0.7391
1007.000000 0.7322 0.7262 0.7202 0.7143 0.7083
1012.000000 0.7036 0.7003 0.6912 0.6814 0.6716
1017.000000 0.6678 0.6678 0.6681 0.6909 0.7058
1022.000000 0.7207 0.7341 0.7353 0.7365 0.7376
1027.000000 0.7385 0.7394 0.7400 0.7406 0.7412
1032.000000 0.7418 0.7424 0.7429 0.7433 0.7436
1037.000000 0.7440 0.7444 0.7448 0.7451 0.7450
1042.000000 0.7447 0.7444 0.7452 0.7431 0.7420
1047.000000 0.7410 0.7391 0.7371 0.7352 0.7323
1052.000000 0.7286 0.7250 0.7077 0.6880 0.6683
1057.000000 0.6587 0.6585 0.6670 0.6782 0.6893
1062.000000 0.6990 0.7043 0.7087 0.7122 0.7147
1067.000000 0.7172 0.7191 0.7208 0.7225 0.7233
1072.000000 0.7240 0.7248 0.7255 0.7259 0.7260
1077.000000 0.7260 0.7276 0.7262 0.7260 0.7257
1082.000000 0.7254 0.7251 0.7243 0.7234 0.7226
1087.000000 0.7217 0.7208 0.7191 0.7175 0.7159
1092.000000 0.7143 0.7123 0.7101 0.7078 0.7056
1097.000000 0.7034 0.7000 0.6962 0.6925 0.6832
1102.000000 0.6715 0.6599 0.6483 0.6366 0.6250
1107.000000 0.6133 0.6052 0.6072 0.6109 0.6217
1112.000000 0.6326 0.6434 0.6542 0.6650 0.6758
1117.000000 0.6835 0.6872 0.6903 0.6931 0.6946
1122.000000 0.6960 0.6975 0.6986 0.6991 0.6996
1127.000000 0.6999 0.7005 0.7000 0.6999 0.6994
1132.000000 0.6989 0.6984 0.6974 0.6961 0.6948
1137.000000 0.6935 0.6916 0.6890 0.6864 0.6837
1142.000000 0.6789 0.6741 0.6693 0.6605 0.6494
1147.000000 0.6402 0.6311 0.6108 0.5713 0.5317
1152.000000 0.4922 0.4544 0.4447 0.4366 0.4307
1157.000000 0.4247 0.4238 0.4240 0.4248 0.4242
1162.000000 0.4330 0.4400 0.4468 0.4526 0.4593
1167.000000 0.4843 0.5093 0.5343 0.5593 0.5843
1172.000000 0.6093 0.6184 0.6252 0.6291 0.6325
1177.000000 0.6339 0.6352 0.6383 0.6430 0.6475
1182.000000 0.6515 0.6546 0.6553 0.6561 0.6559
1187.000000 0.6566 0.6559 0.6544 0.6524 0.6499
1192.000000 0.6463 0.6421 0.6370 0.6348 0.6343
1197.000000 0.6339 0.6334 0.6329 0.6292 0.6113
1202.000000 0.5934 0.5755 0.5577 0.5398 0.5219
1207.000000 0.5040 0.4882 0.4821 0.4762 0.4705
1212.000000 0.4661 0.4624 0.4604 0.4591 0.4585
1217.000000 0.4580 0.4562 0.4776 0.4910 0.5044
1222.000000 0.5179 0.5313 0.5447 0.5581 0.5715
1227.000000 0.5849 0.5983 0.6018 0.6008 0.5924
1232.000000 0.5674 0.5423 0.5173 0.5063 0.5013
1237.000000 0.5402 0.5571 0.5741 0.5900 0.5904
1242.000000 0.5912 0.5734 0.5600 0.5467 0.5334
1247.000000 0.5273 0.5255 0.5359 0.5471 0.5582
1252.000000 0.5693 0.5782 0.5787 0.5794 0.5802
1257.000000 0.5912 0.6024 0.6137 0.6249 0.6448
1262.000000 0.6504 0.6560 0.6595 0.6629 0.6664
1267.000000 0.6678 0.6688 0.6698 0.6708 0.6716
1272.000000 0.6715 0.6717 0.6712 0.6711 0.6705
1277.000000 0.6699 0.6679 0.6644 0.6538 0.6363
1282.000000 0.6187 0.6011 0.5835 0.5659 0.5484
1287.000000 0.5430 0.5417 0.5574 0.5789 0.6004
1292.000000 0.6218 0.6433 0.6520 0.6519 0.6535
1297.000000 0.6532 0.6521 0.6484 0.6287 0.6090
1302.000000 0.5894 0.5856 0.6012 0.6170 0.6329
1307.000000 0.6487 0.6645 0.6727 0.6737 0.6738
1312.000000 0.6750 0.6698 0.6623 0.6561 0.6505
1317.000000 0.6441 0.6371 0.6288 0.5950 0.5244
1322.000000 0.4795 0.4658 0.4521 0.4384 0.4247
1327.000000 0.4111 0.4008 0.3991 0.4003 0.4229
1332.000000 0.4392 0.4555 0.4718 0.4880 0.5043
1337.000000 0.5206 0.5369 0.5484 0.5478 0.5415
1342.000000 0.5283 0.5151 0.5019 0.4887 0.4755
1347.000000 0.4680 0.4699 0.4865 0.5030 0.5195
1352.000000 0.5232 0.5172 0.4703 0.4234 0.3765
1357.000000 0.3295 0.2826 0.2357 0.2173 0.2167
1362.000000 0.2596 0.2968 0.3341 0.3714 0.4087
1367.000000 0.4460 0.4833 0.5205 0.5578 0.5988
1372.000000 0.6229 0.6276 0.6315 0.6343 0.6353
1377.000000 0.6363 0.6367 0.6371 0.6317 0.6135
1382.000000 0.5953 0.5771 0.5603 0.5611 0.5670
1387.000000 0.5734 0.5792 0.5804 0.5812 0.5815
1392.000000 0.5817 0.5820 0.5819 0.5814 0.5809
1397.000000 0.5801 0.5793 0.5777 0.5741 0.5534
1402.000000 0.5235 0.4936 0.4637 0.4338 0.4039
1407.000000 0.3740 0.3441 0.3143 0.2844 0.2638
1412.000000 0.2493 0.2384 0.2339 0.2303 0.2288
1417.000000 0.2282 0.2282 0.2291 0.2305 0.2539
1422.000000 0.2776 0.3013 0.3251 0.3488 0.3725
1427.000000 0.3962 0.4199 0.4436 0.4673 0.4910
1432.000000 0.5147 0.5220 0.5220 0.5220 0.5220
1437.000000 0.5252 0.5198 0.5107 0.4930 0.4754
1442.000000 0.4577 0.4400 0.4224 0.4047 0.3871
1447.000000 0.3694 0.3678 0.3682 0.3839 0.4123
1452.000000 0.4388 0.4400 0.4404 0.4406 0.4407
1457.000000 0.4437 0.4491 0.4532 0.4530 0.4532
1462.000000 0.4346 0.4193 0.4040 0.3886 0.3733
1467.000000 0.3579 0.3426 0.3408 0.3408 0.3823
1472.000000 0.4119 0.4415 0.4710 0.5006 0.5302
1477.000000 0.5598 0.5894 0.6189 0.6386 0.6422
1482.000000 0.6455 0.6488 0.6519 0.6542 0.6565
1487.000000 0.6588 0.6616 0.6645 0.6667 0.6658
1492.000000 0.6644 0.6630 0.6617 0.6605 0.6601
1497.000000 0.6596 0.6591 0.6589 0.6591 0.6593
1502.000000 0.6606 0.6628 0.6653 0.6680 0.6697
1507.000000 0.6703 0.6702 0.6651 0.6553 0.6455
1512.000000 0.6357 0.6344 0.6372 0.6439 0.6506
1517.000000 0.6574 0.6641 0.6708 0.6776 0.6831
1522.000000 0.6868 0.6898 0.6927 0.6941 0.6950
1527.000000 0.6959 0.6965 0.6966 0.6967 0.6964
1532.000000 0.6960 0.6956 0.6910 0.6857 0.6805
1537.000000 0.6794 0.6813 0.6845 0.6876 0.6908
1542.000000 0.6940 0.6969 0.6978 0.6984 0.6986
1547.000000 0.6986 0.6986 0.6978 0.6970 0.6962
1552.000000 0.6929 0.6889 0.6850 0.6811 0.6779
1557.000000 0.6779 0.6814 0.6864 0.6914 0.6964
1562.000000 0.7011 0.7003 0.7003 0.7003 0.7003
1567.000000 0.7003 0.7003 0.7003 0.7000 0.6997
1572.000000 0.6994 0.6991 0.6988 0.6983 0.6978
1577.000000 0.6974 0.6969 0.6965 0.6959 0.6953
1582.000000 0.6947 0.6941 0.6935 0.6929 0.6922
1587.000000 0.6915 0.6907 0.6899 0.6891 0.6883
1592.000000 0.6875 0.6867 0.6861 0.6855 0.6849
1597.000000 0.6842 0.6836 0.6830 0.6824 0.6818
1602.000000 0.6812 0.6806 0.6801 0.6799 0.6798
1607.000000 0.6796 0.6795 0.6793 0.6792 0.6790
1612.000000 0.6789 0.6787 0.6788 0.6788 0.6788
1617.000000 0.6789 0.6789 0.6789 0.6790 0.6790
1622.000000 0.6790 0.6791 0.6791 0.6791 0.6787
1627.000000 0.6782 0.6777 0.6772 0.6767 0.6762
1632.000000 0.6756 0.6751 0.6746 0.6741 0.6736
1637.000000 0.6731 0.6724 0.6715 0.6705 0.6695
1642.000000 0.6685 0.6676 0.6666 0.6656 0.6647
1647.000000 0.6637 0.6627 0.6617 0.6606 0.6596
1652.000000 0.6585 0.6575 0.6565 0.6554 0.6544
1657.000000 0.6533 0.6522 0.6510 0.6499 0.6487
1662.000000 0.6476 0.6464 0.6450 0.6434 0.6418
1667.000000 0.6402 0.6385 0.6364 0.6344 0.6322
1672.000000 0.6300 0.6278 0.6256 0.6235 0.6217
1677.000000 0.6198 0.6179 0.6160 0.6141 0.6124
1682.000000 0.6110 0.6111 0.6113 0.6111 0.6110
1687.000000 0.6098 0.6065 0.6014 0.5951 0.5891
1692.000000 0.5847 0.5803 0.5759 0.5684 0.5595
1697.000000 0.5461 0.5349 0.5252 0.5155 0.5058
1702.000000 0.4961 0.4864 0.4767 0.4670 0.4573
1707.000000 0.4476 0.4379 0.4282 0.4185 0.4088
1712.000000 0.4088 0.4091 0.4092 0.4141 0.4211
1717.000000 0.4421 0.4621 0.4821 0.5022 0.5222
1722.000000 0.5422 0.5549 0.5533 0.5517 0.5501
1727.000000 0.5485 0.5548 0.5666 0.5784 0.5902
1732.000000 0.5979 0.6008 0.6031 0.6039 0.6047
1737.000000 0.6058 0.6070 0.6082 0.6094 0.6109
1742.000000 0.6130 0.6152 0.6174 0.6201 0.6229
1747.000000 0.6257 0.6285 0.6314 0.6344 0.6374
1752.000000 0.6404 0.6429 0.6453 0.6477 0.6501
1757.000000 0.6525 0.6536 0.6543 0.6549 0.6556
1762.000000 0.6563 0.6570 0.6574 0.6578 0.6581
1767.000000 0.6585 0.6588 0.6591 0.6595 0.6598
1772.000000 0.6602 0.6605 0.6608 0.6612 0.6615
1777.000000 0.6618 0.6621 0.6624 0.6627 0.6630
1782.000000 0.6634 0.6637 0.6640 0.6642 0.6643
1787.000000 0.6643 0.6644 0.6644 0.6645 0.6645
1792.000000 0.6646 0.6646 0.6647 0.6648 0.6648
1797.000000 0.6649 0.6649 0.6648 0.6647 0.6645
1802.000000 0.6644 0.6643 0.6641 0.6640 0.6639
1807.000000 0.6638 0.6636 0.6635 0.6634 0.6632
1812.000000 0.6628 0.6624 0.6620 0.6616 0.6613
1817.000000 0.6609 0.6605 0.6601 0.6597 0.6593
1822.000000 0.6586 0.6579 0.6571 0.6564 0.6556
1827.000000 0.6549 0.6545 0.6549 0.6554 0.6558
1832.000000 0.6564 0.6571 0.6577 0.6583 0.6588
1837.000000 0.6592 0.6597 0.6601 0.6605 0.6608
1842.000000 0.6612 0.6615 0.6619 0.6622 0.6626
1847.000000 0.6630 0.6636 0.6643 0.6647 0.6649
1852.000000 0.6651 0.6654 0.6656 0.6658 0.6661
1857.000000 0.6663 0.6663 0.6663 0.6663 0.6662
1862.000000 0.6662 0.6662 0.6661 0.6660 0.6658
1867.000000 0.6656 0.6655 0.6653 0.6652 0.6650
1872.000000 0.6648 0.6656 0.6645 0.6643 0.6642
1877.000000 0.6640 0.6638 0.6636 0.6634 0.6633
1882.000000 0.6631 0.6629 0.6627 0.6625 0.6624
1887.000000 0.6622 0.6620 0.6618 0.6616 0.6615
1892.000000 0.6612 0.6609 0.6606 0.6602 0.6599
1897.000000 0.6596 0.6593 0.6590 0.6586 0.6583
1902.000000 0.6580 0.6580 0.6580 0.6580 0.6580
1907.000000 0.6580 0.6581 0.6584 0.6587 0.6589
1912.000000 0.6592 0.6595 0.6598 0.6600 0.6603
1917.000000 0.6606 0.6611 0.6613 0.6613 0.6612
1922.000000 0.6612 0.6611 0.6611 0.6610 0.6610
1927.000000 0.6609 0.6609 0.6608 0.6607 0.6607
1932.000000 0.6606 0.6606 0.6605 0.6605 0.6604
1937.000000 0.6604 0.6603 0.6602 0.6602 0.6601
1942.000000 0.6600 0.6600 0.6599 0.6598 0.6598
1947.000000 0.6597 0.6596 0.6595 0.6594 0.6592
1952.000000 0.6590 0.6589 0.6587 0.6586 0.6584
1957.000000 0.6582 0.6581 0.6579 0.6578 0.6576
1962.000000 0.6574 0.6573 0.6571 0.6569 0.6568
1967.000000 0.6566 0.6564 0.6562 0.6560 0.6558
1972.000000 0.6556 0.6554 0.6552 0.6550 0.6548
1977.000000 0.6546 0.6544 0.6542 0.6540 0.6538
1982.000000 0.6536 0.6534 0.6533 0.6531 0.6530
1987.000000 0.6529 0.6527 0.6526 0.6524 0.6523
1992.000000 0.6521 0.6520 0.6519 0.6517 0.6516
1997.000000 0.6521 0.6529 0.6538 0.6546 0.6572
2002.000000 0.6599 0.6610 0.6622 0.6631 0.6641
2007.000000 0.6643 0.6645 0.6645 0.6645 0.6645
2012.000000 0.6645 0.6645 0.6646 0.6645 0.6644
2017.000000 0.6643 0.6643 0.6642 0.6642 0.6641
2022.000000 0.6640 0.6639 0.6639 0.6638 0.6638
2027.000000 0.6637 0.6636 0.6635 0.6635 0.6634
2032.000000 0.6633 0.6632 0.6631 0.6630 0.6629
2037.000000 0.6628 0.6627 0.6625 0.6624 0.6623
2042.000000 0.6622 0.6621 0.6620 0.6619 0.6618
2047.000000 0.6617 0.6616 0.6614 0.6613 0.6612
2052.000000 0.6611 0.6610 0.6609 0.6608 0.6607
2057.000000 0.6606 0.6605 0.6603 0.6602 0.6601
2062.000000 0.6600 0.6599 0.6598 0.6597 0.6596
2067.000000 0.6594 0.6592 0.6589 0.6587 0.6584
2072.000000 0.6582 0.6580 0.6578 0.6575 0.6573
2077.000000 0.6570 0.6568 0.6566 0.6564 0.6561
2082.000000 0.6559 0.6561 0.6564 0.6568 0.6572
2087.000000 0.6576 0.6580 0.6580 0.6580 0.6578
2092.000000 0.6577 0.6576 0.6575 0.6574 0.6573
2097.000000 0.6571 0.6570 0.6569 0.6568 0.6567
2102.000000 0.6566 0.6564 0.6563 0.6562 0.6561
2107.000000 0.6560 0.6559 0.6558 0.6557 0.6555
2112.000000 0.6554 0.6552 0.6551 0.6549 0.6547
2117.000000 0.6545 0.6544 0.6542 0.6540 0.6538
2122.000000 0.6536 0.6534 0.6532 0.6530 0.6529
2127.000000 0.6527 0.6525 0.6523 0.6521 0.6519
2132.000000 0.6517 0.6515 0.6514 0.6512 0.6510
2137.000000 0.6508 0.6506 0.6504 0.6502 0.6500
2142.000000 0.6499 0.6497 0.6495 0.6493 0.6491
2147.000000 0.6489 0.6488 0.6486 0.6484 0.6482
2152.000000 0.6480 0.6476 0.6472 0.6467 0.6463
2157.000000 0.6458 0.6454 0.6449 0.6445 0.6440
2162.000000 0.6436 0.6433 0.6430 0.6430 0.6430
2167.000000 0.6430 0.6430 0.6430 0.6430 0.6430
2172.000000 0.6430 0.6430 0.6430 0.6430 0.6430
2177.000000 0.6430 0.6430 0.6430 0.6430 0.6430
2182.000000 0.6430 0.6430 0.6430 0.6429 0.6429
2187.000000 0.6428 0.6428 0.6427 0.6427 0.6426
2192.000000 0.6426 0.6425 0.6425 0.6425 0.6425
2197.000000 0.6424 0.6424 0.6423 0.6423 0.6422
2202.000000 0.6422 0.6421 0.6421 0.6420 0.6420
2207.000000 0.6419 0.6419 0.6418 0.6418 0.6417
2212.000000 0.6417 0.6417 0.6417 0.6416 0.6416
2217.000000 0.6415 0.6415 0.6414 0.6414 0.6413
2222.000000 0.6412 0.6411 0.6411 0.6410 0.6410
2227.000000 0.6409 0.6408 0.6407 0.6407 0.6406
2232.000000 0.6406 0.6405 0.6405 0.6404 0.6403
2237.000000 0.6402 0.6402 0.6401 0.6401 0.6400
2242.000000 0.6400 0.6399 0.6398 0.6397 0.6397
2247.000000 0.6396 0.6396 0.6395 0.6395 0.6394
2252.000000 0.6393 0.6392 0.6392 0.6391 0.6391
2257.000000 0.6390 0.6390 0.6389 0.6388 0.6387
2262.000000 0.6387 0.6385 0.6384 0.6382 0.6381
2267.000000 0.6379 0.6378 0.6376 0.6375 0.6373
2272.000000 0.6372 0.6370 0.6369 0.6367 0.6366
2277.000000 0.6365 0.6364 0.6362 0.6361 0.6359
2282.000000 0.6358 0.6356 0.6355 0.6353 0.6352
2287.000000 0.6350 0.6349 0.6348 0.6347 0.6345
2292.000000 0.6344 0.6343 0.6342 0.6341 0.6340
2297.000000 0.6339 0.6338 0.6337 0.6336 0.6335
2302.000000 0.6334 0.6333 0.6332 0.6331 0.6330
2307.000000 0.6328 0.6327 0.6326 0.6325 0.6324
2312.000000 0.6323 0.6322 0.6321 0.6320 0.6319
2317.000000 0.6318 0.6317 0.6316 0.6315 0.6314
2322.000000 0.6313 0.6311 0.6310 0.6309 0.6309
2327.000000 0.6308 0.6307 0.6306 0.6305 0.6304
2332.000000 0.6303 0.6302 0.6301 0.6300 0.6299
2337.000000 0.6298 0.6297 0.6296 0.6295 0.6294
2342.000000 0.6293 0.6292 0.6291 0.6290 0.6289
2347.000000 0.6288 0.6288 0.6287 0.6286 0.6285
2352.000000 0.6284 0.6283 0.6282 0.6281 0.6280
2357.000000 0.6279 0.6278 0.6277 0.6276 0.6275
2362.000000 0.6274 0.6273 0.6272 0.6272 0.6273
2367.000000 0.6273 0.6274 0.6274 0.6275 0.6275
2372.000000 0.6276 0.6276 0.6277 0.6277 0.6278
2377.000000 0.6278 0.6279 0.6280 0.6281 0.6281
2382.000000 0.6282 0.6282 0.6283 0.6283 0.6284
2387.000000 0.6284 0.6285 0.6285 0.6286 0.6287
2392.000000 0.6288 0.6288 0.6288 0.6288 0.6289
2397.000000 0.6289 0.6290 0.6290 0.6291 0.6291
2402.000000 0.6291 0.6291 0.6292 0.6292 0.6293
2407.000000 0.6293 0.6293 0.6293 0.6294 0.6294
2412.000000 0.6295 0.6295 0.6296 0.6296 0.6296
2417.000000 0.6296 0.6297 0.6297 0.6298 0.6297
2422.000000 0.6296 0.6294 0.6293 0.6292 0.6291
2427.000000 0.6290 0.6289 0.6288 0.6287 0.6285
2432.000000 0.6284 0.6283 0.6282 0.6281 0.6280
2437.000000 0.6279 0.6278 0.6276 0.6275 0.6274
2442.000000 0.6273 0.6272 0.6271 0.6269 0.6268
2447.000000 0.6267 0.6266 0.6265 0.6264 0.6264
2452.000000 0.6264 0.6264 0.6264 0.6264 0.6264
2457.000000 0.6263 0.6263 0.6263 0.6263 0.6263
2462.000000 0.6263 0.6263 0.6263 0.6263 0.6263
2467.000000 0.6263 0.6263 0.6262 0.6262 0.6262
2472.000000 0.6262 0.6263 0.6264 0.6266 0.6268
2477.000000 0.6269 0.6271 0.6273 0.6275 0.6277
2482.000000 0.6279 0.6280 0.6282 0.6284 0.6286
2487.000000 0.6287 0.6288 0.6284 0.6280 0.6275
2492.000000 0.6271 0.6266 0.6262 0.6257 0.6253
2497.000000 0.6248 0.6244 0.6239 0.6235 0.6228
2502.000000 0.6222 0.6216 0.6210 0.6203 0.6197
2507.000000 0.6190 0.6184 0.6178 0.6172 0.6165
2512.000000 0.6159 0.6152 0.6146 0.6141 0.6137
2517.000000 0.6136 0.6136 0.6135 0.6134 0.6133
2522.000000 0.6133 0.6132 0.6131 0.6130 0.6130
2527.000000 0.6133 0.6137 0.6140 0.6144 0.6147
2532.000000 0.6150 0.6153 0.6157 0.6160 0.6164
2537.000000 0.6166 0.6168 0.6167 0.6167 0.6166
2542.000000 0.6166 0.6165 0.6165 0.6162 0.6159
2547.000000 0.6156 0.6153 0.6150 0.6147 0.6144
2552.000000 0.6141 0.6137 0.6134 0.6131 0.6128
2557.000000 0.6125 0.6122 0.6117 0.6113 0.6108
2562.000000 0.6104 0.6099 0.6095 0.6090 0.6086
2567.000000 0.6081 0.6077 0.6072 0.6068 0.6063
2572.000000 0.6058 0.6053 0.6049 0.6044 0.6040
2577.000000 0.6035 0.6030 0.6022 0.6015 0.6007
2582.000000 0.6000 0.5992 0.5985 0.5977 0.5969
2587.000000 0.5961 0.5954 0.5946 0.5939 0.5930
2592.000000 0.5922 0.5912 0.5902 0.5891 0.5881
2597.000000 0.5871 0.5861 0.5850 0.5840 0.5835
2602.000000 0.5830 0.5827 0.5825 0.5822 0.5820
2607.000000 0.5817 0.5815 0.5812 0.5810 0.5809
2612.000000 0.5809 0.5810 0.5812 0.5813 0.5815
2617.000000 0.5816 0.5818 0.5820 0.5822 0.5826
2622.000000 0.5831 0.5836 0.5841 0.5845 0.5850
2627.000000 0.5855 0.5860 0.5864 0.5869 0.5867
2632.000000 0.5866 0.5863 0.5861 0.5853 0.5845
2637.000000 0.5832 0.5819 0.5805 0.5792 0.5778
2642.000000 0.5765 0.5756 0.5748 0.5740 0.5732
2647.000000 0.5726 0.5721 0.5728 0.5735 0.5742
2652.000000 0.5749 0.5756 0.5764 0.5771 0.5778
2657.000000 0.5785 0.5793 0.5801 0.5810 0.5819
2662.000000 0.5828 0.5836 0.5845 0.5843 0.5841
2667.000000 0.5839 0.5837 0.5835 0.5833 0.5831
2672.000000 0.5829 0.5827 0.5825 0.5823 0.5821
2677.000000 0.5819 0.5817 0.5813 0.5810 0.5803
2682.000000 0.5796 0.5789 0.5782 0.5774 0.5767
2687.000000 0.5760 0.5753 0.5746 0.5739 0.5728
2692.000000 0.5718 0.5705 0.5693 0.5680 0.5667
2697.000000 0.5654 0.5642 0.5629 0.5616 0.5603
2702.000000 0.5590 0.5577 0.5565 0.5557 0.5550
2707.000000 0.5547 0.5544 0.5553 0.5563 0.5595
2712.000000 0.5627 0.5652 0.5678 0.5695 0.5712
2717.000000 0.5729 0.5747 0.5758 0.5769 0.5769
2722.000000 0.5769 0.5769 0.5769 0.5767 0.5765
2727.000000 0.5745 0.5726 0.5706 0.5687 0.5661
2732.000000 0.5636 0.5598 0.5561 0.5558 0.5555
2737.000000 0.5565 0.5576 0.5588 0.5600 0.5615
2742.000000 0.5631 0.5645 0.5659 0.5663 0.5668
2747.000000 0.5672 0.5677 0.5676 0.5675 0.5672
2752.000000 0.5670 0.5667 0.5665 0.5662 0.5660
2757.000000 0.5655 0.5651 0.5643 0.5635 0.5625
2762.000000 0.5616 0.5603 0.5590 0.5576 0.5563
2767.000000 0.5544 0.5526 0.5507 0.5489 0.5472
2772.000000 0.5455 0.5441 0.5427 0.5412 0.5398
2777.000000 0.5384 0.5370 0.5356 0.5342 0.5323
2782.000000 0.5305 0.5286 0.5268 0.5249 0.5231
2787.000000 0.5188 0.5145 0.5100 0.5056 0.5012
2792.000000 0.4968 0.4923 0.4879 0.4834 0.4790
2797.000000 0.4746 0.4702 0.4657 0.4613 0.4569
2802.000000 0.4526 0.4485 0.4445 0.4404 0.4363
2807.000000 0.4319 0.4276 0.4233 0.4190 0.4129
2812.000000 0.4068 0.4007 0.3946 0.3909 0.3872
2817.000000 0.3834 0.3797 0.3756 0.3716 0.3674
2822.000000 0.3633 0.3593 0.3554 0.3517 0.3481
2827.000000 0.3442 0.3403 0.3359 0.3316 0.3247
2832.000000 0.3178 0.3046 0.2914 0.2782 0.2650
2837.000000 0.2518 0.2386 0.2254 0.2122 0.1995
2842.000000 0.1868 0.1823 0.1779 0.1749 0.1719
2847.000000 0.1687 0.1655 0.1593 0.1532 0.1485
2852.000000 0.1439 0.1368 0.1297 0.1276 0.1255
2857.000000 0.1252 0.1250 0.1250 0.1253 0.1251
2862.000000 0.1252 0.1258 0.1265 0.1320 0.1375
2867.000000 0.1438 0.1502 0.1565 0.1629 0.1692
2872.000000 0.1755 0.1818 0.1882 0.1942 0.2003
2877.000000 0.2003 0.2003 0.2002 0.1991 0.1999
2882.000000 0.1998 0.1980 0.1962 0.1946 0.1930
2887.000000 0.1917 0.1904 0.1891 0.1879 0.1867
2892.000000 0.1855 0.1843 0.1831 0.1820 0.1809
2897.000000 0.1800 0.1791 0.1781 0.1772 0.1761
2902.000000 0.1750 0.1738 0.1727 0.1715 0.1704
2907.000000 0.1692 0.1681 0.1669 0.1658 0.1645
2912.000000 0.1633 0.1617 0.1602 0.1581 0.1561
2917.000000 0.1488 0.1416 0.1343 0.1271 0.1199
2922.000000 0.1127 0.1054 0.0982 0.0909 0.0837
2927.000000 0.0764 0.0692 0.0638 0.0584 0.0548
2932.000000 0.0512 0.0491 0.0471 0.0451 0.0432
2937.000000 0.0416 0.0401 0.0390 0.0380 0.0379
2942.000000 0.0379 0.0379 0.0379 0.0383 0.0388
2947.000000 0.0393 0.0398 0.0411 0.0425 0.0506
2952.000000 0.0588 0.0732 0.0876 0.1034 0.1193
2957.000000 0.1351 0.1510 0.1668 0.1827 0.1985
2962.000000 0.2144 0.2302 0.2461 0.2620 0.2779
2967.000000 0.2937 0.3096 0.3140 0.3185 0.3244
2972.000000 0.3304 0.3392 0.3481 0.3583 0.3686
2977.000000 0.3766 0.3847 0.4011 0.4175 0.4369
2982.000000 0.4563 0.4626 0.4689 0.4742 0.4795
2987.000000 0.4844 0.4894 0.4927 0.4960 0.4993
2992.000000 0.5026 0.5056 0.5086 0.5114 0.5142
2997.000000 0.5170 0.5199 0.5215 0.5231 0.5245
3002.000000 0.5259 0.5273 0.5287 0.5301 0.5315
3007.000000 0.5327 0.5339 0.5351 0.5363 0.5375
3012.000000 0.5387 0.5399 0.5411 0.5423 0.5435
3017.000000 0.5446 0.5458 0.5469 0.5480 0.5490
3022.000000 0.5501 0.5512 0.5523 0.5533 0.5544
3027.000000 0.5557 0.5570 0.5580 0.5591 0.5600
3032.000000 0.5610 0.5619 0.5629 0.5638 0.5648
3037.000000 0.5658 0.5668 0.5677 0.5687 0.5696
3042.000000 0.5706 0.5709 0.5712 0.5715 0.5719
3047.000000 0.5722 0.5726 0.5729 0.5733 0.5736
3052.000000 0.5739 0.5741 0.5743 0.5744 0.5746
3057.000000 0.5747 0.5749 0.5750 0.5752 0.5753
3062.000000 0.5755 0.5756 0.5758 0.5759 0.5761
3067.000000 0.5762 0.5764 0.5765 0.5767 0.5768
3072.000000 0.5769 0.5770 0.5772 0.5774 0.5776
3077.000000 0.5778 0.5781 0.5783 0.5786 0.5788
3082.000000 0.5791 0.5790 0.5790 0.5788 0.5787
3087.000000 0.5784 0.5782 0.5779 0.5776 0.5772
3092.000000 0.5769 0.5766 0.5763 0.5760 0.5757
3097.000000 0.5753 0.5750 0.5747 0.5744 0.5742
3102.000000 0.5740 0.5738 0.5736 0.5734 0.5732
3107.000000 0.5730 0.5728 0.5726 0.5724 0.5723
3112.000000 0.5723 0.5723 0.5724 0.5724 0.5724
3117.000000 0.5724 0.5725 0.5725 0.5725 0.5725
3122.000000 0.5726 0.5726 0.5726 0.5726 0.5727
3127.000000 0.5727 0.5728 0.5728 0.5729 0.5729
3132.000000 0.5730 0.5730 0.5731 0.5731 0.5732
3137.000000 0.5732 0.5733 0.5733 0.5734 0.5734
3142.000000 0.5735 0.5735 0.5736 0.5735 0.5734
3147.000000 0.5732 0.5731 0.5730 0.5729 0.5728
3152.000000 0.5727 0.5726 0.5725 0.5724 0.5723
3157.000000 0.5721 0.5720 0.5719 0.5718 0.5717
3162.000000 0.5716 0.5714 0.5713 0.5712 0.5711
3167.000000 0.5710 0.5709 0.5707 0.5706 0.5705
3172.000000 0.5704 0.5703 0.5702 0.5700 0.5699
3177.000000 0.5698 0.5697 0.5695 0.5694 0.5693
3182.000000 0.5692 0.5691 0.5690 0.5689 0.5688
3187.000000 0.5687 0.5687 0.5686 0.5685 0.5684
3192.000000 0.5684 0.5683 0.5682 0.5681 0.5681
3197.000000 0.5680 0.5679 0.5678 0.5677 0.5676
3202.000000 0.5676 0.5675 0.5674 0.5673 0.5673
3207.000000 0.5672 0.5671 0.5670 0.5669 0.5668
3212.000000 0.5668 0.5667 0.5666 0.5667 0.5669
3217.000000 0.5670 0.5671 0.5672 0.5674 0.5675
3222.000000 0.5677 0.5678 0.5680 0.5681 0.5683
3227.000000 0.5684 0.5686 0.5687 0.5689 0.5690
3232.000000 0.5692 0.5694 0.5696 0.5699 0.5703
3237.000000 0.5706 0.5710 0.5713 0.5716 0.5719
3242.000000 0.5723 0.5726 0.5730 0.5733 0.5737
3247.000000 0.5740 0.5743 0.5745 0.5747 0.5747
3252.000000 0.5748 0.5748 0.5749 0.5749 0.5750
3257.000000 0.5746 0.5742 0.5737 0.5733 0.5728
3262.000000 0.5724 0.5719 0.5715 0.5710 0.5706
3267.000000 0.5701 0.5697 0.5692 0.5688 0.5683
3272.000000 0.5679 0.5674 0.5670 0.5665 0.5661
3277.000000 0.5656 0.5652 0.5647 0.5642 0.5637
3282.000000 0.5633 0.5629 0.5625 0.5625 0.5625
3287.000000 0.5624 0.5624 0.5624 0.5624 0.5623
3292.000000 0.5623 0.5623 0.5623 0.5622 0.5622
3297.000000 0.5621 0.5621 0.5621 0.5621 0.5620
3302.000000 0.5620 0.5620 0.5620 0.5619 0.5619
3307.000000 0.5619 0.5619 0.5618 0.5618 0.5618
3312.000000 0.5618 0.5617 0.5617 0.5617 0.5617
3317.000000 0.5616 0.5616 0.5616 0.5616 0.5615
3322.000000 0.5615 0.5615 0.5615 0.5614 0.5614
3327.000000 0.5614 0.5614 0.5614 0.5614 0.5613
3332.000000 0.5613 0.5613 0.5613 0.5612 0.5612
3337.000000 0.5612 0.5612 0.5611 0.5611 0.5611
3342.000000 0.5611 0.5611 0.5611 0.5611 0.5611
3347.000000 0.5611 0.5612 0.5612 0.5612 0.5612
3352.000000 0.5613 0.5613 0.5613 0.5613 0.5613
3357.000000 0.5613 0.5614 0.5614 0.5614 0.5614
3362.000000 0.5615 0.5615 0.5615 0.5615 0.5616
3367.000000 0.5616 0.5616 0.5616 0.5616 0.5616
3372.000000 0.5617 0.5617 0.5617 0.5617 0.5618
3377.000000 0.5618 0.5618 0.5618 0.5619 0.5619
3382.000000 0.5620 0.5620 0.5620 0.5620 0.5621
3387.000000 0.5621 0.5622 0.5622 0.5622 0.5622
3392.000000 0.5623 0.5623 0.5624 0.5624 0.5625
3397.000000 0.5625 0.5625 0.5625 0.5626 0.5626
3402.000000 0.5627 0.5627 0.5627 0.5627 0.5628
3407.000000 0.5628 0.5629 0.5630 0.5631 0.5631
3412.000000 0.5632 0.5633 0.5634 0.5634 0.5635
3417.000000 0.5636 0.5637 0.5637 0.5638 0.5639
3422.000000 0.5640 0.5641 0.5642 0.5643 0.5645
3427.000000 0.5646 0.5648 0.5650 0.5652 0.5653
3432.000000 0.5655 0.5656 0.5658 0.5660 0.5662
3437.000000 0.5663 0.5665 0.5666 0.5668 0.5669
3442.000000 0.5671 0.5673 0.5675 0.5677 0.5680
3447.000000 0.5682 0.5685 0.5687 0.5690 0.5692
3452.000000 0.5695 0.5697 0.5700 0.5702 0.5705
3457.000000 0.5707 0.5710 0.5712 0.5715 0.5717
3462.000000 0.5719 0.5721 0.5723 0.5725 0.5728
3467.000000 0.5730 0.5732 0.5734 0.5736 0.5738
3472.000000 0.5741 0.5743 0.5745 0.5747 0.5749
3477.000000 0.5751 0.5754 0.5756 0.5758 0.5760
3482.000000 0.5762 0.5764 0.5767 0.5769 0.5771
3487.000000 0.5773 0.5775 0.5777 0.5780 0.5782
3492.000000 0.5784 0.5786 0.5788 0.5790 0.5793
3497.000000 0.5795 0.5797 0.5799 0.5801 0.5803
3502.000000 0.5806 0.5808 0.5810 0.5812 0.5815
3507.000000 0.5817 0.5819 0.5821 0.5824 0.5826
3512.000000 0.5829 0.5831 0.5834 0.5836 0.5839
3517.000000 0.5841 0.5843 0.5845 0.5848 0.5850
3522.000000 0.5853 0.5855 0.5858 0.5860 0.5863
3527.000000 0.5865 0.5867 0.5869 0.5872 0.5874
3532.000000 0.5877 0.5879 0.5882 0.5884 0.5887
3537.000000 0.5889 0.5891 0.5893 0.5895 0.5897
3542.000000 0.5899 0.5901 0.5904 0.5906 0.5908
3547.000000 0.5910 0.5912 0.5914 0.5916 0.5918
3552.000000 0.5920 0.5922 0.5924 0.5926 0.5928
3557.000000 0.5930 0.5933 0.5935 0.5937 0.5939
3562.000000 0.5941 0.5943 0.5945 0.5947 0.5949
3567.000000 0.5951 0.5953 0.5955 0.5957 0.5959
3572.000000 0.5962 0.5963 0.5965 0.5966 0.5968
3577.000000 0.5969 0.5971 0.5972 0.5974 0.5975
3582.000000 0.5977 0.5978 0.5980 0.5981 0.5983
3587.000000 0.5984 0.5986 0.5987 0.5989 0.5990
3592.000000 0.5992 0.5993 0.5995 0.5996 0.5998
3597.000000 0.5999 0.6001 0.6002 0.6004 0.6005
3602.000000 0.6007 0.6008 0.6010 0.6011 0.6013
3607.000000 0.6014 0.6016 0.6017 0.6019 0.6020
3612.000000 0.6022 0.6023 0.6025 0.6026 0.6028
3617.000000 0.6029 0.6031 0.6032 0.6033 0.6034
3622.000000 0.6035 0.6035 0.6036 0.6037 0.6038
3627.000000 0.6038 0.6039 0.6039 0.6040 0.6041
3632.000000 0.6042 0.6042 0.6043 0.6044 0.6045
3637.000000 0.6045 0.6046 0.6047 0.6048 0.6048
3642.000000 0.6049 0.6050 0.6051 0.6051 0.6052
3647.000000 0.6053 0.6054 0.6054 0.6055 0.6056
3652.000000 0.6057 0.6057 0.6058 0.6058 0.6059
3657.000000 0.6059 0.6060 0.6060 0.6060 0.6059
3662.000000 0.6059 0.6059 0.6059 0.6059 0.6059
3667.000000 0.6059 0.6059 0.6059 0.6059 0.6058
3672.000000 0.6058 0.6058 0.6058 0.6058 0.6058
3677.000000 0.6058 0.6058 0.6058 0.6058 0.6057
3682.000000 0.6057 0.6057 0.6057 0.6057 0.6057
3687.000000 0.6057 0.6057 0.6056 0.6056 0.6056
3692.000000 0.6056 0.6056 0.6056 0.6054 0.6052
3697.000000 0.6050 0.6048 0.6046 0.6044 0.6042
3702.000000 0.6040 0.6038 0.6036 0.6033 0.6031
3707.000000 0.6029 0.6027 0.6025 0.6023 0.6021
3712.000000 0.6019 0.6017 0.6015 0.6013 0.6011
3717.000000 0.6009 0.6007 0.6004 0.6002 0.5998
3722.000000 0.5995 0.5992 0.5989 0.5986 0.5983
3727.000000 0.5980 0.5977 0.5979 0.5982 0.5987
3732.000000 0.5992 0.5997 0.6002 0.6007 0.6013
3737.000000 0.6018 0.6023 0.6028 0.6033 0.6036
3742.000000 0.6040 0.6041 0.6043 0.6045 0.6047
3747.000000 0.6048 0.6050 0.6052 0.6054 0.6055
3752.000000 0.6057 0.6059 0.6061 0.6062 0.6064
3757.000000 0.6064 0.6064 0.6063 0.6062 0.6061
3762.000000 0.6061 0.6060 0.6059 0.6058 0.6058
3767.000000 0.6057 0.6057 0.6056 0.6055 0.6054
3772.000000 0.6054 0.6053 0.6052 0.6051 0.6051
3777.000000 0.6050 0.6049 0.6048 0.6048 0.6047
3782.000000 0.6047 0.6046 0.6045 0.6044 0.6044
3787.000000 0.6043 0.6042 0.6041 0.6040 0.6039
3792.000000 0.6039 0.6038 0.6037 0.6036 0.6036
3797.000000 0.6035 0.6034 0.6033 0.6032 0.6031
3802.000000 0.6031 0.6030 0.6029 0.6028 0.6027
3807.000000 0.6026 0.6026 0.6025 0.6024 0.6023
3812.000000 0.6023 0.6022 0.6021 0.6020 0.6019
3817.000000 0.6018 0.6018 0.6017 0.6016 0.6015
3822.000000 0.6014 0.6013 0.6012 0.6011 0.6011
3827.000000 0.6010 0.6009 0.6008 0.6007 0.6006
3832.000000 0.6005 0.6004 0.6003 0.6002 0.6002
3837.000000 0.6001 0.6000 0.5999 0.5998 0.5997
3842.000000 0.5996 0.5995 0.5994 0.5993 0.5993
3847.000000 0.5991 0.5990 0.5989 0.5988 0.5987
3852.000000 0.5986 0.5984 0.5983 0.5982 0.6005
3857.000000 0.5979 0.5978 0.5977 0.5976 0.5975
3862.000000 0.5974 0.5974 0.5974 0.5975 0.5976
3867.000000 0.5977 0.5978 0.5979 0.5980 0.5981
3872.000000 0.5982 0.5983 0.5985 0.5986 0.5987
3877.000000 0.5988 0.5989 0.5990 0.5991 0.5992
3882.000000 0.5993 0.5994 0.5996 0.5997 0.5999
3887.000000 0.6000 0.6002 0.6003 0.6005 0.6006
3892.000000 0.6008 0.6009 0.6011 0.6012 0.6014
3897.000000 0.6015 0.6017 0.6018 0.6020 0.6021
3902.000000 0.6023 0.6024 0.6026 0.6027 0.6029
3907.000000 0.6030 0.6032 0.6032 0.6033 0.6031
3912.000000 0.6030 0.6029 0.6028 0.6026 0.6025
3917.000000 0.6024 0.6023 0.6021 0.6020 0.6019
3922.000000 0.6018 0.6016 0.6015 0.6013 0.6012
3927.000000 0.6011 0.6010 0.6008 0.6007 0.6004
3932.000000 0.6001 0.5995 0.5990 0.5984 0.5979
3937.000000 0.5973 0.5967 0.5961 0.5956 0.5950
3942.000000 0.5945 0.5947 0.5949 0.5951 0.5954
3947.000000 0.5956 0.5959 0.5961 0.5964 0.5966
3952.000000 0.5968 0.5971 0.5974 0.5977 0.5980
3957.000000 0.5983 0.5986 0.5989 0.5992 0.5995
3962.000000 0.5998 0.6001 0.6004 0.6006 0.6008
3967.000000 0.6009 0.6010 0.6011 0.6012 0.6013
3972.000000 0.6014 0.6015 0.6016 0.6017 0.6018
3977.000000 0.6019 0.6020 0.6021 0.6022 0.6023
3982.000000 0.6024 0.6025 0.6026 0.6026 0.6027
3987.000000 0.6027 0.6028 0.6029 0.6030 0.6030
3992.000000 0.6031 0.6031 0.6032 0.6032 0.6033
3997.000000 0.6034 0.6035 0.6035 0.6035
##END=
