##TITLE=N,N'-DIACETYL-N,N'-BIS-[5-CHLORO-1,3,4-THIADIAZOLYL-2-]HYDRAZINE
##JCAMP-DX=4.24
##DATA TYPE=INFRARED SPECTRUM
##CLASS=COBLENTZ
##ORIGIN=NORBERT PETRI
##OWNER=COBLENTZ SOCIETY
Collection (C) 2018 copyright by the U.S. Secretary of Commerce
on behalf of the United States of America. All rights reserved.
##DATE=Not specified, most likely prior to 1970
##NAMES=N'-acetyl-N,N'-bis(5-chloro-1,3,4-thiadiazol-2-yl)acetohydrazide
##CAS REGISTRY NO=100191-60-4
##MOLFORM=C8 H6 Cl2 N6 O2 S2
##SOURCE REFERENCE=COBLENTZ NO. 3637
##$NIST SOURCE=COBLENTZ
##$NIST IMAGE=cob3637
##SPECTROMETER/DATA SYSTEM=Not specified, most likely a prism, grating, or hybrid spectrometer.
##STATE=SOLID (KBr PELLET)
##PATH LENGTH=
$$SPECTRAL FEATURE AROUND 3400 CM^-^1 IS PROBABLY DUE TO AN UNKNOWN
##SAMPLING PROCEDURE=TRANSMISSION
##RESOLUTION=4
##DATA PROCESSING=DIGITIZED BY NIST FROM HARD COPY
##XUNITS=MICROMETERS
##YUNITS=TRANSMITTANCE
##XFACTOR=1.000000
##YFACTOR=1
##DELTAX=000.006010
##FIRSTX=2.018
##LASTX=15.373
##FIRSTY=0.746
##MAXX=15.373
##MINX=2.018
##MAXY=0.958
##MINY=0.183
##NPOINTS=2223
##XYDATA=(X++(Y..Y))
2.018000 0.7460 0.7470 0.7480 0.7490 0.7490
2.048064 0.7490 0.7530 0.7550 0.7560 0.7560
2.078000 0.7560 0.7560 0.7590 0.7610 0.7640
2.108064 0.7640 0.7640 0.7640 0.7640 0.7640
2.138000 0.7640 0.7640 0.7650 0.7650 0.7650
2.168064 0.7650 0.7660 0.7660 0.7660 0.7660
2.198000 0.7660 0.7690 0.7700 0.7730 0.7800
2.228064 0.7820 0.7830 0.7860 0.7880 0.7930
2.258000 0.7940 0.7940 0.7940 0.7940 0.7990
2.288064 0.7990 0.7980 0.7950 0.7950 0.7940
2.319000 0.7930 0.7990 0.8010 0.8030 0.8050
2.349064 0.8080 0.8090 0.8090 0.8090 0.8100
2.379000 0.8100 0.8120 0.8120 0.8140 0.8150
2.409064 0.8150 0.8150 0.8140 0.8140 0.8160
2.439000 0.8200 0.8210 0.8200 0.8200 0.8200
2.469064 0.8210 0.8210 0.8210 0.8210 0.8210
2.499000 0.8220 0.8220 0.8220 0.8170 0.8170
2.529064 0.8170 0.8170 0.8170 0.8170 0.8160
2.559000 0.8150 0.8120 0.8120 0.8140 0.8150
2.589064 0.8180 0.8210 0.8280 0.8310 0.8330
2.619000 0.8340 0.8340 0.8340 0.8320 0.8310
2.649064 0.8320 0.8320 0.8330 0.8340 0.8390
2.679000 0.8420 0.8400 0.8400 0.8400 0.8390
2.709064 0.8380 0.8380 0.8380 0.8380 0.8390
2.739000 0.8390 0.8420 0.8400 0.8390 0.8350
2.769064 0.8340 0.8250 0.8120 0.8110 0.8060
2.799000 0.7990 0.7910 0.7840 0.7770 0.7730
2.829064 0.7700 0.7640 0.7600 0.7530 0.7490
2.859000 0.7410 0.7320 0.7270 0.7250 0.7200
2.889064 0.7190 0.7140 0.7090 0.7080 0.7050
2.920000 0.7010 0.6990 0.6980 0.6980 0.6980
2.950064 0.6990 0.7020 0.7020 0.7020 0.7030
2.980000 0.7130 0.7270 0.7320 0.7420 0.7470
3.010064 0.7500 0.7590 0.7630 0.7670 0.7760
3.040000 0.7820 0.7860 0.7860 0.7870 0.7920
3.070064 0.7930 0.8000 0.8000 0.8010 0.8040
3.100000 0.8050 0.8060 0.8060 0.8100 0.8110
3.130064 0.8120 0.8160 0.8170 0.8170 0.8180
3.160000 0.8200 0.8220 0.8230 0.8250 0.8260
3.190064 0.8260 0.8270 0.8270 0.8270 0.8270
3.220000 0.8280 0.8290 0.8290 0.8290 0.8310
3.250064 0.8320 0.8320 0.8340 0.8350 0.8370
3.280000 0.8370 0.8370 0.8380 0.8380 0.8380
3.310064 0.8390 0.8400 0.8400 0.8420 0.8430
3.340000 0.8430 0.8440 0.8450 0.8450 0.8450
3.370064 0.8430 0.8400 0.8390 0.8370 0.8350
3.400000 0.8350 0.8350 0.8330 0.8250 0.8200
3.430064 0.8150 0.8150 0.8160 0.8290 0.8310
3.460000 0.8320 0.8320 0.8330 0.8340 0.8370
3.490064 0.8390 0.8400 0.8380 0.8380 0.8380
3.521000 0.8380 0.8380 0.8390 0.8420 0.8440
3.551064 0.8450 0.8500 0.8520 0.8520 0.8540
3.581000 0.8570 0.8570 0.8590 0.8590 0.8600
3.611064 0.8600 0.8610 0.8630 0.8650 0.8650
3.641000 0.8650 0.8630 0.8660 0.8670 0.8680
3.671064 0.8680 0.8680 0.8690 0.8710 0.8690
3.701000 0.8710 0.8720 0.8730 0.8740 0.8760
3.731064 0.8760 0.8790 0.8830 0.8840 0.8850
3.761000 0.8850 0.8860 0.8860 0.8850 0.8850
3.791064 0.8860 0.8910 0.8930 0.8930 0.8900
3.821000 0.8890 0.8880 0.8860 0.8860 0.8860
3.851064 0.8900 0.8940 0.8930 0.8900 0.8900
3.881000 0.8900 0.8910 0.8910 0.8900 0.8890
3.911064 0.8880 0.8880 0.8860 0.8860 0.8860
3.941000 0.8860 0.8890 0.8910 0.8930 0.8940
3.971064 0.8960 0.8990 0.9000 0.9000 0.9010
4.001000 0.9020 0.9020 0.9020 0.9020 0.9020
4.031064 0.9020 0.9020 0.9010 0.9010 0.9010
4.061000 0.9010 0.9010 0.9010 0.9010 0.9010
4.091064 0.9050 0.9070 0.9100 0.9070 0.9060
4.122000 0.9020 0.9010 0.9020 0.9020 0.9050
4.152064 0.9050 0.9050 0.9040 0.9020 0.9010
4.182000 0.9020 0.9040 0.9040 0.9050 0.9050
4.212064 0.9050 0.9060 0.9060 0.9060 0.9060
4.242000 0.9050 0.9060 0.9060 0.9060 0.9060
4.272064 0.9060 0.9070 0.9110 0.9130 0.9180
4.302000 0.9210 0.9220 0.9240 0.9250 0.9270
4.332064 0.9280 0.9280 0.9280 0.9270 0.9250
4.362000 0.9230 0.9220 0.9210 0.9170 0.9160
4.392064 0.9140 0.9130 0.9120 0.9120 0.9110
4.422000 0.9110 0.9110 0.9120 0.9120 0.9120
4.452064 0.9130 0.9130 0.9130 0.9130 0.9130
4.482000 0.9130 0.9140 0.9160 0.9160 0.9140
4.512064 0.9140 0.9140 0.9140 0.9130 0.9130
4.542000 0.9140 0.9160 0.9160 0.9170 0.9210
4.572064 0.9210 0.9170 0.9170 0.9180 0.9210
4.602000 0.9190 0.9190 0.9190 0.9190 0.9210
4.632064 0.9210 0.9190 0.9190 0.9170 0.9180
4.663000 0.9190 0.9220 0.9240 0.9270 0.9270
4.693064 0.9250 0.9190 0.9190 0.9210 0.9210
4.723000 0.9210 0.9220 0.9230 0.9230 0.9250
4.753064 0.9270 0.9270 0.9270 0.9270 0.9270
4.783000 0.9270 0.9270 0.9270 0.9250 0.9220
4.813064 0.9210 0.9210 0.9220 0.9220 0.9220
4.843000 0.9240 0.9270 0.9280 0.9280 0.9280
4.873064 0.9280 0.9270 0.9270 0.9270 0.9270
4.903000 0.9240 0.9240 0.9270 0.9270 0.9270
4.933064 0.9270 0.9280 0.9280 0.9290 0.9310
4.963000 0.9310 0.9310 0.9340 0.9360 0.9360
4.993064 0.9350 0.9360 0.9360 0.9350 0.9350
5.023000 0.9340 0.9340 0.9330 0.9330 0.9330
5.053064 0.9330 0.9340 0.9350 0.9350 0.9350
5.083000 0.9380 0.9380 0.9390 0.9410 0.9400
5.113064 0.9380 0.9350 0.9360 0.9350 0.9350
5.143000 0.9340 0.9330 0.9340 0.9350 0.9360
5.173064 0.9360 0.9380 0.9380 0.9360 0.9360
5.203000 0.9390 0.9400 0.9400 0.9400 0.9410
5.233064 0.9420 0.9420 0.9420 0.9440 0.9450
5.264000 0.9450 0.9420 0.9400 0.9400 0.9410
5.294064 0.9410 0.9410 0.9410 0.9410 0.9410
5.324000 0.9410 0.9410 0.9410 0.9410 0.9400
5.354064 0.9350 0.9310 0.9300 0.9310 0.9310
5.384000 0.9330 0.9340 0.9350 0.9360 0.9410
5.414064 0.9440 0.9460 0.9470 0.9500 0.9500
5.444000 0.9500 0.9470 0.9460 0.9460 0.9470
5.474064 0.9470 0.9500 0.9520 0.9520 0.9520
5.504000 0.9510 0.9520 0.9520 0.9530 0.9560
5.534064 0.9560 0.9520 0.9530 0.9560 0.9560
5.564000 0.9560 0.9560 0.9580 0.9580 0.9570
5.594064 0.9530 0.9520 0.9510 0.9500 0.9500
5.624000 0.9460 0.9450 0.9420 0.9420 0.9400
5.654064 0.9350 0.9290 0.9190 0.9170 0.9080
5.684000 0.8910 0.8860 0.8800 0.8680 0.8540
5.714064 0.8510 0.8320 0.8210 0.8160 0.8050
5.744000 0.7870 0.7530 0.7180 0.6730 0.6130
5.774064 0.5100 0.4450 0.3650 0.3540 0.3540
5.804000 0.3700 0.3700 0.3690 0.3300 0.2750
5.834064 0.2160 0.1850 0.1830 0.2170 0.3150
5.865000 0.4220 0.4780 0.4990 0.5350 0.5580
5.895064 0.5620 0.5690 0.5770 0.6000 0.6360
5.925000 0.6670 0.6800 0.7080 0.7360 0.7530
5.955064 0.7630 0.7720 0.7860 0.7870 0.7930
5.985000 0.8030 0.8060 0.8100 0.8110 0.8160
6.015064 0.8220 0.8230 0.8230 0.8250 0.8250
6.045000 0.8320 0.8320 0.8260 0.8260 0.8270
6.075064 0.8280 0.8290 0.8290 0.8290 0.8260
6.105000 0.8280 0.8280 0.8280 0.8270 0.8270
6.135064 0.8260 0.8260 0.8270 0.8290 0.8330
6.165000 0.8340 0.8350 0.8370 0.8420 0.8450
6.195064 0.8490 0.8500 0.8500 0.8520 0.8560
6.225000 0.8610 0.8650 0.8660 0.8670 0.8730
6.255064 0.8780 0.8800 0.8820 0.8830 0.8830
6.285000 0.8820 0.8790 0.8790 0.8820 0.8830
6.315064 0.8840 0.8830 0.8830 0.8840 0.8840
6.345000 0.8860 0.8860 0.8840 0.8840 0.8850
6.375064 0.8890 0.8900 0.8880 0.8880 0.8890
6.405000 0.8900 0.8950 0.8990 0.9000 0.9000
6.435064 0.9020 0.9050 0.9050 0.9020 0.9010
6.466000 0.9010 0.9010 0.9010 0.9040 0.9040
6.496064 0.9050 0.9110 0.9140 0.9140 0.9140
6.526000 0.9160 0.9140 0.9130 0.9130 0.9130
6.556064 0.9130 0.9140 0.9160 0.9170 0.9170
6.586000 0.9160 0.9140 0.9130 0.9130 0.9130
6.616064 0.9130 0.9130 0.9130 0.9140 0.9140
6.646000 0.9100 0.9060 0.9040 0.9000 0.8990
6.676064 0.9000 0.8990 0.8950 0.8910 0.8880
6.706000 0.8850 0.8840 0.8820 0.8790 0.8690
6.736064 0.8570 0.8480 0.8340 0.8310 0.8260
6.766000 0.8200 0.8110 0.8000 0.7860 0.7760
6.796064 0.7430 0.7030 0.6600 0.6300 0.6000
6.826000 0.5600 0.5040 0.4360 0.3930 0.3580
6.856064 0.3400 0.3320 0.3310 0.3310 0.3260
6.886000 0.3080 0.3080 0.3210 0.3690 0.4320
6.916064 0.5270 0.5770 0.6230 0.6560 0.6780
6.946000 0.6800 0.6800 0.6750 0.6730 0.6690
6.976064 0.6640 0.6540 0.6470 0.6330 0.6110
7.006000 0.5600 0.4980 0.4620 0.4150 0.3690
7.036064 0.3250 0.3000 0.2840 0.2830 0.3190
7.067000 0.4370 0.5060 0.5720 0.6140 0.6460
7.097064 0.6690 0.6930 0.7020 0.7090 0.7120
7.127000 0.7250 0.7370 0.7420 0.7430 0.7490
7.157064 0.7540 0.7630 0.7630 0.7590 0.7580
7.187000 0.7580 0.7590 0.7630 0.7690 0.7700
7.217064 0.7720 0.7780 0.7780 0.7710 0.7540
7.247000 0.7420 0.7180 0.6910 0.6600 0.6290
7.277064 0.5920 0.5510 0.5050 0.4500 0.4020
7.307000 0.3850 0.3850 0.4020 0.4430 0.4870
7.337064 0.5220 0.5600 0.6160 0.6540 0.6960
7.367000 0.7210 0.7590 0.7700 0.7860 0.8060
7.397064 0.8210 0.8320 0.8400 0.8440 0.8600
7.427000 0.8660 0.8710 0.8720 0.8730 0.8740
7.457064 0.8790 0.8800 0.8820 0.8820 0.8800
7.487000 0.8780 0.8760 0.8740 0.8740 0.8730
7.517064 0.8720 0.8710 0.8690 0.8660 0.8620
7.547000 0.8690 0.8670 0.8630 0.8590 0.8550
7.577064 0.8490 0.8490 0.8400 0.8330 0.8280
7.607000 0.8180 0.8120 0.8010 0.7880 0.7710
7.637064 0.7520 0.7420 0.7220 0.6980 0.6730
7.668000 0.6590 0.6390 0.5940 0.5680 0.5200
7.698064 0.4870 0.4390 0.3960 0.3570 0.3150
7.728000 0.2950 0.2800 0.2640 0.2640 0.2770
7.758064 0.2970 0.3230 0.3450 0.3510 0.3600
7.788000 0.3770 0.3760 0.3730 0.3660 0.3490
7.818064 0.3360 0.3180 0.3000 0.2720 0.2450
7.848000 0.2380 0.2290 0.2290 0.2490 0.2790
7.878064 0.3200 0.3480 0.3790 0.3880 0.3990
7.908000 0.4000 0.3940 0.3850 0.3490 0.3230
7.938064 0.2960 0.2560 0.2400 0.2110 0.1960
7.968000 0.1960 0.2010 0.2080 0.2290 0.2680
7.998064 0.2830 0.3090 0.3360 0.3790 0.3930
8.028000 0.4300 0.4610 0.4840 0.5090 0.5170
8.058064 0.5300 0.5400 0.5490 0.5610 0.5750
8.088000 0.5800 0.5920 0.6010 0.6080 0.6140
8.118064 0.6240 0.6290 0.6360 0.6430 0.6530
8.148000 0.6630 0.6730 0.6860 0.6870 0.6920
8.178064 0.6990 0.7050 0.7130 0.7130 0.7160
8.209000 0.7260 0.7310 0.7350 0.7370 0.7390
8.239064 0.7410 0.7490 0.7530 0.7580 0.7630
8.269000 0.7700 0.7750 0.7770 0.7820 0.7830
8.299064 0.7870 0.7940 0.7940 0.7950 0.7950
8.329000 0.7970 0.7990 0.7990 0.8010 0.8050
8.359064 0.8080 0.8080 0.8110 0.8140 0.8180
8.389000 0.8180 0.8180 0.8210 0.8230 0.8230
8.419064 0.8230 0.8250 0.8250 0.8250 0.8250
8.449000 0.8250 0.8250 0.8250 0.8230 0.8230
8.479064 0.8250 0.8250 0.8260 0.8260 0.8260
8.509000 0.8260 0.8260 0.8270 0.8280 0.8290
8.539064 0.8330 0.8350 0.8350 0.8370 0.8400
8.569000 0.8440 0.8440 0.8440 0.8450 0.8450
8.599064 0.8440 0.8420 0.8390 0.8390 0.8430
8.629000 0.8430 0.8430 0.8440 0.8440 0.8440
8.659064 0.8440 0.8430 0.8430 0.8420 0.8400
8.689000 0.8390 0.8340 0.8330 0.8310 0.8310
8.719064 0.8290 0.8310 0.8320 0.8340 0.8380
8.749000 0.8400 0.8420 0.8420 0.8420 0.8390
8.779064 0.8350 0.8350 0.8400 0.8420 0.8430
8.810000 0.8440 0.8490 0.8510 0.8540 0.8550
8.840064 0.8560 0.8570 0.8600 0.8600 0.8590
8.870000 0.8590 0.8590 0.8590 0.8600 0.8590
8.900064 0.8570 0.8560 0.8500 0.8430 0.8390
8.930000 0.8380 0.8340 0.8330 0.8310 0.8310
8.960064 0.8370 0.8430 0.8440 0.8450 0.8460
8.990000 0.8520 0.8550 0.8560 0.8590 0.8590
9.020064 0.8590 0.8600 0.8610 0.8620 0.8620
9.050000 0.8660 0.8630 0.8620 0.8600 0.8570
9.080064 0.8520 0.8500 0.8500 0.8450 0.8430
9.110000 0.8400 0.8380 0.8330 0.8230 0.8150
9.140064 0.8010 0.7930 0.7890 0.7880 0.7870
9.170000 0.7860 0.7840 0.7830 0.7820 0.7810
9.200064 0.7800 0.7720 0.7710 0.7650 0.7610
9.230000 0.7600 0.7600 0.7500 0.7380 0.7210
9.260064 0.7080 0.6700 0.6370 0.6010 0.5430
9.290000 0.4960 0.4640 0.3970 0.3570 0.3230
9.320064 0.2950 0.2800 0.2610 0.2600 0.2600
9.350000 0.2630 0.3090 0.3480 0.3860 0.4310
9.380064 0.4750 0.5120 0.5440 0.5840 0.6170
9.411000 0.6390 0.6630 0.6790 0.6910 0.7130
9.441064 0.7300 0.7480 0.7600 0.7640 0.7770
9.471000 0.7810 0.7840 0.7860 0.7890 0.7920
9.501064 0.7930 0.7980 0.8000 0.8060 0.8090
9.531000 0.8110 0.8120 0.8120 0.8170 0.8140
9.561064 0.8140 0.8140 0.8140 0.8140 0.8120
9.591000 0.8110 0.8120 0.8140 0.8140 0.8140
9.621064 0.8140 0.8140 0.8140 0.8140 0.8120
9.651000 0.8100 0.8040 0.8010 0.7940 0.7770
9.681064 0.7500 0.7240 0.7140 0.6910 0.6900
9.711000 0.6910 0.7020 0.7260 0.7580 0.7690
9.741064 0.7750 0.7890 0.7930 0.7950 0.7990
9.771000 0.8010 0.8040 0.8120 0.8170 0.8200
9.801064 0.8230 0.8290 0.8340 0.8340 0.8330
9.831000 0.8330 0.8330 0.8320 0.8310 0.8290
9.861064 0.8280 0.8270 0.8250 0.8230 0.8220
9.891000 0.8210 0.8180 0.8160 0.8150 0.8140
9.921064 0.8140 0.8140 0.8150 0.8150 0.8160
9.951000 0.8200 0.8210 0.8270 0.8280 0.8320
9.981064 0.8330 0.8340 0.8380 0.8420 0.8450
10.012000 0.8480 0.8490 0.8500 0.8600 0.8600
10.042064 0.8600 0.8600 0.8610 0.8610 0.8630
10.072000 0.8650 0.8670 0.8680 0.8690 0.8710
10.102064 0.8720 0.8790 0.8820 0.8820 0.8800
10.132000 0.8800 0.8800 0.8830 0.8820 0.8820
10.162064 0.8820 0.8820 0.8820 0.8820 0.8820
10.192000 0.8820 0.8830 0.8840 0.8850 0.8860
10.222064 0.8860 0.8860 0.8890 0.8900 0.8900
10.252000 0.8890 0.8860 0.8890 0.8900 0.8900
10.282064 0.8900 0.8900 0.8910 0.8900 0.8890
10.312000 0.8890 0.8860 0.8850 0.8840 0.8830
10.342064 0.8800 0.8720 0.8600 0.8600 0.8540
10.372000 0.8440 0.8340 0.8250 0.8050 0.7840
10.402064 0.7670 0.7550 0.7460 0.7440 0.7440
10.432000 0.7590 0.7730 0.7840 0.8000 0.8160
10.462064 0.8330 0.8340 0.8480 0.8550 0.8570
10.492000 0.8610 0.8670 0.8720 0.8780 0.8800
10.522064 0.8850 0.8880 0.8890 0.8890 0.8900
10.552000 0.8950 0.8960 0.8990 0.8990 0.9000
10.582064 0.8940 0.8940 0.8990 0.9010 0.9000
10.613000 0.9010 0.9020 0.9060 0.9070 0.9080
10.643064 0.9080 0.9070 0.9060 0.9060 0.9050
10.673000 0.9050 0.9060 0.9060 0.9070 0.9070
10.703064 0.9050 0.9010 0.9010 0.9010 0.9050
10.733000 0.9070 0.9070 0.9070 0.9060 0.9000
10.763064 0.9000 0.9050 0.9050 0.9050 0.9040
10.793000 0.9040 0.9050 0.9040 0.9050 0.9060
10.823064 0.9080 0.9100 0.9100 0.9130 0.9130
10.853000 0.9130 0.9120 0.9120 0.9120 0.9110
10.883064 0.9110 0.9110 0.9110 0.9130 0.9130
10.913000 0.9130 0.9130 0.9130 0.9130 0.9130
10.943064 0.9130 0.9130 0.9130 0.9130 0.9130
10.973000 0.9130 0.9130 0.9130 0.9130 0.9120
11.003064 0.9110 0.9100 0.9060 0.9020 0.9010
11.033000 0.9010 0.9010 0.8990 0.8910 0.8820
11.063064 0.8730 0.8690 0.8570 0.8440 0.8390
11.093000 0.8340 0.8310 0.8290 0.8290 0.8310
11.123064 0.8390 0.8440 0.8490 0.8560 0.8630
11.153000 0.8690 0.8760 0.8780 0.8790 0.8830
11.183064 0.8860 0.8880 0.8900 0.9000 0.9010
11.214000 0.9000 0.8970 0.8970 0.9000 0.9000
11.244064 0.9020 0.9040 0.9040 0.9020 0.9060
11.274000 0.9100 0.9100 0.9100 0.9100 0.9070
11.304064 0.9070 0.9100 0.9110 0.9120 0.9120
11.334000 0.9120 0.9120 0.9130 0.9160 0.9160
11.364064 0.9110 0.9110 0.9160 0.9160 0.9160
11.394000 0.9180 0.9230 0.9230 0.9190 0.9180
11.424064 0.9160 0.9160 0.9130 0.9130 0.9160
11.454000 0.9170 0.9180 0.9180 0.9190 0.9210
11.484064 0.9220 0.9230 0.9230 0.9210 0.9210
11.514000 0.9210 0.9210 0.9210 0.9220 0.9230
11.544064 0.9230 0.9210 0.9210 0.9240 0.9220
11.574000 0.9230 0.9230 0.9230 0.9220 0.9240
11.604064 0.9240 0.9250 0.9270 0.9290 0.9300
11.634000 0.9330 0.9330 0.9310 0.9300 0.9300
11.664064 0.9290 0.9300 0.9300 0.9300 0.9330
11.694000 0.9350 0.9350 0.9330 0.9300 0.9290
11.724064 0.9290 0.9290 0.9290 0.9310 0.9350
11.755000 0.9380 0.9380 0.9380 0.9380 0.9350
11.785064 0.9390 0.9380 0.9360 0.9350 0.9300
11.815000 0.9250 0.9250 0.9310 0.9310 0.9290
11.845064 0.9290 0.9300 0.9300 0.9300 0.9300
11.875000 0.9310 0.9310 0.9330 0.9340 0.9350
11.905064 0.9360 0.9380 0.9380 0.9390 0.9390
11.935000 0.9390 0.9400 0.9390 0.9390 0.9380
11.965064 0.9310 0.9310 0.9340 0.9340 0.9350
11.995000 0.9360 0.9390 0.9400 0.9410 0.9400
12.025064 0.9340 0.9340 0.9360 0.9390 0.9390
12.055000 0.9390 0.9350 0.9350 0.9390 0.9390
12.085064 0.9390 0.9360 0.9410 0.9420 0.9400
12.115000 0.9350 0.9350 0.9350 0.9340 0.9310
12.145064 0.9310 0.9390 0.9380 0.9360 0.9350
12.175000 0.9340 0.9340 0.9340 0.9310 0.9310
12.205064 0.9340 0.9340 0.9340 0.9340 0.9330
12.235000 0.9310 0.9310 0.9310 0.9340 0.9350
12.265064 0.9350 0.9380 0.9390 0.9390 0.9400
12.295000 0.9390 0.9360 0.9330 0.9330 0.9300
12.325064 0.9290 0.9290 0.9290 0.9290 0.9340
12.356000 0.9350 0.9350 0.9350 0.9340 0.9310
12.386064 0.9310 0.9310 0.9330 0.9330 0.9290
12.416000 0.9290 0.9310 0.9330 0.9330 0.9340
12.446064 0.9340 0.9340 0.9340 0.9340 0.9340
12.476000 0.9310 0.9300 0.9290 0.9290 0.9290
12.506064 0.9280 0.9290 0.9340 0.9340 0.9330
12.536000 0.9290 0.9290 0.9300 0.9310 0.9310
12.566064 0.9300 0.9290 0.9290 0.9290 0.9310
12.596000 0.9310 0.9290 0.9250 0.9240 0.9180
12.626064 0.9080 0.9080 0.9100 0.9100 0.9100
12.656000 0.9080 0.9080 0.9080 0.9110 0.9140
12.686064 0.9170 0.9180 0.9190 0.9220 0.9230
12.716000 0.9240 0.9240 0.9240 0.9270 0.9270
12.746064 0.9270 0.9290 0.9310 0.9310 0.9300
12.776000 0.9280 0.9280 0.9290 0.9290 0.9280
12.806064 0.9270 0.9280 0.9280 0.9300 0.9300
12.836000 0.9310 0.9300 0.9290 0.9270 0.9270
12.866064 0.9280 0.9290 0.9300 0.9300 0.9340
12.896000 0.9350 0.9350 0.9340 0.9330 0.9310
12.926064 0.9300 0.9300 0.9300 0.9330 0.9330
12.957000 0.9290 0.9290 0.9290 0.9290 0.9280
12.987064 0.9280 0.9330 0.9330 0.9300 0.9290
13.017000 0.9290 0.9290 0.9290 0.9280 0.9250
13.047064 0.9220 0.9220 0.9230 0.9240 0.9280
13.077000 0.9290 0.9270 0.9270 0.9240 0.9190
13.107064 0.9190 0.9170 0.9140 0.9120 0.9120
13.137000 0.9120 0.9120 0.9110 0.8970 0.8900
13.167064 0.8790 0.8680 0.8510 0.8200 0.8030
13.197000 0.7930 0.7760 0.7710 0.7700 0.7710
13.227064 0.7760 0.7870 0.7990 0.8150 0.8310
13.257000 0.8380 0.8440 0.8500 0.8520 0.8570
13.287064 0.8590 0.8650 0.8770 0.8830 0.8880
13.317000 0.8900 0.8900 0.8910 0.8930 0.8950
13.347064 0.8990 0.8990 0.8990 0.9000 0.8990
13.377000 0.8990 0.8970 0.8970 0.9000 0.9000
13.407064 0.8960 0.8990 0.8990 0.8990 0.8990
13.437000 0.8990 0.8950 0.8910 0.8880 0.8850
13.467064 0.8840 0.8830 0.8820 0.8820 0.8820
13.497000 0.8790 0.8740 0.8710 0.8690 0.8600
13.527064 0.8510 0.8490 0.8340 0.8140 0.7910
13.558000 0.7720 0.7600 0.7490 0.7420 0.7320
13.588064 0.7240 0.7150 0.7140 0.7150 0.7180
13.618000 0.7290 0.7380 0.7500 0.7580 0.7650
13.648064 0.7730 0.7860 0.7880 0.8050 0.8180
13.678000 0.8220 0.8290 0.8320 0.8390 0.8490
13.708064 0.8520 0.8590 0.8660 0.8680 0.8690
13.738000 0.8740 0.8790 0.8820 0.8850 0.8860
13.768064 0.8890 0.8890 0.8900 0.8930 0.8950
13.798000 0.9000 0.9020 0.9020 0.9050 0.9050
13.828064 0.9020 0.9000 0.8970 0.9020 0.9020
13.858000 0.8990 0.8990 0.9000 0.9010 0.9020
13.888064 0.9040 0.9050 0.9060 0.9080 0.9100
13.918000 0.9100 0.9100 0.9110 0.9130 0.9130
13.948064 0.9110 0.9110 0.9080 0.9080 0.9110
13.978000 0.9120 0.9120 0.9130 0.9120 0.9130
14.008064 0.9130 0.9160 0.9170 0.9160 0.9110
14.038000 0.9110 0.9110 0.9110 0.9120 0.9130
14.068064 0.9130 0.9130 0.9130 0.9130 0.9160
14.098000 0.9170 0.9180 0.9180 0.9180 0.9160
14.128064 0.9140 0.9140 0.9130 0.9130 0.9140
14.159000 0.9140 0.9140 0.9140 0.9160 0.9180
14.189064 0.9180 0.9180 0.9180 0.9180 0.9180
14.219000 0.9180 0.9180 0.9180 0.9170 0.9160
14.249064 0.9130 0.9110 0.9110 0.9100 0.9110
14.279000 0.9110 0.9110 0.9140 0.9160 0.9160
14.309064 0.9170 0.9160 0.9160 0.9140 0.9120
14.339000 0.9120 0.9110 0.9080 0.9050 0.9040
14.369064 0.9050 0.9060 0.9060 0.9080 0.9100
14.399000 0.9100 0.9080 0.9080 0.9080 0.9080
14.429064 0.9070 0.9070 0.9060 0.9050 0.9040
14.459000 0.9000 0.8990 0.8990 0.9010 0.9020
14.489064 0.9040 0.9060 0.9080 0.9100 0.9110
14.519000 0.9110 0.9100 0.9080 0.9070 0.9060
14.549064 0.9010 0.8960 0.8970 0.9000 0.9020
14.579000 0.9020 0.9000 0.9000 0.9040 0.9040
14.609064 0.9040 0.9020 0.9020 0.9020 0.9040
14.639000 0.9040 0.9000 0.9000 0.9000 0.9000
14.669064 0.9000 0.8970 0.8960 0.8970 0.8990
14.699000 0.9010 0.9000 0.9000 0.8990 0.9040
14.729064 0.9040 0.9020 0.8970 0.8940 0.8930
14.760000 0.8910 0.8850 0.8790 0.8800 0.8800
14.790064 0.8770 0.8730 0.8730 0.8710 0.8730
14.820000 0.8720 0.8710 0.8660 0.8550 0.8460
14.850064 0.8390 0.8350 0.8310 0.8210 0.8090
14.880000 0.7990 0.7810 0.7550 0.7410 0.7350
14.910064 0.7180 0.6980 0.6800 0.6630 0.6510
14.940000 0.6420 0.6370 0.6300 0.6250 0.6230
14.970064 0.6200 0.6190 0.6190 0.6220 0.6220
15.000000 0.6200 0.6190 0.6110 0.6030 0.5830
15.030064 0.5650 0.5520 0.5380 0.5230 0.5100
15.060000 0.5010 0.4990 0.4950 0.4950 0.4960
15.090064 0.5030 0.5210 0.5270 0.5400 0.5630
15.120000 0.5780 0.6010 0.6010 0.6250 0.6580
15.150064 0.6840 0.6850 0.6950 0.7070 0.7200
15.180000 0.7250 0.7320 0.7490 0.7540 0.7600
15.210064 0.7660 0.7700 0.7720 0.7770 0.7830
15.240000 0.7920 0.8000 0.8060 0.8100 0.8150
15.270064 0.8180 0.8220 0.8250 0.8280 0.8290
15.301000 0.8290 0.8310 0.8320 0.8340 0.8370
15.331064 0.8380 0.8390 0.8450 0.8460 0.8480
15.361000 0.8500 0.8500 0.8500
##END=
