##TITLE=SILICON TETRACHLORIDE
##JCAMP-DX=4.24
##DATA TYPE=INFRARED SPECTRUM
##CLASS=COBLENTZ
##ORIGIN=DOW CORNING CORP.
##OWNER=COBLENTZ SOCIETY
Collection (C) 2018 copyright by the U.S. Secretary of Commerce
on behalf of the United States of America. All rights reserved.
##DATE=1966/02/05
##NAMES=tetrachlorosilane
TETRACHLOROSILANE
##CAS REGISTRY NO=10026-04-7
##MOLFORM=Cl4 Si
##BP=57.6 C
##SOURCE REFERENCE=COBLENTZ NO. 5611
##$NIST SOURCE=COBLENTZ
##$NIST IMAGE=cob5611
##SPECTROMETER/DATA SYSTEM=PERKIN-ELMER 521 (GRATING)
##INSTRUMENT PARAMETERS=FILTERS AT 3150, 2500, 2000, 1150, 700, 410. GRATING CHANGES: 2000, 630 CM^-^1
##STATE=SOLUTION (2% IN CCl4 FOR 700-500 CM^-^1)
##PATH LENGTH=0.010 CM
##SAMPLING PROCEDURE=TRANSMISSION
##RESOLUTION=2
##DATA PROCESSING=DIGITIZED BY NIST FROM HARD COPY
##XUNITS=1/CM
##YUNITS=TRANSMITTANCE
##XFACTOR=1.000000
##YFACTOR=1
##DELTAX=000.941176
##FIRSTX=493.176
##LASTX=692.706
##FIRSTY=0.787
##MAXX=692.706
##MINX=493.176
##MAXY=0.787
##MINY=0.01
##NPOINTS=213
##XYDATA=(X++(Y..Y))
493.176000 0.7870 0.7870 0.7870 0.7870 0.7870
497.904185 0.7870 0.7870 0.7870 0.7870 0.7870
502.588000 0.7870 0.7870 0.7870 0.7870 0.7870
507.316185 0.7870 0.7870 0.7850 0.7850 0.7850
512.000000 0.7840 0.7840 0.7840 0.7830 0.7830
516.728185 0.7820 0.7820 0.7800 0.7800 0.7800
521.412000 0.7790 0.7790 0.7790 0.7790 0.7790
526.140185 0.7780 0.7780 0.7780 0.7780 0.7780
530.824000 0.7780 0.7780 0.7780 0.7760 0.7760
535.552185 0.7760 0.7760 0.7760 0.7760 0.7760
540.235000 0.7760 0.7780 0.7780 0.7790 0.7790
544.963185 0.7790 0.7790 0.7790 0.7790 0.7800
549.647000 0.7800 0.7800 0.7800 0.7800 0.7800
554.375185 0.7800 0.7800 0.7800 0.7800 0.7800
559.059000 0.7790 0.7790 0.7780 0.7780 0.7760
563.787185 0.7760 0.7750 0.7740 0.7730 0.7730
568.471000 0.7730 0.7710 0.7710 0.7690 0.7680
573.199185 0.7660 0.7650 0.7640 0.7620 0.7610
577.882000 0.7600 0.7590 0.7570 0.7560 0.7420
582.610185 0.7400 0.7350 0.7240 0.7140 0.7030
587.294000 0.6930 0.6830 0.6740 0.6550 0.6170
592.022185 0.5890 0.5700 0.5480 0.5250 0.4820
596.706000 0.4550 0.4230 0.3490 0.2210 0.2000
601.434185 0.1780 0.1570 0.1150 0.0930 0.0730
606.118000 0.0510 0.0260 0.0190 0.0120 0.0100
610.846185 0.0110 0.0190 0.0260 0.0340 0.0790
615.529000 0.1080 0.1360 0.2090 0.2880 0.3680
620.257185 0.4470 0.4790 0.4950 0.5100 0.5520
624.941000 0.6050 0.6240 0.6430 0.6560 0.6660
629.669185 0.6670 0.6670 0.6670 0.6650 0.6650
634.353000 0.6610 0.6500 0.6400 0.6330 0.6240
639.081185 0.6140 0.6050 0.5950 0.5950 0.5960
643.765000 0.6000 0.6030 0.6040 0.6150 0.6220
648.493185 0.6270 0.6380 0.7180 0.7350 0.7360
653.176000 0.7370 0.7380 0.7400 0.7410 0.7420
657.904185 0.7430 0.7450 0.7450 0.7450 0.7460
662.588000 0.7460 0.7460 0.7460 0.7460 0.7460
667.316185 0.7460 0.7460 0.7460 0.7450 0.7450
672.000000 0.7450 0.7450 0.7430 0.7430 0.7430
676.728185 0.7430 0.7430 0.7420 0.7420 0.7420
681.412000 0.7420 0.7420 0.7420 0.7410 0.7400
686.140185 0.7400 0.7380 0.7370 0.7350 0.7350
690.824000 0.7330 0.7320 0.7300
##END=
