##TITLE=CIS-1,4-(CYCLOHEXANE BIS(METHYLAMINE)
##JCAMP-DX=4.24
##DATA TYPE=INFRARED SPECTRUM
##CLASS=COBLENTZ
##ORIGIN=TENNESSEE EASTMAN COMPANY, RESEARCH LABORATORIES
##OWNER=COBLENTZ SOCIETY
Collection (C) 2018 copyright by the U.S. Secretary of Commerce
on behalf of the United States of America. All rights reserved.
##DATE=Not specified, most likely prior to 1970
##NAMES=[4-(aminomethyl)cyclohexyl]methylamine
##CAS REGISTRY NO=10029-09-1
##MOLFORM=C8 H18 N2
##SOURCE REFERENCE=COBLENTZ NO. 1892
##$NIST SOURCE=COBLENTZ
##$NIST IMAGE=cob1892
##SPECTROMETER/DATA SYSTEM=Not specified, most likely a prism, grating, or hybrid spectrometer.
##PATH LENGTH=SMEAR
##SAMPLING PROCEDURE=TRANSMISSION
##RESOLUTION=4
##DATA PROCESSING=DIGITIZED BY NIST FROM HARD COPY
##XUNITS=MICROMETERS
##YUNITS=TRANSMITTANCE
##XFACTOR=1.000000
##YFACTOR=1
##DELTAX=000.006823
##FIRSTX=2.007
##LASTX=15.9998
##FIRSTY=0.988
##MAXX=15.9998
##MINX=2.007
##MAXY=0.996
##MINY=0.011
##NPOINTS=2052
##XYDATA=(X++(Y..Y))
2.007000 0.9880 0.9890 0.9890 0.9890 0.9890
2.041130 0.9890 0.9910 0.9930 0.9930 0.9930
2.075000 0.9940 0.9940 0.9940 0.9960 0.9960
2.109130 0.9960 0.9960 0.9960 0.9960 0.9960
2.143000 0.9960 0.9960 0.9960 0.9960 0.9960
2.177130 0.9960 0.9960 0.9960 0.9960 0.9960
2.212000 0.9940 0.9930 0.9930 0.9910 0.9890
2.246130 0.9890 0.9880 0.9810 0.9770 0.9740
2.280000 0.9670 0.9650 0.9590 0.9570 0.9480
2.314130 0.9430 0.9400 0.9380 0.9380 0.9380
2.348000 0.9380 0.9380 0.9380 0.9400 0.9400
2.382130 0.9410 0.9410 0.9430 0.9430 0.9450
2.416000 0.9450 0.9470 0.9480 0.9500 0.9520
2.450130 0.9530 0.9530 0.9550 0.9590 0.9600
2.484000 0.9600 0.9600 0.9620 0.9620 0.9620
2.518130 0.9620 0.9640 0.9640 0.9650 0.9670
2.553000 0.9670 0.9670 0.9670 0.9670 0.9670
2.587130 0.9670 0.9670 0.9670 0.9650 0.9650
2.621000 0.9650 0.9650 0.9650 0.9650 0.9650
2.655130 0.9650 0.9650 0.9670 0.9670 0.9670
2.689000 0.9670 0.9670 0.9670 0.9670 0.9670
2.723130 0.9650 0.9640 0.9640 0.9640 0.9620
2.757000 0.9600 0.9590 0.9590 0.9570 0.9550
2.791130 0.9520 0.9500 0.9480 0.9470 0.9430
2.826000 0.9400 0.9380 0.9380 0.9360 0.9330
2.860130 0.9300 0.9260 0.9230 0.9160 0.9070
2.894000 0.9010 0.8950 0.8820 0.8650 0.8460
2.928130 0.8030 0.7640 0.6790 0.5920 0.5490
2.962000 0.5000 0.4910 0.4910 0.5050 0.5440
2.996130 0.5520 0.5800 0.5870 0.5870 0.5490
3.030000 0.5010 0.4790 0.4650 0.4600 0.4690
3.064130 0.4860 0.5150 0.5590 0.5850 0.6050
3.098000 0.6210 0.6330 0.6410 0.6480 0.6530
3.132130 0.6580 0.6650 0.6770 0.6940 0.7090
3.167000 0.7260 0.7520 0.7640 0.7910 0.8100
3.201130 0.8220 0.8340 0.8430 0.8490 0.8540
3.235000 0.8600 0.8610 0.8660 0.8680 0.8680
3.269130 0.8680 0.8680 0.8680 0.8630 0.8610
3.303000 0.8540 0.8460 0.8270 0.8120 0.7860
3.337130 0.7540 0.7080 0.6050 0.5150 0.4190
3.371000 0.3650 0.1910 0.1550 0.0300 0.0110
3.405130 0.0110 0.0110 0.0180 0.0300 0.0460
3.440000 0.0560 0.0610 0.0630 0.0610 0.0510
3.474130 0.0470 0.0420 0.0470 0.0710 0.1050
3.508000 0.1620 0.2150 0.2730 0.3250 0.3780
3.542130 0.4310 0.4890 0.5540 0.6000 0.6260
3.576000 0.6500 0.6550 0.6600 0.6670 0.6670
3.610130 0.6620 0.6600 0.6580 0.6580 0.6600
3.644000 0.6740 0.6860 0.6960 0.7110 0.7200
3.678130 0.7300 0.7330 0.7380 0.7450 0.7490
3.712000 0.7550 0.7590 0.7610 0.7640 0.7640
3.746130 0.7640 0.7660 0.7660 0.7660 0.7660
3.781000 0.7660 0.7690 0.7790 0.7900 0.8000
3.815130 0.8130 0.8200 0.8250 0.8290 0.8320
3.849000 0.8390 0.8440 0.8510 0.8610 0.8680
3.883130 0.8750 0.8820 0.8890 0.8940 0.8970
3.917000 0.9010 0.9010 0.9020 0.9020 0.9020
3.951130 0.9020 0.9040 0.9040 0.9040 0.9040
3.985000 0.9060 0.9070 0.9120 0.9160 0.9190
4.019130 0.9190 0.9230 0.9240 0.9240 0.9260
4.054000 0.9260 0.9260 0.9280 0.9280 0.9300
4.088130 0.9300 0.9310 0.9310 0.9310 0.9310
4.122000 0.9310 0.9330 0.9330 0.9330 0.9330
4.156130 0.9330 0.9350 0.9350 0.9350 0.9360
4.190000 0.9380 0.9380 0.9400 0.9400 0.9410
4.224130 0.9410 0.9410 0.9410 0.9400 0.9400
4.258000 0.9400 0.9400 0.9400 0.9400 0.9400
4.292130 0.9400 0.9400 0.9400 0.9400 0.9410
4.327000 0.9410 0.9400 0.9400 0.9400 0.9400
4.361130 0.9400 0.9400 0.9400 0.9400 0.9400
4.395000 0.9400 0.9400 0.9400 0.9400 0.9400
4.429130 0.9400 0.9400 0.9400 0.9400 0.9400
4.463000 0.9400 0.9400 0.9400 0.9400 0.9400
4.497130 0.9410 0.9410 0.9410 0.9410 0.9410
4.531000 0.9410 0.9410 0.9410 0.9430 0.9430
4.565130 0.9450 0.9450 0.9450 0.9450 0.9450
4.599000 0.9450 0.9450 0.9450 0.9450 0.9450
4.633130 0.9430 0.9430 0.9430 0.9430 0.9430
4.668000 0.9430 0.9430 0.9430 0.9410 0.9410
4.702130 0.9410 0.9410 0.9410 0.9410 0.9410
4.736000 0.9410 0.9410 0.9410 0.9410 0.9410
4.770130 0.9410 0.9410 0.9410 0.9410 0.9410
4.804000 0.9430 0.9430 0.9430 0.9430 0.9450
4.838130 0.9450 0.9450 0.9450 0.9450 0.9450
4.872000 0.9450 0.9430 0.9430 0.9430 0.9430
4.906130 0.9410 0.9410 0.9410 0.9410 0.9410
4.941000 0.9410 0.9410 0.9410 0.9410 0.9410
4.975130 0.9410 0.9410 0.9410 0.9410 0.9410
5.009000 0.9410 0.9410 0.9410 0.9400 0.9400
5.043130 0.9400 0.9400 0.9380 0.9380 0.9360
5.077000 0.9330 0.9330 0.9310 0.9310 0.9310
5.111130 0.9300 0.9280 0.9280 0.9280 0.9280
5.145000 0.9280 0.9280 0.9280 0.9280 0.9280
5.179130 0.9280 0.9280 0.9280 0.9280 0.9280
5.213000 0.9280 0.9280 0.9260 0.9260 0.9260
5.247130 0.9240 0.9240 0.9230 0.9210 0.9210
5.282000 0.9210 0.9210 0.9210 0.9210 0.9210
5.316130 0.9230 0.9230 0.9230 0.9230 0.9230
5.350000 0.9230 0.9230 0.9230 0.9240 0.9240
5.384130 0.9260 0.9260 0.9260 0.9260 0.9260
5.418000 0.9260 0.9280 0.9280 0.9280 0.9280
5.452130 0.9280 0.9280 0.9280 0.9280 0.9280
5.486000 0.9280 0.9280 0.9280 0.9280 0.9280
5.520130 0.9280 0.9280 0.9280 0.9280 0.9280
5.555000 0.9280 0.9280 0.9280 0.9280 0.9280
5.589130 0.9280 0.9280 0.9280 0.9260 0.9260
5.623000 0.9260 0.9260 0.9260 0.9230 0.9210
5.657130 0.9180 0.9180 0.9160 0.9120 0.9110
5.691000 0.9090 0.9070 0.9070 0.9010 0.8970
5.725130 0.8920 0.8900 0.8890 0.8830 0.8820
5.759000 0.8800 0.8750 0.8730 0.8720 0.8720
5.793130 0.8720 0.8720 0.8700 0.8700 0.8680
5.827000 0.8680 0.8660 0.8650 0.8610 0.8600
5.861130 0.8580 0.8580 0.8510 0.8490 0.8440
5.896000 0.8390 0.8370 0.8370 0.8360 0.8340
5.930130 0.8310 0.8240 0.8130 0.8080 0.8000
5.964000 0.7980 0.7900 0.7880 0.7830 0.7730
5.998130 0.7610 0.7520 0.7400 0.7330 0.7280
6.032000 0.7250 0.7150 0.7040 0.6970 0.6840
6.066130 0.6600 0.6480 0.6310 0.6190 0.6090
6.100000 0.5980 0.5850 0.5760 0.5490 0.5340
6.134130 0.5130 0.4960 0.4860 0.4740 0.4600
6.169000 0.4450 0.4380 0.4350 0.4280 0.4160
6.203130 0.4090 0.4060 0.4020 0.4010 0.4010
6.237000 0.4010 0.4010 0.4010 0.4020 0.4040
6.271130 0.4060 0.4190 0.4300 0.4350 0.4470
6.305000 0.4550 0.4650 0.4760 0.4880 0.5010
6.339130 0.5130 0.5290 0.5420 0.5560 0.5640
6.373000 0.5760 0.5810 0.5850 0.5950 0.6000
6.407130 0.6170 0.6390 0.6500 0.6600 0.6670
6.442000 0.6700 0.6720 0.6740 0.6750 0.6790
6.476130 0.6870 0.6970 0.7150 0.7200 0.7230
6.510000 0.7320 0.7330 0.7350 0.7370 0.7370
6.544130 0.7380 0.7400 0.7440 0.7470 0.7500
6.578000 0.7550 0.7590 0.7620 0.7620 0.7640
6.612130 0.7660 0.7660 0.7670 0.7670 0.7690
6.646000 0.7690 0.7710 0.7710 0.7690 0.7670
6.680130 0.7670 0.7660 0.7610 0.7520 0.7450
6.714000 0.7330 0.7200 0.7010 0.6820 0.6600
6.748130 0.6340 0.6070 0.5780 0.5490 0.5150
6.783000 0.5030 0.4960 0.4910 0.4860 0.4820
6.817130 0.4790 0.4760 0.4620 0.4400 0.4090
6.851000 0.3680 0.2790 0.2200 0.2150 0.2150
6.885130 0.2200 0.2490 0.3020 0.3560 0.4120
6.919000 0.4700 0.5270 0.5800 0.6270 0.6700
6.953130 0.7040 0.7210 0.7350 0.7490 0.7620
6.987000 0.7670 0.7740 0.7790 0.7810 0.7830
7.021130 0.7840 0.7880 0.7900 0.7930 0.7950
7.056000 0.7950 0.7950 0.7960 0.7960 0.7960
7.090130 0.7960 0.7900 0.7830 0.7760 0.7640
7.124000 0.7570 0.7330 0.7210 0.7030 0.6820
7.158130 0.6550 0.6340 0.6240 0.6140 0.6070
7.192000 0.6040 0.6000 0.5970 0.5970 0.5970
7.226130 0.5980 0.6100 0.6210 0.6270 0.6290
7.260000 0.6360 0.6380 0.6380 0.6390 0.6390
7.294130 0.6390 0.6410 0.6410 0.6410 0.6450
7.328000 0.6450 0.6480 0.6510 0.6510 0.6500
7.362130 0.6480 0.6390 0.6290 0.6170 0.6050
7.397000 0.5970 0.5950 0.5930 0.5930 0.5970
7.431130 0.6240 0.6480 0.6630 0.6800 0.6920
7.465000 0.6990 0.7030 0.7130 0.7150 0.7180
7.499130 0.7200 0.7230 0.7260 0.7300 0.7370
7.533000 0.7370 0.7500 0.7570 0.7620 0.7660
7.567130 0.7660 0.7660 0.7660 0.7660 0.7660
7.601000 0.7660 0.7660 0.7660 0.7660 0.7660
7.635130 0.7660 0.7660 0.7660 0.7660 0.7660
7.670000 0.7660 0.7660 0.7660 0.7640 0.7640
7.704130 0.7640 0.7660 0.7660 0.7660 0.7660
7.738000 0.7620 0.7540 0.7470 0.7400 0.7380
7.772130 0.7350 0.7330 0.7300 0.7230 0.7160
7.806000 0.7150 0.7110 0.7110 0.7090 0.7090
7.840130 0.7090 0.7110 0.7150 0.7160 0.7180
7.874000 0.7210 0.7250 0.7300 0.7350 0.7370
7.908130 0.7380 0.7380 0.7400 0.7400 0.7440
7.942000 0.7440 0.7470 0.7500 0.7520 0.7590
7.976130 0.7640 0.7730 0.7780 0.7840 0.7880
8.011000 0.7900 0.7930 0.7950 0.7960 0.8000
8.045130 0.8020 0.8020 0.8030 0.8030 0.8050
8.079000 0.8070 0.8070 0.8080 0.8080 0.8100
8.113130 0.8100 0.8100 0.8120 0.8130 0.8130
8.147000 0.8130 0.8150 0.8170 0.8170 0.8170
8.181130 0.8170 0.8170 0.8170 0.8170 0.8170
8.215000 0.8150 0.8150 0.8120 0.8100 0.8080
8.249130 0.8020 0.8000 0.7980 0.7980 0.7960
8.284000 0.7930 0.7910 0.7900 0.7790 0.7780
8.318130 0.7780 0.7780 0.7760 0.7760 0.7740
8.352000 0.7730 0.7710 0.7690 0.7670 0.7670
8.386130 0.7660 0.7620 0.7590 0.7540 0.7540
8.420000 0.7500 0.7470 0.7450 0.7400 0.7400
8.454130 0.7400 0.7440 0.7490 0.7500 0.7570
8.488000 0.7610 0.7660 0.7690 0.7730 0.7780
8.522130 0.7790 0.7830 0.7860 0.7860 0.7880
8.557000 0.7900 0.7900 0.7910 0.7910 0.7910
8.591130 0.7900 0.7900 0.7900 0.7900 0.7880
8.625000 0.7880 0.7840 0.7830 0.7810 0.7790
8.659130 0.7790 0.7760 0.7760 0.7730 0.7670
8.693000 0.7660 0.7640 0.7640 0.7640 0.7610
8.727130 0.7610 0.7590 0.7590 0.7570 0.7570
8.761000 0.7540 0.7500 0.7500 0.7490 0.7470
8.795130 0.7450 0.7420 0.7400 0.7400 0.7380
8.829000 0.7380 0.7370 0.7320 0.7300 0.7260
8.863130 0.7210 0.7160 0.7080 0.7030 0.6990
8.898000 0.6920 0.6890 0.6870 0.6860 0.6790
8.932130 0.6770 0.6700 0.6670 0.6620 0.6580
8.966000 0.6560 0.6510 0.6480 0.6480 0.6430
9.000130 0.6380 0.6360 0.6310 0.6290 0.6260
9.034000 0.6260 0.6240 0.6240 0.6240 0.6240
9.068130 0.6240 0.6220 0.6210 0.6170 0.6120
9.102000 0.6090 0.6020 0.5970 0.5970 0.5870
9.136130 0.5810 0.5780 0.5760 0.5760 0.5760
9.171000 0.5760 0.5750 0.5730 0.5730 0.5690
9.205130 0.5660 0.5630 0.5520 0.5470 0.5370
9.239000 0.5290 0.5130 0.5030 0.4930 0.4840
9.273130 0.4740 0.4640 0.4520 0.4400 0.4330
9.307000 0.4240 0.4180 0.4160 0.4160 0.4160
9.341130 0.4180 0.4210 0.4260 0.4300 0.4350
9.375000 0.4430 0.4570 0.4600 0.4700 0.4770
9.409130 0.4860 0.4960 0.5060 0.5130 0.5230
9.443000 0.5340 0.5440 0.5520 0.5680 0.5780
9.477130 0.5870 0.5920 0.5980 0.6020 0.6120
9.512000 0.6160 0.6170 0.6170 0.6140 0.6140
9.546130 0.6120 0.6090 0.6040 0.5970 0.5880
9.580000 0.5780 0.5760 0.5680 0.5630 0.5520
9.614130 0.5460 0.5400 0.5400 0.5390 0.5390
9.648000 0.5370 0.5350 0.5350 0.5350 0.5350
9.682130 0.5350 0.5350 0.5340 0.5320 0.5300
9.716000 0.5300 0.5300 0.5350 0.5390 0.5460
9.750130 0.5560 0.5560 0.5760 0.5810 0.5930
9.785000 0.6040 0.6170 0.6270 0.6390 0.6480
9.819130 0.6530 0.6580 0.6670 0.6750 0.6790
9.853000 0.6800 0.6820 0.6860 0.6860 0.6870
9.887130 0.6870 0.6870 0.6890 0.6890 0.6870
9.921000 0.6860 0.6860 0.6800 0.6800 0.6770
9.955130 0.6750 0.6680 0.6670 0.6630 0.6620
9.989000 0.6580 0.6550 0.6510 0.6480 0.6450
10.023130 0.6430 0.6410 0.6390 0.6380 0.6310
10.058000 0.6290 0.6240 0.6170 0.6140 0.6070
10.092130 0.6000 0.5970 0.5880 0.5830 0.5750
10.126000 0.5660 0.5540 0.5490 0.5440 0.5340
10.160130 0.5250 0.5150 0.5030 0.5000 0.4940
10.194000 0.4890 0.4820 0.4770 0.4720 0.4690
10.228130 0.4650 0.4590 0.4530 0.4500 0.4480
10.262000 0.4470 0.4470 0.4400 0.4380 0.4360
10.296130 0.4350 0.4350 0.4330 0.4310 0.4300
10.330000 0.4300 0.4280 0.4260 0.4240 0.4230
10.364130 0.4210 0.4210 0.4210 0.4210 0.4210
10.399000 0.4210 0.4210 0.4230 0.4260 0.4280
10.433130 0.4300 0.4310 0.4330 0.4350 0.4400
10.467000 0.4400 0.4410 0.4410 0.4430 0.4450
10.501130 0.4480 0.4480 0.4480 0.4480 0.4480
10.535000 0.4500 0.4520 0.4550 0.4570 0.4590
10.569130 0.4590 0.4600 0.4620 0.4650 0.4670
10.603000 0.4690 0.4690 0.4720 0.4740 0.4760
10.637130 0.4760 0.4760 0.4760 0.4760 0.4740
10.672000 0.4720 0.4670 0.4640 0.4570 0.4520
10.706130 0.4500 0.4430 0.4400 0.4360 0.4350
10.740000 0.4330 0.4330 0.4330 0.4350 0.4350
10.774130 0.4360 0.4380 0.4410 0.4450 0.4500
10.808000 0.4530 0.4550 0.4570 0.4570 0.4570
10.842130 0.4570 0.4530 0.4530 0.4520 0.4500
10.876000 0.4480 0.4410 0.4400 0.4380 0.4360
10.910130 0.4300 0.4210 0.4180 0.4110 0.4090
10.944000 0.4070 0.4010 0.3970 0.3900 0.3830
10.978130 0.3800 0.3750 0.3700 0.3630 0.3560
11.013000 0.3480 0.3440 0.3360 0.3320 0.3270
11.047130 0.3220 0.3190 0.3120 0.3080 0.3020
11.081000 0.2980 0.2980 0.2910 0.2900 0.2860
11.115130 0.2830 0.2810 0.2780 0.2740 0.2690
11.149000 0.2670 0.2620 0.2610 0.2590 0.2520
11.183130 0.2490 0.2450 0.2420 0.2380 0.2330
11.217000 0.2300 0.2250 0.2230 0.2210 0.2200
11.251130 0.2180 0.2160 0.2110 0.2090 0.2040
11.286000 0.2010 0.1970 0.1910 0.1910 0.1890
11.320130 0.1870 0.1870 0.1840 0.1820 0.1820
11.354000 0.1800 0.1790 0.1790 0.1790 0.1770
11.388130 0.1770 0.1770 0.1770 0.1750 0.1750
11.422000 0.1740 0.1720 0.1700 0.1680 0.1670
11.456130 0.1670 0.1650 0.1650 0.1630 0.1600
11.490000 0.1600 0.1580 0.1560 0.1560 0.1530
11.524130 0.1500 0.1500 0.1480 0.1460 0.1450
11.558000 0.1410 0.1390 0.1380 0.1380 0.1360
11.592130 0.1340 0.1340 0.1330 0.1290 0.1270
11.627000 0.1260 0.1240 0.1240 0.1220 0.1220
11.661130 0.1210 0.1190 0.1170 0.1170 0.1160
11.695000 0.1140 0.1140 0.1120 0.1100 0.1100
11.729130 0.1090 0.1090 0.1090 0.1070 0.1070
11.763000 0.1050 0.1050 0.1050 0.1040 0.1040
11.797130 0.1040 0.1040 0.1040 0.1020 0.1020
11.831000 0.1020 0.1020 0.1020 0.1000 0.1000
11.865130 0.1000 0.1000 0.1000 0.1000 0.1000
11.900000 0.1000 0.1000 0.1000 0.1000 0.1000
11.934130 0.1000 0.1000 0.1000 0.1020 0.1020
11.968000 0.1020 0.1020 0.1020 0.1020 0.1020
12.002130 0.1020 0.1020 0.1040 0.1040 0.1050
12.036000 0.1050 0.1070 0.1070 0.1090 0.1090
12.070130 0.1120 0.1140 0.1160 0.1170 0.1190
12.104000 0.1190 0.1210 0.1210 0.1220 0.1260
12.138130 0.1270 0.1270 0.1290 0.1310 0.1360
12.173000 0.1380 0.1390 0.1410 0.1450 0.1460
12.207130 0.1500 0.1510 0.1530 0.1600 0.1620
12.241000 0.1670 0.1700 0.1740 0.1770 0.1790
12.275130 0.1790 0.1820 0.1870 0.1910 0.1940
12.309000 0.1970 0.2010 0.2060 0.2110 0.2150
12.343130 0.2200 0.2210 0.2260 0.2320 0.2370
12.377000 0.2400 0.2420 0.2450 0.2470 0.2520
12.411130 0.2570 0.2620 0.2660 0.2690 0.2710
12.445000 0.2730 0.2740 0.2760 0.2780 0.2790
12.479130 0.2830 0.2840 0.2840 0.2860 0.2860
12.514000 0.2860 0.2860 0.2860 0.2860 0.2840
12.548130 0.2830 0.2830 0.2810 0.2780 0.2780
12.582000 0.2710 0.2690 0.2670 0.2640 0.2590
12.616130 0.2590 0.2550 0.2540 0.2520 0.2500
12.650000 0.2490 0.2470 0.2420 0.2400 0.2380
12.684130 0.2380 0.2380 0.2370 0.2370 0.2370
12.718000 0.2350 0.2350 0.2350 0.2370 0.2370
12.752130 0.2370 0.2370 0.2370 0.2370 0.2380
12.787000 0.2380 0.2400 0.2400 0.2400 0.2400
12.821130 0.2400 0.2400 0.2420 0.2420 0.2420
12.855000 0.2400 0.2400 0.2380 0.2380 0.2380
12.889130 0.2370 0.2370 0.2370 0.2370 0.2350
12.923000 0.2330 0.2330 0.2330 0.2330 0.2330
12.957130 0.2330 0.2330 0.2320 0.2320 0.2320
12.991000 0.2320 0.2320 0.2320 0.2320 0.2330
13.025130 0.2350 0.2350 0.2370 0.2380 0.2420
13.059000 0.2470 0.2500 0.2550 0.2570 0.2610
13.093130 0.2620 0.2670 0.2690 0.2730 0.2780
13.128000 0.2830 0.2880 0.2950 0.2980 0.3030
13.162130 0.3100 0.3130 0.3200 0.3250 0.3310
13.196000 0.3370 0.3440 0.3530 0.3600 0.3610
13.230130 0.3630 0.3660 0.3720 0.3800 0.3870
13.264000 0.3940 0.3990 0.4020 0.4070 0.4110
13.298130 0.4160 0.4190 0.4280 0.4310 0.4360
13.332000 0.4410 0.4470 0.4500 0.4570 0.4590
13.366130 0.4620 0.4670 0.4740 0.4790 0.4820
13.401000 0.4880 0.4910 0.4930 0.4960 0.5000
13.435130 0.5030 0.5080 0.5100 0.5110 0.5170
13.469000 0.5230 0.5270 0.5290 0.5300 0.5350
13.503130 0.5390 0.5420 0.5460 0.5470 0.5510
13.537000 0.5540 0.5580 0.5590 0.5630 0.5640
13.571130 0.5660 0.5690 0.5710 0.5730 0.5750
13.605000 0.5800 0.5830 0.5850 0.5850 0.5880
13.639130 0.5900 0.5900 0.5930 0.5930 0.5930
13.673000 0.5970 0.5980 0.6000 0.6040 0.6040
13.707130 0.6050 0.6070 0.6070 0.6090 0.6120
13.742000 0.6140 0.6160 0.6160 0.6170 0.6190
13.776130 0.6210 0.6220 0.6220 0.6260 0.6260
13.810000 0.6270 0.6270 0.6290 0.6310 0.6330
13.844130 0.6330 0.6340 0.6360 0.6380 0.6390
13.878000 0.6390 0.6410 0.6430 0.6430 0.6450
13.912130 0.6460 0.6460 0.6480 0.6480 0.6500
13.946000 0.6500 0.6510 0.6510 0.6530 0.6530
13.980130 0.6550 0.6560 0.6560 0.6580 0.6580
14.015000 0.6580 0.6600 0.6600 0.6620 0.6620
14.049130 0.6620 0.6630 0.6630 0.6650 0.6650
14.083000 0.6650 0.6670 0.6670 0.6670 0.6680
14.117130 0.6680 0.6680 0.6680 0.6700 0.6700
14.151000 0.6700 0.6700 0.6700 0.6700 0.6700
14.185130 0.6700 0.6720 0.6720 0.6720 0.6720
14.219000 0.6740 0.6740 0.6740 0.6750 0.6750
14.253130 0.6750 0.6750 0.6750 0.6750 0.6750
14.288000 0.6770 0.6770 0.6770 0.6770 0.6770
14.322130 0.6770 0.6770 0.6770 0.6770 0.6770
14.356000 0.6770 0.6770 0.6770 0.6770 0.6770
14.390130 0.6770 0.6770 0.6770 0.6770 0.6770
14.424000 0.6770 0.6790 0.6790 0.6770 0.6770
14.458130 0.6770 0.6790 0.6770 0.6770 0.6770
14.492000 0.6790 0.6790 0.6790 0.6790 0.6790
14.526130 0.6790 0.6790 0.6790 0.6790 0.6790
14.560000 0.6790 0.6770 0.6770 0.6770 0.6770
14.594130 0.6770 0.6750 0.6770 0.6770 0.6750
14.629000 0.6750 0.6750 0.6750 0.6740 0.6740
14.663130 0.6740 0.6740 0.6740 0.6750 0.6750
14.697000 0.6750 0.6750 0.6750 0.6750 0.6750
14.731130 0.6750 0.6750 0.6740 0.6740 0.6720
14.765000 0.6720 0.6700 0.6680 0.6680 0.6680
14.799130 0.6680 0.6680 0.6670 0.6670 0.6670
14.833000 0.6670 0.6670 0.6670 0.6650 0.6650
14.867130 0.6650 0.6650 0.6630 0.6630 0.6620
14.902000 0.6600 0.6580 0.6550 0.6530 0.6530
14.936130 0.6510 0.6500 0.6480 0.6460 0.6460
14.970000 0.6450 0.6450 0.6450 0.6450 0.6430
15.004130 0.6410 0.6410 0.6410 0.6410 0.6430
15.038000 0.6430 0.6430 0.6430 0.6430 0.6430
15.072130 0.6450 0.6450 0.6450 0.6450 0.6450
15.106000 0.6450 0.6450 0.6430 0.6410 0.6390
15.140130 0.6380 0.6360 0.6340 0.6340 0.6340
15.174000 0.6330 0.6330 0.6330 0.6310 0.6310
15.208130 0.6290 0.6270 0.6260 0.6260 0.6240
15.243000 0.6220 0.6210 0.6210 0.6170 0.6170
15.277130 0.6160 0.6120 0.6120 0.6090 0.6090
15.311000 0.6090 0.6090 0.6070 0.6050 0.6050
15.345130 0.6020 0.6000 0.5980 0.5980 0.5970
15.379000 0.5950 0.5930 0.5920 0.5900 0.5880
15.413130 0.5880 0.5870 0.5870 0.5850 0.5850
15.447000 0.5830 0.5830 0.5810 0.5810 0.5800
15.481130 0.5800 0.5780 0.5780 0.5760 0.5750
15.516000 0.5750 0.5750 0.5750 0.5750 0.5750
15.550130 0.5750 0.5750 0.5750 0.5750 0.5750
15.584000 0.5750 0.5750 0.5750 0.5730 0.5730
15.618130 0.5730 0.5730 0.5730 0.5730 0.5730
15.652000 0.5730 0.5730 0.5730 0.5730 0.5730
15.686130 0.5730 0.5730 0.5730 0.5730 0.5730
15.720000 0.5730 0.5710 0.5710 0.5710 0.5710
15.754130 0.5710 0.5710 0.5710 0.5690 0.5660
15.788000 0.5660 0.5660 0.5660 0.5640 0.5610
15.822130 0.5590 0.5590 0.5590 0.5580 0.5580
15.857000 0.5580 0.5560 0.5560 0.5520 0.5510
15.891130 0.5490 0.5470 0.5470 0.5460 0.5440
15.925000 0.5440 0.5440 0.5420 0.5420 0.5400
15.959130 0.5390 0.5370 0.5350 0.5350 0.5350
15.993000 0.5350 0.5340
##END=
