##TITLE=Ethylidenecyclohexane
##JCAMP-DX=4.24
##DATA TYPE=INFRARED SPECTRUM
##ORIGIN=NIST Mass Spectrometry Data Center
##OWNER=NIST Standard Reference Data Program
Collection (C) 2018 copyright by the U.S. Secretary of Commerce
on behalf of the United States of America. All rights reserved.
##CAS REGISTRY NO=1003-64-1
##MOLFORM=C 8 H 14
##$NIST SOURCE=MSDC-IR
##SPECTROMETER/DATA SYSTEM=HP-GC/MS/IRD
##STATE=gas
##XUNITS=1/CM
##YUNITS=ABSORBANCE
##XFACTOR=1.0
##YFACTOR=0.000006200
##DELTAX=4.0
##FIRSTX=550.0
##LASTX=3846.0
##FIRSTY=0.000217
##MAXX=3846
##MINX=550
##MAXY=0.062
##MINY=0
##NPOINTS=825
##XYDATA=(X++(Y..Y))
550.0 35 28 9 15 26 16 6 19 26 25
590.0 36 47 66 80 93 119 137 142 130 110
630.0 89 61 35 25 19 21 24 17 7 6
670.0 5 1 5 13 17 9 0 6 18 23
710.0 15 14 11 12 10 8 13 15 13 10
750.0 15 19 16 9 16 27 34 50 75 103
790.0 145 205 267 339 424 516 533 477 434 369
830.0 281 221 179 152 142 142 136 123 110 94
870.0 71 62 74 95 114 121 130 138 130 112
910.0 99 99 99 105 116 130 139 143 136 115
950.0 93 76 65 53 42 35 34 44 64 85
990.0 125 176 217 248 269 266 255 232 206 183
1030.0 161 143 125 107 97 86 75 72 69 69
1070.0 72 77 81 85 90 96 107 124 144 153
1110.0 151 147 140 126 111 92 83 79 73 67
1150.0 61 56 49 46 43 40 43 49 51 48
1190.0 47 51 59 60 63 74 90 124 172 221
1230.0 257 268 266 251 229 196 172 161 150 143
1270.0 138 132 122 109 96 96 109 122 132 139
1310.0 148 160 171 184 201 227 243 232 234 233
1350.0 219 197 164 143 161 181 198 225 241 237
1390.0 238 228 208 197 184 185 189 199 258 347
1430.0 462 582 704 827 898 944 912 776 658 545
1470.0 427 318 254 208 156 124 117 111 106 73
1510.0 60 83 87 89 99 106 105 93 78 82
1550.0 87 75 57 70 80 78 74 70 76 77
1590.0 76 72 71 75 82 86 87 88 88 88
1630.0 86 70 64 60 53 46 45 67 82 85
1670.0 77 70 63 41 30 37 26 4 4 20
1710.0 24 7 2 22 31 14 6 22 28 18
1750.0 5 12 20 24 18 12 22 28 20 21
1790.0 21 22 24 21 34 39 39 41 42 40
1830.0 45 54 61 55 50 55 55 48 43 36
1870.0 29 35 37 37 32 27 29 32 32 30
1910.0 30 27 23 25 29 31 30 28 25 27
1950.0 29 29 27 27 26 25 26 24 25 24
1990.0 16 19 22 21 20 21 19 16 17 18
2030.0 18 17 18 20 23 23 19 18 18 17
2070.0 18 21 22 23 22 22 20 19 18 15
2110.0 13 16 18 14 15 17 16 17 18 19
2150.0 19 18 21 21 21 24 25 25 23 22
2190.0 24 25 22 21 21 20 19 18 15 14
2230.0 15 16 16 15 14 15 14 13 12 11
2270.0 10 9 13 14 13 11 9 6 1 1
2310.0 3 4 2 0 6 12 13 13 12 12
2350.0 12 10 6 5 6 6 7 9 12 18
2390.0 21 21 22 24 24 27 28 25 24 26
2430.0 23 20 19 20 21 22 22 23 22 20
2470.0 21 25 26 23 23 23 21 22 24 24
2510.0 21 22 23 20 16 19 23 25 27 29
2550.0 31 33 30 31 35 37 37 36 36 39
2590.0 43 44 43 43 45 44 44 50 52 55
2630.0 61 67 74 84 93 102 112 118 122 126
2670.0 127 124 116 106 96 89 83 79 77 74
2710.0 68 66 69 76 80 83 90 92 94 101
2750.0 110 117 123 130 142 151 154 163 172 182
2790.0 195 203 214 230 250 283 334 417 542 710
2830.0 925 1186 1479 1810 2207 2617 2918 3148 3298 3282
2870.0 3143 2905 2628 2389 2214 2124 2122 2174 2320 2653
2910.0 3207 4017 5060 6325 7834 9360 10000 9458 8768 7933
2950.0 6642 5224 3991 3139 2634 2276 1911 1571 1319 1150
2990.0 1040 967 918 889 855 823 790 747 706 662
3030.0 617 578 543 507 474 438 395 348 297 255
3070.0 222 189 160 139 126 121 115 106 107 102
3110.0 94 89 84 74 66 63 58 54 51 49
3150.0 49 43 43 43 43 43 42 41 41 42
3190.0 38 34 33 34 35 31 35 41 43 44
3230.0 44 46 45 41 41 40 32 26 27 29
3270.0 26 22 19 18 21 21 23 22 24 28
3310.0 25 26 30 32 35 34 33 30 31 30
3350.0 31 33 32 33 32 31 31 33 35 33
3390.0 31 34 37 38 37 37 40 39 34 37
3430.0 39 39 30 23 27 25 25 28 24 25
3470.0 28 29 27 23 27 31 30 25 24 28
3510.0 24 26 27 17 19 34 34 30 28 21
3550.0 32 38 31 16 1 18 36 35 27 4
3590.0 8 22 24 30 18 8 16 18 31 20
3630.0 11 32 40 42 21 18 39 43 43 44
3670.0 36 34 45 53 45 43 50 45 45 48
3710.0 40 39 42 32 32 32 10 20 23 16
3750.0 27 36 51 55 54 56 61 62 58 55
3790.0 58 58 51 44 47 53 50 51 53 49
3830.0 49 49 45 46 51
##END=
