##TITLE=1-Octadecanesulphonyl chloride
##JCAMP-DX=4.24
##DATA TYPE=INFRARED SPECTRUM
##ORIGIN=EPA-IR VAPOR PHASE LIBRARY
##OWNER=SRD/NIST
Collection (C) 2018 copyright by the U.S. Secretary of Commerce
on behalf of the United States of America. All rights reserved.
##CAS REGISTRY NO=10147-41-8
##MOLFORM=C 18 H 37 Cl O 2 S
##$NIST SOURCE=MSDC-IR
##STATE=gas
##XUNITS=1/CM
##YUNITS=ABSORBANCE
##XFACTOR=1.
##YFACTOR=0.001
##DELTAX=1.92934
##FIRSTX=549.9
##LASTX=3999.5
##FIRSTY=0.278
##MAXX=3999.53
##MINX=549.863
##MAXY=0.035688
##MINY=0
##NPOINTS=1789
##XYDATA=(X++(Y..Y))
549.863 0.278 0.312 0.297 0.254 0.203 0.213 0.18 0.052 0.014 0.143
569.156 0.175 0.176 0.196 0.253 0.262 0.227 0.267 0.196 0.177 0.286
588.450 0.32 0.272 0.214 0.212 0.273 0.293 0.337 0.305 0.297 0.371
607.743 0.391 0.345 0.332 0.342 0.37 0.419 0.4 0.309 0.318 0.421
627.037 0.406 0.42 0.4672 0.4793 0.4638 0.413 0.401 0.422 0.5153 0.6101
646.330 0.6226 0.6693 0.7569 0.8373 0.8163 0.7793 0.8621 0.9069 0.9715 0.9115
665.624 0.8324 0.751 0.62966 0.6523 0.59778 0.54458 0.56285 0.54432 0.5327 0.5013
684.917 0.5049 0.56945 0.58158 0.60313 0.6548 0.6312 0.61567 0.6807 0.7539 0.7813
704.210 0.7897 0.8064 0.8466 0.9686 1.0241 1.0843 1.2499 1.3348 1.3226 1.2775
723.504 1.2509 1.2855 1.2435 1.2358 1.3206 1.3457 1.3507 1.3649 1.2944 1.2529
742.797 1.2843 1.2321 1.1929 1.1281 1.0415 1.0374 1.0051 0.9867 0.9627 0.9023
762.091 0.9066 0.8992 0.8518 0.8043 0.809 0.7999 0.7705 0.7563 0.7328 0.7443
781.384 0.7597 0.6781 0.64379 0.6709 0.6778 0.6596 0.60467 0.60615 0.56839 0.548109
800.678 0.62192 0.6003 0.60966 0.6766 0.60827 0.5168 0.5262 0.60978 0.6487 0.6509
819.971 0.61018 0.56196 0.5178 0.4902 0.5067 0.4673 0.4644 0.5273 0.5249 0.501
839.264 0.4629 0.4635 0.4934 0.4994 0.5232 0.5231 0.529 0.551225 0.5285 0.4912
858.558 0.493 0.4975 0.5065 0.5277 0.56109 0.54401 0.55312 0.547674 0.5137 0.550566
877.851 0.57339 0.56884 0.553287 0.5364 0.5044 0.5045 0.5277 0.556134 0.5257 0.5121
897.145 0.552855 0.54164 0.56174 0.56382 0.5249 0.5095 0.484 0.5171 0.56782 0.5312
916.438 0.5244 0.55658 0.553445 0.5188 0.4924 0.5261 0.501 0.5014 0.56519 0.536
935.732 0.5061 0.56314 0.58073 0.549853 0.5188 0.4857 0.4913 0.4921 0.506 0.5289
955.025 0.4871 0.4679 0.5223 0.5318 0.4927 0.5351 0.550712 0.5139 0.499 0.5009
974.318 0.5155 0.5191 0.4843 0.4647 0.4837 0.486 0.4718 0.4801 0.5061 0.5097
993.612 0.5327 0.5324 0.5239 0.555654 0.551912 0.4908 0.4753 0.4955 0.4712 0.4834
1012.905 0.489 0.4697 0.4789 0.442 0.4504 0.4572 0.439 0.434 0.436 0.4765
1032.199 0.4614 0.442 0.4784 0.508 0.5095 0.5009 0.4585 0.423 0.442 0.4651
1051.492 0.4984 0.4882 0.4486 0.461 0.4878 0.4979 0.4815 0.4685 0.4632 0.444
1070.786 0.4638 0.425 0.349 0.401 0.417 0.373 0.364 0.373 0.393 0.384
1090.079 0.348 0.32 0.366 0.376 0.352 0.377 0.342 0.307 0.306 0.249
1109.372 0.242 0.297 0.371 0.368 0.295 0.299 0.262 0.236 0.298 0.288
1128.666 0.248 0.261 0.169 0.141 0.238 0.248 0.245 0.232 0.218 0.2
1147.959 0.208 0.252 0.224 0.181 0.252 0.299 0.222 0.188 0.244 0.252
1167.253 0.234 0.236 0.275 0.269 0.189 0.241 0.265 0.204 0.199 0.196
1186.546 0.227 0.191 0.07 0.1 0.123 0.094 0.179 0.212 0.181 0.167
1205.840 0.185 0.211 0.188 0.12 0.082 0.093 0.155 0.21 0.238 0.229
1225.133 0.274 0.362 0.254 0.234 0.334 0.338 0.359 0.377 0.391 0.473
1244.426 0.53889 0.547175 0.5017 0.4948 0.60822 0.6893 0.7315 0.7728 0.7325 0.6623
1263.720 0.6853 0.7761 0.8176 0.8565 0.9146 0.9298 0.9224 0.9506 1.0029 1.05
1283.013 1.101 1.1064 1.1676 1.231 1.2622 1.3303 1.3425 1.3653 1.403 1.4174
1302.307 1.4273 1.416 1.4036 1.3908 1.3616 1.333 1.2688 1.2275 1.2237 1.1886
1321.600 1.1578 1.1296 1.1128 1.0603 1.0016 1.0093 1.0591 1.0674 1.0706 1.0735
1340.894 1.1381 1.2301 1.2563 1.2905 1.3216 1.3243 1.3321 1.332 1.2908 1.2413
1360.187 1.1789 1.1498 1.1668 1.1579 1.0731 1.0208 1.0118 0.9407 0.8661 0.8554
1379.480 0.8721 0.8358 0.7826 0.773 0.7508 0.7333 0.6944 0.691 0.7046 0.6484
1398.774 0.60575 0.58224 0.58352 0.61774 0.64458 0.63561 0.63677 0.6934 0.7247 0.6845
1418.067 0.6995 0.7123 0.6647 0.6871 0.7547 0.8236 0.8919 0.9519 1.0512 1.1201
1437.361 1.1954 1.3556 1.4954 1.648 1.828 2.038 2.228 2.368 2.498 2.608
1456.654 2.648 2.708 2.748 2.718 2.668 2.568 2.388 2.158 1.898 1.658
1475.948 1.4511 1.2943 1.1647 1.0061 0.8987 0.875 0.7949 0.7261 0.7113 0.6671
1495.241 0.653 0.63534 0.60623 0.58739 0.54583 0.56201 0.56955 0.5122 0.5044 0.5023
1514.534 0.4763 0.485 0.491 0.4609 0.4716 0.4867 0.4992 0.4974 0.484 0.4639
1533.828 0.438 0.429 0.4848 0.54402 0.4835 0.44 0.452 0.4827 0.4856 0.4699
1553.121 0.4672 0.4916 0.54317 0.5147 0.4739 0.446 0.44 0.4779 0.5102 0.5334
1572.415 0.4966 0.4815 0.494 0.4855 0.4775 0.4587 0.445 0.4523 0.4737 0.4539
1591.708 0.422 0.411 0.432 0.447 0.4552 0.4772 0.4561 0.4492 0.433 0.4537
1611.002 0.5112 0.4884 0.4656 0.4903 0.4765 0.447 0.446 0.424 0.4618 0.5069
1630.295 0.4716 0.4522 0.4761 0.4855 0.4597 0.4759 0.4688 0.4759 0.5086 0.4788
1649.588 0.4567 0.4869 0.5135 0.49 0.4677 0.4698 0.4933 0.505 0.4715 0.433
1668.882 0.415 0.416 0.437 0.4587 0.4928 0.5119 0.5267 0.5294 0.515 0.4875
1688.175 0.4715 0.4794 0.4893 0.4823 0.4866 0.5144 0.4968 0.4881 0.52 0.5245
1707.469 0.5358 0.5215 0.4887 0.5105 0.4928 0.4644 0.4539 0.4787 0.5097 0.495
1726.762 0.4709 0.438 0.423 0.432 0.4592 0.4728 0.4585 0.4488 0.434 0.429
1746.056 0.437 0.448 0.4816 0.5039 0.4731 0.4632 0.4674 0.4524 0.4597 0.4727
1765.349 0.5154 0.53984 0.5305 0.54416 0.54328 0.5164 0.4913 0.4576 0.475 0.5069
1784.642 0.5142 0.54692 0.555759 0.54011 0.54606 0.5247 0.4855 0.5022 0.5306 0.5369
1803.936 0.5083 0.4981 0.5305 0.5185 0.5185 0.549065 0.548501 0.5126 0.527 0.55817
1823.229 0.5219 0.5126 0.56293 0.57796 0.55003 0.5328 0.4923 0.4741 0.5002 0.5115
1842.523 0.5343 0.55822 0.54 0.5144 0.5277 0.54018 0.551395 0.552359 0.547433 0.56848
1861.816 0.554535 0.54461 0.54412 0.5324 0.532 0.54451 0.55835 0.5422 0.55824 0.55979
1881.110 0.56002 0.57807 0.554818 0.5346 0.554182 0.57086 0.54302 0.5259 0.5155 0.492
1900.403 0.5213 0.56261 0.55837 0.5169 0.492 0.5352 0.56108 0.5223 0.5144 0.556842
1919.696 0.57558 0.550743 0.5362 0.5348 0.525 0.54183 0.5316 0.5178 0.56327 0.58142
1938.990 0.5632 0.58822 0.59162 0.56246 0.56546 0.557802 0.5267 0.5253 0.55994 0.57162
1958.283 0.57683 0.59365 0.58324 0.56488 0.54564 0.53871 0.53898 0.5667 0.56786 0.554071
1977.577 0.58049 0.58399 0.5662 0.5183 0.5139 0.549708 0.557933 0.58252 0.57943 0.56708
1996.870 0.57921 0.57315 0.5696 0.5735 0.57481 0.58892 0.5956 0.58448 0.57931 0.59354
2016.164 0.60495 0.61117 0.61248 0.62594 0.6517 0.652 0.62515 0.62032 0.63276 0.6533
2035.457 0.6652 0.64796 0.6542 0.6707 0.6665 0.6535 0.61137 0.59666 0.6542 0.7177
2054.750 0.706 0.6495 0.6713 0.6749 0.62471 0.62508 0.6525 0.6645 0.6692 0.6606
2074.044 0.6662 0.6529 0.59926 0.59668 0.6542 0.6726 0.6597 0.6837 0.7043 0.6538
2093.337 0.63394 0.6586 0.6503 0.6785 0.6733 0.6678 0.6918 0.6651 0.6542 0.6515
2112.631 0.64551 0.63103 0.64656 0.6775 0.6531 0.6515 0.6924 0.6873 0.6777 0.6856
2131.924 0.6833 0.6872 0.7133 0.7207 0.6883 0.6866 0.6875 0.6969 0.6862 0.683
2151.218 0.713 0.7197 0.7067 0.6856 0.6939 0.7059 0.6857 0.6789 0.7119 0.7362
2170.511 0.7011 0.6729 0.6712 0.6746 0.6969 0.7172 0.7487 0.7314 0.7107 0.7303
2189.804 0.7244 0.7303 0.7341 0.6956 0.6853 0.692 0.6859 0.6961 0.6758 0.6713
2209.098 0.686 0.6916 0.7214 0.7375 0.7233 0.6985 0.7008 0.7005 0.6888 0.6828
2228.391 0.6879 0.6814 0.6495 0.6678 0.684 0.7062 0.7179 0.7273 0.7431 0.7257
2247.685 0.7173 0.7227 0.7414 0.7397 0.7389 0.7512 0.7522 0.7406 0.7129 0.6961
2266.978 0.7041 0.7061 0.7172 0.7155 0.7036 0.7292 0.7706 0.7831 0.7659 0.75
2286.272 0.7535 0.7694 0.7535 0.725 0.7268 0.7152 0.7174 0.7266 0.7258 0.7343
2305.565 0.7132 0.7135 0.7161 0.7124 0.705 0.6967 0.7146 0.7611 0.7839 0.7283
2324.858 0.7304 0.7766 0.7748 0.7548 0.7513 0.7523 0.7677 0.7931 0.795 0.8005
2344.152 0.7964 0.7464 0.7378 0.7481 0.7244 0.7566 0.7688 0.7701 0.8144 0.8204
2363.445 0.7817 0.7538 0.737 0.7308 0.7283 0.736 0.7468 0.7219 0.7191 0.7377
2382.739 0.7412 0.7566 0.784 0.7527 0.7415 0.7619 0.7347 0.7456 0.7813 0.7811
2402.032 0.7768 0.7718 0.7535 0.7589 0.7845 0.7761 0.7816 0.8086 0.7784 0.7615
2421.326 0.7831 0.776 0.7553 0.7747 0.7991 0.798 0.7865 0.7801 0.7956 0.7848
2440.619 0.7565 0.7623 0.7792 0.7986 0.7707 0.7464 0.7898 0.8165 0.8281 0.8112
2459.912 0.8034 0.8307 0.8225 0.808 0.8227 0.8036 0.8056 0.8025 0.795 0.8519
2479.206 0.8654 0.835 0.8181 0.8378 0.8179 0.8034 0.8282 0.8372 0.8682 0.869
2498.499 0.8279 0.8076 0.8109 0.7999 0.7913 0.8092 0.8313 0.8524 0.8424 0.8668
2517.793 0.8837 0.8829 0.9163 0.9142 0.8882 0.8642 0.837 0.8475 0.8794 0.8828
2537.086 0.8969 0.9041 0.8748 0.8762 0.8834 0.8956 0.933 0.9485 0.9283 0.8983
2556.380 0.8948 0.8873 0.9324 0.9258 0.9117 0.9242 0.9152 0.9195 0.9026 0.9328
2575.673 0.954 0.9355 0.9099 0.8891 0.9211 0.9294 0.8946 0.9256 0.9704 0.9868
2594.966 0.9708 0.9584 0.9657 1.0084 1.0687 1.0515 1.0099 0.9673 0.9718 0.9935
2614.260 0.9381 0.9682 1.0253 0.9886 1.0239 1.0373 1.0116 1.0381 1.0248 0.9858
2633.553 1.0218 1.1014 1.1317 1.1084 1.0796 1.0688 1.038 1.0412 1.0617 1.0635
2652.847 1.0795 1.0614 1.0447 1.0683 1.0995 1.1143 1.1286 1.1376 1.1635 1.1384
2672.140 1.087 1.0823 1.1138 1.1822 1.177 1.1695 1.2224 1.2079 1.1611 1.1765
2691.434 1.2007 1.2023 1.1734 1.123 1.1557 1.1876 1.1438 1.1487 1.1455 1.1056
2710.727 1.1199 1.1509 1.1205 1.1018 1.1752 1.2112 1.1818 1.1952 1.1696 1.152
2730.020 1.2033 1.1755 1.1835 1.1949 1.1547 1.1675 1.1623 1.1468 1.086 1.0976
2749.314 1.18 1.2086 1.2243 1.2251 1.2117 1.2189 1.2342 1.2749 1.2635 1.2084
2768.607 1.2633 1.3272 1.3019 1.2813 1.3285 1.3418 1.3217 1.2965 1.3489 1.4152
2787.901 1.4921 1.558 1.4961 1.4939 1.578 1.608 1.5437 1.5006 1.5338 1.608
2807.194 1.658 1.738 1.808 1.918 1.958 1.988 2.088 2.108 2.218 2.388
2826.488 2.448 2.508 2.648 2.758 2.908 3.078 3.318 3.598 3.938 4.398
2845.781 4.848 5.428 6.288 7.378 8.578 9.948 11.448 12.648 13.328 13.548
2865.074 13.318 12.688 11.788 10.848 9.958 9.168 8.548 8.018 7.648 7.358
2884.368 7.098 6.958 6.808 6.788 6.868 7.008 7.338 7.798 8.278 8.828
2903.661 9.488 10.238 11.068 11.968 12.918 14.108 15.618 17.278 19.228 21.678
2922.955 24.578 27.618 30.708 33.388 35.118 35.688 35.018 33.308 30.978 28.228
2942.248 25.388 22.628 19.828 17.408 15.448 13.688 12.388 11.398 10.768 10.358
2961.542 9.978 9.668 9.338 8.968 8.418 7.738 7.038 6.358 5.748 5.208
2980.835 4.778 4.388 3.988 3.688 3.528 3.468 3.418 3.288 3.208 3.138
3000.128 3.008 2.788 2.578 2.338 2.148 2.088 1.968 1.888 1.838 1.778
3019.422 1.748 1.698 1.668 1.618 1.535 1.455 1.4363 1.3725 1.3161 1.3846
3038.715 1.3761 1.3179 1.2373 1.2103 1.2367 1.2305 1.2428 1.2489 1.1764 1.1809
3058.009 1.1991 1.1242 1.0974 1.1643 1.0861 1.0134 1.0936 1.0672 1.1375 1.0904
3077.302 0.9466 1.041 1.062 0.9509 0.8962 0.9317 0.9669 0.9001 0.8762 0.8766
3096.596 0.9508 1.0086 0.8958 0.8972 0.9755 0.9422 0.8319 0.7925 0.8499 0.8339
3115.889 0.8037 0.8749 0.8859 0.8205 0.7183 0.785 0.8437 0.8398 0.7983 0.723
3135.182 0.6953 0.6778 0.7305 0.6823 0.6386 0.7053 0.7719 0.6926 0.57991 0.6306
3154.476 0.7396 0.6797 0.64485 0.6433 0.64698 0.6661 0.58048 0.5378 0.5342 0.5364
3173.769 0.548607 0.64774 0.64326 0.59982 0.63823 0.7101 0.7321 0.7027 0.6749 0.62291
3193.063 0.5163 0.41 0.4667 0.5612 0.5249 0.4882 0.59311 0.59186 0.5299 0.4612
3212.356 0.372 0.391 0.377 0.438 0.437 0.456 0.5047 0.5315 0.59508 0.4572
3231.650 0.366 0.369 0.352 0.419 0.389 0.328 0.331 0.302 0.349 0.4503
3250.943 0.5238 0.4916 0.364 0.225 0.274 0.5144 0.56841 0.4511 0.344 0.236
3270.236 0.262 0.286 0.251 0.351 0.447 0.29 0.181 0.253 0.294 0.241
3289.530 0.155 0.26 0.347 0.258 0.223 0.314 0.397 0.292 0.166 0.199
3308.823 0.281 0.351 0.344 0.268 0.266 0.175 0.173 0.257 0.31 0.268
3328.117 0.107 0.075 0.093 0.13 0.032 0.001 0.145 0.262 0.339 0.301
3347.410 0.308 0.274 0.257 0.268 0.091 0.17 0.351 0.25 0.126 0.208
3366.704 0.231 0.209 0.235 0.18 0.215 0.188 0.127 0.14 0.175 0.199
3385.997 0.266 0.289 0.096 0.002 0.093 0.139 0.151 0.149 0.232 0.224
3405.290 0.07 0.065 0.143 0.121 0.064 0.053 0.079 0.084 0.108 0.058
3424.584 0.018 0.148 0.233 0.138 0.082 0.133 0.102 0.095 0.111 0.181
3443.877 0.203 0.114 0.141 0.21 0.187 0.121 0.096 0.144 0.166 0.133
3463.171 0.109 0.121 0.065 0.053 0.023 0.036 0.122 0.06 0.032 0
3482.464 0.05 0.178 0.187 0.178 0.202 0.205 0.18 0.158 0.047 0.09
3501.758 0.203 0.129 0.142 0.23 0.192 0.168 0.187 0.223 0.237 0.13
3521.051 0.062 0.12 0.096 0.053 0.111 0.114 0.122 0.111 0.131 0.112
3540.344 0.135 0.24 0.194 0.215 0.226 0.133 0.131 0.08 0.029 0.097
3559.638 0.153 0.146 0.116 0.183 0.281 0.254 0.17 0.168 0.188 0.141
3578.931 0.188 0.198 0.157 0.152 0.108 0.158 0.181 0.145 0.155 0.269
3598.225 0.301 0.228 0.373 0.401 0.244 0.217 0.172 0.153 0.175 0.152
3617.518 0.163 0.117 0.01 0.1 0.256 0.179 0.162 0.216 0.206 0.259
3636.812 0.271 0.146 0.115 0.202 0.227 0.169 0.201 0.242 0.182 0.171
3656.105 0.182 0.229 0.276 0.312 0.248 0.206 0.292 0.282 0.277 0.318
3675.398 0.27 0.234 0.311 0.337 0.266 0.232 0.204 0.231 0.239 0.187
3694.692 0.159 0.143 0.092 0.133 0.269 0.307 0.311 0.297 0.3 0.31
3713.985 0.292 0.242 0.226 0.256 0.261 0.328 0.239 0.061 0.117 0.302
3733.279 0.3 0.232 0.272 0.331 0.341 0.272 0.334 0.408 0.337 0.319
3752.572 0.261 0.165 0.234 0.315 0.374 0.333 0.279 0.361 0.325 0.25
3771.866 0.38 0.4533 0.392 0.371 0.365 0.357 0.381 0.367 0.317 0.303
3791.159 0.295 0.276 0.265 0.266 0.256 0.302 0.371 0.345 0.286 0.281
3810.452 0.263 0.266 0.312 0.327 0.321 0.348 0.364 0.317 0.267 0.23
3829.746 0.395 0.4737 0.349 0.368 0.411 0.383 0.338 0.413 0.5055 0.421
3849.039 0.375 0.417 0.323 0.348 0.417 0.37 0.378 0.418 0.4662 0.429
3868.333 0.4668 0.4866 0.4935 0.5142 0.392 0.382 0.331 0.291 0.332 0.328
3887.626 0.313 0.346 0.414 0.417 0.426 0.415 0.42 0.435 0.397 0.353
3906.920 0.389 0.4911 0.4713 0.39 0.43 0.4946 0.4763 0.418 0.425 0.4499
3926.213 0.4687 0.4884 0.4817 0.5181 0.57269 0.547575 0.4556 0.411 0.443 0.416
3945.506 0.321 0.363 0.414 0.4 0.378 0.394 0.4627 0.5063 0.483 0.376
3964.800 0.355 0.442 0.5218 0.56066 0.54383 0.4704 0.419 0.398 0.42 0.553013
3984.093 0.59605 0.4586 0.397 0.434 0.4989 0.5113 0.4598 0.4577 0.4832
##END=
