##TITLE=Boron tribromide
##JCAMP-DX=4.24
##DATA TYPE=INFRARED SPECTRUM
##CLASS=COBLENTZ
##ORIGIN=DOW CHEMICAL COMPANY
##OWNER=COBLENTZ SOC.
Collection (C) 2018 copyright by the U.S. Secretary of Commerce
on behalf of the United States of America. All rights reserved.
##DATE=1965/05/26
##NAMES=tribromoborane
##CAS REGISTRY NO=10294-33-4
##MOLFORM=B Br3
##SOURCE REFERENCE=COBLENTZ NO. 9150
##$NIST SOURCE=COBLENTZ
##$NIST IMAGE=cob9150
##SPECTROMETER/DATA SYSTEM=BECKMAN IR-9 (GRATING)
##INSTRUMENT PARAMETERS=ORDER CHANGES: 670, 1200, 2000 CM^-^1
##STATE=SOLUTION (10% CCl4 FOR 3800-1330, 10% CS2 FOR 1330-450 CM^-^1)
##PATH LENGTH=0.011 CM, 0.011 CM
$$SPECTRAL CONTAMINATION DUE TO CCl4 AROUND 1550, IMPURITIES AROUND 1350, 3300, AND AN UNKNOWN AROUND 400 CM^-^1
##SAMPLING PROCEDURE=TRANSMISSION
##RESOLUTION=2
##DATA PROCESSING=DIGITIZED BY COBLENTZ SOCIETY (BATCH I) FROM HARD COPY
##XUNITS=1/CM
##YUNITS=TRANSMITTANCE
##XLABEL=Wavenumbers (cm-1)
##YLABEL=% Transmission
##XFACTOR=1
##YFACTOR=1
##DELTAX=1
##FIRSTX=407
##LASTX=3800
##FIRSTY=0.1064
##MAXX=3800
##MINX=407
##MAXY=0.8698
##MINY=0
##NPOINTS=3394
##XYDATA=(X++(Y..Y))
407.000000 0.1064 0.1100 0.1229 0.1531 0.1833
412.000000 0.2134 0.2438 0.2722 0.2997 0.3169
417.000000 0.3255 0.3340 0.3454 0.3682 0.3816
422.000000 0.3923 0.4304 0.4628 0.4771 0.4871
427.000000 0.4970 0.5068 0.5166 0.5274 0.5382
432.000000 0.5483 0.5551 0.5619 0.5687 0.5754
437.000000 0.5819 0.5883 0.5948 0.6012 0.6071
442.000000 0.6121 0.6171 0.6221 0.6272 0.6323
447.000000 0.6377 0.6431 0.6485 0.6539 0.6590
452.000000 0.6637 0.6684 0.6731 0.6778 0.6825
457.000000 0.6869 0.6914 0.6958 0.7001 0.7046
462.000000 0.7090 0.7133 0.7175 0.7215 0.7257
467.000000 0.7299 0.7332 0.7362 0.7394 0.7425
472.000000 0.7456 0.7484 0.7511 0.7537 0.7564
477.000000 0.7595 0.7628 0.7658 0.7678 0.7681
482.000000 0.7683 0.7685 0.7687 0.7707 0.7694
487.000000 0.7699 0.7708 0.7715 0.7725 0.7738
492.000000 0.7750 0.7761 0.7775 0.7787 0.7801
497.000000 0.7828 0.7851 0.7868 0.7885 0.7897
502.000000 0.7908 0.7919 0.7925 0.7931 0.7935
507.000000 0.7936 0.7937 0.7938 0.7938 0.7938
512.000000 0.7938 0.7934 0.7931 0.7926 0.7907
517.000000 0.7883 0.7856 0.7828 0.7800 0.7771
522.000000 0.7743 0.7704 0.7656 0.7634 0.7628
527.000000 0.7626 0.7631 0.7653 0.7699 0.7768
532.000000 0.7826 0.7878 0.7928 0.7971 0.8007
537.000000 0.8035 0.8057 0.8072 0.8085 0.8097
542.000000 0.8108 0.8114 0.8118 0.8121 0.8125
547.000000 0.8128 0.8132 0.8136 0.8136 0.8134
552.000000 0.8131 0.8128 0.8125 0.8124 0.8115
557.000000 0.8106 0.8096 0.8086 0.8075 0.8065
562.000000 0.8058 0.8058 0.8060 0.8075 0.8095
567.000000 0.8115 0.8135 0.8151 0.8164 0.8176
572.000000 0.8190 0.8197 0.8205 0.8212 0.8220
577.000000 0.8225 0.8232 0.8237 0.8243 0.8248
582.000000 0.8254 0.8257 0.8260 0.8262 0.8264
587.000000 0.8266 0.8268 0.8271 0.8273 0.8275
592.000000 0.8275 0.8275 0.8275 0.8275 0.8277
597.000000 0.8277 0.8277 0.8278 0.8278 0.8278
602.000000 0.8278 0.8278 0.8278 0.8278 0.8278
607.000000 0.8278 0.8275 0.8275 0.8273 0.8271
612.000000 0.8270 0.8268 0.8267 0.8265 0.8262
617.000000 0.8259 0.8256 0.8253 0.8250 0.8247
622.000000 0.8244 0.8241 0.8237 0.8234 0.8231
627.000000 0.8225 0.8216 0.8208 0.8200 0.8192
632.000000 0.8184 0.8175 0.8168 0.8160 0.8145
637.000000 0.8128 0.8111 0.8095 0.8078 0.8061
642.000000 0.8044 0.8028 0.8008 0.7990 0.7971
647.000000 0.7951 0.7932 0.7912 0.7903 0.7897
652.000000 0.7890 0.7883 0.7884 0.7868 0.7904
657.000000 0.7942 0.7985 0.8028 0.8071 0.8108
662.000000 0.8140 0.8171 0.8201 0.8232 0.8257
667.000000 0.8282 0.8307 0.8331 0.8356 0.8378
672.000000 0.8400 0.8421 0.8442 0.8458 0.8462
677.000000 0.8467 0.8471 0.8474 0.8475 0.8478
682.000000 0.8480 0.8482 0.8487 0.8492 0.8497
687.000000 0.8505 0.8517 0.8530 0.8543 0.8558
692.000000 0.8573 0.8588 0.8602 0.8617 0.8630
697.000000 0.8643 0.8655 0.8668 0.8681 0.8688
702.000000 0.8691 0.8693 0.8695 0.8698 0.8698
707.000000 0.8697 0.8696 0.8695 0.8694 0.8693
712.000000 0.8692 0.8689 0.8683 0.8677 0.8671
717.000000 0.8665 0.8657 0.8650 0.8642 0.8634
722.000000 0.8627 0.8618 0.8611 0.8601 0.8591
727.000000 0.8580 0.8570 0.8565 0.8561 0.8556
732.000000 0.8555 0.8554 0.8554 0.8553 0.8553
737.000000 0.8553 0.8552 0.8551 0.8547 0.8544
742.000000 0.8540 0.8537 0.8534 0.8530 0.8527
747.000000 0.8518 0.8512 0.8505 0.8498 0.8491
752.000000 0.8484 0.8477 0.8468 0.8457 0.8446
757.000000 0.8434 0.8423 0.8401 0.8378 0.8358
762.000000 0.8336 0.8314 0.8292 0.8263 0.8221
767.000000 0.8180 0.8139 0.8097 0.8055 0.8000
772.000000 0.7944 0.7888 0.7832 0.7688 0.7511
777.000000 0.7346 0.7191 0.7036 0.6800 0.6440
782.000000 0.6049 0.5745 0.5356 0.5001 0.4831
787.000000 0.4624 0.4258 0.3891 0.3525 0.3158
792.000000 0.2791 0.2425 0.2058 0.1692 0.1484
797.000000 0.1128 0.0901 0.0157 0.0088 0.0031
802.000000 0.0000 0.0000 0.0000 0.0000 0.0000
807.000000 0.0000 0.0000 0.0000 0.0000 0.0000
812.000000 0.0006 0.0037 0.0284 0.0809 0.1334
817.000000 0.1859 0.2377 0.2807 0.3177 0.3375
822.000000 0.3582 0.3857 0.4160 0.4264 0.4304
827.000000 0.4305 0.4306 0.4287 0.3973 0.3616
832.000000 0.3259 0.2903 0.2547 0.2190 0.1834
837.000000 0.1477 0.1120 0.0764 0.0407 0.0202
842.000000 0.0150 0.0134 0.0137 0.0150 0.0112
847.000000 0.0203 0.0847 0.1567 0.2285 0.3006
852.000000 0.3958 0.4141 0.4289 0.4623 0.4833
857.000000 0.5026 0.5184 0.5321 0.5419 0.5517
862.000000 0.5626 0.5856 0.5947 0.6018 0.6089
867.000000 0.6160 0.6233 0.6349 0.6465 0.6581
872.000000 0.6678 0.6758 0.6837 0.6925 0.7044
877.000000 0.7161 0.7251 0.7311 0.7371 0.7433
882.000000 0.7493 0.7541 0.7580 0.7618 0.7638
887.000000 0.7640 0.7641 0.7621 0.7601 0.7483
892.000000 0.7276 0.7069 0.6864 0.6657 0.6451
897.000000 0.6245 0.6038 0.5832 0.5625 0.5462
902.000000 0.5469 0.5469 0.5986 0.6578 0.7168
907.000000 0.7631 0.7768 0.7961 0.8108 0.8174
912.000000 0.8224 0.8273 0.8301 0.8321 0.8343
917.000000 0.8364 0.8378 0.8386 0.8395 0.8396
922.000000 0.8396 0.8417 0.8393 0.8383 0.8370
927.000000 0.8349 0.8315 0.8262 0.8194 0.8108
932.000000 0.8021 0.7936 0.7850 0.7764 0.7678
937.000000 0.7637 0.7638 0.7611 0.7703 0.7908
942.000000 0.8115 0.8183 0.8221 0.8254 0.8286
947.000000 0.8313 0.8333 0.8338 0.8344 0.8349
952.000000 0.8351 0.8351 0.8351 0.8353 0.8357
957.000000 0.8361 0.8370 0.8380 0.8398 0.8418
962.000000 0.8441 0.8463 0.8485 0.8508 0.8527
967.000000 0.8544 0.8562 0.8575 0.8580 0.8585
972.000000 0.8590 0.8595 0.8600 0.8600 0.8601
977.000000 0.8602 0.8603 0.8603 0.8603 0.8601
982.000000 0.8599 0.8597 0.8595 0.8593 0.8592
987.000000 0.8590 0.8589 0.8588 0.8586 0.8585
992.000000 0.8584 0.8585 0.8585 0.8587 0.8590
997.000000 0.8593 0.8595 0.8598 0.8600 0.8603
1002.000000 0.8605 0.8607 0.8609 0.8611 0.8624
1007.000000 0.8615 0.8617 0.8618 0.8621 0.8624
1012.000000 0.8625 0.8628 0.8630 0.8631 0.8631
1017.000000 0.8631 0.8631 0.8630 0.8630 0.8630
1022.000000 0.8628 0.8628 0.8628 0.8627 0.8625
1027.000000 0.8624 0.8623 0.8621 0.8618 0.8617
1032.000000 0.8615 0.8613 0.8611 0.8608 0.8606
1037.000000 0.8604 0.8603 0.8603 0.8602 0.8601
1042.000000 0.8600 0.8599 0.8598 0.8598 0.8597
1047.000000 0.8596 0.8596 0.8595 0.8595 0.8592
1052.000000 0.8588 0.8584 0.8580 0.8575 0.8567
1057.000000 0.8558 0.8548 0.8539 0.8530 0.8518
1062.000000 0.8505 0.8490 0.8475 0.8461 0.8441
1067.000000 0.8417 0.8391 0.8356 0.8320 0.8253
1072.000000 0.8180 0.8068 0.7974 0.7885 0.7794
1077.000000 0.7701 0.7592 0.7457 0.7345 0.7244
1082.000000 0.7189 0.7178 0.7181 0.7172 0.7218
1087.000000 0.7369 0.7604 0.7838 0.8057 0.8149
1092.000000 0.8216 0.8264 0.8310 0.8349 0.8373
1097.000000 0.8397 0.8421 0.8433 0.8440 0.8447
1102.000000 0.8444 0.8475 0.8427 0.8418 0.8408
1107.000000 0.8395 0.8381 0.8361 0.8335 0.8309
1112.000000 0.8281 0.8253 0.8225 0.8197 0.8144
1117.000000 0.8115 0.8111 0.8112 0.8117 0.8139
1122.000000 0.8171 0.8210 0.8258 0.8307 0.8352
1127.000000 0.8384 0.8416 0.8442 0.8458 0.8473
1132.000000 0.8484 0.8491 0.8497 0.8503 0.8501
1137.000000 0.8499 0.8525 0.8494 0.8490 0.8480
1142.000000 0.8471 0.8462 0.8453 0.8444 0.8421
1147.000000 0.8395 0.8371 0.8347 0.8338 0.8340
1152.000000 0.8343 0.8330 0.8357 0.8368 0.8380
1157.000000 0.8397 0.8418 0.8449 0.8492 0.8506
1162.000000 0.8515 0.8524 0.8533 0.8539 0.8545
1167.000000 0.8551 0.8557 0.8565 0.8571 0.8580
1172.000000 0.8585 0.8589 0.8593 0.8597 0.8601
1177.000000 0.8603 0.8604 0.8606 0.8608 0.8609
1182.000000 0.8610 0.8611 0.8612 0.8613 0.8614
1187.000000 0.8615 0.8616 0.8617 0.8617 0.8618
1192.000000 0.8618 0.8618 0.8620 0.8620 0.8621
1197.000000 0.8621 0.8621 0.8623 0.8624 0.8624
1202.000000 0.8621 0.8618 0.8614 0.8610 0.8606
1207.000000 0.8602 0.8598 0.8594 0.8592 0.8592
1212.000000 0.8591 0.8591 0.8590 0.8590 0.8598
1217.000000 0.8612 0.8625 0.8633 0.8639 0.8644
1222.000000 0.8643 0.8642 0.8640 0.8638 0.8635
1227.000000 0.8632 0.8628 0.8623 0.8618 0.8614
1232.000000 0.8610 0.8605 0.8600 0.8596 0.8592
1237.000000 0.8589 0.8586 0.8583 0.8580 0.8577
1242.000000 0.8575 0.8574 0.8573 0.8571 0.8570
1247.000000 0.8568 0.8568 0.8567 0.8565 0.8563
1252.000000 0.8561 0.8559 0.8557 0.8556 0.8554
1257.000000 0.8552 0.8550 0.8548 0.8546 0.8545
1262.000000 0.8543 0.8541 0.8539 0.8536 0.8533
1267.000000 0.8530 0.8528 0.8525 0.8523 0.8521
1272.000000 0.8518 0.8517 0.8515 0.8513 0.8510
1277.000000 0.8508 0.8505 0.8502 0.8499 0.8497
1282.000000 0.8494 0.8491 0.8489 0.8486 0.8483
1287.000000 0.8480 0.8478 0.8475 0.8471 0.8470
1292.000000 0.8468 0.8465 0.8463 0.8461 0.8458
1297.000000 0.8456 0.8454 0.8452 0.8449 0.8447
1302.000000 0.8445 0.8441 0.8437 0.8432 0.8424
1307.000000 0.8409 0.8395 0.8380 0.8366 0.8351
1312.000000 0.8336 0.8321 0.8303 0.8286 0.8268
1317.000000 0.8251 0.8234 0.8216 0.8199 0.8181
1322.000000 0.8151 0.8083 0.8019 0.7961 0.7903
1327.000000 0.7846 0.7781 0.7675 0.7581 0.7506
1332.000000 0.7454 0.7417 0.7393 0.7368 0.7345
1337.000000 0.7328 0.7315 0.7317 0.7324 0.7339
1342.000000 0.7371 0.7404 0.7404 0.7404 0.7397
1347.000000 0.7374 0.7344 0.7315 0.7292 0.7268
1352.000000 0.7244 0.7218 0.7195 0.7171 0.7148
1357.000000 0.7125 0.7114 0.7101 0.7091 0.7091
1362.000000 0.7091 0.7091 0.7092 0.7093 0.7093
1367.000000 0.7101 0.7115 0.7128 0.7161 0.7193
1372.000000 0.7225 0.7257 0.7291 0.7333 0.7374
1377.000000 0.7399 0.7424 0.7450 0.7475 0.7500
1382.000000 0.7525 0.7551 0.7575 0.7601 0.7622
1387.000000 0.7645 0.7667 0.7689 0.7711 0.7733
1392.000000 0.7753 0.7768 0.7786 0.7803 0.7818
1397.000000 0.7832 0.7846 0.7860 0.7868 0.7871
1402.000000 0.7874 0.7876 0.7878 0.7878 0.7878
1407.000000 0.7878 0.7876 0.7875 0.7875 0.7871
1412.000000 0.7867 0.7861 0.7858 0.7854 0.7853
1417.000000 0.7851 0.7851 0.7851 0.7850 0.7850
1422.000000 0.7853 0.7857 0.7860 0.7865 0.7872
1427.000000 0.7880 0.7888 0.7897 0.7906 0.7915
1432.000000 0.7925 0.7936 0.7946 0.7957 0.7968
1437.000000 0.7978 0.7989 0.8000 0.8008 0.8018
1442.000000 0.8028 0.8038 0.8047 0.8054 0.8058
1447.000000 0.8064 0.8068 0.8074 0.8078 0.8084
1452.000000 0.8089 0.8094 0.8099 0.8104 0.8108
1457.000000 0.8114 0.8115 0.8115 0.8115 0.8117
1462.000000 0.8117 0.8118 0.8118 0.8118 0.8117
1467.000000 0.8115 0.8115 0.8110 0.8105 0.8100
1472.000000 0.8095 0.8091 0.8086 0.8078 0.8068
1477.000000 0.8060 0.8051 0.8041 0.8026 0.8008
1482.000000 0.7989 0.7965 0.7941 0.7917 0.7892
1487.000000 0.7868 0.7836 0.7801 0.7767 0.7726
1492.000000 0.7684 0.7640 0.7597 0.7555 0.7512
1497.000000 0.7471 0.7425 0.7372 0.7321 0.7268
1502.000000 0.7215 0.7161 0.7108 0.7056 0.7010
1507.000000 0.6968 0.6926 0.6885 0.6844 0.6800
1512.000000 0.6751 0.6701 0.6651 0.6603 0.6553
1517.000000 0.6503 0.6449 0.6396 0.6343 0.6291
1522.000000 0.6238 0.6186 0.6133 0.6085 0.6045
1527.000000 0.6006 0.5966 0.5912 0.5850 0.5788
1532.000000 0.5726 0.5672 0.5619 0.5566 0.5509
1537.000000 0.5444 0.5380 0.5200 0.5107 0.5027
1542.000000 0.4945 0.4818 0.4697 0.4600 0.4486
1547.000000 0.4403 0.4336 0.4310 0.4285 0.4283
1552.000000 0.4282 0.4281 0.4287 0.4294 0.4310
1557.000000 0.4339 0.4392 0.4442 0.4518 0.4605
1562.000000 0.4686 0.4744 0.4802 0.4860 0.4999
1567.000000 0.5115 0.5212 0.5299 0.5369 0.5400
1572.000000 0.5431 0.5462 0.5494 0.5525 0.5554
1577.000000 0.5577 0.5597 0.5608 0.5619 0.5629
1582.000000 0.5639 0.5649 0.5659 0.5672 0.5710
1587.000000 0.5781 0.5872 0.5967 0.6129 0.6243
1592.000000 0.6312 0.6383 0.6450 0.6515 0.6580
1597.000000 0.6647 0.6717 0.6788 0.6903 0.7031
1602.000000 0.7118 0.7206 0.7278 0.7343 0.7408
1607.000000 0.7474 0.7537 0.7583 0.7628 0.7667
1612.000000 0.7701 0.7735 0.7768 0.7801 0.7824
1617.000000 0.7847 0.7869 0.7893 0.7908 0.7921
1622.000000 0.7934 0.7945 0.7956 0.7967 0.7978
1627.000000 0.7990 0.8001 0.8014 0.8026 0.8039
1632.000000 0.8051 0.8065 0.8082 0.8103 0.8124
1637.000000 0.8144 0.8165 0.8188 0.8212 0.8235
1642.000000 0.8259 0.8283 0.8304 0.8321 0.8339
1647.000000 0.8357 0.8374 0.8391 0.8409 0.8423
1652.000000 0.8437 0.8445 0.8449 0.8453 0.8457
1657.000000 0.8461 0.8465 0.8468 0.8473 0.8475
1662.000000 0.8477 0.8478 0.8480 0.8482 0.8483
1667.000000 0.8485 0.8486 0.8487 0.8489 0.8490
1672.000000 0.8492 0.8493 0.8495 0.8495 0.8495
1677.000000 0.8495 0.8495 0.8495 0.8495 0.8495
1682.000000 0.8495 0.8495 0.8494 0.8493 0.8491
1687.000000 0.8490 0.8489 0.8488 0.8487 0.8486
1692.000000 0.8486 0.8485 0.8484 0.8484 0.8483
1697.000000 0.8483 0.8483 0.8485 0.8486 0.8488
1702.000000 0.8490 0.8491 0.8493 0.8495 0.8496
1707.000000 0.8498 0.8499 0.8501 0.8504 0.8507
1712.000000 0.8510 0.8513 0.8515 0.8518 0.8521
1717.000000 0.8524 0.8527 0.8530 0.8533 0.8535
1722.000000 0.8538 0.8541 0.8543 0.8546 0.8548
1727.000000 0.8550 0.8552 0.8554 0.8556 0.8558
1732.000000 0.8560 0.8562 0.8564 0.8566 0.8568
1737.000000 0.8568 0.8568 0.8568 0.8568 0.8568
1742.000000 0.8567 0.8567 0.8567 0.8567 0.8566
1747.000000 0.8566 0.8566 0.8567 0.8567 0.8567
1752.000000 0.8568 0.8568 0.8568 0.8568 0.8570
1757.000000 0.8570 0.8571 0.8575 0.8578 0.8581
1762.000000 0.8584 0.8587 0.8590 0.8593 0.8596
1767.000000 0.8597 0.8597 0.8597 0.8597 0.8597
1772.000000 0.8597 0.8597 0.8597 0.8597 0.8597
1777.000000 0.8597 0.8595 0.8593 0.8591 0.8589
1782.000000 0.8590 0.8590 0.8593 0.8596 0.8598
1787.000000 0.8601 0.8604 0.8605 0.8605 0.8604
1792.000000 0.8603 0.8603 0.8602 0.8601 0.8599
1797.000000 0.8597 0.8596 0.8594 0.8593 0.8591
1802.000000 0.8590 0.8588 0.8587 0.8586 0.8586
1807.000000 0.8585 0.8584 0.8583 0.8582 0.8581
1812.000000 0.8580 0.8578 0.8578 0.8578 0.8577
1817.000000 0.8575 0.8575 0.8575 0.8574 0.8573
1822.000000 0.8571 0.8571 0.8571 0.8570 0.8568
1827.000000 0.8568 0.8567 0.8567 0.8566 0.8565
1832.000000 0.8564 0.8564 0.8563 0.8562 0.8561
1837.000000 0.8561 0.8560 0.8559 0.8559 0.8558
1842.000000 0.8558 0.8558 0.8558 0.8558 0.8558
1847.000000 0.8558 0.8557 0.8557 0.8557 0.8557
1852.000000 0.8557 0.8557 0.8556 0.8556 0.8556
1857.000000 0.8556 0.8556 0.8556 0.8555 0.8555
1862.000000 0.8555 0.8555 0.8555 0.8555 0.8554
1867.000000 0.8554 0.8554 0.8554 0.8554 0.8554
1872.000000 0.8554 0.8554 0.8554 0.8554 0.8555
1877.000000 0.8556 0.8558 0.8559 0.8561 0.8562
1882.000000 0.8564 0.8565 0.8567 0.8568 0.8570
1887.000000 0.8570 0.8570 0.8570 0.8570 0.8570
1892.000000 0.8567 0.8565 0.8563 0.8563 0.8563
1897.000000 0.8563 0.8563 0.8563 0.8562 0.8560
1902.000000 0.8559 0.8557 0.8555 0.8554 0.8554
1907.000000 0.8556 0.8558 0.8560 0.8562 0.8564
1912.000000 0.8566 0.8568 0.8570 0.8571 0.8574
1917.000000 0.8575 0.8578 0.8580 0.8582 0.8584
1922.000000 0.8587 0.8589 0.8592 0.8594 0.8596
1927.000000 0.8599 0.8604 0.8609 0.8614 0.8618
1932.000000 0.8624 0.8621 0.8620 0.8618 0.8616
1937.000000 0.8614 0.8612 0.8610 0.8608 0.8606
1942.000000 0.8602 0.8598 0.8594 0.8590 0.8588
1947.000000 0.8588 0.8587 0.8587 0.8586 0.8586
1952.000000 0.8585 0.8585 0.8584 0.8583 0.8583
1957.000000 0.8582 0.8581 0.8580 0.8580 0.8578
1962.000000 0.8578 0.8577 0.8575 0.8575 0.8574
1967.000000 0.8573 0.8571 0.8571 0.8568 0.8567
1972.000000 0.8565 0.8564 0.8562 0.8562 0.8562
1977.000000 0.8562 0.8562 0.8562 0.8562 0.8563
1982.000000 0.8563 0.8563 0.8563 0.8563 0.8563
1987.000000 0.8563 0.8563 0.8563 0.8560 0.8557
1992.000000 0.8553 0.8549 0.8546 0.8542 0.8539
1997.000000 0.8535 0.8531 0.8528 0.8524 0.8520
2002.000000 0.8517 0.8515 0.8513 0.8511 0.8510
2007.000000 0.8509 0.8509 0.8508 0.8508 0.8507
2012.000000 0.8507 0.8506 0.8506 0.8505 0.8505
2017.000000 0.8504 0.8504 0.8503 0.8503 0.8502
2022.000000 0.8502 0.8501 0.8501 0.8500 0.8500
2027.000000 0.8499 0.8499 0.8498 0.8498 0.8497
2032.000000 0.8497 0.8496 0.8496 0.8496 0.8496
2037.000000 0.8496 0.8497 0.8497 0.8497 0.8497
2042.000000 0.8497 0.8497 0.8497 0.8497 0.8497
2047.000000 0.8497 0.8497 0.8497 0.8497 0.8497
2052.000000 0.8497 0.8497 0.8497 0.8497 0.8497
2057.000000 0.8497 0.8497 0.8497 0.8497 0.8497
2062.000000 0.8497 0.8497 0.8498 0.8498 0.8499
2067.000000 0.8499 0.8500 0.8501 0.8502 0.8502
2072.000000 0.8503 0.8503 0.8504 0.8504 0.8505
2077.000000 0.8505 0.8506 0.8506 0.8507 0.8507
2082.000000 0.8508 0.8508 0.8509 0.8509 0.8510
2087.000000 0.8511 0.8512 0.8512 0.8513 0.8513
2092.000000 0.8513 0.8513 0.8514 0.8514 0.8515
2097.000000 0.8515 0.8515 0.8515 0.8516 0.8516
2102.000000 0.8516 0.8516 0.8517 0.8517 0.8517
2107.000000 0.8517 0.8518 0.8518 0.8518 0.8518
2112.000000 0.8518 0.8518 0.8518 0.8518 0.8520
2117.000000 0.8520 0.8520 0.8520 0.8521 0.8521
2122.000000 0.8521 0.8521 0.8521 0.8521 0.8523
2127.000000 0.8523 0.8523 0.8523 0.8524 0.8524
2132.000000 0.8524 0.8524 0.8525 0.8525 0.8525
2137.000000 0.8525 0.8525 0.8525 0.8527 0.8527
2142.000000 0.8528 0.8528 0.8528 0.8528 0.8530
2147.000000 0.8530 0.8531 0.8531 0.8532 0.8532
2152.000000 0.8533 0.8534 0.8535 0.8535 0.8536
2157.000000 0.8536 0.8537 0.8537 0.8538 0.8538
2162.000000 0.8539 0.8539 0.8540 0.8540 0.8541
2167.000000 0.8541 0.8542 0.8543 0.8544 0.8544
2172.000000 0.8545 0.8545 0.8546 0.8546 0.8547
2177.000000 0.8547 0.8548 0.8548 0.8549 0.8549
2182.000000 0.8550 0.8550 0.8551 0.8552 0.8553
2187.000000 0.8553 0.8553 0.8553 0.8554 0.8554
2192.000000 0.8554 0.8554 0.8555 0.8555 0.8555
2197.000000 0.8555 0.8556 0.8556 0.8556 0.8556
2202.000000 0.8557 0.8557 0.8557 0.8557 0.8558
2207.000000 0.8558 0.8558 0.8558 0.8558 0.8558
2212.000000 0.8559 0.8559 0.8559 0.8559 0.8560
2217.000000 0.8560 0.8560 0.8560 0.8561 0.8561
2222.000000 0.8561 0.8561 0.8561 0.8561 0.8561
2227.000000 0.8559 0.8557 0.8555 0.8554 0.8552
2232.000000 0.8550 0.8548 0.8547 0.8545 0.8543
2237.000000 0.8541 0.8540 0.8538 0.8536 0.8534
2242.000000 0.8532 0.8530 0.8528 0.8527 0.8525
2247.000000 0.8523 0.8521 0.8518 0.8517 0.8515
2252.000000 0.8513 0.8511 0.8509 0.8506 0.8504
2257.000000 0.8501 0.8498 0.8495 0.8493 0.8490
2262.000000 0.8488 0.8485 0.8482 0.8475 0.8470
2267.000000 0.8464 0.8459 0.8453 0.8448 0.8442
2272.000000 0.8436 0.8430 0.8424 0.8417 0.8411
2277.000000 0.8404 0.8398 0.8391 0.8385 0.8378
2282.000000 0.8371 0.8367 0.8363 0.8358 0.8353
2287.000000 0.8348 0.8344 0.8339 0.8334 0.8332
2292.000000 0.8330 0.8328 0.8328 0.8327 0.8325
2297.000000 0.8325 0.8324 0.8323 0.8321 0.8325
2302.000000 0.8328 0.8332 0.8336 0.8340 0.8344
2307.000000 0.8348 0.8352 0.8357 0.8363 0.8368
2312.000000 0.8375 0.8380 0.8386 0.8392 0.8398
2317.000000 0.8404 0.8411 0.8416 0.8421 0.8425
2322.000000 0.8428 0.8428 0.8430 0.8427 0.8424
2327.000000 0.8421 0.8418 0.8417 0.8416 0.8415
2332.000000 0.8415 0.8414 0.8413 0.8412 0.8412
2337.000000 0.8411 0.8411 0.8411 0.8412 0.8413
2342.000000 0.8415 0.8416 0.8418 0.8418 0.8420
2347.000000 0.8421 0.8423 0.8424 0.8425 0.8427
2352.000000 0.8428 0.8431 0.8434 0.8437 0.8440
2357.000000 0.8443 0.8446 0.8449 0.8452 0.8455
2362.000000 0.8459 0.8462 0.8465 0.8468 0.8473
2367.000000 0.8477 0.8482 0.8486 0.8490 0.8494
2372.000000 0.8499 0.8503 0.8507 0.8511 0.8516
2377.000000 0.8520 0.8525 0.8527 0.8530 0.8532
2382.000000 0.8535 0.8537 0.8540 0.8542 0.8545
2387.000000 0.8547 0.8550 0.8551 0.8552 0.8549
2392.000000 0.8546 0.8543 0.8540 0.8537 0.8534
2397.000000 0.8531 0.8528 0.8528 0.8527 0.8525
2402.000000 0.8525 0.8524 0.8523 0.8523 0.8524
2407.000000 0.8525 0.8528 0.8531 0.8533 0.8536
2412.000000 0.8539 0.8542 0.8546 0.8549 0.8553
2417.000000 0.8556 0.8559 0.8561 0.8563 0.8564
2422.000000 0.8566 0.8568 0.8570 0.8571 0.8573
2427.000000 0.8575 0.8575 0.8575 0.8575 0.8575
2432.000000 0.8574 0.8573 0.8571 0.8571 0.8571
2437.000000 0.8570 0.8568 0.8568 0.8567 0.8566
2442.000000 0.8566 0.8565 0.8564 0.8563 0.8563
2447.000000 0.8562 0.8561 0.8560 0.8559 0.8558
2452.000000 0.8558 0.8556 0.8555 0.8552 0.8550
2457.000000 0.8548 0.8546 0.8543 0.8541 0.8538
2462.000000 0.8536 0.8534 0.8532 0.8528 0.8527
2467.000000 0.8525 0.8523 0.8520 0.8518 0.8515
2472.000000 0.8513 0.8511 0.8509 0.8506 0.8504
2477.000000 0.8502 0.8501 0.8499 0.8498 0.8497
2482.000000 0.8496 0.8494 0.8493 0.8492 0.8491
2487.000000 0.8489 0.8488 0.8487 0.8486 0.8484
2492.000000 0.8483 0.8482 0.8481 0.8478 0.8478
2497.000000 0.8477 0.8475 0.8474 0.8473 0.8471
2502.000000 0.8471 0.8468 0.8467 0.8465 0.8464
2507.000000 0.8462 0.8461 0.8459 0.8458 0.8456
2512.000000 0.8455 0.8453 0.8451 0.8449 0.8448
2517.000000 0.8446 0.8445 0.8443 0.8442 0.8440
2522.000000 0.8439 0.8439 0.8440 0.8440 0.8441
2527.000000 0.8441 0.8442 0.8442 0.8443 0.8445
2532.000000 0.8447 0.8451 0.8456 0.8460 0.8465
2537.000000 0.8468 0.8474 0.8477 0.8481 0.8482
2542.000000 0.8484 0.8485 0.8487 0.8488 0.8490
2547.000000 0.8491 0.8493 0.8493 0.8493 0.8493
2552.000000 0.8493 0.8492 0.8492 0.8491 0.8491
2557.000000 0.8490 0.8490 0.8489 0.8489 0.8489
2562.000000 0.8489 0.8488 0.8488 0.8487 0.8487
2567.000000 0.8487 0.8487 0.8487 0.8487 0.8486
2572.000000 0.8486 0.8486 0.8486 0.8485 0.8485
2577.000000 0.8485 0.8485 0.8485 0.8485 0.8484
2582.000000 0.8484 0.8484 0.8484 0.8483 0.8483
2587.000000 0.8483 0.8483 0.8483 0.8483 0.8482
2592.000000 0.8482 0.8482 0.8482 0.8481 0.8481
2597.000000 0.8481 0.8481 0.8481 0.8481 0.8480
2602.000000 0.8480 0.8480 0.8480 0.8480 0.8480
2607.000000 0.8480 0.8480 0.8478 0.8478 0.8478
2612.000000 0.8478 0.8478 0.8478 0.8478 0.8478
2617.000000 0.8478 0.8478 0.8478 0.8478 0.8477
2622.000000 0.8477 0.8477 0.8477 0.8477 0.8477
2627.000000 0.8475 0.8475 0.8475 0.8477 0.8477
2632.000000 0.8477 0.8477 0.8478 0.8478 0.8478
2637.000000 0.8478 0.8478 0.8478 0.8478 0.8478
2642.000000 0.8480 0.8480 0.8480 0.8480 0.8481
2647.000000 0.8481 0.8481 0.8481 0.8482 0.8482
2652.000000 0.8483 0.8483 0.8483 0.8483 0.8484
2657.000000 0.8484 0.8484 0.8484 0.8485 0.8485
2662.000000 0.8486 0.8486 0.8487 0.8488 0.8489
2667.000000 0.8489 0.8490 0.8490 0.8491 0.8492
2672.000000 0.8493 0.8493 0.8494 0.8494 0.8495
2677.000000 0.8495 0.8496 0.8497 0.8498 0.8498
2682.000000 0.8499 0.8499 0.8500 0.8501 0.8502
2687.000000 0.8502 0.8503 0.8503 0.8504 0.8504
2692.000000 0.8505 0.8506 0.8507 0.8507 0.8508
2697.000000 0.8508 0.8509 0.8509 0.8510 0.8511
2702.000000 0.8512 0.8512 0.8513 0.8513 0.8514
2707.000000 0.8515 0.8516 0.8516 0.8516 0.8516
2712.000000 0.8517 0.8517 0.8518 0.8518 0.8518
2717.000000 0.8518 0.8518 0.8518 0.8520 0.8520
2722.000000 0.8521 0.8521 0.8521 0.8521 0.8521
2727.000000 0.8521 0.8523 0.8523 0.8523 0.8523
2732.000000 0.8523 0.8521 0.8521 0.8520 0.8518
2737.000000 0.8518 0.8518 0.8517 0.8516 0.8515
2742.000000 0.8514 0.8513 0.8513 0.8512 0.8511
2747.000000 0.8510 0.8509 0.8508 0.8508 0.8507
2752.000000 0.8506 0.8505 0.8504 0.8503 0.8502
2757.000000 0.8501 0.8501 0.8500 0.8499 0.8498
2762.000000 0.8497 0.8496 0.8495 0.8494 0.8493
2767.000000 0.8492 0.8491 0.8490 0.8489 0.8488
2772.000000 0.8488 0.8487 0.8486 0.8485 0.8484
2777.000000 0.8483 0.8482 0.8481 0.8480 0.8478
2782.000000 0.8478 0.8477 0.8475 0.8475 0.8475
2787.000000 0.8474 0.8473 0.8471 0.8471 0.8470
2792.000000 0.8468 0.8468 0.8467 0.8466 0.8465
2797.000000 0.8465 0.8465 0.8464 0.8463 0.8462
2802.000000 0.8462 0.8461 0.8461 0.8460 0.8459
2807.000000 0.8458 0.8458 0.8457 0.8456 0.8454
2812.000000 0.8453 0.8452 0.8451 0.8449 0.8448
2817.000000 0.8447 0.8446 0.8444 0.8443 0.8442
2822.000000 0.8441 0.8439 0.8438 0.8437 0.8436
2827.000000 0.8434 0.8433 0.8432 0.8431 0.8428
2832.000000 0.8428 0.8427 0.8425 0.8425 0.8425
2837.000000 0.8424 0.8423 0.8421 0.8421 0.8421
2842.000000 0.8421 0.8420 0.8420 0.8418 0.8418
2847.000000 0.8417 0.8417 0.8416 0.8416 0.8416
2852.000000 0.8416 0.8415 0.8415 0.8415 0.8415
2857.000000 0.8415 0.8415 0.8414 0.8414 0.8414
2862.000000 0.8414 0.8414 0.8414 0.8413 0.8413
2867.000000 0.8413 0.8413 0.8413 0.8413 0.8413
2872.000000 0.8413 0.8413 0.8413 0.8412 0.8412
2877.000000 0.8412 0.8412 0.8411 0.8411 0.8410
2882.000000 0.8410 0.8410 0.8411 0.8411 0.8411
2887.000000 0.8411 0.8412 0.8412 0.8413 0.8413
2892.000000 0.8414 0.8414 0.8414 0.8414 0.8414
2897.000000 0.8414 0.8414 0.8413 0.8413 0.8411
2902.000000 0.8409 0.8407 0.8406 0.8404 0.8402
2907.000000 0.8400 0.8399 0.8397 0.8396 0.8394
2912.000000 0.8392 0.8388 0.8385 0.8381 0.8377
2917.000000 0.8373 0.8370 0.8366 0.8363 0.8359
2922.000000 0.8356 0.8352 0.8349 0.8346 0.8343
2927.000000 0.8339 0.8336 0.8333 0.8330 0.8325
2932.000000 0.8323 0.8318 0.8316 0.8315 0.8314
2937.000000 0.8314 0.8315 0.8315 0.8316 0.8316
2942.000000 0.8317 0.8317 0.8317 0.8317 0.8318
2947.000000 0.8318 0.8320 0.8321 0.8321 0.8323
2952.000000 0.8324 0.8325 0.8325 0.8327 0.8328
2957.000000 0.8328 0.8330 0.8330 0.8331 0.8332
2962.000000 0.8333 0.8334 0.8335 0.8336 0.8337
2967.000000 0.8338 0.8339 0.8340 0.8341 0.8341
2972.000000 0.8342 0.8343 0.8344 0.8344 0.8345
2977.000000 0.8345 0.8345 0.8345 0.8345 0.8345
2982.000000 0.8346 0.8346 0.8346 0.8346 0.8347
2987.000000 0.8347 0.8347 0.8347 0.8347 0.8347
2992.000000 0.8348 0.8348 0.8348 0.8348 0.8348
2997.000000 0.8348 0.8349 0.8349 0.8349 0.8348
3002.000000 0.8348 0.8347 0.8347 0.8346 0.8345
3007.000000 0.8344 0.8344 0.8343 0.8343 0.8342
3012.000000 0.8341 0.8340 0.8340 0.8339 0.8339
3017.000000 0.8338 0.8337 0.8336 0.8336 0.8335
3022.000000 0.8335 0.8334 0.8334 0.8333 0.8333
3027.000000 0.8332 0.8332 0.8331 0.8331 0.8330
3032.000000 0.8330 0.8328 0.8328 0.8328 0.8328
3037.000000 0.8327 0.8327 0.8325 0.8325 0.8325
3042.000000 0.8325 0.8324 0.8324 0.8323 0.8323
3047.000000 0.8321 0.8321 0.8320 0.8318 0.8317
3052.000000 0.8316 0.8314 0.8313 0.8311 0.8310
3057.000000 0.8308 0.8307 0.8305 0.8304 0.8302
3062.000000 0.8301 0.8299 0.8298 0.8296 0.8295
3067.000000 0.8293 0.8292 0.8290 0.8289 0.8287
3072.000000 0.8286 0.8284 0.8283 0.8281 0.8280
3077.000000 0.8278 0.8277 0.8275 0.8274 0.8271
3082.000000 0.8270 0.8267 0.8265 0.8263 0.8261
3087.000000 0.8259 0.8257 0.8255 0.8253 0.8251
3092.000000 0.8249 0.8246 0.8244 0.8242 0.8240
3097.000000 0.8238 0.8236 0.8234 0.8232 0.8228
3102.000000 0.8227 0.8224 0.8221 0.8218 0.8215
3107.000000 0.8212 0.8209 0.8206 0.8204 0.8201
3112.000000 0.8198 0.8195 0.8192 0.8189 0.8186
3117.000000 0.8183 0.8180 0.8176 0.8175 0.8171
3122.000000 0.8168 0.8165 0.8161 0.8156 0.8151
3127.000000 0.8148 0.8144 0.8139 0.8135 0.8131
3132.000000 0.8126 0.8121 0.8118 0.8114 0.8111
3137.000000 0.8108 0.8106 0.8104 0.8101 0.8100
3142.000000 0.8098 0.8096 0.8094 0.8092 0.8090
3147.000000 0.8088 0.8087 0.8088 0.8089 0.8090
3152.000000 0.8092 0.8093 0.8095 0.8096 0.8098
3157.000000 0.8099 0.8100 0.8101 0.8103 0.8105
3162.000000 0.8107 0.8108 0.8111 0.8112 0.8115
3167.000000 0.8118 0.8119 0.8121 0.8124 0.8125
3172.000000 0.8128 0.8131 0.8133 0.8135 0.8138
3177.000000 0.8141 0.8144 0.8147 0.8150 0.8151
3182.000000 0.8155 0.8158 0.8161 0.8162 0.8165
3187.000000 0.8168 0.8171 0.8171 0.8171 0.8171
3192.000000 0.8171 0.8171 0.8172 0.8172 0.8174
3197.000000 0.8174 0.8174 0.8174 0.8175 0.8175
3202.000000 0.8175 0.8172 0.8171 0.8169 0.8168
3207.000000 0.8167 0.8165 0.8162 0.8161 0.8158
3212.000000 0.8158 0.8156 0.8154 0.8151 0.8150
3217.000000 0.8148 0.8147 0.8145 0.8144 0.8142
3222.000000 0.8140 0.8138 0.8137 0.8135 0.8134
3227.000000 0.8132 0.8131 0.8128 0.8126 0.8125
3232.000000 0.8124 0.8121 0.8121 0.8118 0.8117
3237.000000 0.8115 0.8114 0.8111 0.8110 0.8108
3242.000000 0.8107 0.8105 0.8103 0.8101 0.8099
3247.000000 0.8097 0.8095 0.8093 0.8092 0.8090
3252.000000 0.8088 0.8086 0.8084 0.8082 0.8080
3257.000000 0.8078 0.8076 0.8075 0.8072 0.8071
3262.000000 0.8068 0.8067 0.8065 0.8062 0.8061
3267.000000 0.8058 0.8058 0.8056 0.8054 0.8051
3272.000000 0.8050 0.8048 0.8046 0.8044 0.8042
3277.000000 0.8040 0.8038 0.8036 0.8034 0.8032
3282.000000 0.8030 0.8026 0.8025 0.8021 0.8019
3287.000000 0.8018 0.8015 0.8012 0.8011 0.8008
3292.000000 0.8006 0.8004 0.8001 0.7999 0.7997
3297.000000 0.7995 0.7994 0.7994 0.7995 0.7996
3302.000000 0.7997 0.7997 0.7998 0.7999 0.8000
3307.000000 0.8000 0.8001 0.8003 0.8005 0.8008
3312.000000 0.8011 0.8014 0.8017 0.8018 0.8021
3317.000000 0.8025 0.8028 0.8031 0.8034 0.8037
3322.000000 0.8040 0.8043 0.8046 0.8049 0.8051
3327.000000 0.8055 0.8058 0.8061 0.8064 0.8067
3332.000000 0.8071 0.8075 0.8080 0.8084 0.8089
3337.000000 0.8093 0.8098 0.8101 0.8107 0.8111
3342.000000 0.8115 0.8119 0.8125 0.8130 0.8135
3347.000000 0.8139 0.8144 0.8148 0.8153 0.8157
3352.000000 0.8161 0.8165 0.8171 0.8175 0.8178
3357.000000 0.8183 0.8187 0.8191 0.8195 0.8199
3362.000000 0.8204 0.8208 0.8212 0.8216 0.8220
3367.000000 0.8224 0.8228 0.8232 0.8236 0.8240
3372.000000 0.8244 0.8248 0.8252 0.8256 0.8260
3377.000000 0.8264 0.8268 0.8271 0.8275 0.8278
3382.000000 0.8283 0.8287 0.8291 0.8295 0.8299
3387.000000 0.8303 0.8307 0.8310 0.8314 0.8318
3392.000000 0.8321 0.8325 0.8328 0.8331 0.8334
3397.000000 0.8336 0.8339 0.8341 0.8344 0.8346
3402.000000 0.8349 0.8351 0.8354 0.8356 0.8359
3407.000000 0.8361 0.8364 0.8366 0.8368 0.8371
3412.000000 0.8374 0.8375 0.8378 0.8378 0.8381
3417.000000 0.8382 0.8384 0.8385 0.8387 0.8388
3422.000000 0.8390 0.8392 0.8394 0.8395 0.8397
3427.000000 0.8398 0.8400 0.8401 0.8403 0.8404
3432.000000 0.8406 0.8407 0.8409 0.8410 0.8412
3437.000000 0.8413 0.8415 0.8416 0.8418 0.8418
3442.000000 0.8421 0.8421 0.8424 0.8425 0.8425
3447.000000 0.8427 0.8428 0.8430 0.8431 0.8432
3452.000000 0.8434 0.8435 0.8437 0.8438 0.8439
3457.000000 0.8440 0.8442 0.8443 0.8444 0.8445
3462.000000 0.8447 0.8448 0.8450 0.8451 0.8452
3467.000000 0.8453 0.8455 0.8455 0.8456 0.8456
3472.000000 0.8457 0.8458 0.8459 0.8459 0.8460
3477.000000 0.8460 0.8461 0.8462 0.8463 0.8463
3482.000000 0.8464 0.8464 0.8465 0.8466 0.8467
3487.000000 0.8467 0.8468 0.8468 0.8468 0.8468
3492.000000 0.8470 0.8470 0.8470 0.8470 0.8470
3497.000000 0.8470 0.8470 0.8470 0.8470 0.8470
3502.000000 0.8471 0.8471 0.8471 0.8471 0.8471
3507.000000 0.8471 0.8471 0.8471 0.8471 0.8471
3512.000000 0.8471 0.8471 0.8471 0.8471 0.8471
3517.000000 0.8471 0.8471 0.8471 0.8471 0.8471
3522.000000 0.8471 0.8471 0.8471 0.8471 0.8471
3527.000000 0.8471 0.8471 0.8471 0.8471 0.8471
3532.000000 0.8471 0.8471 0.8471 0.8471 0.8471
3537.000000 0.8471 0.8471 0.8471 0.8471 0.8471
3542.000000 0.8471 0.8471 0.8471 0.8471 0.8471
3547.000000 0.8471 0.8471 0.8471 0.8471 0.8471
3552.000000 0.8473 0.8473 0.8473 0.8473 0.8473
3557.000000 0.8473 0.8473 0.8473 0.8473 0.8473
3562.000000 0.8474 0.8474 0.8475 0.8475 0.8475
3567.000000 0.8475 0.8475 0.8475 0.8477 0.8477
3572.000000 0.8478 0.8478 0.8478 0.8478 0.8480
3577.000000 0.8480 0.8481 0.8481 0.8482 0.8482
3582.000000 0.8482 0.8482 0.8483 0.8483 0.8484
3587.000000 0.8484 0.8485 0.8485 0.8486 0.8486
3592.000000 0.8487 0.8487 0.8488 0.8488 0.8488
3597.000000 0.8488 0.8489 0.8489 0.8490 0.8490
3602.000000 0.8491 0.8491 0.8492 0.8492 0.8493
3607.000000 0.8493 0.8493 0.8493 0.8494 0.8494
3612.000000 0.8495 0.8495 0.8496 0.8496 0.8497
3617.000000 0.8497 0.8497 0.8497 0.8498 0.8498
3622.000000 0.8499 0.8499 0.8500 0.8500 0.8501
3627.000000 0.8501 0.8501 0.8501 0.8502 0.8502
3632.000000 0.8503 0.8503 0.8504 0.8504 0.8505
3637.000000 0.8505 0.8505 0.8505 0.8505 0.8505
3642.000000 0.8506 0.8506 0.8506 0.8506 0.8506
3647.000000 0.8506 0.8506 0.8506 0.8507 0.8507
3652.000000 0.8507 0.8507 0.8507 0.8507 0.8507
3657.000000 0.8507 0.8508 0.8508 0.8508 0.8508
3662.000000 0.8508 0.8508 0.8508 0.8508 0.8509
3667.000000 0.8509 0.8509 0.8509 0.8509 0.8509
3672.000000 0.8509 0.8509 0.8510 0.8510 0.8510
3677.000000 0.8510 0.8510 0.8510 0.8511 0.8511
3682.000000 0.8511 0.8511 0.8511 0.8511 0.8511
3687.000000 0.8511 0.8511 0.8511 0.8512 0.8512
3692.000000 0.8512 0.8512 0.8512 0.8512 0.8512
3697.000000 0.8512 0.8513 0.8513 0.8513 0.8513
3702.000000 0.8513 0.8513 0.8513 0.8513 0.8514
3707.000000 0.8514 0.8514 0.8514 0.8514 0.8514
3712.000000 0.8514 0.8514 0.8515 0.8515 0.8515
3717.000000 0.8515 0.8515 0.8515 0.8515 0.8515
3722.000000 0.8515 0.8515 0.8515 0.8515 0.8515
3727.000000 0.8515 0.8515 0.8515 0.8515 0.8515
3732.000000 0.8515 0.8514 0.8514 0.8514 0.8514
3737.000000 0.8514 0.8514 0.8514 0.8514 0.8514
3742.000000 0.8514 0.8514 0.8514 0.8513 0.8513
3747.000000 0.8513 0.8513 0.8513 0.8513 0.8513
3752.000000 0.8513 0.8513 0.8513 0.8512 0.8512
3757.000000 0.8512 0.8512 0.8512 0.8512 0.8512
3762.000000 0.8512 0.8511 0.8511 0.8511 0.8511
3767.000000 0.8511 0.8511 0.8510 0.8510 0.8510
3772.000000 0.8510 0.8510 0.8511 0.8512 0.8513
3777.000000 0.8513 0.8514 0.8514 0.8515 0.8515
3782.000000 0.8516 0.8516 0.8517 0.8517 0.8518
3787.000000 0.8518 0.8518 0.8518 0.8518 0.8518
3792.000000 0.8518 0.8518 0.8518 0.8518 0.8518
3797.000000 0.8518 0.8518 0.8518 0.8518
##END=
