##TITLE=P-PHENYL AZO CARBANILIC ACID, CEDROL ESTER
##JCAMP-DX=4.24
##DATA TYPE=INFRARED SPECTRUM
##CLASS=COBLENTZ
##ORIGIN=CITRUS EXPERIMENT STATION, UNIVERSITY OF FLORIDA (G. EDWARDS)
##OWNER=COBLENTZ SOCIETY
Collection (C) 2018 copyright by the U.S. Secretary of Commerce
on behalf of the United States of America. All rights reserved.
##DATE=Not specified, most likely prior to 1970
##NAMES=cedran-8-yl 4-[(E)-phenyldiazenyl]phenylcarbamate
##CAS REGISTRY NO=103306-68-9
##MOLFORM=C28 H35 N3 O2
##MP=139-140 C
##SOURCE REFERENCE=COBLENTZ NO. 2429
##$NIST SOURCE=COBLENTZ
##$NIST IMAGE=cob2429
##SPECTROMETER/DATA SYSTEM=Not specified, most likely a grating spectrometer.
##STATE=SOLID (1.5 mg / 100 mg KBr)
##SAMPLING PROCEDURE=TRANSMISSION
##RESOLUTION=4
##DATA PROCESSING=DIGITIZED BY NIST FROM HARD COPY
##XUNITS=MICROMETERS
##YUNITS=TRANSMITTANCE
##XFACTOR=1.000000
##YFACTOR=1
##DELTAX=000.006619
##FIRSTX=2.007
##LASTX=15.0141
##FIRSTY=0.862
##MAXX=15.0141
##MINX=2.007
##MAXY=0.984
##MINY=0.418
##NPOINTS=1966
##XYDATA=(X++(Y..Y))
2.007000 0.8620 0.8620 0.8620 0.8620 0.8620
2.040114 0.8620 0.8640 0.8650 0.8650 0.8650
2.073000 0.8650 0.8660 0.8680 0.8680 0.8680
2.106114 0.8690 0.8690 0.8690 0.8700 0.8700
2.139000 0.8720 0.8720 0.8720 0.8730 0.8730
2.172114 0.8730 0.8730 0.8730 0.8730 0.8730
2.205000 0.8730 0.8730 0.8730 0.8730 0.8730
2.238114 0.8740 0.8760 0.8760 0.8770 0.8780
2.271000 0.8780 0.8800 0.8810 0.8810 0.8810
2.304114 0.8820 0.8820 0.8840 0.8840 0.8840
2.338000 0.8850 0.8850 0.8850 0.8860 0.8860
2.371114 0.8880 0.8880 0.8880 0.8880 0.8890
2.404000 0.8890 0.8890 0.8890 0.8900 0.8920
2.437114 0.8920 0.8920 0.8930 0.8930 0.8930
2.470000 0.8940 0.8960 0.8960 0.8970 0.8970
2.503114 0.8980 0.8980 0.9000 0.9000 0.9010
2.536000 0.9010 0.9010 0.9010 0.9010 0.9010
2.569114 0.9010 0.9020 0.9020 0.9040 0.9040
2.602000 0.9040 0.9040 0.9050 0.9050 0.9050
2.635114 0.9050 0.9060 0.9080 0.9080 0.9080
2.669000 0.9090 0.9090 0.9090 0.9090 0.9090
2.702114 0.9090 0.9090 0.9090 0.9090 0.9080
2.735000 0.9080 0.9060 0.9050 0.9040 0.9040
2.768114 0.9040 0.9020 0.9020 0.9010 0.9010
2.801000 0.9010 0.9010 0.9020 0.9020 0.9020
2.834114 0.9020 0.9020 0.9010 0.9010 0.9000
2.867000 0.9000 0.8970 0.8930 0.8850 0.8780
2.900114 0.8730 0.8690 0.8680 0.8680 0.8690
2.933000 0.8700 0.8700 0.8690 0.8600 0.8460
2.966114 0.8410 0.8360 0.8290 0.8280 0.8280
3.000000 0.8300 0.8410 0.8530 0.8580 0.8640
3.033114 0.8740 0.8800 0.8850 0.8920 0.8970
3.066000 0.8980 0.8980 0.9010 0.9040 0.9100
3.099114 0.9130 0.9130 0.9140 0.9160 0.9160
3.132000 0.9180 0.9200 0.9210 0.9210 0.9210
3.165114 0.9210 0.9210 0.9200 0.9200 0.9200
3.198000 0.9180 0.9160 0.9140 0.9130 0.9100
3.231114 0.9080 0.9040 0.9020 0.9010 0.9010
3.264000 0.9010 0.9010 0.9010 0.8980 0.8930
3.297114 0.8820 0.8740 0.8530 0.8250 0.7920
3.330000 0.7570 0.7210 0.6910 0.6610 0.6390
3.363114 0.6360 0.6390 0.6550 0.6690 0.6830
3.397000 0.7070 0.7250 0.7330 0.7440 0.7580
3.430114 0.7690 0.7740 0.7740 0.7760 0.7800
3.463000 0.7940 0.8210 0.8370 0.8620 0.8800
3.496114 0.8960 0.9140 0.9260 0.9260 0.9300
3.529000 0.9320 0.9340 0.9340 0.9370 0.9380
3.562114 0.9400 0.9400 0.9400 0.9400 0.9400
3.595000 0.9400 0.9400 0.9400 0.9400 0.9410
3.628114 0.9410 0.9420 0.9440 0.9440 0.9450
3.661000 0.9460 0.9460 0.9480 0.9480 0.9490
3.694114 0.9490 0.9490 0.9490 0.9490 0.9490
3.728000 0.9490 0.9490 0.9500 0.9500 0.9490
3.761114 0.9490 0.9490 0.9500 0.9500 0.9500
3.794000 0.9500 0.9500 0.9500 0.9500 0.9500
3.827114 0.9500 0.9520 0.9520 0.9520 0.9530
3.860000 0.9530 0.9530 0.9530 0.9540 0.9530
3.893114 0.9530 0.9530 0.9530 0.9540 0.9540
3.926000 0.9560 0.9560 0.9560 0.9570 0.9570
3.959114 0.9580 0.9580 0.9580 0.9580 0.9580
3.992000 0.9600 0.9600 0.9600 0.9600 0.9600
4.025114 0.9610 0.9610 0.9610 0.9610 0.9610
4.059000 0.9610 0.9610 0.9610 0.9610 0.9640
4.092114 0.9640 0.9640 0.9640 0.9650 0.9650
4.125000 0.9650 0.9650 0.9650 0.9650 0.9650
4.158114 0.9650 0.9650 0.9650 0.9650 0.9650
4.191000 0.9650 0.9650 0.9650 0.9650 0.9650
4.224114 0.9650 0.9650 0.9650 0.9650 0.9650
4.257000 0.9650 0.9650 0.9650 0.9660 0.9660
4.290114 0.9660 0.9660 0.9660 0.9660 0.9660
4.323000 0.9680 0.9680 0.9680 0.9680 0.9680
4.356114 0.9680 0.9680 0.9680 0.9690 0.9690
4.390000 0.9690 0.9690 0.9690 0.9690 0.9690
4.423114 0.9690 0.9700 0.9700 0.9720 0.9720
4.456000 0.9720 0.9730 0.9730 0.9730 0.9740
4.489114 0.9740 0.9740 0.9740 0.9740 0.9740
4.522000 0.9740 0.9740 0.9740 0.9740 0.9740
4.555114 0.9740 0.9740 0.9740 0.9740 0.9760
4.588000 0.9760 0.9760 0.9760 0.9760 0.9770
4.621114 0.9770 0.9770 0.9770 0.9770 0.9780
4.654000 0.9780 0.9780 0.9780 0.9780 0.9780
4.687114 0.9780 0.9780 0.9780 0.9780 0.9780
4.721000 0.9780 0.9780 0.9780 0.9780 0.9780
4.754114 0.9780 0.9780 0.9780 0.9780 0.9780
4.787000 0.9780 0.9780 0.9780 0.9770 0.9770
4.820114 0.9770 0.9770 0.9770 0.9770 0.9770
4.853000 0.9770 0.9780 0.9780 0.9780 0.9780
4.886114 0.9780 0.9780 0.9780 0.9780 0.9780
4.919000 0.9780 0.9780 0.9780 0.9780 0.9780
4.952114 0.9780 0.9780 0.9780 0.9780 0.9780
4.985000 0.9780 0.9780 0.9780 0.9780 0.9780
5.018114 0.9780 0.9770 0.9770 0.9770 0.9770
5.052000 0.9760 0.9760 0.9760 0.9760 0.9760
5.085114 0.9760 0.9760 0.9760 0.9760 0.9760
5.118000 0.9760 0.9760 0.9760 0.9760 0.9760
5.151114 0.9760 0.9760 0.9760 0.9760 0.9760
5.184000 0.9760 0.9760 0.9760 0.9760 0.9760
5.217114 0.9760 0.9760 0.9760 0.9760 0.9760
5.250000 0.9760 0.9770 0.9770 0.9770 0.9780
5.283114 0.9780 0.9780 0.9800 0.9800 0.9800
5.316000 0.9810 0.9810 0.9810 0.9810 0.9820
5.349114 0.9820 0.9820 0.9840 0.9840 0.9840
5.383000 0.9840 0.9840 0.9840 0.9840 0.9840
5.416114 0.9840 0.9820 0.9820 0.9810 0.9810
5.449000 0.9800 0.9800 0.9780 0.9780 0.9770
5.482114 0.9770 0.9770 0.9770 0.9740 0.9740
5.515000 0.9740 0.9740 0.9730 0.9730 0.9730
5.548114 0.9730 0.9730 0.9720 0.9720 0.9720
5.581000 0.9700 0.9700 0.9700 0.9690 0.9690
5.614114 0.9690 0.9680 0.9680 0.9680 0.9660
5.647000 0.9650 0.9600 0.9580 0.9490 0.9410
5.680114 0.9300 0.8970 0.8680 0.8460 0.8280
5.713000 0.8010 0.7740 0.7440 0.7080 0.6800
5.746114 0.6770 0.6770 0.6810 0.7000 0.7030
5.780000 0.7120 0.7130 0.7110 0.6950 0.6890
5.813114 0.6870 0.6850 0.6850 0.6880 0.6930
5.846000 0.7010 0.7170 0.7360 0.7520 0.7700
5.879114 0.7780 0.8010 0.8180 0.8520 0.8920
5.912000 0.9040 0.9180 0.9260 0.9340 0.9400
5.945114 0.9450 0.9460 0.9480 0.9480 0.9480
5.978000 0.9500 0.9530 0.9560 0.9580 0.9600
6.011114 0.9600 0.9600 0.9610 0.9610 0.9610
6.044000 0.9610 0.9610 0.9610 0.9610 0.9610
6.077114 0.9610 0.9610 0.9600 0.9580 0.9570
6.111000 0.9560 0.9540 0.9520 0.9450 0.9360
6.144114 0.9300 0.9220 0.9090 0.8860 0.8730
6.177000 0.8660 0.8410 0.8240 0.7730 0.6690
6.210114 0.6440 0.6430 0.6430 0.6450 0.6570
6.243000 0.6610 0.6630 0.6640 0.6910 0.7360
6.276114 0.7660 0.7840 0.8130 0.8700 0.8890
6.309000 0.9040 0.9130 0.9300 0.9370 0.9370
6.342114 0.9330 0.9290 0.9280 0.9250 0.9140
6.375000 0.8970 0.8880 0.8580 0.8420 0.8400
6.408114 0.8370 0.8320 0.8130 0.7890 0.7520
6.442000 0.7120 0.6370 0.5870 0.5670 0.5610
6.475114 0.5600 0.5550 0.5370 0.5240 0.5150
6.508000 0.5130 0.5120 0.5110 0.5110 0.5120
6.541114 0.5130 0.5210 0.5280 0.5350 0.5530
6.574000 0.5720 0.5970 0.6470 0.6950 0.7170
6.607114 0.7360 0.7410 0.7490 0.7570 0.7730
6.640000 0.7920 0.8120 0.8260 0.8340 0.8340
6.673114 0.8260 0.8210 0.8140 0.8130 0.8160
6.706000 0.8240 0.8340 0.8400 0.8440 0.8520
6.739114 0.8520 0.8330 0.8260 0.8200 0.8130
6.773000 0.8050 0.8040 0.8020 0.7880 0.7760
6.806114 0.7690 0.7700 0.7770 0.7850 0.7920
6.839000 0.8010 0.8080 0.8140 0.8210 0.8220
6.872114 0.8250 0.8280 0.8300 0.8320 0.8320
6.905000 0.8240 0.8020 0.8010 0.8010 0.8130
6.938114 0.8260 0.8410 0.8570 0.8700 0.8860
6.971000 0.9010 0.9120 0.9330 0.9370 0.9370
7.004114 0.9320 0.9260 0.9080 0.8930 0.8730
7.037000 0.8640 0.8560 0.8340 0.8020 0.7580
7.070114 0.7290 0.6990 0.6970 0.6990 0.7440
7.104000 0.7880 0.8220 0.8480 0.8660 0.8840
7.137114 0.8940 0.9010 0.9050 0.9050 0.9040
7.170000 0.9010 0.8880 0.8850 0.8810 0.8800
7.203114 0.8800 0.8770 0.8700 0.8560 0.8250
7.236000 0.7970 0.7940 0.7970 0.8050 0.8200
7.269114 0.8220 0.8320 0.8360 0.8380 0.8400
7.302000 0.8410 0.8410 0.8480 0.8560 0.8640
7.335114 0.8660 0.8690 0.8720 0.8770 0.8820
7.368000 0.8890 0.8920 0.8940 0.8940 0.8970
7.401114 0.8970 0.8970 0.8970 0.8940 0.8920
7.435000 0.8780 0.8720 0.8700 0.8690 0.8680
7.468114 0.8650 0.8570 0.8460 0.8370 0.8250
7.501000 0.8160 0.8050 0.8010 0.7940 0.7840
7.534114 0.7840 0.7810 0.7760 0.7730 0.7690
7.567000 0.7660 0.7640 0.7620 0.7610 0.7580
7.600114 0.7240 0.7110 0.6850 0.6710 0.6680
7.633000 0.6680 0.6720 0.6790 0.6800 0.6840
7.666114 0.7010 0.7250 0.7580 0.7690 0.7780
7.699000 0.8020 0.8240 0.8660 0.8820 0.8920
7.732114 0.8980 0.9100 0.9170 0.9170 0.9120
7.765000 0.9120 0.9130 0.9170 0.9170 0.9170
7.798114 0.9130 0.9050 0.9010 0.8930 0.8810
7.832000 0.8760 0.8720 0.8620 0.8520 0.8420
7.865114 0.8360 0.8260 0.8200 0.8170 0.8170
7.898000 0.8200 0.8220 0.8260 0.8300 0.8320
7.931114 0.8340 0.8370 0.8380 0.8380 0.8380
7.964000 0.8380 0.8380 0.8380 0.8380 0.8370
7.997114 0.8320 0.8250 0.8170 0.8050 0.8020
8.030000 0.7850 0.7700 0.7500 0.7320 0.7000
8.063114 0.6830 0.6570 0.6410 0.6200 0.5990
8.096000 0.5850 0.5690 0.5470 0.5240 0.5000
8.129114 0.4820 0.4670 0.4550 0.4440 0.4320
8.163000 0.4230 0.4190 0.4180 0.4180 0.4190
8.196114 0.4240 0.4340 0.4390 0.4430 0.4540
8.229000 0.4600 0.4660 0.4710 0.4750 0.4860
8.262114 0.4910 0.4960 0.5200 0.5330 0.5520
8.295000 0.5790 0.6080 0.6390 0.6690 0.6990
8.328114 0.7270 0.7530 0.7740 0.7900 0.8010
8.361000 0.8100 0.8120 0.8170 0.8140 0.8120
8.394114 0.8060 0.8040 0.8020 0.8050 0.8210
8.427000 0.8300 0.8410 0.8500 0.8540 0.8620
8.460114 0.8650 0.8680 0.8720 0.8780 0.8850
8.494000 0.8900 0.8960 0.8980 0.9010 0.9010
8.527114 0.8960 0.8940 0.8920 0.8890 0.8890
8.560000 0.8860 0.8860 0.8840 0.8810 0.8770
8.593114 0.8700 0.8610 0.8450 0.8200 0.8060
8.626000 0.7930 0.7800 0.7620 0.7480 0.7330
8.659114 0.7240 0.7170 0.7160 0.7170 0.7200
8.692000 0.7270 0.7320 0.7330 0.7360 0.7360
8.725114 0.7360 0.7370 0.7390 0.7410 0.7520
8.758000 0.7610 0.7770 0.7930 0.8060 0.8240
8.791114 0.8400 0.8540 0.8600 0.8650 0.8680
8.825000 0.8680 0.8640 0.8620 0.8600 0.8520
8.858114 0.8450 0.8410 0.8340 0.8220 0.8120
8.891000 0.8020 0.7840 0.7700 0.7600 0.7530
8.924114 0.7450 0.7350 0.7210 0.7010 0.6730
8.957000 0.6590 0.6530 0.6520 0.6530 0.6650
8.990114 0.6670 0.6630 0.6520 0.6350 0.6160
9.023000 0.6000 0.5800 0.5650 0.5550 0.5480
9.056114 0.5450 0.5450 0.5480 0.5570 0.5710
9.089000 0.5790 0.6000 0.6250 0.6510 0.6770
9.122114 0.7030 0.7310 0.7430 0.7610 0.7690
9.156000 0.7640 0.7610 0.7490 0.7330 0.7250
9.189114 0.7000 0.6880 0.6710 0.6670 0.6680
9.222000 0.6890 0.7090 0.7330 0.7580 0.7810
9.255114 0.8060 0.8290 0.8490 0.8580 0.8660
9.288000 0.8780 0.8840 0.8850 0.8820 0.8740
9.321114 0.8700 0.8690 0.8560 0.8490 0.8480
9.354000 0.8410 0.8410 0.8420 0.8460 0.8530
9.387114 0.8600 0.8610 0.8660 0.8700 0.8690
9.420000 0.8660 0.8640 0.8640 0.8610 0.8580
9.453114 0.8580 0.8620 0.8650 0.8660 0.8690
9.487000 0.8680 0.8620 0.8560 0.8480 0.8410
9.520114 0.8330 0.8160 0.8060 0.8000 0.7880
9.553000 0.7820 0.7800 0.7800 0.7850 0.7920
9.586114 0.7970 0.8000 0.8040 0.8060 0.8130
9.619000 0.8210 0.8220 0.8300 0.8370 0.8400
9.652114 0.8450 0.8530 0.8680 0.8730 0.8840
9.685000 0.8900 0.8960 0.9010 0.9120 0.9130
9.718114 0.9140 0.9160 0.9180 0.9200 0.9180
9.751000 0.9140 0.9120 0.9040 0.9000 0.8940
9.784114 0.8840 0.8780 0.8760 0.8770 0.8820
9.817000 0.8850 0.8900 0.8930 0.8970 0.9010
9.850114 0.9050 0.9060 0.9060 0.9060 0.9060
9.884000 0.9080 0.9080 0.9090 0.9100 0.9120
9.917114 0.9120 0.9130 0.9140 0.9160 0.9160
9.950000 0.9180 0.9210 0.9220 0.9240 0.9250
9.983114 0.9250 0.9260 0.9280 0.9290 0.9320
10.016000 0.9340 0.9370 0.9420 0.9520 0.9540
10.049114 0.9570 0.9600 0.9620 0.9650 0.9660
10.082000 0.9660 0.9680 0.9680 0.9680 0.9660
10.115114 0.9660 0.9660 0.9660 0.9680 0.9680
10.148000 0.9690 0.9690 0.9700 0.9700 0.9700
10.181114 0.9700 0.9700 0.9700 0.9690 0.9690
10.215000 0.9690 0.9680 0.9660 0.9650 0.9620
10.248114 0.9600 0.9580 0.9570 0.9560 0.9540
10.281000 0.9530 0.9480 0.9440 0.9400 0.9380
10.314114 0.9380 0.9380 0.9410 0.9420 0.9450
10.347000 0.9480 0.9520 0.9520 0.9570 0.9600
10.380114 0.9610 0.9620 0.9620 0.9620 0.9640
10.413000 0.9640 0.9640 0.9650 0.9650 0.9660
10.446114 0.9660 0.9680 0.9680 0.9690 0.9690
10.479000 0.9690 0.9690 0.9690 0.9690 0.9690
10.512114 0.9690 0.9680 0.9660 0.9620 0.9620
10.546000 0.9610 0.9580 0.9560 0.9540 0.9520
10.579114 0.9520 0.9500 0.9480 0.9450 0.9440
10.612000 0.9420 0.9410 0.9410 0.9410 0.9420
10.645114 0.9420 0.9440 0.9450 0.9460 0.9460
10.678000 0.9490 0.9490 0.9490 0.9490 0.9490
10.711114 0.9460 0.9440 0.9420 0.9400 0.9380
10.744000 0.9370 0.9370 0.9380 0.9400 0.9440
10.777114 0.9450 0.9450 0.9460 0.9460 0.9460
10.810000 0.9450 0.9450 0.9440 0.9410 0.9400
10.843114 0.9330 0.9320 0.9300 0.9290 0.9240
10.877000 0.9210 0.9200 0.9210 0.9220 0.9320
10.910114 0.9340 0.9360 0.9370 0.9400 0.9400
10.943000 0.9440 0.9460 0.9480 0.9480 0.9490
10.976114 0.9490 0.9490 0.9490 0.9490 0.9490
11.009000 0.9490 0.9490 0.9490 0.9490 0.9480
11.042114 0.9480 0.9460 0.9460 0.9460 0.9460
11.075000 0.9480 0.9500 0.9500 0.9500 0.9500
11.108114 0.9490 0.9490 0.9490 0.9490 0.9490
11.141000 0.9490 0.9500 0.9500 0.9500 0.9520
11.174114 0.9530 0.9560 0.9570 0.9600 0.9620
11.208000 0.9650 0.9680 0.9690 0.9700 0.9700
11.241114 0.9720 0.9720 0.9720 0.9730 0.9730
11.274000 0.9730 0.9730 0.9730 0.9730 0.9730
11.307114 0.9730 0.9730 0.9730 0.9730 0.9730
11.340000 0.9730 0.9730 0.9740 0.9740 0.9760
11.373114 0.9760 0.9760 0.9770 0.9770 0.9780
11.406000 0.9800 0.9820 0.9820 0.9840 0.9840
11.439114 0.9840 0.9840 0.9840 0.9820 0.9820
11.472000 0.9820 0.9820 0.9810 0.9810 0.9810
11.505114 0.9810 0.9800 0.9780 0.9780 0.9770
11.539000 0.9770 0.9770 0.9760 0.9760 0.9760
11.572114 0.9740 0.9730 0.9730 0.9720 0.9700
11.605000 0.9700 0.9690 0.9660 0.9650 0.9650
11.638114 0.9640 0.9620 0.9610 0.9570 0.9570
11.671000 0.9540 0.9500 0.9450 0.9410 0.9360
11.704114 0.9300 0.9250 0.9200 0.9130 0.8980
11.737000 0.8860 0.8740 0.8650 0.8540 0.8440
11.770114 0.8330 0.8210 0.8060 0.8020 0.7930
11.803000 0.7810 0.7700 0.7640 0.7610 0.7530
11.836114 0.7490 0.7450 0.7450 0.7470 0.7520
11.870000 0.7570 0.7620 0.7640 0.7720 0.7780
11.903114 0.7880 0.7940 0.8020 0.8060 0.8140
11.936000 0.8220 0.8290 0.8330 0.8410 0.8500
11.969114 0.8560 0.8580 0.8620 0.8690 0.8780
12.002000 0.8850 0.8920 0.8960 0.9010 0.9050
12.035114 0.9080 0.9100 0.9130 0.9130 0.9140
12.068000 0.9160 0.9180 0.9240 0.9300 0.9320
12.101114 0.9330 0.9330 0.9340 0.9360 0.9370
12.134000 0.9370 0.9380 0.9400 0.9400 0.9410
12.167114 0.9410 0.9410 0.9410 0.9410 0.9410
12.200000 0.9410 0.9410 0.9410 0.9400 0.9400
12.233114 0.9400 0.9410 0.9410 0.9420 0.9440
12.267000 0.9440 0.9450 0.9450 0.9450 0.9460
12.300114 0.9460 0.9480 0.9480 0.9480 0.9480
12.333000 0.9490 0.9490 0.9500 0.9520 0.9560
12.366114 0.9570 0.9570 0.9570 0.9570 0.9560
12.399000 0.9560 0.9540 0.9530 0.9530 0.9530
12.432114 0.9520 0.9520 0.9520 0.9520 0.9520
12.465000 0.9500 0.9500 0.9490 0.9490 0.9480
12.498114 0.9450 0.9410 0.9380 0.9340 0.9320
12.531000 0.9300 0.9280 0.9240 0.9220 0.9170
12.564114 0.9080 0.8980 0.8900 0.8860 0.8820
12.598000 0.8780 0.8700 0.8580 0.8490 0.8410
12.631114 0.8330 0.8300 0.8250 0.8180 0.8130
12.664000 0.8060 0.8020 0.8010 0.7960 0.7930
12.697114 0.7930 0.7900 0.7900 0.7890 0.7890
12.730000 0.7890 0.7900 0.7900 0.7920 0.7940
12.763114 0.7960 0.7960 0.7970 0.7970 0.7980
12.796000 0.8000 0.8010 0.8020 0.8040 0.8050
12.829114 0.8050 0.8050 0.8050 0.8050 0.8050
12.862000 0.8050 0.8050 0.8040 0.8040 0.8020
12.895114 0.8010 0.8000 0.7980 0.7960 0.7930
12.929000 0.7920 0.7900 0.7840 0.7780 0.7740
12.962114 0.7700 0.7660 0.7620 0.7570 0.7500
12.995000 0.7450 0.7370 0.7280 0.7170 0.7150
13.028114 0.7070 0.7000 0.6930 0.6920 0.6880
13.061000 0.6830 0.6770 0.6760 0.6770 0.6800
13.094114 0.6840 0.6890 0.6960 0.7040 0.7090
13.127000 0.7120 0.7200 0.7240 0.7320 0.7400
13.160114 0.7480 0.7540 0.7600 0.7660 0.7730
13.193000 0.7800 0.7880 0.7940 0.8020 0.8040
13.226114 0.8100 0.8170 0.8220 0.8250 0.8290
13.260000 0.8330 0.8380 0.8480 0.8520 0.8560
13.293114 0.8580 0.8610 0.8660 0.8720 0.8730
13.326000 0.8770 0.8810 0.8850 0.8900 0.8930
13.359114 0.8940 0.8940 0.8960 0.8960 0.8970
13.392000 0.8970 0.8980 0.8980 0.9000 0.9000
13.425114 0.9010 0.9040 0.9060 0.9090 0.9090
13.458000 0.9120 0.9140 0.9180 0.9200 0.9200
13.491114 0.9220 0.9250 0.9280 0.9280 0.9290
13.524000 0.9300 0.9320 0.9340 0.9370 0.9370
13.557114 0.9370 0.9380 0.9380 0.9400 0.9400
13.591000 0.9400 0.9400 0.9400 0.9400 0.9400
13.624114 0.9400 0.9400 0.9400 0.9400 0.9400
13.657000 0.9400 0.9400 0.9400 0.9400 0.9400
13.690114 0.9400 0.9400 0.9380 0.9380 0.9380
13.723000 0.9380 0.9370 0.9370 0.9370 0.9370
13.756114 0.9360 0.9340 0.9330 0.9320 0.9300
13.789000 0.9300 0.9290 0.9290 0.9280 0.9280
13.822114 0.9260 0.9240 0.9200 0.9170 0.9160
13.855000 0.9120 0.9090 0.9020 0.9010 0.8980
13.888114 0.8970 0.8960 0.8960 0.8970 0.8980
13.922000 0.9000 0.9020 0.9040 0.9090 0.9100
13.955114 0.9120 0.9140 0.9160 0.9170 0.9180
13.988000 0.9200 0.9200 0.9210 0.9210 0.9240
14.021114 0.9240 0.9240 0.9240 0.9250 0.9260
14.054000 0.9260 0.9280 0.9290 0.9290 0.9300
14.087114 0.9300 0.9300 0.9300 0.9300 0.9290
14.120000 0.9290 0.9280 0.9280 0.9280 0.9260
14.153114 0.9260 0.9250 0.9250 0.9240 0.9240
14.186000 0.9240 0.9240 0.9250 0.9250 0.9250
14.219114 0.9250 0.9250 0.9240 0.9240 0.9220
14.252000 0.9210 0.9200 0.9200 0.9200 0.9170
14.285114 0.9120 0.9100 0.9090 0.9090 0.9040
14.319000 0.8980 0.8970 0.8920 0.8900 0.8890
14.352114 0.8840 0.8800 0.8770 0.8760 0.8740
14.385000 0.8730 0.8700 0.8650 0.8640 0.8620
14.418114 0.8600 0.8500 0.8450 0.8380 0.8330
14.451000 0.8280 0.8220 0.8160 0.8100 0.8050
14.484114 0.8000 0.7880 0.7760 0.7650 0.7530
14.517000 0.7450 0.7430 0.7400 0.7370 0.7290
14.550114 0.7210 0.7200 0.7200 0.7200 0.7210
14.583000 0.7210 0.7240 0.7250 0.7280 0.7330
14.616114 0.7440 0.7500 0.7570 0.7650 0.7690
14.650000 0.7720 0.7760 0.7810 0.7900 0.8050
14.683114 0.8120 0.8160 0.8210 0.8250 0.8280
14.716000 0.8300 0.8320 0.8380 0.8480 0.8500
14.749114 0.8540 0.8560 0.8570 0.8600 0.8610
14.782000 0.8640 0.8660 0.8680 0.8690 0.8700
14.815114 0.8720 0.8730 0.8730 0.8730 0.8720
14.848000 0.8690 0.8690 0.8640 0.8640 0.8620
14.881114 0.8600 0.8540 0.8480 0.8360 0.8260
14.914000 0.8180 0.8100 0.7960 0.7940 0.7940
14.947114 0.7940 0.7960 0.8060 0.8210 0.8330
14.981000 0.8450 0.8560 0.8620 0.8680 0.8690
15.014114 0.8730
##END=
