##TITLE=P-NONYLPHENOL
##JCAMP-DX=4.24
##DATA TYPE=INFRARED SPECTRUM
##CLASS=COBLENTZ
##ORIGIN=BATTELLE MEMORIAL INSTITUTE (R. JAKOBSEN)
##OWNER=COBLENTZ SOCIETY
Collection (C) 2018 copyright by the U.S. Secretary of Commerce
on behalf of the United States of America. All rights reserved.
##DATE=Not specified, most likely prior to 1970
##NAMES=4-nonylphenol
##CAS REGISTRY NO=104-40-5
##MOLFORM=C15 H24 O
##SOURCE REFERENCE=COBLENTZ NO. 2546
##$NIST SOURCE=COBLENTZ
##$NIST IMAGE=cob2546
##SPECTROMETER/DATA SYSTEM=Not specified, most likely a prism, grating, or hybrid spectrometer.
##INSTRUMENT PARAMETERS=
$$ SPECTRAL FEATURE AT 360 CM^-^1 IS AN ARTIFACT CAUSED BY A CHANGE IN RECORDING PARAMETER
$$ SPECTRAL FEATURE AT 330 CM^-^1 IS AN ARTIFACT CAUSED BY A CHANGE IN RECORDING PARAMETER
##STATE=LIQUID
##PATH LENGTH=0.0200 CM
##SAMPLING PROCEDURE=TRANSMISSION
##RESOLUTION=4
##DATA PROCESSING=DIGITIZED BY NIST FROM HARD COPY
##XUNITS=1/CM
##YUNITS=TRANSMITTANCE
##XFACTOR=1.000000
##YFACTOR=1
##DELTAX=000.132802
##FIRSTX=300.199
##LASTX=659.429
##FIRSTY=0.284
##MAXX=659.429
##MINX=300.199
##MAXY=0.76
##MINY=0.197
##NPOINTS=2706
##XYDATA=(X++(Y..Y))
300.199000 0.2840 0.2840 0.2950 0.2980 0.2990
300.863256 0.2990 0.2990 0.2990 0.2990 0.3000
301.527000 0.3000 0.3030 0.3050 0.3070 0.3090
302.191256 0.3110 0.3130 0.3150 0.3150 0.3150
302.855000 0.3050 0.2940 0.2940 0.2980 0.3010
303.519256 0.3050 0.3070 0.3070 0.3050 0.3050
304.183000 0.3080 0.3210 0.3320 0.3390 0.3490
304.847256 0.3520 0.3570 0.3650 0.3700 0.3800
305.511000 0.3860 0.3920 0.3970 0.4010 0.4060
306.175256 0.4110 0.4180 0.4270 0.4380 0.4450
306.839000 0.4500 0.4510 0.4560 0.4680 0.4830
307.503256 0.4860 0.4860 0.4860 0.4870 0.4910
308.167000 0.4950 0.4990 0.5030 0.5070 0.5090
308.831256 0.5190 0.5190 0.5200 0.5210 0.5240
309.495000 0.5270 0.5280 0.5280 0.5280 0.5280
310.159256 0.5290 0.5310 0.5310 0.5320 0.5350
310.823000 0.5390 0.5440 0.5500 0.5530 0.5540
311.487256 0.5540 0.5570 0.5580 0.5580 0.5580
312.151000 0.5610 0.5620 0.5640 0.5660 0.5660
312.815256 0.5660 0.5660 0.5660 0.5660 0.5660
313.479000 0.5650 0.5650 0.5640 0.5640 0.5610
314.143256 0.5600 0.5570 0.5560 0.5520 0.5450
314.807000 0.5410 0.5400 0.5410 0.5450 0.5480
315.471256 0.5500 0.5520 0.5520 0.5520 0.5520
316.135000 0.5520 0.5500 0.5500 0.5490 0.5480
316.799256 0.5440 0.5440 0.5430 0.5430 0.5410
317.463000 0.5400 0.5400 0.5390 0.5390 0.5360
318.127256 0.5350 0.5350 0.5360 0.5370 0.5400
318.792000 0.5480 0.5490 0.5500 0.5500 0.5490
319.456256 0.5490 0.5490 0.5490 0.5490 0.5490
320.120000 0.5500 0.5530 0.5530 0.5530 0.5530
320.784256 0.5530 0.5530 0.5530 0.5530 0.5530
321.448000 0.5530 0.5520 0.5470 0.5440 0.5440
322.112256 0.5450 0.5450 0.5470 0.5480 0.5480
322.776000 0.5480 0.5480 0.5480 0.5490 0.5520
323.440256 0.5530 0.5580 0.5610 0.5610 0.5610
324.104000 0.5610 0.5610 0.5610 0.5600 0.5560
324.768256 0.5540 0.5530 0.5530 0.5520 0.5500
325.432000 0.5500 0.5490 0.5500 0.5520 0.5540
326.096256 0.5530 0.5440 0.5410 0.5410 0.5430
326.760000 0.5450 0.5470 0.5480 0.5480 0.5490
327.424256 0.5490 0.5500 0.5520 0.5520 0.5520
328.088000 0.5530 0.5530 0.5540 0.5540 0.5540
328.752256 0.5540 0.5540 0.5530 0.5520 0.5500
329.416000 0.5490 0.5480 0.5480 0.5490 0.6210
330.080256 0.6370 0.6370 0.6370 0.6370 0.6340
330.744000 0.6330 0.6310 0.6300 0.6270 0.6260
331.408256 0.6250 0.6230 0.6220 0.6220 0.6210
332.072000 0.6210 0.6190 0.6150 0.6150 0.6130
332.736256 0.6060 0.6030 0.6030 0.6030 0.6030
333.400000 0.6060 0.6090 0.6090 0.6090 0.6090
334.064256 0.6090 0.6090 0.6090 0.6130 0.6140
334.728000 0.6150 0.6180 0.6180 0.6180 0.6190
335.392256 0.6220 0.6230 0.6250 0.6270 0.6300
336.056000 0.6300 0.6310 0.6330 0.6340 0.6350
336.720256 0.6370 0.6350 0.6310 0.6260 0.6250
337.384000 0.6230 0.6190 0.6140 0.6100 0.6090
338.048256 0.6090 0.6090 0.6090 0.6090 0.6090
338.712000 0.6110 0.6140 0.6170 0.6180 0.6190
339.376256 0.6190 0.6190 0.6190 0.6190 0.6180
340.040000 0.6170 0.6150 0.6140 0.6130 0.6110
340.704256 0.6110 0.6110 0.6100 0.6100 0.6100
341.368000 0.6110 0.6110 0.6110 0.6130 0.6140
342.032256 0.6170 0.6180 0.6180 0.6180 0.6180
342.696000 0.6180 0.6170 0.6130 0.6100 0.6090
343.360256 0.6090 0.6030 0.6010 0.6000 0.5980
344.024000 0.5970 0.5970 0.5980 0.6010 0.6030
344.688256 0.6060 0.6070 0.6110 0.6130 0.6130
345.352000 0.6110 0.6090 0.6070 0.6070 0.6070
346.016256 0.6070 0.6070 0.6060 0.6060 0.6030
346.680000 0.6000 0.5980 0.5970 0.5970 0.5970
347.344256 0.5970 0.5980 0.6020 0.6050 0.6100
348.008000 0.6140 0.6190 0.6220 0.6310 0.6370
348.672256 0.6390 0.6410 0.6420 0.6470 0.6520
349.336000 0.6540 0.6550 0.6600 0.6600 0.6620
350.000256 0.6630 0.6630 0.6640 0.6640 0.6660
350.664000 0.6660 0.6660 0.6660 0.6660 0.6660
351.328256 0.6640 0.6640 0.6630 0.6630 0.6630
351.992000 0.6630 0.6630 0.6680 0.6700 0.6700
352.656256 0.6670 0.6660 0.6630 0.6630 0.6630
353.320000 0.6630 0.6630 0.6590 0.6580 0.6550
353.984256 0.6550 0.6550 0.6550 0.6550 0.6540
354.648000 0.6540 0.6520 0.6520 0.6510 0.6510
355.312256 0.6510 0.6500 0.6490 0.6450 0.6420
355.976000 0.6410 0.6390 0.6390 0.6390 0.6380
356.640256 0.6350 0.6330 0.6300 0.6260 0.6220
357.304000 0.6210 0.6190 0.6180 0.6180 0.6190
357.968256 0.6190 0.6190 0.6210 0.6220 0.6250
358.632000 0.6250 0.6250 0.6230 0.6210 0.6170
359.296256 0.6130 0.6110 0.6090 0.6090 0.6090
359.960000 0.6100 0.6130 0.7310 0.7310 0.7310
360.624256 0.7310 0.7310 0.7310 0.7310 0.7290
361.288000 0.7290 0.7290 0.7280 0.7280 0.7280
361.952256 0.7270 0.7270 0.7250 0.7240 0.7210
362.616000 0.7200 0.7200 0.7200 0.7190 0.7190
363.280256 0.7190 0.7190 0.7190 0.7200 0.7200
363.944000 0.7200 0.7200 0.7190 0.7190 0.7190
364.608256 0.7190 0.7190 0.7190 0.7170 0.7150
365.272000 0.7150 0.7130 0.7120 0.7120 0.7120
365.936256 0.7120 0.7110 0.7110 0.7120 0.7120
366.600000 0.7120 0.7120 0.7110 0.7110 0.7110
367.264256 0.7090 0.7090 0.7070 0.7070 0.7070
367.928000 0.7070 0.7070 0.7050 0.7050 0.7040
368.592256 0.7040 0.7040 0.7050 0.7050 0.7050
369.256000 0.7050 0.7050 0.7040 0.7040 0.7040
369.920256 0.7040 0.7050 0.7050 0.7050 0.7050
370.584000 0.7050 0.7050 0.7050 0.7050 0.7050
371.248256 0.7050 0.7050 0.7050 0.7050 0.7050
371.912000 0.7050 0.7050 0.7050 0.7050 0.7050
372.576256 0.7050 0.7050 0.7050 0.7050 0.7040
373.240000 0.7040 0.7040 0.7040 0.7040 0.7030
373.904256 0.7030 0.7030 0.7030 0.7040 0.7050
374.568000 0.7050 0.7070 0.7080 0.7090 0.7090
375.232256 0.7110 0.7120 0.7130 0.7150 0.7170
375.896000 0.7190 0.7200 0.7230 0.7240 0.7250
376.560256 0.7280 0.7290 0.7330 0.7360 0.7360
377.224000 0.7370 0.7370 0.7370 0.7370 0.7350
377.888256 0.7330 0.7320 0.7290 0.7270 0.7210
378.552000 0.7190 0.7160 0.7130 0.7090 0.7070
379.216256 0.7050 0.7050 0.7040 0.7040 0.7030
379.880000 0.7010 0.7000 0.6990 0.6980 0.6960
380.544256 0.6950 0.6920 0.6920 0.6910 0.6910
381.208000 0.6900 0.6880 0.6880 0.6870 0.6870
381.872256 0.6870 0.6860 0.6860 0.6840 0.6840
382.537000 0.6830 0.6820 0.6820 0.6800 0.6800
383.201256 0.6800 0.6800 0.6790 0.6790 0.6790
383.865000 0.6780 0.6780 0.6780 0.6790 0.6800
384.529256 0.6840 0.6860 0.6880 0.6900 0.6910
385.193000 0.6940 0.6950 0.6960 0.6960 0.6980
385.857256 0.6980 0.6980 0.6980 0.6980 0.6980
386.521000 0.6980 0.6980 0.6980 0.6980 0.6980
387.185256 0.6980 0.6980 0.6960 0.6960 0.6960
387.849000 0.6960 0.6950 0.6940 0.6910 0.6900
388.513256 0.6900 0.6900 0.6880 0.6880 0.6880
389.177000 0.6900 0.6900 0.6910 0.6910 0.6910
389.841256 0.6910 0.6910 0.6910 0.6910 0.6910
390.505000 0.6910 0.6910 0.6910 0.6900 0.6900
391.169256 0.6900 0.6880 0.6880 0.6880 0.6880
391.833000 0.6880 0.6880 0.6880 0.6870 0.6870
392.497256 0.6870 0.6870 0.6870 0.6870 0.6870
393.161000 0.6870 0.6880 0.6900 0.6910 0.6940
393.825256 0.6950 0.6950 0.6960 0.6960 0.6980
394.489000 0.6980 0.6990 0.6990 0.6990 0.6990
395.153256 0.6990 0.6990 0.6990 0.7000 0.7000
395.817000 0.7030 0.7040 0.7050 0.7070 0.7070
396.481256 0.7080 0.7090 0.7090 0.7110 0.7120
397.145000 0.7120 0.7130 0.7150 0.7160 0.7190
397.809256 0.7200 0.7230 0.7240 0.7250 0.7250
398.473000 0.7250 0.7250 0.7250 0.7250 0.7270
399.137256 0.7270 0.7280 0.7290 0.7310 0.7310
399.801000 0.7320 0.7320 0.7320 0.7320 0.7320
400.465256 0.7320 0.7320 0.7320 0.7320 0.7320
401.129000 0.7320 0.7310 0.7310 0.7290 0.7280
401.793256 0.7280 0.7270 0.7250 0.7230 0.7200
402.457000 0.7190 0.7170 0.7160 0.7150 0.7120
403.121256 0.7090 0.7080 0.7070 0.7070 0.7050
403.785000 0.7010 0.6990 0.6980 0.6960 0.6900
404.449256 0.6880 0.6840 0.6840 0.6840 0.6840
405.113000 0.6840 0.6840 0.6860 0.6870 0.6870
405.777256 0.6870 0.6870 0.6870 0.6870 0.6860
406.441000 0.6860 0.6840 0.6840 0.6840 0.6840
407.105256 0.6840 0.6840 0.6840 0.6840 0.6840
407.769000 0.6860 0.6860 0.6860 0.6860 0.6870
408.433256 0.6870 0.6870 0.6870 0.6870 0.6870
409.097000 0.6870 0.6860 0.6860 0.6860 0.6860
409.761256 0.6860 0.6860 0.6860 0.6860 0.6860
410.425000 0.6870 0.6870 0.6870 0.6870 0.6880
411.089256 0.6880 0.6880 0.6880 0.6900 0.6900
411.753000 0.6900 0.6900 0.6900 0.6880 0.6880
412.417256 0.6880 0.6880 0.6880 0.6880 0.6870
413.081000 0.6870 0.6860 0.6860 0.6860 0.6860
413.745256 0.6870 0.6880 0.6900 0.6910 0.6910
414.409000 0.6920 0.6920 0.6920 0.6920 0.6920
415.073256 0.6920 0.6920 0.6920 0.6920 0.6920
415.737000 0.6920 0.6940 0.6950 0.6950 0.6960
416.401256 0.6980 0.6980 0.6980 0.6990 0.6990
417.065000 0.6990 0.7010 0.7040 0.7070 0.7090
417.729256 0.7120 0.7120 0.7160 0.7190 0.7200
418.393000 0.7210 0.7240 0.7240 0.7240 0.7250
419.057256 0.7250 0.7250 0.7270 0.7280 0.7290
419.721000 0.7310 0.7310 0.7320 0.7320 0.7330
420.385256 0.7330 0.7330 0.7330 0.7330 0.7330
421.049000 0.7330 0.7330 0.7330 0.7330 0.7320
421.713256 0.7320 0.7320 0.7310 0.7310 0.7310
422.377000 0.7310 0.7310 0.7310 0.7310 0.7310
423.041256 0.7290 0.7280 0.7280 0.7270 0.7270
423.705000 0.7250 0.7230 0.7210 0.7200 0.7160
424.369256 0.7150 0.7150 0.7150 0.7150 0.7150
425.033000 0.7150 0.7130 0.7130 0.7130 0.7150
425.697256 0.7150 0.7150 0.7160 0.7160 0.7160
426.361000 0.7160 0.7160 0.7160 0.7160 0.7160
427.025256 0.7160 0.7160 0.7160 0.7160 0.7160
427.689000 0.7160 0.7160 0.7160 0.7160 0.7150
428.353256 0.7150 0.7130 0.7130 0.7130 0.7120
429.017000 0.7120 0.7120 0.7120 0.7120 0.7130
429.681256 0.7150 0.7150 0.7160 0.7170 0.7170
430.345000 0.7190 0.7190 0.7200 0.7200 0.7210
431.009256 0.7210 0.7230 0.7230 0.7240 0.7240
431.673000 0.7240 0.7240 0.7240 0.7240 0.7240
432.337256 0.7250 0.7250 0.7270 0.7280 0.7280
433.001000 0.7290 0.7310 0.7320 0.7320 0.7330
433.665256 0.7330 0.7330 0.7330 0.7320 0.7320
434.329000 0.7330 0.7330 0.7350 0.7360 0.7360
434.993256 0.7360 0.7360 0.7360 0.7360 0.7360
435.657000 0.7370 0.7370 0.7370 0.7370 0.7360
436.321256 0.7360 0.7360 0.7360 0.7360 0.7360
436.985000 0.7360 0.7370 0.7370 0.7370 0.7370
437.649256 0.7370 0.7370 0.7370 0.7370 0.7390
438.313000 0.7390 0.7390 0.7400 0.7430 0.7430
438.977256 0.7430 0.7430 0.7430 0.7440 0.7440
439.641000 0.7450 0.7450 0.7450 0.7450 0.7450
440.305256 0.7450 0.7450 0.7450 0.7440 0.7440
440.969000 0.7440 0.7430 0.7430 0.7430 0.7430
441.633256 0.7430 0.7430 0.7430 0.7430 0.7430
442.297000 0.7430 0.7430 0.7430 0.7430 0.7430
442.961256 0.7430 0.7430 0.7430 0.7440 0.7450
443.625000 0.7480 0.7490 0.7490 0.7500 0.7500
444.289256 0.7500 0.7500 0.7500 0.7500 0.7500
444.954000 0.7500 0.7500 0.7500 0.7500 0.7500
445.618256 0.7500 0.7500 0.7500 0.7500 0.7500
446.282000 0.7500 0.7500 0.7520 0.7520 0.7520
446.946256 0.7520 0.7520 0.7520 0.7520 0.7520
447.610000 0.7500 0.7500 0.7500 0.7500 0.7500
448.274256 0.7500 0.7500 0.7500 0.7500 0.7500
448.938000 0.7500 0.7500 0.7500 0.7500 0.7500
449.602256 0.7500 0.7500 0.7500 0.7500 0.7500
450.266000 0.7500 0.7500 0.7500 0.7500 0.7500
450.930256 0.7500 0.7500 0.7500 0.7500 0.7500
451.594000 0.7500 0.7490 0.7490 0.7490 0.7490
452.258256 0.7480 0.7480 0.7480 0.7470 0.7470
452.922000 0.7450 0.7450 0.7440 0.7440 0.7440
453.586256 0.7440 0.7440 0.7440 0.7440 0.7440
454.250000 0.7440 0.7430 0.7430 0.7430 0.7440
454.914256 0.7440 0.7440 0.7430 0.7410 0.7410
455.578000 0.7400 0.7400 0.7400 0.7400 0.7400
456.242256 0.7400 0.7400 0.7400 0.7410 0.7430
456.906000 0.7440 0.7470 0.7480 0.7490 0.7500
457.570256 0.7500 0.7520 0.7540 0.7540 0.7560
458.234000 0.7560 0.7560 0.7560 0.7560 0.7560
458.898256 0.7540 0.7540 0.7540 0.7540 0.7540
459.562000 0.7530 0.7530 0.7530 0.7530 0.7530
460.226256 0.7540 0.7540 0.7540 0.7540 0.7560
460.890000 0.7560 0.7560 0.7560 0.7570 0.7570
461.554256 0.7570 0.7580 0.7580 0.7580 0.7600
462.218000 0.7600 0.7600 0.7600 0.7600 0.7600
462.882256 0.7600 0.7580 0.7570 0.7540 0.7520
463.546000 0.7500 0.7490 0.7470 0.7470 0.7470
464.210256 0.7470 0.7470 0.7470 0.7450 0.7450
464.874000 0.7450 0.7450 0.7450 0.7450 0.7440
465.538256 0.7440 0.7440 0.7430 0.7430 0.7430
466.202000 0.7410 0.7410 0.7430 0.7430 0.7430
466.866256 0.7440 0.7450 0.7470 0.7470 0.7470
467.530000 0.7470 0.7470 0.7470 0.7470 0.7470
468.194256 0.7470 0.7470 0.7470 0.7470 0.7470
468.858000 0.7470 0.7470 0.7480 0.7480 0.7480
469.522256 0.7490 0.7490 0.7490 0.7480 0.7480
470.186000 0.7470 0.7470 0.7450 0.7450 0.7440
470.850256 0.7440 0.7440 0.7440 0.7440 0.7450
471.514000 0.7450 0.7450 0.7450 0.7450 0.7450
472.178256 0.7450 0.7450 0.7450 0.7450 0.7450
472.842000 0.7450 0.7450 0.7450 0.7440 0.7430
473.506256 0.7400 0.7390 0.7370 0.7370 0.7360
474.170000 0.7350 0.7320 0.7310 0.7310 0.7290
474.834256 0.7290 0.7280 0.7280 0.7280 0.7280
475.498000 0.7280 0.7280 0.7270 0.7250 0.7250
476.162256 0.7240 0.7230 0.7210 0.7200 0.7190
476.826000 0.7190 0.7170 0.7160 0.7130 0.7120
477.490256 0.7120 0.7110 0.7090 0.7070 0.7040
478.154000 0.7010 0.6990 0.6980 0.6980 0.6940
478.818256 0.6940 0.6920 0.6920 0.6920 0.6920
479.482000 0.6920 0.6920 0.6910 0.6910 0.6900
480.146256 0.6900 0.6880 0.6880 0.6870 0.6860
480.810000 0.6840 0.6830 0.6820 0.6820 0.6800
481.474256 0.6800 0.6790 0.6790 0.6760 0.6750
482.138000 0.6740 0.6720 0.6720 0.6710 0.6700
482.802256 0.6680 0.6670 0.6660 0.6630 0.6620
483.466000 0.6590 0.6580 0.6560 0.6560 0.6550
484.130256 0.6540 0.6520 0.6520 0.6520 0.6510
484.794000 0.6510 0.6510 0.6500 0.6500 0.6490
485.458256 0.6470 0.6460 0.6450 0.6420 0.6410
486.122000 0.6390 0.6390 0.6390 0.6390 0.6390
486.786256 0.6380 0.6370 0.6350 0.6340 0.6330
487.450000 0.6310 0.6300 0.6270 0.6250 0.6230
488.114256 0.6220 0.6190 0.6190 0.6180 0.6180
488.778000 0.6180 0.6170 0.6170 0.6170 0.6150
489.442256 0.6140 0.6140 0.6130 0.6130 0.6110
490.106000 0.6110 0.6100 0.6100 0.6100 0.6090
490.770256 0.6070 0.6070 0.6070 0.6070 0.6070
491.434000 0.6060 0.6060 0.6060 0.6060 0.6060
492.098256 0.6060 0.6060 0.6050 0.6050 0.6030
492.762000 0.6020 0.6010 0.5980 0.5970 0.5960
493.426256 0.5960 0.5940 0.5930 0.5900 0.5880
494.090000 0.5860 0.5860 0.5850 0.5840 0.5810
494.754256 0.5800 0.5780 0.5770 0.5760 0.5740
495.418000 0.5730 0.5700 0.5690 0.5680 0.5680
496.082256 0.5660 0.5650 0.5640 0.5620 0.5610
496.746000 0.5600 0.5580 0.5580 0.5570 0.5570
497.410256 0.5560 0.5540 0.5530 0.5520 0.5520
498.074000 0.5500 0.5480 0.5450 0.5440 0.5430
498.738256 0.5410 0.5400 0.5390 0.5370 0.5360
499.402000 0.5360 0.5360 0.5360 0.5360 0.5360
500.066256 0.5360 0.5350 0.5350 0.5350 0.5330
500.730000 0.5320 0.5320 0.5310 0.5310 0.5310
501.394256 0.5280 0.5280 0.5250 0.5250 0.5240
502.058000 0.5240 0.5240 0.5240 0.5240 0.5240
502.722256 0.5240 0.5240 0.5240 0.5240 0.5240
503.386000 0.5240 0.5240 0.5240 0.5240 0.5240
504.050256 0.5230 0.5210 0.5200 0.5200 0.5200
504.714000 0.5190 0.5190 0.5190 0.5190 0.5170
505.378256 0.5160 0.5150 0.5130 0.5130 0.5120
506.043000 0.5120 0.5110 0.5090 0.5080 0.5070
506.707256 0.5070 0.5050 0.5050 0.5040 0.5030
507.371000 0.5030 0.5010 0.5000 0.5000 0.4990
508.035256 0.4980 0.4980 0.4980 0.4980 0.4980
508.699000 0.4960 0.4950 0.4940 0.4940 0.4920
509.363256 0.4910 0.4910 0.4900 0.4880 0.4880
510.027000 0.4870 0.4870 0.4860 0.4840 0.4840
510.691256 0.4830 0.4820 0.4820 0.4800 0.4790
511.355000 0.4790 0.4760 0.4750 0.4720 0.4710
512.019256 0.4680 0.4670 0.4670 0.4660 0.4660
512.683000 0.4660 0.4640 0.4630 0.4620 0.4600
513.347256 0.4600 0.4590 0.4560 0.4510 0.4500
514.011000 0.4490 0.4430 0.4410 0.4390 0.4380
514.675256 0.4350 0.4330 0.4310 0.4290 0.4270
515.339000 0.4260 0.4250 0.4210 0.4180 0.4170
516.003256 0.4150 0.4140 0.4130 0.4110 0.4110
516.667000 0.4100 0.4090 0.4070 0.4070 0.4070
517.331256 0.4060 0.4050 0.4020 0.4010 0.4000
517.995000 0.3980 0.3970 0.3970 0.3970 0.3970
518.659256 0.3970 0.3960 0.3960 0.3940 0.3930
519.323000 0.3930 0.3920 0.3920 0.3920 0.3920
519.987256 0.3920 0.3920 0.3920 0.3920 0.3920
520.651000 0.3920 0.3920 0.3900 0.3900 0.3890
521.315256 0.3890 0.3880 0.3880 0.3860 0.3850
521.979000 0.3850 0.3850 0.3850 0.3850 0.3850
522.643256 0.3860 0.3860 0.3880 0.3900 0.3900
523.307000 0.3920 0.3960 0.3970 0.3980 0.3980
523.971256 0.4000 0.4000 0.4000 0.4010 0.4020
524.635000 0.4030 0.4050 0.4070 0.4090 0.4090
525.299256 0.4110 0.4110 0.4130 0.4150 0.4170
525.963000 0.4180 0.4190 0.4210 0.4220 0.4230
526.627256 0.4250 0.4260 0.4270 0.4270 0.4270
527.291000 0.4270 0.4290 0.4330 0.4370 0.4390
527.955256 0.4410 0.4430 0.4460 0.4470 0.4490
528.619000 0.4490 0.4500 0.4500 0.4510 0.4510
529.283256 0.4540 0.4550 0.4580 0.4590 0.4590
529.947000 0.4600 0.4600 0.4600 0.4600 0.4600
530.611256 0.4600 0.4600 0.4600 0.4600 0.4620
531.275000 0.4620 0.4620 0.4620 0.4630 0.4630
531.939256 0.4640 0.4660 0.4660 0.4660 0.4670
532.603000 0.4670 0.4670 0.4670 0.4670 0.4680
533.267256 0.4700 0.4700 0.4710 0.4710 0.4710
533.931000 0.4710 0.4710 0.4710 0.4710 0.4720
534.595256 0.4720 0.4720 0.4710 0.4700 0.4700
535.259000 0.4700 0.4700 0.4680 0.4670 0.4670
535.923256 0.4670 0.4670 0.4670 0.4660 0.4640
536.587000 0.4630 0.4620 0.4600 0.4590 0.4550
537.251256 0.4540 0.4510 0.4500 0.4490 0.4430
537.915000 0.4380 0.4350 0.4290 0.4260 0.4230
538.579256 0.4210 0.4190 0.4150 0.4130 0.4090
539.243000 0.4050 0.4020 0.4000 0.3980 0.3960
539.907256 0.3940 0.3920 0.3900 0.3880 0.3850
540.571000 0.3840 0.3820 0.3800 0.3770 0.3760
541.235256 0.3730 0.3720 0.3680 0.3650 0.3620
541.899000 0.3580 0.3530 0.3490 0.3470 0.3440
542.563256 0.3370 0.3330 0.3310 0.3240 0.3210
543.227000 0.3160 0.3090 0.3070 0.3030 0.3000
543.891256 0.2920 0.2860 0.2800 0.2780 0.2720
544.555000 0.2700 0.2680 0.2660 0.2630 0.2600
545.219256 0.2590 0.2540 0.2520 0.2500 0.2460
545.883000 0.2450 0.2430 0.2410 0.2390 0.2380
546.547256 0.2350 0.2340 0.2310 0.2300 0.2290
547.211000 0.2270 0.2260 0.2230 0.2220 0.2220
547.875256 0.2210 0.2210 0.2210 0.2210 0.2210
548.539000 0.2210 0.2220 0.2220 0.2250 0.2260
549.203256 0.2270 0.2290 0.2290 0.2290 0.2300
549.867000 0.2310 0.2310 0.2330 0.2330 0.2340
550.531256 0.2340 0.2340 0.2350 0.2350 0.2350
551.195000 0.2370 0.2380 0.2380 0.2390 0.2390
551.859256 0.2410 0.2420 0.2430 0.2450 0.2460
552.523000 0.2470 0.2500 0.2510 0.2520 0.2540
553.187256 0.2560 0.2580 0.2620 0.2640 0.2680
553.851000 0.2710 0.2720 0.2750 0.2750 0.2760
554.515256 0.2780 0.2780 0.2790 0.2800 0.2800
555.179000 0.2820 0.2820 0.2820 0.2830 0.2830
555.843256 0.2830 0.2830 0.2830 0.2830 0.2830
556.507000 0.2830 0.2830 0.2830 0.2830 0.2830
557.171256 0.2830 0.2830 0.2830 0.2830 0.2830
557.835000 0.2830 0.2830 0.2830 0.2830 0.2830
558.499256 0.2830 0.2830 0.2820 0.2800 0.2780
559.163000 0.2750 0.2740 0.2720 0.2710 0.2710
559.827256 0.2700 0.2700 0.2700 0.2680 0.2670
560.491000 0.2670 0.2660 0.2640 0.2640 0.2630
561.155256 0.2620 0.2600 0.2590 0.2590 0.2580
561.819000 0.2560 0.2540 0.2540 0.2520 0.2520
562.483256 0.2510 0.2500 0.2460 0.2410 0.2390
563.147000 0.2380 0.2340 0.2310 0.2300 0.2260
563.811256 0.2230 0.2190 0.2170 0.2150 0.2140
564.475000 0.2130 0.2110 0.2100 0.2070 0.2060
565.139256 0.2060 0.2050 0.2030 0.2020 0.2020
565.803000 0.2010 0.2010 0.2000 0.2000 0.1980
566.467256 0.1980 0.1980 0.1970 0.1970 0.1970
567.131000 0.1970 0.1970 0.1980 0.2020 0.2020
567.795256 0.2030 0.2060 0.2070 0.2070 0.2090
568.459000 0.2110 0.2130 0.2140 0.2170 0.2190
569.123256 0.2210 0.2220 0.2230 0.2250 0.2260
569.788000 0.2290 0.2300 0.2310 0.2330 0.2330
570.452256 0.2340 0.2350 0.2370 0.2380 0.2390
571.116000 0.2410 0.2410 0.2420 0.2450 0.2460
571.780256 0.2510 0.2520 0.2520 0.2540 0.2550
572.444000 0.2590 0.2600 0.2660 0.2700 0.2720
573.108256 0.2760 0.2800 0.2830 0.2840 0.2900
573.772000 0.2940 0.2960 0.3000 0.3010 0.3030
574.436256 0.3040 0.3070 0.3080 0.3110 0.3120
575.100000 0.3130 0.3130 0.3160 0.3170 0.3190
575.764256 0.3190 0.3200 0.3210 0.3230 0.3230
576.428000 0.3230 0.3240 0.3250 0.3270 0.3270
577.092256 0.3280 0.3280 0.3280 0.3280 0.3270
577.756000 0.3250 0.3240 0.3230 0.3210 0.3200
578.420256 0.3200 0.3190 0.3190 0.3190 0.3190
579.084000 0.3190 0.3190 0.3190 0.3190 0.3190
579.748256 0.3190 0.3170 0.3170 0.3160 0.3150
580.412000 0.3150 0.3130 0.3130 0.3130 0.3120
581.076256 0.3110 0.3110 0.3090 0.3090 0.3090
581.740000 0.3080 0.3070 0.3040 0.3030 0.3010
582.404256 0.3010 0.3000 0.2980 0.2950 0.2920
583.068000 0.2910 0.2900 0.2880 0.2880 0.2880
583.732256 0.2870 0.2860 0.2860 0.2840 0.2840
584.396000 0.2840 0.2840 0.2840 0.2840 0.2860
585.060256 0.2860 0.2860 0.2870 0.2870 0.2870
585.724000 0.2880 0.2900 0.2910 0.2910 0.2920
586.388256 0.2950 0.2960 0.2980 0.2980 0.2990
587.052000 0.2990 0.3010 0.3030 0.3050 0.3080
587.716256 0.3110 0.3120 0.3120 0.3150 0.3150
588.380000 0.3170 0.3190 0.3200 0.3210 0.3240
589.044256 0.3250 0.3280 0.3290 0.3310 0.3310
589.708000 0.3320 0.3330 0.3350 0.3360 0.3360
590.372256 0.3370 0.3390 0.3400 0.3400 0.3410
591.036000 0.3410 0.3430 0.3440 0.3440 0.3470
591.700256 0.3480 0.3480 0.3490 0.3520 0.3520
592.364000 0.3530 0.3530 0.3560 0.3580 0.3610
593.028256 0.3640 0.3650 0.3660 0.3690 0.3700
593.692000 0.3740 0.3770 0.3780 0.3780 0.3810
594.356256 0.3810 0.3820 0.3850 0.3860 0.3860
595.020000 0.3880 0.3880 0.3890 0.3900 0.3900
595.684256 0.3920 0.3920 0.3920 0.3930 0.3930
596.348000 0.3930 0.3930 0.3930 0.3930 0.3930
597.012256 0.3930 0.3930 0.3930 0.3930 0.3940
597.676000 0.3970 0.3980 0.3980 0.4000 0.4010
598.340256 0.4020 0.4020 0.4030 0.4050 0.4060
599.004000 0.4060 0.4060 0.4060 0.4070 0.4070
599.668256 0.4070 0.4070 0.4090 0.4090 0.4090
600.332000 0.4090 0.4090 0.4090 0.4090 0.4090
600.996256 0.4090 0.4090 0.4090 0.4090 0.4090
601.660000 0.4090 0.4100 0.4100 0.4100 0.4100
602.324256 0.4100 0.4100 0.4100 0.4100 0.4100
602.988000 0.4100 0.4100 0.4090 0.4090 0.4090
603.652256 0.4090 0.4070 0.4070 0.4070 0.4070
604.316000 0.4070 0.4090 0.4100 0.4110 0.4130
604.980256 0.4140 0.4150 0.4150 0.4150 0.4150
605.644000 0.4150 0.4170 0.4170 0.4170 0.4170
606.308256 0.4170 0.4170 0.4180 0.4190 0.4190
606.972000 0.4210 0.4210 0.4220 0.4230 0.4250
607.636256 0.4270 0.4290 0.4310 0.4310 0.4330
608.300000 0.4340 0.4340 0.4340 0.4340 0.4350
608.964256 0.4350 0.4350 0.4370 0.4380 0.4390
609.628000 0.4390 0.4390 0.4390 0.4410 0.4410
610.292256 0.4410 0.4410 0.4410 0.4410 0.4410
610.956000 0.4410 0.4410 0.4410 0.4410 0.4410
611.620256 0.4410 0.4410 0.4410 0.4410 0.4410
612.284000 0.4410 0.4410 0.4410 0.4420 0.4430
612.948256 0.4450 0.4470 0.4490 0.4500 0.4500
613.612000 0.4510 0.4510 0.4510 0.4520 0.4520
614.276256 0.4520 0.4540 0.4540 0.4540 0.4540
614.940000 0.4540 0.4540 0.4540 0.4540 0.4540
615.604256 0.4540 0.4540 0.4540 0.4550 0.4560
616.268000 0.4560 0.4560 0.4580 0.4590 0.4590
616.932256 0.4590 0.4590 0.4590 0.4590 0.4590
617.596000 0.4590 0.4590 0.4600 0.4600 0.4600
618.260256 0.4620 0.4630 0.4640 0.4640 0.4660
618.924000 0.4660 0.4660 0.4660 0.4660 0.4660
619.588256 0.4660 0.4640 0.4630 0.4620 0.4620
620.252000 0.4600 0.4600 0.4600 0.4600 0.4590
620.916256 0.4590 0.4590 0.4590 0.4590 0.4590
621.580000 0.4600 0.4600 0.4600 0.4600 0.4600
622.244256 0.4600 0.4600 0.4620 0.4620 0.4630
622.908000 0.4640 0.4640 0.4660 0.4660 0.4660
623.572256 0.4660 0.4660 0.4660 0.4660 0.4660
624.236000 0.4660 0.4660 0.4660 0.4660 0.4660
624.900256 0.4660 0.4660 0.4660 0.4660 0.4640
625.564000 0.4640 0.4640 0.4630 0.4630 0.4630
626.228256 0.4630 0.4630 0.4630 0.4630 0.4640
626.892000 0.4660 0.4660 0.4660 0.4660 0.4660
627.556256 0.4660 0.4660 0.4660 0.4640 0.4640
628.220000 0.4640 0.4640 0.4640 0.4640 0.4640
628.884256 0.4640 0.4640 0.4640 0.4640 0.4630
629.548000 0.4630 0.4630 0.4630 0.4620 0.4630
630.212256 0.4620 0.4620 0.4620 0.4620 0.4620
630.877000 0.4620 0.4620 0.4600 0.4600 0.4600
631.541256 0.4600 0.4600 0.4600 0.4600 0.4600
632.205000 0.4600 0.4600 0.4620 0.4620 0.4620
632.869256 0.4630 0.4630 0.4630 0.4630 0.4630
633.533000 0.4630 0.4630 0.4640 0.4640 0.4640
634.197256 0.4640 0.4640 0.4630 0.4620 0.4620
634.861000 0.4620 0.4620 0.4620 0.4600 0.4600
635.525256 0.4600 0.4600 0.4600 0.4600 0.4600
636.189000 0.4600 0.4600 0.4600 0.4600 0.4600
636.853256 0.4620 0.4630 0.4630 0.4620 0.4600
637.517000 0.4580 0.4540 0.4520 0.4520 0.4510
638.181256 0.4510 0.4500 0.4500 0.4490 0.4470
638.845000 0.4460 0.4450 0.4450 0.4430 0.4420
639.509256 0.4410 0.4410 0.4410 0.4410 0.4410
640.173000 0.4390 0.4390 0.4380 0.4380 0.4380
640.837256 0.4380 0.4370 0.4370 0.4370 0.4370
641.501000 0.4370 0.4370 0.4370 0.4370 0.4370
642.165256 0.4370 0.4370 0.4370 0.4370 0.4370
642.829000 0.4370 0.4370 0.4370 0.4370 0.4370
643.493256 0.4370 0.4370 0.4380 0.4390 0.4410
644.157000 0.4410 0.4410 0.4410 0.4410 0.4420
644.821256 0.4420 0.4420 0.4420 0.4430 0.4430
645.485000 0.4430 0.4430 0.4450 0.4460 0.4460
646.149256 0.4470 0.4490 0.4500 0.4500 0.4510
646.813000 0.4510 0.4510 0.4510 0.4510 0.4510
647.477256 0.4510 0.4510 0.4510 0.4500 0.4500
648.141000 0.4500 0.4500 0.4500 0.4500 0.4500
648.805256 0.4500 0.4510 0.4510 0.4510 0.4520
649.469000 0.4520 0.4520 0.4520 0.4540 0.4540
650.133256 0.4520 0.4520 0.4510 0.4510 0.4510
650.797000 0.4510 0.4510 0.4500 0.4500 0.4490
651.461256 0.4490 0.4490 0.4470 0.4460 0.4450
652.125000 0.4430 0.4430 0.4430 0.4420 0.4420
652.789256 0.4410 0.4410 0.4390 0.4390 0.4390
653.453000 0.4390 0.4380 0.4380 0.4370 0.4370
654.117256 0.4350 0.4350 0.4330 0.4330 0.4310
654.781000 0.4300 0.4300 0.4290 0.4270 0.4270
655.445256 0.4260 0.4230 0.4220 0.4190 0.4190
656.109000 0.4180 0.4180 0.4180 0.4180 0.4170
656.773256 0.4170 0.4150 0.4150 0.4110 0.4070
657.437000 0.4070 0.4050 0.4020 0.4010 0.4000
658.101256 0.3980 0.3980 0.3970 0.3970 0.3960
658.765000 0.3960 0.3940 0.3930 0.3900 0.3900
659.429256 0.3880
##END=
