##TITLE=17Alpha-METHYL-Beta-NORTESTOSTERONE
##JCAMP-DX=4.24
##DATA TYPE=INFRARED SPECTRUM
##CLASS=COBLENTZ III
##ORIGIN=SMITH KLINE & FRENCH LABS.
##OWNER=Copyright (C) 1987 by the Coblentz Society
Collection (C) 2018 copyright by the U.S. Secretary of Commerce
on behalf of the United States of America. All rights reserved.
##DATE=1964/05/21
##NAMES=17-hydroxy-17-methylestr-4-en-3-one
Beta-Norandrost-4-en-3-one, 17Beta-hydroxy-17-methyl-
##CAS REGISTRY NO=10582-09-9
##MOLFORM=C19 H28 O2
##SOURCE REFERENCE=COBLENTZ NO. 9083
##$NIST SOURCE=COBLENTZ
##$NIST IMAGE=cob9083
##SPECTROMETER/DATA SYSTEM=PERKIN-ELMER 21 (GRATING)
##INSTRUMENT PARAMETERS=NaCl PRISM
##STATE=SOLID (OIL MULL)
$$SPECTRAL CONTAMINATION DUE TO OIL AROUND 2900 CM^-^1
##SAMPLING PROCEDURE=TRANSMISSION
##RESOLUTION=2
##DATA PROCESSING=DIGITIZED BY COBLENTZ SOCIETY (BATCH II) FROM HARD COPY
##XUNITS=1/CM
##YUNITS=TRANSMITTANCE
##XFACTOR=1.0
##YFACTOR=1
##FIRSTX=672
##LASTX=4000
##FIRSTY=0.7205
##MAXX=4000
##MINX=672
##MAXY=0.8989
##MINY=0.0127
##NPOINTS=3329
##XYDATA=(X++(Y..Y))
672.000000 0.7205 0.7177 0.7173 0.7192 0.7202
677.000000 0.7134 0.7201 0.7410 0.7479 0.7472
682.000000 0.7489 0.7569 0.7563 0.7566 0.7605
687.000000 0.7644 0.7677 0.7705 0.7725 0.7716
692.000000 0.7695 0.7710 0.7748 0.7818 0.7826
697.000000 0.7815 0.7819 0.7831 0.7846 0.7854
702.000000 0.7860 0.7864 0.7868 0.7873 0.7879
707.000000 0.7886 0.7892 0.7903 0.7914 0.7924
712.000000 0.7931 0.7932 0.7931 0.7926 0.7921
717.000000 0.7913 0.7905 0.7897 0.7897 0.7900
722.000000 0.7916 0.7948 0.7968 0.7951 0.7981
727.000000 0.7992 0.8004 0.8023 0.8065 0.8110
732.000000 0.8069 0.8037 0.8025 0.8014 0.7996
737.000000 0.7965 0.7910 0.7798 0.7666 0.7614
742.000000 0.7570 0.7662 0.7771 0.7945 0.8120
747.000000 0.8198 0.8238 0.8266 0.8284 0.8298
752.000000 0.8300 0.8289 0.8266 0.8240 0.8214
757.000000 0.8187 0.8165 0.8149 0.8161 0.8175
762.000000 0.8209 0.8243 0.8288 0.8353 0.8363
767.000000 0.8306 0.8299 0.8289 0.8265 0.8220
772.000000 0.8161 0.8067 0.7984 0.7949 0.7966
777.000000 0.7949 0.8094 0.8171 0.8174 0.8270
782.000000 0.8361 0.8401 0.8402 0.8404 0.8435
787.000000 0.8469 0.8504 0.8539 0.8584 0.8656
792.000000 0.8690 0.8693 0.8692 0.8691 0.8690
797.000000 0.8690 0.8690 0.8690 0.8690 0.8686
802.000000 0.8683 0.8679 0.8665 0.8645 0.8625
807.000000 0.8616 0.8612 0.8609 0.8621 0.8627
812.000000 0.8625 0.8610 0.8578 0.8546 0.8512
817.000000 0.8479 0.8453 0.8432 0.8410 0.8396
822.000000 0.8394 0.8393 0.8392 0.8392 0.8391
827.000000 0.8381 0.8351 0.8283 0.8209 0.8118
832.000000 0.8029 0.7949 0.7944 0.7943 0.8011
837.000000 0.8126 0.8306 0.8367 0.8275 0.8152
842.000000 0.8014 0.7861 0.7858 0.7918 0.8192
847.000000 0.8265 0.8294 0.8309 0.8307 0.8270
852.000000 0.8235 0.8192 0.8149 0.8101 0.8019
857.000000 0.7820 0.7568 0.7336 0.7025 0.6526
862.000000 0.6059 0.6031 0.6420 0.6947 0.7472
867.000000 0.7996 0.8178 0.8257 0.8321 0.8411
872.000000 0.8459 0.8459 0.8459 0.8484 0.8455
877.000000 0.8453 0.8451 0.8450 0.8450 0.8451
882.000000 0.8453 0.8453 0.8444 0.8414 0.8387
887.000000 0.8434 0.8472 0.8444 0.8366 0.8294
892.000000 0.8262 0.8237 0.8214 0.8209 0.8206
897.000000 0.8191 0.8174 0.8131 0.8078 0.8018
902.000000 0.7934 0.7816 0.7663 0.7487 0.7237
907.000000 0.7197 0.7187 0.7617 0.7932 0.8180
912.000000 0.8176 0.8160 0.8135 0.8124 0.8116
917.000000 0.8110 0.8105 0.8046 0.7860 0.7809
922.000000 0.7753 0.7679 0.7570 0.7406 0.7152
927.000000 0.7012 0.6638 0.6263 0.6081 0.6067
932.000000 0.6141 0.6184 0.6171 0.6073 0.5707
937.000000 0.5615 0.5530 0.5341 0.5254 0.5254
942.000000 0.5253 0.5624 0.6049 0.6473 0.6897
947.000000 0.7319 0.7741 0.7909 0.7947 0.7983
952.000000 0.8039 0.8113 0.8138 0.8144 0.8140
957.000000 0.8124 0.8097 0.8063 0.8026 0.7984
962.000000 0.7937 0.7878 0.7797 0.7719 0.7692
967.000000 0.7692 0.7720 0.7764 0.7759 0.7673
972.000000 0.7610 0.7603 0.7581 0.7620 0.7668
977.000000 0.7739 0.7803 0.7807 0.7797 0.7786
982.000000 0.7795 0.7868 0.7956 0.8111 0.8181
987.000000 0.8172 0.8156 0.8149 0.8224 0.8259
992.000000 0.8262 0.8260 0.8240 0.8212 0.8187
997.000000 0.8175 0.8167 0.8158 0.8148 0.8118
1002.000000 0.8073 0.8051 0.8070 0.8066 0.8117
1007.000000 0.8137 0.8159 0.8158 0.8147 0.8152
1012.000000 0.8265 0.8338 0.8341 0.8338 0.8295
1017.000000 0.8230 0.8186 0.8169 0.8153 0.8138
1022.000000 0.8127 0.8122 0.8126 0.8129 0.8133
1027.000000 0.8136 0.8140 0.8155 0.8160 0.8161
1032.000000 0.8143 0.8104 0.8059 0.8014 0.7960
1037.000000 0.7900 0.7833 0.7754 0.7654 0.7535
1042.000000 0.7372 0.7236 0.7168 0.7164 0.7137
1047.000000 0.7289 0.7448 0.7609 0.7780 0.7813
1052.000000 0.7870 0.7928 0.7929 0.7923 0.7902
1057.000000 0.7866 0.7823 0.7791 0.7762 0.7746
1062.000000 0.7735 0.7809 0.7850 0.7872 0.7886
1067.000000 0.7899 0.7911 0.7919 0.7927 0.7934
1072.000000 0.7848 0.7812 0.7800 0.7794 0.7788
1077.000000 0.7784 0.7764 0.7699 0.7633 0.7562
1082.000000 0.7515 0.7487 0.7440 0.7288 0.7229
1087.000000 0.7181 0.7125 0.7068 0.7007 0.6947
1092.000000 0.6892 0.6829 0.6686 0.6379 0.6150
1097.000000 0.5969 0.5808 0.5597 0.5314 0.5074
1102.000000 0.4979 0.4966 0.4979 0.5414 0.5734
1107.000000 0.6054 0.6373 0.6691 0.7010 0.7283
1112.000000 0.7342 0.7352 0.7261 0.7127 0.7088
1117.000000 0.7026 0.6820 0.6609 0.6399 0.6344
1122.000000 0.6398 0.6355 0.6699 0.6851 0.7003
1127.000000 0.7135 0.7167 0.7162 0.7145 0.7118
1132.000000 0.7084 0.7037 0.6997 0.6958 0.6785
1137.000000 0.6499 0.6217 0.6068 0.6046 0.6059
1142.000000 0.6073 0.6085 0.6087 0.6078 0.6049
1147.000000 0.5961 0.5794 0.5629 0.5464 0.5300
1152.000000 0.5135 0.4971 0.4806 0.4678 0.4683
1157.000000 0.4856 0.5073 0.5289 0.5505 0.5720
1162.000000 0.5935 0.6149 0.6375 0.6519 0.6630
1167.000000 0.6719 0.6799 0.6891 0.7030 0.7151
1172.000000 0.7290 0.7385 0.7438 0.7470 0.7516
1177.000000 0.7484 0.7476 0.7465 0.7447 0.7424
1182.000000 0.7402 0.7381 0.7369 0.7340 0.7394
1187.000000 0.7466 0.7535 0.7605 0.7675 0.7709
1192.000000 0.7724 0.7692 0.7657 0.7574 0.7506
1197.000000 0.7450 0.7387 0.7317 0.7206 0.7125
1202.000000 0.7053 0.6983 0.6875 0.6738 0.6601
1207.000000 0.6464 0.6336 0.6238 0.6200 0.6203
1212.000000 0.6197 0.6256 0.6338 0.6420 0.6502
1217.000000 0.6584 0.6648 0.6659 0.6545 0.6386
1222.000000 0.6242 0.6236 0.6265 0.6350 0.6566
1227.000000 0.6807 0.7048 0.7255 0.7266 0.7251
1232.000000 0.7230 0.7214 0.7211 0.7220 0.7245
1237.000000 0.7303 0.7454 0.7586 0.7659 0.7679
1242.000000 0.7684 0.7673 0.7662 0.7642 0.7611
1247.000000 0.7566 0.7511 0.7447 0.7364 0.7282
1252.000000 0.7197 0.7064 0.6914 0.6799 0.6722
1257.000000 0.6648 0.6536 0.6424 0.6324 0.6322
1262.000000 0.6311 0.6470 0.6629 0.6787 0.6944
1267.000000 0.7092 0.7062 0.6998 0.6909 0.6821
1272.000000 0.6733 0.6645 0.6608 0.6589 0.6661
1277.000000 0.6756 0.6851 0.6946 0.7024 0.7089
1282.000000 0.7069 0.7023 0.6860 0.6697 0.6534
1287.000000 0.6405 0.6386 0.6410 0.6411 0.6452
1292.000000 0.6503 0.6591 0.6670 0.6868 0.7079
1297.000000 0.7267 0.7323 0.7320 0.7256 0.7161
1302.000000 0.7066 0.6972 0.6878 0.6816 0.6807
1307.000000 0.6791 0.6761 0.6725 0.6696 0.6690
1312.000000 0.6746 0.6878 0.6978 0.6979 0.6978
1317.000000 0.6964 0.6922 0.6859 0.6801 0.6729
1322.000000 0.6667 0.6629 0.6632 0.6654 0.6743
1327.000000 0.6930 0.7035 0.7063 0.7066 0.7062
1332.000000 0.7035 0.6957 0.6885 0.6822 0.6763
1337.000000 0.6703 0.6642 0.6580 0.6520 0.6464
1342.000000 0.6442 0.6446 0.6463 0.6484 0.6500
1347.000000 0.6506 0.6508 0.6477 0.6274 0.6043
1352.000000 0.5811 0.5582 0.5351 0.5121 0.4891
1357.000000 0.4661 0.4447 0.4335 0.4198 0.4028
1362.000000 0.3795 0.3623 0.3513 0.3394 0.3248
1367.000000 0.3132 0.3035 0.2939 0.2849 0.2781
1372.000000 0.2757 0.2770 0.2774 0.3050 0.3506
1377.000000 0.3966 0.4426 0.4884 0.5342 0.5799
1382.000000 0.6150 0.6318 0.6527 0.6701 0.6834
1387.000000 0.6965 0.7099 0.7252 0.7412 0.7601
1392.000000 0.7712 0.7731 0.7750 0.7769 0.7790
1397.000000 0.7754 0.7744 0.7732 0.7720 0.7698
1402.000000 0.7656 0.7584 0.7501 0.7417 0.7332
1407.000000 0.7239 0.7147 0.7147 0.7147 0.7126
1412.000000 0.7235 0.7364 0.7459 0.7534 0.7592
1417.000000 0.7632 0.7642 0.7647 0.7642 0.7680
1422.000000 0.7597 0.7547 0.7476 0.7401 0.7324
1427.000000 0.7189 0.7031 0.6874 0.6718 0.6560
1432.000000 0.6404 0.6251 0.6102 0.5954 0.5820
1437.000000 0.5699 0.5592 0.5369 0.4925 0.4433
1442.000000 0.3959 0.3662 0.3553 0.3493 0.3482
1447.000000 0.3492 0.3511 0.3548 0.3592 0.3646
1452.000000 0.3725 0.3799 0.3854 0.3880 0.3892
1457.000000 0.3903 0.3913 0.3932 0.3963 0.4005
1462.000000 0.4070 0.4185 0.4295 0.4531 0.4932
1467.000000 0.5310 0.5688 0.6066 0.6387 0.6531
1472.000000 0.6639 0.6765 0.6893 0.7008 0.7136
1477.000000 0.7327 0.7501 0.7645 0.7738 0.7810
1482.000000 0.7882 0.7945 0.7993 0.8040 0.8087
1487.000000 0.8134 0.8173 0.8210 0.8247 0.8285
1492.000000 0.8317 0.8338 0.8357 0.8376 0.8395
1497.000000 0.8414 0.8426 0.8436 0.8445 0.8454
1502.000000 0.8463 0.8471 0.8477 0.8481 0.8485
1507.000000 0.8490 0.8493 0.8493 0.8492 0.8492
1512.000000 0.8491 0.8491 0.8490 0.8488 0.8486
1517.000000 0.8482 0.8480 0.8478 0.8475 0.8473
1522.000000 0.8471 0.8468 0.8465 0.8463 0.8498
1527.000000 0.8457 0.8454 0.8451 0.8447 0.8445
1532.000000 0.8442 0.8439 0.8436 0.8433 0.8429
1537.000000 0.8425 0.8420 0.8416 0.8413 0.8409
1542.000000 0.8405 0.8400 0.8395 0.8389 0.8383
1547.000000 0.8377 0.8370 0.8364 0.8359 0.8353
1552.000000 0.8346 0.8340 0.8333 0.8327 0.8320
1557.000000 0.8313 0.8307 0.8301 0.8294 0.8287
1562.000000 0.8277 0.8265 0.8253 0.8241 0.8229
1567.000000 0.8217 0.8205 0.8190 0.8174 0.8156
1572.000000 0.8140 0.8123 0.8106 0.8090 0.8073
1577.000000 0.8058 0.8043 0.8028 0.8014 0.7999
1582.000000 0.7985 0.7970 0.7956 0.7943 0.7929
1587.000000 0.7916 0.7901 0.7879 0.7854 0.7829
1592.000000 0.7787 0.7740 0.7697 0.7655 0.7612
1597.000000 0.7570 0.7525 0.7464 0.7392 0.7301
1602.000000 0.7191 0.7099 0.7033 0.6966 0.6899
1607.000000 0.6830 0.6757 0.6678 0.6568 0.6409
1612.000000 0.6250 0.6091 0.5933 0.5775 0.5617
1617.000000 0.5460 0.5302 0.5144 0.4997 0.4847
1622.000000 0.4766 0.4712 0.4659 0.4606 0.4557
1627.000000 0.4512 0.4468 0.4423 0.4371 0.4308
1632.000000 0.4205 0.3861 0.3288 0.2715 0.2143
1637.000000 0.1571 0.1000 0.0728 0.0669 0.0664
1642.000000 0.0666 0.0757 0.1019 0.1341 0.1661
1647.000000 0.1982 0.2302 0.2622 0.2941 0.3259
1652.000000 0.3578 0.3896 0.4214 0.4531 0.4848
1657.000000 0.5165 0.5480 0.5778 0.5932 0.6040
1662.000000 0.6122 0.6201 0.6300 0.6422 0.6548
1667.000000 0.6662 0.6755 0.6808 0.6861 0.6914
1672.000000 0.6966 0.7036 0.7173 0.7294 0.7369
1677.000000 0.7441 0.7573 0.8074 0.8178 0.8276
1682.000000 0.8320 0.8347 0.8384 0.8423 0.8444
1687.000000 0.8465 0.8487 0.8509 0.8530 0.8555
1692.000000 0.8581 0.8606 0.8632 0.8657 0.8669
1697.000000 0.8678 0.8688 0.8695 0.8696 0.8691
1702.000000 0.8686 0.8673 0.8660 0.8647 0.8642
1707.000000 0.8641 0.8640 0.8640 0.8640 0.8650
1712.000000 0.8659 0.8669 0.8677 0.8684 0.8691
1717.000000 0.8698 0.8706 0.8713 0.8720 0.8727
1722.000000 0.8735 0.8744 0.8752 0.8761 0.8771
1727.000000 0.8780 0.8788 0.8797 0.8806 0.8813
1732.000000 0.8821 0.8829 0.8837 0.8844 0.8850
1737.000000 0.8855 0.8860 0.8864 0.8866 0.8868
1742.000000 0.8869 0.8872 0.8874 0.8875 0.8877
1747.000000 0.8878 0.8880 0.8882 0.8884 0.8886
1752.000000 0.8888 0.8889 0.8891 0.8893 0.8895
1757.000000 0.8897 0.8899 0.8901 0.8903 0.8905
1762.000000 0.8907 0.8909 0.8912 0.8916 0.8920
1767.000000 0.8925 0.8929 0.8934 0.8938 0.8941
1772.000000 0.8941 0.8941 0.8941 0.8941 0.8941
1777.000000 0.8940 0.8939 0.8937 0.8935 0.8934
1782.000000 0.8933 0.8932 0.8932 0.8934 0.8937
1787.000000 0.8940 0.8943 0.8946 0.8949 0.8951
1792.000000 0.8954 0.8956 0.8978 0.8957 0.8957
1797.000000 0.8957 0.8957 0.8957 0.8957 0.8957
1802.000000 0.8957 0.8957 0.8957 0.8957 0.8957
1807.000000 0.8957 0.8957 0.8957 0.8957 0.8957
1812.000000 0.8957 0.8957 0.8957 0.8957 0.8957
1817.000000 0.8958 0.8958 0.8958 0.8958 0.8959
1822.000000 0.8959 0.8959 0.8959 0.8960 0.8960
1827.000000 0.8960 0.8961 0.8961 0.8961 0.8965
1832.000000 0.8968 0.8972 0.8976 0.8979 0.8982
1837.000000 0.8986 0.8989 0.8986 0.8981 0.8976
1842.000000 0.8971 0.8966 0.8962 0.8957 0.8952
1847.000000 0.8947 0.8942 0.8937 0.8933 0.8931
1852.000000 0.8930 0.8930 0.8928 0.8927 0.8926
1857.000000 0.8925 0.8924 0.8923 0.8922 0.8922
1862.000000 0.8921 0.8921 0.8921 0.8920 0.8920
1867.000000 0.8920 0.8919 0.8919 0.8918 0.8918
1872.000000 0.8918 0.8917 0.8917 0.8917 0.8916
1877.000000 0.8916 0.8916 0.8915 0.8915 0.8915
1882.000000 0.8915 0.8915 0.8915 0.8915 0.8915
1887.000000 0.8914 0.8914 0.8914 0.8914 0.8914
1892.000000 0.8914 0.8914 0.8914 0.8914 0.8913
1897.000000 0.8913 0.8913 0.8913 0.8913 0.8913
1902.000000 0.8913 0.8913 0.8914 0.8916 0.8918
1907.000000 0.8920 0.8921 0.8922 0.8924 0.8925
1912.000000 0.8926 0.8928 0.8929 0.8931 0.8932
1917.000000 0.8933 0.8935 0.8936 0.8937 0.8938
1922.000000 0.8937 0.8937 0.8936 0.8935 0.8935
1927.000000 0.8935 0.8934 0.8934 0.8933 0.8932
1932.000000 0.8931 0.8931 0.8930 0.8930 0.8930
1937.000000 0.8929 0.8928 0.8928 0.8928 0.8928
1942.000000 0.8928 0.8928 0.8928 0.8928 0.8928
1947.000000 0.8928 0.8929 0.8929 0.8929 0.8929
1952.000000 0.8929 0.8929 0.8929 0.8929 0.8929
1957.000000 0.8929 0.8930 0.8931 0.8932 0.8933
1962.000000 0.8934 0.8935 0.8936 0.8936 0.8937
1967.000000 0.8939 0.8939 0.8940 0.8940 0.8942
1972.000000 0.8943 0.8943 0.8945 0.8946 0.8946
1977.000000 0.8948 0.8950 0.8952 0.8955 0.8958
1982.000000 0.8960 0.8963 0.8965 0.8968 0.8970
1987.000000 0.8973 0.8975 0.8978 0.8980 0.8983
1992.000000 0.8985 0.8987 0.8988 0.8988 0.8988
1997.000000 0.8988 0.8988 0.8988 0.8988 0.8988
2002.000000 0.8988 0.8988 0.8986 0.8983 0.8981
2007.000000 0.8979 0.8978 0.8975 0.8973 0.8971
2012.000000 0.8969 0.8967 0.8965 0.8963 0.8961
2017.000000 0.8959 0.8957 0.8956 0.8955 0.8955
2022.000000 0.8955 0.8954 0.8954 0.8954 0.8954
2027.000000 0.8954 0.8953 0.8953 0.8953 0.8952
2032.000000 0.8952 0.8952 0.8952 0.8952 0.8951
2037.000000 0.8951 0.8951 0.8951 0.8950 0.8950
2042.000000 0.8950 0.8950 0.8950 0.8949 0.8948
2047.000000 0.8948 0.8947 0.8946 0.8945 0.8943
2052.000000 0.8942 0.8941 0.8941 0.8940 0.8939
2057.000000 0.8938 0.8937 0.8937 0.8936 0.8936
2062.000000 0.8934 0.8933 0.8933 0.8932 0.8932
2067.000000 0.8930 0.8929 0.8929 0.8928 0.8927
2072.000000 0.8926 0.8925 0.8925 0.8924 0.8923
2077.000000 0.8922 0.8922 0.8921 0.8919 0.8919
2082.000000 0.8918 0.8918 0.8919 0.8920 0.8923
2087.000000 0.8925 0.8927 0.8929 0.8931 0.8933
2092.000000 0.8935 0.8937 0.8939 0.8941 0.8943
2097.000000 0.8945 0.8947 0.8949 0.8952 0.8954
2102.000000 0.8955 0.8957 0.8960 0.8962 0.8964
2107.000000 0.8966 0.8969 0.8970 0.8972 0.8974
2112.000000 0.8975 0.8974 0.8973 0.8973 0.8971
2117.000000 0.8970 0.8970 0.8969 0.8968 0.8967
2122.000000 0.8967 0.8966 0.8965 0.8962 0.8959
2127.000000 0.8957 0.8955 0.8952 0.8949 0.8946
2132.000000 0.8944 0.8942 0.8939 0.8936 0.8934
2137.000000 0.8932 0.8929 0.8927 0.8924 0.8922
2142.000000 0.8918 0.8915 0.8913 0.8910 0.8906
2147.000000 0.8903 0.8900 0.8896 0.8893 0.8890
2152.000000 0.8887 0.8884 0.8881 0.8878 0.8875
2157.000000 0.8872 0.8868 0.8865 0.8863 0.8861
2162.000000 0.8859 0.8857 0.8855 0.8852 0.8850
2167.000000 0.8849 0.8847 0.8845 0.8843 0.8841
2172.000000 0.8839 0.8836 0.8834 0.8833 0.8831
2177.000000 0.8831 0.8831 0.8834 0.8836 0.8838
2182.000000 0.8841 0.8843 0.8846 0.8849 0.8851
2187.000000 0.8854 0.8857 0.8860 0.8866 0.8872
2192.000000 0.8878 0.8885 0.8891 0.8897 0.8899
2197.000000 0.8901 0.8901 0.8900 0.8900 0.8899
2202.000000 0.8899 0.8898 0.8897 0.8895 0.8893
2207.000000 0.8891 0.8888 0.8886 0.8884 0.8881
2212.000000 0.8878 0.8876 0.8873 0.8871 0.8868
2217.000000 0.8866 0.8863 0.8860 0.8857 0.8855
2222.000000 0.8852 0.8850 0.8847 0.8844 0.8842
2227.000000 0.8839 0.8837 0.8834 0.8832 0.8829
2232.000000 0.8827 0.8826 0.8826 0.8826 0.8826
2237.000000 0.8825 0.8825 0.8825 0.8825 0.8825
2242.000000 0.8825 0.8824 0.8824 0.8824 0.8824
2247.000000 0.8823 0.8823 0.8823 0.8824 0.8825
2252.000000 0.8825 0.8826 0.8826 0.8827 0.8827
2257.000000 0.8828 0.8828 0.8829 0.8829 0.8830
2262.000000 0.8830 0.8831 0.8831 0.8832 0.8832
2267.000000 0.8833 0.8833 0.8834 0.8834 0.8834
2272.000000 0.8834 0.8833 0.8833 0.8833 0.8833
2277.000000 0.8832 0.8832 0.8832 0.8832 0.8832
2282.000000 0.8831 0.8831 0.8830 0.8830 0.8830
2287.000000 0.8830 0.8829 0.8829 0.8829 0.8829
2292.000000 0.8828 0.8828 0.8827 0.8827 0.8826
2297.000000 0.8826 0.8825 0.8824 0.8823 0.8823
2302.000000 0.8823 0.8822 0.8822 0.8821 0.8820
2307.000000 0.8819 0.8819 0.8818 0.8817 0.8816
2312.000000 0.8816 0.8815 0.8814 0.8813 0.8813
2317.000000 0.8812 0.8812 0.8812 0.8811 0.8810
2322.000000 0.8809 0.8809 0.8808 0.8807 0.8806
2327.000000 0.8806 0.8805 0.8804 0.8803 0.8803
2332.000000 0.8803 0.8802 0.8802 0.8801 0.8800
2337.000000 0.8800 0.8800 0.8801 0.8801 0.8802
2342.000000 0.8802 0.8802 0.8803 0.8803 0.8804
2347.000000 0.8804 0.8805 0.8805 0.8806 0.8806
2352.000000 0.8807 0.8807 0.8807 0.8808 0.8808
2357.000000 0.8809 0.8810 0.8811 0.8811 0.8812
2362.000000 0.8812 0.8813 0.8813 0.8813 0.8814
2367.000000 0.8814 0.8814 0.8813 0.8812 0.8811
2372.000000 0.8810 0.8810 0.8810 0.8809 0.8808
2377.000000 0.8807 0.8806 0.8805 0.8804 0.8803
2382.000000 0.8803 0.8802 0.8801 0.8801 0.8798
2387.000000 0.8794 0.8789 0.8785 0.8780 0.8775
2392.000000 0.8771 0.8767 0.8762 0.8758 0.8754
2397.000000 0.8749 0.8744 0.8740 0.8735 0.8731
2402.000000 0.8726 0.8722 0.8718 0.8714 0.8709
2407.000000 0.8706 0.8702 0.8699 0.8697 0.8694
2412.000000 0.8691 0.8689 0.8696 0.8705 0.8715
2417.000000 0.8724 0.8733 0.8743 0.8752 0.8762
2422.000000 0.8771 0.8778 0.8783 0.8788 0.8793
2427.000000 0.8799 0.8804 0.8809 0.8812 0.8815
2432.000000 0.8816 0.8814 0.8811 0.8807 0.8802
2437.000000 0.8795 0.8782 0.8770 0.8758 0.8745
2442.000000 0.8737 0.8730 0.8724 0.8718 0.8712
2447.000000 0.8705 0.8699 0.8694 0.8690 0.8686
2452.000000 0.8683 0.8679 0.8677 0.8675 0.8674
2457.000000 0.8673 0.8671 0.8669 0.8668 0.8666
2462.000000 0.8665 0.8664 0.8663 0.8662 0.8661
2467.000000 0.8660 0.8659 0.8659 0.8658 0.8657
2472.000000 0.8656 0.8655 0.8655 0.8654 0.8653
2477.000000 0.8652 0.8651 0.8650 0.8650 0.8649
2482.000000 0.8649 0.8648 0.8647 0.8647 0.8646
2487.000000 0.8646 0.8645 0.8645 0.8645 0.8644
2492.000000 0.8643 0.8642 0.8642 0.8642 0.8641
2497.000000 0.8640 0.8639 0.8637 0.8636 0.8634
2502.000000 0.8632 0.8629 0.8627 0.8625 0.8622
2507.000000 0.8620 0.8618 0.8616 0.8614 0.8611
2512.000000 0.8609 0.8606 0.8604 0.8602 0.8600
2517.000000 0.8598 0.8596 0.8593 0.8591 0.8589
2522.000000 0.8587 0.8585 0.8582 0.8580 0.8578
2527.000000 0.8575 0.8573 0.8571 0.8569 0.8567
2532.000000 0.8564 0.8561 0.8559 0.8557 0.8554
2537.000000 0.8551 0.8549 0.8546 0.8543 0.8541
2542.000000 0.8538 0.8536 0.8533 0.8531 0.8528
2547.000000 0.8526 0.8523 0.8521 0.8518 0.8516
2552.000000 0.8513 0.8511 0.8508 0.8506 0.8503
2557.000000 0.8501 0.8498 0.8496 0.8493 0.8491
2562.000000 0.8488 0.8485 0.8483 0.8480 0.8477
2567.000000 0.8475 0.8472 0.8469 0.8467 0.8464
2572.000000 0.8462 0.8459 0.8457 0.8455 0.8452
2577.000000 0.8449 0.8447 0.8444 0.8441 0.8439
2582.000000 0.8436 0.8434 0.8431 0.8428 0.8426
2587.000000 0.8423 0.8420 0.8418 0.8416 0.8414
2592.000000 0.8411 0.8408 0.8406 0.8403 0.8401
2597.000000 0.8398 0.8395 0.8392 0.8389 0.8387
2602.000000 0.8384 0.8381 0.8378 0.8375 0.8372
2607.000000 0.8369 0.8366 0.8363 0.8360 0.8357
2612.000000 0.8354 0.8352 0.8349 0.8346 0.8343
2617.000000 0.8341 0.8338 0.8335 0.8332 0.8329
2622.000000 0.8326 0.8323 0.8321 0.8318 0.8316
2627.000000 0.8314 0.8312 0.8310 0.8308 0.8307
2632.000000 0.8305 0.8303 0.8301 0.8300 0.8298
2637.000000 0.8297 0.8295 0.8293 0.8291 0.8290
2642.000000 0.8288 0.8286 0.8284 0.8282 0.8281
2647.000000 0.8279 0.8278 0.8276 0.8274 0.8273
2652.000000 0.8271 0.8269 0.8267 0.8266 0.8264
2657.000000 0.8262 0.8260 0.8259 0.8257 0.8254
2662.000000 0.8252 0.8250 0.8249 0.8247 0.8245
2667.000000 0.8243 0.8242 0.8239 0.8237 0.8234
2672.000000 0.8226 0.8219 0.8211 0.8203 0.8196
2677.000000 0.8188 0.8181 0.8173 0.8165 0.8157
2682.000000 0.8148 0.8139 0.8129 0.8119 0.8111
2687.000000 0.8102 0.8094 0.8089 0.8084 0.8080
2692.000000 0.8075 0.8071 0.8066 0.8061 0.8056
2697.000000 0.8051 0.8045 0.8040 0.8034 0.8029
2702.000000 0.8024 0.8019 0.8013 0.8008 0.8003
2707.000000 0.7997 0.7992 0.7987 0.7982 0.7977
2712.000000 0.7973 0.7969 0.7965 0.7961 0.7957
2717.000000 0.7953 0.7949 0.7945 0.7941 0.7937
2722.000000 0.7933 0.7929 0.7924 0.7918 0.7912
2727.000000 0.7906 0.7901 0.7895 0.7889 0.7884
2732.000000 0.7878 0.7872 0.7865 0.7859 0.7852
2737.000000 0.7845 0.7837 0.7830 0.7823 0.7816
2742.000000 0.7809 0.7802 0.7794 0.7787 0.7780
2747.000000 0.7773 0.7766 0.7759 0.7752 0.7741
2752.000000 0.7729 0.7717 0.7705 0.7693 0.7682
2757.000000 0.7670 0.7658 0.7646 0.7631 0.7613
2762.000000 0.7596 0.7577 0.7557 0.7537 0.7517
2767.000000 0.7498 0.7478 0.7456 0.7431 0.7406
2772.000000 0.7380 0.7351 0.7322 0.7292 0.7259
2777.000000 0.7226 0.7182 0.7098 0.7013 0.6935
2782.000000 0.6893 0.6850 0.6808 0.6760 0.6712
2787.000000 0.6664 0.6605 0.6545 0.6485 0.6261
2792.000000 0.6001 0.5741 0.5596 0.5498 0.5401
2797.000000 0.5303 0.5206 0.5109 0.5012 0.4915
2802.000000 0.4818 0.4720 0.4624 0.4527 0.4430
2807.000000 0.4333 0.4236 0.4139 0.4043 0.3946
2812.000000 0.3850 0.3790 0.3737 0.3683 0.3642
2817.000000 0.3607 0.3571 0.3343 0.2929 0.2516
2822.000000 0.2204 0.2097 0.1990 0.1890 0.1833
2827.000000 0.1777 0.1721 0.1664 0.1608 0.1552
2832.000000 0.1499 0.1447 0.1395 0.1344 0.1293
2837.000000 0.1243 0.1194 0.1150 0.1105 0.1061
2842.000000 0.1023 0.0986 0.0948 0.0934 0.0924
2847.000000 0.0914 0.0905 0.0897 0.0889 0.0882
2852.000000 0.0877 0.0872 0.0867 0.0864 0.0860
2857.000000 0.0857 0.0854 0.0851 0.0848 0.0845
2862.000000 0.0842 0.0839 0.0833 0.0823 0.0813
2867.000000 0.0801 0.0764 0.0727 0.0690 0.0626
2872.000000 0.0552 0.0477 0.0422 0.0392 0.0362
2877.000000 0.0332 0.0307 0.0282 0.0256 0.0225
2882.000000 0.0194 0.0162 0.0143 0.0138 0.0133
2887.000000 0.0128 0.0128 0.0127 0.0127 0.0127
2892.000000 0.0127 0.0127 0.0127 0.0129 0.0131
2897.000000 0.0133 0.0136 0.0139 0.0142 0.0156
2902.000000 0.0174 0.0192 0.0220 0.0264 0.0308
2907.000000 0.0351 0.0385 0.0418 0.0451 0.0476
2912.000000 0.0496 0.0516 0.0536 0.0552 0.0568
2917.000000 0.0584 0.0598 0.0613 0.0627 0.0641
2922.000000 0.0655 0.0669 0.0683 0.0698 0.0713
2927.000000 0.0728 0.0919 0.1229 0.1539 0.1830
2932.000000 0.2022 0.2214 0.2406 0.2598 0.2789
2937.000000 0.2981 0.3172 0.3363 0.3555 0.3746
2942.000000 0.3936 0.4127 0.4317 0.4508 0.4698
2947.000000 0.4889 0.5079 0.5269 0.5458 0.5648
2952.000000 0.5824 0.5979 0.6134 0.6290 0.6487
2957.000000 0.6688 0.6889 0.7027 0.7079 0.7131
2962.000000 0.7183 0.7245 0.7307 0.7369 0.7428
2967.000000 0.7482 0.7535 0.7589 0.7626 0.7660
2972.000000 0.7695 0.7730 0.7764 0.7798 0.7833
2977.000000 0.7870 0.7908 0.7946 0.7984 0.8022
2982.000000 0.8060 0.8098 0.8130 0.8159 0.8188
2987.000000 0.8216 0.8244 0.8272 0.8300 0.8322
2992.000000 0.8340 0.8359 0.8377 0.8393 0.8409
2997.000000 0.8424 0.8438 0.8448 0.8459 0.8469
3002.000000 0.8475 0.8480 0.8485 0.8490 0.8490
3007.000000 0.8491 0.8492 0.8493 0.8494 0.8495
3012.000000 0.8495 0.8496 0.8497 0.8497 0.8549
3017.000000 0.8496 0.8496 0.8495 0.8494 0.8493
3022.000000 0.8492 0.8491 0.8491 0.8490 0.8489
3027.000000 0.8488 0.8488 0.8487 0.8487 0.8486
3032.000000 0.8485 0.8484 0.8483 0.8483 0.8482
3037.000000 0.8481 0.8480 0.8479 0.8478 0.8477
3042.000000 0.8476 0.8475 0.8474 0.8473 0.8471
3047.000000 0.8470 0.8469 0.8468 0.8467 0.8466
3052.000000 0.8464 0.8463 0.8462 0.8461 0.8460
3057.000000 0.8458 0.8457 0.8456 0.8454 0.8453
3062.000000 0.8452 0.8451 0.8450 0.8448 0.8447
3067.000000 0.8445 0.8444 0.8442 0.8440 0.8438
3072.000000 0.8436 0.8434 0.8432 0.8430 0.8428
3077.000000 0.8426 0.8424 0.8422 0.8420 0.8418
3082.000000 0.8417 0.8415 0.8413 0.8411 0.8409
3087.000000 0.8407 0.8405 0.8403 0.8401 0.8399
3092.000000 0.8397 0.8395 0.8394 0.8392 0.8390
3097.000000 0.8388 0.8386 0.8384 0.8383 0.8381
3102.000000 0.8379 0.8377 0.8375 0.8374 0.8372
3107.000000 0.8370 0.8368 0.8366 0.8365 0.8363
3112.000000 0.8362 0.8360 0.8358 0.8356 0.8355
3117.000000 0.8353 0.8351 0.8349 0.8347 0.8346
3122.000000 0.8344 0.8342 0.8340 0.8339 0.8337
3127.000000 0.8335 0.8333 0.8331 0.8330 0.8328
3132.000000 0.8327 0.8325 0.8323 0.8322 0.8320
3137.000000 0.8318 0.8315 0.8313 0.8310 0.8308
3142.000000 0.8305 0.8302 0.8298 0.8295 0.8292
3147.000000 0.8289 0.8286 0.8282 0.8279 0.8276
3152.000000 0.8273 0.8270 0.8267 0.8264 0.8260
3157.000000 0.8257 0.8254 0.8251 0.8248 0.8245
3162.000000 0.8242 0.8239 0.8235 0.8232 0.8229
3167.000000 0.8226 0.8223 0.8220 0.8217 0.8214
3172.000000 0.8210 0.8207 0.8203 0.8200 0.8196
3177.000000 0.8192 0.8188 0.8185 0.8181 0.8177
3182.000000 0.8174 0.8170 0.8166 0.8162 0.8159
3187.000000 0.8155 0.8151 0.8148 0.8144 0.8140
3192.000000 0.8137 0.8133 0.8129 0.8126 0.8122
3197.000000 0.8118 0.8115 0.8111 0.8107 0.8104
3202.000000 0.8100 0.8096 0.8093 0.8089 0.8085
3207.000000 0.8082 0.8078 0.8074 0.8071 0.8067
3212.000000 0.8063 0.8059 0.8055 0.8050 0.8045
3217.000000 0.8041 0.8036 0.8032 0.8027 0.8022
3222.000000 0.8018 0.8013 0.8009 0.8004 0.8000
3227.000000 0.7995 0.7990 0.7986 0.7981 0.7977
3232.000000 0.7972 0.7968 0.7963 0.7958 0.7954
3237.000000 0.7949 0.7944 0.7939 0.7934 0.7929
3242.000000 0.7924 0.7919 0.7914 0.7909 0.7904
3247.000000 0.7899 0.7895 0.7890 0.7885 0.7880
3252.000000 0.7875 0.7870 0.7865 0.7861 0.7856
3257.000000 0.7851 0.7846 0.7841 0.7835 0.7828
3262.000000 0.7821 0.7813 0.7806 0.7797 0.7788
3267.000000 0.7778 0.7769 0.7760 0.7751 0.7742
3272.000000 0.7733 0.7724 0.7715 0.7706 0.7696
3277.000000 0.7687 0.7678 0.7669 0.7659 0.7650
3282.000000 0.7640 0.7630 0.7621 0.7611 0.7600
3287.000000 0.7589 0.7578 0.7567 0.7556 0.7545
3292.000000 0.7534 0.7522 0.7511 0.7500 0.7489
3297.000000 0.7478 0.7467 0.7456 0.7445 0.7434
3302.000000 0.7423 0.7412 0.7401 0.7390 0.7379
3307.000000 0.7368 0.7353 0.7339 0.7325 0.7310
3312.000000 0.7295 0.7280 0.7264 0.7249 0.7233
3317.000000 0.7218 0.7202 0.7187 0.7171 0.7156
3322.000000 0.7141 0.7126 0.7111 0.7094 0.7075
3327.000000 0.7057 0.7038 0.7019 0.6993 0.6967
3332.000000 0.6941 0.6915 0.6883 0.6849 0.6814
3337.000000 0.6780 0.6742 0.6694 0.6645 0.6597
3342.000000 0.6548 0.6500 0.6452 0.6404 0.6355
3347.000000 0.6307 0.6259 0.6211 0.6163 0.6114
3352.000000 0.6067 0.6019 0.5971 0.5923 0.5875
3357.000000 0.5827 0.5780 0.5732 0.5684 0.5636
3362.000000 0.5588 0.5540 0.5493 0.5445 0.5397
3367.000000 0.5350 0.5302 0.5254 0.5207 0.5159
3372.000000 0.5112 0.5064 0.5017 0.4970 0.4922
3377.000000 0.4875 0.4827 0.4780 0.4733 0.4686
3382.000000 0.4638 0.4591 0.4544 0.4497 0.4450
3387.000000 0.4403 0.4364 0.4335 0.4307 0.4278
3392.000000 0.4249 0.4246 0.4248 0.4249 0.4250
3397.000000 0.4261 0.4252 0.4253 0.4254 0.4255
3402.000000 0.4286 0.4334 0.4382 0.4430 0.4478
3407.000000 0.4533 0.4588 0.4642 0.4697 0.4752
3412.000000 0.4807 0.4862 0.4917 0.4972 0.5027
3417.000000 0.5081 0.5136 0.5190 0.5245 0.5300
3422.000000 0.5354 0.5409 0.5464 0.5518 0.5572
3427.000000 0.5627 0.5681 0.5735 0.5789 0.5844
3432.000000 0.5898 0.5952 0.6006 0.6060 0.6114
3437.000000 0.6169 0.6223 0.6277 0.6331 0.6385
3442.000000 0.6438 0.6492 0.6546 0.6600 0.6654
3447.000000 0.6708 0.6762 0.6815 0.6869 0.6922
3452.000000 0.6976 0.7029 0.7083 0.7137 0.7190
3457.000000 0.7244 0.7297 0.7351 0.7404 0.7457
3462.000000 0.7510 0.7564 0.7617 0.7670 0.7724
3467.000000 0.7777 0.7830 0.7883 0.7936 0.7989
3472.000000 0.8042 0.8126 0.8219 0.8312 0.8406
3477.000000 0.8499 0.8525 0.8547 0.8569 0.8592
3482.000000 0.8613 0.8628 0.8643 0.8658 0.8672
3487.000000 0.8687 0.8702 0.8717 0.8732 0.8746
3492.000000 0.8759 0.8768 0.8777 0.8787 0.8796
3497.000000 0.8803 0.8808 0.8813 0.8818 0.8823
3502.000000 0.8825 0.8826 0.8828 0.8829 0.8830
3507.000000 0.8831 0.8833 0.8834 0.8836 0.8837
3512.000000 0.8838 0.8838 0.8838 0.8838 0.8838
3517.000000 0.8838 0.8838 0.8837 0.8837 0.8837
3522.000000 0.8836 0.8836 0.8835 0.8835 0.8835
3527.000000 0.8834 0.8834 0.8833 0.8833 0.8833
3532.000000 0.8832 0.8832 0.8832 0.8832 0.8832
3537.000000 0.8831 0.8831 0.8830 0.8830 0.8830
3542.000000 0.8829 0.8829 0.8828 0.8828 0.8828
3547.000000 0.8815 0.8826 0.8825 0.8824 0.8824
3552.000000 0.8823 0.8822 0.8822 0.8821 0.8821
3557.000000 0.8820 0.8819 0.8819 0.8818 0.8818
3562.000000 0.8817 0.8816 0.8816 0.8815 0.8815
3567.000000 0.8814 0.8813 0.8812 0.8812 0.8811
3572.000000 0.8810 0.8810 0.8809 0.8808 0.8808
3577.000000 0.8807 0.8807 0.8806 0.8805 0.8805
3582.000000 0.8804 0.8803 0.8803 0.8802 0.8801
3587.000000 0.8800 0.8800 0.8799 0.8799 0.8798
3592.000000 0.8797 0.8797 0.8796 0.8796 0.8795
3597.000000 0.8795 0.8794 0.8794 0.8793 0.8793
3602.000000 0.8793 0.8792 0.8792 0.8791 0.8790
3607.000000 0.8790 0.8789 0.8789 0.8789 0.8788
3612.000000 0.8788 0.8787 0.8787 0.8786 0.8786
3617.000000 0.8785 0.8784 0.8784 0.8783 0.8783
3622.000000 0.8782 0.8782 0.8781 0.8781 0.8780
3627.000000 0.8780 0.8780 0.8779 0.8779 0.8778
3632.000000 0.8777 0.8777 0.8776 0.8776 0.8775
3637.000000 0.8775 0.8774 0.8774 0.8773 0.8773
3642.000000 0.8772 0.8772 0.8772 0.8771 0.8771
3647.000000 0.8770 0.8769 0.8769 0.8768 0.8767
3652.000000 0.8766 0.8765 0.8764 0.8763 0.8762
3657.000000 0.8761 0.8760 0.8759 0.8758 0.8757
3662.000000 0.8756 0.8755 0.8754 0.8753 0.8752
3667.000000 0.8751 0.8750 0.8749 0.8748 0.8747
3672.000000 0.8745 0.8744 0.8743 0.8742 0.8741
3677.000000 0.8740 0.8739 0.8738 0.8737 0.8735
3682.000000 0.8734 0.8733 0.8732 0.8731 0.8730
3687.000000 0.8729 0.8728 0.8727 0.8726 0.8724
3692.000000 0.8723 0.8722 0.8721 0.8720 0.8720
3697.000000 0.8719 0.8718 0.8717 0.8716 0.8714
3702.000000 0.8713 0.8712 0.8711 0.8710 0.8709
3707.000000 0.8708 0.8707 0.8706 0.8705 0.8704
3712.000000 0.8702 0.8701 0.8700 0.8699 0.8697
3717.000000 0.8696 0.8694 0.8693 0.8691 0.8689
3722.000000 0.8688 0.8686 0.8684 0.8683 0.8681
3727.000000 0.8680 0.8678 0.8677 0.8675 0.8674
3732.000000 0.8672 0.8671 0.8669 0.8668 0.8666
3737.000000 0.8664 0.8663 0.8661 0.8660 0.8658
3742.000000 0.8656 0.8655 0.8653 0.8652 0.8650
3747.000000 0.8648 0.8647 0.8645 0.8644 0.8642
3752.000000 0.8640 0.8639 0.8637 0.8636 0.8634
3757.000000 0.8633 0.8631 0.8630 0.8629 0.8627
3762.000000 0.8625 0.8624 0.8622 0.8621 0.8619
3767.000000 0.8618 0.8616 0.8615 0.8614 0.8612
3772.000000 0.8611 0.8610 0.8609 0.8608 0.8607
3777.000000 0.8606 0.8605 0.8604 0.8603 0.8602
3782.000000 0.8601 0.8600 0.8599 0.8598 0.8596
3787.000000 0.8595 0.8594 0.8593 0.8592 0.8591
3792.000000 0.8590 0.8589 0.8588 0.8587 0.8586
3797.000000 0.8585 0.8584 0.8583 0.8582 0.8581
3802.000000 0.8580 0.8579 0.8578 0.8577 0.8576
3807.000000 0.8575 0.8574 0.8573 0.8572 0.8570
3812.000000 0.8569 0.8568 0.8567 0.8566 0.8565
3817.000000 0.8564 0.8563 0.8563 0.8562 0.8561
3822.000000 0.8560 0.8559 0.8559 0.8558 0.8558
3827.000000 0.8557 0.8557 0.8556 0.8556 0.8556
3832.000000 0.8555 0.8555 0.8555 0.8554 0.8554
3837.000000 0.8553 0.8553 0.8552 0.8552 0.8551
3842.000000 0.8551 0.8550 0.8550 0.8549 0.8549
3847.000000 0.8548 0.8548 0.8548 0.8547 0.8547
3852.000000 0.8547 0.8546 0.8546 0.8545 0.8545
3857.000000 0.8544 0.8544 0.8543 0.8543 0.8543
3862.000000 0.8542 0.8542 0.8541 0.8541 0.8540
3867.000000 0.8540 0.8539 0.8539 0.8538 0.8538
3872.000000 0.8538 0.8537 0.8537 0.8537 0.8536
3877.000000 0.8536 0.8535 0.8535 0.8534 0.8534
3882.000000 0.8533 0.8533 0.8532 0.8532 0.8532
3887.000000 0.8531 0.8531 0.8530 0.8530 0.8530
3892.000000 0.8529 0.8529 0.8529 0.8528 0.8528
3897.000000 0.8528 0.8528 0.8528 0.8528 0.8527
3902.000000 0.8527 0.8527 0.8527 0.8527 0.8527
3907.000000 0.8526 0.8526 0.8526 0.8526 0.8526
3912.000000 0.8526 0.8526 0.8526 0.8526 0.8526
3917.000000 0.8526 0.8526 0.8525 0.8525 0.8525
3922.000000 0.8525 0.8525 0.8525 0.8524 0.8524
3927.000000 0.8524 0.8524 0.8524 0.8524 0.8523
3932.000000 0.8523 0.8523 0.8523 0.8523 0.8523
3937.000000 0.8523 0.8523 0.8523 0.8523 0.8523
3942.000000 0.8523 0.8523 0.8522 0.8522 0.8522
3947.000000 0.8522 0.8522 0.8522 0.8521 0.8521
3952.000000 0.8521 0.8521 0.8521 0.8521 0.8521
3957.000000 0.8521 0.8521 0.8521 0.8521 0.8521
3962.000000 0.8521 0.8521 0.8521 0.8521 0.8521
3967.000000 0.8521 0.8521 0.8520 0.8520 0.8520
3972.000000 0.8520 0.8520 0.8520 0.8520 0.8520
3977.000000 0.8520 0.8520 0.8520 0.8520 0.8520
3982.000000 0.8520 0.8520 0.8520 0.8520 0.8520
3987.000000 0.8520 0.8519 0.8519 0.8519 0.8519
3992.000000 0.8519 0.8519 0.8519 0.8519 0.8519
3997.000000 0.8519 0.8519 0.8519 0.8519
##END=
