##TITLE=1,2,6-HEXANETRIOL
##JCAMP-DX=4.24
##DATA TYPE=INFRARED SPECTRUM
##CLASS=COBLENTZ III
##ORIGIN=DOW CHEMICAL COMPANY
##OWNER=COBLENTZ SOCIETY
Collection (C) 2018 copyright by the U.S. Secretary of Commerce
on behalf of the United States of America. All rights reserved.
##DATE=1959/03/06
##CAS REGISTRY NO=106-69-4
##MOLFORM=C6 H14 O3
##SOURCE REFERENCE=COBLENTZ NO. 10083
##$NIST SOURCE=COBLENTZ
##$NIST IMAGE=cob10083
##SPECTROMETER/DATA SYSTEM=DOW KBr FOREPRISM-GRATING
##INSTRUMENT PARAMETERS=BLAZED AT 3.5, 12.0, 20.0 MICRON, CHANGED AT 5.0, 7.5, 14.9 MICRON
##STATE=LIQUID (NEAT)
##PATH LENGTH=CAPILLARY, KBr PLATES
$$ SPECTRAL FEATURES AT 1996 AND 655 CM^-^1 ARE ARTIFACTS CAUSED BY GRATING CHANGE
##SAMPLING PROCEDURE=TRANSMISSION
##RESOLUTION=4
##DATA PROCESSING=DIGITIZED BY NIST FROM HARD COPY (FROM TWO SEGMENTS)
##XUNITS=1/CM
##YUNITS=TRANSMITTANCE
##XFACTOR=1.000000
##YFACTOR=1
##DELTAX=0.869063
##FIRSTX=458.285
##LASTX=3789.4
##FIRSTY=0.831
##MAXX=3789.4
##MINX=458.285
##MAXY=1.059
##MINY=0.135
##NPOINTS=3834
##XYDATA=(X++(Y..Y))
458.285000 0.8310 0.8310 0.8310 0.8290 0.8290
462.630313 0.8290 0.8290 0.8290 0.8290 0.8290
466.975627 0.8290 0.8290 0.8290 0.8270 0.8270
471.320940 0.8270 0.8270 0.8270 0.8270 0.8270
475.666254 0.8270 0.8270 0.8270 0.8270 0.8270
480.011567 0.8270 0.8270 0.8270 0.8270 0.8270
484.356881 0.8270 0.8270 0.8270 0.8260 0.8260
488.702194 0.8260 0.8260 0.8260 0.8260 0.8260
493.047507 0.8260 0.8240 0.8240 0.8240 0.8230
497.392821 0.8230 0.8230 0.8220 0.8220 0.8220
501.738134 0.8220 0.8230 0.8220 0.8220 0.8220
506.083448 0.8220 0.8220 0.8220 0.8200 0.8200
510.428761 0.8200 0.8200 0.8200 0.8200 0.8220
514.774075 0.8220 0.8220 0.8230 0.8230 0.8230
519.119388 0.8230 0.8230 0.8230 0.8230 0.8230
523.464702 0.8230 0.8240 0.8260 0.8270 0.8290
527.810015 0.8300 0.8310 0.8310 0.8350 0.8370
532.155328 0.8380 0.8380 0.8390 0.8390 0.8420
536.500642 0.8430 0.8450 0.8450 0.8450 0.8480
540.845955 0.8480 0.8460 0.8460 0.8480 0.8480
545.191269 0.8500 0.8500 0.8540 0.8560 0.8560
549.536582 0.8570 0.8580 0.8600 0.8600 0.8610
553.881896 0.8610 0.8610 0.8610 0.8610 0.8610
558.227209 0.8610 0.8610 0.8610 0.8610 0.8610
562.572522 0.8610 0.8610 0.8610 0.8610 0.8610
566.917836 0.8610 0.8610 0.8610 0.8610 0.8610
571.263149 0.8610 0.8610 0.8610 0.8610 0.8620
575.608463 0.8620 0.8620 0.8640 0.8640 0.8620
579.953776 0.8620 0.8620 0.8640 0.8640 0.8640
584.299090 0.8640 0.8640 0.8640 0.8650 0.8650
588.644403 0.8650 0.8650 0.8650 0.8650 0.8650
592.989716 0.8650 0.8650 0.8650 0.8650 0.8650
597.335030 0.8670 0.8680 0.8680 0.8710 0.8710
601.680343 0.8710 0.8710 0.8710 0.8690 0.8690
606.025657 0.8690 0.8690 0.8690 0.8690 0.8690
610.370970 0.8710 0.8710 0.8710 0.8710 0.8720
614.716284 0.8720 0.8720 0.8720 0.8720 0.8720
619.061597 0.8720 0.8720 0.8720 0.8730 0.8730
623.406910 0.8730 0.8730 0.8730 0.8730 0.8730
627.752224 0.8730 0.8730 0.8730 0.8730 0.8730
632.097537 0.8730 0.8730 0.8730 0.8730 0.8730
636.442851 0.8730 0.8730 0.8730 0.8730 0.8750
640.788164 0.8750 0.8730 0.8730 0.8730 0.8730
645.133478 0.8730 0.8730 0.8760 0.8770 0.8790
649.478791 0.8790 0.8790 0.8790 0.8790 0.8770
653.824105 0.8760 0.8640 0.8291 0.8290 0.8290
658.169418 0.8290 0.8300 0.8300 0.8300 0.8310
662.514731 0.8330 0.8330 0.8330 0.8340 0.8340
666.860045 0.8340 0.8340 0.8340 0.8350 0.8370
671.205358 0.8380 0.8390 0.8390 0.8410 0.8420
675.550672 0.8420 0.8430 0.8450 0.8460 0.8500
679.895985 0.8500 0.8530 0.8530 0.8530 0.8530
684.241299 0.8540 0.8560 0.8580 0.8600 0.8610
688.586612 0.8610 0.8610 0.8620 0.8640 0.8650
692.931925 0.8670 0.8690 0.8710 0.8720 0.8720
697.277239 0.8730 0.8730 0.8730 0.8750 0.8750
701.622552 0.8770 0.8770 0.8790 0.8810 0.8830
705.967866 0.8830 0.8840 0.8870 0.8880 0.8900
710.313179 0.8910 0.8910 0.8910 0.8910 0.8920
714.658493 0.8920 0.8920 0.8920 0.8920 0.8920
719.003806 0.8920 0.8920 0.8920 0.8920 0.8920
723.349119 0.8920 0.8920 0.8940 0.8920 0.8920
727.694433 0.8920 0.8920 0.8920 0.8920 0.8920
732.039746 0.8920 0.8920 0.8940 0.8940 0.8940
736.385060 0.8940 0.8940 0.8940 0.8940 0.8950
740.730373 0.8960 0.8990 0.9000 0.9000 0.9020
745.075687 0.9050 0.9060 0.9090 0.9110 0.9130
749.421000 0.9150 0.9180 0.9210 0.9220 0.9240
753.766313 0.9240 0.9250 0.9260 0.9280 0.9320
758.111627 0.9320 0.9330 0.9330 0.9360 0.9370
762.456940 0.9380 0.9380 0.9400 0.9410 0.9410
766.802254 0.9410 0.9430 0.9440 0.9480 0.9510
771.147567 0.9530 0.9550 0.9550 0.9550 0.9550
775.492881 0.9550 0.9550 0.9550 0.9550 0.9550
779.838194 0.9550 0.9560 0.9570 0.9590 0.9600
784.183508 0.9620 0.9620 0.9630 0.9630 0.9630
788.528821 0.9630 0.9630 0.9630 0.9630 0.9640
792.874134 0.9640 0.9640 0.9640 0.9640 0.9640
797.219448 0.9640 0.9640 0.9640 0.9660 0.9660
801.564761 0.9640 0.9640 0.9640 0.9640 0.9640
805.910075 0.9640 0.9660 0.9660 0.9660 0.9670
810.255388 0.9670 0.9680 0.9680 0.9680 0.9660
814.600702 0.9670 0.9680 0.9680 0.9700 0.9710
818.946015 0.9710 0.9720 0.9740 0.9750 0.9760
823.291328 0.9790 0.9810 0.9830 0.9830 0.9850
827.636642 0.9850 0.9850 0.9850 0.9850 0.9850
831.981955 0.9850 0.9850 0.9830 0.9810 0.9780
836.327269 0.9760 0.9720 0.9720 0.9700 0.9670
840.672582 0.9660 0.9630 0.9600 0.9570 0.9550
845.017896 0.9530 0.9530 0.9490 0.9430 0.9410
849.363209 0.9370 0.9330 0.9320 0.9290 0.9280
853.708522 0.9250 0.9220 0.9210 0.9190 0.9170
858.053836 0.9130 0.9130 0.9090 0.9070 0.9070
862.399149 0.9070 0.9070 0.9090 0.9100 0.9110
866.744463 0.9130 0.9140 0.9150 0.9180 0.9190
871.089776 0.9210 0.9260 0.9280 0.9290 0.9290
875.435090 0.9290 0.9290 0.9290 0.9290 0.9290
879.780403 0.9300 0.9300 0.9290 0.9290 0.9290
884.125717 0.9290 0.9290 0.9300 0.9300 0.9320
888.471030 0.9320 0.9320 0.9330 0.9330 0.9340
892.816343 0.9340 0.9360 0.9380 0.9410 0.9480
897.161657 0.9510 0.9530 0.9530 0.9550 0.9550
901.506970 0.9550 0.9550 0.9530 0.9530 0.9530
905.852284 0.9520 0.9510 0.9490 0.9480 0.9480
910.197597 0.9450 0.9410 0.9400 0.9370 0.9330
914.542911 0.9320 0.9250 0.9220 0.9180 0.9150
918.888224 0.9110 0.9060 0.8990 0.8950 0.8940
923.233537 0.8920 0.8920 0.8920 0.8920 0.8940
927.578851 0.8950 0.8960 0.8960 0.8990 0.9000
931.924164 0.9020 0.9020 0.9030 0.9070 0.9110
936.269478 0.9130 0.9180 0.9210 0.9220 0.9260
940.614791 0.9320 0.9340 0.9370 0.9400 0.9410
944.960105 0.9410 0.9430 0.9450 0.9480 0.9490
949.305418 0.9490 0.9510 0.9520 0.9530 0.9530
953.650731 0.9530 0.9530 0.9530 0.9530 0.9530
957.996045 0.9530 0.9530 0.9520 0.9520 0.9510
962.341358 0.9510 0.9490 0.9470 0.9440 0.9430
966.686672 0.9410 0.9380 0.9370 0.9360 0.9330
971.031985 0.9320 0.9320 0.9290 0.9280 0.9260
975.377299 0.9240 0.9190 0.9170 0.9130 0.9110
979.722612 0.9050 0.8960 0.8910 0.8880 0.8810
984.067925 0.8750 0.8640 0.8580 0.8500 0.8410
988.413239 0.8370 0.8310 0.8260 0.8200 0.8140
992.758552 0.8110 0.8070 0.8010 0.7960 0.7930
997.103866 0.7880 0.7850 0.7770 0.7690 0.7610
1001.449179 0.7570 0.7510 0.7400 0.7390 0.7340
1005.794493 0.7290 0.7240 0.7230 0.7190 0.7100
1010.139806 0.7060 0.7020 0.6980 0.6940 0.6910
1014.485120 0.6900 0.6770 0.6680 0.6590 0.6540
1018.830433 0.6510 0.6470 0.6430 0.6350 0.6320
1023.175746 0.6300 0.6290 0.6290 0.6260 0.6250
1027.521060 0.6240 0.6210 0.6210 0.6180 0.6160
1031.866373 0.6110 0.6090 0.6070 0.6060 0.6030
1036.211687 0.6020 0.6020 0.5990 0.5980 0.5950
1040.557000 0.5920 0.5920 0.5920 0.5910 0.5900
1044.902314 0.5880 0.5860 0.5830 0.5760 0.5730
1049.247627 0.5690 0.5640 0.5600 0.5520 0.5480
1053.592940 0.5450 0.5410 0.5400 0.5400 0.5380
1057.938254 0.5380 0.5400 0.5410 0.5420 0.5440
1062.283567 0.5460 0.5480 0.5500 0.5530 0.5570
1066.628881 0.5590 0.5610 0.5610 0.5630 0.5650
1070.974194 0.5680 0.5690 0.5720 0.5720 0.5720
1075.319508 0.5730 0.5800 0.5870 0.5880 0.5990
1079.664821 0.6070 0.6160 0.6250 0.6320 0.6370
1084.010134 0.6430 0.6470 0.6600 0.6740 0.6790
1088.355448 0.6860 0.7060 0.7160 0.7270 0.7360
1092.700761 0.7390 0.7430 0.7510 0.7570 0.7580
1097.046075 0.7610 0.7620 0.7620 0.7620 0.7610
1101.391388 0.7590 0.7580 0.7570 0.7530 0.7510
1105.736702 0.7510 0.7510 0.7510 0.7510 0.7510
1110.082015 0.7530 0.7530 0.7540 0.7570 0.7570
1114.427328 0.7580 0.7590 0.7620 0.7660 0.7740
1118.772642 0.7770 0.7880 0.7910 0.7960 0.8010
1123.117955 0.8110 0.8160 0.8300 0.8350 0.8499
1127.463269 0.8560 0.8610 0.8730 0.8800 0.8910
1131.808582 0.8990 0.9060 0.9140 0.9190 0.9240
1136.153896 0.9320 0.9360 0.9410 0.9430 0.9480
1140.499209 0.9490 0.9520 0.9530 0.9550 0.9550
1144.844523 0.9550 0.9560 0.9560 0.9560 0.9560
1149.189836 0.9560 0.9560 0.9550 0.9550 0.9550
1153.535149 0.9550 0.9550 0.9530 0.9520 0.9510
1157.880463 0.9490 0.9470 0.9470 0.9440 0.9410
1162.225776 0.9410 0.9410 0.9400 0.9400 0.9400
1166.571090 0.9400 0.9400 0.9440 0.9470 0.9470
1170.916403 0.9480 0.9480 0.9490 0.9490 0.9510
1175.261717 0.9510 0.9510 0.9510 0.9510 0.9490
1179.607030 0.9480 0.9470 0.9470 0.9470 0.9470
1183.952343 0.9480 0.9530 0.9530 0.9520 0.9520
1188.297657 0.9510 0.9510 0.9490 0.9470 0.9450
1192.642970 0.9440 0.9430 0.9410 0.9400 0.9400
1196.988284 0.9380 0.9380 0.9380 0.9360 0.9340
1201.333597 0.9330 0.9320 0.9300 0.9290 0.9290
1205.678911 0.9290 0.9290 0.9280 0.9280 0.9260
1210.024224 0.9260 0.9260 0.9250 0.9250 0.9250
1214.369537 0.9240 0.9240 0.9240 0.9240 0.9240
1218.714851 0.9240 0.9220 0.9220 0.9220 0.9220
1223.060164 0.9220 0.9220 0.9220 0.9220 0.9220
1227.405478 0.9220 0.9220 0.9220 0.9210 0.9210
1231.750791 0.9210 0.9210 0.9210 0.9190 0.9180
1236.096105 0.9150 0.9130 0.9110 0.9110 0.9110
1240.441418 0.9100 0.9100 0.9100 0.9100 0.9100
1244.786732 0.9090 0.9070 0.9060 0.9060 0.9050
1249.132045 0.9030 0.9000 0.9000 0.8980 0.8950
1253.477358 0.8940 0.8920 0.8920 0.8920 0.8920
1257.822672 0.8920 0.8920 0.8910 0.8910 0.8910
1262.167985 0.8910 0.8910 0.8910 0.8910 0.8900
1266.513299 0.8900 0.8900 0.8900 0.8900 0.8900
1270.858612 0.8900 0.8880 0.8880 0.8880 0.8880
1275.203926 0.8860 0.8860 0.8840 0.8840 0.8840
1279.549239 0.8840 0.8840 0.8840 0.8830 0.8810
1283.894552 0.8800 0.8790 0.8770 0.8760 0.8730
1288.239866 0.8720 0.8720 0.8710 0.8710 0.8710
1292.585179 0.8690 0.8680 0.8680 0.8670 0.8670
1296.930493 0.8640 0.8640 0.8640 0.8640 0.8640
1301.275806 0.8640 0.8640 0.8640 0.8640 0.8640
1305.621120 0.8620 0.8620 0.8620 0.8620 0.8620
1309.966433 0.8620 0.8620 0.8620 0.8620 0.8620
1314.311746 0.8610 0.8610 0.8600 0.8580 0.8580
1318.657060 0.8580 0.8570 0.8530 0.8520 0.8520
1323.002373 0.8500 0.8490 0.8480 0.8460 0.8460
1327.347687 0.8450 0.8420 0.8370 0.8340 0.8330
1331.693000 0.8330 0.8330 0.8330 0.8330 0.8330
1336.038314 0.8330 0.8330 0.8330 0.8330 0.8330
1340.383627 0.8330 0.8330 0.8330 0.8330 0.8330
1344.728940 0.8330 0.8330 0.8330 0.8340 0.8340
1349.074254 0.8340 0.8350 0.8350 0.8370 0.8380
1353.419567 0.8380 0.8390 0.8390 0.8410 0.8420
1357.764881 0.8420 0.8430 0.8450 0.8450 0.8490
1362.110194 0.8500 0.8500 0.8490 0.8480 0.8430
1366.455508 0.8420 0.8410 0.8410 0.8390 0.8390
1370.800821 0.8390 0.8390 0.8390 0.8390 0.8390
1375.146135 0.8390 0.8390 0.8390 0.8390 0.8390
1379.491448 0.8390 0.8390 0.8390 0.8390 0.8390
1383.836761 0.8390 0.8390 0.8390 0.8390 0.8380
1388.182075 0.8370 0.8370 0.8300 0.8300 0.8290
1392.527388 0.8290 0.8270 0.8260 0.8240 0.8230
1396.872702 0.8200 0.8180 0.8180 0.8160 0.8150
1401.218015 0.8110 0.8100 0.8050 0.8010 0.8000
1405.563329 0.7990 0.7960 0.7920 0.7920 0.7890
1409.908642 0.7880 0.7860 0.7860 0.7850 0.7840
1414.253955 0.7820 0.7810 0.7810 0.7810 0.7810
1418.599269 0.7810 0.7810 0.7800 0.7770 0.7770
1422.944582 0.7770 0.7770 0.7770 0.7760 0.7760
1427.289896 0.7740 0.7740 0.7740 0.7730 0.7720
1431.635209 0.7720 0.7720 0.7720 0.7730 0.7740
1435.980523 0.7780 0.7800 0.7800 0.7800 0.7810
1440.325836 0.7810 0.7820 0.7840 0.7840 0.7840
1444.671149 0.7840 0.7840 0.7840 0.7820 0.7810
1449.016463 0.7770 0.7730 0.7690 0.7670 0.7660
1453.361776 0.7630 0.7590 0.7580 0.7580 0.7570
1457.707090 0.7550 0.7530 0.7510 0.7510 0.7510
1462.052403 0.7530 0.7540 0.7580 0.7650 0.7760
1466.397717 0.7920 0.7930 0.7960 0.8040 0.8110
1470.743030 0.8200 0.8270 0.8300 0.8420 0.8450
1475.088343 0.8460 0.8490 0.8520 0.8570 0.8580
1479.433657 0.8600 0.8690 0.8730 0.8750 0.8800
1483.778970 0.8900 0.8910 0.8920 0.9000 0.9050
1488.124284 0.9190 0.9240 0.9300 0.9340 0.9370
1492.469597 0.9410 0.9430 0.9470 0.9490 0.9520
1496.814911 0.9530 0.9550 0.9570 0.9570 0.9600
1501.160224 0.9640 0.9660 0.9670 0.9680 0.9700
1505.505538 0.9720 0.9750 0.9750 0.9760 0.9790
1509.850851 0.9790 0.9810 0.9810 0.9820 0.9850
1514.196164 0.9860 0.9870 0.9870 0.9870 0.9900
1518.541478 0.9900 0.9900 0.9910 0.9930 0.9940
1522.886791 0.9940 0.9950 0.9950 0.9970 0.9970
1527.232105 0.9980 0.9980 0.9980 1.0000 1.0010
1531.577418 1.0010 1.0010 1.0020 1.0020 1.0040
1535.922732 1.0040 1.0040 1.0040 1.0040 1.0050
1540.268045 1.0050 1.0050 1.0050 1.0050 1.0060
1544.613358 1.0060 1.0060 1.0060 1.0060 1.0060
1548.958672 1.0060 1.0060 1.0060 1.0060 1.0060
1553.303985 1.0060 1.0060 1.0060 1.0080 1.0080
1557.649299 1.0080 1.0080 1.0080 1.0090 1.0090
1561.994612 1.0090 1.0090 1.0090 1.0090 1.0100
1566.339926 1.0100 1.0100 1.0120 1.0120 1.0100
1570.685239 1.0120 1.0120 1.0120 1.0120 1.0120
1575.030552 1.0120 1.0130 1.0130 1.0130 1.0130
1579.375866 1.0130 1.0130 1.0130 1.0130 1.0130
1583.721179 1.0130 1.0130 1.0140 1.0140 1.0140
1588.066493 1.0140 1.0140 1.0140 1.0140 1.0140
1592.411806 1.0140 1.0140 1.0140 1.0140 1.0140
1596.757120 1.0140 1.0140 1.0140 1.0140 1.0140
1601.102433 1.0160 1.0160 1.0160 1.0160 1.0160
1605.447747 1.0170 1.0170 1.0170 1.0170 1.0180
1609.793060 1.0180 1.0180 1.0200 1.0200 1.0200
1614.138373 1.0200 1.0210 1.0210 1.0210 1.0210
1618.483687 1.0230 1.0230 1.0230 1.0230 1.0240
1622.829000 1.0240 1.0250 1.0270 1.0270 1.0280
1627.174314 1.0280 1.0290 1.0310 1.0320 1.0330
1631.519627 1.0330 1.0350 1.0350 1.0360 1.0370
1635.864941 1.0370 1.0390 1.0390 1.0390 1.0400
1640.210254 1.0420 1.0420 1.0420 1.0420 1.0420
1644.555567 1.0420 1.0400 1.0400 1.0390 1.0390
1648.900881 1.0370 1.0370 1.0360 1.0360 1.0350
1653.246194 1.0350 1.0330 1.0320 1.0320 1.0310
1657.591508 1.0290 1.0290 1.0280 1.0270 1.0250
1661.936821 1.0250 1.0240 1.0230 1.0230 1.0210
1666.282135 1.0210 1.0210 1.0200 1.0200 1.0200
1670.627448 1.0180 1.0180 1.0180 1.0170 1.0170
1674.972761 1.0170 1.0160 1.0160 1.0160 1.0160
1679.318075 1.0160 1.0160 1.0160 1.0140 1.0140
1683.663388 1.0140 1.0130 1.0120 1.0100 1.0090
1688.008702 1.0090 1.0090 1.0090 1.0080 1.0080
1692.354015 1.0080 1.0060 1.0060 1.0050 1.0050
1696.699329 1.0050 1.0040 1.0040 1.0040 1.0020
1701.044642 1.0020 1.0020 1.0010 1.0010 1.0010
1705.389955 1.0010 1.0000 1.0000 1.0000 1.0010
1709.735269 1.0010 1.0010 1.0010 1.0010 1.0010
1714.080582 1.0010 1.0010 1.0010 1.0010 1.0000
1718.425896 0.9950 0.9910 0.9900 0.9890 0.9870
1722.771209 0.9870 0.9870 0.9870 0.9870 0.9870
1727.116523 0.9870 0.9870 0.9870 0.9890 0.9890
1731.461836 0.9900 0.9930 0.9940 0.9910 0.9900
1735.807150 0.9890 0.9890 0.9900 0.9900 0.9930
1740.152463 0.9930 0.9940 0.9940 0.9950 0.9970
1744.497776 0.9980 1.0040 1.0050 1.0080 1.0090
1748.843090 1.0090 1.0090 1.0090 1.0090 1.0090
1753.188403 1.0100 1.0130 1.0160 1.0170 1.0170
1757.533717 1.0170 1.0170 1.0170 1.0170 1.0170
1761.879030 1.0170 1.0170 1.0170 1.0180 1.0210
1766.224344 1.0210 1.0210 1.0210 1.0210 1.0210
1770.569657 1.0210 1.0210 1.0210 1.0180 1.0180
1774.914970 1.0180 1.0180 1.0180 1.0180 1.0180
1779.260284 1.0210 1.0210 1.0210 1.0210 1.0210
1783.605597 1.0210 1.0210 1.0210 1.0210 1.0210
1787.950911 1.0210 1.0210 1.0200 1.0200 1.0210
1792.296224 1.0210 1.0210 1.0230 1.0230 1.0240
1796.641538 1.0240 1.0240 1.0240 1.0240 1.0230
1800.986851 1.0210 1.0210 1.0210 1.0210 1.0210
1805.332164 1.0210 1.0210 1.0210 1.0210 1.0210
1809.677478 1.0210 1.0210 1.0210 1.0210 1.0210
1814.022791 1.0210 1.0210 1.0210 1.0210 1.0210
1818.368105 1.0230 1.0230 1.0230 1.0230 1.0240
1822.713418 1.0240 1.0230 1.0230 1.0230 1.0240
1827.058732 1.0240 1.0240 1.0230 1.0210 1.0200
1831.404045 1.0210 1.0210 1.0200 1.0200 1.0210
1835.749358 1.0210 1.0210 1.0210 1.0210 1.0230
1840.094672 1.0240 1.0240 1.0240 1.0240 1.0230
1844.439985 1.0210 1.0210 1.0210 1.0210 1.0210
1848.785299 1.0210 1.0210 1.0210 1.0210 1.0210
1853.130612 1.0210 1.0210 1.0210 1.0210 1.0210
1857.475926 1.0210 1.0210 1.0230 1.0230 1.0230
1861.821239 1.0230 1.0240 1.0240 1.0240 1.0240
1866.166553 1.0240 1.0240 1.0240 1.0230 1.0210
1870.511866 1.0210 1.0210 1.0210 1.0210 1.0210
1874.857179 1.0210 1.0210 1.0210 1.0210 1.0210
1879.202493 1.0200 1.0200 1.0200 1.0200 1.0200
1883.547806 1.0200 1.0210 1.0210 1.0210 1.0210
1887.893120 1.0200 1.0200 1.0210 1.0210 1.0230
1892.238433 1.0230 1.0210 1.0210 1.0210 1.0210
1896.583747 1.0210 1.0210 1.0210 1.0210 1.0210
1900.929060 1.0210 1.0210 1.0230 1.0230 1.0230
1905.274373 1.0210 1.0210 1.0230 1.0210 1.0210
1909.619687 1.0230 1.0230 1.0230 1.0230 1.0230
1913.965000 1.0230 1.0230 1.0230 1.0210 1.0210
1918.310314 1.0210 1.0210 1.0210 1.0210 1.0210
1922.655627 1.0210 1.0210 1.0230 1.0230 1.0230
1927.000941 1.0210 1.0210 1.0210 1.0210 1.0210
1931.346254 1.0210 1.0200 1.0200 1.0210 1.0200
1935.691567 1.0200 1.0200 1.0200 1.0200 1.0210
1940.036881 1.0210 1.0210 1.0210 1.0210 1.0210
1944.382194 1.0210 1.0210 1.0210 1.0210 1.0210
1948.727508 1.0210 1.0210 1.0210 1.0210 1.0230
1953.072821 1.0230 1.0240 1.0240 1.0240 1.0230
1957.418135 1.0230 1.0230 1.0230 1.0230 1.0230
1961.763448 1.0230 1.0230 1.0230 1.0230 1.0230
1966.108762 1.0230 1.0230 1.0230 1.0230 1.0230
1970.454075 1.0230 1.0230 1.0230 1.0230 1.0230
1974.799388 1.0230 1.0230 1.0230 1.0230 1.0240
1979.144702 1.0240 1.0250 1.0250 1.0250 1.0250
1983.490015 1.0270 1.0270 1.0270 1.0270 1.0280
1987.835329 1.0280 1.0280 1.0280 1.0290 1.0290
1992.180642 1.0290 1.0290 1.0310 1.0320 1.0320
1996.525956 1.0350 1.0360 1.0520 1.0540 1.0550
2000.871269 1.0550 1.0550 1.0555 1.0560 1.0570
2005.216582 1.0580 1.0580 1.0580 1.0585 1.0590
2009.561896 1.0590 1.0590 1.0590 1.0590 1.0590
2013.907209 1.0590 1.0585 1.0580 1.0580 1.0580
2018.252523 1.0580 1.0580 1.0580 1.0580 1.0580
2022.597836 1.0580 1.0580 1.0580 1.0580 1.0580
2026.943150 1.0580 1.0580 1.0571 1.0561 1.0560
2031.288463 1.0560 1.0560 1.0560 1.0560 1.0560
2035.633776 1.0555 1.0550 1.0545 1.0540 1.0531
2039.979090 1.0521 1.0515 1.0510 1.0510 1.0510
2044.324403 1.0510 1.0510 1.0515 1.0520 1.0520
2048.669717 1.0520 1.0529 1.0539 1.0540 1.0540
2053.015030 1.0531 1.0521 1.0520 1.0520 1.0520
2057.360344 1.0520 1.0520 1.0520 1.0529 1.0539
2061.705657 1.0544 1.0549 1.0550 1.0550 1.0550
2066.050970 1.0550 1.0550 1.0550 1.0550 1.0550
2070.396284 1.0550 1.0550 1.0546 1.0541 1.0531
2074.741597 1.0521 1.0520 1.0520 1.0516 1.0511
2079.086911 1.0510 1.0510 1.0510 1.0510 1.0514
2083.432224 1.0519 1.0520 1.0520 1.0520 1.0520
2087.777538 1.0520 1.0520 1.0520 1.0520 1.0516
2092.122851 1.0511 1.0510 1.0510 1.0510 1.0510
2096.468165 1.0510 1.0510 1.0510 1.0510 1.0510
2100.813478 1.0510 1.0510 1.0510 1.0510 1.0510
2105.158791 1.0514 1.0519 1.0528 1.0538 1.0540
2109.504105 1.0540 1.0540 1.0540 1.0540 1.0540
2113.849418 1.0540 1.0540 1.0532 1.0522 1.0520
2118.194732 1.0520 1.0520 1.0520 1.0520 1.0520
2122.540045 1.0520 1.0520 1.0520 1.0520 1.0520
2126.885359 1.0520 1.0520 1.0520 1.0520 1.0520
2131.230672 1.0520 1.0520 1.0520 1.0520 1.0520
2135.575985 1.0520 1.0520 1.0520 1.0516 1.0511
2139.921299 1.0510 1.0510 1.0510 1.0510 1.0510
2144.266612 1.0510 1.0510 1.0510 1.0510 1.0510
2148.611926 1.0510 1.0510 1.0506 1.0501 1.0500
2152.957239 1.0500 1.0500 1.0500 1.0500 1.0500
2157.302553 1.0500 1.0500 1.0500 1.0500 1.0500
2161.647866 1.0500 1.0500 1.0500 1.0493 1.0483
2165.993179 1.0480 1.0480 1.0480 1.0480 1.0480
2170.338493 1.0480 1.0480 1.0480 1.0480 1.0480
2174.683806 1.0480 1.0480 1.0480 1.0480 1.0480
2179.029120 1.0480 1.0480 1.0480 1.0480 1.0480
2183.374433 1.0477 1.0472 1.0470 1.0470 1.0470
2187.719747 1.0470 1.0470 1.0470 1.0470 1.0470
2192.065060 1.0470 1.0470 1.0470 1.0470 1.0470
2196.410373 1.0470 1.0470 1.0470 1.0470 1.0470
2200.755687 1.0470 1.0470 1.0470 1.0470 1.0470
2205.101000 1.0470 1.0470 1.0470 1.0470 1.0470
2209.446314 1.0470 1.0470 1.0470 1.0470 1.0470
2213.791627 1.0470 1.0470 1.0470 1.0470 1.0470
2218.136941 1.0470 1.0470 1.0470 1.0470 1.0470
2222.482254 1.0470 1.0470 1.0470 1.0470 1.0470
2226.827568 1.0470 1.0470 1.0470 1.0470 1.0470
2231.172881 1.0470 1.0470 1.0470 1.0473 1.0478
2235.518194 1.0480 1.0480 1.0480 1.0480 1.0480
2239.863508 1.0480 1.0477 1.0472 1.0467 1.0462
2244.208821 1.0460 1.0460 1.0454 1.0444 1.0440
2248.554135 1.0440 1.0440 1.0440 1.0440 1.0440
2252.899448 1.0440 1.0440 1.0445 1.0455 1.0460
2257.244762 1.0460 1.0460 1.0460 1.0460 1.0460
2261.590075 1.0455 1.0445 1.0440 1.0440 1.0440
2265.935388 1.0440 1.0445 1.0455 1.0460 1.0460
2270.280702 1.0455 1.0445 1.0440 1.0440 1.0438
2274.626015 1.0433 1.0430 1.0430 1.0433 1.0438
2278.971329 1.0440 1.0440 1.0440 1.0440 1.0438
2283.316642 1.0433 1.0430 1.0430 1.0430 1.0430
2287.661956 1.0430 1.0430 1.0430 1.0430 1.0430
2292.007269 1.0430 1.0430 1.0430 1.0430 1.0430
2296.352582 1.0430 1.0430 1.0430 1.0430 1.0430
2300.697896 1.0430 1.0432 1.0437 1.0440 1.0440
2305.043209 1.0440 1.0440 1.0440 1.0440 1.0440
2309.388523 1.0440 1.0444 1.0454 1.0460 1.0460
2313.733836 1.0460 1.0460 1.0460 1.0460 1.0460
2318.079150 1.0460 1.0460 1.0460 1.0462 1.0467
2322.424463 1.0470 1.0470 1.0470 1.0470 1.0470
2326.769776 1.0470 1.0470 1.0470 1.0470 1.0470
2331.115090 1.0470 1.0470 1.0470 1.0470 1.0470
2335.460403 1.0470 1.0468 1.0463 1.0460 1.0460
2339.805717 1.0456 1.0446 1.0440 1.0440 1.0440
2344.151030 1.0440 1.0438 1.0433 1.0430 1.0430
2348.496344 1.0430 1.0430 1.0428 1.0423 1.0416
2352.841657 1.0406 1.0400 1.0400 1.0398 1.0393
2357.186971 1.0390 1.0390 1.0387 1.0377 1.0368
2361.532284 1.0363 1.0360 1.0360 1.0360 1.0360
2365.877597 1.0360 1.0360 1.0358 1.0353 1.0350
2370.222911 1.0350 1.0350 1.0350 1.0347 1.0337
2374.568224 1.0330 1.0330 1.0330 1.0330 1.0330
2378.913538 1.0330 1.0328 1.0323 1.0318 1.0313
2383.258851 1.0310 1.0310 1.0310 1.0310 1.0312
2387.604165 1.0317 1.0320 1.0320 1.0318 1.0314
2391.949478 1.0310 1.0310 1.0310 1.0310 1.0310
2396.294791 1.0310 1.0310 1.0310 1.0310 1.0310
2400.640105 1.0307 1.0297 1.0290 1.0290 1.0290
2404.985418 1.0290 1.0290 1.0290 1.0290 1.0290
2409.330732 1.0290 1.0290 1.0290 1.0290 1.0289
2413.676045 1.0284 1.0280 1.0280 1.0280 1.0280
2418.021359 1.0279 1.0274 1.0270 1.0270 1.0270
2422.366672 1.0270 1.0268 1.0258 1.0250 1.0250
2426.711985 1.0249 1.0244 1.0240 1.0240 1.0240
2431.057299 1.0240 1.0240 1.0240 1.0240 1.0240
2435.402612 1.0240 1.0240 1.0240 1.0240 1.0239
2439.747926 1.0234 1.0230 1.0230 1.0228 1.0218
2444.093239 1.0210 1.0210 1.0210 1.0210 1.0210
2448.438553 1.0210 1.0209 1.0204 1.0200 1.0200
2452.783866 1.0200 1.0200 1.0200 1.0200 1.0200
2457.129180 1.0200 1.0198 1.0188 1.0179 1.0174
2461.474493 1.0170 1.0170 1.0170 1.0170 1.0170
2465.819806 1.0170 1.0170 1.0170 1.0169 1.0164
2470.165120 1.0160 1.0160 1.0160 1.0160 1.0160
2474.510433 1.0160 1.0159 1.0149 1.0139 1.0134
2478.855747 1.0129 1.0124 1.0120 1.0120 1.0119
2483.201060 1.0109 1.0100 1.0100 1.0100 1.0100
2487.546374 1.0100 1.0100 1.0100 1.0100 1.0099
2491.891687 1.0094 1.0090 1.0090 1.0090 1.0090
2496.237000 1.0090 1.0090 1.0090 1.0090 1.0090
2500.582314 1.0085 1.0080 1.0080 1.0079 1.0069
2504.927627 1.0060 1.0055 1.0050 1.0050 1.0050
2509.272941 1.0050 1.0050 1.0045 1.0040 1.0040
2513.618254 1.0040 1.0040 1.0039 1.0029 1.0020
2517.963568 1.0015 1.0010 1.0010 1.0010 1.0010
2522.308881 1.0010 1.0005 1.0000 1.0005 1.0010
2526.654194 1.0010 1.0010 1.0005 1.0000 1.0000
2530.999508 1.0000 1.0000 1.0000 1.0000 1.0000
2535.344821 1.0000 1.0000 1.0000 1.0000 1.0000
2539.690135 1.0000 0.9990 0.9980 0.9980 0.9980
2544.035448 0.9980 0.9980 0.9980 0.9980 0.9980
2548.380762 0.9980 0.9980 0.9980 0.9975 0.9970
2552.726075 0.9970 0.9970 0.9970 0.9970 0.9970
2557.071388 0.9970 0.9960 0.9950 0.9945 0.9940
2561.416702 0.9940 0.9940 0.9940 0.9940 0.9935
2565.762015 0.9930 0.9920 0.9910 0.9905 0.9900
2570.107329 0.9895 0.9890 0.9890 0.9890 0.9890
2574.452642 0.9890 0.9890 0.9890 0.9880 0.9870
2578.797956 0.9870 0.9870 0.9865 0.9860 0.9855
2583.143269 0.9850 0.9840 0.9830 0.9830 0.9830
2587.488583 0.9825 0.9820 0.9820 0.9820 0.9815
2591.833896 0.9810 0.9810 0.9810 0.9810 0.9810
2596.179209 0.9801 0.9791 0.9785 0.9780 0.9771
2600.524523 0.9761 0.9760 0.9760 0.9760 0.9760
2604.869836 0.9760 0.9760 0.9755 0.9750 0.9750
2609.215150 0.9750 0.9732 0.9712 0.9705 0.9700
2613.560463 0.9700 0.9700 0.9700 0.9700 0.9700
2617.905777 0.9700 0.9700 0.9700 0.9700 0.9700
2622.251090 0.9700 0.9700 0.9687 0.9672 0.9666
2626.596403 0.9661 0.9651 0.9641 0.9640 0.9640
2630.941717 0.9636 0.9631 0.9630 0.9630 0.9630
2635.287030 0.9630 0.9630 0.9630 0.9617 0.9602
2639.632344 0.9587 0.9572 0.9566 0.9561 0.9556
2643.977657 0.9551 0.9550 0.9550 0.9550 0.9550
2648.322971 0.9550 0.9550 0.9537 0.9522 0.9520
2652.668284 0.9520 0.9520 0.9520 0.9520 0.9520
2657.013597 0.9520 0.9520 0.9520 0.9520 0.9508
2661.358911 0.9493 0.9486 0.9481 0.9480 0.9480
2665.704224 0.9476 0.9471 0.9462 0.9452 0.9450
2670.049538 0.9450 0.9450 0.9450 0.9450 0.9450
2674.394851 0.9446 0.9441 0.9440 0.9440 0.9436
2678.740165 0.9431 0.9418 0.9403 0.9392 0.9382
2683.085478 0.9380 0.9380 0.9380 0.9380 0.9380
2687.430791 0.9380 0.9376 0.9371 0.9366 0.9361
2691.776105 0.9360 0.9360 0.9360 0.9360 0.9352
2696.121418 0.9342 0.9336 0.9331 0.9326 0.9321
2700.466732 0.9312 0.9302 0.9300 0.9300 0.9296
2704.812045 0.9291 0.9290 0.9290 0.9286 0.9281
2709.157359 0.9280 0.9280 0.9273 0.9263 0.9260
2713.502672 0.9260 0.9256 0.9251 0.9246 0.9241
2717.847986 0.9229 0.9214 0.9199 0.9184 0.9176
2722.193299 0.9171 0.9163 0.9153 0.9150 0.9150
2726.538612 0.9147 0.9142 0.9140 0.9140 0.9137
2730.883926 0.9131 0.9130 0.9130 0.9130 0.9130
2735.229239 0.9123 0.9113 0.9107 0.9102 0.9097
2739.574553 0.9092 0.9090 0.9090 0.9083 0.9073
2743.919866 0.9067 0.9062 0.9060 0.9060 0.9060
2748.265180 0.9060 0.9060 0.9060 0.9057 0.9052
2752.610493 0.9043 0.9033 0.9030 0.9030 0.9027
2756.955806 0.9022 0.9014 0.9004 0.8994 0.8984
2761.301120 0.8974 0.8964 0.8957 0.8952 0.8947
2765.646433 0.8942 0.8934 0.8924 0.8917 0.8912
2769.991747 0.8901 0.8886 0.8874 0.8864 0.8854
2774.337060 0.8844 0.8840 0.8840 0.8837 0.8832
2778.682374 0.8821 0.8806 0.8788 0.8768 0.8748
2783.027687 0.8728 0.8717 0.8712 0.8704 0.8694
2787.373000 0.8687 0.8682 0.8668 0.8648 0.8622
2791.718314 0.8592 0.8574 0.8564 0.8548 0.8528
2796.063627 0.8503 0.8473 0.8446 0.8421 0.8393
2800.408941 0.8363 0.8344 0.8334 0.8321 0.8306
2804.754254 0.8291 0.8277 0.8250 0.8215 0.8175
2809.099568 0.8130 0.8099 0.8079 0.8040 0.7985
2813.444881 0.7949 0.7929 0.7920 0.7920 0.7898
2817.790195 0.7858 0.7813 0.7763 0.7726 0.7701
2822.135508 0.7674 0.7644 0.7609 0.7569 0.7539
2826.480821 0.7520 0.7481 0.7426 0.7359 0.7279
2830.826135 0.7202 0.7127 0.7080 0.7060 0.7032
2835.171448 0.6997 0.6959 0.6919 0.6854 0.6764
2839.516762 0.6667 0.6562 0.6457 0.6353 0.6268
2843.862075 0.6203 0.6131 0.6051 0.5973 0.5899
2848.207389 0.5834 0.5779 0.5671 0.5507 0.5346
2852.552702 0.5190 0.5071 0.4991 0.4907 0.4817
2856.898015 0.4725 0.4630 0.4549 0.4485 0.4443
2861.243329 0.4428 0.4420 0.4420 0.4422 0.4427
2865.588642 0.4437 0.4452 0.4476 0.4511 0.4534
2869.933956 0.4545 0.4566 0.4601 0.4634 0.4663
2874.279269 0.4698 0.4738 0.4762 0.4767 0.4792
2878.624583 0.4842 0.4892 0.4941 0.4976 0.4991
2882.969896 0.5000 0.5000 0.5004 0.5014 0.5020
2887.315209 0.5020 0.5020 0.5020 0.5014 0.4999
2891.660523 0.4986 0.4976 0.4968 0.4963 0.4954
2896.005836 0.4939 0.4898 0.4818 0.4734 0.4645
2900.351150 0.4574 0.4535 0.4489 0.4434 0.4390
2904.696463 0.4365 0.4340 0.4315 0.4271 0.4196
2909.041777 0.4129 0.4074 0.4034 0.4019 0.4003
2913.387090 0.3983 0.3955 0.3915 0.3877 0.3842
2917.732403 0.3798 0.3739 0.3673 0.3599 0.3543
2922.077717 0.3523 0.3490 0.3435 0.3391 0.3366
2926.423030 0.3325 0.3256 0.3187 0.3123 0.3061
2930.768344 0.3006 0.2965 0.2950 0.2938 0.2933
2935.113657 0.2932 0.2937 0.2942 0.2947 0.2955
2939.458971 0.2970 0.2993 0.3033 0.3076 0.3126
2943.804284 0.3178 0.3233 0.3299 0.3388 0.3470
2948.149598 0.3535 0.3663 0.3932 0.4165 0.4315
2952.494911 0.4453 0.4562 0.4660 0.4730 0.4810
2956.840224 0.4916 0.5065 0.5315 0.5534 0.5684
2961.185538 0.5845 0.6035 0.6177 0.6202 0.6262
2965.530851 0.6412 0.6597 0.6877 0.7103 0.7188
2969.876165 0.7255 0.7275 0.7343 0.7548 0.7708
2974.221478 0.7738 0.7774 0.7823 0.7880 0.7955
2978.566792 0.8024 0.8079 0.8144 0.8239 0.8318
2982.912105 0.8347 0.8376 0.8401 0.8425 0.8445
2987.257418 0.8464 0.8478 0.8493 0.8508 0.8527
2991.602732 0.8557 0.8582 0.8592 0.8601 0.8606
2995.948045 0.8611 0.8616 0.8622 0.8632 0.8640
3000.293359 0.8640 0.8640 0.8640 0.8640 0.8640
3004.638672 0.8638 0.8628 0.8620 0.8620 0.8619
3008.983986 0.8614 0.8609 0.8604 0.8598 0.8588
3013.329299 0.8579 0.8574 0.8570 0.8570 0.8569
3017.674612 0.8564 0.8560 0.8560 0.8558 0.8548
3022.019926 0.8539 0.8534 0.8529 0.8524 0.8520
3026.365239 0.8520 0.8517 0.8502 0.8489 0.8484
3030.710553 0.8475 0.8445 0.8417 0.8397 0.8379
3035.055866 0.8374 0.8368 0.8358 0.8349 0.8344
3039.401180 0.8339 0.8334 0.8328 0.8313 0.8299
3043.746493 0.8294 0.8290 0.8290 0.8286 0.8262
3048.091806 0.8237 0.8217 0.8199 0.8189 0.8177
3052.437120 0.8158 0.8139 0.8129 0.8119 0.8114
3056.782433 0.8107 0.8077 0.8048 0.8028 0.8009
3061.127747 0.7999 0.7989 0.7979 0.7969 0.7964
3065.473060 0.7959 0.7954 0.7948 0.7934 0.7917
3069.818374 0.7882 0.7849 0.7834 0.7820 0.7815
3074.163687 0.7810 0.7805 0.7798 0.7768 0.7738
3078.509001 0.7713 0.7688 0.7668 0.7648 0.7628
3082.854314 0.7609 0.7594 0.7580 0.7580 0.7579
3087.199627 0.7559 0.7539 0.7519 0.7499 0.7489
3091.544941 0.7480 0.7470 0.7460 0.7450 0.7439
3095.890254 0.7414 0.7389 0.7364 0.7338 0.7303
3100.235568 0.7270 0.7260 0.7249 0.7229 0.7209
3104.580881 0.7179 0.7150 0.7140 0.7130 0.7115
3108.926195 0.7100 0.7090 0.7080 0.7060 0.7040
3113.271508 0.7020 0.7000 0.6980 0.6960 0.6945
3117.616821 0.6929 0.6890 0.6850 0.6800 0.6750
3121.962135 0.6725 0.6700 0.6670 0.6640 0.6620
3126.307448 0.6600 0.6590 0.6580 0.6560 0.6540
3130.652762 0.6486 0.6430 0.6361 0.6291 0.6285
3134.998075 0.6280 0.6226 0.6171 0.6155 0.6140
3139.343389 0.6116 0.6091 0.6056 0.6021 0.6001
3143.688702 0.5981 0.5942 0.5902 0.5886 0.5871
3148.034015 0.5827 0.5782 0.5732 0.5682 0.5661
3152.379329 0.5641 0.5616 0.5591 0.5557 0.5522
3156.724642 0.5506 0.5491 0.5457 0.5422 0.5383
3161.069956 0.5343 0.5308 0.5273 0.5247 0.5222
3165.415269 0.5215 0.5210 0.5187 0.5162 0.5095
3169.760583 0.5026 0.5006 0.4991 0.4940 0.4885
3174.105896 0.4875 0.4870 0.4829 0.4784 0.4753
3178.451210 0.4723 0.4689 0.4654 0.4614 0.4575
3182.796523 0.4539 0.4504 0.4478 0.4453 0.4437
3187.141836 0.4422 0.4389 0.4354 0.4315 0.4275
3191.487150 0.4226 0.4176 0.4161 0.4151 0.4137
3195.832463 0.4122 0.4090 0.4055 0.4029 0.4004
3200.177777 0.3987 0.3972 0.3953 0.3933 0.3900
3204.523090 0.3865 0.3830 0.3795 0.3781 0.3772
3208.868404 0.3740 0.3705 0.3666 0.3626 0.3587
3213.213717 0.3547 0.3523 0.3503 0.3479 0.3454
3217.559030 0.3433 0.3413 0.3389 0.3364 0.3339
3221.904344 0.3314 0.3285 0.3255 0.3213 0.3168
3226.249657 0.3148 0.3133 0.3114 0.3094 0.3078
3230.594971 0.3063 0.3032 0.2997 0.2958 0.2918
3234.940284 0.2906 0.2901 0.2896 0.2891 0.2862
3239.285598 0.2827 0.2788 0.2748 0.2724 0.2704
3243.630911 0.2676 0.2647 0.2624 0.2604 0.2581
3247.976224 0.2556 0.2538 0.2523 0.2493 0.2458
3252.321538 0.2435 0.2415 0.2406 0.2401 0.2388
3256.666851 0.2374 0.2355 0.2335 0.2292 0.2242
3261.012165 0.2211 0.2186 0.2169 0.2154 0.2150
3265.357478 0.2150 0.2146 0.2141 0.2129 0.2114
3269.702792 0.2084 0.2049 0.2021 0.1996 0.1979
3274.048105 0.1964 0.1956 0.1951 0.1946 0.1941
3278.393418 0.1929 0.1914 0.1903 0.1893 0.1883
3282.738732 0.1873 0.1849 0.1819 0.1806 0.1802
3287.084045 0.1796 0.1791 0.1779 0.1764 0.1739
3291.429359 0.1709 0.1686 0.1666 0.1657 0.1652
3295.774672 0.1650 0.1650 0.1640 0.1625 0.1603
3300.119986 0.1578 0.1567 0.1562 0.1553 0.1543
3304.465299 0.1540 0.1540 0.1537 0.1532 0.1523
3308.810613 0.1513 0.1503 0.1493 0.1483 0.1473
3313.155926 0.1463 0.1453 0.1443 0.1433 0.1430
3317.501239 0.1430 0.1427 0.1422 0.1410 0.1395
3321.846553 0.1390 0.1390 0.1387 0.1382 0.1380
3326.191866 0.1380 0.1377 0.1372 0.1370 0.1370
3330.537180 0.1364 0.1354 0.1350 0.1350 0.1350
3334.882493 0.1350 0.1350 0.1350 0.1350 0.1350
3339.227807 0.1350 0.1350 0.1350 0.1350 0.1350
3343.573120 0.1350 0.1356 0.1366 0.1370 0.1370
3347.918433 0.1370 0.1370 0.1370 0.1370 0.1370
3352.263747 0.1370 0.1373 0.1378 0.1380 0.1380
3356.609060 0.1380 0.1380 0.1380 0.1380 0.1380
3360.954374 0.1380 0.1380 0.1380 0.1383 0.1388
3365.299687 0.1390 0.1390 0.1396 0.1406 0.1410
3369.645001 0.1410 0.1413 0.1418 0.1423 0.1428
3373.990314 0.1430 0.1430 0.1436 0.1446 0.1456
3378.335627 0.1466 0.1470 0.1470 0.1475 0.1485
3382.680941 0.1490 0.1490 0.1493 0.1498 0.1511
3387.026254 0.1531 0.1545 0.1555 0.1563 0.1568
3391.371568 0.1578 0.1593 0.1605 0.1615 0.1625
3395.716881 0.1635 0.1643 0.1648 0.1653 0.1658
3400.062195 0.1668 0.1683 0.1693 0.1698 0.1705
3404.407508 0.1715 0.1720 0.1720 0.1727 0.1742
3408.752821 0.1755 0.1765 0.1785 0.1815 0.1840
3413.098135 0.1860 0.1870 0.1870 0.1872 0.1877
3417.443448 0.1882 0.1887 0.1907 0.1941 0.1967
3421.788762 0.1982 0.1999 0.2019 0.2032 0.2037
3426.134075 0.2040 0.2040 0.2047 0.2062 0.2079
3430.479389 0.2099 0.2126 0.2161 0.2196 0.2231
3434.824702 0.2259 0.2279 0.2292 0.2297 0.2309
3439.170016 0.2329 0.2355 0.2390 0.2421 0.2446
3443.515329 0.2473 0.2503 0.2531 0.2556 0.2579
3447.860642 0.2599 0.2625 0.2660 0.2693 0.2723
3452.205956 0.2750 0.2775 0.2798 0.2818 0.2832
3456.551269 0.2837 0.2854 0.2889 0.2926 0.2966
3460.896583 0.3008 0.3053 0.3092 0.3122 0.3146
3465.241896 0.3161 0.3172 0.3177 0.3198 0.3242
3469.587210 0.3287 0.3332 0.3373 0.3408 0.3452
3473.932523 0.3512 0.3556 0.3571 0.3587 0.3607
3478.277836 0.3633 0.3668 0.3694 0.3704 0.3730
3482.623150 0.3785 0.3840 0.3895 0.3944 0.3984
3486.968463 0.4028 0.4078 0.4131 0.4191 0.4244
3491.313777 0.4284 0.4324 0.4363 0.4392 0.4397
3495.659090 0.4412 0.4447 0.4491 0.4550 0.4609
3500.004404 0.4663 0.4718 0.4773 0.4820 0.4850
3504.349717 0.4885 0.4929 0.4962 0.4967 0.4990
3508.695030 0.5055 0.5109 0.5139 0.5171 0.5205
3513.040344 0.5248 0.5308 0.5355 0.5370 0.5395
3517.385657 0.5445 0.5500 0.5564 0.5619 0.5649
3521.730971 0.5682 0.5722 0.5769 0.5833 0.5895
3526.076284 0.5950 0.6001 0.6041 0.6080 0.6114
3530.421598 0.6156 0.6217 0.6270 0.6305 0.6341
3534.766911 0.6381 0.6418 0.6448 0.6485 0.6539
3539.112225 0.6592 0.6637 0.6684 0.6739 0.6795
3543.457538 0.6855 0.6912 0.6962 0.7007 0.7037
3547.802851 0.7067 0.7097 0.7136 0.7201 0.7254
3552.148165 0.7269 0.7292 0.7342 0.7381 0.7386
3556.493478 0.7398 0.7433 0.7468 0.7503 0.7539
3560.838792 0.7579 0.7622 0.7677 0.7728 0.7768
3565.184105 0.7806 0.7836 0.7865 0.7890 0.7911
3569.529419 0.7916 0.7929 0.7974 0.8016 0.8046
3573.874732 0.8074 0.8094 0.8113 0.8128 0.8155
3578.220045 0.8235 0.8305 0.8330 0.8355 0.8385
3582.565359 0.8417 0.8457 0.8494 0.8514 0.8534
3586.910672 0.8554 0.8574 0.8594 0.8616 0.8651
3591.255986 0.8686 0.8721 0.8753 0.8773 0.8793
3595.601299 0.8813 0.8835 0.8870 0.8903 0.8923
3599.946613 0.8944 0.8969 0.8995 0.9025 0.9054
3604.291926 0.9079 0.9102 0.9117 0.9131 0.9136
3608.637239 0.9142 0.9157 0.9173 0.9193 0.9212
3612.982553 0.9227 0.9241 0.9251 0.9262 0.9282
3617.327866 0.9302 0.9322 0.9341 0.9351 0.9361
3621.673180 0.9371 0.9381 0.9391 0.9403 0.9428
3626.018493 0.9452 0.9467 0.9481 0.9485 0.9491
3630.363807 0.9506 0.9520 0.9525 0.9530 0.9530
3634.709120 0.9531 0.9541 0.9551 0.9561 0.9570
3639.054433 0.9570 0.9571 0.9586 0.9601 0.9611
3643.399747 0.9620 0.9625 0.9630 0.9630 0.9630
3647.745060 0.9630 0.9630 0.9630 0.9630 0.9635
3652.090374 0.9640 0.9640 0.9640 0.9640 0.9641
3656.435687 0.9651 0.9660 0.9660 0.9660 0.9660
3660.781001 0.9660 0.9670 0.9680 0.9690 0.9700
3665.126314 0.9705 0.9711 0.9731 0.9750 0.9765
3669.471628 0.9780 0.9795 0.9810 0.9810 0.9810
3673.816941 0.9800 0.9790 0.9785 0.9780 0.9765
3678.162254 0.9750 0.9735 0.9720 0.9730 0.9740
3682.507568 0.9750 0.9760 0.9770 0.9780 0.9780
3686.852881 0.9780 0.9750 0.9720 0.9690 0.9660
3691.198195 0.9630 0.9600 0.9565 0.9530 0.9530
3695.543508 0.9530 0.9559 0.9589 0.9610 0.9629
3699.888822 0.9669 0.9709 0.9724 0.9739 0.9759
3704.234135 0.9779 0.9785 0.9790 0.9805 0.9820
3708.579448 0.9825 0.9830 0.9840 0.9850 0.9850
3712.924762 0.9850 0.9850 0.9850 0.9855 0.9860
3717.270075 0.9860 0.9860 0.9865 0.9870 0.9870
3721.615389 0.9870 0.9879 0.9889 0.9895 0.9900
3725.960702 0.9905 0.9910 0.9943 0.9977 0.9989
3730.306016 0.9999 1.0000 1.0000 0.9959 0.9914
3734.651329 0.9905 0.9900 0.9900 0.9900 0.9913
3738.996642 0.9928 0.9971 1.0016 1.0002 0.9982
3743.341956 0.9962 0.9942 1.0093 1.0262 1.0231
3747.687269 1.0176 1.0112 1.0048 1.0031 1.0021
3752.032583 0.9998 0.9973 0.9939 0.9905 0.9831
3756.377896 0.9751 0.9932 1.0154 1.0246 1.0321
3760.723210 1.0260 1.0180 1.0096 1.0011 0.9974
3765.068523 0.9944 0.9936 0.9931 0.9917 0.9902
3769.413836 0.9896 0.9891 0.9890 0.9890 0.9890
3773.759150 0.9890 0.9894 0.9899 0.9904 0.9909
3778.104463 0.9918 0.9928 0.9930 0.9930 0.9930
3782.449777 0.9930 0.9934 0.9939 0.9952 0.9967
3786.795090 0.9958 0.9943 0.9952 0.9967
##END=
