##TITLE=D-LACTONE OF 5-HYDROXY-2-HEXENOIC ACID
##JCAMP-DX=4.24
##DATA TYPE=INFRARED SPECTRUM
##CLASS=COBLENTZ
##ORIGIN=DOW CHEMICAL COMPANY
##OWNER=COBLENTZ SOCIETY
Collection (C) 2018 copyright by the U.S. Secretary of Commerce
on behalf of the United States of America. All rights reserved.
##DATE=Not specified, most likely prior to 1970
##NAMES=6-methyl-5,6-dihydro-2H-pyran-2-one
##CAS REGISTRY NO=108-54-3
##MOLFORM=C6 H8 O2
##SOURCE REFERENCE=COBLENTZ NO. 3182
##$NIST SOURCE=COBLENTZ
##$NIST IMAGE=cob3182
##SPECTROMETER/DATA SYSTEM=Not specified, most likely a prism, grating, or hybrid spectrometer.
##STATE=SOLUTION (1% CCl4 FOR 5000-1330, 1% CS2 FOR 1330-625 CM^-^1)
##PATH LENGTH=0.11 CM, 0.11 CM
$$SPECTRAL CONTAMINATION DUE TO CS2 AROUND 850 AND CCl4 AROUND 1550 CM^-^1
##SAMPLING PROCEDURE=TRANSMISSION
##RESOLUTION=4
##DATA PROCESSING=DIGITIZED BY NIST FROM HARD COPY
##XUNITS=MICROMETERS
##YUNITS=TRANSMITTANCE
##XFACTOR=1.000000
##YFACTOR=1
##DELTAX=000.006843
##FIRSTX=2.048
##LASTX=15.9248
##FIRSTY=0.88
##MAXX=15.9248
##MINX=2.048
##MAXY=0.897
##MINY=0.001
##NPOINTS=2029
##XYDATA=(X++(Y..Y))
2.048000 0.8800 0.8800 0.8800 0.8790 0.8790
2.082230 0.8790 0.8790 0.8770 0.8770 0.8790
2.116000 0.8800 0.8820 0.8820 0.8820 0.8820
2.150230 0.8820 0.8820 0.8800 0.8800 0.8790
2.185000 0.8800 0.8800 0.8800 0.8800 0.8790
2.219230 0.8750 0.8720 0.8720 0.8720 0.8720
2.253000 0.8720 0.8720 0.8720 0.8720 0.8720
2.287230 0.8750 0.8750 0.8770 0.8770 0.8790
2.322000 0.8800 0.8790 0.8790 0.8790 0.8800
2.356230 0.8800 0.8800 0.8800 0.8800 0.8800
2.390000 0.8820 0.8820 0.8820 0.8820 0.8800
2.424230 0.8790 0.8790 0.8800 0.8820 0.8840
2.458000 0.8860 0.8870 0.8870 0.8870 0.8870
2.492230 0.8870 0.8870 0.8890 0.8890 0.8890
2.527000 0.8910 0.8910 0.8910 0.8920 0.8920
2.561230 0.8920 0.8940 0.8940 0.8940 0.8940
2.595000 0.8920 0.8920 0.8920 0.8920 0.8960
2.629230 0.8970 0.8970 0.8970 0.8970 0.8970
2.664000 0.8960 0.8940 0.8920 0.8910 0.8910
2.698230 0.8910 0.8920 0.8940 0.8960 0.8960
2.732000 0.8970 0.8970 0.8960 0.8940 0.8910
2.766230 0.8870 0.8820 0.8800 0.8750 0.8750
2.801000 0.8740 0.8670 0.8570 0.8550 0.8520
2.835230 0.8480 0.8430 0.8360 0.8260 0.8160
2.869000 0.8060 0.8010 0.7950 0.7890 0.7870
2.903230 0.7870 0.7900 0.8010 0.8040 0.8120
2.937000 0.8140 0.8180 0.8180 0.8190 0.8190
2.971230 0.8190 0.8190 0.8210 0.8210 0.8230
3.006000 0.8230 0.8210 0.8190 0.8180 0.8160
3.040230 0.8120 0.8090 0.8060 0.8020 0.8010
3.074000 0.7990 0.7990 0.7950 0.7920 0.7890
3.108230 0.7890 0.7890 0.7890 0.7890 0.7890
3.143000 0.7840 0.7800 0.7770 0.7720 0.7700
3.177230 0.7680 0.7650 0.7610 0.7560 0.7480
3.211000 0.7390 0.7390 0.7360 0.7270 0.7150
3.245230 0.6970 0.6850 0.6750 0.6640 0.6510
3.280000 0.6490 0.6490 0.6490 0.6530 0.6560
3.314230 0.6590 0.6320 0.5860 0.5400 0.5200
3.348000 0.5000 0.4590 0.4500 0.4480 0.4670
3.382230 0.5280 0.5200 0.5100 0.5010 0.4930
3.416000 0.4770 0.4690 0.4690 0.4790 0.4980
3.450230 0.5520 0.5960 0.6410 0.6780 0.7000
3.485000 0.7100 0.7170 0.7190 0.7190 0.7210
3.519230 0.7210 0.7210 0.7290 0.7360 0.7500
3.553000 0.7600 0.7630 0.7680 0.7680 0.7680
3.587230 0.7700 0.7700 0.7720 0.7720 0.7700
3.622000 0.7700 0.7680 0.7680 0.7680 0.7680
3.656230 0.7680 0.7680 0.7700 0.7720 0.7720
3.690000 0.7720 0.7720 0.7700 0.7670 0.7630
3.724230 0.7610 0.7610 0.7680 0.7700 0.7700
3.759000 0.7700 0.7680 0.7670 0.7670 0.7670
3.793230 0.7650 0.7650 0.7650 0.7670 0.7680
3.827000 0.7680 0.7700 0.7720 0.7720 0.7730
3.861230 0.7730 0.7770 0.7780 0.7800 0.7820
3.895000 0.7820 0.7820 0.7820 0.7840 0.7870
3.929230 0.7900 0.7940 0.7950 0.7970 0.7970
3.964000 0.7970 0.7970 0.7950 0.7940 0.7950
3.998230 0.7970 0.8010 0.8040 0.8070 0.8070
4.032000 0.8110 0.8140 0.8190 0.8190 0.8190
4.066230 0.8190 0.8190 0.8210 0.8280 0.8280
4.101000 0.8280 0.8280 0.8280 0.8280 0.8280
4.135230 0.8280 0.8240 0.8210 0.8190 0.8180
4.169000 0.8180 0.8120 0.8120 0.8090 0.8020
4.203230 0.7950 0.7900 0.7850 0.7770 0.7700
4.238000 0.7630 0.7560 0.7480 0.7410 0.7340
4.272230 0.7270 0.7190 0.7100 0.7040 0.6970
4.306000 0.6900 0.6810 0.6760 0.6750 0.6710
4.340230 0.6710 0.6780 0.6870 0.6950 0.7040
4.374000 0.7240 0.7320 0.7410 0.7550 0.7670
4.408230 0.7820 0.7950 0.8070 0.8210 0.8280
4.443000 0.8310 0.8380 0.8400 0.8480 0.8550
4.477230 0.8630 0.8670 0.8670 0.8690 0.8690
4.511000 0.8700 0.8770 0.8790 0.8800 0.8800
4.545230 0.8800 0.8820 0.8840 0.8840 0.8840
4.580000 0.8860 0.8860 0.8870 0.8870 0.8890
4.614230 0.8910 0.8910 0.8910 0.8910 0.8910
4.648000 0.8910 0.8910 0.8890 0.8890 0.8890
4.682230 0.8890 0.8890 0.8870 0.8840 0.8820
4.717000 0.8790 0.8790 0.8770 0.8770 0.8720
4.751230 0.8720 0.8700 0.8700 0.8690 0.8690
4.785000 0.8650 0.8650 0.8630 0.8620 0.8630
4.819230 0.8650 0.8670 0.8670 0.8650 0.8650
4.853000 0.8630 0.8620 0.8620 0.8620 0.8600
4.887230 0.8580 0.8570 0.8570 0.8570 0.8520
4.922000 0.8520 0.8500 0.8450 0.8380 0.8310
4.956230 0.8290 0.8280 0.8230 0.8180 0.8160
4.990000 0.8180 0.8180 0.8210 0.8230 0.8260
5.024230 0.8260 0.8280 0.8280 0.8290 0.8310
5.059000 0.8310 0.8330 0.8350 0.8380 0.8400
5.093230 0.8410 0.8430 0.8430 0.8450 0.8450
5.127000 0.8450 0.8460 0.8480 0.8520 0.8600
5.161230 0.8690 0.8700 0.8690 0.8670 0.8650
5.196000 0.8650 0.8620 0.8600 0.8530 0.8450
5.230230 0.8400 0.8310 0.8280 0.8260 0.8260
5.264000 0.8290 0.8330 0.8350 0.8380 0.8380
5.298230 0.8310 0.8280 0.8210 0.8180 0.8110
5.332000 0.8090 0.8040 0.7990 0.7940 0.7870
5.366230 0.7800 0.7730 0.7680 0.7680 0.7630
5.401000 0.7600 0.7550 0.7480 0.7410 0.7390
5.435230 0.7410 0.7500 0.7560 0.7630 0.7650
5.469000 0.7670 0.7670 0.7670 0.7580 0.7510
5.503230 0.7440 0.7340 0.7290 0.7210 0.7100
5.538000 0.7000 0.6970 0.6880 0.6810 0.6780
5.572230 0.6700 0.6610 0.6530 0.6370 0.6220
5.606000 0.6070 0.5900 0.5680 0.5400 0.5050
5.640230 0.4880 0.4690 0.4300 0.3620 0.3160
5.674000 0.2670 0.2290 0.1880 0.1510 0.1170
5.708230 0.0900 0.0660 0.0510 0.0390 0.0320
5.743000 0.0320 0.0320 0.0320 0.0320 0.0320
5.777230 0.0320 0.0320 0.0340 0.0400 0.0470
5.811000 0.0510 0.0570 0.0680 0.0850 0.1050
5.845230 0.1270 0.1460 0.1590 0.1640 0.1710
5.880000 0.1780 0.1830 0.1950 0.2040 0.2190
5.914230 0.2410 0.2670 0.2940 0.3430 0.3910
5.948000 0.4450 0.4940 0.5760 0.6070 0.6300
5.982230 0.6490 0.6640 0.6750 0.6810 0.6870
6.017000 0.6900 0.6900 0.6900 0.6880 0.6810
6.051230 0.6780 0.6710 0.6640 0.6460 0.6340
6.085000 0.6130 0.5950 0.5780 0.5610 0.5490
6.119230 0.5390 0.5180 0.5180 0.5170 0.5110
6.153000 0.5010 0.4960 0.4890 0.4740 0.4470
6.187230 0.4330 0.3920 0.3530 0.3090 0.2650
6.222000 0.2380 0.2150 0.1930 0.1730 0.1460
6.256230 0.1250 0.1000 0.0810 0.0690 0.0590
6.290000 0.0520 0.0510 0.0490 0.0420 0.0400
6.324230 0.0390 0.0390 0.0390 0.0370 0.0370
6.359000 0.0350 0.0340 0.0320 0.0320 0.0320
6.393230 0.0320 0.0320 0.0300 0.0280 0.0280
6.427000 0.0270 0.0270 0.0250 0.0230 0.0230
6.461230 0.0230 0.0230 0.0230 0.0280 0.0320
6.496000 0.0340 0.0340 0.0340 0.0350 0.0350
6.530230 0.0390 0.0390 0.0390 0.0400 0.0420
6.564000 0.0490 0.0510 0.0590 0.0610 0.0680
6.598230 0.0730 0.0850 0.0960 0.1020 0.1120
6.632000 0.1270 0.1460 0.1700 0.1980 0.2240
6.666230 0.2480 0.2650 0.2780 0.2970 0.3210
6.701000 0.3500 0.3800 0.4110 0.4380 0.4620
6.735230 0.4810 0.5000 0.5320 0.5540 0.5660
6.769000 0.5790 0.5980 0.6000 0.6070 0.6080
6.803230 0.6070 0.5910 0.5850 0.5780 0.5690
6.838000 0.5610 0.5570 0.5510 0.5490 0.5470
6.872230 0.5470 0.5510 0.5570 0.5620 0.5710
6.906000 0.5790 0.5880 0.5900 0.5900 0.5880
6.940230 0.5850 0.5780 0.5690 0.5560 0.5440
6.975000 0.5250 0.5150 0.5010 0.4940 0.4860
7.009230 0.4650 0.4620 0.4640 0.4760 0.4930
7.043000 0.5370 0.5540 0.5640 0.5680 0.5680
7.077230 0.5510 0.5340 0.5060 0.5000 0.4930
7.111000 0.4650 0.4450 0.4260 0.4060 0.3860
7.145230 0.3600 0.3240 0.2800 0.2390 0.2000
7.180000 0.1630 0.1460 0.1200 0.0900 0.0880
7.214230 0.0910 0.1080 0.1220 0.1360 0.1460
7.248000 0.1640 0.1900 0.2390 0.2900 0.3400
7.282230 0.3770 0.4180 0.4540 0.4840 0.5300
7.317000 0.5510 0.5680 0.5690 0.5710 0.5680
7.351230 0.5520 0.5280 0.5200 0.5180 0.5200
7.385000 0.5470 0.5690 0.6050 0.6370 0.6660
7.419230 0.6780 0.6870 0.6880 0.6970 0.7000
7.454000 0.7070 0.7070 0.7070 0.7020 0.6880
7.488230 0.6750 0.6630 0.6540 0.6490 0.6460
7.522000 0.6440 0.6420 0.6420 0.6470 0.6540
7.556230 0.6580 0.6610 0.6630 0.6630 0.6580
7.590000 0.6390 0.6250 0.6130 0.6030 0.5950
7.624230 0.5860 0.5780 0.5680 0.5560 0.5390
7.659000 0.5300 0.5220 0.5150 0.5110 0.5150
7.693230 0.5200 0.5300 0.5450 0.5510 0.5570
7.727000 0.5610 0.5620 0.5620 0.5620 0.5620
7.761230 0.5610 0.5590 0.5590 0.5590 0.5590
7.796000 0.5590 0.5560 0.5540 0.5520 0.5490
7.830230 0.5470 0.5470 0.5400 0.5340 0.5220
7.864000 0.5060 0.4960 0.4860 0.4600 0.4310
7.898230 0.3970 0.3580 0.3180 0.2720 0.2210
7.933000 0.1780 0.1440 0.1170 0.0980 0.0830
7.967230 0.0730 0.0680 0.0640 0.0620 0.0590
8.001000 0.0510 0.0450 0.0350 0.0320 0.0280
8.035230 0.0230 0.0220 0.0200 0.0220 0.0280
8.069000 0.0390 0.0510 0.0660 0.0960 0.1240
8.103230 0.1460 0.1640 0.1780 0.1880 0.1900
8.138000 0.1920 0.1930 0.1980 0.1980 0.2000
8.172230 0.2020 0.2090 0.2210 0.2410 0.2630
8.206000 0.2870 0.3070 0.3140 0.3240 0.3350
8.240230 0.3480 0.3600 0.3740 0.3910 0.4090
8.275000 0.4310 0.4550 0.4810 0.5340 0.5590
8.309230 0.5830 0.6070 0.6270 0.6460 0.6590
8.343000 0.6700 0.6830 0.6930 0.7000 0.7050
8.377230 0.7090 0.7100 0.7120 0.7140 0.7150
8.412000 0.7150 0.7150 0.7150 0.7140 0.7100
8.446230 0.7090 0.7070 0.7050 0.7000 0.6980
8.480000 0.6900 0.6830 0.6730 0.6590 0.6440
8.514230 0.6300 0.6120 0.5900 0.5590 0.5420
8.548000 0.5230 0.5100 0.5050 0.5000 0.4910
8.582230 0.4890 0.4890 0.5250 0.5590 0.5900
8.617000 0.6100 0.6420 0.6680 0.6930 0.7040
8.651230 0.7150 0.7260 0.7310 0.7360 0.7390
8.685000 0.7410 0.7440 0.7440 0.7440 0.7380
8.719230 0.7290 0.7220 0.7120 0.7000 0.6930
8.754000 0.6850 0.6780 0.6750 0.6700 0.6680
8.788230 0.6630 0.6610 0.6510 0.6460 0.6360
8.822000 0.6240 0.6100 0.5930 0.5730 0.5510
8.856230 0.5250 0.5100 0.4940 0.4740 0.4380
8.891000 0.4080 0.3790 0.3500 0.3190 0.2950
8.925230 0.2780 0.2610 0.2600 0.2610 0.2720
8.959000 0.2840 0.2970 0.2990 0.2990 0.2850
8.993230 0.2700 0.2380 0.2040 0.1730 0.1420
9.027000 0.1150 0.0860 0.0640 0.0490 0.0470
9.061230 0.0470 0.0610 0.0910 0.1250 0.1660
9.096000 0.2070 0.2550 0.2900 0.3140 0.3450
9.130230 0.3580 0.3820 0.3990 0.4140 0.4400
9.164000 0.4540 0.4670 0.4820 0.4890 0.5270
9.198230 0.5390 0.5510 0.5620 0.5680 0.5690
9.233000 0.5690 0.5690 0.5710 0.5710 0.5730
9.267230 0.5760 0.5780 0.5860 0.5880 0.5910
9.301000 0.5910 0.5930 0.5910 0.5880 0.5790
9.335230 0.5690 0.5470 0.5280 0.5080 0.5000
9.370000 0.4890 0.4640 0.4330 0.3940 0.3450
9.404230 0.2800 0.2210 0.1900 0.1440 0.1000
9.438000 0.0660 0.0450 0.0300 0.0220 0.0200
9.472230 0.0220 0.0320 0.0490 0.0690 0.0910
9.506000 0.1120 0.1440 0.1680 0.1950 0.2220
9.540230 0.2530 0.2780 0.3020 0.3280 0.3460
9.575000 0.3720 0.3990 0.4300 0.4620 0.4890
9.609230 0.5350 0.5450 0.5660 0.5880 0.6080
9.643000 0.6300 0.6490 0.6680 0.6830 0.7000
9.677230 0.7140 0.7270 0.7430 0.7530 0.7600
9.712000 0.7670 0.7700 0.7770 0.7780 0.7850
9.746230 0.7940 0.7970 0.7990 0.8010 0.8060
9.780000 0.8070 0.8110 0.8160 0.8160 0.8160
9.814230 0.8160 0.8160 0.8120 0.8110 0.8090
9.848000 0.8070 0.8060 0.8060 0.8010 0.8010
9.882230 0.7990 0.7990 0.7970 0.7940 0.7850
9.917000 0.7770 0.7680 0.7580 0.7480 0.7380
9.951230 0.7220 0.7040 0.6880 0.6630 0.6530
9.985000 0.6250 0.6050 0.5510 0.5060 0.4980
10.019230 0.4890 0.4550 0.4250 0.3960 0.3690
10.054000 0.3480 0.3400 0.3360 0.3380 0.3530
10.088230 0.3790 0.4200 0.4500 0.4810 0.5470
10.122000 0.5790 0.6080 0.6370 0.6630 0.6830
10.156230 0.6980 0.7090 0.7170 0.7260 0.7310
10.191000 0.7340 0.7380 0.7410 0.7410 0.7410
10.225230 0.7410 0.7380 0.7320 0.7220 0.7100
10.259000 0.6930 0.6780 0.6680 0.6580 0.6460
10.293230 0.6390 0.6370 0.6360 0.6360 0.6370
10.327000 0.6410 0.6460 0.6470 0.6470 0.6470
10.361230 0.6390 0.6220 0.6070 0.5910 0.5690
10.396000 0.5420 0.5010 0.4810 0.4600 0.4380
10.430230 0.3940 0.3500 0.3260 0.2670 0.2340
10.464000 0.1970 0.1700 0.1490 0.1460 0.1490
10.498230 0.1580 0.1850 0.2140 0.2530 0.2900
10.533000 0.3260 0.3600 0.3920 0.4250 0.4550
10.567230 0.4860 0.5400 0.5640 0.5880 0.6100
10.601000 0.6300 0.6490 0.6490 0.6730 0.6830
10.635230 0.6930 0.6970 0.7020 0.7090 0.7150
10.670000 0.7170 0.7190 0.7210 0.7260 0.7270
10.704230 0.7290 0.7310 0.7310 0.7310 0.7290
10.738000 0.7260 0.7210 0.7170 0.7100 0.7020
10.772230 0.6950 0.6880 0.6830 0.6750 0.6530
10.806000 0.6420 0.6390 0.6340 0.6300 0.6290
10.840230 0.6300 0.6390 0.6490 0.6640 0.6830
10.875000 0.6930 0.7040 0.7170 0.7240 0.7320
10.909230 0.7380 0.7440 0.7460 0.7480 0.7480
10.943000 0.7500 0.7500 0.7510 0.7510 0.7500
10.977230 0.7500 0.7500 0.7480 0.7480 0.7440
11.012000 0.7410 0.7390 0.7360 0.7360 0.7340
11.046230 0.7290 0.7270 0.7220 0.7170 0.7120
11.080000 0.7020 0.6980 0.6930 0.6870 0.6800
11.114230 0.6730 0.6630 0.6580 0.6470 0.6340
11.149000 0.6240 0.6130 0.6030 0.5930 0.5740
11.183230 0.5690 0.5490 0.5320 0.5150 0.5080
11.217000 0.5000 0.4930 0.4770 0.4640 0.4480
11.251230 0.4310 0.4130 0.3940 0.3750 0.3550
11.285000 0.3350 0.3140 0.2950 0.2750 0.2600
11.319230 0.2500 0.2390 0.2320 0.2290 0.2270
11.354000 0.2270 0.2270 0.2270 0.2270 0.2290
11.388230 0.2290 0.2290 0.2290 0.2270 0.2210
11.422000 0.2170 0.2100 0.2040 0.1980 0.1970
11.456230 0.1880 0.1870 0.1780 0.1760 0.1680
11.491000 0.1660 0.1590 0.1580 0.1510 0.1490
11.525230 0.1470 0.1410 0.1370 0.1320 0.1290
11.559000 0.1240 0.1190 0.1170 0.1120 0.1120
11.593230 0.1030 0.1000 0.0960 0.0910 0.0900
11.628000 0.0880 0.0860 0.0810 0.0780 0.0780
11.662230 0.0730 0.0690 0.0680 0.0680 0.0620
11.696000 0.0610 0.0590 0.0570 0.0560 0.0540
11.730230 0.0520 0.0510 0.0490 0.0470 0.0470
11.764000 0.0450 0.0440 0.0420 0.0400 0.0390
11.798230 0.0370 0.0350 0.0340 0.0350 0.0400
11.833000 0.0490 0.0570 0.0690 0.0860 0.1030
11.867230 0.1300 0.1540 0.1830 0.2040 0.2260
11.901000 0.2530 0.2750 0.2940 0.3140 0.3310
11.935230 0.3480 0.3650 0.3790 0.3920 0.4040
11.970000 0.4250 0.4430 0.4500 0.4640 0.4810
12.004230 0.4930 0.5130 0.5180 0.5270 0.5300
12.038000 0.5370 0.5390 0.5420 0.5440 0.5440
12.072230 0.5470 0.5470 0.5470 0.5470 0.5450
12.107000 0.5400 0.5390 0.5370 0.5300 0.5270
12.141230 0.5200 0.5100 0.5030 0.4980 0.4930
12.175000 0.4810 0.4650 0.4480 0.4300 0.4110
12.209230 0.3890 0.3650 0.3380 0.3110 0.2800
12.243000 0.2460 0.2090 0.1760 0.1460 0.1200
12.277230 0.0960 0.0740 0.0520 0.0350 0.0230
12.312000 0.0110 0.0060 0.0010 0.0010 0.0010
12.346230 0.0030 0.0130 0.0280 0.0440 0.0560
12.380000 0.0830 0.1000 0.1240 0.1590 0.1900
12.414230 0.2240 0.2430 0.2770 0.3040 0.3260
12.449000 0.3500 0.3740 0.3940 0.4140 0.4350
12.483230 0.4520 0.4670 0.4790 0.4930 0.5000
12.517000 0.5180 0.5280 0.5350 0.5400 0.5470
12.551230 0.5520 0.5570 0.5640 0.5680 0.5730
12.586000 0.5780 0.5810 0.5860 0.5900 0.5930
12.620230 0.5960 0.5960 0.5980 0.6020 0.6070
12.654000 0.6080 0.6150 0.6170 0.6190 0.6200
12.688230 0.6250 0.6250 0.6270 0.6300 0.6360
12.722000 0.6370 0.6390 0.6460 0.6470 0.6490
12.756230 0.6580 0.6610 0.6640 0.6680 0.6730
12.791000 0.6760 0.6810 0.6900 0.6950 0.6980
12.825230 0.7020 0.7070 0.7100 0.7150 0.7150
12.859000 0.7190 0.7220 0.7260 0.7260 0.7290
12.893230 0.7340 0.7360 0.7380 0.7390 0.7390
12.928000 0.7410 0.7430 0.7430 0.7440 0.7460
12.962230 0.7460 0.7460 0.7460 0.7460 0.7460
12.996000 0.7460 0.7460 0.7460 0.7440 0.7430
13.030230 0.7430 0.7410 0.7390 0.7380 0.7380
13.065000 0.7360 0.7360 0.7360 0.7360 0.7360
13.099230 0.7340 0.7340 0.7340 0.7320 0.7320
13.133000 0.7320 0.7310 0.7290 0.7270 0.7260
13.167230 0.7260 0.7240 0.7240 0.7220 0.7210
13.201000 0.7210 0.7190 0.7170 0.7150 0.7120
13.235230 0.7090 0.7070 0.7040 0.7020 0.7000
13.270000 0.6980 0.6970 0.6950 0.6930 0.6900
13.304230 0.6870 0.6850 0.6810 0.6780 0.6760
13.338000 0.6760 0.6750 0.6710 0.6700 0.6660
13.372230 0.6660 0.6660 0.6640 0.6590 0.6580
13.407000 0.6560 0.6560 0.6540 0.6510 0.6490
13.441230 0.6470 0.6460 0.6460 0.6460 0.6460
13.475000 0.6460 0.6460 0.6460 0.6470 0.6470
13.509230 0.6490 0.6490 0.6560 0.6580 0.6590
13.543000 0.6610 0.6640 0.6640 0.6660 0.6660
13.577230 0.6660 0.6680 0.6700 0.6700 0.6700
13.612000 0.6700 0.6710 0.6710 0.6750 0.6750
13.646230 0.6750 0.6750 0.6750 0.6710 0.6700
13.680000 0.6680 0.6680 0.6660 0.6660 0.6660
13.714230 0.6640 0.6640 0.6630 0.6610 0.6610
13.749000 0.6590 0.6590 0.6580 0.6560 0.6560
13.783230 0.6560 0.6560 0.6540 0.6530 0.6510
13.817000 0.6510 0.6490 0.6490 0.6470 0.6460
13.851230 0.6460 0.6440 0.6410 0.6390 0.6370
13.886000 0.6370 0.6360 0.6320 0.6270 0.6250
13.920230 0.6250 0.6200 0.6190 0.6170 0.6150
13.954000 0.6120 0.6100 0.6070 0.6030 0.6020
13.988230 0.6000 0.5980 0.5950 0.5950 0.5930
14.022000 0.5880 0.5860 0.5850 0.5790 0.5780
14.056230 0.5760 0.5740 0.5710 0.5680 0.5660
14.091000 0.5660 0.5610 0.5590 0.5560 0.5560
14.125230 0.5510 0.5470 0.5440 0.5390 0.5370
14.159000 0.5300 0.5270 0.5230 0.5200 0.5150
14.193230 0.5080 0.5030 0.4960 0.4910 0.4840
14.228000 0.4810 0.4770 0.4760 0.4710 0.4670
14.262230 0.4600 0.4570 0.4500 0.4480 0.4470
14.296000 0.4420 0.4400 0.4400 0.4380 0.4380
14.330230 0.4380 0.4380 0.4380 0.4380 0.4380
14.365000 0.4380 0.4400 0.4420 0.4430 0.4450
14.399230 0.4470 0.4480 0.4480 0.4480 0.4480
14.433000 0.4480 0.4470 0.4470 0.4470 0.4470
14.467230 0.4470 0.4450 0.4420 0.4400 0.4400
14.501000 0.4400 0.4400 0.4380 0.4380 0.4370
14.535230 0.4370 0.4370 0.4350 0.4330 0.4330
14.570000 0.4300 0.4280 0.4280 0.4250 0.4250
14.604230 0.4230 0.4210 0.4210 0.4200 0.4180
14.638000 0.4180 0.4160 0.4160 0.4140 0.4140
14.672230 0.4130 0.4110 0.4090 0.4080 0.4080
14.707000 0.4080 0.4030 0.4010 0.3990 0.3970
14.741230 0.3970 0.3940 0.3910 0.3870 0.3870
14.775000 0.3870 0.3860 0.3840 0.3820 0.3790
14.809230 0.3770 0.3770 0.3770 0.3750 0.3740
14.844000 0.3740 0.3720 0.3720 0.3720 0.3700
14.878230 0.3700 0.3690 0.3690 0.3670 0.3670
14.912000 0.3670 0.3630 0.3600 0.3580 0.3580
14.946230 0.3570 0.3570 0.3520 0.3500 0.3480
14.980000 0.3480 0.3450 0.3410 0.3380 0.3330
15.014230 0.3280 0.3240 0.3190 0.3140 0.3090
15.049000 0.3040 0.2990 0.2950 0.2890 0.2840
15.083230 0.2800 0.2770 0.2700 0.2670 0.2600
15.117000 0.2550 0.2500 0.2440 0.2390 0.2340
15.151230 0.2270 0.2210 0.2150 0.2100 0.2040
15.186000 0.1980 0.1920 0.1850 0.1760 0.1700
15.220230 0.1630 0.1590 0.1540 0.1510 0.1470
15.254000 0.1420 0.1390 0.1370 0.1320 0.1300
15.288230 0.1290 0.1250 0.1250 0.1250 0.1240
15.323000 0.1240 0.1240 0.1240 0.1250 0.1250
15.357230 0.1270 0.1270 0.1290 0.1300 0.1340
15.391000 0.1360 0.1390 0.1420 0.1440 0.1490
15.425230 0.1510 0.1540 0.1580 0.1610 0.1630
15.459000 0.1660 0.1730 0.1750 0.1780 0.1800
15.493230 0.1800 0.1810 0.1830 0.1870 0.1880
15.528000 0.1880 0.1900 0.1950 0.1970 0.1980
15.562230 0.1980 0.2000 0.2000 0.2020 0.2050
15.596000 0.2090 0.2100 0.2120 0.2120 0.2140
15.630230 0.2150 0.2150 0.2170 0.2170 0.2190
15.665000 0.2210 0.2220 0.2240 0.2260 0.2270
15.699230 0.2290 0.2310 0.2320 0.2320 0.2340
15.733000 0.2340 0.2360 0.2380 0.2380 0.2380
15.767230 0.2380 0.2380 0.2390 0.2390 0.2410
15.802000 0.2410 0.2410 0.2410 0.2410 0.2410
15.836230 0.2390 0.2390 0.2390 0.2390 0.2390
15.870000 0.2390 0.2390 0.2390 0.2390 0.2380
15.904230 0.2360 0.2360 0.2340 0.2320
##END=
