##TITLE=p-Dicyclohexylbenzene
##JCAMP-DX=4.24
##DATA TYPE=INFRARED SPECTRUM
##ORIGIN=EPA-IR VAPOR PHASE LIBRARY
##OWNER=SRD/NIST
Collection (C) 2018 copyright by the U.S. Secretary of Commerce
on behalf of the United States of America. All rights reserved.
##CAS REGISTRY NO=1087-02-1
##MOLFORM=C 18 H 26
##$NIST SOURCE=MSDC-IR
##STATE=gas
##XUNITS=1/CM
##YUNITS=ABSORBANCE
##XFACTOR=1.
##YFACTOR=0.001
##DELTAX=3.85796
##FIRSTX=501.5
##LASTX=4000.7
##FIRSTY=0.4047
##MAXX=4000.7
##MINX=501.534
##MAXY=0.096971
##MINY=0
##NPOINTS=908
##XYDATA=(X++(Y..Y))
501.534 0.4047 0.4649 0.4865 0.3943 0.4711 0.5985 0.6462 0.7052 0.9021 1.2523
540.114 1.571 2.011 2.791 3.401 3.401 2.901 2.231 1.581 1.1452 0.9408
578.693 0.8378 0.6929 0.5719 0.4964 0.4469 0.4263 0.3779 0.33411 0.34855 0.3959
617.273 0.3804 0.32323 0.30884 0.34816 0.33814 0.36464 0.5127 0.4466 0.3731 0.4035
655.852 0.3815 0.3817 0.36795 0.34608 0.31898 0.32467 0.34995 0.3737 0.30253 0.31864
694.432 0.4392 0.3904 0.3869 0.4321 0.3891 0.35225 0.3817 0.45 0.4591 0.4466
733.011 0.4672 0.485 0.5542 0.5856 0.564 0.6795 0.8209 0.8701 0.9045 0.8963
771.591 0.869 0.8596 0.8958 0.9725 1.0229 1.0491 1.1413 1.341 1.691 2.331
810.170 3.411 4.731 5.681 5.741 4.851 3.471 2.311 1.631 1.271 1.144
848.750 1.0725 1.0409 1.1534 1.2686 1.271 1.1145 0.9015 0.8377 0.8085 0.7924
887.330 0.8412 0.8657 0.8663 0.794 0.7307 0.6639 0.5462 0.5236 0.503 0.4435
925.909 0.4721 0.4904 0.4411 0.3881 0.36057 0.3739 0.3832 0.35674 0.35245 0.4166
964.489 0.4872 0.5583 0.5783 0.57 0.7132 1.0548 1.551 2.281 2.851 2.811
1003.068 2.341 1.891 1.991 2.411 2.401 1.911 1.391 1.1693 1.0062 0.7641
1041.648 0.5684 0.4232 0.4018 0.4343 0.4094 0.33357 0.32631 0.3761 0.4275 0.4453
1080.227 0.36274 0.31869 0.36132 0.5101 0.6661 0.7814 0.8043 0.6527 0.6571 0.6725
1118.807 0.6152 0.5925 0.6808 0.7798 0.7088 0.5836 0.4825 0.4106 0.4131 0.4756
1157.387 0.4848 0.4408 0.4106 0.4541 0.5168 0.5257 0.5804 0.6654 0.692 0.6362
1195.966 0.5882 0.5022 0.4152 0.3922 0.3885 0.4516 0.4969 0.6226 0.6914 0.6387
1234.546 0.5456 0.5164 0.5355 0.5577 0.7171 0.8749 1.1319 1.451 1.521 1.341
1273.125 1.1176 0.9547 0.8491 0.82 0.7978 0.8454 0.8984 0.8634 0.8616 0.9009
1311.705 0.9361 0.9524 0.9686 0.9554 0.9146 0.9337 1.0444 1.271 1.751 2.421
1350.284 2.691 2.271 1.691 1.391 1.2622 1.1435 1.0073 0.907 0.8129 0.7242
1388.864 0.7007 0.7056 0.7304 0.802 0.912 1.0436 1.1693 1.281 1.381 1.411
1427.443 1.471 1.651 2.041 2.841 4.181 5.881 7.091 7.011 5.771 4.421
1466.023 3.441 2.661 2.041 1.751 1.771 1.961 2.221 2.371 2.361 2.611
1504.603 3.481 4.821 5.661 5.271 3.981 2.701 1.821 1.291 0.9957 0.8211
1543.182 0.6991 0.6048 0.548 0.5341 0.5235 0.5174 0.5336 0.5526 0.5182 0.4267
1581.762 0.3731 0.35583 0.34953 0.36159 0.35597 0.31813 0.30787 0.34203 0.34961 0.36087
1620.341 0.3735 0.36098 0.3875 0.4288 0.4893 0.5472 0.5573 0.5497 0.4896 0.4233
1658.921 0.3805 0.33892 0.30497 0.275438 0.26705 0.274287 0.28111 0.277117 0.278084 0.26493
1697.500 0.2553 0.28442 0.28174 0.26764 0.2688 0.26937 0.2567 0.2472 0.26389 0.2568
1736.080 0.26579 0.28921 0.28744 0.29515 0.32621 0.3765 0.4168 0.4299 0.4444 0.5016
1774.659 0.5999 0.6461 0.5886 0.4635 0.35394 0.31461 0.28801 0.2656 0.26723 0.2605
1813.239 0.271173 0.28193 0.2549 0.2297 0.254 0.2685 0.254 0.2534 0.26416 0.28247
1851.819 0.28847 0.28613 0.29797 0.31478 0.32968 0.36509 0.4022 0.4359 0.508 0.5891
1890.398 0.6539 0.6775 0.6338 0.5599 0.4732 0.3804 0.32541 0.29515 0.28185 0.274634
1928.978 0.271218 0.2811 0.275144 0.271307 0.27599 0.272049 0.270384 0.274596 0.273974 0.26932
1967.557 0.272173 0.270788 0.2533 0.2392 0.2368 0.2452 0.2542 0.241 0.2221 0.217
2006.137 0.207 0.2214 0.2362 0.2298 0.232 0.237 0.2481 0.246 0.2414 0.2537
2044.716 0.2566 0.2364 0.2402 0.2391 0.2125 0.2136 0.2189 0.2307 0.2405 0.2343
2083.296 0.2312 0.2399 0.2396 0.2484 0.26231 0.2582 0.270741 0.28228 0.26574 0.2489
2121.875 0.2509 0.245 0.2516 0.26721 0.26298 0.26403 0.270047 0.279885 0.271914 0.2489
2160.455 0.2504 0.26171 0.2587 0.2549 0.26291 0.28443 0.32379 0.33117 0.32859 0.32063
2199.035 0.31456 0.31882 0.31745 0.32814 0.33903 0.32378 0.31659 0.33695 0.35817 0.36307
2237.614 0.32946 0.32234 0.33458 0.32163 0.29464 0.275828 0.29204 0.28159 0.2482 0.2399
2276.194 0.2559 0.26132 0.2456 0.2433 0.237 0.2446 0.2593 0.25 0.237 0.26596
2314.773 0.26624 0.2582 0.28396 0.30286 0.32345 0.32843 0.34764 0.36028 0.35797 0.37046
2353.353 0.37049 0.35723 0.36279 0.3772 0.3788 0.3729 0.3753 0.36734 0.35823 0.36754
2391.932 0.36123 0.36395 0.34658 0.32872 0.32954 0.30661 0.31766 0.32084 0.28414 0.276206
2430.512 0.28204 0.2927 0.277029 0.2368 0.26103 0.26722 0.2348 0.2025 0.2132 0.273877
2469.092 0.31941 0.34908 0.3785 0.4339 0.4596 0.3992 0.36597 0.34936 0.29219 0.30582
2507.671 0.34231 0.33122 0.33698 0.3795 0.3992 0.3913 0.36438 0.33733 0.32778 0.32487
2546.251 0.32 0.34737 0.3744 0.3723 0.4073 0.457 0.4764 0.4531 0.4542 0.5117
2584.830 0.5526 0.5539 0.5341 0.5609 0.6129 0.6287 0.6211 0.6254 0.6392 0.6553
2623.410 0.6779 0.7047 0.694 0.6999 0.7443 0.7949 0.8396 0.9011 1.031 1.1511
2661.989 1.1863 1.1316 1.0793 1.0271 0.9625 0.89 0.8158 0.7771 0.7435 0.6949
2700.569 0.6939 0.702 0.6558 0.6429 0.6325 0.5777 0.5414 0.5585 0.5601 0.5605
2739.148 0.5813 0.6179 0.6771 0.6925 0.6606 0.6376 0.6849 0.7376 0.8022 0.8637
2777.728 0.9457 1.0364 1.1227 1.2599 1.401 1.511 1.541 1.601 1.681 1.791
2816.308 1.951 2.101 2.311 2.621 3.061 3.671 4.681 6.421 9.301 13.961
2854.887 20.931 28.761 32.841 30.471 24.581 18.961 14.711 11.731 9.911 9.191
2893.467 9.421 10.611 12.821 15.831 19.361 23.671 30.021 39.981 54.291 72.261
2932.046 89.541 96.971 88.611 67.841 44.151 26.331 16.271 10.781 7.521 5.591
2970.626 4.441 3.771 3.411 3.221 3.081 2.941 2.791 2.781 2.941 3.281
3009.205 3.761 4.331 5.001 5.601 5.621 4.871 3.941 3.401 3.261 3.191
3047.785 3.061 3.001 2.851 2.581 2.361 2.201 2.041 1.921 1.851 1.801
3086.364 1.771 1.681 1.511 1.311 1.1273 0.9745 0.8342 0.7281 0.6986 0.6853
3124.944 0.677 0.6584 0.5984 0.5731 0.5444 0.5151 0.531 0.528 0.4789 0.4279
3163.524 0.3889 0.33605 0.234 0.2007 0.1962 0.1991 0.2575 0.2264 0.1791 0.1881
3202.103 0.1801 0.1759 0.131 0.103 0.148 0.204 0.2034 0.2038 0.168 0.121
3240.683 0.153 0.137 0.142 0.153 0.117 0.142 0.172 0.156 0.138 0.152
3279.262 0.1732 0.155 0.1776 0.159 0.136 0.142 0.166 0.1744 0.096 0.061
3317.842 0.059 0.09 0.14 0.179 0.1749 0.13 0.131 0.1817 0.1742 0.145
3356.421 0.149 0.154 0.171 0.174 0.153 0.151 0.14 0.147 0.142 0.126
3395.001 0.137 0.072 0.043 0.099 0.11 0.123 0.1972 0.2503 0.2285 0.157
3433.580 0.127 0.169 0.171 0.139 0.133 0.072 0.062 0.038 0.039 0.069
3472.160 0.055 0.077 0.053 0.025 0.002 0.022 0.042 0.041 0.042 0.026
3510.740 0.046 0.036 0.011 0.035 0.057 0.041 0.031 0.063 0.109 0.092
3549.319 0.027 0.023 0.06 0.072 0.081 0.063 0.092 0.091 0.055 0.095
3587.899 0.038 0.022 0.047 0.04 0.055 0.04 0.095 0.099 0.027 0.016
3626.478 0.021 0.037 0.025 0.017 0.08 0.136 0.092 0.022 0.006 0.054
3665.058 0.094 0.12 0.101 0.107 0.184 0.154 0.132 0.148 0.065 0.037
3703.637 0.064 0.074 0.121 0.148 0.137 0.123 0.135 0.128 0.15 0.163
3742.217 0.13 0.1 0.08 0.063 0.096 0.124 0.11 0.093 0.119 0.148
3780.797 0.123 0.066 0.054 0.108 0.136 0.142 0.164 0.114 0.112 0.1757
3819.376 0.126 0.163 0.1918 0.145 0.11 0.069 0.035 0 0.052 0.098
3857.956 0.104 0.135 0.087 0.049 0.094 0.14 0.126 0.094 0.069 0.089
3896.535 0.142 0.142 0.1744 0.1771 0.1744 0.155 0.138 0.175 0.207 0.2238
3935.115 0.1795 0.141 0.133 0.141 0.168 0.2003 0.113 0.086 0.162 0.142
3973.694 0.093 0.113 0.166 0.144 0.13 0.111 0.082 0.113
##END=
