##TITLE=4,4'-BIPHENYLBIS(GLYOXAL-2-HYDRATE)
##JCAMP-DX=4.24
##DATA TYPE=INFRARED SPECTRUM
##CLASS=COBLENTZ III
##ORIGIN=SMITH KLINE & FRENCH LABS.
##OWNER=Copyright (C) 1987 by the Coblentz Society
Collection (C) 2018 copyright by the U.S. Secretary of Commerce
on behalf of the United States of America. All rights reserved.
##DATE=1961/05/23
##NAMES=1-[4'-(dihydroxyacetyl)[1,1'-biphenyl]-4-yl]-2,2-dihydroxyethanone
##CAS REGISTRY NO=1094-85-5
##MOLFORM=C16 H14 O6
##SOURCE REFERENCE=COBLENTZ NO. 7993
##$NIST SOURCE=COBLENTZ
##$NIST IMAGE=cob7993
##SPECTROMETER/DATA SYSTEM=PERKIN-ELMER 21 (GRATING)
##INSTRUMENT PARAMETERS=NaCl PRISM
##STATE=SOLID (OIL MULL)
$$SPECTRAL CONTAMINATION DUE TO OIL AROUND 2900, 1460, 1375 CM^-^1
##SAMPLING PROCEDURE=TRANSMISSION
##RESOLUTION=2
##DATA PROCESSING=DIGITIZED BY COBLENTZ SOCIETY (BATCH II) FROM HARD COPY
##XUNITS=1/CM
##YUNITS=TRANSMITTANCE
##XFACTOR=1.0
##YFACTOR=1
##FIRSTX=666
##LASTX=4000
##FIRSTY=0.5125
##MAXX=4000
##MINX=666
##MAXY=0.871
##MINY=0.1009
##NPOINTS=3335
##XYDATA=(X++(Y..Y))
666.000000 0.5125 0.5444 0.5785 0.6129 0.6309
671.000000 0.6357 0.6475 0.6534 0.6578 0.6627
676.000000 0.6676 0.6721 0.6763 0.6833 0.6907
681.000000 0.6989 0.7029 0.7060 0.7078 0.7096
686.000000 0.7094 0.7097 0.7094 0.7076 0.7056
691.000000 0.7012 0.6932 0.6866 0.6638 0.6618
696.000000 0.6609 0.6599 0.6622 0.6630 0.6668
701.000000 0.6913 0.7217 0.7283 0.7303 0.7315
706.000000 0.7340 0.7291 0.7310 0.7318 0.7242
711.000000 0.7162 0.7100 0.7015 0.6924 0.6829
716.000000 0.6732 0.6627 0.6522 0.6424 0.6333
721.000000 0.6241 0.6105 0.5883 0.5624 0.5329
726.000000 0.5032 0.4741 0.4456 0.4322 0.4321
731.000000 0.4354 0.4409 0.4556 0.4866 0.5165
736.000000 0.5501 0.5696 0.5929 0.6096 0.6252
741.000000 0.6397 0.6492 0.6583 0.6661 0.6724
746.000000 0.6832 0.6966 0.7014 0.7066 0.7122
751.000000 0.7171 0.7215 0.7284 0.7301 0.7312
756.000000 0.7315 0.7310 0.7323 0.7327 0.7317
761.000000 0.7313 0.7309 0.7345 0.7364 0.7344
766.000000 0.7324 0.7304 0.7281 0.7289 0.7298
771.000000 0.7313 0.7340 0.7367 0.7401 0.7447
776.000000 0.7494 0.7565 0.7637 0.7651 0.7655
781.000000 0.7645 0.7646 0.7608 0.7584 0.7556
786.000000 0.7525 0.7441 0.7331 0.7248 0.7160
791.000000 0.7072 0.6986 0.6875 0.6725 0.6441
796.000000 0.6106 0.5777 0.5277 0.4884 0.4511
801.000000 0.4135 0.3862 0.3776 0.3793 0.3816
806.000000 0.3871 0.4019 0.4292 0.4704 0.5118
811.000000 0.5531 0.5943 0.6354 0.6780 0.7017
816.000000 0.7241 0.7359 0.7422 0.7476 0.7501
821.000000 0.7523 0.7539 0.7554 0.7570 0.7583
826.000000 0.7597 0.7609 0.7610 0.7613 0.7614
831.000000 0.7616 0.7615 0.7635 0.7613 0.7600
836.000000 0.7577 0.7554 0.7522 0.7487 0.7452
841.000000 0.7419 0.7386 0.7353 0.7319 0.7284
846.000000 0.7242 0.7160 0.7030 0.6910 0.6748
851.000000 0.6510 0.6137 0.5444 0.4743 0.4251
856.000000 0.3954 0.3883 0.3855 0.4030 0.4500
861.000000 0.5000 0.5499 0.5997 0.6494 0.7010
866.000000 0.7280 0.7412 0.7449 0.7529 0.7769
871.000000 0.7865 0.7994 0.8055 0.8115 0.8169
876.000000 0.8209 0.8228 0.8246 0.8264 0.8275
881.000000 0.8282 0.8291 0.8292 0.8290 0.8286
886.000000 0.8284 0.8298 0.8279 0.8276 0.8272
891.000000 0.8270 0.8267 0.8264 0.8262 0.8259
896.000000 0.8257 0.8255 0.8253 0.8252 0.8250
901.000000 0.8248 0.8227 0.8197 0.8163 0.8127
906.000000 0.8090 0.8054 0.8018 0.7982 0.7944
911.000000 0.7905 0.7865 0.7826 0.7787 0.7756
916.000000 0.7724 0.7693 0.7661 0.7630 0.7601
921.000000 0.7576 0.7552 0.7529 0.7501 0.7467
926.000000 0.7421 0.7376 0.7336 0.7296 0.7258
931.000000 0.7201 0.7115 0.7088 0.7065 0.6986
936.000000 0.6869 0.6746 0.6627 0.6505 0.6378
941.000000 0.6274 0.6233 0.6221 0.5866 0.5635
946.000000 0.5453 0.5296 0.4980 0.4425 0.3870
951.000000 0.3408 0.3167 0.3116 0.3134 0.3491
956.000000 0.4007 0.4522 0.5036 0.5394 0.5415
961.000000 0.5374 0.5227 0.4678 0.4100 0.3515
966.000000 0.3231 0.3191 0.3182 0.3307 0.3453
971.000000 0.3680 0.3890 0.4181 0.4471 0.4760
976.000000 0.5088 0.5517 0.5834 0.6013 0.6164
981.000000 0.6515 0.6666 0.6713 0.6730 0.6743
986.000000 0.6751 0.6768 0.6776 0.6774 0.6654
991.000000 0.6580 0.6536 0.6503 0.6425 0.6337
996.000000 0.6270 0.6207 0.6116 0.6005 0.5826
1001.000000 0.5661 0.5510 0.5422 0.5402 0.5382
1006.000000 0.5366 0.5216 0.4884 0.4594 0.4305
1011.000000 0.4016 0.3727 0.3431 0.3399 0.3406
1016.000000 0.3410 0.3893 0.4257 0.4622 0.4781
1021.000000 0.4765 0.4766 0.4734 0.4635 0.4356
1026.000000 0.4073 0.3791 0.3509 0.3228 0.2954
1031.000000 0.2860 0.2828 0.2824 0.2871 0.2914
1036.000000 0.2984 0.3089 0.3284 0.3510 0.3737
1041.000000 0.3963 0.4189 0.4413 0.4638 0.4863
1046.000000 0.5087 0.5313 0.5526 0.5637 0.5708
1051.000000 0.5740 0.5801 0.5893 0.6002 0.6113
1056.000000 0.6228 0.6305 0.6350 0.6394 0.6435
1061.000000 0.6472 0.6509 0.6541 0.6553 0.6564
1066.000000 0.6575 0.6595 0.6583 0.6577 0.6564
1071.000000 0.6550 0.6537 0.6523 0.6513 0.6505
1076.000000 0.6497 0.6489 0.6481 0.6466 0.6448
1081.000000 0.6427 0.6374 0.6317 0.6274 0.6232
1086.000000 0.6191 0.6150 0.6089 0.5967 0.5844
1091.000000 0.5723 0.5621 0.5524 0.5428 0.5323
1096.000000 0.5213 0.5102 0.4991 0.4881 0.4771
1101.000000 0.4659 0.4507 0.4341 0.4177 0.4024
1106.000000 0.3874 0.3724 0.3572 0.3425 0.3331
1111.000000 0.3242 0.3154 0.3066 0.2982 0.2904
1116.000000 0.2826 0.2757 0.2696 0.2635 0.2584
1121.000000 0.2574 0.2568 0.2586 0.2581 0.2598
1126.000000 0.2647 0.2724 0.2831 0.3102 0.3400
1131.000000 0.3698 0.3994 0.4291 0.4588 0.4883
1136.000000 0.5172 0.5354 0.5463 0.5568 0.5696
1141.000000 0.5824 0.5936 0.6022 0.6107 0.6209
1146.000000 0.6440 0.6641 0.6734 0.6789 0.6811
1151.000000 0.6832 0.6853 0.6867 0.6880 0.6892
1156.000000 0.6907 0.6944 0.6991 0.7024 0.7073
1161.000000 0.7040 0.7036 0.7033 0.7029 0.7025
1166.000000 0.7022 0.7015 0.7010 0.7003 0.6997
1171.000000 0.6981 0.6961 0.6940 0.6905 0.6865
1176.000000 0.6833 0.6824 0.6814 0.6794 0.6744
1181.000000 0.6692 0.6641 0.6590 0.6539 0.6486
1186.000000 0.6433 0.6390 0.6361 0.6332 0.6324
1191.000000 0.6336 0.6350 0.6368 0.6355 0.6303
1196.000000 0.6214 0.6102 0.5949 0.5794 0.5638
1201.000000 0.5484 0.5330 0.5176 0.5022 0.4869
1206.000000 0.4716 0.4563 0.4410 0.4257 0.4105
1211.000000 0.3953 0.3801 0.3650 0.3521 0.3415
1216.000000 0.3313 0.3240 0.3181 0.3122 0.3062
1221.000000 0.3014 0.3009 0.3009 0.2998 0.3020
1226.000000 0.3034 0.3064 0.3111 0.3295 0.3480
1231.000000 0.3665 0.3850 0.4033 0.4216 0.4344
1236.000000 0.4426 0.4521 0.4692 0.4825 0.4946
1241.000000 0.5115 0.5344 0.5501 0.5637 0.5761
1246.000000 0.5842 0.5919 0.5968 0.6005 0.6061
1251.000000 0.6014 0.6000 0.5987 0.5973 0.5960
1256.000000 0.5940 0.5919 0.5898 0.5868 0.5821
1261.000000 0.5736 0.5610 0.5519 0.5494 0.5477
1266.000000 0.5485 0.5542 0.5592 0.5652 0.5715
1271.000000 0.5760 0.5798 0.5829 0.5844 0.5860
1276.000000 0.5875 0.5886 0.5896 0.5896 0.5889
1281.000000 0.5882 0.5875 0.5867 0.5860 0.5846
1286.000000 0.5833 0.5820 0.5806 0.5794 0.5783
1291.000000 0.5773 0.5763 0.5785 0.5806 0.5835
1296.000000 0.5890 0.5951 0.6014 0.6076 0.6130
1301.000000 0.6183 0.6235 0.6284 0.6308 0.6312
1306.000000 0.6316 0.6319 0.6323 0.6327 0.6334
1311.000000 0.6346 0.6425 0.6468 0.6492 0.6492
1316.000000 0.6490 0.6486 0.6490 0.6464 0.6442
1321.000000 0.6409 0.6372 0.6329 0.6287 0.6247
1326.000000 0.6226 0.6235 0.6248 0.6260 0.6242
1331.000000 0.6295 0.6332 0.6371 0.6420 0.6467
1336.000000 0.6494 0.6513 0.6523 0.6533 0.6527
1341.000000 0.6522 0.6549 0.6495 0.6469 0.6442
1346.000000 0.6417 0.6392 0.6367 0.6340 0.6311
1351.000000 0.6282 0.6240 0.6188 0.6135 0.6083
1356.000000 0.6019 0.5914 0.5700 0.5458 0.5216
1361.000000 0.4974 0.4747 0.4614 0.4537 0.4478
1366.000000 0.4418 0.4349 0.4215 0.4068 0.3893
1371.000000 0.3606 0.3282 0.3089 0.2979 0.2946
1376.000000 0.2935 0.2933 0.2976 0.3189 0.3433
1381.000000 0.3676 0.3920 0.4162 0.4405 0.4646
1386.000000 0.4889 0.5130 0.5371 0.5403 0.5398
1391.000000 0.5381 0.5360 0.5312 0.5228 0.5132
1396.000000 0.5095 0.5086 0.5097 0.5236 0.5406
1401.000000 0.5574 0.5743 0.5912 0.6081 0.6249
1406.000000 0.6374 0.6391 0.6396 0.6396 0.6386
1411.000000 0.6373 0.6356 0.6337 0.6310 0.6284
1416.000000 0.6257 0.6226 0.6190 0.6154 0.6117
1421.000000 0.6078 0.6039 0.6001 0.5962 0.5920
1426.000000 0.5872 0.5822 0.5773 0.5709 0.5621
1431.000000 0.5531 0.5320 0.5132 0.4987 0.4726
1436.000000 0.4417 0.4108 0.3800 0.3586 0.3464
1441.000000 0.3342 0.3183 0.3038 0.2918 0.2801
1446.000000 0.2720 0.2650 0.2579 0.2505 0.2337
1451.000000 0.2135 0.1948 0.1841 0.1808 0.1795
1456.000000 0.1782 0.1740 0.1708 0.1708 0.1709
1461.000000 0.1822 0.2097 0.2214 0.2326 0.2414
1466.000000 0.2473 0.2525 0.2577 0.2628 0.2687
1471.000000 0.2844 0.3127 0.3418 0.3708 0.3999
1476.000000 0.4288 0.4577 0.4866 0.5154 0.5442
1481.000000 0.5729 0.5899 0.5985 0.6076 0.6218
1486.000000 0.6406 0.6540 0.6633 0.6715 0.6804
1491.000000 0.6910 0.7015 0.7116 0.7215 0.7288
1496.000000 0.7341 0.7392 0.7443 0.7481 0.7509
1501.000000 0.7537 0.7564 0.7589 0.7603 0.7614
1506.000000 0.7624 0.7632 0.7640 0.7646 0.7650
1511.000000 0.7653 0.7656 0.7659 0.7663 0.7664
1516.000000 0.7664 0.7663 0.7663 0.7662 0.7662
1521.000000 0.7663 0.7666 0.7676 0.7693 0.7713
1526.000000 0.7744 0.7781 0.7819 0.7863 0.7888
1531.000000 0.7881 0.7880 0.7870 0.7840 0.7785
1536.000000 0.7731 0.7680 0.7631 0.7583 0.7536
1541.000000 0.7490 0.7443 0.7399 0.7370 0.7345
1546.000000 0.7340 0.7339 0.7337 0.7298 0.7161
1551.000000 0.7025 0.6885 0.6757 0.6750 0.6750
1556.000000 0.6761 0.6894 0.7021 0.7148 0.7276
1561.000000 0.7403 0.7530 0.7656 0.7783 0.7876
1566.000000 0.7902 0.7885 0.7889 0.7871 0.7840
1571.000000 0.7805 0.7773 0.7748 0.7725 0.7709
1576.000000 0.7695 0.7681 0.7675 0.7671 0.7667
1581.000000 0.7663 0.7659 0.7655 0.7651 0.7648
1586.000000 0.7644 0.7640 0.7632 0.7613 0.7575
1591.000000 0.7515 0.7443 0.7356 0.7263 0.7172
1596.000000 0.7026 0.6810 0.6564 0.6314 0.6065
1601.000000 0.5815 0.5565 0.5316 0.5067 0.4818
1606.000000 0.4570 0.4392 0.4372 0.4382 0.4481
1611.000000 0.4874 0.5267 0.5658 0.6049 0.6440
1616.000000 0.6829 0.7219 0.7608 0.7769 0.7821
1621.000000 0.7829 0.7827 0.7825 0.7819 0.7813
1626.000000 0.7824 0.7799 0.7788 0.7773 0.7758
1631.000000 0.7738 0.7703 0.7673 0.7655 0.7637
1636.000000 0.7623 0.7616 0.7610 0.7602 0.7594
1641.000000 0.7586 0.7572 0.7544 0.7496 0.7421
1646.000000 0.7295 0.7118 0.6978 0.6941 0.6905
1651.000000 0.6877 0.6856 0.6838 0.6819 0.6803
1656.000000 0.6792 0.6786 0.6779 0.6772 0.6754
1661.000000 0.6724 0.6691 0.6644 0.6566 0.6472
1666.000000 0.6376 0.6279 0.6183 0.6087 0.5991
1671.000000 0.5895 0.5800 0.5704 0.5608 0.5513
1676.000000 0.5418 0.5308 0.5158 0.5006 0.4864
1681.000000 0.4568 0.4254 0.3940 0.3626 0.3313
1686.000000 0.3000 0.2687 0.2376 0.2063 0.1813
1691.000000 0.1710 0.1681 0.1676 0.1656 0.1651
1696.000000 0.1655 0.1865 0.2141 0.2431 0.2721
1701.000000 0.3011 0.3300 0.3589 0.3878 0.4165
1706.000000 0.4453 0.4741 0.5028 0.5315 0.5601
1711.000000 0.5888 0.6174 0.6459 0.6813 0.7138
1716.000000 0.7253 0.7317 0.7369 0.7420 0.7480
1721.000000 0.7574 0.7700 0.7809 0.7888 0.7968
1726.000000 0.8018 0.8051 0.8082 0.8112 0.8142
1731.000000 0.8162 0.8179 0.8194 0.8210 0.8226
1736.000000 0.8242 0.8254 0.8266 0.8278 0.8290
1741.000000 0.8301 0.8313 0.8324 0.8336 0.8350
1746.000000 0.8365 0.8380 0.8396 0.8411 0.8425
1751.000000 0.8440 0.8456 0.8470 0.8485 0.8499
1756.000000 0.8514 0.8527 0.8540 0.8554 0.8567
1761.000000 0.8576 0.8579 0.8582 0.8586 0.8589
1766.000000 0.8592 0.8595 0.8596 0.8597 0.8597
1771.000000 0.8600 0.8611 0.8635 0.8660 0.8676
1776.000000 0.8687 0.8695 0.8703 0.8707 0.8708
1781.000000 0.8707 0.8706 0.8705 0.8704 0.8703
1786.000000 0.8701 0.8696 0.8693 0.8688 0.8684
1791.000000 0.8680 0.8675 0.8670 0.8666 0.8661
1796.000000 0.8656 0.8652 0.8647 0.8642 0.8638
1801.000000 0.8633 0.8630 0.8628 0.8626 0.8625
1806.000000 0.8623 0.8626 0.8632 0.8638 0.8646
1811.000000 0.8657 0.8668 0.8675 0.8676 0.8677
1816.000000 0.8678 0.8710 0.8681 0.8683 0.8684
1821.000000 0.8686 0.8686 0.8688 0.8689 0.8690
1826.000000 0.8691 0.8692 0.8693 0.8694 0.8695
1831.000000 0.8696 0.8697 0.8698 0.8699 0.8698
1836.000000 0.8696 0.8694 0.8692 0.8690 0.8689
1841.000000 0.8686 0.8685 0.8683 0.8681 0.8680
1846.000000 0.8677 0.8676 0.8674 0.8671 0.8668
1851.000000 0.8665 0.8661 0.8658 0.8655 0.8652
1856.000000 0.8648 0.8646 0.8643 0.8640 0.8636
1861.000000 0.8632 0.8628 0.8623 0.8618 0.8613
1866.000000 0.8608 0.8603 0.8598 0.8593 0.8588
1871.000000 0.8584 0.8579 0.8574 0.8569 0.8564
1876.000000 0.8559 0.8554 0.8549 0.8544 0.8540
1881.000000 0.8535 0.8530 0.8525 0.8520 0.8516
1886.000000 0.8512 0.8508 0.8503 0.8499 0.8495
1891.000000 0.8491 0.8487 0.8482 0.8477 0.8473
1896.000000 0.8469 0.8465 0.8461 0.8456 0.8452
1901.000000 0.8448 0.8444 0.8440 0.8436 0.8431
1906.000000 0.8426 0.8422 0.8418 0.8414 0.8410
1911.000000 0.8406 0.8401 0.8397 0.8392 0.8388
1916.000000 0.8384 0.8380 0.8376 0.8372 0.8367
1921.000000 0.8363 0.8359 0.8355 0.8351 0.8347
1926.000000 0.8343 0.8341 0.8339 0.8337 0.8335
1931.000000 0.8333 0.8333 0.8333 0.8334 0.8335
1936.000000 0.8335 0.8337 0.8340 0.8342 0.8344
1941.000000 0.8346 0.8348 0.8349 0.8351 0.8353
1946.000000 0.8355 0.8357 0.8359 0.8362 0.8365
1951.000000 0.8369 0.8372 0.8375 0.8379 0.8383
1956.000000 0.8386 0.8390 0.8393 0.8397 0.8400
1961.000000 0.8404 0.8405 0.8406 0.8406 0.8406
1966.000000 0.8406 0.8406 0.8406 0.8406 0.8406
1971.000000 0.8406 0.8406 0.8406 0.8404 0.8403
1976.000000 0.8402 0.8401 0.8400 0.8399 0.8398
1981.000000 0.8397 0.8396 0.8395 0.8394 0.8393
1986.000000 0.8392 0.8391 0.8390 0.8388 0.8388
1991.000000 0.8386 0.8384 0.8381 0.8379 0.8377
1996.000000 0.8375 0.8372 0.8370 0.8367 0.8366
2001.000000 0.8363 0.8361 0.8358 0.8356 0.8354
2006.000000 0.8352 0.8349 0.8347 0.8344 0.8342
2011.000000 0.8340 0.8338 0.8335 0.8333 0.8331
2016.000000 0.8329 0.8327 0.8326 0.8324 0.8323
2021.000000 0.8322 0.8320 0.8318 0.8317 0.8316
2026.000000 0.8314 0.8313 0.8311 0.8310 0.8309
2031.000000 0.8307 0.8305 0.8304 0.8303 0.8302
2036.000000 0.8300 0.8298 0.8297 0.8296 0.8294
2041.000000 0.8293 0.8291 0.8290 0.8289 0.8287
2046.000000 0.8285 0.8284 0.8283 0.8282 0.8280
2051.000000 0.8278 0.8277 0.8276 0.8275 0.8273
2056.000000 0.8271 0.8271 0.8270 0.8270 0.8270
2061.000000 0.8270 0.8269 0.8268 0.8268 0.8267
2066.000000 0.8267 0.8267 0.8266 0.8266 0.8265
2071.000000 0.8265 0.8265 0.8264 0.8262 0.8259
2076.000000 0.8256 0.8253 0.8250 0.8247 0.8244
2081.000000 0.8241 0.8239 0.8236 0.8232 0.8227
2086.000000 0.8222 0.8217 0.8211 0.8207 0.8203
2091.000000 0.8200 0.8199 0.8197 0.8195 0.8193
2096.000000 0.8192 0.8190 0.8188 0.8187 0.8185
2101.000000 0.8183 0.8182 0.8181 0.8179 0.8180
2106.000000 0.8181 0.8186 0.8192 0.8196 0.8199
2111.000000 0.8202 0.8205 0.8208 0.8211 0.8213
2116.000000 0.8214 0.8213 0.8208 0.8203 0.8197
2121.000000 0.8189 0.8178 0.8162 0.8144 0.8123
2126.000000 0.8103 0.8092 0.8081 0.8070 0.8061
2131.000000 0.8054 0.8050 0.8046 0.8042 0.8038
2136.000000 0.8034 0.8031 0.8027 0.8026 0.8026
2141.000000 0.8026 0.8028 0.8029 0.8030 0.8031
2146.000000 0.8033 0.8034 0.8036 0.8037 0.8038
2151.000000 0.8040 0.8041 0.8043 0.8045 0.8047
2156.000000 0.8049 0.8050 0.8052 0.8054 0.8056
2161.000000 0.8058 0.8059 0.8061 0.8063 0.8065
2166.000000 0.8067 0.8068 0.8068 0.8068 0.8068
2171.000000 0.8068 0.8068 0.8068 0.8067 0.8066
2176.000000 0.8065 0.8064 0.8062 0.8061 0.8060
2181.000000 0.8059 0.8058 0.8056 0.8055 0.8054
2186.000000 0.8052 0.8051 0.8050 0.8049 0.8048
2191.000000 0.8047 0.8045 0.8042 0.8040 0.8038
2196.000000 0.8036 0.8034 0.8033 0.8031 0.8029
2201.000000 0.8027 0.8025 0.8023 0.8021 0.8019
2206.000000 0.8017 0.8014 0.8012 0.8009 0.8007
2211.000000 0.8004 0.8001 0.7998 0.7995 0.7993
2216.000000 0.7990 0.7988 0.7985 0.7982 0.7978
2221.000000 0.7974 0.7970 0.7965 0.7960 0.7956
2226.000000 0.7951 0.7946 0.7941 0.7937 0.7932
2231.000000 0.7928 0.7923 0.7919 0.7914 0.7909
2236.000000 0.7904 0.7900 0.7895 0.7888 0.7882
2241.000000 0.7872 0.7862 0.7853 0.7845 0.7839
2246.000000 0.7834 0.7829 0.7824 0.7820 0.7815
2251.000000 0.7811 0.7807 0.7805 0.7802 0.7800
2256.000000 0.7797 0.7795 0.7792 0.7790 0.7787
2261.000000 0.7785 0.7783 0.7780 0.7778 0.7775
2266.000000 0.7771 0.7767 0.7763 0.7759 0.7754
2271.000000 0.7750 0.7746 0.7742 0.7738 0.7734
2276.000000 0.7730 0.7726 0.7722 0.7717 0.7713
2281.000000 0.7710 0.7705 0.7701 0.7697 0.7693
2286.000000 0.7689 0.7685 0.7680 0.7675 0.7671
2291.000000 0.7667 0.7662 0.7658 0.7653 0.7649
2296.000000 0.7643 0.7637 0.7628 0.7613 0.7597
2301.000000 0.7581 0.7566 0.7550 0.7535 0.7519
2306.000000 0.7504 0.7493 0.7485 0.7477 0.7470
2311.000000 0.7463 0.7457 0.7451 0.7446 0.7441
2316.000000 0.7437 0.7433 0.7430 0.7426 0.7422
2321.000000 0.7418 0.7415 0.7411 0.7407 0.7404
2326.000000 0.7401 0.7400 0.7399 0.7398 0.7397
2331.000000 0.7397 0.7396 0.7395 0.7394 0.7393
2336.000000 0.7392 0.7391 0.7390 0.7389 0.7388
2341.000000 0.7387 0.7386 0.7386 0.7384 0.7383
2346.000000 0.7382 0.7381 0.7380 0.7380 0.7380
2351.000000 0.7380 0.7380 0.7380 0.7380 0.7380
2356.000000 0.7380 0.7380 0.7380 0.7380 0.7380
2361.000000 0.7380 0.7380 0.7380 0.7380 0.7380
2366.000000 0.7380 0.7380 0.7380 0.7380 0.7380
2371.000000 0.7380 0.7380 0.7380 0.7380 0.7380
2376.000000 0.7380 0.7380 0.7380 0.7380 0.7380
2381.000000 0.7379 0.7379 0.7379 0.7378 0.7378
2386.000000 0.7377 0.7376 0.7375 0.7375 0.7375
2391.000000 0.7374 0.7374 0.7372 0.7371 0.7369
2396.000000 0.7367 0.7364 0.7362 0.7359 0.7357
2401.000000 0.7355 0.7352 0.7350 0.7348 0.7346
2406.000000 0.7344 0.7341 0.7339 0.7336 0.7334
2411.000000 0.7331 0.7328 0.7326 0.7323 0.7321
2416.000000 0.7318 0.7316 0.7313 0.7310 0.7308
2421.000000 0.7305 0.7303 0.7300 0.7297 0.7294
2426.000000 0.7291 0.7288 0.7285 0.7281 0.7278
2431.000000 0.7275 0.7272 0.7269 0.7266 0.7263
2436.000000 0.7260 0.7257 0.7255 0.7252 0.7248
2441.000000 0.7245 0.7242 0.7239 0.7236 0.7233
2446.000000 0.7230 0.7227 0.7224 0.7221 0.7218
2451.000000 0.7214 0.7211 0.7207 0.7203 0.7199
2456.000000 0.7195 0.7190 0.7185 0.7181 0.7177
2461.000000 0.7173 0.7168 0.7164 0.7160 0.7155
2466.000000 0.7151 0.7147 0.7142 0.7138 0.7134
2471.000000 0.7130 0.7125 0.7121 0.7117 0.7113
2476.000000 0.7108 0.7104 0.7099 0.7095 0.7091
2481.000000 0.7087 0.7082 0.7078 0.7074 0.7070
2486.000000 0.7065 0.7060 0.7055 0.7051 0.7046
2491.000000 0.7041 0.7036 0.7031 0.7026 0.7021
2496.000000 0.7016 0.7011 0.7006 0.7001 0.6997
2501.000000 0.6992 0.6987 0.6982 0.6977 0.6973
2506.000000 0.6968 0.6963 0.6958 0.6953 0.6949
2511.000000 0.6944 0.6938 0.6933 0.6928 0.6923
2516.000000 0.6918 0.6913 0.6909 0.6903 0.6898
2521.000000 0.6893 0.6888 0.6883 0.6878 0.6873
2526.000000 0.6868 0.6863 0.6858 0.6852 0.6847
2531.000000 0.6843 0.6838 0.6833 0.6828 0.6823
2536.000000 0.6818 0.6813 0.6808 0.6803 0.6798
2541.000000 0.6793 0.6788 0.6783 0.6778 0.6773
2546.000000 0.6768 0.6763 0.6758 0.6753 0.6747
2551.000000 0.6741 0.6734 0.6728 0.6722 0.6716
2556.000000 0.6710 0.6704 0.6698 0.6692 0.6686
2561.000000 0.6679 0.6673 0.6667 0.6661 0.6655
2566.000000 0.6649 0.6643 0.6637 0.6632 0.6626
2571.000000 0.6620 0.6615 0.6610 0.6605 0.6600
2576.000000 0.6595 0.6591 0.6586 0.6582 0.6577
2581.000000 0.6573 0.6568 0.6563 0.6558 0.6554
2586.000000 0.6549 0.6544 0.6539 0.6535 0.6531
2591.000000 0.6526 0.6521 0.6516 0.6512 0.6507
2596.000000 0.6503 0.6498 0.6493 0.6488 0.6481
2601.000000 0.6474 0.6467 0.6460 0.6453 0.6446
2606.000000 0.6439 0.6432 0.6425 0.6418 0.6411
2611.000000 0.6404 0.6397 0.6390 0.6383 0.6376
2616.000000 0.6369 0.6362 0.6355 0.6348 0.6341
2621.000000 0.6335 0.6329 0.6322 0.6318 0.6314
2626.000000 0.6311 0.6307 0.6304 0.6301 0.6300
2631.000000 0.6298 0.6297 0.6295 0.6294 0.6293
2636.000000 0.6291 0.6290 0.6288 0.6287 0.6285
2641.000000 0.6284 0.6283 0.6281 0.6280 0.6278
2646.000000 0.6277 0.6275 0.6274 0.6269 0.6261
2651.000000 0.6254 0.6246 0.6237 0.6228 0.6218
2656.000000 0.6208 0.6196 0.6180 0.6164 0.6148
2661.000000 0.6132 0.6116 0.6100 0.6084 0.6068
2666.000000 0.6051 0.6034 0.6017 0.6004 0.5991
2671.000000 0.5979 0.5979 0.5979 0.5978 0.5978
2676.000000 0.5978 0.5977 0.5977 0.5977 0.5976
2681.000000 0.5975 0.5975 0.5974 0.5974 0.5974
2686.000000 0.5974 0.5975 0.5975 0.5977 0.5978
2691.000000 0.5979 0.5980 0.5982 0.5983 0.5984
2696.000000 0.5985 0.5986 0.5987 0.5988 0.5989
2701.000000 0.5990 0.5991 0.5992 0.5992 0.5992
2706.000000 0.5993 0.5993 0.5993 0.5993 0.5993
2711.000000 0.5993 0.5994 0.5994 0.5994 0.5994
2716.000000 0.5994 0.5994 0.5994 0.5994 0.5994
2721.000000 0.5995 0.5995 0.5995 0.5995 0.5995
2726.000000 0.5995 0.5996 0.5996 0.5996 0.5997
2731.000000 0.5997 0.5997 0.5997 0.5997 0.5997
2736.000000 0.5998 0.5998 0.5998 0.5998 0.5998
2741.000000 0.5998 0.5999 0.5999 0.5999 0.5998
2746.000000 0.5997 0.5996 0.5993 0.5989 0.5985
2751.000000 0.5981 0.5977 0.5974 0.5967 0.5960
2756.000000 0.5952 0.5943 0.5934 0.5924 0.5914
2761.000000 0.5905 0.5895 0.5880 0.5861 0.5842
2766.000000 0.5822 0.5801 0.5780 0.5759 0.5738
2771.000000 0.5717 0.5695 0.5672 0.5648 0.5624
2776.000000 0.5601 0.5577 0.5553 0.5529 0.5505
2781.000000 0.5480 0.5443 0.5407 0.5370 0.5323
2786.000000 0.5276 0.5230 0.5197 0.5165 0.5133
2791.000000 0.5107 0.5083 0.5059 0.5031 0.5001
2796.000000 0.4972 0.4899 0.4794 0.4688 0.4583
2801.000000 0.4478 0.4373 0.4268 0.4164 0.4059
2806.000000 0.3954 0.3850 0.3746 0.3641 0.3537
2811.000000 0.3432 0.3328 0.3224 0.3120 0.3016
2816.000000 0.2913 0.2809 0.2705 0.2602 0.2498
2821.000000 0.2394 0.2290 0.2187 0.2084 0.1972
2826.000000 0.1809 0.1646 0.1482 0.1440 0.1404
2831.000000 0.1369 0.1344 0.1323 0.1302 0.1281
2836.000000 0.1261 0.1240 0.1222 0.1211 0.1200
2841.000000 0.1189 0.1178 0.1168 0.1157 0.1149
2846.000000 0.1142 0.1134 0.1130 0.1127 0.1124
2851.000000 0.1121 0.1119 0.1116 0.1113 0.1110
2856.000000 0.1107 0.1104 0.1101 0.1098 0.1096
2861.000000 0.1094 0.1093 0.1091 0.1090 0.1089
2866.000000 0.1088 0.1087 0.1086 0.1084 0.1083
2871.000000 0.1078 0.1073 0.1068 0.1062 0.1057
2876.000000 0.1051 0.1046 0.1042 0.1039 0.1035
2881.000000 0.1032 0.1028 0.1025 0.1022 0.1019
2886.000000 0.1015 0.1012 0.1011 0.1010 0.1009
2891.000000 0.1009 0.1009 0.1009 0.1010 0.1010
2896.000000 0.1011 0.1012 0.1012 0.1012 0.1012
2901.000000 0.1013 0.1014 0.1014 0.1015 0.1016
2906.000000 0.1017 0.1019 0.1020 0.1022 0.1024
2911.000000 0.1025 0.1027 0.1028 0.1030 0.1031
2916.000000 0.1033 0.1034 0.1036 0.1038 0.1040
2921.000000 0.1042 0.1045 0.1048 0.1051 0.1053
2926.000000 0.1056 0.1059 0.1062 0.1065 0.1068
2931.000000 0.1071 0.1074 0.1077 0.1080 0.1086
2936.000000 0.1093 0.1099 0.1107 0.1115 0.1124
2941.000000 0.1132 0.1144 0.1157 0.1170 0.1183
2946.000000 0.1196 0.1209 0.1222 0.1234 0.1245
2951.000000 0.1257 0.1269 0.1283 0.1297 0.1310
2956.000000 0.1332 0.1354 0.1377 0.1406 0.1445
2961.000000 0.1483 0.1522 0.1595 0.1672 0.1748
2966.000000 0.1824 0.1900 0.1976 0.2051 0.2127
2971.000000 0.2203 0.2278 0.2354 0.2429 0.2505
2976.000000 0.2580 0.2655 0.2731 0.2806 0.2881
2981.000000 0.2957 0.3032 0.3107 0.3182 0.3257
2986.000000 0.3332 0.3407 0.3482 0.3557 0.3631
2991.000000 0.3690 0.3736 0.3783 0.3829 0.3861
2996.000000 0.3893 0.3924 0.3957 0.3989 0.4022
3001.000000 0.4055 0.4079 0.4101 0.4123 0.4144
3006.000000 0.4163 0.4182 0.4201 0.4219 0.4238
3011.000000 0.4257 0.4276 0.4285 0.4295 0.4304
3016.000000 0.4313 0.4321 0.4330 0.4338 0.4346
3021.000000 0.4354 0.4362 0.4370 0.4378 0.4386
3026.000000 0.4393 0.4401 0.4409 0.4417 0.4425
3031.000000 0.4433 0.4441 0.4449 0.4457 0.4464
3036.000000 0.4472 0.4479 0.4486 0.4491 0.4496
3041.000000 0.4502 0.4506 0.4511 0.4516 0.4520
3046.000000 0.4525 0.4530 0.4535 0.4539 0.4541
3051.000000 0.4544 0.4546 0.4548 0.4549 0.4550
3056.000000 0.4551 0.4553 0.4554 0.4555 0.4557
3061.000000 0.4558 0.4559 0.4560 0.4561 0.4562
3066.000000 0.4563 0.4564 0.4565 0.4567 0.4568
3071.000000 0.4569 0.4570 0.4570 0.4570 0.4570
3076.000000 0.4582 0.4571 0.4571 0.4571 0.4571
3081.000000 0.4571 0.4571 0.4571 0.4571 0.4571
3086.000000 0.4571 0.4571 0.4571 0.4571 0.4571
3091.000000 0.4571 0.4571 0.4571 0.4571 0.4570
3096.000000 0.4569 0.4569 0.4568 0.4566 0.4564
3101.000000 0.4561 0.4559 0.4557 0.4554 0.4552
3106.000000 0.4550 0.4547 0.4545 0.4543 0.4540
3111.000000 0.4538 0.4535 0.4532 0.4530 0.4528
3116.000000 0.4525 0.4523 0.4520 0.4518 0.4515
3121.000000 0.4513 0.4510 0.4508 0.4505 0.4503
3126.000000 0.4498 0.4493 0.4489 0.4484 0.4478
3131.000000 0.4472 0.4466 0.4459 0.4453 0.4447
3136.000000 0.4441 0.4435 0.4429 0.4423 0.4417
3141.000000 0.4411 0.4405 0.4399 0.4392 0.4386
3146.000000 0.4378 0.4371 0.4363 0.4355 0.4345
3151.000000 0.4335 0.4325 0.4315 0.4306 0.4296
3156.000000 0.4286 0.4276 0.4266 0.4257 0.4247
3161.000000 0.4237 0.4227 0.4218 0.4208 0.4198
3166.000000 0.4188 0.4179 0.4169 0.4159 0.4150
3171.000000 0.4141 0.4131 0.4122 0.4113 0.4103
3176.000000 0.4094 0.4085 0.4076 0.4067 0.4058
3181.000000 0.4048 0.4039 0.4030 0.4020 0.4011
3186.000000 0.4002 0.3993 0.3984 0.3974 0.3965
3191.000000 0.3956 0.3947 0.3938 0.3929 0.3920
3196.000000 0.3911 0.3902 0.3893 0.3884 0.3875
3201.000000 0.3866 0.3856 0.3847 0.3838 0.3829
3206.000000 0.3819 0.3810 0.3801 0.3792 0.3783
3211.000000 0.3774 0.3765 0.3756 0.3747 0.3737
3216.000000 0.3728 0.3719 0.3710 0.3701 0.3692
3221.000000 0.3682 0.3673 0.3664 0.3655 0.3646
3226.000000 0.3637 0.3628 0.3618 0.3609 0.3600
3231.000000 0.3591 0.3582 0.3572 0.3563 0.3554
3236.000000 0.3544 0.3535 0.3526 0.3516 0.3507
3241.000000 0.3498 0.3489 0.3479 0.3469 0.3460
3246.000000 0.3450 0.3440 0.3430 0.3419 0.3409
3251.000000 0.3398 0.3388 0.3377 0.3367 0.3357
3256.000000 0.3346 0.3336 0.3326 0.3315 0.3305
3261.000000 0.3294 0.3284 0.3274 0.3264 0.3253
3266.000000 0.3243 0.3233 0.3223 0.3213 0.3203
3271.000000 0.3193 0.3183 0.3173 0.3164 0.3154
3276.000000 0.3145 0.3135 0.3126 0.3116 0.3107
3281.000000 0.3097 0.3087 0.3078 0.3068 0.3059
3286.000000 0.3049 0.3040 0.3030 0.3021 0.3011
3291.000000 0.3001 0.2991 0.2981 0.2971 0.2960
3296.000000 0.2950 0.2939 0.2929 0.2919 0.2908
3301.000000 0.2898 0.2888 0.2876 0.2863 0.2851
3306.000000 0.2838 0.2825 0.2808 0.2792 0.2776
3311.000000 0.2760 0.2742 0.2725 0.2707 0.2689
3316.000000 0.2670 0.2649 0.2628 0.2608 0.2587
3321.000000 0.2562 0.2537 0.2511 0.2486 0.2464
3326.000000 0.2444 0.2424 0.2403 0.2383 0.2363
3331.000000 0.2343 0.2323 0.2303 0.2284 0.2265
3336.000000 0.2246 0.2227 0.2209 0.2192 0.2174
3341.000000 0.2157 0.2140 0.2123 0.2105 0.2088
3346.000000 0.2071 0.2054 0.2036 0.2018 0.2001
3351.000000 0.1983 0.1969 0.1955 0.1942 0.1928
3356.000000 0.1918 0.1915 0.1912 0.1910 0.1907
3361.000000 0.1904 0.1901 0.1898 0.1896 0.1893
3366.000000 0.1892 0.1891 0.1889 0.1888 0.1889
3371.000000 0.1890 0.1892 0.1893 0.1886 0.1896
3376.000000 0.1897 0.1899 0.1900 0.1902 0.1903
3381.000000 0.1905 0.1907 0.1909 0.1916 0.1924
3386.000000 0.1931 0.1939 0.1946 0.1953 0.1961
3391.000000 0.1968 0.1976 0.1983 0.1992 0.2000
3396.000000 0.2008 0.2016 0.2024 0.2032 0.2040
3401.000000 0.2049 0.2058 0.2068 0.2078 0.2088
3406.000000 0.2099 0.2109 0.2119 0.2130 0.2140
3411.000000 0.2151 0.2163 0.2174 0.2186 0.2198
3416.000000 0.2216 0.2238 0.2259 0.2280 0.2301
3421.000000 0.2323 0.2344 0.2366 0.2387 0.2409
3426.000000 0.2432 0.2454 0.2477 0.2499 0.2515
3431.000000 0.2527 0.2538 0.2550 0.2562 0.2587
3436.000000 0.2612 0.2638 0.2664 0.2694 0.2739
3441.000000 0.2784 0.2830 0.2875 0.2920 0.2965
3446.000000 0.3010 0.3055 0.3100 0.3145 0.3190
3451.000000 0.3235 0.3281 0.3326 0.3371 0.3415
3456.000000 0.3460 0.3505 0.3550 0.3594 0.3639
3461.000000 0.3684 0.3729 0.3773 0.3818 0.3863
3466.000000 0.3908 0.3952 0.3997 0.4041 0.4086
3471.000000 0.4130 0.4175 0.4219 0.4263 0.4308
3476.000000 0.4352 0.4396 0.4441 0.4485 0.4529
3481.000000 0.4574 0.4618 0.4662 0.4706 0.4750
3486.000000 0.4794 0.4838 0.4882 0.4926 0.4970
3491.000000 0.5014 0.5058 0.5102 0.5146 0.5190
3496.000000 0.5234 0.5278 0.5322 0.5366 0.5409
3501.000000 0.5453 0.5497 0.5540 0.5584 0.5627
3506.000000 0.5671 0.5703 0.5730 0.5758 0.5785
3511.000000 0.5812 0.5848 0.5887 0.5926 0.5965
3516.000000 0.6004 0.6022 0.6035 0.6049 0.6062
3521.000000 0.6076 0.6089 0.6103 0.6117 0.6131
3526.000000 0.6144 0.6156 0.6168 0.6179 0.6191
3531.000000 0.6203 0.6211 0.6218 0.6226 0.6233
3536.000000 0.6241 0.6249 0.6256 0.6264 0.6271
3541.000000 0.6279 0.6286 0.6294 0.6302 0.6309
3546.000000 0.6317 0.6320 0.6323 0.6326 0.6328
3551.000000 0.6331 0.6334 0.6337 0.6339 0.6342
3556.000000 0.6345 0.6347 0.6349 0.6350 0.6352
3561.000000 0.6354 0.6355 0.6356 0.6357 0.6357
3566.000000 0.6358 0.6359 0.6360 0.6361 0.6361
3571.000000 0.6362 0.6363 0.6363 0.6364 0.6364
3576.000000 0.6364 0.6365 0.6365 0.6365 0.6365
3581.000000 0.6365 0.6364 0.6364 0.6363 0.6363
3586.000000 0.6362 0.6354 0.6361 0.6360 0.6360
3591.000000 0.6359 0.6358 0.6358 0.6357 0.6357
3596.000000 0.6356 0.6356 0.6355 0.6354 0.6354
3601.000000 0.6353 0.6353 0.6352 0.6352 0.6351
3606.000000 0.6350 0.6350 0.6349 0.6349 0.6348
3611.000000 0.6347 0.6347 0.6346 0.6344 0.6343
3616.000000 0.6341 0.6339 0.6337 0.6336 0.6334
3621.000000 0.6332 0.6331 0.6329 0.6327 0.6325
3626.000000 0.6324 0.6322 0.6320 0.6319 0.6317
3631.000000 0.6315 0.6313 0.6312 0.6310 0.6308
3636.000000 0.6306 0.6304 0.6302 0.6301 0.6299
3641.000000 0.6297 0.6295 0.6294 0.6292 0.6290
3646.000000 0.6287 0.6284 0.6282 0.6279 0.6277
3651.000000 0.6274 0.6272 0.6269 0.6267 0.6264
3656.000000 0.6262 0.6259 0.6257 0.6254 0.6251
3661.000000 0.6249 0.6246 0.6244 0.6242 0.6239
3666.000000 0.6236 0.6233 0.6230 0.6226 0.6223
3671.000000 0.6220 0.6216 0.6213 0.6209 0.6206
3676.000000 0.6202 0.6199 0.6195 0.6192 0.6188
3681.000000 0.6185 0.6181 0.6178 0.6174 0.6171
3686.000000 0.6168 0.6165 0.6161 0.6158 0.6154
3691.000000 0.6151 0.6147 0.6144 0.6140 0.6137
3696.000000 0.6134 0.6131 0.6127 0.6124 0.6120
3701.000000 0.6117 0.6113 0.6110 0.6106 0.6103
3706.000000 0.6100 0.6096 0.6093 0.6089 0.6086
3711.000000 0.6083 0.6079 0.6076 0.6073 0.6070
3716.000000 0.6066 0.6063 0.6059 0.6056 0.6052
3721.000000 0.6049 0.6045 0.6042 0.6038 0.6034
3726.000000 0.6031 0.6027 0.6024 0.6021 0.6017
3731.000000 0.6014 0.6010 0.6007 0.6003 0.6000
3736.000000 0.5997 0.5993 0.5990 0.5986 0.5983
3741.000000 0.5980 0.5976 0.5973 0.5969 0.5966
3746.000000 0.5963 0.5959 0.5956 0.5953 0.5949
3751.000000 0.5946 0.5942 0.5939 0.5936 0.5932
3756.000000 0.5929 0.5926 0.5922 0.5919 0.5915
3761.000000 0.5912 0.5909 0.5905 0.5902 0.5899
3766.000000 0.5896 0.5893 0.5891 0.5888 0.5885
3771.000000 0.5883 0.5880 0.5878 0.5875 0.5873
3776.000000 0.5871 0.5868 0.5866 0.5863 0.5861
3781.000000 0.5858 0.5856 0.5853 0.5851 0.5848
3786.000000 0.5845 0.5843 0.5840 0.5838 0.5835
3791.000000 0.5833 0.5830 0.5828 0.5826 0.5823
3796.000000 0.5820 0.5818 0.5815 0.5813 0.5810
3801.000000 0.5808 0.5805 0.5803 0.5800 0.5798
3806.000000 0.5795 0.5793 0.5790 0.5788 0.5785
3811.000000 0.5782 0.5780 0.5777 0.5774 0.5771
3816.000000 0.5769 0.5766 0.5763 0.5761 0.5758
3821.000000 0.5756 0.5753 0.5750 0.5748 0.5745
3826.000000 0.5742 0.5740 0.5737 0.5734 0.5731
3831.000000 0.5729 0.5726 0.5723 0.5720 0.5718
3836.000000 0.5715 0.5713 0.5710 0.5708 0.5705
3841.000000 0.5702 0.5700 0.5697 0.5694 0.5692
3846.000000 0.5689 0.5686 0.5684 0.5681 0.5679
3851.000000 0.5676 0.5674 0.5671 0.5668 0.5666
3856.000000 0.5663 0.5660 0.5658 0.5655 0.5652
3861.000000 0.5650 0.5647 0.5644 0.5641 0.5639
3866.000000 0.5636 0.5633 0.5631 0.5628 0.5625
3871.000000 0.5622 0.5619 0.5616 0.5613 0.5610
3876.000000 0.5607 0.5605 0.5602 0.5599 0.5596
3881.000000 0.5593 0.5590 0.5587 0.5584 0.5582
3886.000000 0.5579 0.5576 0.5573 0.5570 0.5567
3891.000000 0.5564 0.5561 0.5558 0.5555 0.5552
3896.000000 0.5549 0.5546 0.5543 0.5540 0.5537
3901.000000 0.5534 0.5531 0.5529 0.5526 0.5523
3906.000000 0.5520 0.5517 0.5514 0.5511 0.5508
3911.000000 0.5506 0.5503 0.5500 0.5497 0.5494
3916.000000 0.5491 0.5488 0.5485 0.5482 0.5479
3921.000000 0.5477 0.5474 0.5471 0.5468 0.5465
3926.000000 0.5463 0.5460 0.5457 0.5454 0.5451
3931.000000 0.5448 0.5445 0.5442 0.5439 0.5436
3936.000000 0.5433 0.5431 0.5428 0.5425 0.5422
3941.000000 0.5419 0.5416 0.5413 0.5410 0.5408
3946.000000 0.5405 0.5402 0.5399 0.5397 0.5394
3951.000000 0.5391 0.5388 0.5385 0.5382 0.5380
3956.000000 0.5377 0.5374 0.5371 0.5368 0.5365
3961.000000 0.5362 0.5359 0.5357 0.5354 0.5351
3966.000000 0.5348 0.5345 0.5342 0.5339 0.5337
3971.000000 0.5334 0.5331 0.5329 0.5326 0.5323
3976.000000 0.5320 0.5318 0.5315 0.5312 0.5309
3981.000000 0.5306 0.5304 0.5303 0.5301 0.5299
3986.000000 0.5297 0.5295 0.5293 0.5292 0.5291
3991.000000 0.5289 0.5288 0.5286 0.5285 0.5284
3996.000000 0.5282 0.5281 0.5279 0.5278 0.5277
##END=
