##TITLE=1-Dodecanol acetate
##JCAMP-DX=4.24
##DATA TYPE=INFRARED SPECTRUM
##ORIGIN=NIST Mass Spectrometry Data Center
##OWNER=NIST Standard Reference Data Program
Collection (C) 2018 copyright by the U.S. Secretary of Commerce
on behalf of the United States of America. All rights reserved.
##CAS REGISTRY NO=112-66-3
##MOLFORM=C 14 H 28 O 2
##$NIST SOURCE=MSDC-IR
##SPECTROMETER/DATA SYSTEM=HP-GC/MS/IRD
##STATE=gas
##XUNITS=1/CM
##YUNITS=ABSORBANCE
##XFACTOR=1.0
##YFACTOR=0.000006000
##DELTAX=4.0
##FIRSTX=550.0
##LASTX=3846.0
##FIRSTY=0.000150
##MAXX=3846
##MINX=550
##MAXY=0.06
##MINY=0
##NPOINTS=825
##XYDATA=(X++(Y..Y))
550.0 25 33 22 3 2 12 12 14 42 56
590.0 57 81 108 142 164 164 156 149 161 196
630.0 212 206 193 171 140 105 74 57 49 38
670.0 32 37 42 43 46 55 67 76 94 114
710.0 134 162 182 184 172 166 158 142 139 128
750.0 117 115 112 110 110 106 105 104 98 99
790.0 102 107 110 111 109 117 129 133 136 140
830.0 145 150 155 161 166 172 177 172 171 177
870.0 177 179 180 180 184 186 183 180 178 178
910.0 176 178 183 191 201 209 220 228 233 245
950.0 260 272 285 295 305 316 324 326 327 340
990.0 366 403 468 560 680 815 963 1122 1277 1411
1030.0 1520 1603 1643 1641 1595 1521 1429 1332 1249 1169
1070.0 1097 1032 964 888 808 721 632 549 478 410
1110.0 359 322 297 273 249 228 216 209 203 202
1150.0 205 214 233 251 278 311 353 409 479 576
1190.0 712 899 1163 1528 2029 2711 3631 4842 6314 7793
1230.0 8775 8794 7848 6405 4985 3855 3046 2490 2090 1778
1270.0 1511 1284 1102 961 851 765 697 639 590 546
1310.0 502 460 423 397 384 380 390 423 481 558
1350.0 676 842 1072 1380 1652 1699 1509 1277 1139 1066
1390.0 990 868 709 565 465 396 359 347 350 368
1430.0 400 448 519 606 703 806 909 996 1033 1002
1470.0 904 754 605 481 388 323 276 242 216 192
1510.0 178 167 156 147 139 131 125 114 105 103
1550.0 105 102 95 95 97 92 89 86 85 84
1590.0 83 81 78 79 79 78 79 80 78 80
1630.0 80 78 82 87 89 89 92 101 105 107
1670.0 112 121 130 139 158 180 201 229 271 324
1710.0 386 470 573 701 860 1064 1340 1703 2162 2738
1750.0 3471 4349 5110 5230 4564 3608 2774 2120 1610 1216
1790.0 923 706 546 429 341 279 231 192 164 141
1830.0 123 110 100 93 85 80 77 72 68 64
1870.0 63 61 57 54 54 52 49 45 42 42
1910.0 40 37 34 36 36 31 29 31 31 27
1950.0 25 24 26 26 25 24 27 30 29 28
1990.0 28 27 32 37 36 35 35 38 42 41
2030.0 39 39 40 41 42 42 43 42 41 41
2070.0 42 40 37 37 38 38 37 35 34 33
2110.0 31 30 30 30 24 23 23 20 22 20
2150.0 16 14 16 16 14 13 13 10 8 11
2190.0 10 9 10 9 8 9 9 8 9 7
2230.0 2 4 4 4 3 5 4 0 0 2
2270.0 6 6 3 2 3 6 4 3 6 7
2310.0 7 4 2 3 3 2 3 3 3 2
2350.0 1 0 0 0 0 2 3 0 3 5
2390.0 4 4 5 5 5 10 9 7 9 9
2430.0 8 9 11 15 12 14 17 17 16 14
2470.0 13 12 12 10 8 9 10 13 13 10
2510.0 11 12 12 12 16 20 20 19 15 15
2550.0 19 20 17 20 24 25 26 26 30 33
2590.0 34 38 42 41 43 47 49 49 53 55
2630.0 55 58 59 60 65 71 72 78 80 81
2670.0 83 87 97 98 98 98 97 95 92 89
2710.0 86 89 96 97 97 104 107 110 117 118
2750.0 121 122 118 122 133 137 145 158 172 183
2790.0 201 221 240 263 290 318 350 391 439 500
2830.0 573 666 799 996 1301 1772 2425 3148 3650 3718
2870.0 3430 3018 2667 2440 2299 2231 2278 2464 2787 3232
2910.0 3811 4549 5529 6846 8371 9602 10000 9462 8305 6936
2950.0 5702 4816 4311 4068 3878 3528 2974 2373 1876 1498
2990.0 1210 988 812 682 586 512 452 412 381 347
3030.0 317 293 274 257 239 223 213 199 184 176
3070.0 168 157 151 141 132 125 121 111 106 104
3110.0 93 85 84 80 76 72 64 58 54 51
3150.0 53 52 45 43 37 36 36 32 34 37
3190.0 33 29 29 31 25 21 18 14 11 8
3230.0 7 12 11 10 12 11 10 8 8 12
3270.0 11 9 6 5 6 5 7 7 6 5
3310.0 6 9 0 1 2 1 3 2 0 0
3350.0 1 6 7 4 7 12 9 7 8 5
3390.0 2 3 1 3 3 6 7 5 7 4
3430.0 1 2 7 9 7 6 11 9 10 16
3470.0 21 25 28 35 38 43 52 59 63 61
3510.0 57 47 44 40 23 15 19 19 15 14
3550.0 10 8 5 3 3 3 4 3 3 0
3590.0 3 10 10 7 7 6 5 7 14 19
3630.0 14 12 9 13 13 12 13 10 10 13
3670.0 8 6 11 12 9 8 13 11 7 12
3710.0 15 7 6 13 11 6 6 4 8 10
3750.0 2 4 11 12 16 14 10 12 12 14
3790.0 11 6 8 14 15 15 16 15 15 19
3830.0 20 16 10 15 19
##END=
