##TITLE=ALLYL-2,3,6-TRICHLOROPHENYL ETHER
##JCAMP-DX=4.24
##DATA TYPE=INFRARED SPECTRUM
##CLASS=COBLENTZ
##ORIGIN=DOW CHEMICAL COMPANY
##OWNER=COBLENTZ SOCIETY
Collection (C) 2018 copyright by the U.S. Secretary of Commerce
on behalf of the United States of America. All rights reserved.
##DATE=Not specified, most likely prior to 1970
##NAMES=allyl 2,3,6-trichlorophenyl ether
2-(allyloxy)-1,3,4-trichlorobenzene
##CAS REGISTRY NO=116435-14-4
##MOLFORM=C9 H7 Cl3 O
##SOURCE REFERENCE=COBLENTZ NO. 3988
##$NIST SOURCE=COBLENTZ
##$NIST IMAGE=cob3988
##SPECTROMETER/DATA SYSTEM=Not specified, most likely a prism, grating, or hybrid spectrometer.
##STATE=SOLUTION (10% CCl4 FOR 5000-1300, 10% CS2 FOR 1300-625 CM^-^1)
##PATH LENGTH=0.011 CM, 0.011 CM
$$SPECTRAL CONTAMINATION DUE TO CCl4 AROUND 1550 CM^-^1
##SAMPLING PROCEDURE=TRANSMISSION
##RESOLUTION=4
##DATA PROCESSING=DIGITIZED BY NIST FROM HARD COPY
##XUNITS=MICROMETERS
##YUNITS=TRANSMITTANCE
##XFACTOR=1.000000
##YFACTOR=1
##DELTAX=000.006780
##FIRSTX=2.041
##LASTX=15.8981
##FIRSTY=0.869
##MAXX=15.8981
##MINX=2.041
##MAXY=0.932
##MINY=0.032
##NPOINTS=2045
##XYDATA=(X++(Y..Y))
2.041000 0.8690 0.8710 0.8710 0.8710 0.8710
2.074915 0.8710 0.8710 0.8690 0.8690 0.8680
2.108000 0.8680 0.8680 0.8680 0.8690 0.8690
2.141915 0.8690 0.8690 0.8710 0.8710 0.8730
2.176000 0.8730 0.8730 0.8730 0.8730 0.8730
2.209915 0.8690 0.8710 0.8710 0.8730 0.8730
2.244000 0.8710 0.8690 0.8690 0.8690 0.8690
2.277915 0.8690 0.8690 0.8690 0.8710 0.8760
2.312000 0.8780 0.8780 0.8780 0.8740 0.8730
2.345915 0.8710 0.8710 0.8710 0.8730 0.8740
2.380000 0.8760 0.8760 0.8760 0.8760 0.8780
2.413915 0.8780 0.8780 0.8790 0.8810 0.8840
2.447000 0.8840 0.8830 0.8790 0.8780 0.8760
2.480915 0.8760 0.8790 0.8810 0.8830 0.8830
2.515000 0.8840 0.8840 0.8840 0.8860 0.8860
2.548915 0.8860 0.8840 0.8830 0.8830 0.8810
2.583000 0.8810 0.8790 0.8790 0.8780 0.8790
2.616915 0.8810 0.8830 0.8880 0.8880 0.8900
2.651000 0.8910 0.8910 0.8900 0.8900 0.8880
2.684915 0.8860 0.8840 0.8830 0.8810 0.8810
2.719000 0.8810 0.8810 0.8810 0.8810 0.8790
2.752915 0.8780 0.8760 0.8730 0.8710 0.8690
2.786000 0.8680 0.8660 0.8620 0.8570 0.8560
2.819915 0.8490 0.8440 0.8420 0.8420 0.8460
2.854000 0.8510 0.8520 0.8590 0.8590 0.8610
2.887915 0.8620 0.8620 0.8610 0.8610 0.8590
2.922000 0.8570 0.8570 0.8560 0.8540 0.8540
2.955915 0.8510 0.8510 0.8490 0.8490 0.8470
2.990000 0.8460 0.8440 0.8420 0.8420 0.8400
3.023915 0.8400 0.8390 0.8390 0.8350 0.8340
3.058000 0.8320 0.8320 0.8320 0.8320 0.8320
3.091915 0.8300 0.8300 0.8300 0.8300 0.8290
3.125000 0.8290 0.8290 0.8290 0.8290 0.8270
3.158915 0.8270 0.8250 0.8240 0.8200 0.8200
3.193000 0.8180 0.8170 0.8030 0.7910 0.7860
3.226915 0.7800 0.7690 0.7630 0.7590 0.7580
3.261000 0.7610 0.7690 0.7810 0.7930 0.7980
3.294915 0.7980 0.7950 0.7900 0.7830 0.7760
3.329000 0.7690 0.7680 0.7680 0.7640 0.7610
3.362915 0.7560 0.7510 0.7460 0.7320 0.7270
3.397000 0.7200 0.7170 0.7190 0.7410 0.7470
3.430915 0.7590 0.7610 0.7610 0.7610 0.7510
3.464000 0.7510 0.7610 0.7760 0.7850 0.7960
3.497915 0.8050 0.8250 0.8370 0.8420 0.8440
3.532000 0.8470 0.8470 0.8490 0.8490 0.8510
3.565915 0.8560 0.8620 0.8640 0.8660 0.8680
3.600000 0.8710 0.8740 0.8780 0.8790 0.8790
3.633915 0.8810 0.8790 0.8790 0.8760 0.8780
3.668000 0.8810 0.8830 0.8840 0.8830 0.8830
3.701915 0.8790 0.8810 0.8840 0.8840 0.8860
3.736000 0.8860 0.8860 0.8880 0.8900 0.8910
3.769915 0.8910 0.8910 0.8910 0.8910 0.8930
3.803000 0.8950 0.8950 0.8950 0.8960 0.8960
3.836915 0.8980 0.8980 0.9000 0.9000 0.9000
3.871000 0.9000 0.9000 0.9000 0.9000 0.9000
3.904915 0.9000 0.9000 0.8980 0.8980 0.8980
3.939000 0.9000 0.9000 0.9000 0.9000 0.8960
3.972915 0.8930 0.8930 0.8910 0.8910 0.8910
4.007000 0.8950 0.8980 0.9000 0.9010 0.9010
4.040915 0.9010 0.9010 0.9010 0.9030 0.9050
4.075000 0.9060 0.9080 0.9080 0.9080 0.9100
4.108915 0.9100 0.9100 0.9100 0.9100 0.9080
4.142000 0.9080 0.9080 0.9080 0.9080 0.9080
4.175915 0.9080 0.9100 0.9120 0.9100 0.9060
4.210000 0.9030 0.8960 0.8950 0.8950 0.8930
4.243915 0.8910 0.8910 0.8910 0.8900 0.8900
4.278000 0.8900 0.8880 0.8880 0.8880 0.8900
4.311915 0.8900 0.8880 0.8880 0.8880 0.8860
4.346000 0.8860 0.8860 0.8880 0.8900 0.8910
4.379915 0.8930 0.8950 0.8960 0.8980 0.9000
4.414000 0.9010 0.9030 0.9050 0.9050 0.9060
4.447915 0.9120 0.9130 0.9150 0.9220 0.9280
4.481000 0.9250 0.9220 0.9250 0.9250 0.9280
4.514915 0.9300 0.9300 0.9280 0.9220 0.9230
4.549000 0.9300 0.9320 0.9220 0.9220 0.9280
4.582915 0.9300 0.9320 0.9320 0.9320 0.9320
4.617000 0.9320 0.9300 0.9300 0.9270 0.9220
4.650915 0.9220 0.9230 0.9230 0.9230 0.9220
4.685000 0.9220 0.9230 0.9250 0.9250 0.9250
4.718915 0.9250 0.9230 0.9250 0.9300 0.9320
4.753000 0.9300 0.9230 0.9230 0.9230 0.9320
4.786915 0.9320 0.9320 0.9220 0.9220 0.9280
4.820000 0.9280 0.9280 0.9280 0.9200 0.9200
4.853915 0.9250 0.9270 0.9270 0.9280 0.9280
4.888000 0.9280 0.9280 0.9280 0.9270 0.9250
4.921915 0.9230 0.9220 0.9180 0.9180 0.9200
4.956000 0.9250 0.9220 0.9180 0.9150 0.9120
4.989915 0.9050 0.9030 0.9000 0.8980 0.8980
5.024000 0.8980 0.9000 0.9000 0.9010 0.9030
5.057915 0.9030 0.9030 0.9030 0.9050 0.9060
5.092000 0.9100 0.9120 0.9130 0.9150 0.9180
5.125915 0.9200 0.9280 0.9280 0.9280 0.9270
5.159000 0.9200 0.9200 0.9220 0.9280 0.9280
5.192915 0.9250 0.9200 0.9180 0.9180 0.9180
5.227000 0.9180 0.9200 0.9170 0.9120 0.9030
5.260915 0.8960 0.8900 0.8880 0.8840 0.8790
5.295000 0.8710 0.8640 0.8590 0.8520 0.8470
5.328915 0.8340 0.8320 0.8300 0.8320 0.8460
5.363000 0.8560 0.8660 0.8790 0.8810 0.8810
5.396915 0.8830 0.8840 0.8860 0.8900 0.8910
5.431000 0.8980 0.9000 0.9010 0.9030 0.9050
5.464915 0.9050 0.9080 0.9080 0.9100 0.9120
5.498000 0.9120 0.9130 0.9130 0.9130 0.9130
5.531915 0.9130 0.9120 0.9120 0.9120 0.9120
5.566000 0.9120 0.9120 0.9100 0.9100 0.9100
5.599915 0.9130 0.9130 0.9120 0.9120 0.9120
5.634000 0.9120 0.9100 0.9100 0.9080 0.9080
5.667915 0.9080 0.9080 0.9050 0.9030 0.9030
5.702000 0.9000 0.8980 0.8910 0.8900 0.8860
5.735915 0.8840 0.8830 0.8830 0.8830 0.8830
5.769000 0.8840 0.8900 0.8910 0.8960 0.9000
5.802915 0.9000 0.9000 0.9010 0.9010 0.9010
5.837000 0.9000 0.9000 0.9000 0.8980 0.8960
5.870915 0.8960 0.8950 0.8910 0.8900 0.8900
5.905000 0.8900 0.8880 0.8860 0.8830 0.8790
5.938915 0.8780 0.8760 0.8760 0.8740 0.8740
5.973000 0.8710 0.8690 0.8660 0.8640 0.8610
6.006915 0.8470 0.8440 0.8350 0.8250 0.8130
6.041000 0.8070 0.7980 0.7930 0.7930 0.8000
6.074915 0.8130 0.8290 0.8340 0.8400 0.8420
6.108000 0.8440 0.8440 0.8440 0.8400 0.8370
6.141915 0.8300 0.8250 0.8170 0.8070 0.7960
6.176000 0.7850 0.7740 0.7660 0.7580 0.7290
6.209915 0.7200 0.7190 0.7120 0.6930 0.6800
6.244000 0.6610 0.6480 0.6310 0.6150 0.6040
6.277915 0.6000 0.5900 0.5800 0.5760 0.5710
6.312000 0.5680 0.5610 0.5530 0.5410 0.5220
6.345915 0.5020 0.4820 0.4600 0.4330 0.4210
6.380000 0.4060 0.3950 0.3940 0.3950 0.4010
6.413915 0.4060 0.4140 0.4170 0.4230 0.4290
6.447000 0.4310 0.4430 0.4510 0.4700 0.4830
6.480915 0.4890 0.5260 0.5460 0.5560 0.5700
6.515000 0.5780 0.5820 0.5880 0.5920 0.6000
6.548915 0.6020 0.6070 0.6100 0.6190 0.6220
6.583000 0.6310 0.6360 0.6460 0.6560 0.6860
6.616915 0.6970 0.7100 0.7220 0.7300 0.7340
6.651000 0.7420 0.7510 0.7540 0.7580 0.7560
6.684915 0.7520 0.7410 0.7300 0.7240 0.7140
6.719000 0.7020 0.6900 0.6810 0.6700 0.6560
6.752915 0.6460 0.6270 0.6020 0.5800 0.5510
6.786000 0.5160 0.4820 0.4800 0.4230 0.3840
6.819915 0.3630 0.3400 0.3160 0.2910 0.2600
6.854000 0.2310 0.1970 0.1600 0.1350 0.1150
6.887915 0.1010 0.0840 0.0810 0.0820 0.1110
6.922000 0.1470 0.1960 0.2470 0.2920 0.3350
6.955915 0.3630 0.3820 0.3890 0.3900 0.3850
6.990000 0.3770 0.3730 0.3600 0.3580 0.3620
7.023915 0.3920 0.4310 0.4610 0.4780 0.4830
7.058000 0.4830 0.4700 0.4430 0.4060 0.3630
7.091915 0.3230 0.2910 0.2520 0.2130 0.1910
7.125000 0.1700 0.1530 0.1530 0.1810 0.2250
7.158915 0.2920 0.3750 0.4390 0.5020 0.5360
7.193000 0.5800 0.6320 0.6480 0.6610 0.6630
7.226915 0.6610 0.6480 0.6320 0.6050 0.5730
7.261000 0.5430 0.5050 0.4770 0.4410 0.4140
7.294915 0.4020 0.4120 0.4360 0.4670 0.4900
7.329000 0.4990 0.4990 0.4830 0.3990 0.3850
7.362915 0.3510 0.3130 0.2890 0.2790 0.2790
7.397000 0.3400 0.4160 0.4870 0.5630 0.6020
7.430915 0.6530 0.7020 0.7520 0.7740 0.7830
7.464000 0.7910 0.7980 0.8020 0.8100 0.8180
7.497915 0.8240 0.8300 0.8340 0.8340 0.8320
7.532000 0.8320 0.8300 0.8290 0.8270 0.8270
7.565915 0.8270 0.8290 0.8290 0.8300 0.8320
7.600000 0.8320 0.8320 0.8340 0.8340 0.8320
7.633915 0.8290 0.8270 0.8220 0.8180 0.8120
7.668000 0.8070 0.8000 0.7950 0.7830 0.7730
7.701915 0.7660 0.7590 0.7520 0.7490 0.7420
7.736000 0.7410 0.7370 0.7320 0.7290 0.7240
7.769915 0.7150 0.7080 0.6970 0.6850 0.6700
7.803000 0.6560 0.6390 0.6270 0.6200 0.6070
7.836915 0.6020 0.5980 0.5930 0.5930 0.5920
7.871000 0.5920 0.5900 0.5880 0.5830 0.5760
7.904915 0.5680 0.5600 0.5530 0.5480 0.5440
7.939000 0.5430 0.5460 0.5490 0.5540 0.5580
7.972915 0.5610 0.5630 0.5610 0.5440 0.5220
8.007000 0.4970 0.4770 0.4610 0.4480 0.4340
8.040915 0.4260 0.4190 0.4110 0.4090 0.4070
8.075000 0.4070 0.4090 0.4110 0.4120 0.4140
8.108915 0.4170 0.4210 0.4330 0.4510 0.4770
8.142000 0.5050 0.5460 0.5850 0.6170 0.6490
8.175915 0.6780 0.7100 0.7360 0.7510 0.7630
8.210000 0.7680 0.7710 0.7730 0.7760 0.7800
8.243915 0.7810 0.7830 0.7830 0.7850 0.7850
8.278000 0.7830 0.7810 0.7800 0.7760 0.7730
8.311915 0.7710 0.7680 0.7640 0.7610 0.7540
8.346000 0.7490 0.7370 0.7200 0.7050 0.6850
8.379915 0.6610 0.6510 0.5820 0.5700 0.5480
8.414000 0.5290 0.4900 0.4510 0.4110 0.3720
8.447915 0.3460 0.3190 0.3020 0.3020 0.3180
8.481000 0.3550 0.3970 0.4450 0.4970 0.5480
8.514915 0.5930 0.6260 0.6460 0.6630 0.6760
8.549000 0.6970 0.7100 0.7200 0.7300 0.7340
8.582915 0.7390 0.7410 0.7420 0.7460 0.7470
8.617000 0.7490 0.7490 0.7490 0.7490 0.7510
8.650915 0.7510 0.7510 0.7510 0.7510 0.7510
8.685000 0.7510 0.7510 0.7490 0.7490 0.7470
8.718915 0.7410 0.7390 0.7320 0.7290 0.7250
8.753000 0.7200 0.7190 0.7120 0.7050 0.7000
8.786915 0.6970 0.6880 0.6810 0.6760 0.6700
8.820000 0.6660 0.6630 0.6630 0.6610 0.6630
8.853915 0.6640 0.6710 0.6800 0.6900 0.7000
8.888000 0.7020 0.7030 0.7050 0.7070 0.7070
8.921915 0.7070 0.7070 0.7050 0.7020 0.6970
8.956000 0.6810 0.6710 0.6560 0.6460 0.6360
8.989915 0.6140 0.5930 0.5730 0.5540 0.5380
9.024000 0.5320 0.5270 0.5240 0.5240 0.5290
9.057915 0.5390 0.5510 0.5660 0.5800 0.5870
9.092000 0.5930 0.6000 0.6020 0.6040 0.6050
9.125915 0.6090 0.6140 0.6190 0.6240 0.6310
9.159000 0.6390 0.6490 0.6530 0.6610 0.6660
9.192915 0.6760 0.6810 0.6860 0.6900 0.6920
9.227000 0.6920 0.6900 0.6880 0.6880 0.6900
9.260915 0.6920 0.7000 0.7030 0.7190 0.7250
9.295000 0.7340 0.7410 0.7490 0.7510 0.7540
9.328915 0.7560 0.7560 0.7560 0.7560 0.7540
9.363000 0.7540 0.7540 0.7540 0.7520 0.7510
9.396915 0.7510 0.7490 0.7490 0.7470 0.7460
9.431000 0.7420 0.7410 0.7410 0.7390 0.7390
9.464915 0.7360 0.7360 0.7360 0.7370 0.7390
9.498000 0.7410 0.7440 0.7460 0.7490 0.7490
9.531915 0.7510 0.7510 0.7510 0.7490 0.7470
9.566000 0.7420 0.7390 0.7340 0.7320 0.7300
9.599915 0.7250 0.7240 0.7200 0.7190 0.7150
9.634000 0.7140 0.7120 0.7120 0.7100 0.7080
9.667915 0.7070 0.7070 0.7050 0.7030 0.7030
9.702000 0.7020 0.7000 0.6980 0.6980 0.6920
9.735915 0.6900 0.6880 0.6830 0.6780 0.6730
9.769000 0.6700 0.6610 0.6590 0.6540 0.6420
9.802915 0.6320 0.6260 0.6170 0.6120 0.6020
9.837000 0.5970 0.5850 0.5730 0.5600 0.5510
9.870915 0.5360 0.5220 0.5120 0.4970 0.4800
9.905000 0.4560 0.4360 0.4170 0.4040 0.3850
9.938915 0.3570 0.3360 0.3130 0.2910 0.2650
9.973000 0.2450 0.2280 0.2180 0.1990 0.1820
10.006915 0.1670 0.1520 0.1470 0.1420 0.1310
10.041000 0.1230 0.1150 0.1090 0.0990 0.0890
10.074915 0.0810 0.0710 0.0620 0.0550 0.0500
10.108000 0.0450 0.0400 0.0380 0.0330 0.0330
10.141915 0.0320 0.0320 0.0330 0.0350 0.0430
10.176000 0.0540 0.0650 0.0710 0.0930 0.1110
10.209915 0.1500 0.1590 0.1810 0.2060 0.2410
10.244000 0.2700 0.2790 0.3160 0.3360 0.3570
10.277915 0.3800 0.4060 0.4330 0.4530 0.4730
10.312000 0.4870 0.5000 0.5160 0.5310 0.5460
10.345915 0.5610 0.5750 0.5830 0.5900 0.6000
10.380000 0.6020 0.6070 0.6190 0.6320 0.6420
10.413915 0.6510 0.6560 0.6610 0.6700 0.6800
10.447000 0.6880 0.6920 0.6950 0.6980 0.7000
10.480915 0.7000 0.7000 0.7000 0.7000 0.7000
10.515000 0.6980 0.6950 0.6920 0.6880 0.6810
10.548915 0.6760 0.6700 0.6610 0.6480 0.6320
10.583000 0.6260 0.6200 0.6000 0.5820 0.5610
10.616915 0.5390 0.5160 0.4940 0.4720 0.4460
10.651000 0.4230 0.3970 0.3700 0.3400 0.3140
10.684915 0.2910 0.2700 0.2530 0.2430 0.2360
10.719000 0.2310 0.2300 0.2280 0.2300 0.2330
10.752915 0.2400 0.2480 0.2520 0.2600 0.2650
10.786000 0.2690 0.2770 0.2840 0.2920 0.2960
10.819915 0.3020 0.3130 0.3240 0.3400 0.3600
10.854000 0.3840 0.4060 0.4290 0.4500 0.4680
10.887915 0.4820 0.5000 0.5120 0.5320 0.5480
10.922000 0.5610 0.5710 0.5830 0.6000 0.6050
10.955915 0.6140 0.6200 0.6270 0.6310 0.6360
10.990000 0.6410 0.6480 0.6530 0.6560 0.6590
11.023915 0.6590 0.6590 0.6590 0.6580 0.6560
11.058000 0.6530 0.6490 0.6460 0.6410 0.6390
11.091915 0.6310 0.6270 0.6200 0.6120 0.6050
11.125000 0.6020 0.5970 0.5900 0.5880 0.5850
11.158915 0.5830 0.5850 0.5850 0.5880 0.5900
11.193000 0.5980 0.6020 0.6070 0.6170 0.6200
11.226915 0.6220 0.6290 0.6320 0.6390 0.6460
11.261000 0.6490 0.6530 0.6580 0.6590 0.6630
11.294915 0.6680 0.6700 0.6710 0.6730 0.6750
11.329000 0.6750 0.6750 0.6730 0.6710 0.6700
11.362915 0.6700 0.6630 0.6590 0.6560 0.6540
11.397000 0.6460 0.6390 0.6320 0.6290 0.6270
11.430915 0.6220 0.6200 0.6190 0.6170 0.6140
11.464000 0.6120 0.6100 0.6100 0.6090 0.6050
11.497915 0.6020 0.6000 0.6000 0.5980 0.5980
11.532000 0.5970 0.5970 0.5970 0.5980 0.6000
11.565915 0.6000 0.6020 0.6040 0.6050 0.6070
11.600000 0.6100 0.6120 0.6140 0.6140 0.6150
11.633915 0.6170 0.6170 0.6190 0.6190 0.6200
11.668000 0.6200 0.6220 0.6240 0.6260 0.6270
11.701915 0.6290 0.6310 0.6340 0.6390 0.6410
11.736000 0.6490 0.6530 0.6590 0.6630 0.6700
11.769915 0.6780 0.6810 0.6850 0.6920 0.6980
11.803000 0.7050 0.7070 0.7120 0.7140 0.7190
11.836915 0.7200 0.7250 0.7290 0.7300 0.7320
11.871000 0.7340 0.7370 0.7390 0.7410 0.7420
11.904915 0.7420 0.7440 0.7440 0.7460 0.7470
11.939000 0.7470 0.7470 0.7470 0.7470 0.7470
11.972915 0.7470 0.7460 0.7460 0.7440 0.7420
12.007000 0.7410 0.7390 0.7390 0.7390 0.7370
12.040915 0.7360 0.7320 0.7300 0.7290 0.7270
12.075000 0.7250 0.7240 0.7220 0.7200 0.7200
12.108915 0.7190 0.7190 0.7170 0.7150 0.7120
12.142000 0.7100 0.7080 0.7080 0.7030 0.7000
12.175915 0.7000 0.6970 0.6930 0.6860 0.6780
12.210000 0.6660 0.6580 0.6530 0.6460 0.6360
12.243915 0.6260 0.6140 0.6020 0.5900 0.5800
12.278000 0.5610 0.5460 0.5260 0.5000 0.4850
12.311915 0.4550 0.4260 0.4010 0.3680 0.3410
12.346000 0.3060 0.2750 0.2310 0.1920 0.1820
12.379915 0.1550 0.1400 0.1180 0.0960 0.0770
12.414000 0.0570 0.0540 0.0450 0.0400 0.0330
12.447915 0.0320 0.0330 0.0400 0.0500 0.0620
12.481000 0.0740 0.1010 0.1300 0.1600 0.2010
12.514915 0.2310 0.2670 0.3060 0.3450 0.3750
12.549000 0.4040 0.4310 0.4560 0.4850 0.5050
12.582915 0.5210 0.5270 0.5710 0.5900 0.6140
12.617000 0.6200 0.6270 0.6340 0.6420 0.6510
12.650915 0.6610 0.6710 0.6830 0.6920 0.7020
12.685000 0.7080 0.7100 0.7120 0.7150 0.7170
12.718915 0.7190 0.7190 0.7200 0.7240 0.7290
12.753000 0.7300 0.7340 0.7390 0.7410 0.7420
12.786915 0.7440 0.7470 0.7510 0.7560 0.7610
12.820000 0.7610 0.7630 0.7640 0.7660 0.7680
12.853915 0.7690 0.7710 0.7730 0.7740 0.7760
12.888000 0.7780 0.7780 0.7800 0.7800 0.7810
12.921915 0.7810 0.7810 0.7830 0.7830 0.7850
12.956000 0.7860 0.7860 0.7860 0.7880 0.7880
12.989915 0.7880 0.7880 0.7860 0.7850 0.7850
13.024000 0.7830 0.7830 0.7830 0.7830 0.7810
13.057915 0.7810 0.7810 0.7810 0.7810 0.7810
13.092000 0.7810 0.7810 0.7830 0.7830 0.7850
13.125915 0.7850 0.7860 0.7860 0.7860 0.7880
13.159000 0.7880 0.7880 0.7900 0.7900 0.7900
13.192915 0.7910 0.7910 0.7900 0.7900 0.7880
13.227000 0.7880 0.7880 0.7860 0.7860 0.7850
13.260915 0.7830 0.7800 0.7780 0.7760 0.7740
13.295000 0.7710 0.7690 0.7680 0.7680 0.7640
13.328915 0.7630 0.7590 0.7560 0.7520 0.7510
13.363000 0.7470 0.7420 0.7390 0.7360 0.7320
13.396915 0.7250 0.7190 0.7170 0.7140 0.7120
13.431000 0.7120 0.7100 0.7100 0.7100 0.7100
13.464915 0.7120 0.7170 0.7240 0.7300 0.7370
13.498000 0.7410 0.7460 0.7490 0.7510 0.7540
13.531915 0.7580 0.7590 0.7610 0.7610 0.7630
13.566000 0.7640 0.7660 0.7680 0.7680 0.7680
13.599915 0.7680 0.7680 0.7660 0.7630 0.7630
13.634000 0.7610 0.7610 0.7610 0.7610 0.7610
13.667915 0.7590 0.7590 0.7580 0.7560 0.7560
13.702000 0.7540 0.7540 0.7540 0.7560 0.7560
13.735915 0.7580 0.7580 0.7580 0.7580 0.7580
13.769000 0.7580 0.7560 0.7540 0.7540 0.7520
13.802915 0.7520 0.7520 0.7520 0.7510 0.7510
13.837000 0.7510 0.7490 0.7490 0.7490 0.7470
13.870915 0.7470 0.7470 0.7460 0.7440 0.7420
13.905000 0.7410 0.7410 0.7410 0.7390 0.7390
13.938915 0.7370 0.7370 0.7340 0.7320 0.7320
13.973000 0.7320 0.7300 0.7300 0.7300 0.7290
14.006915 0.7270 0.7240 0.7220 0.7190 0.7190
14.041000 0.7170 0.7140 0.7120 0.7100 0.7080
14.074915 0.7080 0.7050 0.7030 0.7020 0.7000
14.108000 0.7000 0.7000 0.7000 0.7000 0.7000
14.141915 0.7000 0.6980 0.6980 0.6970 0.6970
14.176000 0.6970 0.6970 0.6970 0.6950 0.6930
14.209915 0.6930 0.6930 0.6930 0.6930 0.6920
14.244000 0.6900 0.6880 0.6880 0.6880 0.6860
14.277915 0.6830 0.6830 0.6810 0.6810 0.6800
14.312000 0.6780 0.6780 0.6780 0.6760 0.6750
14.345915 0.6710 0.6700 0.6680 0.6680 0.6680
14.380000 0.6660 0.6630 0.6590 0.6580 0.6580
14.413915 0.6540 0.6530 0.6510 0.6490 0.6480
14.447000 0.6480 0.6420 0.6410 0.6390 0.6390
14.480915 0.6370 0.6370 0.6340 0.6320 0.6310
14.515000 0.6290 0.6270 0.6270 0.6240 0.6220
14.548915 0.6200 0.6190 0.6170 0.6140 0.6120
14.583000 0.6100 0.6090 0.6070 0.6020 0.6020
14.616915 0.6000 0.5980 0.5970 0.5970 0.5930
14.651000 0.5900 0.5880 0.5880 0.5870 0.5870
14.684915 0.5830 0.5830 0.5820 0.5800 0.5800
14.719000 0.5780 0.5780 0.5760 0.5760 0.5750
14.752915 0.5730 0.5710 0.5700 0.5680 0.5680
14.786000 0.5650 0.5630 0.5600 0.5560 0.5540
14.819915 0.5530 0.5510 0.5490 0.5480 0.5480
14.854000 0.5440 0.5390 0.5380 0.5340 0.5310
14.887915 0.5290 0.5270 0.5220 0.5210 0.5190
14.922000 0.5170 0.5160 0.5140 0.5140 0.5120
14.955915 0.5120 0.5100 0.5100 0.5100 0.5090
14.990000 0.5050 0.5050 0.4990 0.4950 0.4900
15.023915 0.4890 0.4850 0.4800 0.4750 0.4700
15.058000 0.4670 0.4630 0.4600 0.4580 0.4530
15.091915 0.4500 0.4480 0.4460 0.4410 0.4390
15.125000 0.4360 0.4310 0.4290 0.4290 0.4280
15.158915 0.4260 0.4260 0.4240 0.4240 0.4230
15.193000 0.4190 0.4190 0.4170 0.4170 0.4170
15.226915 0.4170 0.4170 0.4160 0.4140 0.4140
15.261000 0.4140 0.4140 0.4140 0.4140 0.4140
15.294915 0.4140 0.4140 0.4140 0.4120 0.4120
15.329000 0.4120 0.4120 0.4110 0.4110 0.4110
15.362915 0.4110 0.4110 0.4110 0.4110 0.4090
15.397000 0.4090 0.4110 0.4090 0.4070 0.4070
15.430915 0.4070 0.4060 0.4060 0.4060 0.4040
15.464000 0.4020 0.4020 0.4020 0.4010 0.4010
15.497915 0.4010 0.3990 0.3950 0.3950 0.3940
15.532000 0.3920 0.3920 0.3890 0.3890 0.3870
15.565915 0.3870 0.3850 0.3840 0.3820 0.3790
15.600000 0.3770 0.3770 0.3750 0.3730 0.3720
15.633915 0.3720 0.3720 0.3700 0.3700 0.3680
15.668000 0.3680 0.3650 0.3630 0.3620 0.3620
15.701915 0.3600 0.3600 0.3580 0.3580 0.3530
15.736000 0.3530 0.3510 0.3500 0.3500 0.3460
15.769915 0.3460 0.3450 0.3450 0.3410 0.3400
15.803000 0.3400 0.3380 0.3360 0.3350 0.3350
15.836915 0.3350 0.3350 0.3360 0.3380 0.3380
15.871000 0.3410 0.3460 0.3480 0.3510 0.3510
##END=
