##TITLE=1,7-DIAMINO-Beta-NAPHTHOL
##JCAMP-DX=4.24
##DATA TYPE=INFRARED SPECTRUM
##CLASS=COBLENTZ
##ORIGIN=ANDERSON PHYSICAL LABORATORY
##OWNER=COBLENTZ SOCIETY
Collection (C) 2018 copyright by the U.S. Secretary of Commerce
on behalf of the United States of America. All rights reserved.
##DATE=Not specified, most likely prior to 1970
##NAMES=1,7-diamino-2-naphthol
##CAS REGISTRY NO=116400-70-5
##MOLFORM=C10 H10 N2 O
##SOURCE REFERENCE=COBLENTZ NO. 2620
##$NIST SOURCE=COBLENTZ
##$NIST IMAGE=cob2620
##SPECTROMETER/DATA SYSTEM=Not specified, most likely a prism, grating, or hybrid spectrometer.
##STATE=SOLID (0.50% IN KBr PELLET)
##PATH LENGTH=0.0355 CM THICK
##SAMPLING PROCEDURE=TRANSMISSION
##RESOLUTION=4
##DATA PROCESSING=DIGITIZED BY NIST FROM HARD COPY (FROM TWO SEGMENTS)
##XUNITS=1/CM
##YUNITS=TRANSMITTANCE
##XFACTOR=1.000000
##YFACTOR=1
##DELTAX=0.935163
##FIRSTX=670.2
##LASTX=3991.9
##FIRSTY=0.758
##MAXX=3991.9
##MINX=670.2
##MAXY=0.895
##MINY=0.242
##NPOINTS=3553
##XYDATA=(X++(Y..Y))
670.200000 0.7580 0.7580 0.7580 0.7580 0.7570
674.875814 0.7570 0.7570 0.7570 0.7570 0.7550
679.551629 0.7540 0.7540 0.7540 0.7540 0.7520
684.227443 0.7520 0.7510 0.7510 0.7510 0.7510
688.903258 0.7510 0.7490 0.7490 0.7460 0.7430
693.579072 0.7430 0.7420 0.7420 0.7400 0.7390
698.254887 0.7370 0.7360 0.7330 0.7300 0.7270
702.930701 0.7240 0.7210 0.7180 0.7160 0.7160
707.606516 0.7120 0.7120 0.7100 0.7060 0.6950
712.282330 0.6880 0.6850 0.6830 0.6800 0.6711
716.958145 0.6700 0.6680 0.6650 0.6640 0.6640
721.633959 0.6640 0.6640 0.6650 0.6650 0.6670
726.309774 0.6700 0.6710 0.6760 0.6830 0.6860
730.985588 0.6890 0.6910 0.6910 0.6910 0.6910
735.661403 0.6860 0.6800 0.6790 0.6760 0.6730
740.337217 0.6680 0.6610 0.6590 0.6590 0.6590
745.013032 0.6590 0.6610 0.6910 0.6920 0.7060
749.688846 0.7190 0.7449 0.7550 0.7660 0.7730
754.364661 0.7750 0.7820 0.7880 0.7940 0.7940
759.040475 0.7940 0.7940 0.7940 0.7940 0.7940
763.716290 0.7930 0.7910 0.7880 0.7850 0.7820
768.392104 0.7790 0.7760 0.7750 0.7720 0.7670
773.067919 0.7630 0.7600 0.7550 0.7520 0.7510
777.743733 0.7490 0.7490 0.7450 0.7420 0.7360
782.419548 0.7340 0.7340 0.7330 0.7310 0.7280
787.095362 0.7270 0.7240 0.7220 0.7190 0.7130
791.771177 0.7030 0.7000 0.7000 0.6980 0.6970
796.446991 0.6920 0.6890 0.6790 0.6740 0.6670
801.122806 0.6610 0.6560 0.6520 0.6470 0.6380
805.798620 0.6340 0.6280 0.6220 0.6140 0.6080
810.474435 0.6010 0.5930 0.5900 0.5800 0.5690
815.150249 0.5511 0.5440 0.5181 0.5061 0.4961
819.826064 0.4780 0.4700 0.4570 0.4480 0.4340
824.501878 0.4280 0.4280 0.4280 0.4300 0.4330
829.177693 0.4430 0.4520 0.4610 0.4720 0.4840
833.853507 0.4940 0.5050 0.5170 0.5260 0.5359
838.529322 0.5470 0.5570 0.5660 0.5840 0.6020
843.205136 0.6170 0.6319 0.6459 0.6589 0.6709
847.880951 0.6800 0.6890 0.6970 0.7040 0.7090
852.556765 0.7130 0.7150 0.7150 0.7160 0.7160
857.232580 0.7160 0.7160 0.7160 0.7160 0.7160
861.908394 0.7150 0.7150 0.7150 0.7150 0.7150
866.584208 0.7150 0.7150 0.7130 0.7130 0.7130
871.260023 0.7130 0.7130 0.7130 0.7120 0.7120
875.935837 0.7120 0.7120 0.7120 0.7120 0.7120
880.611652 0.7100 0.7100 0.7090 0.7070 0.7040
885.287466 0.7030 0.7000 0.6970 0.6940 0.6890
889.963281 0.6860 0.6820 0.6790 0.6760 0.6730
894.639095 0.6700 0.6650 0.6610 0.6590 0.6580
899.314910 0.6560 0.6560 0.6550 0.6550 0.6530
903.990724 0.6530 0.6530 0.6530 0.6530 0.6530
908.666539 0.6530 0.6530 0.6530 0.6530 0.6530
913.342353 0.6530 0.6530 0.6530 0.6530 0.6530
918.018168 0.6530 0.6530 0.6550 0.6560 0.6560
922.693982 0.6580 0.6590 0.6590 0.6610 0.6620
927.369797 0.6620 0.6640 0.6640 0.6670 0.6680
932.045611 0.6700 0.6710 0.6730 0.6760 0.6760
936.721426 0.6770 0.6800 0.6830 0.6860 0.6920
941.397240 0.7000 0.7060 0.7130 0.7220 0.7280
946.073055 0.7360 0.7430 0.7480 0.7540 0.7570
950.748869 0.7640 0.7690 0.7730 0.7760 0.7780
955.424684 0.7790 0.7820 0.7840 0.7850 0.7870
960.100498 0.7870 0.7900 0.7940 0.7960 0.7990
964.776313 0.8020 0.8030 0.8080 0.8140 0.8180
969.452127 0.8210 0.8240 0.8290 0.8320 0.8350
974.127942 0.8380 0.8390 0.8420 0.8450 0.8480
978.803756 0.8510 0.8510 0.8530 0.8540 0.8560
983.479571 0.8570 0.8590 0.8590 0.8600 0.8600
988.155385 0.8600 0.8600 0.8600 0.8600 0.8600
992.831200 0.8600 0.8600 0.8600 0.8600 0.8600
997.507014 0.8600 0.8600 0.8600 0.8620 0.8620
1002.182829 0.8620 0.8620 0.8620 0.8620 0.8620
1006.858643 0.8620 0.8620 0.8600 0.8600 0.8600
1011.534458 0.8600 0.8600 0.8600 0.8600 0.8600
1016.210272 0.8590 0.8590 0.8590 0.8590 0.8590
1020.886087 0.8590 0.8590 0.8590 0.8590 0.8590
1025.561901 0.8590 0.8590 0.8590 0.8590 0.8590
1030.237716 0.8590 0.8590 0.8590 0.8590 0.8590
1034.913530 0.8590 0.8590 0.8590 0.8590 0.8590
1039.589345 0.8590 0.8570 0.8570 0.8570 0.8570
1044.265159 0.8570 0.8570 0.8570 0.8570 0.8570
1048.940974 0.8570 0.8570 0.8570 0.8570 0.8570
1053.616788 0.8570 0.8570 0.8560 0.8560 0.8560
1058.292602 0.8560 0.8540 0.8540 0.8540 0.8540
1062.968417 0.8540 0.8530 0.8530 0.8530 0.8530
1067.644231 0.8510 0.8510 0.8510 0.8510 0.8510
1072.320046 0.8500 0.8500 0.8500 0.8500 0.8480
1076.995860 0.8480 0.8480 0.8480 0.8480 0.8470
1081.671675 0.8470 0.8470 0.8470 0.8450 0.8450
1086.347489 0.8450 0.8450 0.8450 0.8440 0.8440
1091.023304 0.8440 0.8440 0.8420 0.8420 0.8420
1095.699118 0.8420 0.8420 0.8420 0.8410 0.8410
1100.374933 0.8410 0.8410 0.8410 0.8390 0.8390
1105.050747 0.8390 0.8380 0.8360 0.8350 0.8330
1109.726562 0.8300 0.8270 0.8260 0.8240 0.8240
1114.402376 0.8210 0.8200 0.8170 0.8140 0.8090
1119.078191 0.8080 0.8080 0.8080 0.8050 0.8050
1123.754005 0.8030 0.8030 0.8020 0.8000 0.7990
1128.429820 0.7990 0.7970 0.7970 0.7960 0.7910
1133.105634 0.7900 0.7870 0.7810 0.7790 0.7780
1137.781449 0.7730 0.7690 0.7640 0.7610 0.7580
1142.457263 0.7550 0.7520 0.7510 0.7460 0.7450
1147.133078 0.7450 0.7430 0.7430 0.7450 0.7460
1151.808892 0.7490 0.7540 0.7570 0.7600 0.7610
1156.484707 0.7610 0.7600 0.7580 0.7570 0.7540
1161.160521 0.7510 0.7490 0.7430 0.7390 0.7330
1165.836336 0.7300 0.7240 0.7160 0.7070 0.6950
1170.512150 0.6641 0.6470 0.6410 0.6380 0.6340
1175.187965 0.6260 0.6140 0.6010 0.5950 0.5840
1179.863779 0.5830 0.5840 0.5860 0.5950 0.6049
1184.539594 0.6370 0.6590 0.6950 0.7120 0.7250
1189.215408 0.7280 0.7280 0.7270 0.7250 0.7220
1193.891223 0.7210 0.7210 0.7190 0.7180 0.7160
1198.567037 0.7130 0.7090 0.7010 0.6950 0.6890
1203.242852 0.6830 0.6790 0.6740 0.6680 0.6620
1207.918666 0.6550 0.6460 0.6380 0.6280 0.6161
1212.594481 0.6040 0.5900 0.5750 0.5600 0.5450
1217.270295 0.5300 0.5151 0.5001 0.4851 0.4721
1221.946110 0.4580 0.4450 0.4340 0.4240 0.4160
1226.621924 0.4100 0.4040 0.3920 0.3711 0.3461
1231.297739 0.3170 0.2920 0.2680 0.2470 0.2420
1235.973553 0.2420 0.2440 0.2470 0.2619 0.2769
1240.649368 0.2981 0.3370 0.3800 0.4400 0.4550
1245.325182 0.4600 0.4989 0.5000 0.5020 0.5020
1250.000997 0.5020 0.4960 0.4910 0.4900 0.4850
1254.676811 0.4840 0.4820 0.4820 0.4820 0.4850
1259.352625 0.4880 0.5050 0.5170 0.5260 0.5509
1264.028440 0.5719 0.5780 0.6009 0.6199 0.6369
1268.704254 0.6530 0.6670 0.6770 0.6880 0.6970
1273.380069 0.7040 0.7100 0.7100 0.7090 0.7090
1278.055883 0.7070 0.7030 0.6970 0.6860 0.6740
1282.731698 0.6650 0.6560 0.6411 0.6350 0.6320
1287.407512 0.6310 0.6320 0.6380 0.6560 0.6790
1292.083327 0.7119 0.7389 0.7669 0.7809 0.7939
1296.759141 0.7970 0.8000 0.8020 0.8020 0.8050
1301.434956 0.8050 0.8050 0.8050 0.8050 0.8050
1306.110770 0.8050 0.8050 0.8050 0.8050 0.8050
1310.786585 0.8050 0.8050 0.8050 0.8050 0.8050
1315.462399 0.8050 0.8050 0.8050 0.8050 0.8050
1320.138214 0.8050 0.8050 0.8050 0.8050 0.8050
1324.814028 0.8050 0.8050 0.8050 0.8050 0.8050
1329.489843 0.8050 0.8050 0.8050 0.8050 0.8050
1334.165657 0.8050 0.8050 0.8050 0.8050 0.8030
1338.841472 0.8020 0.8020 0.8020 0.8020 0.8000
1343.517286 0.7990 0.7970 0.7960 0.7900 0.7900
1348.193101 0.7880 0.7870 0.7850 0.7840 0.7840
1352.868915 0.7820 0.7810 0.7780 0.7750 0.7750
1357.544730 0.7730 0.7700 0.7690 0.7660 0.7640
1362.220544 0.7610 0.7550 0.7540 0.7490 0.7430
1366.896359 0.7360 0.7280 0.7210 0.7090 0.7000
1371.572173 0.6910 0.6760 0.6590 0.6440 0.6310
1376.247988 0.6230 0.6140 0.6020 0.6010 0.5980
1380.923802 0.5950 0.5920 0.5900 0.5900 0.5900
1385.599617 0.5900 0.5900 0.5900 0.5900 0.5900
1390.275431 0.5920 0.5920 0.5920 0.5930 0.5930
1394.951246 0.5930 0.5950 0.5950 0.5950 0.5950
1399.627060 0.5950 0.5950 0.5950 0.5930 0.5920
1404.302875 0.5900 0.5890 0.5870 0.5810 0.5691
1408.978689 0.5560 0.5420 0.5260 0.5140 0.5060
1413.654504 0.4970 0.4910 0.4850 0.4840 0.4840
1418.330318 0.4870 0.4880 0.4960 0.5020 0.5120
1423.006133 0.5270 0.5440 0.5629 0.5839 0.6069
1427.681947 0.6280 0.6470 0.6640 0.6800 0.6890
1432.357762 0.7099 0.7220 0.7330 0.7370 0.7450
1437.033576 0.7480 0.7490 0.7490 0.7490 0.7490
1441.709391 0.7490 0.7490 0.7490 0.7490 0.7490
1446.385205 0.7490 0.7490 0.7480 0.7480 0.7450
1451.061019 0.7420 0.7390 0.7370 0.7360 0.7340
1455.736834 0.7330 0.7300 0.7250 0.7190 0.7180
1460.412648 0.7130 0.7060 0.7000 0.6920 0.6830
1465.088463 0.6770 0.6680 0.6610 0.6490 0.6340
1469.764277 0.6200 0.6100 0.5990 0.5920 0.5840
1474.440092 0.5780 0.5710 0.5620 0.5470 0.5320
1479.115906 0.5150 0.5120 0.5110 0.5110 0.5120
1483.791721 0.5240 0.5410 0.5810 0.6110 0.6439
1488.467535 0.6620 0.6919 0.7010 0.7189 0.7309
1493.143350 0.7400 0.7460 0.7510 0.7540 0.7550
1497.819164 0.7570 0.7570 0.7570 0.7580 0.7580
1502.494979 0.7580 0.7580 0.7580 0.7580 0.7570
1507.170793 0.7550 0.7540 0.7510 0.7490 0.7430
1511.846608 0.7400 0.7400 0.7370 0.7340 0.7330
1516.522422 0.7280 0.7250 0.7190 0.7150 0.7070
1521.198237 0.7060 0.7040 0.7030 0.7010 0.7010
1525.874051 0.7000 0.6950 0.6920 0.6910 0.6880
1530.549866 0.6850 0.6830 0.6820 0.6800 0.6800
1535.225680 0.6800 0.6800 0.6800 0.6800 0.6800
1539.901495 0.6800 0.6800 0.6800 0.6800 0.6800
1544.577309 0.6820 0.6830 0.6860 0.6880 0.6910
1549.253124 0.6980 0.7010 0.7060 0.7090 0.7120
1553.928938 0.7130 0.7150 0.7150 0.7150 0.7150
1558.604753 0.7130 0.7130 0.7120 0.7100 0.7090
1563.280567 0.7060 0.7030 0.7010 0.7000 0.6940
1567.956382 0.6920 0.6880 0.6850 0.6830 0.6820
1572.632196 0.6790 0.6760 0.6760 0.6740 0.6730
1577.308011 0.6710 0.6650 0.6560 0.6500 0.6400
1581.983825 0.6290 0.6190 0.6110 0.6020 0.5960
1586.659640 0.5900 0.5840 0.5780 0.5720 0.5660
1591.335454 0.5620 0.5590 0.5570 0.5540 0.5510
1596.011269 0.5450 0.5410 0.5330 0.5240 0.5170
1600.687083 0.5110 0.4990 0.4791 0.4432 0.3982
1605.362898 0.3980 0.3880 0.3730 0.3610 0.3470
1610.038712 0.3350 0.3280 0.3260 0.3280 0.3310
1614.714527 0.3440 0.3610 0.3770 0.3950 0.4060
1619.390341 0.4160 0.4240 0.4270 0.4280 0.4300
1624.066156 0.4300 0.4300 0.4300 0.4300 0.4300
1628.741970 0.4300 0.4300 0.4300 0.4300 0.4300
1633.417785 0.4300 0.4300 0.4300 0.4310 0.4310
1638.093599 0.4370 0.4460 0.4570 0.4640 0.4809
1642.769413 0.5050 0.5350 0.5660 0.5960 0.6250
1647.445228 0.6490 0.6620 0.6769 0.6850 0.6910
1652.121042 0.6940 0.6970 0.7010 0.7070 0.7250
1656.796857 0.7370 0.7460 0.7540 0.7580 0.7630
1661.472671 0.7670 0.7700 0.7730 0.7760 0.7780
1666.148486 0.7790 0.7810 0.7820 0.7850 0.7870
1670.824300 0.7940 0.7990 0.8030 0.8080 0.8110
1675.500115 0.8150 0.8200 0.8240 0.8300 0.8360
1680.175929 0.8410 0.8450 0.8510 0.8530 0.8540
1684.851744 0.8570 0.8600 0.8620 0.8650 0.8660
1689.527558 0.8680 0.8680 0.8690 0.8710 0.8740
1694.203373 0.8750 0.8770 0.8770 0.8780 0.8780
1698.879187 0.8800 0.8800 0.8800 0.8800 0.8800
1703.555002 0.8800 0.8810 0.8830 0.8830 0.8840
1708.230816 0.8870 0.8890 0.8890 0.8890 0.8890
1712.906631 0.8890 0.8890 0.8870 0.8870 0.8870
1717.582445 0.8870 0.8870 0.8870 0.8870 0.8870
1722.258260 0.8870 0.8870 0.8890 0.8890 0.8890
1726.934074 0.8890 0.8900 0.8900 0.8900 0.8900
1731.609889 0.8900 0.8900 0.8900 0.8900 0.8900
1736.285703 0.8900 0.8920 0.8920 0.8920 0.8920
1740.961518 0.8920 0.8920 0.8920 0.8920 0.8920
1745.637332 0.8920 0.8920 0.8920 0.8920 0.8920
1750.313147 0.8920 0.8920 0.8920 0.8920 0.8920
1754.988961 0.8920 0.8930 0.8930 0.8930 0.8930
1759.664776 0.8930 0.8930 0.8930 0.8930 0.8930
1764.340590 0.8930 0.8930 0.8930 0.8930 0.8930
1769.016405 0.8930 0.8930 0.8950 0.8950 0.8950
1773.692219 0.8950 0.8950 0.8950 0.8950 0.8950
1778.368034 0.8950 0.8950 0.8950 0.8950 0.8950
1783.043848 0.8950 0.8950 0.8950 0.8950 0.8950
1787.719663 0.8950 0.8950 0.8950 0.8950 0.8950
1792.395477 0.8950 0.8950 0.8950 0.8950 0.8950
1797.071292 0.8950 0.8950 0.8950 0.8950 0.8950
1801.747106 0.8950 0.8950 0.8930 0.8930 0.8930
1806.422921 0.8930 0.8930 0.8930 0.8920 0.8920
1811.098735 0.8920 0.8920 0.8900 0.8900 0.8900
1815.774550 0.8900 0.8890 0.8890 0.8890 0.8890
1820.450364 0.8890 0.8870 0.8870 0.8870 0.8870
1825.126179 0.8870 0.8870 0.8870 0.8860 0.8860
1829.801993 0.8860 0.8860 0.8860 0.8860 0.8860
1834.477807 0.8860 0.8860 0.8860 0.8860 0.8860
1839.153622 0.8860 0.8860 0.8860 0.8860 0.8860
1843.829436 0.8860 0.8860 0.8860 0.8860 0.8860
1848.505251 0.8860 0.8860 0.8860 0.8860 0.8860
1853.181065 0.8860 0.8860 0.8860 0.8860 0.8860
1857.856880 0.8840 0.8840 0.8840 0.8830 0.8830
1862.532694 0.8840 0.8840 0.8840 0.8830 0.8830
1867.208509 0.8830 0.8830 0.8830 0.8810 0.8810
1871.884323 0.8800 0.8800 0.8800 0.8800 0.8800
1876.560138 0.8800 0.8800 0.8800 0.8780 0.8780
1881.235952 0.8780 0.8770 0.8750 0.8740 0.8740
1885.911767 0.8740 0.8720 0.8720 0.8710 0.8710
1890.587581 0.8710 0.8710 0.8690 0.8690 0.8690
1895.263396 0.8680 0.8680 0.8680 0.8680 0.8660
1899.939210 0.8660 0.8660 0.8650 0.8650 0.8650
1904.615025 0.8650 0.8650 0.8650 0.8650 0.8650
1909.290839 0.8650 0.8650 0.8650 0.8650 0.8650
1913.966654 0.8660 0.8660 0.8660 0.8660 0.8660
1918.642468 0.8660 0.8680 0.8680 0.8690 0.8690
1923.318283 0.8690 0.8710 0.8710 0.8720 0.8740
1927.994097 0.8740 0.8740 0.8740 0.8740 0.8740
1932.669912 0.8740 0.8740 0.8740 0.8740 0.8740
1937.345726 0.8740 0.8740 0.8740 0.8740 0.8720
1942.021541 0.8720 0.8720 0.8720 0.8720 0.8710
1946.697355 0.8710 0.8710 0.8710 0.8710 0.8710
1951.373170 0.8710 0.8710 0.8710 0.8710 0.8710
1956.048984 0.8710 0.8710 0.8710 0.8710 0.8710
1960.724799 0.8710 0.8710 0.8710 0.8710 0.8710
1965.400613 0.8710 0.8710 0.8710 0.8720 0.8720
1970.076428 0.8720 0.8710 0.8710 0.8710 0.8710
1974.752242 0.8710 0.8710 0.8710 0.8690 0.8690
1979.428057 0.8690 0.8680 0.8680 0.8680 0.8660
1984.103871 0.8660 0.8660 0.8630 0.8620 0.8620
1988.779686 0.8620 0.8620 0.8620 0.8620 0.8620
1993.455500 0.8620 0.8620 0.8620 0.8600 0.8600
1998.131315 0.8600 0.8590 0.8590 0.8593 0.8595
2002.807129 0.8597 0.8600 0.8600 0.8600 0.8600
2007.482944 0.8600 0.8598 0.8595 0.8593 0.8590
2012.158758 0.8585 0.8580 0.8575 0.8570 0.8570
2016.834573 0.8570 0.8570 0.8570 0.8570 0.8570
2021.510387 0.8570 0.8570 0.8570 0.8570 0.8570
2026.186201 0.8570 0.8570 0.8570 0.8570 0.8570
2030.862016 0.8570 0.8570 0.8570 0.8570 0.8568
2035.537830 0.8565 0.8562 0.8560 0.8560 0.8560
2040.213645 0.8560 0.8560 0.8560 0.8560 0.8560
2044.889459 0.8560 0.8560 0.8560 0.8560 0.8560
2049.565274 0.8560 0.8560 0.8560 0.8560 0.8560
2054.241088 0.8560 0.8560 0.8560 0.8555 0.8550
2058.916903 0.8545 0.8540 0.8538 0.8535 0.8533
2063.592717 0.8530 0.8530 0.8530 0.8530 0.8530
2068.268532 0.8525 0.8520 0.8515 0.8510 0.8510
2072.944346 0.8510 0.8510 0.8510 0.8510 0.8510
2077.620161 0.8510 0.8510 0.8507 0.8505 0.8502
2082.295975 0.8500 0.8500 0.8500 0.8500 0.8500
2086.971790 0.8495 0.8490 0.8485 0.8480 0.8480
2091.647604 0.8480 0.8480 0.8480 0.8480 0.8480
2096.323419 0.8480 0.8480 0.8480 0.8480 0.8480
2100.999233 0.8480 0.8477 0.8475 0.8472 0.8470
2105.675048 0.8470 0.8470 0.8470 0.8470 0.8470
2110.350862 0.8470 0.8470 0.8470 0.8465 0.8460
2115.026677 0.8455 0.8450 0.8450 0.8450 0.8450
2119.702491 0.8450 0.8450 0.8450 0.8450 0.8450
2124.378306 0.8447 0.8445 0.8442 0.8440 0.8435
2129.054120 0.8430 0.8425 0.8420 0.8412 0.8405
2133.729935 0.8397 0.8390 0.8387 0.8385 0.8382
2138.405749 0.8380 0.8372 0.8365 0.8357 0.8350
2143.081564 0.8345 0.8340 0.8335 0.8330 0.8330
2147.757378 0.8330 0.8330 0.8330 0.8327 0.8325
2152.433193 0.8322 0.8320 0.8320 0.8320 0.8320
2157.109007 0.8320 0.8320 0.8320 0.8320 0.8320
2161.784822 0.8320 0.8320 0.8320 0.8320 0.8315
2166.460636 0.8310 0.8305 0.8300 0.8300 0.8300
2171.136451 0.8300 0.8300 0.8300 0.8300 0.8300
2175.812265 0.8300 0.8300 0.8300 0.8300 0.8300
2180.488080 0.8300 0.8300 0.8300 0.8300 0.8300
2185.163894 0.8300 0.8300 0.8300 0.8300 0.8300
2189.839709 0.8300 0.8300 0.8297 0.8295 0.8292
2194.515523 0.8290 0.8293 0.8295 0.8298 0.8300
2199.191338 0.8297 0.8295 0.8292 0.8290 0.8290
2203.867152 0.8290 0.8290 0.8289 0.8285 0.8280
2208.542967 0.8275 0.8270 0.8270 0.8270 0.8270
2213.218781 0.8270 0.8267 0.8265 0.8262 0.8259
2217.894595 0.8252 0.8244 0.8237 0.8230 0.8225
2222.570410 0.8219 0.8214 0.8210 0.8207 0.8205
2227.246224 0.8202 0.8199 0.8194 0.8189 0.8184
2231.922039 0.8180 0.8177 0.8175 0.8172 0.8170
2236.597853 0.8170 0.8170 0.8170 0.8169 0.8162
2241.273668 0.8154 0.8147 0.8139 0.8132 0.8124
2245.949482 0.8117 0.8109 0.8104 0.8099 0.8094
2250.625297 0.8089 0.8082 0.8074 0.8067 0.8059
2255.301111 0.8052 0.8044 0.8037 0.8029 0.8019
2259.976926 0.8009 0.7998 0.7989 0.7984 0.7979
2264.652740 0.7974 0.7970 0.7967 0.7965 0.7962
2269.328555 0.7958 0.7945 0.7933 0.7920 0.7910
2274.004369 0.7907 0.7905 0.7902 0.7900 0.7900
2278.680184 0.7900 0.7900 0.7899 0.7894 0.7889
2283.355998 0.7884 0.7880 0.7877 0.7875 0.7872
2288.031813 0.7869 0.7864 0.7859 0.7854 0.7849
2292.707627 0.7839 0.7829 0.7819 0.7808 0.7796
2297.383442 0.7783 0.7770 0.7755 0.7733 0.7711
2302.059256 0.7688 0.7667 0.7652 0.7637 0.7622
2306.735071 0.7608 0.7598 0.7588 0.7578 0.7569
2311.410885 0.7561 0.7554 0.7546 0.7539 0.7534
2316.086700 0.7529 0.7524 0.7520 0.7520 0.7520
2320.762514 0.7520 0.7520 0.7520 0.7520 0.7520
2325.438329 0.7520 0.7517 0.7515 0.7512 0.7510
2330.114143 0.7510 0.7510 0.7510 0.7509 0.7504
2334.789958 0.7499 0.7494 0.7490 0.7490 0.7490
2339.465772 0.7490 0.7490 0.7490 0.7490 0.7490
2344.141587 0.7490 0.7490 0.7490 0.7490 0.7490
2348.817401 0.7490 0.7490 0.7490 0.7489 0.7487
2353.493216 0.7484 0.7482 0.7480 0.7480 0.7480
2358.169030 0.7480 0.7480 0.7480 0.7480 0.7480
2362.844845 0.7480 0.7480 0.7480 0.7480 0.7479
2367.520659 0.7474 0.7469 0.7464 0.7460 0.7460
2372.196474 0.7460 0.7460 0.7460 0.7460 0.7460
2376.872288 0.7460 0.7459 0.7457 0.7454 0.7452
2381.548103 0.7449 0.7444 0.7439 0.7434 0.7430
2386.223917 0.7430 0.7430 0.7430 0.7429 0.7427
2390.899732 0.7424 0.7422 0.7419 0.7414 0.7409
2395.575546 0.7404 0.7399 0.7397 0.7394 0.7392
2400.251361 0.7388 0.7381 0.7373 0.7366 0.7358
2404.927175 0.7351 0.7343 0.7336 0.7329 0.7324
2409.602990 0.7319 0.7314 0.7308 0.7300 0.7293
2414.278804 0.7285 0.7278 0.7270 0.7263 0.7255
2418.954618 0.7248 0.7241 0.7233 0.7226 0.7218
2423.630433 0.7211 0.7203 0.7196 0.7189 0.7187
2428.306247 0.7184 0.7182 0.7177 0.7164 0.7152
2432.982062 0.7139 0.7128 0.7118 0.7108 0.7098
2437.657876 0.7087 0.7075 0.7062 0.7050 0.7038
2442.333691 0.7031 0.7023 0.7016 0.7009 0.7007
2447.009505 0.7004 0.7002 0.7000 0.7000 0.7000
2451.685320 0.7000 0.6996 0.6981 0.6966 0.6951
2456.361134 0.6936 0.6924 0.6911 0.6899 0.6889
2461.036949 0.6887 0.6884 0.6882 0.6876 0.6861
2465.712763 0.6846 0.6831 0.6816 0.6801 0.6786
2470.388578 0.6771 0.6757 0.6744 0.6732 0.6719
2475.064392 0.6708 0.6701 0.6693 0.6686 0.6678
2479.740207 0.6671 0.6663 0.6656 0.6648 0.6640
2484.416021 0.6633 0.6625 0.6619 0.6617 0.6614
2489.091836 0.6612 0.6608 0.6600 0.6593 0.6585
2493.767650 0.6578 0.6573 0.6568 0.6563 0.6558
2498.443465 0.6550 0.6543 0.6535 0.6527 0.6517
2503.119279 0.6507 0.6497 0.6486 0.6474 0.6461
2507.795094 0.6449 0.6437 0.6427 0.6417 0.6407
2512.470908 0.6396 0.6384 0.6371 0.6359 0.6347
2517.146723 0.6337 0.6327 0.6317 0.6306 0.6294
2521.822537 0.6281 0.6268 0.6257 0.6247 0.6237
2526.498352 0.6227 0.6217 0.6210 0.6202 0.6195
2531.174166 0.6188 0.6183 0.6178 0.6173 0.6167
2535.849981 0.6160 0.6153 0.6145 0.6138 0.6130
2540.525795 0.6123 0.6115 0.6109 0.6107 0.6104
2545.201610 0.6102 0.6098 0.6093 0.6088 0.6083
2549.877424 0.6079 0.6077 0.6074 0.6072 0.6068
2554.553239 0.6063 0.6058 0.6053 0.6049 0.6047
2559.229053 0.6044 0.6042 0.6040 0.6040 0.6040
2563.904868 0.6040 0.6038 0.6033 0.6028 0.6023
2568.580682 0.6020 0.6020 0.6020 0.6020 0.6020
2573.256497 0.6020 0.6020 0.6020 0.6019 0.6017
2577.932311 0.6014 0.6012 0.6007 0.6000 0.5992
2582.608126 0.5985 0.5978 0.5973 0.5968 0.5963
2587.283940 0.5959 0.5957 0.5954 0.5952 0.5947
2591.959755 0.5940 0.5933 0.5925 0.5918 0.5913
2596.635569 0.5908 0.5903 0.5899 0.5897 0.5894
2601.311384 0.5892 0.5888 0.5883 0.5878 0.5873
2605.987198 0.5869 0.5867 0.5864 0.5862 0.5860
2610.663012 0.5860 0.5860 0.5860 0.5860 0.5860
2615.338827 0.5860 0.5860 0.5860 0.5860 0.5860
2620.014641 0.5860 0.5858 0.5853 0.5848 0.5843
2624.690456 0.5840 0.5840 0.5840 0.5840 0.5840
2629.366270 0.5840 0.5840 0.5840 0.5840 0.5840
2634.042085 0.5840 0.5840 0.5839 0.5836 0.5834
2638.717899 0.5831 0.5830 0.5830 0.5830 0.5830
2643.393714 0.5830 0.5830 0.5830 0.5830 0.5830
2648.069528 0.5830 0.5830 0.5830 0.5830 0.5830
2652.745343 0.5830 0.5830 0.5830 0.5830 0.5830
2657.421157 0.5830 0.5830 0.5830 0.5830 0.5830
2662.096972 0.5830 0.5830 0.5830 0.5830 0.5830
2666.772786 0.5830 0.5830 0.5830 0.5830 0.5830
2671.448601 0.5830 0.5830 0.5830 0.5830 0.5830
2676.124415 0.5830 0.5830 0.5830 0.5830 0.5830
2680.800230 0.5830 0.5830 0.5830 0.5830 0.5830
2685.476044 0.5830 0.5830 0.5830 0.5830 0.5830
2690.151859 0.5830 0.5830 0.5830 0.5830 0.5830
2694.827673 0.5830 0.5830 0.5830 0.5830 0.5830
2699.503488 0.5830 0.5830 0.5830 0.5830 0.5830
2704.179302 0.5830 0.5830 0.5830 0.5830 0.5830
2708.855117 0.5830 0.5830 0.5830 0.5830 0.5830
2713.530931 0.5830 0.5830 0.5830 0.5830 0.5830
2718.206746 0.5830 0.5830 0.5830 0.5830 0.5830
2722.882560 0.5830 0.5830 0.5830 0.5828 0.5823
2727.558375 0.5818 0.5813 0.5810 0.5810 0.5810
2732.234189 0.5810 0.5810 0.5810 0.5810 0.5810
2736.910004 0.5810 0.5810 0.5810 0.5810 0.5810
2741.585818 0.5810 0.5810 0.5810 0.5810 0.5810
2746.261633 0.5810 0.5810 0.5810 0.5810 0.5810
2750.937447 0.5810 0.5810 0.5810 0.5810 0.5810
2755.613262 0.5810 0.5810 0.5810 0.5810 0.5810
2760.289076 0.5810 0.5810 0.5810 0.5810 0.5810
2764.964891 0.5810 0.5810 0.5810 0.5810 0.5810
2769.640705 0.5810 0.5810 0.5810 0.5810 0.5810
2774.316520 0.5810 0.5810 0.5810 0.5810 0.5809
2778.992334 0.5806 0.5804 0.5801 0.5800 0.5800
2783.668149 0.5800 0.5800 0.5800 0.5800 0.5800
2788.343963 0.5800 0.5797 0.5792 0.5787 0.5782
2793.019778 0.5779 0.5776 0.5774 0.5771 0.5766
2797.695592 0.5759 0.5751 0.5744 0.5737 0.5732
2802.371406 0.5727 0.5722 0.5719 0.5716 0.5714
2807.047221 0.5711 0.5706 0.5699 0.5691 0.5684
2811.723035 0.5676 0.5669 0.5661 0.5654 0.5644
2816.398850 0.5631 0.5619 0.5606 0.5596 0.5589
2821.074664 0.5581 0.5573 0.5569 0.5566 0.5564
2825.750479 0.5561 0.5557 0.5552 0.5547 0.5542
2830.426293 0.5540 0.5540 0.5540 0.5540 0.5539
2835.102108 0.5536 0.5534 0.5531 0.5527 0.5522
2839.777922 0.5517 0.5512 0.5505 0.5495 0.5485
2844.453737 0.5475 0.5467 0.5462 0.5457 0.5452
2849.129551 0.5449 0.5446 0.5444 0.5441 0.5437
2853.805366 0.5432 0.5427 0.5422 0.5419 0.5416
2858.481180 0.5414 0.5411 0.5406 0.5398 0.5391
2863.156995 0.5383 0.5376 0.5368 0.5361 0.5353
2867.832809 0.5350 0.5350 0.5350 0.5350 0.5347
2872.508624 0.5342 0.5337 0.5332 0.5329 0.5326
2877.184438 0.5324 0.5321 0.5317 0.5312 0.5307
2881.860253 0.5302 0.5299 0.5296 0.5294 0.5291
2886.536067 0.5286 0.5278 0.5271 0.5263 0.5260
2891.211882 0.5260 0.5260 0.5260 0.5253 0.5241
2895.887696 0.5228 0.5215 0.5210 0.5210 0.5210
2900.563511 0.5210 0.5210 0.5210 0.5210 0.5210
2905.239325 0.5209 0.5206 0.5204 0.5201 0.5200
2909.915140 0.5200 0.5200 0.5200 0.5200 0.5200
2914.590954 0.5200 0.5200 0.5197 0.5192 0.5187
2919.266769 0.5182 0.5180 0.5180 0.5180 0.5180
2923.942583 0.5180 0.5180 0.5180 0.5180 0.5179
2928.618398 0.5176 0.5174 0.5171 0.5170 0.5170
2933.294212 0.5170 0.5170 0.5167 0.5162 0.5157
2937.970027 0.5152 0.5148 0.5146 0.5143 0.5141
2942.645841 0.5137 0.5132 0.5127 0.5122 0.5120
2947.321656 0.5120 0.5120 0.5120 0.5118 0.5116
2951.997470 0.5113 0.5111 0.5110 0.5110 0.5110
2956.673285 0.5110 0.5110 0.5110 0.5110 0.5110
2961.349099 0.5110 0.5110 0.5110 0.5110 0.5110
2966.024914 0.5110 0.5110 0.5110 0.5110 0.5110
2970.700728 0.5110 0.5110 0.5110 0.5110 0.5110
2975.376543 0.5110 0.5110 0.5110 0.5110 0.5110
2980.052357 0.5107 0.5102 0.5097 0.5092 0.5090
2984.728172 0.5090 0.5090 0.5090 0.5090 0.5090
2989.403986 0.5090 0.5090 0.5090 0.5090 0.5090
2994.079800 0.5090 0.5090 0.5090 0.5090 0.5090
2998.755615 0.5090 0.5090 0.5090 0.5090 0.5090
3003.431429 0.5090 0.5090 0.5090 0.5090 0.5090
3008.107244 0.5090 0.5090 0.5090 0.5090 0.5090
3012.783058 0.5090 0.5093 0.5098 0.5103 0.5108
3017.458873 0.5110 0.5110 0.5110 0.5110 0.5110
3022.134687 0.5110 0.5110 0.5110 0.5110 0.5110
3026.810502 0.5110 0.5110 0.5107 0.5102 0.5097
3031.486316 0.5092 0.5090 0.5090 0.5090 0.5090
3036.162131 0.5090 0.5090 0.5090 0.5090 0.5093
3040.837945 0.5098 0.5103 0.5108 0.5110 0.5110
3045.513760 0.5110 0.5110 0.5112 0.5114 0.5117
3050.189574 0.5119 0.5120 0.5120 0.5120 0.5120
3054.865389 0.5123 0.5128 0.5133 0.5138 0.5142
3059.541203 0.5144 0.5147 0.5149 0.5153 0.5158
3064.217018 0.5163 0.5168 0.5172 0.5174 0.5177
3068.892832 0.5179 0.5183 0.5188 0.5193 0.5198
3073.568647 0.5202 0.5204 0.5207 0.5209 0.5213
3078.244461 0.5218 0.5223 0.5228 0.5232 0.5234
3082.920276 0.5237 0.5239 0.5244 0.5249 0.5254
3087.596090 0.5259 0.5262 0.5264 0.5267 0.5269
3092.271905 0.5270 0.5270 0.5270 0.5270 0.5270
3096.947719 0.5270 0.5270 0.5270 0.5270 0.5270
3101.623534 0.5270 0.5270 0.5273 0.5278 0.5283
3106.299348 0.5288 0.5290 0.5290 0.5290 0.5290
3110.975163 0.5290 0.5290 0.5290 0.5290 0.5290
3115.650977 0.5290 0.5290 0.5290 0.5290 0.5290
3120.326792 0.5290 0.5290 0.5290 0.5290 0.5290
3125.002606 0.5290 0.5290 0.5290 0.5290 0.5290
3129.678421 0.5290 0.5290 0.5290 0.5290 0.5290
3134.354235 0.5290 0.5290 0.5290 0.5290 0.5290
3139.030050 0.5290 0.5290 0.5290 0.5290 0.5290
3143.705864 0.5290 0.5290 0.5290 0.5290 0.5290
3148.381679 0.5290 0.5290 0.5290 0.5290 0.5290
3153.057493 0.5290 0.5290 0.5290 0.5290 0.5290
3157.733308 0.5290 0.5290 0.5290 0.5290 0.5290
3162.409122 0.5290 0.5286 0.5281 0.5276 0.5271
3167.084937 0.5270 0.5270 0.5270 0.5270 0.5268
3171.760751 0.5266 0.5263 0.5261 0.5260 0.5260
3176.436566 0.5260 0.5260 0.5260 0.5260 0.5260
3181.112380 0.5260 0.5256 0.5251 0.5246 0.5241
3185.788194 0.5240 0.5240 0.5240 0.5240 0.5238
3190.464009 0.5236 0.5233 0.5231 0.5226 0.5221
3195.139823 0.5216 0.5211 0.5210 0.5210 0.5210
3199.815638 0.5210 0.5208 0.5206 0.5203 0.5201
3204.491452 0.5200 0.5200 0.5200 0.5200 0.5200
3209.167267 0.5200 0.5200 0.5200 0.5200 0.5200
3213.843081 0.5200 0.5200 0.5196 0.5191 0.5186
3218.518896 0.5181 0.5178 0.5176 0.5173 0.5171
3223.194710 0.5166 0.5161 0.5156 0.5151 0.5144
3227.870525 0.5137 0.5129 0.5122 0.5103 0.5080
3232.546339 0.5057 0.5034 0.5024 0.5016 0.5009
3237.222154 0.5001 0.4994 0.4986 0.4979 0.4971
3241.897968 0.4956 0.4938 0.4921 0.4903 0.4890
3246.573783 0.4877 0.4865 0.4852 0.4838 0.4823
3251.249597 0.4808 0.4793 0.4778 0.4763 0.4748
3255.925412 0.4733 0.4722 0.4712 0.4702 0.4692
3260.601226 0.4680 0.4668 0.4655 0.4643 0.4632
3265.277041 0.4622 0.4612 0.4602 0.4572 0.4537
3269.952855 0.4501 0.4465 0.4452 0.4442 0.4432
3274.628670 0.4422 0.4409 0.4397 0.4384 0.4372
3279.304484 0.4370 0.4370 0.4370 0.4370 0.4368
3283.980299 0.4365 0.4363 0.4360 0.4356 0.4351
3288.656113 0.4346 0.4341 0.4340 0.4340 0.4340
3293.331928 0.4340 0.4344 0.4349 0.4354 0.4359
3298.007742 0.4378 0.4401 0.4423 0.4446 0.4464
3302.683557 0.4482 0.4499 0.4517 0.4536 0.4557
3307.359371 0.4577 0.4597 0.4615 0.4633 0.4650
3312.035186 0.4668 0.4687 0.4707 0.4727 0.4747
3316.711000 0.4776 0.4806 0.4836 0.4866 0.4889
3321.386815 0.4912 0.4934 0.4957 0.4998 0.5043
3326.062629 0.5088 0.5133 0.5155 0.5172 0.5190
3330.738444 0.5207 0.5221 0.5233 0.5246 0.5258
3335.414258 0.5262 0.5265 0.5267 0.5270 0.5274
3340.090073 0.5279 0.5284 0.5289 0.5286 0.5281
3344.765887 0.5276 0.5271 0.5263 0.5256 0.5248
3349.441702 0.5241 0.5231 0.5221 0.5211 0.5201
3354.117516 0.5189 0.5176 0.5164 0.5151 0.5141
3358.793331 0.5131 0.5121 0.5111 0.5103 0.5096
3363.469145 0.5088 0.5081 0.5073 0.5066 0.5058
3368.144960 0.5051 0.5039 0.5027 0.5014 0.5002
3372.820774 0.4998 0.4995 0.4993 0.4990 0.4990
3377.496588 0.4990 0.4990 0.4990 0.4990 0.4990
3382.172403 0.4990 0.4990 0.4990 0.4990 0.4990
3386.848217 0.4990 0.4992 0.4995 0.4997 0.5000
3391.524032 0.5021 0.5043 0.5066 0.5088 0.5124
3396.199846 0.5162 0.5199 0.5236 0.5265 0.5292
3400.875661 0.5320 0.5347 0.5370 0.5393 0.5415
3405.551475 0.5438 0.5462 0.5487 0.5512 0.5537
3410.227290 0.5571 0.5606 0.5641 0.5676 0.5702
3414.903104 0.5727 0.5752 0.5777 0.5805 0.5833
3419.578919 0.5861 0.5889 0.5904 0.5919 0.5934
3424.254733 0.5949 0.5952 0.5955 0.5957 0.5960
3428.930548 0.5960 0.5960 0.5960 0.5960 0.5967
3433.606362 0.5974 0.5982 0.5989 0.5995 0.6000
3438.282177 0.6005 0.6010 0.6010 0.6010 0.6010
3442.957991 0.6010 0.6012 0.6015 0.6017 0.6020
3447.633806 0.6025 0.6030 0.6035 0.6040 0.6042
3452.309620 0.6045 0.6047 0.6050 0.6055 0.6060
3456.985435 0.6065 0.6070 0.6072 0.6075 0.6077
3461.661249 0.6080 0.6085 0.6090 0.6095 0.6100
3466.337064 0.6102 0.6105 0.6107 0.6110 0.6110
3471.012878 0.6110 0.6110 0.6110 0.6122 0.6134
3475.688693 0.6147 0.6159 0.6167 0.6175 0.6182
3480.364507 0.6190 0.6197 0.6205 0.6212 0.6220
3485.040322 0.6227 0.6235 0.6242 0.6250 0.6259
3489.716136 0.6269 0.6279 0.6289 0.6295 0.6300
3494.391951 0.6305 0.6310 0.6312 0.6315 0.6317
3499.067765 0.6320 0.6327 0.6335 0.6342 0.6350
3503.743580 0.6355 0.6360 0.6365 0.6370 0.6377
3508.419394 0.6385 0.6392 0.6400 0.6407 0.6415
3513.095209 0.6422 0.6430 0.6440 0.6450 0.6460
3517.771023 0.6470 0.6470 0.6470 0.6470 0.6470
3522.446838 0.6477 0.6485 0.6492 0.6500 0.6505
3527.122652 0.6510 0.6515 0.6520 0.6522 0.6525
3531.798467 0.6528 0.6530 0.6535 0.6540 0.6545
3536.474281 0.6550 0.6553 0.6555 0.6558 0.6560
3541.150096 0.6565 0.6570 0.6575 0.6580 0.6588
3545.825910 0.6595 0.6603 0.6610 0.6618 0.6625
3550.501725 0.6633 0.6640 0.6647 0.6655 0.6662
3555.177539 0.6670 0.6677 0.6685 0.6692 0.6700
3559.853354 0.6702 0.6705 0.6707 0.6710 0.6715
3564.529168 0.6720 0.6725 0.6730 0.6740 0.6750
3569.204983 0.6760 0.6770 0.6775 0.6780 0.6785
3573.880797 0.6790 0.6798 0.6805 0.6813 0.6820
3578.556611 0.6828 0.6835 0.6843 0.6850 0.6858
3583.232426 0.6865 0.6873 0.6880 0.6888 0.6895
3587.908240 0.6903 0.6910 0.6910 0.6910 0.6910
3592.584055 0.6910 0.6913 0.6915 0.6918 0.6920
3597.259869 0.6925 0.6930 0.6935 0.6940 0.6943
3601.935684 0.6945 0.6948 0.6950 0.6955 0.6960
3606.611498 0.6965 0.6970 0.6973 0.6975 0.6978
3611.287313 0.6980 0.6985 0.6990 0.6995 0.7000
3615.963127 0.7000 0.7000 0.7000 0.7000 0.7000
3620.638942 0.7000 0.7000 0.7000 0.7000 0.7000
3625.314756 0.7000 0.7000 0.7000 0.7000 0.7000
3629.990571 0.7000 0.7000 0.7000 0.7000 0.7000
3634.666385 0.7000 0.7000 0.7000 0.7000 0.7000
3639.342200 0.7000 0.7000 0.7000 0.7000 0.7000
3644.018014 0.7000 0.7000 0.7000 0.7000 0.7000
3648.693829 0.7000 0.7000 0.7000 0.7000 0.7000
3653.369643 0.7000 0.7000 0.7000 0.7000 0.7000
3658.045458 0.7000 0.7000 0.7000 0.7000 0.7000
3662.721272 0.7000 0.7000 0.7000 0.7000 0.7000
3667.397087 0.7000 0.7000 0.7000 0.7000 0.7000
3672.072901 0.7000 0.7000 0.7000 0.7000 0.7000
3676.748716 0.7000 0.7000 0.7000 0.6995 0.6990
3681.424530 0.6984 0.6980 0.6980 0.6980 0.6980
3686.100345 0.6980 0.6980 0.6980 0.6980 0.6980
3690.776159 0.6977 0.6975 0.6972 0.6970 0.6970
3695.451974 0.6970 0.6970 0.6970 0.6970 0.6970
3700.127788 0.6970 0.6970 0.6965 0.6960 0.6955
3704.803603 0.6950 0.6950 0.6950 0.6950 0.6950
3709.479417 0.6950 0.6950 0.6950 0.6950 0.6947
3714.155232 0.6945 0.6942 0.6940 0.6940 0.6940
3718.831046 0.6940 0.6940 0.6940 0.6940 0.6940
3723.506861 0.6939 0.6934 0.6929 0.6924 0.6920
3728.182675 0.6920 0.6920 0.6920 0.6920 0.6920
3732.858490 0.6920 0.6920 0.6920 0.6920 0.6920
3737.534304 0.6920 0.6920 0.6917 0.6915 0.6912
3742.210119 0.6910 0.6910 0.6910 0.6910 0.6910
3746.885933 0.6910 0.6910 0.6910 0.6910 0.6910
3751.561748 0.6910 0.6910 0.6909 0.6902 0.6894
3756.237562 0.6886 0.6880 0.6880 0.6880 0.6880
3760.913377 0.6880 0.6880 0.6880 0.6880 0.6880
3765.589191 0.6880 0.6880 0.6880 0.6879 0.6874
3770.265005 0.6869 0.6864 0.6860 0.6860 0.6860
3774.940820 0.6860 0.6860 0.6860 0.6860 0.6860
3779.616634 0.6860 0.6857 0.6855 0.6852 0.6850
3784.292449 0.6850 0.6850 0.6850 0.6850 0.6850
3788.968263 0.6850 0.6850 0.6850 0.6850 0.6850
3793.644078 0.6850 0.6850 0.6850 0.6850 0.6850
3798.319892 0.6850 0.6850 0.6850 0.6850 0.6849
3802.995707 0.6844 0.6839 0.6834 0.6830 0.6830
3807.671521 0.6830 0.6830 0.6830 0.6830 0.6830
3812.347336 0.6830 0.6830 0.6827 0.6825 0.6822
3817.023150 0.6820 0.6820 0.6820 0.6820 0.6820
3821.698965 0.6820 0.6820 0.6820 0.6819 0.6814
3826.374779 0.6809 0.6804 0.6800 0.6800 0.6800
3831.050594 0.6800 0.6800 0.6800 0.6800 0.6800
3835.726408 0.6800 0.6800 0.6800 0.6800 0.6800
3840.402223 0.6800 0.6800 0.6800 0.6800 0.6800
3845.078037 0.6800 0.6800 0.6799 0.6797 0.6795
3849.753852 0.6792 0.6790 0.6790 0.6790 0.6790
3854.429666 0.6790 0.6790 0.6790 0.6790 0.6790
3859.105481 0.6790 0.6790 0.6790 0.6789 0.6784
3863.781295 0.6779 0.6774 0.6770 0.6770 0.6770
3868.457110 0.6770 0.6769 0.6767 0.6764 0.6762
3873.132924 0.6760 0.6760 0.6760 0.6760 0.6760
3877.808739 0.6760 0.6760 0.6760 0.6760 0.6760
3882.484553 0.6760 0.6760 0.6759 0.6754 0.6749
3887.160368 0.6744 0.6740 0.6740 0.6740 0.6740
3891.836182 0.6739 0.6737 0.6734 0.6732 0.6730
3896.511997 0.6730 0.6730 0.6730 0.6730 0.6730
3901.187811 0.6730 0.6730 0.6730 0.6730 0.6730
3905.863626 0.6730 0.6730 0.6730 0.6730 0.6730
3910.539440 0.6730 0.6730 0.6730 0.6730 0.6730
3915.215255 0.6730 0.6730 0.6730 0.6730 0.6730
3919.891069 0.6730 0.6730 0.6730 0.6730 0.6730
3924.566884 0.6730 0.6730 0.6730 0.6730 0.6730
3929.242698 0.6730 0.6730 0.6730 0.6730 0.6730
3933.918513 0.6730 0.6730 0.6730 0.6730 0.6730
3938.594327 0.6730 0.6730 0.6730 0.6730 0.6730
3943.270142 0.6730 0.6730 0.6730 0.6730 0.6730
3947.945956 0.6730 0.6730 0.6730 0.6730 0.6730
3952.621771 0.6730 0.6730 0.6730 0.6730 0.6730
3957.297585 0.6730 0.6730 0.6731 0.6733 0.6736
3961.973399 0.6738 0.6740 0.6740 0.6740 0.6740
3966.649214 0.6740 0.6740 0.6740 0.6740 0.6739
3971.325028 0.6737 0.6734 0.6732 0.6730 0.6730
3976.000843 0.6730 0.6730 0.6730 0.6730 0.6730
3980.676657 0.6730 0.6730 0.6730 0.6730 0.6730
3985.352472 0.6730 0.6730 0.6730 0.6730 0.6730
3990.028286 0.6730 0.6730 0.6730
##END=
