##TITLE=3-(N,N-DI-n-HEXYLAMINO)-2-METHYL-5-(n-HEPTYL)-PYRAZINE
##JCAMP-DX=4.24
##DATA TYPE=INFRARED SPECTRUM
##CLASS=COBLENTZ
##ORIGIN=WYANDOTTE CHEMICALS CORP., WYANDOTTE, MICHIGAN, USA
##OWNER=COBLENTZ SOCIETY
Collection (C) 2018 copyright by the U.S. Secretary of Commerce
on behalf of the United States of America. All rights reserved.
##DATE=Not specified, most likely prior to 1970
##NAMES=6-heptyl-N,N-dihexyl-3-methyl-2-pyrazinamine
N-(6-heptyl-3-methyl-2-pyrazinyl)-N,N-dihexylamine
##CAS REGISTRY NO=116403-06-6
##MOLFORM=C24 H45 N3
##SOURCE REFERENCE=COBLENTZ NO. 2638
##$NIST SOURCE=COBLENTZ
##$NIST IMAGE=cob2638
##SPECTROMETER/DATA SYSTEM=Not specified, most likely a prism, grating, or hybrid spectrometer.
##STATE=LIQUID
##PATH LENGTH=0.0015 CM
##SAMPLING PROCEDURE=TRANSMISSION
##RESOLUTION=4
##DATA PROCESSING=DIGITIZED BY NIST FROM HARD COPY
##XUNITS=MICROMETERS
##YUNITS=TRANSMITTANCE
##XFACTOR=1.000000
##YFACTOR=1
##DELTAX=000.006641
##FIRSTX=2.027
##LASTX=15.9996
##FIRSTY=0.99
##MAXX=15.9996
##MINX=2.027
##MAXY=0.998
##MINY=0.059
##NPOINTS=2105
##XYDATA=(X++(Y..Y))
2.027000 0.9900 0.9900 0.9880 0.9860 0.9860
2.060223 0.9900 0.9930 0.9960 0.9980 0.9980
2.093000 0.9980 0.9950 0.9880 0.9810 0.9800
2.126223 0.9800 0.9810 0.9810 0.9830 0.9830
2.159000 0.9760 0.9630 0.9560 0.9480 0.9380
2.192223 0.9300 0.9250 0.9220 0.9220 0.9220
2.226000 0.9220 0.9200 0.9200 0.9200 0.9200
2.259223 0.9200 0.9200 0.9200 0.9200 0.9220
2.292000 0.9270 0.9330 0.9380 0.9380 0.9380
2.325223 0.9380 0.9380 0.9380 0.9380 0.9400
2.359000 0.9420 0.9480 0.9480 0.9480 0.9480
2.392223 0.9450 0.9430 0.9430 0.9430 0.9450
2.425000 0.9450 0.9480 0.9480 0.9510 0.9560
2.458223 0.9580 0.9610 0.9630 0.9630 0.9600
2.491000 0.9600 0.9600 0.9600 0.9600 0.9600
2.524223 0.9630 0.9660 0.9680 0.9700 0.9730
2.558000 0.9730 0.9710 0.9680 0.9680 0.9680
2.591223 0.9680 0.9680 0.9700 0.9800 0.9800
2.624000 0.9810 0.9810 0.9830 0.9830 0.9830
2.657223 0.9830 0.9810 0.9780 0.9780 0.9780
2.691000 0.9800 0.9800 0.9800 0.9800 0.9800
2.724223 0.9780 0.9780 0.9780 0.9780 0.9780
2.757000 0.9780 0.9760 0.9730 0.9660 0.9580
2.790223 0.9550 0.9550 0.9550 0.9560 0.9580
2.824000 0.9580 0.9560 0.9550 0.9530 0.9510
2.857223 0.9500 0.9470 0.9450 0.9420 0.9400
2.890000 0.9380 0.9380 0.9370 0.9370 0.9370
2.923223 0.9350 0.9330 0.9320 0.9300 0.9300
2.956000 0.9280 0.9270 0.9270 0.9270 0.9270
2.989223 0.9270 0.9250 0.9250 0.9250 0.9250
3.023000 0.9230 0.9220 0.9180 0.9170 0.9170
3.056223 0.9170 0.9150 0.9150 0.9150 0.9130
3.089000 0.9130 0.9100 0.9070 0.9000 0.8950
3.122223 0.8890 0.8870 0.8870 0.8890 0.8890
3.156000 0.8890 0.8870 0.8840 0.8800 0.8790
3.189223 0.8750 0.8720 0.8690 0.8640 0.8600
3.222000 0.8590 0.8500 0.8370 0.8220 0.8020
3.255223 0.7740 0.7300 0.6750 0.6440 0.6320
3.288000 0.6290 0.6140 0.5760 0.5110 0.4270
3.321223 0.3290 0.2310 0.1420 0.0960 0.0720
3.355000 0.0610 0.0590 0.0590 0.0590 0.0590
3.388223 0.0620 0.0660 0.0690 0.0710 0.0720
3.421000 0.0740 0.0810 0.0820 0.0890 0.0890
3.454223 0.0770 0.0720 0.0690 0.0710 0.0840
3.488000 0.1150 0.1670 0.2250 0.2740 0.3260
3.521223 0.3790 0.4200 0.4560 0.5090 0.5590
3.554000 0.6070 0.6450 0.6780 0.7050 0.7260
3.587223 0.7430 0.7530 0.7730 0.7910 0.7940
3.620000 0.7960 0.7960 0.7960 0.7930 0.7910
3.653223 0.7880 0.7860 0.7880 0.7890 0.7980
3.687000 0.7990 0.8010 0.8090 0.8120 0.8170
3.720223 0.8170 0.8220 0.8260 0.8270 0.8270
3.753000 0.8310 0.8320 0.8390 0.8440 0.8490
3.786223 0.8570 0.8620 0.8640 0.8700 0.8750
3.820000 0.8770 0.8770 0.8770 0.8790 0.8800
3.853223 0.8820 0.8840 0.8870 0.8870 0.8890
3.886000 0.8900 0.8990 0.9000 0.9020 0.9030
3.919223 0.9050 0.9070 0.9070 0.9080 0.9080
3.953000 0.9100 0.9120 0.9120 0.9130 0.9130
3.986223 0.9130 0.9150 0.9170 0.9180 0.9200
4.019000 0.9200 0.9200 0.9200 0.9200 0.9200
4.052223 0.9200 0.9200 0.9200 0.9200 0.9200
4.085000 0.9200 0.9200 0.9180 0.9170 0.9170
4.118223 0.9200 0.9230 0.9230 0.9220 0.9220
4.152000 0.9180 0.9180 0.9180 0.9180 0.9180
4.185223 0.9170 0.9170 0.9150 0.9150 0.9130
4.218000 0.9120 0.9100 0.9080 0.9080 0.9080
4.251223 0.9100 0.9100 0.9100 0.9120 0.9200
4.285000 0.9200 0.9220 0.9220 0.9220 0.9220
4.318223 0.9220 0.9230 0.9250 0.9270 0.9280
4.351000 0.9320 0.9350 0.9380 0.9400 0.9400
4.384223 0.9400 0.9380 0.9380 0.9400 0.9400
4.417000 0.9420 0.9420 0.9420 0.9430 0.9450
4.450223 0.9450 0.9430 0.9420 0.9400 0.9380
4.484000 0.9370 0.9350 0.9350 0.9350 0.9380
4.517223 0.9420 0.9430 0.9470 0.9470 0.9450
4.550000 0.9420 0.9420 0.9400 0.9400 0.9400
4.583223 0.9380 0.9380 0.9400 0.9400 0.9400
4.617000 0.9420 0.9430 0.9470 0.9500 0.9500
4.650223 0.9450 0.9450 0.9430 0.9430 0.9430
4.683000 0.9430 0.9430 0.9430 0.9430 0.9430
4.716223 0.9450 0.9480 0.9480 0.9480 0.9480
4.750000 0.9480 0.9500 0.9500 0.9480 0.9450
4.783223 0.9450 0.9430 0.9450 0.9500 0.9510
4.816000 0.9580 0.9580 0.9580 0.9580 0.9580
4.849223 0.9580 0.9530 0.9530 0.9510 0.9510
4.882000 0.9500 0.9500 0.9480 0.9480 0.9480
4.915223 0.9480 0.9470 0.9450 0.9450 0.9420
4.949000 0.9420 0.9400 0.9420 0.9430 0.9470
4.982223 0.9480 0.9480 0.9480 0.9500 0.9500
5.015000 0.9500 0.9500 0.9500 0.9510 0.9510
5.048223 0.9510 0.9510 0.9510 0.9550 0.9560
5.082000 0.9610 0.9610 0.9610 0.9600 0.9600
5.115223 0.9580 0.9560 0.9580 0.9600 0.9610
5.148000 0.9630 0.9630 0.9600 0.9580 0.9560
5.181223 0.9560 0.9560 0.9560 0.9560 0.9560
5.214000 0.9580 0.9580 0.9580 0.9580 0.9600
5.247223 0.9600 0.9600 0.9580 0.9580 0.9580
5.281000 0.9550 0.9550 0.9560 0.9580 0.9580
5.314223 0.9610 0.9610 0.9610 0.9580 0.9550
5.347000 0.9510 0.9500 0.9500 0.9500 0.9550
5.380223 0.9610 0.9610 0.9600 0.9600 0.9600
5.414000 0.9600 0.9600 0.9580 0.9560 0.9550
5.447223 0.9550 0.9550 0.9560 0.9560 0.9580
5.480000 0.9580 0.9580 0.9580 0.9580 0.9580
5.513223 0.9580 0.9560 0.9530 0.9510 0.9510
5.546000 0.9480 0.9480 0.9480 0.9480 0.9470
5.579223 0.9470 0.9470 0.9450 0.9450 0.9450
5.613000 0.9430 0.9420 0.9420 0.9380 0.9380
5.646223 0.9380 0.9370 0.9370 0.9350 0.9330
5.679000 0.9320 0.9300 0.9280 0.9270 0.9230
5.712223 0.9180 0.9170 0.9170 0.9170 0.9150
5.746000 0.9120 0.9080 0.9050 0.9030 0.9020
5.779223 0.9000 0.8970 0.8940 0.8890 0.8890
5.812000 0.8870 0.8850 0.8850 0.8850 0.8840
5.845223 0.8820 0.8800 0.8800 0.8800 0.8800
5.879000 0.8790 0.8700 0.8650 0.8600 0.8600
5.912223 0.8600 0.8600 0.8600 0.8600 0.8670
5.945000 0.8670 0.8670 0.8650 0.8620 0.8620
5.978223 0.8600 0.8590 0.8550 0.8520 0.8500
6.011000 0.8490 0.8440 0.8420 0.8410 0.8390
6.044223 0.8390 0.8370 0.8310 0.8270 0.8260
6.078000 0.8260 0.8270 0.8370 0.8370 0.8360
6.111223 0.8360 0.8340 0.8340 0.8340 0.8320
6.144000 0.8320 0.8320 0.8320 0.8310 0.8290
6.177223 0.8270 0.8270 0.8260 0.8240 0.8240
6.211000 0.8240 0.8220 0.8210 0.8210 0.8210
6.244223 0.8210 0.8210 0.8140 0.8090 0.7910
6.277000 0.7840 0.7740 0.7630 0.7460 0.7110
6.310223 0.6820 0.6500 0.6050 0.5760 0.5610
6.343000 0.5510 0.5490 0.5490 0.5570 0.5740
6.376223 0.6050 0.6290 0.6390 0.6500 0.6600
6.410000 0.6600 0.6550 0.6500 0.6340 0.6250
6.443223 0.6050 0.5710 0.5160 0.4500 0.3720
6.476000 0.3310 0.2580 0.2080 0.1730 0.1700
6.509223 0.1720 0.1820 0.2130 0.2360 0.2660
6.543000 0.3220 0.3690 0.4250 0.4700 0.5060
6.576223 0.5310 0.5480 0.5520 0.5670 0.5820
6.609000 0.5990 0.6100 0.6190 0.6190 0.6190
6.642223 0.6140 0.6120 0.6050 0.5960 0.5790
6.676000 0.5710 0.5610 0.5460 0.5290 0.5190
6.709223 0.5040 0.4860 0.4710 0.4550 0.4380
6.742000 0.4150 0.3850 0.3470 0.2940 0.2260
6.775223 0.1090 0.1000 0.1000 0.1000 0.1020
6.808000 0.1040 0.1070 0.1120 0.1170 0.1200
6.841223 0.1140 0.1040 0.1000 0.1000 0.1000
6.875000 0.1000 0.1000 0.0990 0.0960 0.0940
6.908223 0.0920 0.0920 0.0940 0.1070 0.1240
6.941000 0.1390 0.1520 0.1620 0.1650 0.1730
6.974223 0.1820 0.1930 0.2100 0.2110 0.2160
7.008000 0.2160 0.2160 0.2150 0.2080 0.2010
7.041223 0.1820 0.1650 0.1620 0.1600 0.1620
7.074000 0.1630 0.1720 0.1820 0.2030 0.2260
7.107223 0.2400 0.2590 0.2880 0.3060 0.3220
7.140000 0.3370 0.3570 0.3970 0.4270 0.4510
7.173223 0.4650 0.4700 0.4700 0.4660 0.4450
7.207000 0.4200 0.3690 0.3160 0.2540 0.2160
7.240223 0.1870 0.1680 0.1620 0.1550 0.1530
7.273000 0.1530 0.1530 0.1520 0.1500 0.1490
7.306223 0.1470 0.1450 0.1450 0.1490 0.1490
7.340000 0.1520 0.1550 0.1550 0.1600 0.1600
7.373223 0.1630 0.1730 0.1830 0.1950 0.2110
7.406000 0.2280 0.2450 0.2640 0.2810 0.2980
7.439223 0.3120 0.3270 0.3420 0.3670 0.3900
7.472000 0.4020 0.4100 0.4250 0.4330 0.4350
7.505223 0.4370 0.4350 0.4230 0.4130 0.4100
7.539000 0.4020 0.4000 0.3970 0.3920 0.3920
7.572223 0.3900 0.3890 0.3850 0.3820 0.3790
7.605000 0.3770 0.3750 0.3750 0.3740 0.3720
7.638223 0.3700 0.3690 0.3670 0.3670 0.3670
7.672000 0.3690 0.3700 0.3700 0.3720 0.3750
7.705223 0.3800 0.3840 0.3950 0.4070 0.4120
7.738000 0.4180 0.4270 0.4330 0.4400 0.4470
7.771223 0.4510 0.4580 0.4610 0.4630 0.4630
7.805000 0.4660 0.4700 0.4750 0.4810 0.4850
7.838223 0.4880 0.4910 0.5000 0.5030 0.5060
7.871000 0.5090 0.5140 0.5140 0.5090 0.5010
7.904223 0.4910 0.4760 0.4700 0.4650 0.4600
7.937000 0.4480 0.4430 0.4420 0.4430 0.4560
7.970223 0.4700 0.4760 0.4950 0.5060 0.5290
8.004000 0.5520 0.5760 0.5940 0.6100 0.6140
8.037223 0.6200 0.6240 0.6250 0.6200 0.6050
8.070000 0.6000 0.5990 0.5940 0.5920 0.5920
8.103223 0.5910 0.5910 0.5920 0.6020 0.6150
8.137000 0.6220 0.6290 0.6300 0.6320 0.6450
8.170223 0.6530 0.6600 0.6620 0.6600 0.6530
8.203000 0.6470 0.6370 0.6300 0.6200 0.6190
8.236223 0.6190 0.6170 0.6150 0.6150 0.6140
8.269000 0.6120 0.6120 0.6100 0.6090 0.6090
8.302223 0.6090 0.6090 0.6090 0.6070 0.6070
8.336000 0.6050 0.6000 0.5920 0.5860 0.5790
8.369223 0.5710 0.5640 0.5590 0.5490 0.5340
8.402000 0.5190 0.5010 0.4850 0.4700 0.4550
8.435223 0.4450 0.4370 0.4220 0.4020 0.3870
8.469000 0.3790 0.3670 0.3570 0.3470 0.3390
8.502223 0.3320 0.3240 0.3120 0.3090 0.3060
8.535000 0.3040 0.3040 0.3020 0.2940 0.2890
8.568223 0.2880 0.2860 0.2810 0.2810 0.2780
8.602000 0.2730 0.2690 0.2660 0.2640 0.2640
8.635223 0.2640 0.2680 0.2690 0.2760 0.2830
8.668000 0.2980 0.3070 0.3240 0.3360 0.3470
8.701223 0.3570 0.3740 0.3950 0.4120 0.4320
8.734000 0.4480 0.4630 0.4700 0.4700 0.4700
8.767223 0.4610 0.4370 0.4120 0.3800 0.3650
8.801000 0.3190 0.2810 0.2480 0.2130 0.2060
8.834223 0.1900 0.1780 0.1780 0.1830 0.1930
8.867000 0.2060 0.2230 0.2410 0.2540 0.2730
8.900223 0.2880 0.2980 0.3070 0.3190 0.3390
8.934000 0.3570 0.3700 0.3820 0.3970 0.4120
8.967223 0.4220 0.4300 0.4510 0.4550 0.4550
9.000000 0.4480 0.4400 0.4300 0.4170 0.4000
9.033223 0.3950 0.3890 0.3850 0.3850 0.3870
9.066000 0.3900 0.3990 0.4070 0.4250 0.4370
9.099223 0.4470 0.4650 0.4750 0.4860 0.4980
9.133000 0.5140 0.5310 0.5390 0.5520 0.5710
9.166223 0.5940 0.6040 0.6120 0.6190 0.6240
9.199000 0.6270 0.6320 0.6370 0.6420 0.6490
9.232223 0.6550 0.6620 0.6670 0.6680 0.6680
9.266000 0.6700 0.6700 0.6780 0.6880 0.6900
9.299223 0.6920 0.6980 0.7000 0.7080 0.7110
9.332000 0.7160 0.7160 0.7160 0.7180 0.7210
9.365223 0.7230 0.7260 0.7280 0.7280 0.7280
9.398000 0.7260 0.7250 0.7200 0.7180 0.7160
9.431223 0.7150 0.7150 0.7150 0.7150 0.7150
9.465000 0.7130 0.7130 0.7130 0.7110 0.7110
9.498223 0.7110 0.7110 0.7110 0.7130 0.7150
9.531000 0.7150 0.7180 0.7180 0.7180 0.7180
9.564223 0.7180 0.7160 0.7160 0.7150 0.7130
9.598000 0.7130 0.7110 0.7100 0.7080 0.7050
9.631223 0.7000 0.6980 0.6900 0.6850 0.6800
9.664000 0.6780 0.6700 0.6670 0.6620 0.6580
9.697223 0.6550 0.6530 0.6530 0.6570 0.6570
9.731000 0.6600 0.6620 0.6620 0.6620 0.6630
9.764223 0.6630 0.6630 0.6630 0.6620 0.6620
9.797000 0.6620 0.6600 0.6570 0.6550 0.6530
9.830223 0.6530 0.6530 0.6520 0.6500 0.6500
9.863000 0.6490 0.6490 0.6490 0.6520 0.6530
9.896223 0.6570 0.6570 0.6570 0.6570 0.6570
9.930000 0.6570 0.6600 0.6600 0.6620 0.6670
9.963223 0.6680 0.6680 0.6650 0.6650 0.6630
9.996000 0.6630 0.6650 0.6650 0.6670 0.6680
10.029223 0.6680 0.6700 0.6730 0.6780 0.6800
10.063000 0.6800 0.6820 0.6880 0.6950 0.6980
10.096223 0.6980 0.7010 0.7080 0.7110 0.7160
10.129000 0.7180 0.7180 0.7180 0.7200 0.7210
10.162223 0.7260 0.7280 0.7300 0.7380 0.7400
10.195000 0.7410 0.7450 0.7480 0.7510 0.7560
10.228223 0.7590 0.7660 0.7680 0.7690 0.7710
10.262000 0.7780 0.7830 0.7880 0.7890 0.7910
10.295223 0.7910 0.7910 0.7940 0.7940 0.7980
10.328000 0.8010 0.8020 0.8040 0.8060 0.8060
10.361223 0.8060 0.8070 0.8070 0.8070 0.8070
10.395000 0.8090 0.8170 0.8190 0.8190 0.8190
10.428223 0.8170 0.8170 0.8170 0.8190 0.8210
10.461000 0.8260 0.8270 0.8270 0.8290 0.8290
10.494223 0.8290 0.8310 0.8370 0.8470 0.8490
10.528000 0.8490 0.8470 0.8440 0.8440 0.8460
10.561223 0.8470 0.8490 0.8540 0.8590 0.8600
10.594000 0.8620 0.8650 0.8650 0.8600 0.8550
10.627223 0.8550 0.8600 0.8620 0.8620 0.8600
10.660000 0.8570 0.8550 0.8550 0.8570 0.8570
10.693223 0.8570 0.8540 0.8540 0.8520 0.8500
10.727000 0.8490 0.8470 0.8470 0.8470 0.8470
10.760223 0.8470 0.8470 0.8470 0.8470 0.8470
10.793000 0.8470 0.8460 0.8460 0.8460 0.8440
10.826223 0.8420 0.8410 0.8410 0.8390 0.8370
10.860000 0.8370 0.8360 0.8340 0.8320 0.8310
10.893223 0.8290 0.8270 0.8270 0.8210 0.8190
10.926000 0.8170 0.8170 0.8140 0.8120 0.8090
10.959223 0.8070 0.8070 0.8040 0.8040 0.8020
10.992000 0.8020 0.8010 0.8010 0.7990 0.7990
11.025223 0.7990 0.7990 0.7990 0.7990 0.7990
11.059000 0.7990 0.7990 0.7990 0.7990 0.7980
11.092223 0.7960 0.7940 0.7940 0.7940 0.7930
11.125000 0.7930 0.7910 0.7890 0.7890 0.7880
11.158223 0.7830 0.7790 0.7780 0.7710 0.7680
11.192000 0.7630 0.7590 0.7540 0.7510 0.7500
11.225223 0.7450 0.7410 0.7380 0.7310 0.7250
11.258000 0.7180 0.7150 0.7050 0.7000 0.6950
11.291223 0.6880 0.6870 0.6850 0.6850 0.6830
11.324000 0.6800 0.6770 0.6770 0.6730 0.6730
11.357223 0.6730 0.6770 0.6770 0.6780 0.6820
11.391000 0.6830 0.6850 0.6850 0.6870 0.6870
11.424223 0.6880 0.6950 0.6980 0.7000 0.7010
11.457000 0.7080 0.7200 0.7250 0.7300 0.7310
11.490223 0.7350 0.7400 0.7460 0.7500 0.7540
11.524000 0.7590 0.7680 0.7710 0.7730 0.7760
11.557223 0.7780 0.7790 0.7810 0.7830 0.7840
11.590000 0.7880 0.7930 0.8010 0.8070 0.8070
11.623223 0.8110 0.8160 0.8170 0.8190 0.8190
11.657000 0.8220 0.8290 0.8310 0.8370 0.8370
11.690223 0.8410 0.8420 0.8460 0.8470 0.8490
11.723000 0.8550 0.8570 0.8600 0.8600 0.8640
11.756223 0.8670 0.8690 0.8700 0.8700 0.8700
11.789000 0.8720 0.8720 0.8720 0.8700 0.8690
11.822223 0.8690 0.8690 0.8690 0.8690 0.8690
11.856000 0.8740 0.8750 0.8750 0.8770 0.8770
11.889223 0.8790 0.8790 0.8800 0.8800 0.8820
11.922000 0.8820 0.8820 0.8820 0.8790 0.8790
11.955223 0.8790 0.8790 0.8790 0.8790 0.8790
11.989000 0.8790 0.8790 0.8800 0.8820 0.8840
12.022223 0.8840 0.8870 0.8870 0.8890 0.8890
12.055000 0.8900 0.8900 0.8920 0.8940 0.8940
12.088223 0.8940 0.8940 0.8940 0.8940 0.8920
12.121000 0.8900 0.8890 0.8890 0.8890 0.8870
12.154223 0.8850 0.8850 0.8840 0.8840 0.8840
12.188000 0.8840 0.8840 0.8840 0.8840 0.8840
12.221223 0.8840 0.8840 0.8840 0.8840 0.8840
12.254000 0.8840 0.8840 0.8790 0.8740 0.8700
12.287223 0.8690 0.8690 0.8690 0.8690 0.8690
12.321000 0.8690 0.8720 0.8720 0.8690 0.8690
12.354223 0.8690 0.8670 0.8670 0.8670 0.8670
12.387000 0.8670 0.8670 0.8670 0.8670 0.8690
12.420223 0.8700 0.8700 0.8700 0.8700 0.8690
12.454000 0.8640 0.8640 0.8640 0.8670 0.8670
12.487223 0.8690 0.8690 0.8690 0.8640 0.8600
12.520000 0.8590 0.8600 0.8620 0.8650 0.8670
12.553223 0.8670 0.8670 0.8650 0.8640 0.8620
12.586000 0.8600 0.8600 0.8590 0.8550 0.8520
12.619223 0.8500 0.8490 0.8490 0.8490 0.8490
12.653000 0.8490 0.8490 0.8470 0.8470 0.8460
12.686223 0.8460 0.8440 0.8440 0.8420 0.8420
12.719000 0.8420 0.8440 0.8440 0.8440 0.8440
12.752223 0.8460 0.8460 0.8460 0.8460 0.8460
12.786000 0.8460 0.8460 0.8460 0.8440 0.8440
12.819223 0.8440 0.8440 0.8440 0.8440 0.8420
12.852000 0.8420 0.8420 0.8420 0.8390 0.8390
12.885223 0.8370 0.8360 0.8360 0.8360 0.8340
12.918000 0.8320 0.8320 0.8320 0.8320 0.8310
12.951223 0.8310 0.8310 0.8310 0.8310 0.8310
12.985000 0.8310 0.8290 0.8290 0.8270 0.8270
13.018223 0.8240 0.8220 0.8170 0.8160 0.8160
13.051000 0.8170 0.8170 0.8140 0.8140 0.8110
13.084223 0.8090 0.8090 0.8090 0.8070 0.8070
13.118000 0.8060 0.8060 0.8010 0.7990 0.7960
13.151223 0.7940 0.7890 0.7890 0.7890 0.7890
13.184000 0.7890 0.7890 0.7910 0.7940 0.7980
13.217223 0.7980 0.7980 0.7960 0.7960 0.7960
13.250000 0.7980 0.7980 0.7990 0.8010 0.8060
13.283223 0.8070 0.8090 0.8090 0.8070 0.8070
13.317000 0.8090 0.8160 0.8160 0.8160 0.8160
13.350223 0.8160 0.8170 0.8170 0.8210 0.8260
13.383000 0.8260 0.8270 0.8270 0.8270 0.8270
13.416223 0.8270 0.8260 0.8240 0.8240 0.8240
13.450000 0.8260 0.8260 0.8260 0.8260 0.8240
13.483223 0.8220 0.8220 0.8210 0.8190 0.8190
13.516000 0.8190 0.8190 0.8170 0.8170 0.8160
13.549223 0.8110 0.8070 0.8060 0.8040 0.8020
13.583000 0.8020 0.7990 0.7980 0.7940 0.7910
13.616223 0.7880 0.7790 0.7710 0.7690 0.7630
13.649000 0.7610 0.7560 0.7480 0.7430 0.7410
13.682223 0.7380 0.7250 0.7160 0.7130 0.7110
13.715000 0.7100 0.7080 0.7000 0.6900 0.6900
13.748223 0.6870 0.6770 0.6720 0.6620 0.6530
13.782000 0.6490 0.6400 0.6390 0.6370 0.6300
13.815223 0.6200 0.6170 0.6100 0.6100 0.6090
13.848000 0.6090 0.6050 0.6050 0.6050 0.6070
13.881223 0.6090 0.6140 0.6200 0.6290 0.6340
13.915000 0.6470 0.6520 0.6580 0.6670 0.6670
13.948223 0.6920 0.7060 0.7110 0.7200 0.7300
13.981000 0.7360 0.7460 0.7500 0.7540 0.7730
14.014223 0.7860 0.7930 0.7960 0.7980 0.8010
14.047000 0.8070 0.8090 0.8160 0.8210 0.8270
14.080223 0.8370 0.8390 0.8420 0.8460 0.8490
14.114000 0.8550 0.8570 0.8590 0.8670 0.8690
14.147223 0.8690 0.8700 0.8720 0.8750 0.8770
14.180000 0.8800 0.8820 0.8820 0.8840 0.8850
14.213223 0.8870 0.8900 0.8920 0.8940 0.9000
14.247000 0.9000 0.8990 0.8970 0.8950 0.8940
14.280223 0.8870 0.8870 0.8870 0.8870 0.8890
14.313000 0.8970 0.9000 0.9000 0.8970 0.8970
14.346223 0.8950 0.8940 0.8890 0.8890 0.8890
14.380000 0.8890 0.8900 0.8900 0.8900 0.8890
14.413223 0.8870 0.8840 0.8820 0.8820 0.8820
14.446000 0.8820 0.8820 0.8840 0.8840 0.8840
14.479223 0.8850 0.8870 0.8890 0.8890 0.8890
14.512000 0.8890 0.8890 0.8890 0.8900 0.8900
14.545223 0.8920 0.8940 0.8970 0.9000 0.8990
14.579000 0.8970 0.8970 0.8970 0.8950 0.8950
14.612223 0.8970 0.8990 0.9000 0.9050 0.9100
14.645000 0.9120 0.9100 0.9080 0.9080 0.9080
14.678223 0.9080 0.9080 0.9080 0.9080 0.9100
14.712000 0.9120 0.9150 0.9180 0.9180 0.9170
14.745223 0.9150 0.9150 0.9170 0.9170 0.9180
14.778000 0.9180 0.9180 0.9180 0.9180 0.9200
14.811223 0.9200 0.9200 0.9200 0.9200 0.9200
14.844000 0.9200 0.9200 0.9200 0.9200 0.9200
14.877223 0.9200 0.9180 0.9180 0.9180 0.9170
14.911000 0.9150 0.9150 0.9150 0.9150 0.9150
14.944223 0.9170 0.9170 0.9170 0.9170 0.9150
14.977000 0.9100 0.9070 0.9050 0.9030 0.9030
15.010223 0.9000 0.8990 0.8970 0.8950 0.8900
15.044000 0.8850 0.8790 0.8720 0.8650 0.8570
15.077223 0.8490 0.8410 0.8290 0.8260 0.8220
15.110000 0.8190 0.8190 0.8170 0.8170 0.8170
15.143223 0.8170 0.8190 0.8260 0.8260 0.8270
15.176000 0.8310 0.8370 0.8440 0.8490 0.8550
15.209223 0.8590 0.8640 0.8670 0.8670 0.8690
15.243000 0.8690 0.8720 0.8750 0.8770 0.8770
15.276223 0.8790 0.8790 0.8790 0.8790 0.8790
15.309000 0.8790 0.8790 0.8790 0.8790 0.8790
15.342223 0.8790 0.8790 0.8770 0.8770 0.8770
15.376000 0.8750 0.8690 0.8670 0.8670 0.8670
15.409223 0.8670 0.8670 0.8670 0.8690 0.8700
15.442000 0.8700 0.8690 0.8670 0.8650 0.8640
15.475223 0.8640 0.8640 0.8590 0.8590 0.8590
15.509000 0.8590 0.8620 0.8650 0.8650 0.8600
15.542223 0.8590 0.8590 0.8590 0.8570 0.8540
15.575000 0.8490 0.8490 0.8490 0.8500 0.8500
15.608223 0.8520 0.8520 0.8520 0.8520 0.8500
15.641000 0.8490 0.8490 0.8470 0.8460 0.8440
15.674223 0.8440 0.8420 0.8410 0.8390 0.8360
15.708000 0.8360 0.8360 0.8360 0.8320 0.8290
15.741223 0.8260 0.8240 0.8220 0.8220 0.8220
15.774000 0.8240 0.8240 0.8210 0.8170 0.8160
15.807223 0.8140 0.8140 0.8120 0.8120 0.8110
15.841000 0.8090 0.8070 0.8060 0.8040 0.8020
15.874223 0.8010 0.8010 0.8010 0.8020 0.8020
15.907000 0.8020 0.8020 0.8020 0.8010 0.8010
15.940223 0.7990 0.7980 0.7980 0.7980 0.7980
15.973000 0.7980 0.7960 0.7960 0.7940 0.7940
##END=
