##TITLE=SUCCINIC ACID,2-(o-HYDROXYPHENYL)-2-PHENYL-,Gamma-LACTONE
##JCAMP-DX=4.24
##DATA TYPE=INFRARED SPECTRUM
##CLASS=COBLENTZ III
##ORIGIN=ABBOTT LABORATORIES
##OWNER=Copyright (C) 1987 by the Coblentz Society
Collection (C) 2018 copyright by the U.S. Secretary of Commerce
on behalf of the United States of America. All rights reserved.
##DATE=1964/04/06
##NAMES=(2-oxo-3-phenyl-2,3-dihydro-1-benzofuran-3-yl)acetic acid
3-Benzofuranacetic acid, 2,3-dihydro-2-oxo-3-phenyl,
##CAS REGISTRY NO=116465-78-2
##MOLFORM=C16 H12 O4
##SOURCE REFERENCE=COBLENTZ NO. 5329
##$NIST SOURCE=COBLENTZ
##$NIST IMAGE=cob5329
##SPECTROMETER/DATA SYSTEM=PERKIN-ELMER 421 (GRATING)
$$SPECTRAL CONTAMINATION DUE TO OIL AROUND 2900 CM^-^1
##INSTRUMENT PARAMETERS=GRATING CHANGE AT 1999 CM^-^1
##STATE=SOLID (NUJOL MULL)
##RESOLUTION=2
##XUNITS=1/CM
##YUNITS=TRANSMITTANCE
##XFACTOR=1.0
##YFACTOR=1
##FIRSTX=669
##LASTX=4000
##FIRSTY=0.6437
##MAXX=4000
##MINX=669
##MAXY=0.8301
##MINY=0.0149
##NPOINTS=3332
##XYDATA=(X++(Y..Y))
669.000000 0.6437 0.6290 0.6178 0.6066 0.5945
674.000000 0.5811 0.5677 0.5576 0.5510 0.5453
679.000000 0.5430 0.5407 0.5384 0.5282 0.4801
684.000000 0.4495 0.4476 0.4459 0.4463 0.4452
689.000000 0.5319 0.6190 0.6810 0.6824 0.6836
694.000000 0.6841 0.6847 0.6897 0.6971 0.7046
699.000000 0.7120 0.7193 0.7210 0.7224 0.7233
704.000000 0.7232 0.7228 0.7190 0.7175 0.7066
709.000000 0.6957 0.6864 0.6838 0.6815 0.6798
714.000000 0.6783 0.6768 0.6754 0.6743 0.6732
719.000000 0.6721 0.6546 0.6326 0.6106 0.5886
724.000000 0.5666 0.5446 0.5311 0.5207 0.5142
729.000000 0.5074 0.4989 0.4577 0.4153 0.3728
734.000000 0.3304 0.2879 0.2604 0.2607 0.2622
739.000000 0.4088 0.5040 0.5993 0.6237 0.6239
744.000000 0.6227 0.6170 0.6113 0.6057 0.6000
749.000000 0.5943 0.5898 0.5926 0.6189 0.6452
754.000000 0.6715 0.6858 0.7072 0.7537 0.7650
759.000000 0.7762 0.7851 0.7891 0.7930 0.7958
764.000000 0.7983 0.8009 0.8025 0.8042 0.8052
769.000000 0.8060 0.8068 0.8077 0.8084 0.8091
774.000000 0.8099 0.8098 0.8100 0.8102 0.8104
779.000000 0.8106 0.8104 0.8100 0.8097 0.8093
784.000000 0.8087 0.8081 0.8074 0.8067 0.8060
789.000000 0.8053 0.8045 0.8038 0.8030 0.8022
794.000000 0.8015 0.8009 0.8005 0.8002 0.7998
799.000000 0.7995 0.7991 0.7988 0.7985 0.7983
804.000000 0.7981 0.7979 0.7977 0.7976 0.7974
809.000000 0.7972 0.7970 0.7965 0.7958 0.7950
814.000000 0.7943 0.7936 0.7928 0.7914 0.7899
819.000000 0.7883 0.7868 0.7852 0.7835 0.7814
824.000000 0.7793 0.7772 0.7751 0.7730 0.7708
829.000000 0.7686 0.7664 0.7642 0.7620 0.7597
834.000000 0.7553 0.7490 0.7427 0.7364 0.7301
839.000000 0.7238 0.7175 0.7112 0.7025 0.6984
844.000000 0.6987 0.6972 0.7089 0.7222 0.7355
849.000000 0.7488 0.7446 0.7470 0.7457 0.7418
854.000000 0.7358 0.7298 0.7239 0.7179 0.7119
859.000000 0.7059 0.6999 0.6939 0.6880 0.6829
864.000000 0.6789 0.6737 0.6677 0.6616 0.6554
869.000000 0.6492 0.6417 0.6336 0.6183 0.5918
874.000000 0.5653 0.5388 0.5181 0.5195 0.5330
879.000000 0.5465 0.5600 0.5736 0.5871 0.5877
884.000000 0.5901 0.5696 0.5573 0.5451 0.5329
889.000000 0.5207 0.5146 0.5146 0.5150 0.5424
894.000000 0.5711 0.5999 0.6286 0.6309 0.6275
899.000000 0.6145 0.5909 0.5674 0.5438 0.5202
904.000000 0.4967 0.4731 0.4728 0.4731 0.4939
909.000000 0.5191 0.5443 0.5694 0.5946 0.6198
914.000000 0.6449 0.6685 0.6764 0.6805 0.6828
919.000000 0.6842 0.6858 0.6876 0.6903 0.6943
924.000000 0.7074 0.7267 0.7437 0.7496 0.7501
929.000000 0.7503 0.7498 0.7489 0.7479 0.7466
934.000000 0.7454 0.7436 0.7415 0.7395 0.7376
939.000000 0.7357 0.7326 0.7293 0.7261 0.7154
944.000000 0.7037 0.6920 0.6802 0.6685 0.6568
949.000000 0.6498 0.6495 0.6500 0.6508 0.6494
954.000000 0.6700 0.6801 0.6903 0.7005 0.7106
959.000000 0.7208 0.7261 0.7273 0.7284 0.7294
964.000000 0.7304 0.7322 0.7341 0.7355 0.7352
969.000000 0.7362 0.7353 0.7321 0.7277 0.7227
974.000000 0.7178 0.7127 0.7074 0.7021 0.6954
979.000000 0.6880 0.6804 0.6657 0.6512 0.6371
984.000000 0.6229 0.6088 0.5946 0.5805 0.5760
989.000000 0.5752 0.5794 0.5998 0.6244 0.6490
994.000000 0.6736 0.6982 0.7125 0.7136 0.7114
999.000000 0.6954 0.6683 0.6411 0.6140 0.5868
1004.000000 0.5597 0.5325 0.5054 0.4782 0.4693
1009.000000 0.4697 0.5420 0.6016 0.6611 0.7207
1014.000000 0.7288 0.7306 0.7308 0.7306 0.7324
1019.000000 0.7234 0.7144 0.7067 0.6985 0.6896
1024.000000 0.6825 0.6758 0.6706 0.6667 0.6635
1029.000000 0.6618 0.6602 0.6576 0.6445 0.6255
1034.000000 0.6065 0.5875 0.5685 0.5494 0.5321
1039.000000 0.5220 0.5107 0.4954 0.4814 0.4682
1044.000000 0.4550 0.4418 0.4286 0.4154 0.4022
1049.000000 0.3890 0.3828 0.3833 0.3823 0.4077
1054.000000 0.4220 0.4363 0.4505 0.4569 0.4545
1059.000000 0.4587 0.4098 0.3875 0.3651 0.3428
1064.000000 0.3204 0.2983 0.2988 0.2969 0.3620
1069.000000 0.4023 0.4426 0.4829 0.5231 0.5634
1074.000000 0.6037 0.6378 0.6663 0.6786 0.6908
1079.000000 0.7039 0.7159 0.7204 0.7249 0.7293
1084.000000 0.7310 0.7327 0.7354 0.7325 0.7315
1089.000000 0.7282 0.7179 0.7075 0.6972 0.6868
1094.000000 0.6765 0.6701 0.6714 0.6756 0.6840
1099.000000 0.6924 0.7009 0.7093 0.7177 0.7224
1104.000000 0.7225 0.7227 0.7245 0.7219 0.7209
1109.000000 0.7084 0.6809 0.6534 0.6259 0.5984
1114.000000 0.5708 0.5433 0.5158 0.4883 0.4608
1119.000000 0.4475 0.4488 0.4687 0.4974 0.5262
1124.000000 0.5550 0.5838 0.6125 0.6413 0.6629
1129.000000 0.6831 0.6912 0.6989 0.7045 0.7098
1134.000000 0.7134 0.7169 0.7202 0.7229 0.7213
1139.000000 0.7163 0.7113 0.7063 0.7058 0.7062
1144.000000 0.7078 0.7244 0.7320 0.7358 0.7397
1149.000000 0.7428 0.7454 0.7479 0.7494 0.7528
1154.000000 0.7516 0.7521 0.7516 0.7507 0.7498
1159.000000 0.7478 0.7449 0.7408 0.7365 0.7309
1164.000000 0.7251 0.7190 0.7130 0.7067 0.7000
1169.000000 0.6930 0.6865 0.6857 0.6860 0.6846
1174.000000 0.6930 0.7046 0.7163 0.7279 0.7327
1179.000000 0.7340 0.7344 0.7341 0.7319 0.7319
1184.000000 0.7301 0.7275 0.7230 0.7175 0.7120
1189.000000 0.7073 0.7035 0.7013 0.7006 0.7005
1194.000000 0.7003 0.7000 0.6993 0.6975 0.6956
1199.000000 0.6932 0.6903 0.6866 0.6829 0.6790
1204.000000 0.6748 0.6562 0.6228 0.5894 0.5560
1209.000000 0.5226 0.4892 0.4558 0.4224 0.3890
1214.000000 0.3557 0.3223 0.2889 0.2555 0.2573
1219.000000 0.2551 0.2689 0.2960 0.3231 0.3502
1224.000000 0.3772 0.4043 0.4314 0.4585 0.4856
1229.000000 0.5126 0.5397 0.5668 0.5748 0.5752
1234.000000 0.5780 0.5383 0.5078 0.4773 0.4469
1239.000000 0.4164 0.3957 0.3982 0.3992 0.4308
1244.000000 0.4666 0.5024 0.5276 0.5276 0.5287
1249.000000 0.5064 0.4949 0.4833 0.4718 0.4617
1254.000000 0.4641 0.4736 0.4934 0.5131 0.5329
1259.000000 0.5526 0.5724 0.5921 0.6119 0.6316
1264.000000 0.6487 0.6532 0.6556 0.6578 0.6583
1269.000000 0.6588 0.6625 0.6586 0.6581 0.6559
1274.000000 0.6367 0.6153 0.5939 0.5725 0.5511
1279.000000 0.5298 0.5084 0.4974 0.4960 0.4963
1284.000000 0.4977 0.5166 0.5521 0.5875 0.6230
1289.000000 0.6584 0.6819 0.6962 0.7029 0.7064
1294.000000 0.7090 0.7110 0.7123 0.7131 0.7139
1299.000000 0.7136 0.7134 0.7129 0.7124 0.7113
1304.000000 0.7096 0.7074 0.7048 0.7019 0.6986
1309.000000 0.6946 0.6888 0.6717 0.6547 0.6376
1314.000000 0.6206 0.6052 0.6038 0.6038 0.6161
1319.000000 0.6304 0.6448 0.6592 0.6735 0.6774
1324.000000 0.6790 0.6759 0.6601 0.6273 0.5945
1329.000000 0.5617 0.5612 0.5631 0.5650 0.5670
1334.000000 0.5690 0.5709 0.5729 0.5738 0.5738
1339.000000 0.5602 0.5661 0.5615 0.5585 0.5586
1344.000000 0.5589 0.5603 0.5689 0.5775 0.5860
1349.000000 0.5946 0.6032 0.6118 0.6169 0.6141
1354.000000 0.6141 0.6049 0.5938 0.5827 0.5716
1359.000000 0.5606 0.5495 0.5384 0.5167 0.4976
1364.000000 0.4786 0.4595 0.4032 0.4214 0.4023
1369.000000 0.3986 0.4181 0.4745 0.4880 0.4921
1374.000000 0.4962 0.5010 0.5067 0.5134 0.5217
1379.000000 0.5339 0.5481 0.5622 0.5763 0.5904
1384.000000 0.6045 0.6161 0.6157 0.6160 0.6065
1389.000000 0.5808 0.5550 0.5293 0.5036 0.4779
1394.000000 0.4522 0.4250 0.4250 0.4253 0.4768
1399.000000 0.5402 0.6036 0.6642 0.6719 0.6739
1404.000000 0.6765 0.6748 0.6751 0.6751 0.6746
1409.000000 0.6742 0.6737 0.6727 0.6700 0.6672
1414.000000 0.6622 0.6577 0.6528 0.6475 0.6390
1419.000000 0.6265 0.6136 0.5820 0.5489 0.5158
1424.000000 0.4827 0.4496 0.4165 0.3834 0.3503
1429.000000 0.3172 0.2841 0.2510 0.2237 0.2128
1434.000000 0.2168 0.2130 0.2153 0.2213 0.2274
1439.000000 0.2335 0.2396 0.2457 0.2488 0.2491
1444.000000 0.2498 0.2328 0.2053 0.1778 0.1502
1449.000000 0.1227 0.1075 0.1078 0.1084 0.1063
1454.000000 0.1592 0.1917 0.2242 0.2567 0.2892
1459.000000 0.3217 0.3377 0.3388 0.3359 0.3300
1464.000000 0.3240 0.3180 0.3120 0.3061 0.3001
1469.000000 0.2941 0.2934 0.3077 0.3531 0.3985
1474.000000 0.4439 0.4893 0.5346 0.5800 0.6012
1479.000000 0.6012 0.6012 0.6012 0.5986 0.5941
1484.000000 0.5896 0.5851 0.5806 0.5776 0.5776
1489.000000 0.5776 0.5889 0.6158 0.6427 0.6695
1494.000000 0.6964 0.7233 0.7650 0.7693 0.7713
1499.000000 0.7722 0.7729 0.7728 0.7727 0.7727
1504.000000 0.7726 0.7722 0.7717 0.7713 0.7708
1509.000000 0.7704 0.7699 0.7694 0.7689 0.7684
1514.000000 0.7680 0.7678 0.7680 0.7683 0.7687
1519.000000 0.7692 0.7698 0.7703 0.7709 0.7715
1524.000000 0.7721 0.7726 0.7732 0.7739 0.7746
1529.000000 0.7754 0.7761 0.7769 0.7789 0.7785
1534.000000 0.7794 0.7804 0.7814 0.7825 0.7836
1539.000000 0.7847 0.7834 0.7818 0.7796 0.7762
1544.000000 0.7726 0.7702 0.7677 0.7657 0.7638
1549.000000 0.7621 0.7612 0.7603 0.7594 0.7585
1554.000000 0.7579 0.7544 0.7467 0.7404 0.7364
1559.000000 0.7324 0.7279 0.7234 0.7198 0.7164
1564.000000 0.7130 0.7095 0.7052 0.6996 0.6960
1569.000000 0.6951 0.6942 0.6933 0.6923 0.6912
1574.000000 0.6887 0.6840 0.6770 0.6686 0.6588
1579.000000 0.6529 0.6469 0.6413 0.6360 0.6308
1584.000000 0.6252 0.6160 0.6071 0.6010 0.6003
1589.000000 0.6003 0.6009 0.6022 0.6242 0.6538
1594.000000 0.6835 0.6892 0.6892 0.6778 0.6605
1599.000000 0.6431 0.6258 0.6084 0.5910 0.5737
1604.000000 0.5664 0.5663 0.5865 0.6068 0.6270
1609.000000 0.6472 0.6663 0.6775 0.6888 0.6969
1614.000000 0.7031 0.7074 0.7116 0.7131 0.7146
1619.000000 0.7155 0.7162 0.7165 0.7163 0.7156
1624.000000 0.7150 0.7141 0.7128 0.7095 0.7058
1629.000000 0.7016 0.6977 0.6938 0.6899 0.6864
1634.000000 0.6830 0.6796 0.6762 0.6724 0.6677
1639.000000 0.6674 0.6672 0.6670 0.6670 0.6668
1644.000000 0.6662 0.6651 0.6636 0.6620 0.6595
1649.000000 0.6569 0.6534 0.6477 0.6410 0.6344
1654.000000 0.6277 0.6210 0.6144 0.6077 0.6010
1659.000000 0.5943 0.5877 0.5810 0.5737 0.5664
1664.000000 0.5591 0.5518 0.5445 0.5378 0.5315
1669.000000 0.5252 0.5198 0.5150 0.5110 0.5084
1674.000000 0.5058 0.5033 0.5000 0.4949 0.4890
1679.000000 0.4821 0.4741 0.4391 0.3910 0.3430
1684.000000 0.2949 0.2617 0.2415 0.2226 0.2071
1689.000000 0.1940 0.1859 0.1787 0.1725 0.1669
1694.000000 0.1614 0.1560 0.1531 0.1538 0.1531
1699.000000 0.1536 0.1575 0.1632 0.1803 0.2023
1704.000000 0.2275 0.2526 0.2778 0.3029 0.3281
1709.000000 0.3360 0.5123 0.5285 0.5468 0.5674
1714.000000 0.5862 0.6087 0.6263 0.6357 0.6451
1719.000000 0.6703 0.6824 0.6858 0.6892 0.6909
1724.000000 0.6924 0.6939 0.6951 0.6956 0.6961
1729.000000 0.6966 0.6971 0.6975 0.6976 0.6977
1734.000000 0.6978 0.6950 0.6976 0.6975 0.6972
1739.000000 0.6969 0.6966 0.6959 0.6949 0.6921
1744.000000 0.6884 0.6835 0.6750 0.6713 0.6675
1749.000000 0.6640 0.6606 0.6579 0.6553 0.6526
1754.000000 0.6500 0.6426 0.6325 0.6303 0.6287
1759.000000 0.6271 0.6261 0.6254 0.6248 0.6240
1764.000000 0.6233 0.6203 0.6164 0.6124 0.6069
1769.000000 0.6010 0.5947 0.5883 0.5816 0.5748
1774.000000 0.5676 0.5603 0.5502 0.5342 0.4942
1779.000000 0.4523 0.4104 0.3684 0.3265 0.2846
1784.000000 0.2427 0.1904 0.1630 0.1397 0.1268
1789.000000 0.1178 0.1116 0.1094 0.1081 0.1075
1794.000000 0.1075 0.1077 0.1099 0.1100 0.1232
1799.000000 0.1619 0.2070 0.2521 0.2972 0.3423
1804.000000 0.3874 0.4325 0.4776 0.5227 0.5624
1809.000000 0.5703 0.5782 0.5862 0.5955 0.6050
1814.000000 0.6200 0.6327 0.6423 0.6514 0.6587
1819.000000 0.6661 0.6723 0.6773 0.6823 0.6873
1824.000000 0.6920 0.6965 0.7010 0.7055 0.7105
1829.000000 0.7162 0.7218 0.7276 0.7347 0.7419
1834.000000 0.7481 0.7539 0.7597 0.7625 0.7651
1839.000000 0.7677 0.7704 0.7732 0.7761 0.7783
1844.000000 0.7802 0.7820 0.7838 0.7853 0.7867
1849.000000 0.7876 0.7883 0.7889 0.7896 0.7904
1854.000000 0.7913 0.7922 0.7931 0.7936 0.7937
1859.000000 0.7936 0.7935 0.7937 0.7942 0.7956
1864.000000 0.7974 0.7994 0.8014 0.8027 0.8035
1869.000000 0.8031 0.8032 0.8022 0.8016 0.8010
1874.000000 0.8004 0.7997 0.7989 0.7982 0.7975
1879.000000 0.7967 0.7959 0.7952 0.7944 0.7936
1884.000000 0.7926 0.7931 0.7937 0.7943 0.7955
1889.000000 0.7970 0.7993 0.8021 0.8040 0.8056
1894.000000 0.8071 0.8077 0.8077 0.8077 0.8077
1899.000000 0.8077 0.8078 0.8075 0.8073 0.8071
1904.000000 0.8068 0.8066 0.8064 0.8062 0.8061
1909.000000 0.8060 0.8059 0.8058 0.8056 0.8054
1914.000000 0.8051 0.8049 0.8047 0.8044 0.8042
1919.000000 0.8040 0.8038 0.8036 0.8035 0.8033
1924.000000 0.8031 0.8030 0.8027 0.8024 0.8021
1929.000000 0.8019 0.8016 0.8007 0.7997 0.7987
1934.000000 0.7966 0.7946 0.7933 0.7920 0.7915
1939.000000 0.7910 0.7910 0.7912 0.7914 0.7918
1944.000000 0.7923 0.7930 0.7937 0.7945 0.7963
1949.000000 0.7981 0.8008 0.8042 0.8069 0.8086
1954.000000 0.8098 0.8101 0.8102 0.8103 0.8102
1959.000000 0.8097 0.8092 0.8086 0.8071 0.8056
1964.000000 0.8041 0.8020 0.7995 0.7979 0.7971
1969.000000 0.7967 0.7972 0.7977 0.7982 0.7984
1974.000000 0.7985 0.7986 0.7987 0.7985 0.7984
1979.000000 0.7982 0.7980 0.7977 0.7979 0.7990
1984.000000 0.8004 0.8032 0.8067 0.8143 0.8208
1989.000000 0.8245 0.8271 0.8291 0.8300 0.8300
1994.000000 0.8300 0.8300 0.8300 0.8301 0.8298
1999.000000 0.8295 0.8292 0.8289 0.8287 0.8285
2004.000000 0.8282 0.8277 0.8272 0.8267 0.8260
2009.000000 0.8254 0.8247 0.8241 0.8236 0.8230
2014.000000 0.8225 0.8220 0.8215 0.8210 0.8205
2019.000000 0.8201 0.8198 0.8194 0.8190 0.8187
2024.000000 0.8184 0.8182 0.8181 0.8179 0.8178
2029.000000 0.8176 0.8175 0.8173 0.8171 0.8171
2034.000000 0.8171 0.8171 0.8171 0.8171 0.8171
2039.000000 0.8171 0.8172 0.8173 0.8174 0.8175
2044.000000 0.8176 0.8177 0.8178 0.8179 0.8180
2049.000000 0.8181 0.8183 0.8184 0.8186 0.8187
2054.000000 0.8189 0.8190 0.8191 0.8193 0.8194
2059.000000 0.8196 0.8197 0.8198 0.8197 0.8196
2064.000000 0.8195 0.8193 0.8192 0.8191 0.8190
2069.000000 0.8189 0.8188 0.8186 0.8185 0.8183
2074.000000 0.8180 0.8178 0.8175 0.8172 0.8170
2079.000000 0.8167 0.8164 0.8162 0.8159 0.8156
2084.000000 0.8152 0.8147 0.8143 0.8138 0.8134
2089.000000 0.8129 0.8125 0.8120 0.8116 0.8112
2094.000000 0.8109 0.8106 0.8103 0.8100 0.8097
2099.000000 0.8094 0.8091 0.8088 0.8084 0.8081
2104.000000 0.8078 0.8075 0.8071 0.8070 0.8070
2109.000000 0.8070 0.8070 0.8070 0.8070 0.8070
2114.000000 0.8070 0.8074 0.8078 0.8082 0.8086
2119.000000 0.8091 0.8095 0.8097 0.8099 0.8101
2124.000000 0.8103 0.8105 0.8106 0.8110 0.8113
2129.000000 0.8117 0.8118 0.8118 0.8117 0.8116
2134.000000 0.8116 0.8115 0.8114 0.8113 0.8112
2139.000000 0.8111 0.8110 0.8109 0.8109 0.8107
2144.000000 0.8104 0.8102 0.8100 0.8098 0.8095
2149.000000 0.8093 0.8091 0.8089 0.8087 0.8084
2154.000000 0.8081 0.8078 0.8074 0.8071 0.8068
2159.000000 0.8064 0.8061 0.8058 0.8055 0.8051
2164.000000 0.8048 0.8045 0.8041 0.8039 0.8036
2169.000000 0.8034 0.8031 0.8028 0.8026 0.8023
2174.000000 0.8021 0.8018 0.8015 0.8013 0.8010
2179.000000 0.8008 0.8005 0.8002 0.8000 0.7997
2184.000000 0.7996 0.7995 0.7994 0.7993 0.7991
2189.000000 0.7990 0.7989 0.7988 0.7987 0.7986
2194.000000 0.7984 0.7983 0.7982 0.7981 0.7980
2199.000000 0.7979 0.7978 0.7976 0.7975 0.7974
2204.000000 0.7972 0.7970 0.7968 0.7966 0.7964
2209.000000 0.7962 0.7960 0.7958 0.7956 0.7955
2214.000000 0.7953 0.7951 0.7949 0.7947 0.7945
2219.000000 0.7943 0.7941 0.7939 0.7937 0.7935
2224.000000 0.7933 0.7930 0.7928 0.7926 0.7923
2229.000000 0.7921 0.7918 0.7916 0.7913 0.7911
2234.000000 0.7908 0.7906 0.7904 0.7901 0.7899
2239.000000 0.7896 0.7894 0.7891 0.7889 0.7887
2244.000000 0.7884 0.7882 0.7880 0.7879 0.7878
2249.000000 0.7877 0.7876 0.7875 0.7874 0.7873
2254.000000 0.7872 0.7872 0.7871 0.7870 0.7869
2259.000000 0.7868 0.7867 0.7866 0.7865 0.7864
2264.000000 0.7862 0.7861 0.7859 0.7858 0.7856
2269.000000 0.7855 0.7853 0.7851 0.7850 0.7848
2274.000000 0.7847 0.7845 0.7844 0.7842 0.7841
2279.000000 0.7836 0.7830 0.7824 0.7818 0.7812
2284.000000 0.7806 0.7799 0.7793 0.7787 0.7781
2289.000000 0.7775 0.7769 0.7762 0.7756 0.7749
2294.000000 0.7743 0.7736 0.7730 0.7723 0.7717
2299.000000 0.7710 0.7704 0.7697 0.7691 0.7684
2304.000000 0.7678 0.7671 0.7667 0.7662 0.7658
2309.000000 0.7653 0.7649 0.7645 0.7640 0.7639
2314.000000 0.7640 0.7641 0.7641 0.7642 0.7642
2319.000000 0.7643 0.7644 0.7644 0.7645 0.7645
2324.000000 0.7646 0.7647 0.7647 0.7649 0.7650
2329.000000 0.7652 0.7654 0.7655 0.7657 0.7659
2334.000000 0.7660 0.7662 0.7663 0.7664 0.7665
2339.000000 0.7666 0.7667 0.7668 0.7669 0.7670
2344.000000 0.7671 0.7671 0.7672 0.7673 0.7674
2349.000000 0.7676 0.7677 0.7678 0.7679 0.7680
2354.000000 0.7681 0.7683 0.7684 0.7685 0.7685
2359.000000 0.7683 0.7682 0.7680 0.7675 0.7667
2364.000000 0.7658 0.7649 0.7640 0.7633 0.7625
2369.000000 0.7618 0.7610 0.7603 0.7595 0.7588
2374.000000 0.7581 0.7575 0.7569 0.7564 0.7558
2379.000000 0.7552 0.7546 0.7541 0.7536 0.7534
2384.000000 0.7532 0.7530 0.7528 0.7526 0.7524
2389.000000 0.7522 0.7519 0.7517 0.7515 0.7514
2394.000000 0.7512 0.7510 0.7509 0.7507 0.7505
2399.000000 0.7504 0.7502 0.7500 0.7498 0.7496
2404.000000 0.7493 0.7491 0.7489 0.7487 0.7484
2409.000000 0.7482 0.7480 0.7477 0.7475 0.7473
2414.000000 0.7468 0.7463 0.7458 0.7453 0.7448
2419.000000 0.7440 0.7426 0.7413 0.7399 0.7385
2424.000000 0.7372 0.7358 0.7345 0.7332 0.7319
2429.000000 0.7311 0.7306 0.7301 0.7295 0.7291
2434.000000 0.7286 0.7281 0.7277 0.7272 0.7268
2439.000000 0.7263 0.7258 0.7252 0.7246 0.7240
2444.000000 0.7233 0.7227 0.7221 0.7215 0.7209
2449.000000 0.7203 0.7196 0.7188 0.7180 0.7172
2454.000000 0.7164 0.7156 0.7148 0.7140 0.7133
2459.000000 0.7125 0.7117 0.7110 0.7103 0.7095
2464.000000 0.7088 0.7081 0.7073 0.7066 0.7059
2469.000000 0.7051 0.7044 0.7037 0.7030 0.7022
2474.000000 0.7013 0.7005 0.6997 0.6989 0.6981
2479.000000 0.6973 0.6965 0.6957 0.6949 0.6941
2484.000000 0.6933 0.6925 0.6917 0.6909 0.6901
2489.000000 0.6893 0.6884 0.6875 0.6866 0.6857
2494.000000 0.6848 0.6839 0.6830 0.6822 0.6813
2499.000000 0.6804 0.6795 0.6785 0.6775 0.6765
2504.000000 0.6756 0.6746 0.6736 0.6726 0.6717
2509.000000 0.6707 0.6697 0.6687 0.6678 0.6666
2514.000000 0.6654 0.6643 0.6631 0.6619 0.6608
2519.000000 0.6596 0.6585 0.6573 0.6561 0.6550
2524.000000 0.6537 0.6523 0.6508 0.6494 0.6479
2529.000000 0.6465 0.6450 0.6436 0.6421 0.6410
2534.000000 0.6399 0.6388 0.6377 0.6366 0.6355
2539.000000 0.6344 0.6333 0.6320 0.6308 0.6296
2544.000000 0.6283 0.6271 0.6259 0.6247 0.6240
2549.000000 0.6233 0.6226 0.6219 0.6213 0.6207
2554.000000 0.6201 0.6200 0.6199 0.6198 0.6209
2559.000000 0.6196 0.6195 0.6195 0.6195 0.6195
2564.000000 0.6197 0.6200 0.6203 0.6205 0.6208
2569.000000 0.6212 0.6218 0.6223 0.6229 0.6234
2574.000000 0.6239 0.6244 0.6249 0.6254 0.6259
2579.000000 0.6264 0.6318 0.6269 0.6270 0.6271
2584.000000 0.6272 0.6270 0.6268 0.6265 0.6263
2589.000000 0.6260 0.6257 0.6253 0.6248 0.6244
2594.000000 0.6240 0.6235 0.6231 0.6227 0.6223
2599.000000 0.6219 0.6215 0.6212 0.6208 0.6207
2604.000000 0.6205 0.6204 0.6202 0.6201 0.6200
2609.000000 0.6198 0.6198 0.6197 0.6196 0.6192
2614.000000 0.6185 0.6178 0.6172 0.6158 0.6144
2619.000000 0.6129 0.6114 0.6100 0.6081 0.6061
2624.000000 0.6040 0.6020 0.6000 0.5978 0.5957
2629.000000 0.5935 0.5914 0.5892 0.5874 0.5857
2634.000000 0.5839 0.5822 0.5805 0.5787 0.5770
2639.000000 0.5752 0.5737 0.5723 0.5709 0.5695
2644.000000 0.5681 0.5667 0.5653 0.5639 0.5631
2649.000000 0.5624 0.5617 0.5611 0.5604 0.5597
2654.000000 0.5591 0.5590 0.5601 0.5590 0.5590
2659.000000 0.5592 0.5598 0.5605 0.5612 0.5619
2664.000000 0.5625 0.5641 0.5659 0.5677 0.5694
2669.000000 0.5716 0.5740 0.5772 0.5804 0.5837
2674.000000 0.5870 0.5904 0.5937 0.5968 0.5997
2679.000000 0.6025 0.6054 0.6075 0.6097 0.6118
2684.000000 0.6141 0.6164 0.6184 0.6197 0.6210
2689.000000 0.6219 0.6228 0.6231 0.6231 0.6231
2694.000000 0.6231 0.6229 0.6238 0.6225 0.6219
2699.000000 0.6209 0.6198 0.6188 0.6177 0.6162
2704.000000 0.6140 0.6119 0.6098 0.6079 0.6059
2709.000000 0.6041 0.6032 0.6023 0.6014 0.6006
2714.000000 0.6004 0.6002 0.6000 0.5998 0.5996
2719.000000 0.5994 0.5991 0.5989 0.5986 0.5984
2724.000000 0.5981 0.5979 0.5976 0.5973 0.5969
2729.000000 0.5966 0.5962 0.5959 0.5954 0.5949
2734.000000 0.5943 0.5938 0.5933 0.5927 0.5922
2739.000000 0.5912 0.5899 0.5886 0.5872 0.5857
2744.000000 0.5839 0.5821 0.5804 0.5784 0.5761
2749.000000 0.5739 0.5716 0.5694 0.5684 0.5673
2754.000000 0.5662 0.5652 0.5646 0.5643 0.5640
2759.000000 0.5637 0.5637 0.5643 0.5649 0.5655
2764.000000 0.5666 0.5679 0.5691 0.5703 0.5714
2769.000000 0.5725 0.5732 0.5737 0.5742 0.5745
2774.000000 0.5748 0.5750 0.5749 0.5747 0.5745
2779.000000 0.5743 0.5722 0.5738 0.5735 0.5732
2784.000000 0.5728 0.5722 0.5716 0.5710 0.5688
2789.000000 0.5660 0.5631 0.5593 0.5551 0.5514
2794.000000 0.5481 0.5448 0.5413 0.5377 0.5340
2799.000000 0.5304 0.5259 0.5211 0.5165 0.5125
2804.000000 0.5084 0.5043 0.5003 0.4961 0.4920
2809.000000 0.4878 0.4837 0.4795 0.4743 0.4690
2814.000000 0.4638 0.4585 0.4525 0.4462 0.4399
2819.000000 0.4336 0.4264 0.4190 0.4016 0.3465
2824.000000 0.2915 0.2364 0.1908 0.1780 0.1503
2829.000000 0.1402 0.1302 0.1194 0.1082 0.0983
2834.000000 0.0911 0.0840 0.0768 0.0696 0.0648
2839.000000 0.0611 0.0584 0.0569 0.0556 0.0544
2844.000000 0.0548 0.0548 0.0554 0.0562 0.0573
2849.000000 0.0588 0.0603 0.0621 0.0641 0.0664
2854.000000 0.0687 0.0707 0.0726 0.0742 0.0750
2859.000000 0.0758 0.0766 0.0782 0.0810 0.0856
2864.000000 0.0908 0.0967 0.1006 0.1031 0.1041
2869.000000 0.1048 0.1050 0.1051 0.1052 0.1046
2874.000000 0.1038 0.1027 0.1006 0.0985 0.0955
2879.000000 0.0919 0.0883 0.0828 0.0774 0.0721
2884.000000 0.0668 0.0616 0.0576 0.0535 0.0495
2889.000000 0.0460 0.0426 0.0392 0.0364 0.0342
2894.000000 0.0321 0.0300 0.0281 0.0263 0.0245
2899.000000 0.0236 0.0229 0.0222 0.0215 0.0208
2904.000000 0.0202 0.0197 0.0192 0.0188 0.0183
2909.000000 0.0177 0.0172 0.0166 0.0161 0.0155
2914.000000 0.0150 0.0149 0.0149 0.0150 0.0152
2919.000000 0.0159 0.0169 0.0177 0.0185 0.0198
2924.000000 0.0210 0.0223 0.0237 0.0253 0.0273
2929.000000 0.0292 0.0297 0.0296 0.0295 0.0292
2934.000000 0.0289 0.0286 0.0283 0.0283 0.0282
2939.000000 0.0281 0.0281 0.0283 0.0285 0.0287
2944.000000 0.0297 0.0308 0.0319 0.0339 0.0368
2949.000000 0.0406 0.0453 0.0499 0.0540 0.0621
2954.000000 0.0704 0.0777 0.0844 0.0949 0.1003
2959.000000 0.1054 0.1099 0.1138 0.1218 0.1345
2964.000000 0.1472 0.1600 0.1727 0.1854 0.1982
2969.000000 0.2109 0.2237 0.2364 0.2491 0.2619
2974.000000 0.2832 0.2948 0.3017 0.3085 0.3138
2979.000000 0.3186 0.3234 0.3282 0.3347 0.3422
2984.000000 0.3481 0.3532 0.3583 0.3634 0.3685
2989.000000 0.3736 0.3787 0.3838 0.3873 0.3899
2994.000000 0.3924 0.3950 0.3976 0.4001 0.4027
2999.000000 0.4050 0.4066 0.4081 0.4097 0.4112
3004.000000 0.4127 0.4143 0.4158 0.4167 0.4173
3009.000000 0.4180 0.4186 0.4193 0.4200 0.4206
3014.000000 0.4213 0.4222 0.4233 0.4244 0.4255
3019.000000 0.4270 0.4285 0.4299 0.4327 0.4359
3024.000000 0.4391 0.4453 0.4494 0.4521 0.4532
3029.000000 0.4540 0.4548 0.4556 0.4564 0.4574
3034.000000 0.4587 0.4600 0.4612 0.4625 0.4638
3039.000000 0.4651 0.4665 0.4679 0.4698 0.4716
3044.000000 0.4735 0.4754 0.4773 0.4792 0.4812
3049.000000 0.4832 0.4851 0.4871 0.4880 0.4889
3054.000000 0.4898 0.4904 0.4910 0.4917 0.4924
3059.000000 0.4940 0.4962 0.4987 0.5012 0.5041
3064.000000 0.5074 0.5105 0.5132 0.5150 0.5154
3069.000000 0.5158 0.5163 0.5167 0.5170 0.5169
3074.000000 0.5169 0.5168 0.5168 0.5168 0.5167
3079.000000 0.5168 0.5176 0.5184 0.5192 0.5205
3084.000000 0.5221 0.5237 0.5254 0.5270 0.5285
3089.000000 0.5300 0.5314 0.5329 0.5343 0.5356
3094.000000 0.5369 0.5382 0.5395 0.5409 0.5422
3099.000000 0.5435 0.5448 0.5461 0.5474 0.5486
3104.000000 0.5498 0.5510 0.5523 0.5535 0.5547
3109.000000 0.5559 0.5571 0.5584 0.5596 0.5608
3114.000000 0.5620 0.5632 0.5644 0.5656 0.5668
3119.000000 0.5679 0.5690 0.5701 0.5713 0.5724
3124.000000 0.5735 0.5746 0.5758 0.5769 0.5780
3129.000000 0.5791 0.5803 0.5814 0.5825 0.5836
3134.000000 0.5848 0.5860 0.5872 0.5883 0.5895
3139.000000 0.5907 0.5919 0.5931 0.5943 0.5955
3144.000000 0.5967 0.5979 0.5991 0.6003 0.6014
3149.000000 0.6024 0.6034 0.6044 0.6054 0.6063
3154.000000 0.6073 0.6083 0.6093 0.6103 0.6113
3159.000000 0.6123 0.6133 0.6142 0.6152 0.6162
3164.000000 0.6172 0.6180 0.6188 0.6196 0.6204
3169.000000 0.6213 0.6221 0.6229 0.6237 0.6245
3174.000000 0.6253 0.6261 0.6269 0.6277 0.6285
3179.000000 0.6293 0.6301 0.6309 0.6317 0.6325
3184.000000 0.6332 0.6340 0.6348 0.6356 0.6364
3189.000000 0.6372 0.6379 0.6387 0.6395 0.6403
3194.000000 0.6411 0.6419 0.6426 0.6434 0.6443
3199.000000 0.6452 0.6462 0.6471 0.6481 0.6490
3204.000000 0.6499 0.6509 0.6518 0.6527 0.6537
3209.000000 0.6546 0.6556 0.6565 0.6574 0.6583
3214.000000 0.6592 0.6601 0.6610 0.6619 0.6628
3219.000000 0.6637 0.6646 0.6654 0.6661 0.6667
3224.000000 0.6674 0.6680 0.6686 0.6693 0.6699
3229.000000 0.6705 0.6712 0.6718 0.6724 0.6731
3234.000000 0.6737 0.6743 0.6749 0.6755 0.6762
3239.000000 0.6768 0.6774 0.6780 0.6786 0.6790
3244.000000 0.6793 0.6797 0.6801 0.6805 0.6809
3249.000000 0.6812 0.6816 0.6820 0.6824 0.6827
3254.000000 0.6831 0.6835 0.6839 0.6843 0.6846
3259.000000 0.6850 0.6854 0.6858 0.6861 0.6865
3264.000000 0.6869 0.6872 0.6876 0.6880 0.6883
3269.000000 0.6887 0.6890 0.6894 0.6898 0.6901
3274.000000 0.6905 0.6909 0.6912 0.6916 0.6920
3279.000000 0.6923 0.6927 0.6931 0.6933 0.6934
3284.000000 0.6935 0.6937 0.6938 0.6939 0.6941
3289.000000 0.6942 0.6943 0.6945 0.6946 0.6947
3294.000000 0.6949 0.6950 0.6951 0.6952 0.6953
3299.000000 0.6954 0.6955 0.6956 0.6957 0.6958
3304.000000 0.6959 0.6960 0.6961 0.6962 0.6963
3309.000000 0.6963 0.6964 0.6964 0.6965 0.6965
3314.000000 0.6965 0.6966 0.6966 0.6967 0.6969
3319.000000 0.6970 0.6972 0.6974 0.6976 0.6977
3324.000000 0.6979 0.6981 0.6983 0.6986 0.6988
3329.000000 0.6992 0.6997 0.7002 0.7006 0.7011
3334.000000 0.7016 0.7020 0.7025 0.7029 0.7033
3339.000000 0.7038 0.7045 0.7052 0.7059 0.7066
3344.000000 0.7073 0.7081 0.7088 0.7095 0.7100
3349.000000 0.7106 0.7111 0.7117 0.7123 0.7128
3354.000000 0.7130 0.7131 0.7133 0.7135 0.7137
3359.000000 0.7139 0.7140 0.7142 0.7143 0.7145
3364.000000 0.7146 0.7148 0.7149 0.7151 0.7152
3369.000000 0.7154 0.7153 0.7152 0.7152 0.7151
3374.000000 0.7151 0.7150 0.7149 0.7149 0.7148
3379.000000 0.7147 0.7147 0.7146 0.7145 0.7145
3384.000000 0.7144 0.7143 0.7143 0.7142 0.7141
3389.000000 0.7141 0.7141 0.7142 0.7142 0.7142
3394.000000 0.7143 0.7143 0.7143 0.7143 0.7144
3399.000000 0.7144 0.7144 0.7144 0.7145 0.7145
3404.000000 0.7145 0.7145 0.7146 0.7146 0.7146
3409.000000 0.7146 0.7146 0.7147 0.7147 0.7147
3414.000000 0.7147 0.7147 0.7147 0.7147 0.7147
3419.000000 0.7147 0.7147 0.7147 0.7147 0.7148
3424.000000 0.7148 0.7148 0.7148 0.7148 0.7148
3429.000000 0.7148 0.7148 0.7148 0.7148 0.7148
3434.000000 0.7148 0.7147 0.7146 0.7145 0.7145
3439.000000 0.7144 0.7143 0.7142 0.7142 0.7141
3444.000000 0.7140 0.7140 0.7139 0.7138 0.7137
3449.000000 0.7137 0.7136 0.7135 0.7134 0.7134
3454.000000 0.7133 0.7132 0.7132 0.7131 0.7131
3459.000000 0.7130 0.7130 0.7129 0.7129 0.7128
3464.000000 0.7128 0.7127 0.7127 0.7126 0.7126
3469.000000 0.7125 0.7125 0.7124 0.7124 0.7123
3474.000000 0.7123 0.7122 0.7122 0.7121 0.7121
3479.000000 0.7120 0.7120 0.7119 0.7118 0.7117
3484.000000 0.7116 0.7115 0.7114 0.7113 0.7112
3489.000000 0.7111 0.7111 0.7110 0.7109 0.7108
3494.000000 0.7107 0.7106 0.7105 0.7104 0.7103
3499.000000 0.7102 0.7101 0.7101 0.7100 0.7099
3504.000000 0.7098 0.7097 0.7096 0.7094 0.7093
3509.000000 0.7092 0.7090 0.7089 0.7088 0.7086
3514.000000 0.7085 0.7084 0.7105 0.7081 0.7080
3519.000000 0.7079 0.7077 0.7076 0.7075 0.7074
3524.000000 0.7072 0.7071 0.7070 0.7068 0.7067
3529.000000 0.7065 0.7063 0.7061 0.7059 0.7057
3534.000000 0.7054 0.7052 0.7050 0.7048 0.7046
3539.000000 0.7043 0.7041 0.7039 0.7037 0.7035
3544.000000 0.7033 0.7030 0.7028 0.7026 0.7024
3549.000000 0.7022 0.7020 0.7017 0.7015 0.7011
3554.000000 0.7006 0.7001 0.6996 0.6991 0.6986
3559.000000 0.6982 0.6977 0.6972 0.6965 0.6957
3564.000000 0.6949 0.6940 0.6932 0.6924 0.6916
3569.000000 0.6907 0.6900 0.6893 0.6886 0.6879
3574.000000 0.6872 0.6867 0.6864 0.6824 0.6881
3579.000000 0.6894 0.6907 0.6921 0.6934 0.6947
3584.000000 0.6960 0.6974 0.6987 0.7000 0.7015
3589.000000 0.7029 0.7043 0.7044 0.7045 0.7045
3594.000000 0.7046 0.7047 0.7046 0.7044 0.7043
3599.000000 0.7041 0.7041 0.7043 0.7044 0.7045
3604.000000 0.7047 0.7048 0.7050 0.7051 0.7052
3609.000000 0.7053 0.7054 0.7054 0.7055 0.7056
3614.000000 0.7054 0.7081 0.7049 0.7047 0.7045
3619.000000 0.7043 0.7041 0.7038 0.7032 0.7026
3624.000000 0.7020 0.7014 0.7008 0.7002 0.6999
3629.000000 0.6998 0.6996 0.6995 0.6993 0.6992
3634.000000 0.6990 0.6989 0.6987 0.6985 0.6985
3639.000000 0.6987 0.6989 0.6991 0.6994 0.6996
3644.000000 0.6998 0.7001 0.7003 0.7005 0.7007
3649.000000 0.7009 0.7009 0.7009 0.7009 0.7009
3654.000000 0.7010 0.7011 0.7012 0.7012 0.7014
3659.000000 0.7016 0.7019 0.7019 0.7015 0.7011
3664.000000 0.7008 0.7004 0.7000 0.6995 0.6991
3669.000000 0.6986 0.6982 0.6977 0.6973 0.6968
3674.000000 0.6964 0.6962 0.6961 0.6959 0.6957
3679.000000 0.6956 0.6954 0.6952 0.6951 0.6950
3684.000000 0.6949 0.6949 0.6948 0.6948 0.6947
3689.000000 0.6945 0.6943 0.6942 0.6940 0.6938
3694.000000 0.6937 0.6935 0.6934 0.6933 0.6933
3699.000000 0.6932 0.6932 0.6931 0.6931 0.6930
3704.000000 0.6929 0.6929 0.6928 0.6927 0.6927
3709.000000 0.6926 0.6925 0.6924 0.6925 0.6925
3714.000000 0.6925 0.6926 0.6926 0.6926 0.6927
3719.000000 0.6927 0.6927 0.6928 0.6928 0.6929
3724.000000 0.6929 0.6927 0.6922 0.6918 0.6914
3729.000000 0.6910 0.6905 0.6901 0.6897 0.6893
3734.000000 0.6890 0.6887 0.6884 0.6882 0.6879
3739.000000 0.6876 0.6873 0.6870 0.6867 0.6864
3744.000000 0.6863 0.6863 0.6863 0.6863 0.6863
3749.000000 0.6863 0.6863 0.6863 0.6863 0.6863
3754.000000 0.6863 0.6864 0.6864 0.6863 0.6862
3759.000000 0.6860 0.6859 0.6858 0.6856 0.6855
3764.000000 0.6854 0.6852 0.6851 0.6849 0.6848
3769.000000 0.6846 0.6844 0.6842 0.6840 0.6838
3774.000000 0.6836 0.6834 0.6832 0.6830 0.6829
3779.000000 0.6827 0.6825 0.6823 0.6822 0.6822
3784.000000 0.6821 0.6821 0.6820 0.6820 0.6818
3789.000000 0.6817 0.6816 0.6814 0.6813 0.6811
3794.000000 0.6810 0.6808 0.6807 0.6807 0.6808
3799.000000 0.6809 0.6810 0.6811 0.6812 0.6813
3804.000000 0.6815 0.6816 0.6817 0.6818 0.6818
3809.000000 0.6818 0.6818 0.6818 0.6817 0.6816
3814.000000 0.6815 0.6815 0.6814 0.6813 0.6812
3819.000000 0.6810 0.6806 0.6802 0.6799 0.6795
3824.000000 0.6791 0.6787 0.6784 0.6780 0.6776
3829.000000 0.6775 0.6773 0.6772 0.6770 0.6768
3834.000000 0.6767 0.6765 0.6764 0.6764 0.6767
3839.000000 0.6771 0.6774 0.6777 0.6780 0.6783
3844.000000 0.6784 0.6783 0.6783 0.6782 0.6779
3849.000000 0.6776 0.6773 0.6770 0.6768 0.6765
3854.000000 0.6763 0.6761 0.6760 0.6758 0.6757
3859.000000 0.6755 0.6754 0.6754 0.6754 0.6754
3864.000000 0.6754 0.6754 0.6755 0.6755 0.6755
3869.000000 0.6755 0.6757 0.6761 0.6765 0.6769
3874.000000 0.6774 0.6779 0.6791 0.6802 0.6814
3879.000000 0.6829 0.6836 0.6813 0.6789 0.6766
3884.000000 0.6742 0.6722 0.6703 0.6695 0.6695
3889.000000 0.6696 0.6697 0.6698 0.6699 0.6699
3894.000000 0.6700 0.6701 0.6706 0.6711 0.6715
3899.000000 0.6720 0.6725 0.6733 0.6740 0.6748
3904.000000 0.6756 0.6764 0.6775 0.6773 0.6769
3909.000000 0.6766 0.6762 0.6750 0.6737 0.6723
3914.000000 0.6710 0.6701 0.6692 0.6684 0.6680
3919.000000 0.6676 0.6673 0.6672 0.6672 0.6671
3924.000000 0.6670 0.6670 0.6669 0.6668 0.6668
3929.000000 0.6667 0.6666 0.6666 0.6666 0.6666
3934.000000 0.6665 0.6665 0.6665 0.6664 0.6664
3939.000000 0.6663 0.6661 0.6659 0.6656 0.6654
3944.000000 0.6652 0.6650 0.6647 0.6645 0.6643
3949.000000 0.6641 0.6639 0.6637 0.6635 0.6633
3954.000000 0.6631 0.6630 0.6628 0.6626 0.6624
3959.000000 0.6622 0.6620 0.6619 0.6617 0.6615
3964.000000 0.6613 0.6612 0.6610 0.6608 0.6606
3969.000000 0.6605 0.6603 0.6601 0.6600 0.6597
3974.000000 0.6594 0.6591 0.6588 0.6585 0.6582
3979.000000 0.6581 0.6580 0.6580 0.6580 0.6579
3984.000000 0.6579 0.6578 0.6578 0.6578 0.6577
3989.000000 0.6577 0.6576 0.6576 0.6575 0.6575
3994.000000 0.6575 0.6574 0.6574 0.6573 0.6573
3999.000000 0.6572 0.6572
##END=
