##TITLE=1,2,4-TRICHLORO-3-IODOBUTANE
##JCAMP-DX=4.24
##DATA TYPE=INFRARED SPECTRUM
##CLASS=COBLENTZ
##ORIGIN=DOW CHEMICAL COMPANY
##OWNER=COBLENTZ SOCIETY
Collection (C) 2018 copyright by the U.S. Secretary of Commerce
on behalf of the United States of America. All rights reserved.
##DATE=Not specified, most likely prior to 1970
##CAS REGISTRY NO=116401-08-2
##MOLFORM=C4 H6 Cl3 I
##SOURCE REFERENCE=COBLENTZ NO. 1191
##$NIST SOURCE=COBLENTZ
##$NIST IMAGE=cob1191
##SPECTROMETER/DATA SYSTEM=Not specified, most likely a prism, grating, or hybrid spectrometer.
##STATE=SOLUTION (10% IN CCl4 FOR 5000-1330, 10% IN CS2 FOR 1330-625 CM^-^1)
##PATH LENGTH=0.01, 0.010 CM
$$SPECTRAL CONTAMINATION DUE TO CCl4 AROUND 1550 CM^-^1
##SAMPLING PROCEDURE=TRANSMISSION
##RESOLUTION=4
##DATA PROCESSING=DIGITIZED BY NIST FROM HARD COPY
##XUNITS=MICROMETERS
##YUNITS=TRANSMITTANCE
##XFACTOR=1.000000
##YFACTOR=1
##DELTAX=000.006695
##FIRSTX=2.007
##LASTX=15.9129
##FIRSTY=0.8
##MAXX=15.9129
##MINX=2.007
##MAXY=0.898
##MINY=0.275
##NPOINTS=2078
##XYDATA=(X++(Y..Y))
2.007000 0.8000 0.8000 0.8000 0.8000 0.8000
2.040493 0.8000 0.8000 0.8000 0.8000 0.8000
2.074000 0.8000 0.8000 0.8000 0.8000 0.8000
2.107493 0.8020 0.8020 0.8030 0.8030 0.8030
2.141000 0.8030 0.8050 0.8050 0.8050 0.8050
2.174493 0.8070 0.8070 0.8080 0.8080 0.8080
2.208000 0.8080 0.8080 0.8080 0.8080 0.8080
2.241493 0.8080 0.8080 0.8080 0.8080 0.8100
2.275000 0.8100 0.8100 0.8100 0.8120 0.8120
2.308493 0.8120 0.8120 0.8120 0.8130 0.8130
2.341000 0.8130 0.8130 0.8130 0.8130 0.8130
2.374493 0.8150 0.8150 0.8150 0.8150 0.8170
2.408000 0.8170 0.8170 0.8180 0.8200 0.8220
2.441493 0.8220 0.8220 0.8220 0.8220 0.8220
2.475000 0.8220 0.8240 0.8240 0.8240 0.8240
2.508493 0.8250 0.8250 0.8250 0.8250 0.8270
2.542000 0.8270 0.8270 0.8290 0.8290 0.8290
2.575493 0.8300 0.8300 0.8320 0.8340 0.8340
2.609000 0.8340 0.8320 0.8320 0.8320 0.8300
2.642493 0.8290 0.8290 0.8290 0.8290 0.8300
2.676000 0.8320 0.8340 0.8340 0.8350 0.8350
2.709493 0.8350 0.8350 0.8350 0.8350 0.8350
2.743000 0.8350 0.8350 0.8350 0.8340 0.8340
2.776493 0.8340 0.8320 0.8320 0.8320 0.8300
2.810000 0.8270 0.8240 0.8200 0.8170 0.8100
2.843493 0.8080 0.8050 0.8020 0.8020 0.8000
2.877000 0.7930 0.7910 0.7900 0.7880 0.7830
2.910493 0.7780 0.7730 0.7710 0.7690 0.7680
2.944000 0.7680 0.7680 0.7680 0.7680 0.7690
2.977493 0.7690 0.7710 0.7730 0.7760 0.7780
3.011000 0.7800 0.7810 0.7810 0.7850 0.7860
3.044493 0.7900 0.7930 0.7950 0.7960 0.7980
3.078000 0.8000 0.8000 0.8020 0.8030 0.8050
3.111493 0.8050 0.8080 0.8080 0.8100 0.8130
3.145000 0.8180 0.8220 0.8240 0.8240 0.8250
3.178493 0.8250 0.8250 0.8270 0.8290 0.8320
3.212000 0.8340 0.8340 0.8340 0.8340 0.8340
3.245493 0.8340 0.8340 0.8340 0.8340 0.8320
3.279000 0.8320 0.8320 0.8300 0.8300 0.8300
3.312493 0.8290 0.8250 0.8240 0.8170 0.8070
3.346000 0.8000 0.7860 0.7710 0.7590 0.7390
3.379493 0.7370 0.7390 0.7560 0.7660 0.7850
3.413000 0.8050 0.8220 0.8370 0.8390 0.8390
3.446493 0.8390 0.8390 0.8350 0.8320 0.8320
3.480000 0.8300 0.8300 0.8300 0.8300 0.8300
3.513493 0.8320 0.8320 0.8340 0.8370 0.8440
3.547000 0.8490 0.8510 0.8520 0.8520 0.8540
3.580493 0.8520 0.8520 0.8520 0.8520 0.8520
3.614000 0.8520 0.8520 0.8520 0.8520 0.8520
3.647493 0.8540 0.8560 0.8570 0.8570 0.8590
3.681000 0.8590 0.8610 0.8610 0.8610 0.8590
3.714493 0.8590 0.8590 0.8590 0.8590 0.8590
3.747000 0.8590 0.8590 0.8590 0.8590 0.8590
3.780493 0.8610 0.8620 0.8640 0.8640 0.8660
3.814000 0.8660 0.8680 0.8680 0.8680 0.8680
3.847493 0.8680 0.8680 0.8680 0.8680 0.8680
3.881000 0.8690 0.8690 0.8690 0.8690 0.8690
3.914493 0.8690 0.8690 0.8690 0.8690 0.8690
3.948000 0.8690 0.8690 0.8690 0.8690 0.8690
3.981493 0.8690 0.8690 0.8690 0.8690 0.8690
4.015000 0.8710 0.8710 0.8710 0.8710 0.8710
4.048493 0.8710 0.8710 0.8710 0.8710 0.8710
4.082000 0.8710 0.8710 0.8710 0.8710 0.8730
4.115493 0.8730 0.8730 0.8730 0.8730 0.8730
4.149000 0.8730 0.8730 0.8730 0.8710 0.8710
4.182493 0.8690 0.8690 0.8690 0.8690 0.8690
4.216000 0.8690 0.8690 0.8690 0.8690 0.8690
4.249493 0.8690 0.8690 0.8690 0.8690 0.8690
4.283000 0.8690 0.8690 0.8690 0.8690 0.8680
4.316493 0.8660 0.8640 0.8610 0.8570 0.8560
4.350000 0.8560 0.8560 0.8560 0.8560 0.8570
4.383493 0.8610 0.8620 0.8620 0.8640 0.8690
4.417000 0.8730 0.8740 0.8740 0.8740 0.8740
4.450493 0.8760 0.8760 0.8760 0.8760 0.8760
4.484000 0.8760 0.8780 0.8790 0.8810 0.8830
4.517493 0.8840 0.8840 0.8840 0.8840 0.8840
4.551000 0.8860 0.8860 0.8860 0.8860 0.8860
4.584493 0.8860 0.8880 0.8880 0.8900 0.8900
4.618000 0.8910 0.8910 0.8930 0.8930 0.8930
4.651493 0.8950 0.8950 0.8950 0.8950 0.8950
4.685000 0.8950 0.8950 0.8950 0.8950 0.8950
4.718493 0.8950 0.8950 0.8950 0.8950 0.8950
4.752000 0.8950 0.8950 0.8950 0.8950 0.8930
4.785493 0.8930 0.8930 0.8930 0.8930 0.8930
4.819000 0.8930 0.8930 0.8910 0.8910 0.8910
4.852493 0.8910 0.8910 0.8910 0.8910 0.8910
4.886000 0.8910 0.8910 0.8910 0.8910 0.8910
4.919493 0.8910 0.8910 0.8910 0.8910 0.8910
4.953000 0.8910 0.8910 0.8910 0.8910 0.8910
4.986493 0.8910 0.8910 0.8910 0.8910 0.8910
5.020000 0.8910 0.8910 0.8910 0.8910 0.8910
5.053493 0.8910 0.8910 0.8910 0.8930 0.8930
5.087000 0.8930 0.8930 0.8950 0.8950 0.8950
5.120493 0.8950 0.8960 0.8960 0.8960 0.8960
5.154000 0.8980 0.8980 0.8980 0.8980 0.8960
5.187493 0.8960 0.8960 0.8960 0.8960 0.8960
5.220000 0.8960 0.8960 0.8950 0.8950 0.8950
5.253493 0.8950 0.8950 0.8950 0.8950 0.8930
5.287000 0.8930 0.8930 0.8930 0.8930 0.8930
5.320493 0.8930 0.8930 0.8930 0.8930 0.8930
5.354000 0.8930 0.8930 0.8910 0.8910 0.8910
5.387493 0.8910 0.8910 0.8910 0.8910 0.8910
5.421000 0.8910 0.8910 0.8910 0.8910 0.8910
5.454493 0.8910 0.8930 0.8930 0.8930 0.8930
5.488000 0.8930 0.8930 0.8930 0.8930 0.8930
5.521493 0.8950 0.8950 0.8950 0.8950 0.8950
5.555000 0.8950 0.8950 0.8950 0.8960 0.8960
5.588493 0.8960 0.8960 0.8960 0.8960 0.8960
5.622000 0.8960 0.8960 0.8960 0.8960 0.8960
5.655493 0.8960 0.8960 0.8960 0.8960 0.8960
5.689000 0.8960 0.8960 0.8960 0.8950 0.8950
5.722493 0.8950 0.8950 0.8950 0.8950 0.8950
5.756000 0.8950 0.8930 0.8930 0.8930 0.8930
5.789493 0.8930 0.8930 0.8910 0.8910 0.8910
5.823000 0.8900 0.8900 0.8900 0.8880 0.8880
5.856493 0.8840 0.8830 0.8810 0.8760 0.8730
5.890000 0.8710 0.8710 0.8710 0.8690 0.8690
5.923493 0.8690 0.8690 0.8690 0.8680 0.8680
5.957000 0.8680 0.8660 0.8660 0.8660 0.8660
5.990493 0.8660 0.8640 0.8640 0.8640 0.8640
6.024000 0.8610 0.8610 0.8610 0.8610 0.8610
6.057493 0.8610 0.8590 0.8570 0.8570 0.8560
6.091000 0.8540 0.8520 0.8510 0.8490 0.8440
6.124493 0.8420 0.8420 0.8420 0.8400 0.8370
6.158000 0.8340 0.8290 0.8220 0.8150 0.8080
6.191493 0.8000 0.7930 0.7850 0.7760 0.7630
6.225000 0.7510 0.7340 0.7190 0.7000 0.6850
6.258493 0.6700 0.6540 0.6420 0.6270 0.6140
6.292000 0.6040 0.5950 0.5880 0.5870 0.5820
6.325493 0.5780 0.5710 0.5660 0.5610 0.5560
6.359000 0.5490 0.5440 0.5320 0.5240 0.5140
6.392493 0.5040 0.4920 0.4800 0.4650 0.4530
6.426000 0.4410 0.4290 0.4240 0.4210 0.4190
6.459493 0.4210 0.4260 0.4330 0.4450 0.4580
6.493000 0.4750 0.4950 0.5140 0.5310 0.5460
6.526493 0.5580 0.5610 0.5660 0.5730 0.5820
6.560000 0.5900 0.5980 0.6020 0.6100 0.6200
6.593493 0.6340 0.6460 0.6590 0.6710 0.6830
6.626000 0.6930 0.7020 0.7100 0.7200 0.7320
6.659493 0.7460 0.7540 0.7630 0.7710 0.7780
6.693000 0.7810 0.7880 0.7930 0.8000 0.8020
6.726493 0.8080 0.8080 0.8100 0.8130 0.8150
6.760000 0.8170 0.8180 0.8200 0.8200 0.8200
6.793493 0.8200 0.8200 0.8200 0.8200 0.8200
6.827000 0.8200 0.8180 0.8180 0.8150 0.8120
6.860493 0.8050 0.7960 0.7860 0.7730 0.7610
6.894000 0.7470 0.7320 0.7190 0.7050 0.6900
6.927493 0.6750 0.6580 0.6290 0.5880 0.5390
6.961000 0.4500 0.4310 0.4070 0.3850 0.3840
6.994493 0.3850 0.5090 0.5220 0.5440 0.5880
7.028000 0.6930 0.7580 0.7830 0.7880 0.7900
7.061493 0.7950 0.7960 0.7980 0.7980 0.7980
7.095000 0.8000 0.8020 0.8030 0.8080 0.8100
7.128493 0.8130 0.8170 0.8180 0.8200 0.8200
7.162000 0.8220 0.8240 0.8270 0.8290 0.8300
7.195493 0.8320 0.8320 0.8320 0.8320 0.8320
7.229000 0.8320 0.8320 0.8320 0.8320 0.8320
7.262493 0.8320 0.8320 0.8340 0.8340 0.8320
7.296000 0.8320 0.8320 0.8320 0.8320 0.8320
7.329493 0.8300 0.8290 0.8270 0.8200 0.8130
7.363000 0.8030 0.7950 0.7860 0.7800 0.7760
7.396493 0.7740 0.7740 0.7740 0.7760 0.7780
7.430000 0.7800 0.7830 0.7880 0.7930 0.7980
7.463493 0.7980 0.8000 0.8020 0.8020 0.8020
7.497000 0.8020 0.8020 0.7980 0.7980 0.7960
7.530493 0.7950 0.7880 0.7850 0.7740 0.7680
7.564000 0.7610 0.7520 0.7470 0.7410 0.7320
7.597493 0.7250 0.7170 0.7070 0.7030 0.6980
7.631000 0.6970 0.6920 0.6900 0.6880 0.6860
7.664493 0.6800 0.6630 0.6420 0.6040 0.5680
7.698000 0.5340 0.5070 0.4870 0.4730 0.4670
7.731493 0.4650 0.4670 0.5020 0.5380 0.5760
7.765000 0.6070 0.6310 0.6490 0.6640 0.6780
7.798493 0.6860 0.6950 0.7030 0.7140 0.7240
7.832000 0.7360 0.7440 0.7470 0.7510 0.7510
7.865493 0.7520 0.7520 0.7560 0.7560 0.7580
7.899000 0.7610 0.7630 0.7630 0.7630 0.7630
7.932493 0.7610 0.7610 0.7590 0.7560 0.7540
7.966000 0.7520 0.7520 0.7520 0.7540 0.7560
7.999493 0.7560 0.7590 0.7610 0.7610 0.7610
8.033000 0.7590 0.7590 0.7580 0.7580 0.7560
8.066493 0.7540 0.7540 0.7540 0.7540 0.7520
8.099000 0.7510 0.7460 0.7410 0.7320 0.7250
8.132493 0.7170 0.7120 0.7050 0.7030 0.7020
8.166000 0.7020 0.7050 0.7100 0.7190 0.7250
8.199493 0.7340 0.7440 0.7510 0.7540 0.7540
8.233000 0.7540 0.7540 0.7520 0.7490 0.7420
8.266493 0.7290 0.7190 0.7050 0.6950 0.6830
8.300000 0.6730 0.6660 0.6610 0.6590 0.6610
8.333493 0.6710 0.6810 0.6930 0.7050 0.7140
8.367000 0.7270 0.7420 0.7510 0.7540 0.7630
8.400493 0.7660 0.7660 0.7660 0.7640 0.7560
8.434000 0.7470 0.7340 0.7170 0.7000 0.6850
8.467493 0.6760 0.6730 0.6710 0.6700 0.6710
8.501000 0.6810 0.6950 0.7080 0.7240 0.7370
8.534493 0.7470 0.7540 0.7610 0.7640 0.7690
8.568000 0.7730 0.7760 0.7780 0.7800 0.7800
8.601493 0.7810 0.7830 0.7830 0.7830 0.7830
8.635000 0.7830 0.7850 0.7850 0.7850 0.7850
8.668493 0.7850 0.7850 0.7860 0.7860 0.7880
8.702000 0.7910 0.7950 0.7960 0.7980 0.7980
8.735493 0.8000 0.8000 0.8020 0.8020 0.8020
8.769000 0.8020 0.7980 0.7960 0.7950 0.7930
8.802493 0.7860 0.7780 0.7640 0.7560 0.7440
8.836000 0.7290 0.7140 0.6980 0.6810 0.6680
8.869493 0.6540 0.6440 0.6340 0.6270 0.6260
8.903000 0.6270 0.6290 0.6320 0.6370 0.6440
8.936493 0.6540 0.6660 0.6760 0.6860 0.6950
8.970000 0.7030 0.7140 0.7220 0.7300 0.7370
9.003493 0.7470 0.7560 0.7630 0.7690 0.7730
9.037000 0.7760 0.7800 0.7830 0.7860 0.7900
9.070493 0.7910 0.7930 0.7930 0.7960 0.7960
9.104000 0.7980 0.7980 0.7980 0.7980 0.7960
9.137493 0.7960 0.7950 0.7950 0.7930 0.7930
9.171000 0.7930 0.7930 0.7930 0.7930 0.7930
9.204493 0.7930 0.7930 0.7930 0.7930 0.7930
9.238000 0.7930 0.7910 0.7910 0.7900 0.7900
9.271493 0.7900 0.7900 0.7900 0.7900 0.7900
9.305000 0.7910 0.7930 0.7950 0.7960 0.8000
9.338493 0.8050 0.8080 0.8100 0.8100 0.8100
9.372000 0.8120 0.8120 0.8120 0.8120 0.8120
9.405493 0.8120 0.8120 0.8120 0.8120 0.8120
9.439000 0.8120 0.8120 0.8120 0.8130 0.8130
9.472493 0.8130 0.8130 0.8150 0.8170 0.8170
9.505000 0.8170 0.8170 0.8150 0.8150 0.8150
9.538493 0.8150 0.8150 0.8150 0.8130 0.8130
9.572000 0.8130 0.8130 0.8130 0.8130 0.8130
9.605493 0.8120 0.8100 0.8080 0.8080 0.8070
9.639000 0.8070 0.8050 0.8050 0.8030 0.8030
9.672493 0.8030 0.8020 0.8020 0.8020 0.8000
9.706000 0.8000 0.8000 0.7980 0.7980 0.7980
9.739493 0.7980 0.7980 0.7980 0.7960 0.7960
9.773000 0.7960 0.7960 0.7980 0.8000 0.8000
9.806493 0.8020 0.8020 0.8020 0.8020 0.8020
9.840000 0.8020 0.8020 0.8020 0.8000 0.8000
9.873493 0.7960 0.7930 0.7900 0.7880 0.7810
9.907000 0.7760 0.7660 0.7580 0.7490 0.7410
9.940493 0.7360 0.7270 0.7220 0.7190 0.7140
9.974000 0.7120 0.7120 0.7140 0.7150 0.7220
10.007493 0.7290 0.7360 0.7440 0.7510 0.7560
10.041000 0.7630 0.7690 0.7740 0.7800 0.7810
10.074493 0.7850 0.7900 0.7910 0.7930 0.7950
10.108000 0.7950 0.7960 0.7980 0.7980 0.7980
10.141493 0.8000 0.8000 0.8000 0.8020 0.8020
10.175000 0.8020 0.8020 0.8020 0.8020 0.8000
10.208493 0.8000 0.7980 0.7980 0.7960 0.7950
10.242000 0.7950 0.7930 0.7910 0.7900 0.7880
10.275493 0.7830 0.7810 0.7800 0.7780 0.7760
10.309000 0.7740 0.7740 0.7740 0.7760 0.7760
10.342493 0.7780 0.7780 0.7800 0.7800 0.7810
10.376000 0.7810 0.7830 0.7830 0.7850 0.7860
10.409493 0.7900 0.7900 0.7910 0.7930 0.7950
10.443000 0.7950 0.7960 0.7980 0.7980 0.8000
10.476493 0.8000 0.8020 0.8020 0.8030 0.8030
10.510000 0.8030 0.8030 0.8050 0.8050 0.8030
10.543493 0.8030 0.8030 0.8030 0.8030 0.8020
10.577000 0.8000 0.8000 0.7980 0.7980 0.7950
10.610493 0.7910 0.7900 0.7880 0.7850 0.7830
10.644000 0.7810 0.7800 0.7780 0.7740 0.7710
10.677493 0.7690 0.7660 0.7610 0.7560 0.7510
10.711000 0.7420 0.7410 0.7390 0.7370 0.7360
10.744493 0.7360 0.7360 0.7370 0.7370 0.7370
10.778000 0.7390 0.7390 0.7370 0.7250 0.7190
10.811493 0.7000 0.6880 0.6700 0.6460 0.6200
10.845000 0.5920 0.5630 0.5340 0.5090 0.4850
10.878493 0.4670 0.4500 0.4480 0.4480 0.4500
10.912000 0.4630 0.4800 0.4990 0.5190 0.5430
10.945493 0.5710 0.6050 0.6440 0.6560 0.6810
10.978000 0.6920 0.7000 0.7070 0.7140 0.7200
11.011493 0.7240 0.7290 0.7320 0.7340 0.7370
11.045000 0.7370 0.7390 0.7390 0.7390 0.7410
11.078493 0.7410 0.7410 0.7410 0.7410 0.7410
11.112000 0.7410 0.7410 0.7410 0.7410 0.7390
11.145493 0.7370 0.7370 0.7370 0.7390 0.7390
11.179000 0.7390 0.7390 0.7390 0.7390 0.7390
11.212493 0.7390 0.7360 0.7360 0.7340 0.7320
11.246000 0.7320 0.7340 0.7360 0.7390 0.7390
11.279493 0.7410 0.7410 0.7410 0.7410 0.7410
11.313000 0.7390 0.7370 0.7360 0.7340 0.7320
11.346493 0.7300 0.7290 0.7250 0.7250 0.7240
11.380000 0.7220 0.7220 0.7200 0.7190 0.7150
11.413493 0.7080 0.7050 0.7020 0.7000 0.7000
11.447000 0.6980 0.6980 0.6970 0.6930 0.6920
11.480493 0.6900 0.6900 0.6880 0.6850 0.6830
11.514000 0.6800 0.6760 0.6710 0.6680 0.6630
11.547493 0.6590 0.6540 0.6510 0.6490 0.6420
11.581000 0.6410 0.6390 0.6390 0.6370 0.6370
11.614493 0.6370 0.6370 0.6360 0.6360 0.6360
11.648000 0.6360 0.6340 0.6340 0.6340 0.6340
11.681493 0.6340 0.6340 0.6340 0.6340 0.6340
11.715000 0.6340 0.6360 0.6360 0.6390 0.6410
11.748493 0.6420 0.6460 0.6490 0.6540 0.6590
11.782000 0.6630 0.6700 0.6710 0.6780 0.6850
11.815493 0.6900 0.6930 0.6970 0.7000 0.7030
11.849000 0.7070 0.7100 0.7140 0.7200 0.7240
11.882493 0.7290 0.7320 0.7370 0.7420 0.7470
11.916000 0.7490 0.7510 0.7520 0.7560 0.7610
11.949493 0.7630 0.7640 0.7680 0.7690 0.7710
11.983000 0.7730 0.7740 0.7740 0.7760 0.7760
12.016493 0.7780 0.7780 0.7800 0.7800 0.7810
12.050000 0.7810 0.7830 0.7830 0.7830 0.7850
12.083493 0.7850 0.7850 0.7850 0.7850 0.7850
12.117000 0.7850 0.7850 0.7850 0.7850 0.7850
12.150493 0.7860 0.7860 0.7860 0.7860 0.7860
12.184000 0.7860 0.7860 0.7860 0.7860 0.7860
12.217493 0.7850 0.7850 0.7830 0.7810 0.7800
12.251000 0.7780 0.7780 0.7760 0.7740 0.7730
12.284493 0.7710 0.7690 0.7690 0.7690 0.7680
12.318000 0.7680 0.7680 0.7680 0.7680 0.7680
12.351493 0.7690 0.7690 0.7690 0.7690 0.7690
12.385000 0.7710 0.7710 0.7710 0.7710 0.7730
12.418493 0.7730 0.7730 0.7730 0.7730 0.7730
12.451000 0.7730 0.7740 0.7740 0.7740 0.7760
12.484493 0.7760 0.7760 0.7760 0.7760 0.7760
12.518000 0.7760 0.7760 0.7760 0.7740 0.7740
12.551493 0.7740 0.7730 0.7730 0.7710 0.7690
12.585000 0.7680 0.7660 0.7640 0.7630 0.7610
12.618493 0.7610 0.7610 0.7590 0.7580 0.7580
12.652000 0.7580 0.7580 0.7560 0.7560 0.7540
12.685493 0.7540 0.7540 0.7520 0.7520 0.7510
12.719000 0.7510 0.7490 0.7470 0.7470 0.7460
12.752493 0.7440 0.7420 0.7410 0.7390 0.7370
12.786000 0.7370 0.7360 0.7340 0.7300 0.7270
12.819493 0.7200 0.7200 0.7150 0.7100 0.7080
12.853000 0.7020 0.6980 0.6920 0.6880 0.6830
12.886493 0.6800 0.6760 0.6710 0.6680 0.6630
12.920000 0.6610 0.6590 0.6590 0.6590 0.6580
12.953493 0.6580 0.6560 0.6560 0.6560 0.6540
12.987000 0.6540 0.6540 0.6540 0.6530 0.6530
13.020493 0.6510 0.6510 0.6510 0.6490 0.6480
13.054000 0.6480 0.6440 0.6440 0.6420 0.6420
13.087493 0.6420 0.6440 0.6440 0.6460 0.6480
13.121000 0.6490 0.6490 0.6540 0.6580 0.6610
13.154493 0.6640 0.6680 0.6730 0.6760 0.6780
13.188000 0.6800 0.6800 0.6810 0.6810 0.6810
13.221493 0.6830 0.6830 0.6830 0.6810 0.6810
13.255000 0.6810 0.6800 0.6780 0.6780 0.6750
13.288493 0.6730 0.6710 0.6700 0.6680 0.6660
13.322000 0.6640 0.6640 0.6640 0.6630 0.6630
13.355493 0.6630 0.6630 0.6630 0.6610 0.6610
13.389000 0.6610 0.6610 0.6590 0.6580 0.6560
13.422493 0.6530 0.6510 0.6490 0.6460 0.6360
13.456000 0.6290 0.6200 0.6140 0.6070 0.5980
13.489493 0.5880 0.5780 0.5700 0.5600 0.5490
13.523000 0.5410 0.5320 0.5270 0.5210 0.5160
13.556493 0.5090 0.5040 0.5000 0.4990 0.4990
13.590000 0.4990 0.4990 0.5000 0.5000 0.5020
13.623493 0.5040 0.5050 0.5090 0.5120 0.5140
13.657000 0.5160 0.5170 0.5170 0.5170 0.5170
13.690493 0.5170 0.5160 0.5120 0.5050 0.5020
13.724000 0.4950 0.4890 0.4820 0.4770 0.4720
13.757493 0.4670 0.4610 0.4550 0.4500 0.4450
13.791000 0.4380 0.4330 0.4280 0.4170 0.4060
13.824493 0.3990 0.3920 0.3840 0.3770 0.3700
13.857000 0.3630 0.3530 0.3450 0.3330 0.3240
13.890493 0.3130 0.3020 0.2960 0.2870 0.2820
13.924000 0.2790 0.2770 0.2750 0.2770 0.2790
13.957493 0.2820 0.2870 0.2960 0.3020 0.3130
13.991000 0.3230 0.3350 0.3480 0.3600 0.3730
14.024493 0.3870 0.4010 0.4140 0.4280 0.4390
14.058000 0.4500 0.4600 0.4700 0.4780 0.4870
14.091493 0.4950 0.5020 0.5070 0.5120 0.5170
14.125000 0.5240 0.5290 0.5340 0.5380 0.5410
14.158493 0.5430 0.5460 0.5480 0.5490 0.5490
14.192000 0.5490 0.5490 0.5510 0.5510 0.5510
14.225493 0.5510 0.5510 0.5510 0.5490 0.5490
14.259000 0.5480 0.5480 0.5460 0.5460 0.5440
14.292493 0.5440 0.5430 0.5430 0.5410 0.5410
14.326000 0.5410 0.5390 0.5390 0.5380 0.5380
14.359493 0.5360 0.5360 0.5340 0.5320 0.5320
14.393000 0.5320 0.5320 0.5320 0.5310 0.5310
14.426493 0.5290 0.5270 0.5270 0.5270 0.5270
14.460000 0.5270 0.5270 0.5270 0.5290 0.5310
14.493493 0.5320 0.5340 0.5360 0.5380 0.5390
14.527000 0.5390 0.5390 0.5410 0.5410 0.5390
14.560493 0.5410 0.5410 0.5410 0.5410 0.5410
14.594000 0.5410 0.5410 0.5430 0.5430 0.5430
14.627493 0.5430 0.5430 0.5430 0.5430 0.5430
14.661000 0.5430 0.5430 0.5430 0.5430 0.5430
14.694493 0.5410 0.5410 0.5390 0.5390 0.5380
14.728000 0.5360 0.5340 0.5320 0.5320 0.5320
14.761493 0.5310 0.5290 0.5290 0.5270 0.5270
14.795000 0.5260 0.5240 0.5240 0.5220 0.5210
14.828493 0.5190 0.5190 0.5190 0.5170 0.5170
14.862000 0.5160 0.5160 0.5140 0.5140 0.5120
14.895493 0.5120 0.5120 0.5100 0.5100 0.5090
14.929000 0.5050 0.5050 0.5040 0.5020 0.5000
14.962493 0.4990 0.4990 0.4970 0.4970 0.4920
14.996000 0.4890 0.4820 0.4780 0.4730 0.4700
15.029493 0.4650 0.4610 0.4600 0.4580 0.4560
15.063000 0.4550 0.4510 0.4500 0.4460 0.4450
15.096493 0.4410 0.4410 0.4390 0.4380 0.4380
15.130000 0.4360 0.4310 0.4290 0.4280 0.4280
15.163493 0.4260 0.4230 0.4190 0.4170 0.4160
15.197000 0.4120 0.4110 0.4070 0.4040 0.3990
15.230493 0.3970 0.3950 0.3900 0.3890 0.3850
15.264000 0.3800 0.3770 0.3770 0.3750 0.3700
15.297493 0.3680 0.3630 0.3600 0.3580 0.3570
15.330000 0.3530 0.3510 0.3500 0.3480 0.3460
15.363493 0.3460 0.3450 0.3450 0.3430 0.3410
15.397000 0.3410 0.3400 0.3400 0.3400 0.3400
15.430493 0.3400 0.3410 0.3410 0.3430 0.3430
15.464000 0.3450 0.3450 0.3460 0.3480 0.3480
15.497493 0.3500 0.3500 0.3500 0.3510 0.3510
15.531000 0.3530 0.3530 0.3550 0.3550 0.3570
15.564493 0.3580 0.3580 0.3580 0.3620 0.3620
15.598000 0.3620 0.3630 0.3650 0.3650 0.3650
15.631493 0.3650 0.3670 0.3670 0.3670 0.3670
15.665000 0.3670 0.3680 0.3680 0.3680 0.3680
15.698493 0.3680 0.3680 0.3680 0.3680 0.3680
15.732000 0.3680 0.3680 0.3680 0.3680 0.3680
15.765493 0.3680 0.3680 0.3680 0.3680 0.3680
15.799000 0.3680 0.3680 0.3680 0.3680 0.3680
15.832493 0.3680 0.3680 0.3680 0.3680 0.3680
15.866000 0.3700 0.3700 0.3720 0.3720 0.3730
15.899493 0.3730 0.3750 0.3770
##END=
