##TITLE=Cyclopentanecarboxylic acid, 3-carbamoyl-, methyl ester, cis-
##JCAMP-DX=4.24
##DATA TYPE=INFRARED SPECTRUM
##CLASS=COBLENTZ III
##ORIGIN=SOUTHERN RESEARCH INSTITUTE
##OWNER=Copyright (C) 1987 by the Coblentz Society
Collection (C) 2018 copyright by the U.S. Secretary of Commerce
on behalf of the United States of America. All rights reserved.
##DATE=1960/12/02
##NAMES=methyl 3-(aminocarbonyl)cyclopentanecarboxylate
##CAS REGISTRY NO=116595-43-8
##MOLFORM=C8 H13 N O3
##SOURCE REFERENCE=COBLENTZ NO. 7813
##$NIST SOURCE=COBLENTZ
##$NIST IMAGE=cob7813
##SPECTROMETER/DATA SYSTEM=PERKIN-ELMER 221 (GRATING)
##INSTRUMENT PARAMETERS=FILTER AT 980 CM^-^1. GRATING 4000-1428 CM^-^1, NaCl PRISM 1428-650 CM^-^1
##STATE=SOLID (0.8 mg / 650 mg KBr DISC)
$$ PURITY - ANALYTICAL
##SAMPLING PROCEDURE=TRANSMISSION
##RESOLUTION=2
##DATA PROCESSING=DIGITIZED BY COBLENTZ SOCIETY (BATCH II) FROM HARD COPY
##XUNITS=1/CM
##YUNITS=TRANSMITTANCE
##XFACTOR=1.0
##YFACTOR=1
##FIRSTX=611
##LASTX=4000
##FIRSTY=0.7957
##MAXX=4000
##MINX=611
##MAXY=0.8503
##MINY=0.1827
##NPOINTS=3390
##XYDATA=(X++(Y..Y))
611.000000 0.7957 0.7947 0.7937 0.7927 0.7917
616.000000 0.7907 0.7896 0.7885 0.7874 0.7863
621.000000 0.7850 0.7837 0.7824 0.7811 0.7798
626.000000 0.7785 0.7771 0.7757 0.7743 0.7729
631.000000 0.7714 0.7700 0.7686 0.7671 0.7657
636.000000 0.7643 0.7629 0.7615 0.7604 0.7598
641.000000 0.7591 0.7584 0.7578 0.7561 0.7572
646.000000 0.7570 0.7569 0.7570 0.7571 0.7572
651.000000 0.7573 0.7576 0.7578 0.7581 0.7583
656.000000 0.7587 0.7591 0.7595 0.7599 0.7604
661.000000 0.7608 0.7612 0.7620 0.7629 0.7637
666.000000 0.7646 0.7655 0.7666 0.7678 0.7689
671.000000 0.7700 0.7710 0.7720 0.7722 0.7722
676.000000 0.7722 0.7722 0.7702 0.7721 0.7716
681.000000 0.7710 0.7704 0.7698 0.7693 0.7684
686.000000 0.7674 0.7664 0.7655 0.7647 0.7640
691.000000 0.7633 0.7626 0.7619 0.7613 0.7607
696.000000 0.7607 0.7609 0.7586 0.7613 0.7617
701.000000 0.7623 0.7628 0.7635 0.7645 0.7655
706.000000 0.7665 0.7681 0.7708 0.7737 0.7760
711.000000 0.7769 0.7779 0.7788 0.7794 0.7797
716.000000 0.7800 0.7803 0.7806 0.7809 0.7812
721.000000 0.7811 0.7810 0.7809 0.7807 0.7806
726.000000 0.7803 0.7800 0.7796 0.7793 0.7789
731.000000 0.7786 0.7783 0.7781 0.7778 0.7776
736.000000 0.7774 0.7774 0.7774 0.7775 0.7775
741.000000 0.7775 0.7775 0.7814 0.7775 0.7775
746.000000 0.7775 0.7775 0.7775 0.7775 0.7775
751.000000 0.7775 0.7775 0.7775 0.7777 0.7779
756.000000 0.7779 0.7779 0.7780 0.7786 0.7793
761.000000 0.7800 0.7817 0.7858 0.7902 0.7959
766.000000 0.8028 0.8073 0.8107 0.8135 0.8156
771.000000 0.8163 0.8171 0.8179 0.8184 0.8189
776.000000 0.8193 0.8197 0.8198 0.8200 0.8202
781.000000 0.8204 0.8204 0.8204 0.8223 0.8204
786.000000 0.8204 0.8204 0.8204 0.8204 0.8204
791.000000 0.8203 0.8202 0.8200 0.8199 0.8198
796.000000 0.8197 0.8195 0.8194 0.8193 0.8191
801.000000 0.8189 0.8187 0.8184 0.8182 0.8180
806.000000 0.8178 0.8175 0.8170 0.8166 0.8162
811.000000 0.8158 0.8154 0.8149 0.8139 0.8129
816.000000 0.8119 0.8109 0.8099 0.8089 0.8079
821.000000 0.8069 0.8059 0.8049 0.8038 0.8028
826.000000 0.8019 0.8013 0.8008 0.8002 0.7997
831.000000 0.7992 0.7994 0.7988 0.7998 0.8001
836.000000 0.8006 0.8011 0.8021 0.8032 0.8044
841.000000 0.8055 0.8075 0.8101 0.8126 0.8153
846.000000 0.8179 0.8205 0.8230 0.8252 0.8268
851.000000 0.8284 0.8294 0.8301 0.8308 0.8316
856.000000 0.8320 0.8322 0.8324 0.8326 0.8328
861.000000 0.8330 0.8332 0.8334 0.8336 0.8337
866.000000 0.8338 0.8339 0.8340 0.8342 0.8343
871.000000 0.8346 0.8352 0.8357 0.8363 0.8378
876.000000 0.8393 0.8407 0.8424 0.8443 0.8458
881.000000 0.8465 0.8472 0.8470 0.8467 0.8465
886.000000 0.8462 0.8460 0.8457 0.8454 0.8463
891.000000 0.8483 0.8492 0.8503 0.8498 0.8493
896.000000 0.8488 0.8483 0.8478 0.8466 0.8454
901.000000 0.8439 0.8424 0.8410 0.8395 0.8369
906.000000 0.8342 0.8289 0.8242 0.8195 0.8147
911.000000 0.8098 0.8047 0.7997 0.7946 0.7896
916.000000 0.7845 0.7794 0.7744 0.7697 0.7648
921.000000 0.7587 0.7556 0.7560 0.7578 0.7686
926.000000 0.7820 0.7954 0.8088 0.8164 0.8267
931.000000 0.8327 0.8361 0.8372 0.8377 0.8392
936.000000 0.8380 0.8380 0.8375 0.8371 0.8366
941.000000 0.8360 0.8353 0.8347 0.8340 0.8333
946.000000 0.8327 0.8317 0.8307 0.8298 0.8292
951.000000 0.8286 0.8279 0.8273 0.8267 0.8260
956.000000 0.8254 0.8248 0.8241 0.8235 0.8235
961.000000 0.8237 0.8239 0.8241 0.8243 0.8246
966.000000 0.8249 0.8251 0.8254 0.8256 0.8257
971.000000 0.8255 0.8253 0.8251 0.8248 0.8241
976.000000 0.8233 0.8225 0.8214 0.8203 0.8192
981.000000 0.8181 0.8167 0.8154 0.8141 0.8123
986.000000 0.8099 0.8076 0.8052 0.8028 0.8006
991.000000 0.7985 0.7969 0.7965 0.7962 0.7960
996.000000 0.7959 0.7958 0.7957 0.7956 0.7956
1001.000000 0.7957 0.7958 0.7959 0.7961 0.7963
1006.000000 0.7965 0.7967 0.7969 0.7970 0.7968
1011.000000 0.7964 0.7959 0.7955 0.7951 0.7947
1016.000000 0.7943 0.7939 0.7935 0.7920 0.7900
1021.000000 0.7880 0.7860 0.7840 0.7820 0.7796
1026.000000 0.7769 0.7742 0.7714 0.7676 0.7638
1031.000000 0.7614 0.7594 0.7574 0.7569 0.7564
1036.000000 0.7577 0.7584 0.7592 0.7599 0.7614
1041.000000 0.7637 0.7659 0.7683 0.7708 0.7731
1046.000000 0.7748 0.7766 0.7774 0.7786 0.7771
1051.000000 0.7767 0.7763 0.7756 0.7749 0.7741
1056.000000 0.7734 0.7726 0.7718 0.7710 0.7702
1061.000000 0.7694 0.7685 0.7676 0.7668 0.7660
1066.000000 0.7652 0.7644 0.7636 0.7628 0.7620
1071.000000 0.7612 0.7611 0.7610 0.7609 0.7592
1076.000000 0.7606 0.7605 0.7605 0.7627 0.7650
1081.000000 0.7676 0.7702 0.7728 0.7752 0.7773
1086.000000 0.7778 0.7784 0.7788 0.7791 0.7793
1091.000000 0.7796 0.7798 0.7800 0.7800 0.7801
1096.000000 0.7802 0.7823 0.7803 0.7803 0.7803
1101.000000 0.7804 0.7804 0.7803 0.7802 0.7800
1106.000000 0.7798 0.7796 0.7784 0.7770 0.7749
1111.000000 0.7718 0.7670 0.7627 0.7589 0.7550
1116.000000 0.7514 0.7480 0.7445 0.7411 0.7375
1121.000000 0.7336 0.7297 0.7257 0.7218 0.7179
1126.000000 0.7140 0.7100 0.7059 0.7019 0.6978
1131.000000 0.6937 0.6895 0.6853 0.6810 0.6768
1136.000000 0.6726 0.6682 0.6629 0.6576 0.6524
1141.000000 0.6453 0.6322 0.6213 0.6118 0.6019
1146.000000 0.5904 0.5789 0.5674 0.5544 0.5414
1151.000000 0.5279 0.5141 0.5015 0.4901 0.4709
1156.000000 0.4620 0.4536 0.4513 0.4489 0.4481
1161.000000 0.4478 0.4477 0.4469 0.4480 0.4484
1166.000000 0.4493 0.4502 0.4511 0.4536 0.4577
1171.000000 0.4627 0.4724 0.4865 0.5031 0.5125
1176.000000 0.5195 0.5235 0.5274 0.5309 0.5306
1181.000000 0.5302 0.5317 0.5295 0.5284 0.5272
1186.000000 0.5251 0.5194 0.5065 0.4986 0.4919
1191.000000 0.4861 0.4805 0.4757 0.4700 0.4629
1196.000000 0.4522 0.4450 0.4346 0.4302 0.4277
1201.000000 0.4265 0.4287 0.4276 0.4284 0.4310
1206.000000 0.4364 0.4427 0.4661 0.4898 0.5135
1211.000000 0.5300 0.5397 0.5494 0.5591 0.5688
1216.000000 0.5785 0.5882 0.5979 0.6075 0.6172
1221.000000 0.6269 0.6366 0.6472 0.6572 0.6658
1226.000000 0.6712 0.6766 0.6823 0.6888 0.6913
1231.000000 0.6927 0.6949 0.6929 0.6929 0.6927
1236.000000 0.6921 0.6914 0.6899 0.6863 0.6836
1241.000000 0.6793 0.6741 0.6690 0.6639 0.6587
1246.000000 0.6522 0.6485 0.6462 0.6452 0.6442
1251.000000 0.6389 0.6422 0.6426 0.6432 0.6492
1256.000000 0.6610 0.6676 0.6717 0.6727 0.6730
1261.000000 0.6705 0.6728 0.6725 0.6722 0.6719
1266.000000 0.6714 0.6709 0.6704 0.6699 0.6694
1271.000000 0.6689 0.6684 0.6679 0.6674 0.6669
1276.000000 0.6663 0.6658 0.6653 0.6647 0.6643
1281.000000 0.6641 0.6642 0.6650 0.6659 0.6612
1286.000000 0.6675 0.6684 0.6692 0.6703 0.6715
1291.000000 0.6728 0.6740 0.6752 0.6764 0.6773
1296.000000 0.6779 0.6786 0.6793 0.6800 0.6807
1301.000000 0.6807 0.6792 0.6807 0.6807 0.6798
1306.000000 0.6789 0.6780 0.6771 0.6734 0.6544
1311.000000 0.6355 0.6166 0.5976 0.5787 0.5597
1316.000000 0.5408 0.5327 0.5247 0.5198 0.5171
1321.000000 0.5155 0.5171 0.5185 0.5209 0.5454
1326.000000 0.5690 0.5925 0.6161 0.6397 0.6628
1331.000000 0.6902 0.6995 0.7057 0.7091 0.7125
1336.000000 0.7139 0.7167 0.7136 0.7133 0.7129
1341.000000 0.7121 0.7109 0.7080 0.7038 0.6993
1346.000000 0.6890 0.6804 0.6718 0.6634 0.6552
1351.000000 0.6470 0.6419 0.6372 0.6324 0.6276
1356.000000 0.6228 0.6181 0.6119 0.6050 0.5982
1361.000000 0.5949 0.5929 0.5896 0.5925 0.5926
1366.000000 0.5932 0.5942 0.5955 0.5986 0.6014
1371.000000 0.6060 0.6122 0.6265 0.6662 0.6737
1376.000000 0.6813 0.6889 0.6935 0.6952 0.6968
1381.000000 0.6984 0.7001 0.7009 0.7009 0.7001
1386.000000 0.7009 0.7007 0.6999 0.6991 0.6983
1391.000000 0.6975 0.6966 0.6958 0.6950 0.6942
1396.000000 0.6934 0.6915 0.6891 0.6866 0.6843
1401.000000 0.6820 0.6792 0.6761 0.6719 0.6639
1406.000000 0.6526 0.6437 0.6341 0.6241 0.6139
1411.000000 0.6037 0.5858 0.5631 0.5437 0.5270
1416.000000 0.4846 0.4735 0.4640 0.4570 0.4505
1421.000000 0.4448 0.4391 0.4318 0.4237 0.4142
1426.000000 0.4110 0.4093 0.4095 0.4097 0.4113
1431.000000 0.4266 0.4514 0.4762 0.5010 0.5258
1436.000000 0.5414 0.5472 0.5506 0.5504 0.5502
1441.000000 0.5501 0.5499 0.5498 0.5496 0.5495
1446.000000 0.5502 0.5517 0.5552 0.5873 0.6020
1451.000000 0.6047 0.6057 0.6069 0.6113 0.6217
1456.000000 0.6352 0.6411 0.6470 0.6496 0.6516
1461.000000 0.6537 0.6549 0.6559 0.6569 0.6580
1466.000000 0.6631 0.6715 0.6813 0.7108 0.7186
1471.000000 0.7263 0.7310 0.7356 0.7395 0.7418
1476.000000 0.7442 0.7466 0.7490 0.7514 0.7533
1481.000000 0.7550 0.7564 0.7571 0.7579 0.7587
1486.000000 0.7594 0.7598 0.7601 0.7604 0.7607
1491.000000 0.7610 0.7613 0.7616 0.7619 0.7622
1496.000000 0.7625 0.7627 0.7629 0.7631 0.7633
1501.000000 0.7635 0.7637 0.7639 0.7641 0.7643
1506.000000 0.7645 0.7647 0.7649 0.7651 0.7653
1511.000000 0.7655 0.7656 0.7656 0.7657 0.7657
1516.000000 0.7657 0.7652 0.7658 0.7659 0.7659
1521.000000 0.7658 0.7654 0.7651 0.7647 0.7644
1526.000000 0.7640 0.7637 0.7633 0.7629 0.7626
1531.000000 0.7622 0.7619 0.7613 0.7606 0.7599
1536.000000 0.7592 0.7585 0.7578 0.7571 0.7564
1541.000000 0.7557 0.7550 0.7543 0.7537 0.7530
1546.000000 0.7522 0.7515 0.7507 0.7500 0.7492
1551.000000 0.7485 0.7477 0.7470 0.7462 0.7455
1556.000000 0.7447 0.7433 0.7420 0.7406 0.7392
1561.000000 0.7379 0.7365 0.7351 0.7338 0.7320
1566.000000 0.7297 0.7275 0.7252 0.7230 0.7207
1571.000000 0.7182 0.7150 0.7118 0.7086 0.7054
1576.000000 0.7022 0.6992 0.6961 0.6930 0.6900
1581.000000 0.6869 0.6839 0.6785 0.6730 0.6675
1586.000000 0.6619 0.6562 0.6505 0.6450 0.6401
1591.000000 0.6351 0.6302 0.6251 0.6197 0.6144
1596.000000 0.6091 0.6025 0.5944 0.5863 0.5782
1601.000000 0.5675 0.5537 0.5400 0.5290 0.5170
1606.000000 0.5038 0.4910 0.4791 0.4671 0.4550
1611.000000 0.4427 0.4304 0.4180 0.4056 0.3932
1616.000000 0.3822 0.3713 0.3604 0.3498 0.3393
1621.000000 0.3287 0.3208 0.3131 0.3060 0.3019
1626.000000 0.2978 0.2947 0.2931 0.2922 0.2922
1631.000000 0.2922 0.2922 0.2930 0.2936 0.2956
1636.000000 0.2987 0.3030 0.3086 0.3129 0.3166
1641.000000 0.3184 0.3195 0.3198 0.3200 0.3202
1646.000000 0.3204 0.3206 0.3207 0.3209 0.3210
1651.000000 0.3215 0.3220 0.3226 0.3248 0.3271
1656.000000 0.3318 0.3372 0.3466 0.3550 0.3610
1661.000000 0.3669 0.3744 0.3863 0.3978 0.4062
1666.000000 0.4147 0.4234 0.4352 0.4471 0.4623
1671.000000 0.4875 0.5072 0.5185 0.5302 0.5464
1676.000000 0.5578 0.5668 0.5758 0.5846 0.5932
1681.000000 0.6018 0.6105 0.6192 0.6247 0.6295
1686.000000 0.6344 0.6391 0.6417 0.6443 0.6469
1691.000000 0.6485 0.6494 0.6503 0.6511 0.6513
1696.000000 0.6514 0.6526 0.6506 0.6502 0.6497
1701.000000 0.6488 0.6477 0.6465 0.6453 0.6442
1706.000000 0.6418 0.6394 0.6355 0.6301 0.6223
1711.000000 0.5947 0.5657 0.5367 0.5077 0.4787
1716.000000 0.4496 0.4206 0.3916 0.3626 0.3335
1721.000000 0.3045 0.2755 0.2465 0.2175 0.1884
1726.000000 0.1841 0.1827 0.1839 0.2028 0.2285
1731.000000 0.2542 0.2799 0.3056 0.3313 0.3570
1736.000000 0.3827 0.4084 0.4317 0.4895 0.5126
1741.000000 0.5332 0.5533 0.5690 0.5837 0.5941
1746.000000 0.6045 0.6125 0.6191 0.6256 0.6322
1751.000000 0.6385 0.6429 0.6472 0.6516 0.6559
1756.000000 0.6603 0.6647 0.6701 0.6755 0.6809
1761.000000 0.6863 0.6907 0.6939 0.6972 0.7005
1766.000000 0.7038 0.7071 0.7104 0.7136 0.7168
1771.000000 0.7199 0.7231 0.7262 0.7291 0.7313
1776.000000 0.7335 0.7358 0.7379 0.7398 0.7416
1781.000000 0.7434 0.7453 0.7471 0.7489 0.7507
1786.000000 0.7526 0.7544 0.7557 0.7569 0.7582
1791.000000 0.7594 0.7607 0.7619 0.7631 0.7643
1796.000000 0.7655 0.7667 0.7679 0.7691 0.7703
1801.000000 0.7714 0.7724 0.7734 0.7744 0.7755
1806.000000 0.7765 0.7775 0.7785 0.7795 0.7805
1811.000000 0.7816 0.7826 0.7836 0.7846 0.7855
1816.000000 0.7863 0.7871 0.7879 0.7887 0.7895
1821.000000 0.7903 0.7911 0.7919 0.7927 0.7934
1826.000000 0.7942 0.7949 0.7957 0.7964 0.7971
1831.000000 0.7979 0.7986 0.7993 0.8001 0.8007
1836.000000 0.8012 0.8018 0.8023 0.8028 0.8033
1841.000000 0.8038 0.8043 0.8048 0.8053 0.8058
1846.000000 0.8063 0.8069 0.8074 0.8079 0.8084
1851.000000 0.8087 0.8091 0.8094 0.8097 0.8101
1856.000000 0.8104 0.8108 0.8111 0.8114 0.8118
1861.000000 0.8121 0.8124 0.8127 0.8131 0.8134
1866.000000 0.8137 0.8140 0.8143 0.8146 0.8150
1871.000000 0.8153 0.8156 0.8159 0.8162 0.8165
1876.000000 0.8168 0.8171 0.8174 0.8177 0.8179
1881.000000 0.8182 0.8185 0.8188 0.8190 0.8191
1886.000000 0.8191 0.8191 0.8191 0.8192 0.8192
1891.000000 0.8192 0.8193 0.8193 0.8193 0.8193
1896.000000 0.8194 0.8194 0.8194 0.8194 0.8195
1901.000000 0.8195 0.8195 0.8196 0.8196 0.8196
1906.000000 0.8196 0.8197 0.8197 0.8197 0.8197
1911.000000 0.8198 0.8198 0.8198 0.8199 0.8199
1916.000000 0.8199 0.8199 0.8200 0.8200 0.8200
1921.000000 0.8201 0.8201 0.8219 0.8201 0.8202
1926.000000 0.8202 0.8202 0.8202 0.8203 0.8203
1931.000000 0.8203 0.8204 0.8204 0.8203 0.8203
1936.000000 0.8202 0.8201 0.8201 0.8200 0.8202
1941.000000 0.8204 0.8206 0.8208 0.8210 0.8212
1946.000000 0.8215 0.8216 0.8220 0.8224 0.8228
1951.000000 0.8233 0.8237 0.8241 0.8244 0.8246
1956.000000 0.8248 0.8251 0.8255 0.8263 0.8265
1961.000000 0.8267 0.8270 0.8272 0.8274 0.8277
1966.000000 0.8280 0.8283 0.8286 0.8288 0.8291
1971.000000 0.8294 0.8297 0.8299 0.8300 0.8300
1976.000000 0.8301 0.8302 0.8303 0.8304 0.8304
1981.000000 0.8305 0.8306 0.8307 0.8307 0.8307
1986.000000 0.8307 0.8307 0.8305 0.8292 0.8279
1991.000000 0.8267 0.8254 0.8248 0.8244 0.8239
1996.000000 0.8234 0.8230 0.8226 0.8226 0.8226
2001.000000 0.8227 0.8227 0.8227 0.8228 0.8228
2006.000000 0.8228 0.8229 0.8229 0.8230 0.8230
2011.000000 0.8231 0.8232 0.8233 0.8235 0.8236
2016.000000 0.8237 0.8238 0.8240 0.8241 0.8242
2021.000000 0.8243 0.8245 0.8246 0.8247 0.8248
2026.000000 0.8249 0.8250 0.8251 0.8251 0.8252
2031.000000 0.8253 0.8253 0.8254 0.8254 0.8255
2036.000000 0.8256 0.8256 0.8257 0.8257 0.8258
2041.000000 0.8258 0.8259 0.8260 0.8260 0.8261
2046.000000 0.8261 0.8262 0.8262 0.8263 0.8263
2051.000000 0.8264 0.8264 0.8265 0.8265 0.8266
2056.000000 0.8266 0.8267 0.8267 0.8268 0.8268
2061.000000 0.8269 0.8269 0.8269 0.8270 0.8270
2066.000000 0.8271 0.8271 0.8271 0.8271 0.8270
2071.000000 0.8270 0.8270 0.8270 0.8270 0.8270
2076.000000 0.8270 0.8270 0.8270 0.8269 0.8269
2081.000000 0.8269 0.8269 0.8269 0.8269 0.8269
2086.000000 0.8269 0.8269 0.8268 0.8268 0.8268
2091.000000 0.8268 0.8268 0.8268 0.8269 0.8270
2096.000000 0.8271 0.8271 0.8272 0.8273 0.8274
2101.000000 0.8274 0.8275 0.8276 0.8277 0.8278
2106.000000 0.8278 0.8279 0.8280 0.8281 0.8281
2111.000000 0.8282 0.8283 0.8284 0.8284 0.8285
2116.000000 0.8286 0.8287 0.8287 0.8288 0.8289
2121.000000 0.8290 0.8291 0.8292 0.8293 0.8293
2126.000000 0.8294 0.8295 0.8296 0.8297 0.8298
2131.000000 0.8299 0.8299 0.8300 0.8301 0.8302
2136.000000 0.8303 0.8304 0.8305 0.8306 0.8307
2141.000000 0.8308 0.8309 0.8311 0.8312 0.8313
2146.000000 0.8314 0.8315 0.8317 0.8318 0.8319
2151.000000 0.8320 0.8322 0.8323 0.8324 0.8325
2156.000000 0.8326 0.8326 0.8327 0.8327 0.8328
2161.000000 0.8328 0.8329 0.8329 0.8330 0.8331
2166.000000 0.8331 0.8332 0.8332 0.8333 0.8333
2171.000000 0.8334 0.8335 0.8335 0.8336 0.8336
2176.000000 0.8337 0.8337 0.8338 0.8338 0.8339
2181.000000 0.8340 0.8340 0.8341 0.8341 0.8342
2186.000000 0.8342 0.8342 0.8343 0.8343 0.8344
2191.000000 0.8344 0.8344 0.8345 0.8345 0.8346
2196.000000 0.8345 0.8345 0.8345 0.8345 0.8344
2201.000000 0.8344 0.8344 0.8344 0.8343 0.8343
2206.000000 0.8343 0.8343 0.8342 0.8342 0.8342
2211.000000 0.8342 0.8341 0.8341 0.8341 0.8340
2216.000000 0.8340 0.8340 0.8340 0.8339 0.8339
2221.000000 0.8339 0.8338 0.8337 0.8336 0.8335
2226.000000 0.8334 0.8333 0.8331 0.8330 0.8329
2231.000000 0.8328 0.8327 0.8326 0.8325 0.8324
2236.000000 0.8324 0.8324 0.8323 0.8323 0.8323
2241.000000 0.8323 0.8323 0.8323 0.8323 0.8322
2246.000000 0.8322 0.8322 0.8322 0.8322 0.8322
2251.000000 0.8322 0.8322 0.8321 0.8321 0.8321
2256.000000 0.8321 0.8321 0.8321 0.8319 0.8318
2261.000000 0.8317 0.8316 0.8315 0.8314 0.8313
2266.000000 0.8312 0.8310 0.8309 0.8308 0.8307
2271.000000 0.8306 0.8305 0.8304 0.8303 0.8301
2276.000000 0.8300 0.8299 0.8298 0.8297 0.8296
2281.000000 0.8295 0.8294 0.8292 0.8291 0.8290
2286.000000 0.8289 0.8288 0.8287 0.8286 0.8285
2291.000000 0.8283 0.8283 0.8283 0.8282 0.8282
2296.000000 0.8282 0.8282 0.8281 0.8281 0.8281
2301.000000 0.8281 0.8280 0.8280 0.8280 0.8280
2306.000000 0.8281 0.8281 0.8282 0.8282 0.8283
2311.000000 0.8283 0.8284 0.8285 0.8286 0.8287
2316.000000 0.8288 0.8290 0.8291 0.8292 0.8293
2321.000000 0.8294 0.8296 0.8295 0.8295 0.8295
2326.000000 0.8294 0.8294 0.8293 0.8293 0.8292
2331.000000 0.8292 0.8291 0.8291 0.8290 0.8290
2336.000000 0.8290 0.8289 0.8289 0.8288 0.8288
2341.000000 0.8288 0.8287 0.8287 0.8287 0.8286
2346.000000 0.8286 0.8286 0.8285 0.8285 0.8284
2351.000000 0.8284 0.8284 0.8283 0.8283 0.8283
2356.000000 0.8282 0.8282 0.8282 0.8282 0.8281
2361.000000 0.8281 0.8281 0.8281 0.8281 0.8281
2366.000000 0.8281 0.8281 0.8281 0.8280 0.8280
2371.000000 0.8280 0.8280 0.8280 0.8280 0.8280
2376.000000 0.8280 0.8280 0.8279 0.8279 0.8279
2381.000000 0.8279 0.8279 0.8279 0.8279 0.8279
2386.000000 0.8280 0.8281 0.8282 0.8282 0.8283
2391.000000 0.8284 0.8285 0.8286 0.8287 0.8288
2396.000000 0.8289 0.8290 0.8291 0.8292 0.8293
2401.000000 0.8293 0.8294 0.8295 0.8296 0.8297
2406.000000 0.8298 0.8299 0.8300 0.8301 0.8302
2411.000000 0.8303 0.8303 0.8304 0.8304 0.8305
2416.000000 0.8305 0.8305 0.8306 0.8306 0.8306
2421.000000 0.8307 0.8307 0.8308 0.8308 0.8308
2426.000000 0.8309 0.8309 0.8310 0.8310 0.8310
2431.000000 0.8311 0.8311 0.8312 0.8312 0.8312
2436.000000 0.8313 0.8313 0.8314 0.8314 0.8314
2441.000000 0.8315 0.8315 0.8316 0.8316 0.8316
2446.000000 0.8317 0.8317 0.8317 0.8317 0.8318
2451.000000 0.8318 0.8318 0.8319 0.8319 0.8319
2456.000000 0.8319 0.8320 0.8320 0.8320 0.8321
2461.000000 0.8321 0.8321 0.8321 0.8322 0.8322
2466.000000 0.8322 0.8323 0.8323 0.8323 0.8323
2471.000000 0.8324 0.8324 0.8324 0.8325 0.8325
2476.000000 0.8324 0.8323 0.8323 0.8322 0.8321
2481.000000 0.8321 0.8320 0.8319 0.8318 0.8318
2486.000000 0.8317 0.8316 0.8316 0.8315 0.8314
2491.000000 0.8313 0.8313 0.8312 0.8311 0.8311
2496.000000 0.8310 0.8309 0.8308 0.8308 0.8307
2501.000000 0.8306 0.8305 0.8305 0.8304 0.8303
2506.000000 0.8303 0.8302 0.8302 0.8302 0.8302
2511.000000 0.8302 0.8302 0.8301 0.8301 0.8301
2516.000000 0.8301 0.8301 0.8300 0.8300 0.8300
2521.000000 0.8300 0.8300 0.8299 0.8299 0.8299
2526.000000 0.8299 0.8299 0.8299 0.8298 0.8298
2531.000000 0.8298 0.8298 0.8298 0.8297 0.8297
2536.000000 0.8297 0.8297 0.8297 0.8296 0.8296
2541.000000 0.8296 0.8296 0.8297 0.8297 0.8297
2546.000000 0.8297 0.8297 0.8297 0.8297 0.8298
2551.000000 0.8298 0.8298 0.8298 0.8298 0.8298
2556.000000 0.8298 0.8299 0.8299 0.8299 0.8299
2561.000000 0.8299 0.8299 0.8299 0.8299 0.8300
2566.000000 0.8300 0.8300 0.8300 0.8300 0.8300
2571.000000 0.8300 0.8301 0.8301 0.8301 0.8301
2576.000000 0.8301 0.8301 0.8301 0.8302 0.8302
2581.000000 0.8303 0.8303 0.8303 0.8304 0.8304
2586.000000 0.8305 0.8305 0.8306 0.8306 0.8307
2591.000000 0.8307 0.8307 0.8308 0.8308 0.8309
2596.000000 0.8309 0.8310 0.8310 0.8310 0.8311
2601.000000 0.8311 0.8312 0.8312 0.8313 0.8313
2606.000000 0.8314 0.8314 0.8314 0.8313 0.8312
2611.000000 0.8310 0.8309 0.8308 0.8307 0.8306
2616.000000 0.8305 0.8304 0.8303 0.8302 0.8301
2621.000000 0.8300 0.8299 0.8297 0.8296 0.8295
2626.000000 0.8294 0.8293 0.8292 0.8291 0.8290
2631.000000 0.8289 0.8288 0.8287 0.8286 0.8284
2636.000000 0.8283 0.8282 0.8281 0.8280 0.8279
2641.000000 0.8278 0.8277 0.8276 0.8275 0.8274
2646.000000 0.8273 0.8273 0.8272 0.8270 0.8270
2651.000000 0.8269 0.8268 0.8267 0.8266 0.8264
2656.000000 0.8263 0.8262 0.8260 0.8259 0.8258
2661.000000 0.8256 0.8255 0.8254 0.8253 0.8251
2666.000000 0.8250 0.8248 0.8246 0.8244 0.8242
2671.000000 0.8241 0.8239 0.8237 0.8235 0.8233
2676.000000 0.8232 0.8230 0.8228 0.8226 0.8224
2681.000000 0.8222 0.8221 0.8219 0.8217 0.8215
2686.000000 0.8213 0.8211 0.8210 0.8208 0.8206
2691.000000 0.8204 0.8204 0.8204 0.8204 0.8203
2696.000000 0.8203 0.8203 0.8202 0.8202 0.8202
2701.000000 0.8201 0.8201 0.8201 0.8201 0.8201
2706.000000 0.8201 0.8201 0.8201 0.8201 0.8201
2711.000000 0.8201 0.8201 0.8201 0.8200 0.8198
2716.000000 0.8197 0.8197 0.8196 0.8195 0.8194
2721.000000 0.8190 0.8182 0.8175 0.8166 0.8156
2726.000000 0.8146 0.8136 0.8126 0.8116 0.8107
2731.000000 0.8097 0.8088 0.8078 0.8069 0.8061
2736.000000 0.8055 0.8049 0.8043 0.8037 0.8032
2741.000000 0.8026 0.8020 0.8017 0.8014 0.8010
2746.000000 0.8007 0.8004 0.8001 0.7997 0.7994
2751.000000 0.7991 0.7988 0.7985 0.7982 0.7979
2756.000000 0.7976 0.7973 0.7970 0.7967 0.7964
2761.000000 0.7961 0.7958 0.7955 0.7952 0.7949
2766.000000 0.7946 0.7943 0.7940 0.7937 0.7934
2771.000000 0.7931 0.7928 0.7926 0.7923 0.7920
2776.000000 0.7917 0.7914 0.7911 0.7909 0.7907
2781.000000 0.7904 0.7902 0.7900 0.7898 0.7896
2786.000000 0.7893 0.7891 0.7889 0.7888 0.7887
2791.000000 0.7886 0.7886 0.7885 0.7884 0.7883
2796.000000 0.7882 0.7881 0.7880 0.7879 0.7879
2801.000000 0.7878 0.7877 0.7876 0.7875 0.7874
2806.000000 0.7875 0.7876 0.7877 0.7878 0.7879
2811.000000 0.7880 0.7880 0.7881 0.7882 0.7883
2816.000000 0.7884 0.7885 0.7885 0.7886 0.7886
2821.000000 0.7886 0.7885 0.7885 0.7884 0.7884
2826.000000 0.7883 0.7883 0.7880 0.7876 0.7864
2831.000000 0.7852 0.7839 0.7827 0.7815 0.7807
2836.000000 0.7798 0.7789 0.7781 0.7772 0.7767
2841.000000 0.7762 0.7758 0.7753 0.7748 0.7732
2846.000000 0.7713 0.7694 0.7675 0.7655 0.7634
2851.000000 0.7613 0.7591 0.7570 0.7549 0.7528
2856.000000 0.7499 0.7469 0.7439 0.7397 0.7375
2861.000000 0.7375 0.7375 0.7371 0.7382 0.7388
2866.000000 0.7393 0.7405 0.7419 0.7434 0.7452
2871.000000 0.7482 0.7511 0.7531 0.7539 0.7541
2876.000000 0.7527 0.7545 0.7545 0.7539 0.7532
2881.000000 0.7526 0.7519 0.7513 0.7506 0.7499
2886.000000 0.7491 0.7484 0.7477 0.7470 0.7462
2891.000000 0.7452 0.7442 0.7431 0.7420 0.7410
2896.000000 0.7399 0.7389 0.7375 0.7361 0.7347
2901.000000 0.7332 0.7318 0.7304 0.7290 0.7276
2906.000000 0.7261 0.7244 0.7224 0.7204 0.7184
2911.000000 0.7164 0.7144 0.7124 0.7104 0.7084
2916.000000 0.7064 0.7044 0.7021 0.6999 0.6977
2921.000000 0.6954 0.6932 0.6910 0.6887 0.6865
2926.000000 0.6840 0.6812 0.6785 0.6757 0.6730
2931.000000 0.6702 0.6674 0.6644 0.6613 0.6583
2936.000000 0.6552 0.6522 0.6491 0.6451 0.6406
2941.000000 0.6362 0.6341 0.6320 0.6302 0.6296
2946.000000 0.6290 0.6284 0.6272 0.6249 0.6226
2951.000000 0.6197 0.6165 0.6140 0.6118 0.6114
2956.000000 0.6114 0.6126 0.6122 0.6126 0.6131
2961.000000 0.6137 0.6151 0.6165 0.6200 0.6237
2966.000000 0.6277 0.6324 0.6372 0.6426 0.6495
2971.000000 0.6565 0.6649 0.6733 0.6873 0.7034
2976.000000 0.7205 0.7338 0.7451 0.7525 0.7545
2981.000000 0.7551 0.7557 0.7563 0.7569 0.7574
2986.000000 0.7575 0.7577 0.7578 0.7579 0.7581
2991.000000 0.7582 0.7584 0.7586 0.7588 0.7590
2996.000000 0.7590 0.7590 0.7592 0.7595 0.7597
3001.000000 0.7599 0.7602 0.7604 0.7606 0.7608
3006.000000 0.7612 0.7617 0.7623 0.7628 0.7633
3011.000000 0.7638 0.7643 0.7648 0.7653 0.7658
3016.000000 0.7663 0.7668 0.7673 0.7678 0.7681
3021.000000 0.7682 0.7684 0.7685 0.7687 0.7688
3026.000000 0.7690 0.7691 0.7715 0.7694 0.7696
3031.000000 0.7696 0.7697 0.7698 0.7699 0.7699
3036.000000 0.7700 0.7695 0.7691 0.7686 0.7681
3041.000000 0.7677 0.7672 0.7667 0.7660 0.7650
3046.000000 0.7641 0.7632 0.7623 0.7614 0.7605
3051.000000 0.7596 0.7586 0.7576 0.7565 0.7554
3056.000000 0.7544 0.7533 0.7522 0.7512 0.7501
3061.000000 0.7490 0.7480 0.7469 0.7458 0.7444
3066.000000 0.7431 0.7418 0.7404 0.7391 0.7378
3071.000000 0.7364 0.7351 0.7338 0.7324 0.7307
3076.000000 0.7289 0.7270 0.7252 0.7233 0.7215
3081.000000 0.7196 0.7178 0.7159 0.7141 0.7121
3086.000000 0.7100 0.7079 0.7057 0.7036 0.7015
3091.000000 0.6993 0.6972 0.6951 0.6929 0.6907
3096.000000 0.6885 0.6862 0.6840 0.6818 0.6796
3101.000000 0.6773 0.6747 0.6721 0.6695 0.6669
3106.000000 0.6643 0.6617 0.6591 0.6565 0.6539
3111.000000 0.6513 0.6487 0.6461 0.6435 0.6410
3116.000000 0.6385 0.6361 0.6336 0.6311 0.6287
3121.000000 0.6262 0.6237 0.6213 0.6188 0.6164
3126.000000 0.6138 0.6086 0.6034 0.5983 0.5931
3131.000000 0.5879 0.5834 0.5793 0.5753 0.5713
3136.000000 0.5672 0.5632 0.5592 0.5552 0.5512
3141.000000 0.5472 0.5435 0.5402 0.5369 0.5336
3146.000000 0.5303 0.5252 0.5194 0.5135 0.5050
3151.000000 0.5013 0.4993 0.4973 0.4957 0.4951
3156.000000 0.4944 0.4938 0.4932 0.4927 0.4923
3161.000000 0.4904 0.4927 0.4932 0.4937 0.4942
3166.000000 0.4949 0.4958 0.4966 0.4975 0.4983
3171.000000 0.4991 0.4999 0.5007 0.5015 0.5023
3176.000000 0.5031 0.5039 0.5047 0.5054 0.5062
3181.000000 0.5070 0.5079 0.5087 0.5095 0.5108
3186.000000 0.5125 0.5142 0.5159 0.5175 0.5190
3191.000000 0.5206 0.5222 0.5236 0.5239 0.5242
3196.000000 0.5245 0.5248 0.5250 0.5253 0.5257
3201.000000 0.5268 0.5278 0.5288 0.5301 0.5320
3206.000000 0.5340 0.5359 0.5380 0.5413 0.5446
3211.000000 0.5479 0.5515 0.5559 0.5602 0.5625
3216.000000 0.5635 0.5645 0.5648 0.5651 0.5654
3221.000000 0.5657 0.5660 0.5661 0.5660 0.5688
3226.000000 0.5660 0.5659 0.5659 0.5658 0.5658
3231.000000 0.5657 0.5655 0.5653 0.5650 0.5648
3236.000000 0.5646 0.5644 0.5642 0.5639 0.5637
3241.000000 0.5635 0.5633 0.5630 0.5623 0.5615
3246.000000 0.5608 0.5601 0.5594 0.5587 0.5580
3251.000000 0.5573 0.5566 0.5559 0.5551 0.5542
3256.000000 0.5533 0.5524 0.5515 0.5507 0.5498
3261.000000 0.5489 0.5480 0.5471 0.5463 0.5455
3266.000000 0.5446 0.5438 0.5430 0.5421 0.5413
3271.000000 0.5408 0.5402 0.5396 0.5391 0.5385
3276.000000 0.5379 0.5349 0.5317 0.5285 0.5251
3281.000000 0.5215 0.5180 0.5158 0.5143 0.5127
3286.000000 0.5112 0.5081 0.5033 0.4987 0.4940
3291.000000 0.4916 0.4895 0.4873 0.4852 0.4830
3296.000000 0.4817 0.4806 0.4794 0.4783 0.4771
3301.000000 0.4749 0.4724 0.4699 0.4675 0.4650
3306.000000 0.4616 0.4578 0.4541 0.4504 0.4466
3311.000000 0.4422 0.4378 0.4334 0.4293 0.4260
3316.000000 0.4227 0.4195 0.4162 0.4129 0.4099
3321.000000 0.4069 0.4039 0.4009 0.3979 0.3948
3326.000000 0.3915 0.3883 0.3850 0.3817 0.3797
3331.000000 0.3778 0.3758 0.3738 0.3731 0.3729
3336.000000 0.3728 0.3726 0.3725 0.3726 0.3728
3341.000000 0.3728 0.3735 0.3746 0.3757 0.3768
3346.000000 0.3779 0.3789 0.3804 0.3822 0.3842
3351.000000 0.3862 0.3883 0.3903 0.3926 0.3948
3356.000000 0.3971 0.3995 0.4023 0.4050 0.4084
3361.000000 0.4121 0.4173 0.4231 0.4288 0.4337
3366.000000 0.4386 0.4433 0.4466 0.4500 0.4533
3371.000000 0.4567 0.4601 0.4639 0.4679 0.4718
3376.000000 0.4758 0.4798 0.4838 0.4873 0.4906
3381.000000 0.4939 0.4971 0.5004 0.5036 0.5064
3386.000000 0.5093 0.5121 0.5149 0.5178 0.5206
3391.000000 0.5236 0.5274 0.5313 0.5352 0.5390
3396.000000 0.5429 0.5468 0.5504 0.5539 0.5574
3401.000000 0.5609 0.5644 0.5677 0.5707 0.5736
3406.000000 0.5765 0.5795 0.5824 0.5844 0.5859
3411.000000 0.5874 0.5889 0.5904 0.5919 0.5934
3416.000000 0.5948 0.5958 0.5968 0.5978 0.5988
3421.000000 0.5999 0.6009 0.6019 0.6029 0.6039
3426.000000 0.6049 0.6060 0.6070 0.6080 0.6090
3431.000000 0.6100 0.6115 0.6133 0.6151 0.6172
3436.000000 0.6196 0.6220 0.6243 0.6267 0.6299
3441.000000 0.6331 0.6358 0.6372 0.6385 0.6399
3446.000000 0.6413 0.6427 0.6444 0.6461 0.6479
3451.000000 0.6500 0.6558 0.6608 0.6633 0.6658
3456.000000 0.6683 0.6700 0.6713 0.6727 0.6741
3461.000000 0.6754 0.6768 0.6782 0.6795 0.6809
3466.000000 0.6819 0.6829 0.6838 0.6848 0.6858
3471.000000 0.6868 0.6877 0.6887 0.6897 0.6906
3476.000000 0.6914 0.6923 0.6932 0.6941 0.6952
3481.000000 0.6966 0.6998 0.7052 0.7097 0.7135
3486.000000 0.7174 0.7196 0.7203 0.7211 0.7218
3491.000000 0.7225 0.7231 0.7238 0.7244 0.7251
3496.000000 0.7258 0.7263 0.7268 0.7273 0.7278
3501.000000 0.7282 0.7287 0.7292 0.7297 0.7302
3506.000000 0.7307 0.7312 0.7317 0.7322 0.7327
3511.000000 0.7330 0.7334 0.7338 0.7342 0.7346
3516.000000 0.7350 0.7354 0.7359 0.7367 0.7374
3521.000000 0.7385 0.7403 0.7421 0.7438 0.7450
3526.000000 0.7454 0.7457 0.7460 0.7464 0.7467
3531.000000 0.7471 0.7474 0.7475 0.7476 0.7478
3536.000000 0.7479 0.7480 0.7482 0.7483 0.7484
3541.000000 0.7486 0.7489 0.7492 0.7495 0.7498
3546.000000 0.7501 0.7504 0.7507 0.7510 0.7513
3551.000000 0.7516 0.7519 0.7523 0.7527 0.7530
3556.000000 0.7534 0.7538 0.7553 0.7584 0.7627
3561.000000 0.7631 0.7636 0.7640 0.7648 0.7656
3566.000000 0.7665 0.7674 0.7683 0.7692 0.7710
3571.000000 0.7728 0.7754 0.7760 0.7761 0.7762
3576.000000 0.7764 0.7765 0.7766 0.7768 0.7771
3581.000000 0.7773 0.7776 0.7778 0.7780 0.7783
3586.000000 0.7784 0.7785 0.7786 0.7787 0.7792
3591.000000 0.7799 0.7805 0.7817 0.7830 0.7842
3596.000000 0.7855 0.7869 0.7886 0.7904 0.7917
3601.000000 0.7927 0.7937 0.7948 0.7957 0.7964
3606.000000 0.7971 0.7978 0.7985 0.7992 0.7999
3611.000000 0.8006 0.8012 0.8018 0.8024 0.8029
3616.000000 0.8030 0.8032 0.8033 0.8035 0.8036
3621.000000 0.8038 0.8039 0.8041 0.8046 0.8050
3626.000000 0.8055 0.8059 0.8064 0.8068 0.8073
3631.000000 0.8077 0.8082 0.8086 0.8091 0.8095
3636.000000 0.8100 0.8104 0.8109 0.8113 0.8117
3641.000000 0.8120 0.8122 0.8125 0.8128 0.8131
3646.000000 0.8133 0.8136 0.8139 0.8142 0.8144
3651.000000 0.8147 0.8149 0.8151 0.8154 0.8156
3656.000000 0.8159 0.8161 0.8163 0.8166 0.8168
3661.000000 0.8170 0.8172 0.8174 0.8176 0.8178
3666.000000 0.8179 0.8181 0.8183 0.8185 0.8186
3671.000000 0.8188 0.8190 0.8192 0.8194 0.8195
3676.000000 0.8197 0.8199 0.8201 0.8202 0.8204
3681.000000 0.8206 0.8208 0.8209 0.8211 0.8213
3686.000000 0.8214 0.8215 0.8215 0.8215 0.8216
3691.000000 0.8216 0.8216 0.8217 0.8217 0.8217
3696.000000 0.8218 0.8218 0.8218 0.8219 0.8219
3701.000000 0.8219 0.8220 0.8220 0.8220 0.8221
3706.000000 0.8221 0.8221 0.8222 0.8222 0.8222
3711.000000 0.8223 0.8223 0.8223 0.8224 0.8225
3716.000000 0.8225 0.8226 0.8226 0.8227 0.8227
3721.000000 0.8228 0.8228 0.8229 0.8229 0.8230
3726.000000 0.8230 0.8231 0.8231 0.8232 0.8232
3731.000000 0.8233 0.8234 0.8234 0.8235 0.8235
3736.000000 0.8236 0.8236 0.8237 0.8237 0.8238
3741.000000 0.8238 0.8239 0.8239 0.8240 0.8241
3746.000000 0.8241 0.8242 0.8243 0.8244 0.8244
3751.000000 0.8245 0.8246 0.8246 0.8247 0.8248
3756.000000 0.8248 0.8249 0.8250 0.8251 0.8251
3761.000000 0.8252 0.8253 0.8253 0.8254 0.8255
3766.000000 0.8255 0.8256 0.8257 0.8258 0.8258
3771.000000 0.8259 0.8260 0.8260 0.8261 0.8262
3776.000000 0.8263 0.8263 0.8264 0.8265 0.8265
3781.000000 0.8266 0.8267 0.8268 0.8268 0.8269
3786.000000 0.8270 0.8271 0.8271 0.8272 0.8273
3791.000000 0.8274 0.8274 0.8275 0.8276 0.8276
3796.000000 0.8277 0.8278 0.8279 0.8279 0.8280
3801.000000 0.8280 0.8280 0.8279 0.8279 0.8278
3806.000000 0.8278 0.8277 0.8277 0.8276 0.8275
3811.000000 0.8275 0.8274 0.8274 0.8273 0.8271
3816.000000 0.8268 0.8266 0.8264 0.8262 0.8260
3821.000000 0.8257 0.8255 0.8253 0.8251 0.8250
3826.000000 0.8249 0.8249 0.8248 0.8248 0.8247
3831.000000 0.8247 0.8247 0.8248 0.8248 0.8249
3836.000000 0.8250 0.8250 0.8251 0.8251 0.8252
3841.000000 0.8252 0.8253 0.8254 0.8254 0.8255
3846.000000 0.8255 0.8256 0.8257 0.8257 0.8258
3851.000000 0.8259 0.8259 0.8260 0.8260 0.8261
3856.000000 0.8262 0.8262 0.8263 0.8264 0.8264
3861.000000 0.8265 0.8265 0.8266 0.8267 0.8267
3866.000000 0.8268 0.8268 0.8269 0.8269 0.8270
3871.000000 0.8270 0.8271 0.8271 0.8272 0.8272
3876.000000 0.8273 0.8272 0.8273 0.8274 0.8274
3881.000000 0.8275 0.8275 0.8276 0.8276 0.8277
3886.000000 0.8277 0.8278 0.8278 0.8279 0.8279
3891.000000 0.8280 0.8280 0.8280 0.8280 0.8280
3896.000000 0.8280 0.8280 0.8280 0.8280 0.8280
3901.000000 0.8280 0.8280 0.8280 0.8281 0.8281
3906.000000 0.8281 0.8281 0.8281 0.8281 0.8281
3911.000000 0.8281 0.8281 0.8281 0.8281 0.8281
3916.000000 0.8281 0.8281 0.8281 0.8281 0.8281
3921.000000 0.8281 0.8281 0.8281 0.8280 0.8280
3926.000000 0.8279 0.8279 0.8278 0.8278 0.8278
3931.000000 0.8277 0.8277 0.8276 0.8276 0.8275
3936.000000 0.8275 0.8274 0.8274 0.8274 0.8273
3941.000000 0.8273 0.8272 0.8272 0.8271 0.8271
3946.000000 0.8270 0.8271 0.8271 0.8271 0.8271
3951.000000 0.8272 0.8272 0.8272 0.8272 0.8272
3956.000000 0.8273 0.8273 0.8273 0.8273 0.8274
3961.000000 0.8274 0.8274 0.8274 0.8274 0.8275
3966.000000 0.8275 0.8275 0.8276 0.8276 0.8277
3971.000000 0.8277 0.8278 0.8278 0.8279 0.8280
3976.000000 0.8280 0.8281 0.8281 0.8282 0.8282
3981.000000 0.8283 0.8283 0.8284 0.8285 0.8286
3986.000000 0.8286 0.8287 0.8288 0.8288 0.8289
3991.000000 0.8290 0.8291 0.8291 0.8292 0.8293
3996.000000 0.8293 0.8294 0.8295 0.8296 0.8296
##END=
