##TITLE=Ethyl m-toluate
##JCAMP-DX=4.24
##DATA TYPE=INFRARED SPECTRUM
##ORIGIN=EPA-IR VAPOR PHASE LIBRARY
##OWNER=SRD/NIST
Collection (C) 2018 copyright by the U.S. Secretary of Commerce
on behalf of the United States of America. All rights reserved.
##CAS REGISTRY NO=120-33-2
##MOLFORM=C 10 H 12 O 2
##$NIST SOURCE=MSDC-IR
##STATE=gas
##XUNITS=1/CM
##YUNITS=ABSORBANCE
##XFACTOR=1.
##YFACTOR=0.001
##DELTAX=1.929
##FIRSTX=549.8
##LASTX=4000.8
##FIRSTY=1.0419
##MAXX=4000.75
##MINX=549.766
##MAXY=0.169553
##MINY=0
##NPOINTS=1790
##XYDATA=(X++(Y..Y))
549.766 1.0419 1.049 1.1991 1.0589 0.6411 0.3938 0.3124 0.42841 0.5204 0.44619
569.056 0.44703 0.44571 0.4982 0.5772 0.3623 0.3108 0.46535 0.544 0.45588 0.196
588.346 0.2 0.38989 0.5524 0.5224 0.375727 0.3325 0.38776 0.47132 0.4799 0.36385
607.636 0.251 0.203 0.249 0.43594 0.36573 0.17 0.3561 0.475 0.3032 0.2739
626.926 0.216 0.195 0.254 0.259 0.205 0.224 0.3148 0.3361 0.39311 0.42848
646.216 0.5324 0.7306 0.8386 0.8074 0.944 1.1707 1.305 1.663 2.403 3.163
665.506 3.863 4.313 4.633 4.833 4.873 5.063 5.113 4.903 4.793 4.713
684.796 4.153 3.573 3.253 3.003 2.723 2.323 1.923 1.713 1.673 1.503
704.086 1.2051 1.2291 1.413 1.413 1.613 1.903 2.113 2.473 3.003 3.733
723.376 4.663 5.853 7.563 9.893 12.603 15.573 18.703 21.773 24.813 28.663
742.666 33.763 36.053 32.573 28.093 25.203 22.763 19.993 16.873 13.983 11.353
761.956 9.283 7.633 6.333 5.673 5.323 4.963 4.593 4.283 4.103 4.043
781.246 3.873 3.553 3.433 3.523 3.663 3.703 3.813 3.983 4.073 4.173
800.536 4.083 4.063 4.223 4.253 4.123 3.813 3.473 3.203 3.063 2.843
819.826 2.533 2.283 1.993 1.843 1.783 1.613 1.393 1.3401 1.423 1.463
839.116 1.513 1.483 1.503 1.633 1.773 2.003 2.133 2.253 2.573 2.813
858.406 2.963 3.113 3.223 3.403 3.433 3.313 3.223 3.133 2.923 2.623
877.696 2.553 2.543 2.413 2.463 2.703 2.853 3.003 3.213 3.533 3.903
896.986 4.303 4.823 5.303 5.753 6.053 6.243 6.303 6.103 5.833 5.473
916.276 5.023 4.513 3.993 3.533 3.143 2.793 2.463 2.253 2.093 1.893
935.566 1.713 1.623 1.553 1.493 1.493 1.533 1.593 1.633 1.643 1.683
954.856 1.683 1.693 1.703 1.763 1.873 1.843 1.823 1.953 2.073 2.143
974.146 2.203 2.353 2.513 2.613 2.773 2.973 3.133 3.213 3.403 3.763
993.436 4.203 4.743 5.283 5.773 6.253 6.893 7.663 8.443 9.243 10.243
1012.726 11.373 12.473 13.703 14.923 15.893 16.473 16.723 16.653 16.043 15.033
1032.016 13.793 12.433 11.093 9.743 8.573 7.613 6.773 6.243 5.933 5.763
1051.306 5.773 5.913 6.173 6.593 7.233 8.003 9.073 10.613 12.673 15.353
1070.596 18.593 22.393 26.433 30.163 33.313 35.743 37.593 39.043 40.013 40.703
1089.886 41.563 43.303 46.563 51.363 57.143 63.383 69.113 73.053 74.333 72.613
1109.176 68.193 61.543 53.073 43.243 33.543 25.673 20.063 16.273 13.743 11.943
1128.467 10.623 9.733 8.973 8.453 8.083 7.623 7.303 7.153 7.043 6.973
1147.757 7.033 7.223 7.403 7.743 8.293 8.953 9.653 10.263 10.963 11.933
1167.047 13.093 14.403 16.023 18.153 21.013 24.943 30.323 37.573 47.113 59.333
1186.337 73.663 88.803 103.263 115.293 123.433 126.733 124.393 116.543 103.803 87.753
1205.627 71.113 55.753 42.583 32.313 25.113 20.423 17.503 15.643 14.503 13.903
1224.917 13.493 13.213 13.063 12.853 12.703 12.653 12.603 12.633 12.883 13.363
1244.207 14.053 15.123 16.693 18.813 21.633 25.333 30.393 37.133 45.863 57.143
1263.497 71.303 88.193 106.963 126.083 143.353 156.993 165.983 169.553 166.883 157.443
1282.787 141.923 122.973 104.253 88.403 76.043 66.483 58.903 52.583 46.993 41.783
1302.077 36.903 32.523 28.573 25.053 22.023 19.453 17.203 15.233 13.583 12.143
1321.367 10.913 9.893 9.003 8.243 7.603 7.073 6.673 6.363 6.023 5.713
1340.657 5.423 5.173 5.093 5.083 5.033 5.173 5.443 5.833 6.493 7.533
1359.947 8.963 10.713 12.483 13.683 14.303 14.503 14.363 14.043 13.143 11.613
1379.237 10.143 9.143 8.603 8.333 8.363 8.343 8.063 7.863 7.653 7.443
1398.527 7.253 7.123 7.023 6.973 6.943 6.893 6.923 7.043 7.213 7.403
1417.817 7.663 8.033 8.443 8.843 9.253 9.683 10.143 10.573 10.993 11.293
1437.107 11.463 11.613 11.573 11.333 10.973 10.523 9.993 9.513 9.123 8.773
1456.397 8.523 8.483 8.653 8.903 9.283 9.713 10.063 10.313 10.473 10.633
1475.687 10.703 10.613 10.383 10.033 9.573 9.063 8.523 7.973 7.343 6.723
1494.977 6.083 5.433 4.923 4.463 4.063 3.713 3.423 3.273 3.133 2.973
1514.267 2.833 2.703 2.683 2.633 2.593 2.603 2.583 2.593 2.643 2.623
1533.557 2.573 2.543 2.403 2.313 2.373 2.453 2.503 2.493 2.523 2.523
1552.847 2.453 2.443 2.383 2.293 2.413 2.583 2.713 2.833 2.953 3.233
1572.137 3.693 4.033 4.473 5.223 5.943 6.603 7.193 7.623 7.943 8.133
1591.427 8.153 8.083 7.863 7.543 7.223 6.893 6.693 6.553 6.473 6.363
1610.717 6.153 5.903 5.593 5.213 4.833 4.453 4.033 3.663 3.363 3.063
1630.007 2.833 2.633 2.423 2.283 2.243 2.213 2.203 2.153 2.103 2.143
1649.297 2.153 2.053 2.053 2.283 2.443 2.513 2.553 2.633 2.783 2.853
1668.587 2.853 2.903 2.963 2.963 3.053 3.203 3.383 3.593 3.913 4.393
1687.877 4.883 5.333 5.753 6.193 6.693 7.123 7.473 7.883 8.303 8.643
1707.167 9.073 9.723 10.693 12.103 14.043 16.723 20.553 25.423 31.943 40.343
1726.457 50.953 63.823 78.853 93.903 107.513 115.713 117.663 117.843 118.663 116.123
1745.747 105.193 86.983 67.603 50.873 38.203 28.893 21.593 16.403 12.703 10.183
1765.037 8.653 7.723 7.143 6.853 6.723 6.633 6.563 6.533 6.453 6.273
1784.327 6.013 5.673 5.293 4.883 4.483 4.163 3.863 3.583 3.333 3.163
1803.617 3.093 2.953 2.803 2.733 2.673 2.593 2.503 2.393 2.253 2.063
1822.907 1.913 1.783 1.643 1.453 1.373 1.3655 1.2867 1.2182 1.1829 1.1191
1842.197 1.0781 1.0878 1.0589 1.084 1.135 1.0863 1.099 1.174 1.2592 1.3441
1861.487 1.403 1.443 1.483 1.513 1.493 1.463 1.473 1.433 1.331 1.2727
1880.777 1.2375 1.1909 1.2083 1.246 1.2688 1.3152 1.413 1.423 1.3648 1.3084
1900.067 1.221 1.1308 1.0417 0.9668 0.8837 0.7951 0.7281 0.6626 0.6337 0.6469
1919.357 0.6649 0.6743 0.7002 0.7353 0.7324 0.7588 0.8418 0.8938 0.965 1.0787
1938.647 1.1462 1.2126 1.2667 1.3536 1.473 1.483 1.493 1.543 1.503 1.393
1957.937 1.3274 1.3035 1.2621 1.1766 1.1478 1.0916 0.978 0.925 0.8776 0.7949
1977.227 0.7386 0.7337 0.7015 0.6289 0.5882 0.5303 0.4838 0.4475 0.43036 0.38715
1996.517 0.3101 0.3103 0.3201 0.3411 0.3433 0.3181 0.3066 0.3047 0.3415 0.3385
2015.807 0.3192 0.3309 0.3096 0.297 0.3106 0.3032 0.3016 0.3382 0.36366 0.372523
2035.097 0.38365 0.372743 0.42319 0.46091 0.5057 0.5505 0.5823 0.589 0.5728 0.6335
2054.387 0.6813 0.663 0.6015 0.6285 0.6505 0.6167 0.6068 0.5936 0.561 0.5191
2073.677 0.46979 0.41695 0.39887 0.36824 0.3493 0.3602 0.3864 0.39401 0.37124 0.40199
2092.967 0.39593 0.380285 0.39451 0.36502 0.374606 0.42407 0.40218 0.3325 0.3349 0.374671
2112.257 0.38977 0.374459 0.3526 0.376517 0.40487 0.376111 0.379672 0.42098 0.40427 0.38596
2131.547 0.4181 0.45955 0.4865 0.46905 0.4728 0.43322 0.3456 0.3244 0.3514 0.379093
2150.837 0.3279 0.266 0.2731 0.3 0.3254 0.3378 0.3175 0.3182 0.251 0.217
2170.127 0.3109 0.3317 0.328 0.3609 0.373854 0.3405 0.2998 0.3181 0.38769 0.40847
2189.417 0.3628 0.3163 0.3019 0.2876 0.252 0.21 0.208 0.259 0.2769 0.2737
2208.707 0.26 0.237 0.224 0.229 0.271 0.2947 0.3143 0.2965 0.215 0.233
2227.997 0.246 0.18 0.174 0.215 0.231 0.197 0.172 0.169 0.177 0.227
2247.287 0.245 0.235 0.228 0.24 0.194 0.191 0.248 0.226 0.261 0.2953
2266.577 0.2919 0.247 0.237 0.269 0.2996 0.3361 0.312 0.2948 0.3275 0.3416
2285.868 0.321 0.3281 0.38497 0.38864 0.3323 0.3484 0.381572 0.3459 0.3545 0.382959
2305.158 0.3466 0.3265 0.3179 0.2986 0.271 0.235 0.195 0.197 0.214 0.242
2324.448 0.236 0.232 0.257 0.2885 0.271 0.197 0.174 0.198 0.218 0.228
2343.738 0.214 0.255 0.3045 0.3057 0.266 0.252 0.2972 0.2781 0.262 0.267
2363.028 0.269 0.2879 0.3112 0.3259 0.3385 0.38418 0.41265 0.40117 0.44053 0.45771
2382.318 0.43611 0.43614 0.4874 0.5049 0.46318 0.44182 0.45623 0.44048 0.41209 0.43412
2401.608 0.43996 0.40579 0.37005 0.39239 0.41776 0.41122 0.3454 0.3031 0.359 0.3582
2420.898 0.2932 0.2789 0.3011 0.2817 0.237 0.243 0.273 0.3318 0.313 0.268
2440.188 0.26 0.3033 0.3185 0.2974 0.318 0.3135 0.3459 0.3292 0.248 0.229
2459.478 0.2983 0.307 0.2944 0.3615 0.44668 0.42775 0.3516 0.3406 0.3615 0.374107
2478.768 0.3594 0.3141 0.2979 0.36548 0.3563 0.273 0.2949 0.3435 0.3521 0.3271
2498.058 0.3089 0.3165 0.292 0.264 0.243 0.231 0.2928 0.234 0.132 0.178
2517.348 0.219 0.231 0.211 0.241 0.2862 0.215 0.21 0.254 0.263 0.226
2536.638 0.179 0.182 0.234 0.2915 0.3312 0.36786 0.3409 0.3394 0.3557 0.39464
2555.928 0.46584 0.5019 0.505 0.5011 0.5299 0.5525 0.482 0.40923 0.43268 0.39789
2575.218 0.2987 0.2851 0.2869 0.2952 0.3283 0.36847 0.3531 0.254 0.3011 0.3556
2594.508 0.3087 0.3467 0.38858 0.3548 0.3162 0.2986 0.254 0.256 0.3051 0.269
2613.798 0.2816 0.3188 0.31 0.2947 0.2806 0.243 0.206 0.256 0.2759 0.234
2633.088 0.234 0.2781 0.269 0.2803 0.2909 0.3331 0.3619 0.3039 0.267 0.3163
2652.378 0.3467 0.263 0.235 0.267 0.2765 0.3331 0.3341 0.2795 0.23 0.156
2671.668 0.231 0.3154 0.235 0.193 0.225 0.221 0.216 0.225 0.219 0.281
2690.958 0.2988 0.255 0.225 0.219 0.2926 0.378273 0.3619 0.3438 0.37051 0.41908
2710.248 0.41706 0.39955 0.46676 0.4734 0.4865 0.488 0.5026 0.504 0.40438 0.41813
2729.538 0.5461 0.5903 0.666 0.7277 0.7379 0.7953 0.7995 0.8616 0.9625 1.017
2748.828 1.0315 0.9589 0.9115 0.9309 0.8173 0.7439 0.8366 0.8521 0.8654 0.8771
2768.118 0.8938 0.9006 0.8496 0.7788 0.8169 0.8325 0.8326 0.9021 0.8744 0.8258
2787.408 0.81 0.8078 0.8041 0.8339 0.8025 0.8291 0.9097 0.926 0.943 0.9561
2806.698 0.9998 1.03 1.0931 1.1693 1.1818 1.1933 1.3154 1.433 1.453 1.523
2825.988 1.623 1.673 1.633 1.603 1.673 1.793 1.923 2.003 2.153 2.323
2845.278 2.343 2.493 2.713 2.863 3.143 3.363 3.603 3.933 4.253 4.623
2864.568 4.983 5.373 5.853 6.413 6.913 7.353 7.753 8.113 8.503 8.713
2883.858 8.843 8.943 8.863 8.733 8.703 8.663 8.633 8.703 8.813 8.943
2903.148 9.253 9.623 9.913 10.273 10.663 11.063 11.443 11.783 12.203 12.743
2922.438 13.453 14.373 15.233 16.013 16.813 17.513 18.203 18.893 19.403 19.563
2941.728 19.333 18.973 18.483 17.813 17.063 16.253 15.413 14.723 14.313 14.103
2961.018 14.143 14.463 14.803 15.163 15.713 16.483 17.403 18.483 20.053 21.853
2980.308 23.283 24.223 24.863 25.213 24.913 24.143 23.123 21.723 20.083 18.623
2999.598 17.573 16.553 15.573 14.683 13.883 13.253 12.543 11.903 11.393 10.903
3018.888 10.463 10.273 10.323 10.263 10.063 10.013 10.113 10.133 10.073 10.003
3038.178 9.923 9.903 9.753 9.533 9.403 9.243 9.263 9.413 9.473 9.483
3057.468 9.373 9.253 9.233 9.143 8.953 8.763 8.413 8.153 7.843 7.363
3076.758 7.063 6.853 6.393 5.893 5.513 5.193 4.893 4.573 4.323 4.053
3096.048 3.893 3.713 3.523 3.383 3.123 2.943 2.763 2.553 2.423 2.253
3115.338 1.983 1.773 1.713 1.463 1.311 1.2983 1.0674 0.9589 0.9882 0.9715
3134.628 0.8679 0.8063 0.8967 0.9493 0.8068 0.7409 0.8917 0.8685 0.8106 0.8159
3153.918 0.6714 0.5864 0.6801 0.6193 0.6225 0.6484 0.59 0.697 0.6742 0.6453
3173.208 0.6726 0.727 0.7742 0.6784 0.701 0.7696 0.7413 0.6905 0.7068 0.7351
3192.498 0.7008 0.6487 0.6524 0.6687 0.6292 0.6284 0.6247 0.5621 0.4949 0.5776
3211.788 0.5477 0.41863 0.337 0.37301 0.5652 0.4862 0.2737 0.3605 0.4199 0.381123
3231.078 0.373039 0.3055 0.3276 0.2737 0.268 0.2853 0.249 0.234 0.257 0.379092
3250.368 0.41066 0.4402 0.40748 0.3348 0.25 0.201 0.251 0.266 0.2909 0.3585
3269.658 0.3393 0.257 0.163 0.204 0.3474 0.254 0.197 0.182 0.248 0.36919
3288.948 0.32 0.225 0.133 0.158 0.208 0.171 0.212 0.3066 0.3344 0.217
3308.238 0.142 0.221 0.234 0.3085 0.378188 0.262 0.239 0.232 0.3225 0.40508
3327.528 0.35 0.289 0.26 0.27 0.165 0.204 0.2963 0.39622 0.41832 0.41051
3346.818 0.44193 0.3369 0.244 0.2924 0.3011 0.2731 0.3179 0.3145 0.259 0.246
3366.108 0.253 0.236 0.244 0.248 0.294 0.2864 0.2767 0.42088 0.44868 0.3042
3385.398 0.201 0.178 0.241 0.147 0.12 0.236 0.256 0.215 0.184 0.259
3404.688 0.2917 0.217 0.182 0.271 0.3551 0.3278 0.3344 0.3213 0.205 0.3312
3423.978 0.43321 0.3332 0.372357 0.4189 0.39438 0.5124 0.5985 0.5475 0.6148 0.6631
3443.269 0.6501 0.7113 0.8381 1.0308 1.0263 1.0089 1.1175 1.1299 1.1701 1.2704
3462.559 1.2244 1.1429 1.1275 1.0504 0.9271 0.7539 0.6873 0.6924 0.596 0.5526
3481.849 0.5241 0.5311 0.4863 0.4507 0.4636 0.38682 0.2912 0.287 0.2792 0.177
3501.139 0.076 0.127 0.3464 0.40879 0.273 0.213 0.2745 0.237 0.24 0.3374
3520.429 0.379443 0.3546 0.247 0.272 0.3299 0.244 0.193 0.237 0.236 0.259
3539.719 0.376211 0.2852 0.205 0.3226 0.3031 0.174 0.129 0.191 0.38559 0.39087
3559.009 0.224 0.2835 0.2931 0.169 0.21 0.39357 0.3408 0.26 0.3028 0.3212
3578.299 0.40354 0.41127 0.36619 0.3221 0.2748 0.233 0.251 0.3344 0.3714 0.293
3597.589 0.26 0.226 0.174 0.143 0.095 0.138 0.2945 0.265 0.185 0.214
3616.879 0.234 0.224 0.2874 0.41615 0.2972 0.241 0.254 0.157 0.19 0.193
3636.169 0.184 0.218 0.269 0.3346 0.2966 0.229 0.265 0.239 0.234 0.3193
3655.459 0.2901 0.259 0.204 0.181 0.263 0.2889 0.248 0.12 0.022 0.005
3674.749 0 0.207 0.301 0.193 0.166 0.217 0.2764 0.233 0.214 0.137
3694.039 0.139 0.3623 0.40637 0.3494 0.3577 0.36544 0.3603 0.3041 0.241 0.192
3713.329 0.225 0.325 0.186 0.136 0.267 0.3088 0.2896 0.2942 0.2962 0.127
3732.619 0.186 0.2866 0.36834 0.45452 0.2745 0.177 0.239 0.259 0.273 0.256
3751.909 0.223 0.376028 0.46298 0.3281 0.333 0.41684 0.3372 0.3258 0.40198 0.2874
3771.199 0.233 0.46952 0.5757 0.41403 0.267 0.3351 0.41925 0.42122 0.46978 0.44454
3790.489 0.36415 0.3506 0.44353 0.506 0.45989 0.3484 0.375432 0.5156 0.47028 0.45707
3809.779 0.5192 0.40784 0.3851 0.46797 0.47227 0.47062 0.4761 0.44162 0.2862 0.2788
3829.069 0.3272 0.3351 0.4789 0.44046 0.223 0.252 0.37131 0.4362 0.42379 0.43207
3848.359 0.45395 0.36787 0.263 0.298 0.3401 0.272 0.3326 0.3517 0.36632 0.5412
3867.649 0.5406 0.5106 0.5622 0.5764 0.5072 0.41086 0.42204 0.45583 0.42641 0.46717
3886.939 0.5543 0.5599 0.5365 0.5196 0.5735 0.5782 0.5354 0.5445 0.6057 0.5416
3906.229 0.44385 0.38942 0.43502 0.44568 0.3124 0.2959 0.43771 0.5524 0.5864 0.5075
3925.519 0.5208 0.6214 0.5688 0.5521 0.4909 0.267 0.253 0.43016 0.4784 0.4554
3944.809 0.4913 0.5873 0.6063 0.5334 0.43315 0.38787 0.5374 0.6021 0.5721 0.5809
3964.099 0.39883 0.39487 0.5109 0.5485 0.6004 0.5558 0.5039 0.5323 0.5747 0.6011
3983.389 0.5273 0.37198 0.40587 0.5711 0.6937 0.631 0.5789 0.6467 0.5556 0.5118
##END=
