##TITLE=Hexanedioic acid, di-(3,3,5-trimethylhexyl) ester
##JCAMP-DX=4.24
$$ By DXEDIT 1.05 (RS McDonald)
##DATA TYPE=INFRARED SPECTRUM
##CLASS=COBLENTZ III
##ORIGIN=DOW CHEMICAL COMPANY
##OWNER=COPYRIGHT (C) 1988 by COBLENTZ SOCIETY INC.
Collection (C) 2018 copyright by the U.S. Secretary of Commerce
on behalf of the United States of America. All rights reserved.
##DATE=1970/01/29
##CAS NAME=Adipic acid, bis(3,3,5-trimethylhexyl) ester
##NAMES=bis(3,3,5-trimethylhexyl) hexanedioate
##CAS REGISTRY NO=13007-41-5
##MOLFORM=C24 H46 O4
##SOURCE REFERENCE=COBLENTZ NO. 09443
##$NIST SOURCE=COBLENTZ
##$NIST IMAGE=cob9443
##SPECTROMETER/DATA SYSTEM=DOW KBr FOREPRISM-GRATING
##INSTRUMENT PARAMETERS=BLAZED AT 3.5, 12.0, 20.0 MICRON AND CHANGED AT 5.0, 7.5, 14.9 MICRON
##STATE=SOLUTION, 10% AND 2% (CCl4 FOR 2.7-7.5, CS2 FOR 7.5-26 MICRON) VS SOLVENT
##PATH LENGTH=0.011 CM, 0.011 CM
##SAMPLING PROCEDURE=TRANSMISSION
##RESOLUTION=2
##DATA PROCESSING=DIGITIZED BY COBLENTZ SOCIETY (BATCH I) FROM HARD COPY
##XUNITS=1/CM
##YUNITS=TRANSMITTANCE
##XFACTOR=1
##YFACTOR=1
##DELTAX=1
##FIRSTX=3800
##LASTX=392
##FIRSTY=0.8605
##MAXX=3800
##MINX=392
##MAXY=0.9035
##MINY=0.0036
##NPOINTS=3409
##XYDATA=(X++(Y..Y))
3800.000000 0.8605 0.8605 0.8606 0.8607 0.8609
3795.000000 0.8610 0.8611 0.8612 0.8613 0.8614
3790.000000 0.8616 0.8617 0.8618 0.8618 0.8620
3785.000000 0.8621 0.8623 0.8624 0.8625 0.8625
3780.000000 0.8625 0.8627 0.8628 0.8628 0.8628
3775.000000 0.8630 0.8631 0.8631 0.8632 0.8632
3770.000000 0.8633 0.8634 0.8635 0.8635 0.8636
3765.000000 0.8636 0.8637 0.8637 0.8638 0.8638
3760.000000 0.8639 0.8640 0.8641 0.8641 0.8642
3755.000000 0.8642 0.8643 0.8643 0.8644 0.8644
3750.000000 0.8645 0.8646 0.8647 0.8647 0.8648
3745.000000 0.8649 0.8650 0.8650 0.8651 0.8652
3740.000000 0.8653 0.8653 0.8654 0.8655 0.8656
3735.000000 0.8657 0.8658 0.8658 0.8659 0.8660
3730.000000 0.8661 0.8661 0.8662 0.8663 0.8664
3725.000000 0.8664 0.8665 0.8666 0.8667 0.8667
3720.000000 0.8668 0.8668 0.8670 0.8670 0.8671
3715.000000 0.8671 0.8671 0.8673 0.8674 0.8674
3710.000000 0.8675 0.8675 0.8675 0.8677 0.8678
3705.000000 0.8678 0.8678 0.8678 0.8680 0.8681
3700.000000 0.8682 0.8682 0.8683 0.8683 0.8684
3695.000000 0.8685 0.8686 0.8686 0.8687 0.8687
3690.000000 0.8688 0.8689 0.8690 0.8690 0.8691
3685.000000 0.8691 0.8692 0.8692 0.8693 0.8694
3680.000000 0.8695 0.8696 0.8697 0.8698 0.8700
3675.000000 0.8701 0.8702 0.8703 0.8705 0.8706
3670.000000 0.8708 0.8709 0.8710 0.8711 0.8713
3665.000000 0.8714 0.8716 0.8717 0.8718 0.8718
3660.000000 0.8721 0.8721 0.8724 0.8725 0.8725
3655.000000 0.8727 0.8728 0.8730 0.8732 0.8733
3650.000000 0.8734 0.8735 0.8737 0.8738 0.8739
3645.000000 0.8740 0.8741 0.8742 0.8743 0.8743
3640.000000 0.8744 0.8745 0.8746 0.8747 0.8748
3635.000000 0.8749 0.8750 0.8750 0.8751 0.8752
3630.000000 0.8753 0.8754 0.8755 0.8756 0.8757
3625.000000 0.8757 0.8758 0.8759 0.8760 0.8761
3620.000000 0.8762 0.8763 0.8764 0.8764 0.8765
3615.000000 0.8766 0.8767 0.8768 0.8768 0.8770
3610.000000 0.8771 0.8771 0.8771 0.8773 0.8774
3605.000000 0.8775 0.8775 0.8775 0.8777 0.8778
3600.000000 0.8778 0.8780 0.8781 0.8782 0.8783
3595.000000 0.8784 0.8786 0.8788 0.8790 0.8792
3590.000000 0.8794 0.8795 0.8797 0.8799 0.8801
3585.000000 0.8802 0.8804 0.8806 0.8808 0.8810
3580.000000 0.8812 0.8812 0.8812 0.8812 0.8812
3575.000000 0.8812 0.8813 0.8813 0.8813 0.8813
3570.000000 0.8813 0.8813 0.8813 0.8813 0.8814
3565.000000 0.8814 0.8814 0.8813 0.8813 0.8813
3560.000000 0.8813 0.8812 0.8812 0.8812 0.8812
3555.000000 0.8811 0.8811 0.8810 0.8810 0.8810
3550.000000 0.8810 0.8809 0.8809 0.8809 0.8809
3545.000000 0.8809 0.8810 0.8810 0.8811 0.8812
3540.000000 0.8813 0.8813 0.8814 0.8815 0.8816
3535.000000 0.8816 0.8817 0.8818 0.8818 0.8818
3530.000000 0.8820 0.8821 0.8823 0.8825 0.8827
3525.000000 0.8828 0.8831 0.8833 0.8835 0.8837
3520.000000 0.8839 0.8841 0.8844 0.8846 0.8848
3515.000000 0.8849 0.8850 0.8851 0.8852 0.8853
3510.000000 0.8855 0.8856 0.8857 0.8858 0.8859
3505.000000 0.8860 0.8861 0.8862 0.8864 0.8865
3500.000000 0.8867 0.8868 0.8871 0.8873 0.8875
3495.000000 0.8875 0.8878 0.8878 0.8880 0.8881
3490.000000 0.8882 0.8883 0.8884 0.8885 0.8886
3485.000000 0.8886 0.8886 0.8885 0.8884 0.8882
3480.000000 0.8881 0.8878 0.8878 0.8870 0.8862
3475.000000 0.8853 0.8845 0.8836 0.8828 0.8818
3470.000000 0.8809 0.8799 0.8789 0.8778 0.8770
3465.000000 0.8761 0.8752 0.8744 0.8736 0.8727
3460.000000 0.8718 0.8711 0.8704 0.8697 0.8691
3455.000000 0.8684 0.8678 0.8674 0.8671 0.8667
3450.000000 0.8664 0.8661 0.8652 0.8658 0.8658
3445.000000 0.8660 0.8662 0.8666 0.8670 0.8683
3440.000000 0.8697 0.8710 0.8724 0.8736 0.8748
3435.000000 0.8759 0.8771 0.8782 0.8794 0.8804
3430.000000 0.8815 0.8825 0.8835 0.8845 0.8855
3425.000000 0.8865 0.8875 0.8880 0.8886 0.8890
3420.000000 0.8895 0.8899 0.8904 0.8909 0.8914
3415.000000 0.8917 0.8921 0.8924 0.8927 0.8930
3410.000000 0.8934 0.8937 0.8940 0.8943 0.8947
3405.000000 0.8950 0.8953 0.8956 0.8960 0.8962
3400.000000 0.8964 0.8965 0.8967 0.8968 0.8968
3395.000000 0.8970 0.8971 0.8971 0.8974 0.8975
3390.000000 0.8975 0.8977 0.8978 0.8980 0.8981
3385.000000 0.8982 0.8983 0.8983 0.8984 0.8984
3380.000000 0.8985 0.8985 0.8986 0.8986 0.8987
3375.000000 0.8987 0.8988 0.8988 0.8989 0.8989
3370.000000 0.8990 0.8990 0.8991 0.8991 0.8992
3365.000000 0.8992 0.8993 0.8993 0.8994 0.8994
3360.000000 0.8995 0.8996 0.8997 0.8997 0.8998
3355.000000 0.8999 0.9000 0.9000 0.9001 0.9002
3350.000000 0.9003 0.9003 0.9004 0.9005 0.9006
3345.000000 0.9006 0.9007 0.9008 0.9009 0.9010
3340.000000 0.9011 0.9011 0.9012 0.9012 0.9013
3335.000000 0.9013 0.9014 0.9014 0.9014 0.9014
3330.000000 0.9015 0.9015 0.9015 0.9015 0.9016
3325.000000 0.9016 0.9017 0.9017 0.9017 0.9017
3320.000000 0.9018 0.9018 0.9018 0.9018 0.9018
3315.000000 0.9018 0.9020 0.9020 0.9020 0.9020
3310.000000 0.9021 0.9021 0.9021 0.9023 0.9024
3305.000000 0.9024 0.9025 0.9025 0.9027 0.9028
3300.000000 0.9028 0.9028 0.9030 0.9031 0.9032
3295.000000 0.9032 0.9033 0.9034 0.9035 0.9035
3290.000000 0.9035 0.9035 0.9035 0.9034 0.9034
3285.000000 0.9033 0.9033 0.9032 0.9032 0.9031
3280.000000 0.9031 0.9030 0.9030 0.9028 0.9028
3275.000000 0.9028 0.9028 0.9025 0.9025 0.9024
3270.000000 0.9023 0.9021 0.9021 0.9018 0.9018
3265.000000 0.9017 0.9016 0.9015 0.9014 0.9011
3260.000000 0.9009 0.9006 0.9003 0.9000 0.8997
3255.000000 0.8993 0.8990 0.8987 0.8984 0.8981
3250.000000 0.8978 0.8975 0.8971 0.8968 0.8965
3245.000000 0.8962 0.8959 0.8956 0.8953 0.8949
3240.000000 0.8946 0.8942 0.8939 0.8935 0.8932
3235.000000 0.8928 0.8925 0.8921 0.8918 0.8914
3230.000000 0.8911 0.8908 0.8905 0.8902 0.8900
3225.000000 0.8898 0.8896 0.8893 0.8891 0.8889
3220.000000 0.8887 0.8885 0.8884 0.8883 0.8882
3215.000000 0.8880 0.8878 0.8877 0.8875 0.8874
3210.000000 0.8873 0.8871 0.8870 0.8868 0.8867
3205.000000 0.8865 0.8864 0.8862 0.8861 0.8859
3200.000000 0.8858 0.8857 0.8856 0.8854 0.8853
3195.000000 0.8851 0.8850 0.8848 0.8847 0.8846
3190.000000 0.8845 0.8845 0.8845 0.8845 0.8845
3185.000000 0.8845 0.8845 0.8845 0.8845 0.8845
3180.000000 0.8845 0.8845 0.8846 0.8846 0.8846
3175.000000 0.8846 0.8846 0.8846 0.8846 0.8846
3170.000000 0.8846 0.8847 0.8848 0.8849 0.8851
3165.000000 0.8852 0.8853 0.8854 0.8856 0.8857
3160.000000 0.8859 0.8860 0.8861 0.8862 0.8864
3155.000000 0.8865 0.8867 0.8868 0.8870 0.8871
3150.000000 0.8874 0.8875 0.8877 0.8878 0.8881
3145.000000 0.8882 0.8884 0.8886 0.8888 0.8889
3140.000000 0.8891 0.8893 0.8895 0.8896 0.8898
3135.000000 0.8899 0.8901 0.8902 0.8903 0.8904
3130.000000 0.8905 0.8905 0.8906 0.8906 0.8907
3125.000000 0.8907 0.8908 0.8909 0.8910 0.8910
3120.000000 0.8911 0.8911 0.8911 0.8911 0.8911
3115.000000 0.8911 0.8911 0.8911 0.8911 0.8910
3110.000000 0.8910 0.8910 0.8910 0.8910 0.8910
3105.000000 0.8910 0.8910 0.8910 0.8910 0.8908
3100.000000 0.8907 0.8905 0.8903 0.8901 0.8900
3095.000000 0.8898 0.8896 0.8894 0.8893 0.8891
3090.000000 0.8889 0.8887 0.8885 0.8883 0.8881
3085.000000 0.8878 0.8877 0.8875 0.8873 0.8870
3080.000000 0.8868 0.8864 0.8861 0.8858 0.8855
3075.000000 0.8851 0.8848 0.8843 0.8839 0.8834
3070.000000 0.8828 0.8824 0.8818 0.8814 0.8809
3065.000000 0.8803 0.8798 0.8790 0.8783 0.8775
3060.000000 0.8768 0.8760 0.8752 0.8744 0.8736
3055.000000 0.8727 0.8718 0.8709 0.8700 0.8689
3050.000000 0.8678 0.8664 0.8651 0.8638 0.8625
3045.000000 0.8610 0.8595 0.8577 0.8560 0.8542
3040.000000 0.8525 0.8507 0.8490 0.8471 0.8454
3035.000000 0.8436 0.8418 0.8400 0.8383 0.8361
3030.000000 0.8339 0.8312 0.8285 0.8262 0.8240
3025.000000 0.8217 0.8194 0.8158 0.8122 0.8060
3020.000000 0.7997 0.7944 0.7891 0.7757 0.7624
3015.000000 0.7565 0.7507 0.7442 0.7376 0.7290
3010.000000 0.7203 0.6884 0.6565 0.6405 0.6245
3005.000000 0.6156 0.6067 0.5905 0.5743 0.5581
3000.000000 0.5420 0.4900 0.4380 0.4306 0.4232
2995.000000 0.3882 0.3532 0.3056 0.2580 0.2412
2990.000000 0.2244 0.2090 0.1935 0.1753 0.1571
2985.000000 0.1469 0.1367 0.1221 0.1075 0.0929
2980.000000 0.0783 0.0616 0.0449 0.0421 0.0396
2975.000000 0.0353 0.0310 0.0289 0.0267 0.0246
2970.000000 0.0224 0.0208 0.0193 0.0183 0.0176
2965.000000 0.0171 0.0166 0.0163 0.0161 0.0160
2960.000000 0.0160 0.0159 0.0158 0.0162 0.0167
2955.000000 0.0178 0.0190 0.0206 0.0222 0.0247
2950.000000 0.0273 0.0299 0.0326 0.0353 0.0380
2945.000000 0.0411 0.0442 0.0475 0.0509 0.0540
2940.000000 0.0572 0.0599 0.0627 0.0647 0.0667
2935.000000 0.0687 0.0707 0.0780 0.0854 0.0908
2930.000000 0.0963 0.1004 0.1046 0.1084 0.1123
2925.000000 0.1153 0.1184 0.1202 0.1221 0.1233
2920.000000 0.1246 0.1251 0.1251 0.1250 0.1244
2915.000000 0.1236 0.1229 0.1223 0.1217 0.1215
2910.000000 0.1214 0.1214 0.1215 0.1217 0.1220
2905.000000 0.1234 0.1248 0.1290 0.1333 0.1433
2900.000000 0.1534 0.1611 0.1687 0.1764 0.1841
2895.000000 0.1918 0.1994 0.2072 0.2149 0.2226
2890.000000 0.2303 0.2379 0.2456 0.2469 0.2482
2885.000000 0.2485 0.2490 0.2449 0.2409 0.2301
2880.000000 0.2193 0.2084 0.1977 0.1869 0.1762
2875.000000 0.1704 0.1648 0.1651 0.1654 0.1691
2870.000000 0.1729 0.2068 0.2407 0.2711 0.3016
2865.000000 0.3212 0.3409 0.3493 0.3576 0.3693
2860.000000 0.3810 0.3907 0.4003 0.4103 0.4203
2855.000000 0.4228 0.4254 0.4266 0.4279 0.4297
2850.000000 0.4315 0.4365 0.4416 0.4492 0.4569
2845.000000 0.4701 0.4834 0.5412 0.5990 0.6064
2840.000000 0.6139 0.6195 0.6251 0.6294 0.6337
2835.000000 0.6392 0.6447 0.6519 0.6594 0.6696
2830.000000 0.6799 0.6906 0.7012 0.7106 0.7199
2825.000000 0.7275 0.7354 0.7403 0.7451 0.7496
2820.000000 0.7540 0.7568 0.7596 0.7622 0.7650
2815.000000 0.7672 0.7696 0.7718 0.7741 0.7769
2810.000000 0.7799 0.7830 0.7861 0.7892 0.7924
2805.000000 0.7956 0.7989 0.8018 0.8048 0.8072
2800.000000 0.8099 0.8121 0.8143 0.8164 0.8186
2795.000000 0.8204 0.8221 0.8238 0.8254 0.8265
2790.000000 0.8277 0.8288 0.8299 0.8310 0.8321
2785.000000 0.8332 0.8343 0.8354 0.8365 0.8375
2780.000000 0.8386 0.8396 0.8407 0.8418 0.8428
2775.000000 0.8437 0.8446 0.8453 0.8460 0.8467
2770.000000 0.8474 0.8478 0.8483 0.8486 0.8489
2765.000000 0.8491 0.8494 0.8496 0.8496 0.8496
2760.000000 0.8494 0.8487 0.8480 0.8470 0.8460
2755.000000 0.8450 0.8441 0.8432 0.8423 0.8412
2750.000000 0.8402 0.8391 0.8381 0.8377 0.8374
2745.000000 0.8371 0.8371 0.8371 0.8374 0.8377
2740.000000 0.8380 0.8385 0.8391 0.8397 0.8403
2735.000000 0.8407 0.8411 0.8414 0.8418 0.8416
2730.000000 0.8415 0.8413 0.8412 0.8408 0.8404
2725.000000 0.8399 0.8395 0.8389 0.8384 0.8375
2720.000000 0.8368 0.8360 0.8353 0.8349 0.8346
2715.000000 0.8342 0.8336 0.8336 0.8336 0.8337
2710.000000 0.8340 0.8343 0.8346 0.8351 0.8357
2705.000000 0.8363 0.8368 0.8375 0.8381 0.8387
2700.000000 0.8394 0.8400 0.8406 0.8411 0.8417
2695.000000 0.8421 0.8427 0.8432 0.8437 0.8442
2690.000000 0.8447 0.8452 0.8457 0.8462 0.8467
2685.000000 0.8471 0.8477 0.8482 0.8487 0.8492
2680.000000 0.8497 0.8502 0.8507 0.8511 0.8516
2675.000000 0.8521 0.8525 0.8530 0.8535 0.8540
2670.000000 0.8545 0.8549 0.8554 0.8556 0.8559
2665.000000 0.8560 0.8562 0.8564 0.8566 0.8567
2660.000000 0.8568 0.8571 0.8573 0.8574 0.8575
2655.000000 0.8578 0.8580 0.8581 0.8583 0.8585
2650.000000 0.8587 0.8588 0.8590 0.8592 0.8594
2645.000000 0.8596 0.8598 0.8600 0.8602 0.8604
2640.000000 0.8606 0.8608 0.8611 0.8613 0.8615
2635.000000 0.8617 0.8618 0.8621 0.8623 0.8625
2630.000000 0.8627 0.8628 0.8631 0.8633 0.8635
2625.000000 0.8637 0.8639 0.8641 0.8643 0.8645
2620.000000 0.8647 0.8649 0.8651 0.8653 0.8655
2615.000000 0.8657 0.8660 0.8662 0.8664 0.8666
2610.000000 0.8668 0.8670 0.8671 0.8674 0.8675
2605.000000 0.8678 0.8680 0.8682 0.8684 0.8686
2600.000000 0.8688 0.8690 0.8692 0.8694 0.8696
2595.000000 0.8698 0.8700 0.8702 0.8705 0.8707
2590.000000 0.8709 0.8711 0.8713 0.8715 0.8717
2585.000000 0.8718 0.8721 0.8723 0.8725 0.8727
2580.000000 0.8728 0.8730 0.8732 0.8733 0.8735
2575.000000 0.8736 0.8738 0.8739 0.8741 0.8742
2570.000000 0.8744 0.8745 0.8747 0.8748 0.8750
2565.000000 0.8752 0.8754 0.8755 0.8757 0.8758
2560.000000 0.8760 0.8761 0.8763 0.8764 0.8766
2555.000000 0.8767 0.8768 0.8770 0.8771 0.8774
2550.000000 0.8775 0.8777 0.8778 0.8780 0.8782
2545.000000 0.8783 0.8784 0.8785 0.8786 0.8787
2540.000000 0.8788 0.8789 0.8790 0.8790 0.8791
2535.000000 0.8792 0.8793 0.8794 0.8795 0.8796
2530.000000 0.8797 0.8798 0.8799 0.8800 0.8801
2525.000000 0.8802 0.8803 0.8804 0.8805 0.8805
2520.000000 0.8806 0.8807 0.8808 0.8809 0.8810
2515.000000 0.8811 0.8812 0.8813 0.8814 0.8815
2510.000000 0.8816 0.8817 0.8818 0.8818 0.8818
2505.000000 0.8820 0.8821 0.8821 0.8821 0.8821
2500.000000 0.8821 0.8821 0.8823 0.8823 0.8824
2495.000000 0.8824 0.8824 0.8824 0.8825 0.8825
2490.000000 0.8825 0.8825 0.8825 0.8825 0.8827
2485.000000 0.8827 0.8828 0.8828 0.8828 0.8828
2480.000000 0.8828 0.8828 0.8830 0.8830 0.8830
2475.000000 0.8830 0.8831 0.8831 0.8832 0.8832
2470.000000 0.8832 0.8831 0.8831 0.8831 0.8831
2465.000000 0.8831 0.8831 0.8831 0.8831 0.8831
2460.000000 0.8831 0.8830 0.8830 0.8830 0.8830
2455.000000 0.8830 0.8830 0.8830 0.8830 0.8830
2450.000000 0.8830 0.8828 0.8828 0.8828 0.8828
2445.000000 0.8828 0.8828 0.8828 0.8828 0.8827
2440.000000 0.8825 0.8825 0.8824 0.8823 0.8823
2435.000000 0.8821 0.8821 0.8820 0.8818 0.8818
2430.000000 0.8817 0.8816 0.8815 0.8813 0.8811
2425.000000 0.8809 0.8808 0.8806 0.8805 0.8803
2420.000000 0.8802 0.8800 0.8799 0.8797 0.8796
2415.000000 0.8794 0.8793 0.8791 0.8790 0.8788
2410.000000 0.8786 0.8784 0.8783 0.8780 0.8777
2405.000000 0.8774 0.8771 0.8768 0.8766 0.8763
2400.000000 0.8760 0.8757 0.8754 0.8752 0.8751
2395.000000 0.8749 0.8748 0.8746 0.8745 0.8743
2390.000000 0.8741 0.8739 0.8738 0.8737 0.8736
2385.000000 0.8736 0.8737 0.8737 0.8738 0.8738
2380.000000 0.8739 0.8739 0.8739 0.8739 0.8740
2375.000000 0.8740 0.8741 0.8741 0.8742 0.8743
2370.000000 0.8744 0.8745 0.8746 0.8747 0.8748
2365.000000 0.8748 0.8749 0.8750 0.8751 0.8752
2360.000000 0.8753 0.8754 0.8755 0.8756 0.8757
2355.000000 0.8758 0.8759 0.8759 0.8760 0.8761
2350.000000 0.8763 0.8764 0.8766 0.8767 0.8768
2345.000000 0.8770 0.8771 0.8773 0.8775 0.8775
2340.000000 0.8778 0.8778 0.8781 0.8782 0.8783
2335.000000 0.8784 0.8785 0.8785 0.8785 0.8784
2330.000000 0.8782 0.8778 0.8775 0.8771 0.8768
2325.000000 0.8766 0.8763 0.8758 0.8753 0.8748
2320.000000 0.8743 0.8737 0.8732 0.8728 0.8724
2315.000000 0.8721 0.8718 0.8715 0.8713 0.8710
2310.000000 0.8708 0.8708 0.8709 0.8709 0.8710
2305.000000 0.8711 0.8712 0.8712 0.8713 0.8713
2300.000000 0.8714 0.8715 0.8716 0.8716 0.8717
2295.000000 0.8717 0.8718 0.8718 0.8718 0.8718
2290.000000 0.8720 0.8720 0.8721 0.8721 0.8721
2285.000000 0.8721 0.8723 0.8723 0.8724 0.8724
2280.000000 0.8725 0.8725 0.8725 0.8725 0.8727
2275.000000 0.8727 0.8728 0.8728 0.8728 0.8730
2270.000000 0.8731 0.8732 0.8733 0.8734 0.8735
2265.000000 0.8736 0.8737 0.8738 0.8740 0.8741
2260.000000 0.8742 0.8743 0.8744 0.8745 0.8746
2255.000000 0.8747 0.8748 0.8749 0.8750 0.8751
2250.000000 0.8752 0.8753 0.8754 0.8755 0.8757
2245.000000 0.8758 0.8759 0.8760 0.8762 0.8763
2240.000000 0.8764 0.8765 0.8767 0.8768 0.8770
2235.000000 0.8771 0.8773 0.8774 0.8775 0.8775
2230.000000 0.8778 0.8778 0.8781 0.8782 0.8784
2225.000000 0.8785 0.8786 0.8787 0.8789 0.8790
2220.000000 0.8792 0.8793 0.8794 0.8795 0.8797
2215.000000 0.8798 0.8800 0.8801 0.8802 0.8803
2210.000000 0.8805 0.8807 0.8809 0.8811 0.8813
2205.000000 0.8815 0.8818 0.8820 0.8821 0.8824
2200.000000 0.8827 0.8828 0.8832 0.8834 0.8836
2195.000000 0.8840 0.8844 0.8846 0.8849 0.8850
2190.000000 0.8852 0.8859 0.8867 0.8877 0.8888
2185.000000 0.8897 0.8907 0.8913 0.8918 0.8921
2180.000000 0.8921 0.8921 0.8921 0.8916 0.8912
2175.000000 0.8902 0.8892 0.8882 0.8873 0.8871
2170.000000 0.8870 0.8868 0.8868 0.8866 0.8865
2165.000000 0.8864 0.8864 0.8864 0.8864 0.8863
2160.000000 0.8863 0.8862 0.8862 0.8861 0.8861
2155.000000 0.8860 0.8860 0.8859 0.8859 0.8858
2150.000000 0.8858 0.8857 0.8857 0.8857 0.8857
2145.000000 0.8857 0.8858 0.8858 0.8858 0.8858
2140.000000 0.8858 0.8857 0.8857 0.8856 0.8856
2135.000000 0.8855 0.8855 0.8851 0.8847 0.8842
2130.000000 0.8837 0.8832 0.8828 0.8824 0.8820
2125.000000 0.8817 0.8814 0.8811 0.8808 0.8806
2120.000000 0.8805 0.8804 0.8803 0.8802 0.8802
2115.000000 0.8801 0.8801 0.8800 0.8799 0.8799
2110.000000 0.8799 0.8798 0.8798 0.8797 0.8797
2105.000000 0.8796 0.8796 0.8795 0.8795 0.8795
2100.000000 0.8795 0.8794 0.8794 0.8794 0.8794
2095.000000 0.8793 0.8793 0.8792 0.8792 0.8792
2090.000000 0.8792 0.8791 0.8791 0.8790 0.8789
2085.000000 0.8788 0.8788 0.8787 0.8787 0.8786
2080.000000 0.8786 0.8785 0.8784 0.8783 0.8783
2075.000000 0.8782 0.8782 0.8781 0.8781 0.8780
2070.000000 0.8780 0.8778 0.8778 0.8777 0.8777
2065.000000 0.8775 0.8775 0.8775 0.8775 0.8775
2060.000000 0.8775 0.8775 0.8775 0.8775 0.8775
2055.000000 0.8775 0.8777 0.8777 0.8777 0.8777
2050.000000 0.8778 0.8778 0.8778 0.8778 0.8778
2045.000000 0.8778 0.8778 0.8778 0.8778 0.8778
2040.000000 0.8780 0.8780 0.8780 0.8778 0.8778
2035.000000 0.8778 0.8778 0.8778 0.8778 0.8778
2030.000000 0.8778 0.8778 0.8778 0.8778 0.8778
2025.000000 0.8778 0.8778 0.8778 0.8778 0.8777
2020.000000 0.8775 0.8775 0.8775 0.8771 0.8770
2015.000000 0.8766 0.8762 0.8756 0.8750 0.8742
2010.000000 0.8735 0.8733 0.8731 0.8728 0.8728
2005.000000 0.8728 0.8730 0.8731 0.8732 0.8734
2000.000000 0.8736 0.8739 0.8741 0.8742 0.8743
1995.000000 0.8745 0.8746 0.8748 0.8749 0.8750
1990.000000 0.8752 0.8753 0.8755 0.8757 0.8758
1985.000000 0.8760 0.8762 0.8763 0.8765 0.8767
1980.000000 0.8768 0.8770 0.8771 0.8774 0.8775
1975.000000 0.8777 0.8778 0.8778 0.8780 0.8781
1970.000000 0.8782 0.8783 0.8784 0.8785 0.8786
1965.000000 0.8787 0.8788 0.8789 0.8790 0.8791
1960.000000 0.8792 0.8793 0.8794 0.8795 0.8796
1955.000000 0.8797 0.8798 0.8799 0.8801 0.8802
1950.000000 0.8803 0.8804 0.8806 0.8807 0.8808
1945.000000 0.8809 0.8810 0.8812 0.8813 0.8814
1940.000000 0.8815 0.8816 0.8818 0.8818 0.8818
1935.000000 0.8818 0.8818 0.8817 0.8816 0.8815
1930.000000 0.8815 0.8814 0.8813 0.8812 0.8811
1925.000000 0.8811 0.8810 0.8809 0.8808 0.8808
1920.000000 0.8807 0.8806 0.8806 0.8806 0.8806
1915.000000 0.8806 0.8806 0.8806 0.8806 0.8807
1910.000000 0.8807 0.8807 0.8807 0.8807 0.8807
1905.000000 0.8808 0.8808 0.8808 0.8808 0.8809
1900.000000 0.8809 0.8808 0.8806 0.8804 0.8802
1895.000000 0.8801 0.8799 0.8797 0.8795 0.8794
1890.000000 0.8792 0.8790 0.8789 0.8787 0.8785
1885.000000 0.8783 0.8782 0.8780 0.8778 0.8778
1880.000000 0.8778 0.8778 0.8778 0.8778 0.8778
1875.000000 0.8778 0.8778 0.8778 0.8778 0.8778
1870.000000 0.8778 0.8778 0.8778 0.8778 0.8778
1865.000000 0.8778 0.8778 0.8780 0.8780 0.8780
1860.000000 0.8778 0.8778 0.8777 0.8775 0.8775
1855.000000 0.8774 0.8773 0.8771 0.8771 0.8770
1850.000000 0.8768 0.8768 0.8765 0.8762 0.8759
1845.000000 0.8756 0.8753 0.8750 0.8747 0.8744
1840.000000 0.8741 0.8737 0.8733 0.8728 0.8725
1835.000000 0.8721 0.8718 0.8714 0.8710 0.8707
1830.000000 0.8703 0.8699 0.8696 0.8692 0.8688
1825.000000 0.8681 0.8668 0.8657 0.8647 0.8638
1820.000000 0.8628 0.8618 0.8609 0.8599 0.8590
1815.000000 0.8580 0.8571 0.8561 0.8552 0.8542
1810.000000 0.8532 0.8523 0.8513 0.8504 0.8492
1805.000000 0.8480 0.8468 0.8457 0.8445 0.8433
1800.000000 0.8421 0.8410 0.8396 0.8381 0.8366
1795.000000 0.8351 0.8337 0.8321 0.8307 0.8293
1790.000000 0.8278 0.8257 0.8235 0.8213 0.8192
1785.000000 0.8169 0.8148 0.8125 0.8105 0.8083
1780.000000 0.8058 0.8036 0.8011 0.7988 0.7965
1775.000000 0.7939 0.7901 0.7862 0.7825 0.7788
1770.000000 0.7745 0.7691 0.7636 0.7582 0.7514
1765.000000 0.7432 0.7319 0.7161 0.6985 0.6869
1760.000000 0.6761 0.6683 0.6604 0.6495 0.6345
1755.000000 0.6162 0.5964 0.5772 0.5126 0.4560
1750.000000 0.4191 0.3821 0.3450 0.3081 0.2711
1745.000000 0.2341 0.1971 0.1601 0.1231 0.0861
1740.000000 0.0491 0.0237 0.0129 0.0094 0.0071
1735.000000 0.0057 0.0047 0.0039 0.0038 0.0036
1730.000000 0.0036 0.0037 0.0040 0.0052 0.0073
1725.000000 0.0113 0.0162 0.0218 0.0301 0.0467
1720.000000 0.0902 0.1345 0.1591 0.3110 0.3308
1715.000000 0.3550 0.3912 0.4159 0.4462 0.4767
1710.000000 0.5071 0.5312 0.5474 0.5646 0.5751
1705.000000 0.5855 0.5958 0.6060 0.6233 0.6394
1700.000000 0.6494 0.6586 0.6651 0.6698 0.6743
1695.000000 0.6790 0.6833 0.6872 0.6905 0.6934
1690.000000 0.6974 0.7024 0.7089 0.7178 0.7299
1685.000000 0.7380 0.7447 0.7515 0.7571 0.7617
1680.000000 0.7662 0.7708 0.7755 0.7801 0.7848
1675.000000 0.7895 0.7940 0.7965 0.7991 0.8017
1670.000000 0.8043 0.8065 0.8082 0.8100 0.8117
1665.000000 0.8135 0.8151 0.8169 0.8185 0.8198
1660.000000 0.8210 0.8223 0.8236 0.8249 0.8261
1655.000000 0.8274 0.8287 0.8297 0.8306 0.8316
1650.000000 0.8325 0.8335 0.8344 0.8354 0.8364
1645.000000 0.8373 0.8383 0.8393 0.8403 0.8413
1640.000000 0.8423 0.8434 0.8444 0.8454 0.8464
1635.000000 0.8474 0.8484 0.8494 0.8501 0.8508
1630.000000 0.8515 0.8521 0.8528 0.8536 0.8543
1625.000000 0.8550 0.8557 0.8564 0.8570 0.8575
1620.000000 0.8582 0.8589 0.8595 0.8601 0.8607
1615.000000 0.8613 0.8618 0.8625 0.8631 0.8638
1610.000000 0.8645 0.8652 0.8658 0.8665 0.8671
1605.000000 0.8678 0.8683 0.8686 0.8689 0.8691
1600.000000 0.8694 0.8696 0.8699 0.8701 0.8704
1595.000000 0.8707 0.8709 0.8712 0.8713 0.8713
1590.000000 0.8714 0.8715 0.8716 0.8717 0.8718
1585.000000 0.8718 0.8718 0.8720 0.8721 0.8721
1580.000000 0.8721 0.8721 0.8721 0.8723 0.8723
1575.000000 0.8723 0.8724 0.8724 0.8725 0.8725
1570.000000 0.8725 0.8724 0.8724 0.8724 0.8724
1565.000000 0.8724 0.8724 0.8723 0.8723 0.8721
1560.000000 0.8721 0.8721 0.8720 0.8718 0.8718
1555.000000 0.8720 0.8721 0.8723 0.8724 0.8731
1550.000000 0.8727 0.8728 0.8728 0.8728 0.8728
1545.000000 0.8730 0.8730 0.8731 0.8731 0.8731
1540.000000 0.8731 0.8730 0.8725 0.8718 0.8714
1535.000000 0.8706 0.8696 0.8685 0.8675 0.8667
1530.000000 0.8659 0.8650 0.8642 0.8634 0.8625
1525.000000 0.8617 0.8609 0.8601 0.8592 0.8584
1520.000000 0.8571 0.8558 0.8545 0.8531 0.8518
1515.000000 0.8505 0.8491 0.8475 0.8456 0.8437
1510.000000 0.8418 0.8398 0.8378 0.8356 0.8332
1505.000000 0.8307 0.8282 0.8258 0.8228 0.8194
1500.000000 0.8160 0.8125 0.8090 0.8050 0.8008
1495.000000 0.7968 0.7918 0.7858 0.7797 0.7697
1490.000000 0.7578 0.7336 0.7101 0.6857 0.6703
1485.000000 0.6090 0.4796 0.4068 0.3503 0.2938
1480.000000 0.2310 0.2340 0.2394 0.2530 0.2666
1475.000000 0.2801 0.2937 0.3009 0.2995 0.2965
1470.000000 0.2634 0.2287 0.2295 0.2338 0.2534
1465.000000 0.2745 0.2955 0.2996 0.3010 0.3025
1460.000000 0.3151 0.3314 0.3477 0.3641 0.3804
1455.000000 0.3966 0.4131 0.4294 0.4457 0.4675
1450.000000 0.4824 0.4973 0.5121 0.5270 0.5419
1445.000000 0.5560 0.5617 0.5660 0.5699 0.5723
1440.000000 0.5730 0.5736 0.5735 0.5721 0.5693
1435.000000 0.5667 0.5654 0.5654 0.5675 0.5719
1430.000000 0.5767 0.5815 0.5915 0.5915 0.5915
1425.000000 0.5908 0.5852 0.5552 0.5199 0.5115
1420.000000 0.5124 0.5132 0.5169 0.5396 0.5652
1415.000000 0.5908 0.6164 0.6419 0.6675 0.6800
1410.000000 0.6845 0.6874 0.6903 0.6896 0.6896
1405.000000 0.6881 0.6853 0.6769 0.6558 0.5287
1400.000000 0.4770 0.4253 0.3736 0.3218 0.3114
1395.000000 0.3156 0.3323 0.3534 0.3745 0.3956
1390.000000 0.4167 0.4378 0.4589 0.4685 0.4723
1385.000000 0.4700 0.4617 0.4474 0.4332 0.4189
1380.000000 0.4151 0.4179 0.4260 0.4340 0.4421
1375.000000 0.4437 0.4434 0.3899 0.3216 0.2535
1370.000000 0.1854 0.1139 0.1142 0.1152 0.1389
1365.000000 0.1866 0.2343 0.2793 0.3001 0.3184
1360.000000 0.3368 0.3489 0.3599 0.3702 0.3793
1355.000000 0.3882 0.3977 0.4073 0.4173 0.4267
1350.000000 0.4362 0.4456 0.4551 0.4646 0.4740
1345.000000 0.4835 0.4929 0.5024 0.5118 0.5212
1340.000000 0.5282 0.5332 0.5346 0.5348 0.5360
1335.000000 0.5380 0.5420 0.5474 0.5537 0.5602
1330.000000 0.5667 0.5735 0.5812 0.5880 0.5930
1325.000000 0.5966 0.5979 0.5979 0.5980 0.5977
1320.000000 0.5932 0.5862 0.5777 0.5689 0.5589
1315.000000 0.5480 0.5377 0.5299 0.5257 0.5223
1310.000000 0.5201 0.5193 0.5186 0.5178 0.5175
1305.000000 0.5176 0.5181 0.5191 0.5202 0.5214
1300.000000 0.5226 0.5238 0.5238 0.5239 0.5226
1295.000000 0.5210 0.5173 0.5127 0.5045 0.4960
1290.000000 0.4857 0.4752 0.4601 0.4426 0.4276
1285.000000 0.4215 0.4185 0.4178 0.4174 0.4174
1280.000000 0.4179 0.4184 0.4208 0.4234 0.4260
1275.000000 0.4276 0.4279 0.4281 0.4267 0.4232
1270.000000 0.4120 0.3747 0.3664 0.3609 0.3564
1265.000000 0.3518 0.3466 0.3414 0.3359 0.3304
1260.000000 0.3242 0.3174 0.3111 0.3055 0.2998
1255.000000 0.2945 0.2908 0.2882 0.2867 0.2855
1250.000000 0.2756 0.2683 0.2622 0.2570 0.2513
1245.000000 0.2449 0.2380 0.2331 0.2294 0.2264
1240.000000 0.2278 0.2279 0.2280 0.2284 0.2326
1235.000000 0.2390 0.2453 0.2501 0.2547 0.2592
1230.000000 0.2624 0.2656 0.2687 0.2713 0.2740
1225.000000 0.2766 0.2788 0.2811 0.2819 0.2827
1220.000000 0.2832 0.2832 0.2832 0.2833 0.2834
1215.000000 0.2827 0.2819 0.2811 0.2804 0.2789
1210.000000 0.2770 0.2752 0.2727 0.2684 0.2640
1205.000000 0.2590 0.2491 0.2391 0.2293 0.2217
1200.000000 0.2153 0.2096 0.2055 0.2015 0.1974
1195.000000 0.1937 0.1908 0.1878 0.1846 0.1813
1190.000000 0.1779 0.1745 0.1712 0.1671 0.1626
1185.000000 0.1586 0.1552 0.1521 0.1489 0.1458
1180.000000 0.1426 0.1395 0.1363 0.1332 0.1301
1175.000000 0.1268 0.1238 0.1212 0.1188 0.1173
1170.000000 0.1157 0.1146 0.1146 0.1145 0.1146
1165.000000 0.1171 0.1219 0.1318 0.1389 0.1474
1160.000000 0.1569 0.1681 0.1792 0.1903 0.2015
1155.000000 0.2126 0.2238 0.2320 0.2342 0.2373
1150.000000 0.2364 0.2364 0.2354 0.2314 0.2253
1145.000000 0.2170 0.2098 0.2034 0.1979 0.1931
1140.000000 0.1912 0.1908 0.1908 0.1908 0.1931
1135.000000 0.1991 0.2154 0.2406 0.2591 0.2831
1130.000000 0.3062 0.3276 0.3488 0.3700 0.3912
1125.000000 0.4125 0.4338 0.4550 0.4762 0.4974
1120.000000 0.5187 0.5399 0.5539 0.5666 0.5792
1115.000000 0.5899 0.5978 0.6050 0.6120 0.6177
1110.000000 0.6234 0.6288 0.6339 0.6390 0.6434
1105.000000 0.6469 0.6507 0.6541 0.6574 0.6604
1100.000000 0.6630 0.6656 0.6678 0.6695 0.6703
1095.000000 0.6726 0.6717 0.6717 0.6692 0.6665
1090.000000 0.6601 0.6430 0.6112 0.5886 0.5712
1085.000000 0.5465 0.5408 0.5378 0.5346 0.5312
1080.000000 0.5278 0.5231 0.5159 0.5093 0.5058
1075.000000 0.5010 0.5046 0.5051 0.5073 0.5144
1070.000000 0.5202 0.5235 0.5248 0.5249 0.5250
1065.000000 0.5240 0.5198 0.5122 0.4985 0.4912
1060.000000 0.4857 0.4872 0.4869 0.4883 0.4924
1055.000000 0.5003 0.5073 0.5138 0.5193 0.5235
1050.000000 0.5253 0.5266 0.5287 0.5308 0.5355
1045.000000 0.5410 0.5481 0.5573 0.5720 0.5896
1040.000000 0.6012 0.6139 0.6265 0.6392 0.6518
1035.000000 0.6646 0.6772 0.6900 0.6967 0.7021
1030.000000 0.7067 0.7111 0.7151 0.7188 0.7219
1025.000000 0.7257 0.7268 0.7295 0.7290 0.7297
1020.000000 0.7297 0.7278 0.7248 0.7210 0.7145
1015.000000 0.7075 0.7001 0.6953 0.6910 0.6875
1010.000000 0.6855 0.6845 0.6841 0.6842 0.6842
1005.000000 0.6854 0.6875 0.6906 0.6928 0.6938
1000.000000 0.6947 0.6947 0.6947 0.6936 0.6922
995.000000 0.6900 0.6871 0.6840 0.6800 0.6755
990.000000 0.6693 0.6641 0.6614 0.6601 0.6611
985.000000 0.6621 0.6630 0.6638 0.6644 0.6649
980.000000 0.6654 0.6658 0.6656 0.6650 0.6625
975.000000 0.6596 0.6562 0.6522 0.6471 0.6415
970.000000 0.6355 0.6303 0.6246 0.6216 0.6200
965.000000 0.6186 0.6175 0.6166 0.6169 0.6170
960.000000 0.6170 0.6177 0.6194 0.6221 0.6280
955.000000 0.6362 0.6468 0.6575 0.6675 0.6767
950.000000 0.6861 0.6955 0.7019 0.7085 0.7146
945.000000 0.7193 0.7212 0.7234 0.7254 0.7274
940.000000 0.7294 0.7315 0.7335 0.7357 0.7388
935.000000 0.7418 0.7456 0.7494 0.7518 0.7540
930.000000 0.7560 0.7572 0.7568 0.7551 0.7540
925.000000 0.7535 0.7533 0.7533 0.7537 0.7554
920.000000 0.7571 0.7588 0.7610 0.7632 0.7653
915.000000 0.7675 0.7696 0.7726 0.7757 0.7788
910.000000 0.7817 0.7844 0.7871 0.7898 0.7924
905.000000 0.7950 0.7975 0.8001 0.8025 0.8058
900.000000 0.8089 0.8107 0.8118 0.8130 0.8142
895.000000 0.8148 0.8153 0.8158 0.8162 0.8167
890.000000 0.8168 0.8169 0.8171 0.8171 0.8172
885.000000 0.8175 0.8181 0.8185 0.8190 0.8194
880.000000 0.8199 0.8203 0.8203 0.8203 0.8203
875.000000 0.8205 0.8207 0.8210 0.8212 0.8215
870.000000 0.8220 0.8225 0.8232 0.8238 0.8244
865.000000 0.8250 0.8261 0.8271 0.8283 0.8294
860.000000 0.8307 0.8320 0.8333 0.8346 0.8361
855.000000 0.8378 0.8398 0.8416 0.8435 0.8454
850.000000 0.8473 0.8492 0.8502 0.8512 0.8507
845.000000 0.8502 0.8493 0.8471 0.8452 0.8423
840.000000 0.8395 0.8378 0.8364 0.8349 0.8338
835.000000 0.8331 0.8325 0.8318 0.8312 0.8310
830.000000 0.8307 0.8304 0.8303 0.8307 0.8311
825.000000 0.8315 0.8318 0.8324 0.8333 0.8347
820.000000 0.8362 0.8375 0.8391 0.8411 0.8431
815.000000 0.8451 0.8471 0.8494 0.8517 0.8541
810.000000 0.8558 0.8573 0.8592 0.8595 0.8594
805.000000 0.8593 0.8591 0.8584 0.8578 0.8571
800.000000 0.8564 0.8551 0.8538 0.8525 0.8512
795.000000 0.8500 0.8490 0.8480 0.8471 0.8461
790.000000 0.8452 0.8442 0.8432 0.8421 0.8412
785.000000 0.8401 0.8391 0.8381 0.8370 0.8360
780.000000 0.8350 0.8339 0.8328 0.8318 0.8307
775.000000 0.8297 0.8288 0.8278 0.8270 0.8264
770.000000 0.8258 0.8255 0.8252 0.8249 0.8246
765.000000 0.8239 0.8228 0.8217 0.8206 0.8194
760.000000 0.8183 0.8171 0.8161 0.8153 0.8144
755.000000 0.8135 0.8128 0.8121 0.8114 0.8108
750.000000 0.8101 0.8099 0.8090 0.8095 0.8094
745.000000 0.8098 0.8101 0.8105 0.8108 0.8128
740.000000 0.8150 0.8171 0.8194 0.8218 0.8245
735.000000 0.8273 0.8313 0.8345 0.8354 0.8363
730.000000 0.8374 0.8389 0.8404 0.8421 0.8440
725.000000 0.8458 0.8477 0.8491 0.8501 0.8511
720.000000 0.8521 0.8532 0.8541 0.8544 0.8547
715.000000 0.8550 0.8553 0.8556 0.8557 0.8557
710.000000 0.8557 0.8558 0.8558 0.8558 0.8559
705.000000 0.8561 0.8563 0.8566 0.8568 0.8571
700.000000 0.8575 0.8580 0.8586 0.8591 0.8598
695.000000 0.8609 0.8618 0.8630 0.8640 0.8650
690.000000 0.8660 0.8670 0.8678 0.8688 0.8697
685.000000 0.8706 0.8712 0.8717 0.8723 0.8728
680.000000 0.8733 0.8735 0.8736 0.8738 0.8739
675.000000 0.8740 0.8741 0.8741 0.8740 0.8738
670.000000 0.8735 0.8746 0.8767 0.8789 0.8810
665.000000 0.8831 0.8852 0.8883 0.8875 0.8861
660.000000 0.8845 0.8828 0.8816 0.8804 0.8774
655.000000 0.8740 0.8707 0.8688 0.8675 0.8664
650.000000 0.8659 0.8658 0.8657 0.8656 0.8655
645.000000 0.8653 0.8652 0.8651 0.8651 0.8650
640.000000 0.8649 0.8649 0.8648 0.8647 0.8646
635.000000 0.8645 0.8644 0.8642 0.8641 0.8640
630.000000 0.8636 0.8628 0.8618 0.8608 0.8593
625.000000 0.8577 0.8562 0.8548 0.8534 0.8518
620.000000 0.8505 0.8490 0.8478 0.8465 0.8452
615.000000 0.8439 0.8427 0.8414 0.8402 0.8389
610.000000 0.8380 0.8374 0.8368 0.8363 0.8363
605.000000 0.8364 0.8366 0.8368 0.8370 0.8371
600.000000 0.8371 0.8371 0.8371 0.8373 0.8373
595.000000 0.8371 0.8371 0.8370 0.8370 0.8375
590.000000 0.8366 0.8362 0.8359 0.8356 0.8352
585.000000 0.8349 0.8345 0.8341 0.8338 0.8336
580.000000 0.8334 0.8331 0.8328 0.8327 0.8327
575.000000 0.8327 0.8333 0.8338 0.8344 0.8349
570.000000 0.8360 0.8371 0.8383 0.8395 0.8406
565.000000 0.8417 0.8425 0.8434 0.8442 0.8451
560.000000 0.8460 0.8464 0.8468 0.8473 0.8477
555.000000 0.8481 0.8486 0.8486 0.8484 0.8482
550.000000 0.8478 0.8477 0.8475 0.8473 0.8471
545.000000 0.8470 0.8468 0.8468 0.8466 0.8463
540.000000 0.8459 0.8455 0.8446 0.8438 0.8430
535.000000 0.8420 0.8410 0.8400 0.8390 0.8383
530.000000 0.8375 0.8368 0.8360 0.8353 0.8348
525.000000 0.8344 0.8340 0.8336 0.8332 0.8333
520.000000 0.8335 0.8338 0.8340 0.8347 0.8353
515.000000 0.8360 0.8366 0.8373 0.8378 0.8383
510.000000 0.8388 0.8393 0.8398 0.8399 0.8401
505.000000 0.8402 0.8403 0.8403 0.8399 0.8395
500.000000 0.8391 0.8386 0.8382 0.8378 0.8378
495.000000 0.8377 0.8375 0.8375 0.8374 0.8374
490.000000 0.8373 0.8371 0.8371 0.8370 0.8370
485.000000 0.8368 0.8366 0.8364 0.8362 0.8360
480.000000 0.8357 0.8355 0.8353 0.8352 0.8350
475.000000 0.8348 0.8346 0.8344 0.8342 0.8340
470.000000 0.8338 0.8336 0.8335 0.8332 0.8330
465.000000 0.8327 0.8325 0.8321 0.8320 0.8317
460.000000 0.8315 0.8313 0.8310 0.8308 0.8305
455.000000 0.8303 0.8300 0.8298 0.8296 0.8293
450.000000 0.8291 0.8288 0.8286 0.8283 0.8281
445.000000 0.8278 0.8275 0.8274 0.8274 0.8274
440.000000 0.8274 0.8274 0.8274 0.8274 0.8274
435.000000 0.8274 0.8274 0.8274 0.8274 0.8274
430.000000 0.8274 0.8275 0.8277 0.8278 0.8280
425.000000 0.8282 0.8283 0.8285 0.8287 0.8288
420.000000 0.8290 0.8292 0.8293 0.8295 0.8297
415.000000 0.8299 0.8300 0.8302 0.8304 0.8305
410.000000 0.8307 0.8309 0.8311 0.8312 0.8314
405.000000 0.8315 0.8317 0.8318 0.8320 0.8321
400.000000 0.8324 0.8325 0.8328 0.8333 0.8336
395.000000 0.8340 0.8345 0.8349 0.8353
##END=
