##TITLE=2-Naphthyl propionate
##JCAMP-DX=4.24
##DATA TYPE=INFRARED SPECTRUM
##ORIGIN=EPA-IR VAPOR PHASE LIBRARY
##OWNER=SRD/NIST
Collection (C) 2018 copyright by the U.S. Secretary of Commerce
on behalf of the United States of America. All rights reserved.
##CAS REGISTRY NO=13080-43-8
##MOLFORM=C 13 H 12 O 2
##$NIST SOURCE=MSDC-IR
##STATE=gas
##XUNITS=1/CM
##YUNITS=ABSORBANCE
##XFACTOR=1.
##YFACTOR=0.001
##DELTAX=1.92898
##FIRSTX=549.8
##LASTX=4000.7
##FIRSTY=4.24
##MAXX=4000.7
##MINX=549.759
##MAXY=0.95228
##MINY=0
##NPOINTS=1790
##XYDATA=(X++(Y..Y))
549.759 4.24 4.22 4.84 4.81 4.54 4.38 4.43 5.01 5.51 5.8
569.049 5.63 5.88 6.31 6.85 7.27 7.46 8.4 8.43 7.97 8.26
588.339 8.83 9.35 9.31 9.58 10.36 10.85 10.64 10.5 10.47 10.14
607.628 10.5 11.14 12.16 13.98 16.97 20.41 22.76 24.54 25.54 25.66
626.918 25.05 23.56 21.66 20.02 18.79 18.03 17.19 16.39 15.35 13.53
646.208 11.71 10.39 9.42 8.54 7.87 6.98 6.52 6.27 5.65 5.45
665.498 5.14 5.11 5.47 5.43 5.25 5.37 5.61 5.55 5.58 6.24
684.787 6.69 6.4 6.26 6.04 6.23 6.73 6.7 6.89 7.5 7.76
704.077 8.12 9.14 10.18 11.32 13.16 15.63 18.86 22.62 27.08 32.45
723.367 38.35 45.4 53.4 61.58 69.96 78.34 85.72 92.13 97.72 102.19
742.657 104.78 105.2 102.47 96.57 88.9 79.5 69.78 60.57 51.9 44.29
761.947 38.07 32.73 28.35 25.02 22.31 20.12 18.51 18.05 18.02 18.61
781.236 20.29 22.73 26.46 31.36 37.63 44.76 52.31 60.89 69.34 76.52
800.526 83.24 87.86 87.43 82.42 75.98 69.45 62.29 55.25 48.19 41.97
819.816 37.54 34.44 32.13 30.74 30.38 30.3 30.57 31.33 32.48 33.66
839.106 34.7 35.61 36.45 37.36 38.26 39.22 40.17 40.99 41.6 41.75
858.395 42.29 43.27 43.51 43.43 43.56 43.36 43.42 44.6 47.1 51.01
877.685 55.85 61.9 69.28 76.53 83.27 88.79 92.38 93.36 92.32 89.79
896.975 85.94 81.99 77.44 72.13 65.98 59.18 52.69 46.52 40.59 35.57
916.265 31.78 28.75 26.48 25.08 24.08 23.75 24.02 24.55 25.25 26.24
935.555 27.2 28.29 29.48 30.6 32.05 33.97 36.34 39.16 44.33 51.66
954.844 59.2 64.66 67.18 68.67 69.17 67.25 64.14 62.81 65.89 73.34
974.134 83.3 95.83 110.65 125.34 137.87 146.63 150.59 149.84 144.26 135.07
993.424 124.55 114.07 103.88 94.55 86.91 80.09 74.14 69.61 66.06 62.47
1012.714 58.7 55.63 52.07 49.01 46.63 44.73 43.46 42.57 43.17 44.7
1032.003 46.97 49.77 53.37 58.27 63.93 71.17 79.4 88.21 97.87 107.45
1051.293 116.74 125.24 132.55 138.22 140.46 141 140.82 139.66 138.65 137.77
1070.583 137.11 136.32 134.16 131.9 129.13 123.6 117.47 113.28 109.84 107.94
1089.873 107.87 107.09 108.76 112.06 115.84 122.89 129.84 137.62 149.13 161.99
1109.163 174.95 189.8 210.76 237.86 267.41 299.49 332.43 363.65 395.65 425.41
1128.452 449.88 472.12 498.34 527.18 555.34 585.87 614.43 641.45 668.3 694.9
1147.742 723.99 760 810.33 875.97 934.53 952.28 936.75 898.42 830.51 733.9
1167.032 630.76 551.05 504.74 482.78 474.92 474.77 475.94 478.5 482.02 482.9
1186.322 476.57 463.76 451.7 440.85 427.96 416.96 410.61 411.34 419.29 429.27
1205.611 436.29 432.58 417.43 390.1 350.4 299.72 251.31 217.25 192.87 174.94
1224.901 163.69 159.47 161.35 169.61 185.37 208.23 236.59 261.59 274.88 275.9
1244.191 264.79 241.3 206.99 170.59 143.02 127.09 118.83 113.88 110.86 108.8
1263.481 107.45 105.43 102.67 99.9 96.53 92.88 88.41 83.98 79.61 75.05
1282.771 70.4 66.09 62.39 58.43 54.66 51.4 48.48 46 43.74 41.94
1302.060 40.85 40.2 39.94 40.46 41.9 44.1 47.32 51.63 56.92 63.04
1321.350 69.81 76.76 83.54 89.96 95.75 101.3 106.7 112.28 118.34 124.86
1340.640 131.92 139.02 145.8 151.92 157 160.63 161.83 159.89 155 147.66
1359.930 138.14 126.76 114.73 103.37 93.49 85.47 79.11 74.33 71.01 68.9
1379.219 67.36 65.68 63.41 60.45 56.93 53.48 50.26 47.12 44.42 42.39
1398.509 40.79 39.4 38.46 37.59 36.76 36.26 35.89 35.61 35.44 35.52
1417.799 35.71 36.04 36.83 38.18 40.08 42.2 44.4 46.61 48.86 51.05
1437.089 52.93 54.41 55.5 56.27 57.08 58.48 61.23 65.97 73.23 83.43
1456.378 96.79 112.56 128.54 142.24 150.68 151.69 145.31 133.19 117.18 99.62
1475.668 83.9 71.64 63.11 57.75 54.64 53.1 52.78 53.19 54.13 55.63
1494.958 58.03 61.97 68.5 78.89 93.5 110.69 126.9 137.36 138.7 131.24
1514.248 116.45 95.35 71.19 50.45 36.75 29.33 25.41 23.26 22.09 21.29
1533.538 20.64 20.04 19.17 18.38 17.89 17.36 16.82 16.32 16.22 16.37
1552.827 16.46 16.64 17.27 18.24 19.27 20.46 21.87 23.36 25.12 27.41
1572.117 29.95 32.71 35.78 39.2 43.06 46.85 50.64 55.39 61.43 68.91
1591.407 78.34 89.45 100.61 109.32 113.19 111.01 103.31 91.27 76.4 61.62
1610.697 50.42 44.21 42.28 43.71 47.75 53.78 61.13 69.35 77 82.34
1629.986 84.81 83.65 79.18 71.96 63.26 54.5 46.63 40.28 35.41 31.84
1649.276 29.11 26.91 25.07 23.83 23.17 22.61 22.06 21.66 21.37 21.29
1668.566 21.45 21.65 21.81 21.95 22.16 22.23 22.22 22.23 22.18 22.06
1687.856 21.85 21.61 21.22 20.92 20.71 20.47 20.23 20.14 20.04 19.89
1707.146 20.01 20.24 20.63 21.21 21.93 22.89 24.2 25.9 27.97 30.45
1726.435 33.1 36.01 39.55 43.51 48.13 53.3 58.84 65.12 71.59 78.55
1745.725 86.11 94.22 103.17 113.23 124.68 137.75 153.05 170.56 190.66 213.84
1765.015 240.02 268.45 298.54 328.5 356.28 379.62 396.67 404.98 401.46 386.45
1784.305 362.91 334.2 302.39 268.73 234.7 202.39 173.48 147.97 126.18 108.05
1803.594 93.21 81 71.13 63.08 56.27 50.56 45.89 42 38.7 35.84
1822.884 33.19 30.93 29.07 27.42 25.97 24.73 23.54 22.36 21.25 20.21
1842.174 19.23 18.2 17.23 16.51 15.79 15.12 14.54 14.07 13.73 13.55
1861.464 13.43 13.39 13.4 13.51 13.65 13.92 14.33 14.81 15.42 16.04
1880.754 16.73 17.51 18.26 18.72 19.02 18.92 18.53 17.98 17.26 16.47
1900.043 15.78 15.3 14.94 14.72 14.63 14.63 14.46 14.13 13.74 13.39
1919.333 13.05 12.75 12.64 12.6 12.68 12.98 13.39 13.9 14.56 15.15
1938.623 15.41 15.14 14.43 13.26 11.93 10.51 9.13 8.28 7.81 7.53
1957.913 7.37 7.16 7.07 7.02 6.97 7.01 7.01 6.97 6.9 6.85
1977.202 6.78 6.68 6.76 6.79 6.75 6.82 6.81 6.8 6.83 6.81
1996.492 6.81 6.87 7.03 7.15 7.18 7.32 7.44 7.54 7.79 7.9
2015.782 7.83 7.81 7.92 8.02 8 7.87 7.78 7.87 7.83 7.71
2035.072 7.73 7.69 7.64 7.66 7.77 7.88 7.85 7.84 7.82 7.68
2054.362 7.48 7.22 6.89 6.62 6.51 6.48 6.37 6.25 6.1 6.02
2073.651 6.14 6.29 6.24 6.24 6.17 5.94 5.81 5.6 5.47 5.39
2092.941 5.22 5.09 5.03 4.97 4.89 4.88 4.98 5.12 5.03 4.93
2112.231 5.01 5.08 4.97 4.73 4.6 4.51 4.4 4.32 4.23 4.06
2131.521 3.94 3.93 3.91 3.97 3.97 3.94 4.07 4.06 3.9 3.94
2150.810 4.07 4.09 4.06 4.09 4.15 4.2 4.18 4.21 4.3 4.25
2170.100 4.17 4.09 3.89 3.67 3.49 3.43 3.5 3.48 3.4 3.39
2189.390 3.4 3.39 3.31 3.33 3.4 3.41 3.43 3.43 3.46 3.41
2208.680 3.42 3.35 3.31 3.52 3.43 3.42 3.54 3.55 3.6 3.65
2227.970 3.79 3.92 3.9 3.92 4.05 4.12 4.15 4.23 4.28 4.18
2247.259 4.13 4.24 4.43 4.47 4.32 4.16 4.22 4.45 4.67 4.79
2266.549 4.79 4.87 5.13 5.4 5.68 5.81 5.77 5.79 5.74 5.4
2285.839 5.14 4.98 4.77 4.7 4.6 4.51 4.65 4.79 4.72 4.88
2305.129 5.16 5.27 5.39 5.62 5.67 5.77 5.83 5.69 5.46 5.23
2324.418 5.1 4.82 4.56 4.4 4.23 4.15 4.16 4.04 3.96 4.11
2343.708 4.28 4.37 4.31 4.31 4.54 4.69 4.82 4.84 4.82 4.77
2362.998 4.68 4.66 4.67 4.64 4.52 4.45 4.21 4.02 3.83 3.66
2382.288 3.76 3.77 3.54 3.45 3.6 3.73 3.89 3.94 4.05 4.03
2401.578 3.89 3.77 3.54 3.46 3.5 3.53 3.39 3.3 3.38 3.54
2420.867 3.54 3.37 3.29 3.14 3.15 3.17 2.97 2.92 2.89 2.7
2440.157 2.59 2.66 2.65 2.59 2.6 2.64 2.63 2.57 2.67 2.81
2459.447 2.65 2.46 2.45 2.42 2.41 2.44 2.37 2.34 2.45 2.43
2478.737 2.35 2.37 2.28 2.19 2.22 2.27 2.27 2.33 2.53 2.51
2498.026 2.45 2.51 2.45 2.45 2.66 2.66 2.44 2.34 2.3 2.3
2517.316 2.42 2.37 2.26 2.24 2.31 2.24 2.02 1.91 2.02 2.1
2536.606 1.97 2.01 2.15 2.17 1.99 1.88 1.76 1.68 1.86 1.82
2555.896 1.67 1.59 1.65 1.58 1.58 1.73 1.69 1.62 1.71 1.96
2575.186 1.99 1.93 2.03 2.05 2.13 2.2 2.03 2.11 2.26 2.29
2594.475 2.24 2.22 2.18 2.18 2.26 2.11 2.08 2 1.92 2.02
2613.765 1.94 1.89 1.98 2.19 2.35 2.35 2.25 2.14 2.06 1.97
2633.055 1.98 1.99 1.91 1.85 1.85 1.77 1.89 1.97 1.69 1.61
2652.345 1.61 1.45 1.42 1.34 1.33 1.45 1.46 1.32 1.31 1.53
2671.634 1.46 1.33 1.42 1.33 1.3 1.46 1.49 1.43 1.51 1.57
2690.924 1.59 1.55 1.5 1.53 1.56 1.71 1.77 1.85 1.73 1.54
2710.214 1.69 2 1.96 1.73 1.81 1.78 1.7 1.77 1.96 1.95
2729.504 1.7 1.75 1.95 2.09 2.16 2.18 2.18 2.23 2.4 2.59
2748.794 2.81 2.92 2.95 3.03 2.97 2.86 3.01 3.04 2.97 2.9
2768.083 2.88 2.91 2.82 2.78 2.83 2.86 2.88 2.9 2.79 2.64
2787.373 2.61 2.8 2.94 2.82 2.87 3.02 3.06 3.21 3.24 3.11
2806.663 3.4 3.68 3.61 3.66 3.76 3.91 3.91 4.05 4.24 4.22
2825.953 4.43 4.72 4.88 4.98 5.14 5.44 5.51 5.71 5.94 6.14
2845.242 6.6 6.77 6.84 7.03 7.14 7.12 7.26 7.65 8.16 8.44
2864.532 8.89 9.55 9.97 10.52 11.33 12.19 12.85 13.82 14.98 16.28
2883.822 18.05 20.07 22.18 24.6 27.1 29.17 30.41 30.89 30.78 29.68
2903.112 28.36 27.54 26.71 25.92 25.43 25.15 25.48 26.11 26.64 27.24
2922.401 27.94 29.25 30.68 32.17 33.95 35.7 37.43 39.25 41.38 43.95
2941.691 47.2 51.3 56.84 63.66 70.31 75.34 77.46 76.58 73.52 68.39
2960.981 61.97 56.13 52.11 50.04 49.28 49.81 51.15 53.44 57.03 61.65
2980.271 67.88 76.11 85.61 94.28 99.94 101.68 99.77 94.13 85.34 75.49
2999.561 67.06 60.86 56.28 52.67 49.96 48.03 46.52 45.68 44.93 44.11
3018.850 43.93 44.28 45.04 46.22 47.34 48.69 49.74 49.76 49.42 48.87
3038.140 47.87 46.88 46.55 47.92 51.29 56.82 64.73 74.95 87.49 101.41
3057.430 116.05 130.32 141.62 148.3 150.8 149.33 143.42 133.65 121.89 109.52
3076.720 96.79 84.55 73.5 64 56.12 49.57 44 39.67 36.25 33.31
3096.009 30.56 27.82 25 22.19 19.56 16.76 14.15 12.09 10.51 9.1
3115.299 8.17 7.66 6.83 6.2 5.97 5.6 5.45 5.43 5.23 4.97
3134.589 4.87 4.93 4.94 4.71 4.4 4.14 3.94 3.88 3.95 3.89
3153.879 3.67 3.63 3.61 3.52 3.39 3.24 3.32 3.28 3.25 3.49
3173.169 3.39 3.26 3.16 3.16 3.4 3.44 3.15 2.92 2.87 2.51
3192.458 2.41 2.49 2.36 2.39 2.35 2.34 2.4 2.33 2.2 2.08
3211.748 1.98 1.87 1.89 1.95 1.81 1.7 1.59 1.61 1.76 1.69
3231.038 1.45 1.46 1.73 1.81 1.52 1.27 1.2209 1.2299 1.2319 1.26
3250.328 1.1542 1.0592 1.2411 1.1605 0.8803 1.0031 1.1992 0.889 0.8231 0.9113
3269.617 0.7142 0.7798 0.698 0.8025 0.9832 0.7931 0.6382 0.5104 0.5439 0.6345
3288.907 0.5208 0.4307 0.6359 0.6282 0.4539 0.4663 0.5092 0.5028 0.5606 0.5264
3308.197 0.5357 0.6144 0.6233 0.401 0.24821 0.3665 0.4319 0.4503 0.5261 0.5014
3327.487 0.34971 0.31205 0.098 0.12 0.088 0 0.5557 0.6272 0.31507 0.1633
3346.777 0.032 0.4125 0.5232 0.3624 0.2279 0.31037 0.3788 0.4063 0.5081 0.2032
3366.066 0.30762 0.5613 0.6489 0.543 0.24346 0.31394 0.3807 0.5202 0.5184 0.2285
3385.356 0.31679 0.4693 0.6166 0.5703 0.32247 0.3547 0.4225 0.2255 0.3573 0.3528
3404.646 0.2133 0.31209 0.33988 0.4347 0.3946 0.33776 0.4 0.32154 0.4421 0.4522
3423.936 0.24119 0.33963 0.4323 0.4505 0.6554 0.8231 0.7414 0.5645 0.4129 0.145
3443.225 0.1588 0.3922 0.34252 0.1766 0.26902 0.6524 0.8098 0.8606 0.8284 0.7152
3462.515 0.7371 0.6054 0.6106 0.759 0.7238 0.8358 0.68 0.4766 0.6355 0.6629
3481.805 0.801 1.0475 1.1466 1.32 1.34 1.34 1.42 1.55 1.46 1.2078
3501.095 1.47 1.85 2.05 2.13 2.23 2.56 2.58 2.91 3.44 3.51
3520.385 3.65 3.61 3.83 4.25 4.48 4.99 5.22 5.32 5.25 4.94
3539.674 4.84 4.72 5.02 5 4.02 3.51 3.48 3.23 2.85 2.56
3558.964 2.21 2.14 2.32 1.92 1.74 1.65 1.2454 1.0154 1.1958 1.2246
3578.254 1.0888 1.074 1.1859 1.25 0.9329 0.9771 1.1747 1.0099 0.7909 0.8972
3597.544 0.8658 0.7114 0.8085 0.8043 0.7696 1.1116 1.2372 0.8095 0.5579 0.5593
3616.833 0.7079 0.8099 0.923 0.9002 0.5974 0.4192 0.7018 0.8361 0.597 0.3532
3636.123 0.4862 0.5606 0.5485 0.8715 0.9292 1.1084 0.9797 0.697 0.8413 0.9837
3655.413 1.1261 1.0461 0.7859 0.8348 1.1001 0.9722 0.94 1.27 0.916 0.5427
3674.703 0.6781 0.6547 0.6095 0.6986 0.753 0.8543 0.8895 0.9483 1.0491 1.0699
3693.993 0.6761 0.32013 0.5963 0.6925 0.6051 0.6412 0.5594 0.4792 0.5616 0.5637
3713.282 0.5542 0.5617 0.32768 0.30877 0.5494 0.4687 0.379 0.5172 0.588 0.8081
3732.572 0.9488 0.8093 0.6719 0.4986 0.4417 0.3914 0.29628 0.3861 0.4486 0.6337
3751.862 0.8352 0.641 0.5904 0.68 0.6606 0.6683 0.5242 0.30908 0.4056 0.7247
3771.152 0.7212 0.5331 0.4947 0.7312 0.7935 0.6462 0.777 0.9881 0.9742 1.0174
3790.441 0.9278 0.7826 0.9089 1.1046 1.0391 0.9345 0.9424 0.7264 0.6468 0.9814
3809.731 1.139 0.8634 0.5317 0.4941 0.7473 0.9051 0.9899 1.068 1.1321 1.1089
3829.021 0.9985 0.7311 0.6146 0.5429 0.6555 0.9878 0.9057 0.711 0.6874 0.7031
3848.311 0.6694 0.5327 0.7473 0.7395 0.7562 0.9004 0.7185 0.5349 0.33746 0.5654
3867.601 0.731 0.4241 0.26803 0.4923 0.6477 0.7248 0.7721 0.7061 0.6691 0.5839
3886.890 0.5915 0.7165 0.7378 0.8359 0.9247 0.9705 1.1107 1.0753 0.9951 0.9147
3906.180 0.8889 1.1664 1.2353 1.35 1.56 1.34 1.2334 1.37 1.33 1.35
3925.470 1.52 1.45 1.54 1.58 1.47 1.31 1.1082 1.37 1.84 1.78
3944.760 1.59 1.61 1.42 1.53 1.63 1.48 1.71 1.68 1.79 2.12
3964.049 2.27 2.39 2.3 2.16 2.1 2.24 2.24 2.03 1.79 1.73
3983.339 1.93 2.07 1.96 2.07 2.17 2.25 2.32 2.3 2.25 2.29
##END=
