##TITLE=N-Benzylacrylamide
##JCAMP-DX=4.24
##DATA TYPE=INFRARED SPECTRUM
##ORIGIN=EPA-IR VAPOR PHASE LIBRARY
##OWNER=SRD/NIST
Collection (C) 2018 copyright by the U.S. Secretary of Commerce
on behalf of the United States of America. All rights reserved.
##CAS REGISTRY NO=13304-62-6
##MOLFORM=C 10 H 11 N O
##$NIST SOURCE=MSDC-IR
##STATE=gas
##XUNITS=1/CM
##YUNITS=ABSORBANCE
##XFACTOR=1.
##YFACTOR=0.001
##DELTAX=1.92898
##FIRSTX=549.8
##LASTX=4000.7
##FIRSTY=4.41
##MAXX=4000.7
##MINX=549.759
##MAXY=0.10409
##MINY=0
##NPOINTS=1790
##XYDATA=(X++(Y..Y))
549.759 4.41 4.73 4.25 4.45 5.09 5.15 4.79 4.72 5.05 5.18
569.049 5.32 5.17 4.8 4.61 4.84 4.96 5.03 5 4.63 4.48
588.339 4.11 3.94 5.01 5.83 5.98 5.87 5.25 4.76 4.75 4.71
607.628 4.78 5.41 5.11 4.38 4.37 4.43 4.33 4.16 3.69 3.56
626.918 3.71 3.2 3.17 3.58 3.68 3.87 3.96 3.56 3.37 3.53
646.208 3.64 3.51 3.88 4.02 3.6 3.27 3.41 4.15 4.64 4.5
665.498 4.8 5.39 6 6.57 6.69 7.1 7.33 8.05 9.3 10.51
684.787 11.8 12.89 14.51 15.83 16.92 18.13 18.52 18.89 19.01 18.17
704.077 16.94 16.11 15.12 13.96 12.97 12.09 11.46 11.17 11.11 11.49
723.367 11.4 10.73 10.78 10.99 10.88 11.58 12.66 13.31 13.63 14.16
742.657 14.15 13.9 13.75 13.37 13.22 11.92 10.49 9.74 8.64 7.52
761.947 7.15 6.56 5.84 5.99 6.01 5.71 5.74 5.47 5.19 5.73
781.236 6.29 6.47 7.01 7.66 7.91 8.32 8.61 8.35 8.09 8.11
800.526 8.7 8.48 7.63 7.63 7.4 7.06 6.83 7.33 7.49 5.63
819.816 6.03 6.8 5.85 5.89 5.45 5.12 5.37 5.08 4.8 4.75
839.106 4.27 4.46 5 4.82 4.7 4.59 4.5 4.65 4.59 4.14
858.395 3.85 4.25 4.32 4.07 4.59 4.73 4.76 5.02 4.82 4.55
877.685 4.12 3.65 3.92 4.68 4.86 4.8 4.75 4.73 4.94 4.92
896.975 4.89 4.58 4.59 4.98 5.16 5.35 5.5 5.37 5.52 5.65
916.265 5.22 5.12 5.57 6.12 6.27 6.11 6.05 6.4 6.94 7.3
935.555 7.4 7.81 8.18 8.32 8.65 8.58 8.45 8.75 8.92 9.12
954.844 9.9 10.61 10.99 11.82 12.26 12.35 13.01 13.76 14.27 14.46
974.134 14.5 14.61 14.65 13.8 12.8 11.91 11.07 10.84 10.35 9.71
993.424 9 8.7 8.21 7.22 6.57 6.25 6.09 5.28 4.6 4.96
1012.714 4.81 5.21 5.46 4.79 5.53 6.73 7.33 6.68 6.44 7.13
1032.003 7.27 6.54 6.1 6.11 5.34 4.82 4.32 3.57 4.06 4.62
1051.293 3.84 3.55 3.71 3.74 4.3 4.4 4.28 4.39 5.13 6.15
1070.583 6.32 5.82 4.49 4.81 6.07 6.03 5.23 5.62 6.09 5.21
1089.873 5.56 6.06 6.47 6.91 6.95 6.74 6.52 5.26 4.65 6.1
1109.163 7.1 7 6.37 5.27 4.72 4.38 4.17 3.87 3.46 3.38
1128.452 3.32 3.84 4.01 3.16 2.61 3.04 3.5 4.16 3.76 3.19
1147.742 4.17 4.94 5.55 5.23 5.49 6.39 6.05 6.77 8.28 9.08
1167.032 9.78 11.02 12.59 14.89 17.16 20.04 23.6 26.36 30.06 33.9
1186.322 35.7 35.42 36.12 36.98 36.03 35.39 35.03 33.64 31.69 29.66
1205.611 28.37 28.27 26.63 25.01 24.5 23.21 21.77 20.46 20.25 19.97
1224.901 18.84 18.51 18.54 18.91 19.28 19.35 19.94 20.68 20.33 20.14
1244.191 21.05 20.79 19.9 19.89 19.99 20.15 19.99 19.61 19.17 18.19
1263.481 17.08 16.39 15.67 14.62 13.8 12.92 12.08 11.5 11.17 10.73
1282.771 9.82 9.39 9.5 9.47 9.08 8.88 9.3 9.36 9.29 9.65
1302.060 9.69 9.58 9.73 10.01 9.87 9.54 9.34 8.86 8.4 8.17
1321.350 7.98 7.66 7.41 7.31 7.02 6.81 6.6 6.21 6.06 5.93
1340.640 5.95 6.16 6.24 6.35 6.51 6.68 6.81 6.8 6.77 6.7
1359.930 6.54 6.37 6.15 5.93 5.86 5.89 5.85 5.68 5.51 5.6
1379.219 5.93 6.1 6.21 6.66 7.1 7.52 8.24 9.17 10.16 11.24
1398.509 12.26 12.96 13.56 14.25 14.44 14.29 14.28 14.1 13.55 12.93
1417.799 12.57 12.47 12.35 12.34 12.7 12.96 13.29 13.72 14.42 15.24
1437.089 16.13 17.16 18.24 19.46 20.58 21.87 23.36 24.68 26.05 27.26
1456.378 28.6 30.16 31.77 33.27 35.02 37.41 40.14 42.95 45.86 49.98
1475.668 54.53 59.4 64.87 70.91 77.08 83.31 89.57 95.53 100.44 103.41
1494.958 104.09 102.47 98.51 92.57 85.17 76.39 66.55 57.45 49.72 42.7
1514.248 36.68 31.75 27.6 24.26 21.35 18.8 16.72 15.06 13.53 12.34
1533.538 11.04 10.01 9.38 8.78 8.24 7.62 7.23 6.66 6.1 5.92
1552.827 5.99 5.82 5.59 5.62 5.55 5.31 4.97 4.87 4.82 4.86
1572.117 5.36 5.42 5.32 5.41 5.52 5.74 5.76 5.83 5.98 6.17
1591.407 6.71 7.07 7.26 7.79 8.08 8.21 8.49 8.82 9.46 9.95
1610.697 10.05 10.39 10.93 11.29 11.53 11.88 12.13 12.31 12.5 12.71
1629.986 12.7 12.34 11.99 11.53 10.95 10.26 9.47 9.04 8.78 8.51
1649.276 8.23 8.19 8.3 8.29 8.51 8.65 8.79 9.06 9.54 10.11
1668.566 10.83 11.53 12.22 13.34 14.73 16.07 18.05 20.5 23.65 27.37
1687.856 31.42 36.39 42.22 48.68 56.45 64.62 72.2 80.23 85.75 89.16
1707.146 89.99 88.18 84.03 77.8 69.74 61.04 52.13 44.47 37.96 32.53
1726.435 27.64 23.8 20.65 17.71 15.21 13.02 11.4 10.11 8.96 8.08
1745.725 7.66 7.1 6.19 5.69 5.52 5.32 5.23 5.21 5.16 4.85
1765.015 4.4 4.18 4.13 4.11 4 3.71 3.49 3.43 3.39 3.33
1784.305 3.25 3.22 3.19 3.28 3.49 3.49 3.41 3.38 3.3 3.19
1803.594 3.19 3.19 3.06 2.79 2.54 2.61 2.56 2.38 2.39 2.29
1822.884 2.21 2.31 2.43 2.34 2.17 2.09 2.07 2.11 2.23 2.25
1842.174 2.26 2.31 2.2 2.25 2.26 2.32 2.51 2.57 2.47 2.38
1861.464 2.43 2.72 2.81 2.65 2.77 2.7 2.77 2.85 2.77 2.84
1880.754 2.85 2.78 2.74 2.79 2.69 2.49 2.36 2.26 2.19 2.26
1900.043 2.27 2.36 2.45 2.27 2.25 2.39 2.52 2.53 2.81 3.05
1919.333 3.03 3.11 3.15 3.12 3.09 3.15 3.09 2.99 3.04 3
1938.623 2.81 2.74 2.86 2.89 2.72 2.62 2.59 2.6 2.57 2.48
1957.913 2.48 2.51 2.53 2.37 2.12 2.009 1.9346 1.8216 1.68 1.6563
1977.202 1.6798 1.7075 1.6465 1.5108 1.4313 1.5321 1.646 1.4592 1.4256 1.5561
1996.492 1.5203 1.5652 1.5316 1.3443 1.3476 1.4945 1.3814 1.1956 1.2828 1.4458
2015.782 1.6465 1.5588 1.36 1.5215 1.6316 1.679 1.6749 1.5887 1.5752 1.5507
2035.072 1.4154 1.3645 1.4891 1.503 1.4688 1.4463 1.2944 1.2922 1.3889 1.3187
2054.362 1.2693 1.405 1.5579 1.5166 1.499 1.5079 1.4534 1.46 1.4926 1.4539
2073.651 1.4415 1.3403 1.2369 1.4021 1.5581 1.4889 1.4452 1.4038 1.3124 1.3095
2092.941 1.3063 1.2961 1.3412 1.3195 1.2369 1.2553 1.2784 1.2809 1.2516 1.11726
2112.231 1.08079 1.1382 1.12204 1.1478 1.10774 1.10251 1.1694 1.11357 1.1943 1.2335
2131.521 1.3274 1.4019 1.2929 1.3506 1.2924 1.1368 1.133 1.2408 1.2967 1.199
2150.810 1.224 1.3216 1.1856 1.1748 1.3812 1.3387 1.326 1.3889 1.4385 1.4314
2170.100 1.3314 1.3496 1.3313 1.12579 0.925 1.1607 1.4012 1.4143 1.4815 1.4318
2189.390 1.3592 1.21 1.2933 1.459 1.4665 1.4601 1.2934 1.2519 1.12763 0.9957
2208.680 1.1402 1.186 1.3034 1.4225 1.4366 1.5395 1.6028 1.6216 1.3323 1.10941
2227.970 1.2075 1.10538 1.05267 1.2188 1.2945 1.2425 1.3288 1.4806 1.3397 1.2703
2247.259 1.3137 1.2574 1.137 1.2037 1.4817 1.4651 1.3638 1.3803 1.2962 1.1794
2266.549 0.9757 1.1608 1.3357 1.1846 0.9997 1.1098 1.4345 1.3413 1.33 1.3716
2285.839 1.3971 1.5444 1.6318 1.4743 1.2526 1.333 1.3562 1.3089 1.3814 1.4668
2305.129 1.5129 1.4874 1.5371 1.4543 1.4744 1.6813 1.5544 1.6286 1.7624 1.5238
2324.418 1.3911 1.4611 1.471 1.4499 1.4421 1.3894 1.4942 1.3812 1.4506 1.6947
2343.708 1.6792 1.7069 1.6911 1.5769 1.5213 1.4599 1.4966 1.4569 1.3023 1.4855
2362.998 1.4587 1.353 1.3312 1.1979 1.08905 1.2811 1.4086 1.1712 1.3203 1.6371
2382.288 1.7146 1.4592 1.09087 1.02974 1.1825 1.3105 1.2325 1.11547 1.1358 1.0182
2401.578 0.872 0.9847 1.1358 1.2601 1.3293 1.12266 0.9993 1.21 1.4769 1.3625
2420.867 1.1882 1.3641 1.4959 1.336 1.11567 1.148 1.2487 1.4858 1.4172 1.2717
2440.157 1.1776 1.09551 1.1752 1.138 1.11164 1.11519 1.3153 1.5248 1.3992 1.2922
2459.447 1.3348 1.11102 1.0069 0.977 1.1712 1.4217 1.3497 1.3549 1.3906 1.3133
2478.737 1.11523 1.1404 1.3197 1.314 1.342 1.4007 1.3274 1.3206 1.2231 1.2709
2498.026 1.3272 1.4692 1.6228 1.3924 1.3819 1.10153 0.9531 1.04331 1.1849 1.493
2517.316 1.4142 1.2933 1.4708 1.4468 1.4263 1.4728 1.188 1.2012 1.3732 1.4841
2536.606 1.5339 1.4205 1.3723 1.03281 0.85 1.1632 1.3633 1.2378 1.11387 1.2814
2555.896 1.3532 1.3076 1.4106 1.337 1.3815 1.414 1.09329 0.9323 0.984 1.0552
2575.186 1.10637 1.1318 1.03538 1.06531 1.2062 1.2758 1.2436 1.12523 0.9958 0.918
2594.475 0.91 0.9822 1.1752 1.3026 1.1727 1.2492 1.3453 1.3533 1.3782 1.3555
2613.765 1.2701 1.08208 1.1323 1.11173 1.0078 1.05318 1.04724 0.866 0.9868 1.2186
2633.055 1.12792 1.12423 1.1917 1.326 1.6285 1.67 1.4534 1.3542 1.3947 1.4194
2652.345 1.437 1.4322 1.03733 0.9529 1.211 1.2417 1.3326 1.2468 1.336 1.4105
2671.634 1.283 1.4745 1.3355 1.2827 1.5789 1.5039 1.3649 1.4124 1.6323 1.6159
2690.924 1.4492 1.4399 1.3961 1.3637 1.4613 1.4104 1.2782 1.2029 1.11775 1.4739
2710.214 1.751 1.4553 1.3098 1.2941 1.07011 1.12854 1.3986 1.3777 1.2649 1.156
2729.504 1.224 1.5821 1.5328 1.2318 1.3049 1.2279 1.12981 1.4039 1.3092 1.11721
2748.794 1.3534 1.4462 1.2755 1.4589 1.4815 1.3426 1.5318 1.2299 0.9627 1.10703
2768.083 1.292 1.2829 1.2236 1.2031 1.2891 1.5323 1.6103 1.6207 1.4686 1.3071
2787.373 1.574 1.8798 1.6358 1.5691 1.5877 1.3277 1.2953 1.2571 1.3006 1.4899
2806.663 1.7129 1.7364 1.6975 1.6737 1.5816 1.4976 1.5845 1.8735 1.6301 1.4067
2825.953 1.7643 1.8197 1.6389 1.606 1.465 1.5294 1.6658 1.593 1.5323 1.5381
2845.242 1.7936 2.29 2.55 2.55 2.27 1.9866 2.3 2.72 2.78 2.75
2864.532 2.92 3.39 3.43 3.34 3.73 4.24 4.38 4.38 4.27 4.14
2883.822 4.36 4.57 4.57 4.69 4.99 5.15 5.28 5.33 5.35 5.42
2903.112 5.4 5.21 5.27 5.7 6.03 6.13 6.3 6.46 6.62 7.23
2922.401 7.64 7.55 7.7 7.85 8.22 8.39 8.27 8.28 7.95 7.51
2941.691 7.44 7.29 7 6.46 6.03 5.96 5.67 5.49 5.18 4.85
2960.981 4.63 4.08 3.83 4.07 4.1 3.92 4.49 4.73 4.29 4.4
2980.271 4.21 4.01 4.14 4.47 4.38 4 4.23 4.35 4.48 4.55
2999.561 4.38 4.51 4.82 4.98 5.38 6.13 6.72 7.48 8.1 8.71
3018.850 9.59 10.39 11.3 11.96 12.76 13.87 14.7 14.98 15.08 14.7
3038.140 14.31 14 13.16 12.42 11.77 10.95 10.17 9.87 9.69 9.69
3057.430 9.8 10.04 10.89 12.07 13.41 14.62 15.56 16.03 15.87 15.38
3076.720 14.75 13.74 12.91 12 10.99 10.41 10.45 10.42 9.92 9.97
3096.009 9.58 9.02 9.08 8.52 7.44 6.67 6.29 6.1 5.77 5.1
3115.299 4.39 3.83 3.43 2.94 2.58 2.49 2.2 1.7865 1.4178 1.5558
3134.589 1.7718 1.7059 1.5423 1.3722 1.6944 1.7173 1.4445 1.513 1.2302 1.2078
3153.879 1.2462 1.10292 1.2092 1.4181 1.5713 1.5335 1.6766 1.6849 1.6571 1.3483
3173.169 1.03714 1.271 1.4386 1.11102 0.9644 1.06509 1.0165 0.916 1.1659 1.3434
3192.458 1.1322 1.0106 1.0067 1.0129 0.905 1.312 1.5121 1.243 1.2696 1.2616
3211.748 1.12187 1.1913 1.2597 1.03853 0.739 0.794 0.904 0.576 0.782 1.2958
3231.038 1.7536 1.6976 1.2337 1.05292 0.899 1.09066 1.1397 1.06017 1.12227 1.0019
3250.328 1.1332 1.492 1.7273 1.674 1.08416 1.1313 1.382 1.04725 1.11052 1.4397
3269.617 1.3942 1.2403 0.9721 1.09338 1.3718 1.2498 1.1799 1.12829 1.252 1.2466
3288.907 1.1578 1.3475 1.5017 1.4092 1.2133 0.886 0.9475 1.4997 1.4058 0.9887
3308.197 1.2229 1.2782 0.917 0.872 1.2682 1.5909 1.4509 1.4678 1.7858 1.7963
3327.487 1.245 0.951 0.9782 0.805 1.1033 1.178 0.795 0.853 1.10928 1.1917
3346.777 1.0188 1.3243 1.7473 1.633 1.697 1.68 1.5956 1.2068 0.845 0.828
3366.066 0.83 1.4039 1.9524 1.9134 1.7643 1.5753 1.5045 1.5097 1.2888 1.228
3385.356 1.6547 1.6699 1.7129 1.9268 1.9091 2.11 2.34 2.39 2.31 1.9939
3404.646 1.8512 2.29 2.27 2.4 2.64 2.06 2.0194 2.41 2.41 2.16
3423.936 1.9218 2.27 2.68 2.42 2.62 3.33 3.15 2.7 2.93 3.36
3443.225 3.71 4.22 4.19 4.74 5.72 5.7 5.69 6.15 6.98 7.62
3462.515 7.84 8.11 8.31 8.28 7.8 7.15 6.82 6.55 5.97 5.37
3481.805 5.04 4.55 4.28 4.06 3.45 3.16 3.1 2.98 2.61 2.28
3501.095 1.8933 1.6315 1.8101 1.6938 1.4301 1.2715 1.4864 1.7824 1.4066 1.07052
3520.385 1.04246 1.2928 1.408 1.2503 1.433 1.3541 1.1751 1.1561 1.182 1.5172
3539.674 1.2335 1.03668 1.7817 1.7567 1.2159 1.09405 1.2987 1.3658 1.3396 1.3126
3558.964 0.9528 0.736 0.9413 0.9888 1.10195 1.02855 1.0132 1.3775 1.2544 1.1377
3578.254 0.885 0.522 0.612 1.2439 1.4268 1.09202 1.03644 1.04102 1.2089 0.926
3597.544 0.545 0.725 0.921 0.988 0.645 0.734 1.2121 1.2044 1.2636 1.1429
3616.833 0.875 1.3373 1.3629 1.1907 1.1966 1.10959 1.3586 1.5796 1.3099 1.07602
3636.123 1.0016 1.03635 0.9494 0.706 0.836 0.884 0.9833 1.0246 1.10327 1.07886
3655.413 0.9784 0.856 0.862 1.1505 0.9584 0.786 0.871 1.0186 1.1542 0.526
3674.703 0 0.379 0.695 0.9481 0.9422 0.9969 0.834 0.653 1.4069 1.3795
3693.993 0.818 1.04125 1.2227 0.9976 1.1635 1.62 1.5797 1.362 1.1651 1.0308
3713.282 1.12814 0.662 0.658 1.1845 1.07843 0.68 0.418 0.753 1.07765 1.11437
3732.572 1.09331 0.846 1.1638 1.2493 0.9628 0.891 0.476 0.659 0.617 0.293
3751.862 0.9821 1.4442 1.09338 0.865 1.0157 1.0135 1.3919 1.709 1.3875 1.04418
3771.152 0.9757 0.845 1.1051 0.9313 0.577 0.741 0.908 0.808 0.543 0.704
3790.441 0.556 0.763 1.1967 1.5933 1.6672 0.704 0.804 1.0006 1.1555 1.5706
3809.731 1.294 1.0078 0.875 1.0103 1.02944 1.05561 0.834 1.06168 1.5205 1.2692
3829.021 1.0069 0.768 0.706 1.2094 1.4642 1.2046 1.2402 1.1628 1.11195 1.11968
3848.311 0.888 0.835 0.728 1.3888 1.6343 0.909 0.388 0.845 1.2277 0.9807
3867.601 1.2275 1.2745 1.06325 1.2123 1.4093 1.0183 0.771 1.1562 1.276 1.222
3886.890 0.889 0.723 1.1431 0.9443 1.0064 1.3713 1.3845 1.3044 1.2173 0.985
3906.180 0.77 1.06491 1.09296 1.04267 1.06906 0.9582 1.06942 1.0166 1.2408 1.4992
3925.470 1.4002 1.11522 0.9973 1.5314 1.432 1.573 1.4626 0.9637 1.1751 1.243
3944.760 0.9482 0.9322 1.0129 0.641 0.734 0.856 0.85 1.1835 1.0109 0.738
3964.049 1.02398 1.1537 1.3291 1.3986 1.2927 1.3201 1.2555 1.12527 1.1485 1.2352
3983.339 1.1606 1.3941 1.1487 0.709 0.9925 1.1958 1.08447 1.0441 0.879 0.605
##END=
