##TITLE=2-Methyl-4-nitrophenyl isothiocyanate
##JCAMP-DX=4.24
##DATA TYPE=INFRARED SPECTRUM
##ORIGIN=EPA-IR VAPOR PHASE LIBRARY
##OWNER=SRD/NIST
Collection (C) 2018 copyright by the U.S. Secretary of Commerce
on behalf of the United States of America. All rights reserved.
##CAS REGISTRY NO=135805-96-8
##MOLFORM=C 8 H 6 N 2 O 2 S
##$NIST SOURCE=MSDC-IR
##STATE=gas
##XUNITS=1/CM
##YUNITS=ABSORBANCE
##XFACTOR=1.
##YFACTOR=0.001
##DELTAX=1.92898
##FIRSTX=549.8
##LASTX=4000.7
##FIRSTY=9.319
##MAXX=4000.7
##MINX=549.759
##MAXY=0.643089
##MINY=0
##NPOINTS=1790
##XYDATA=(X++(Y..Y))
549.759 9.319 9.999 11.059 11.739 11.769 11.409 10.509 9.349 8.279 7.099
569.049 5.959 5.029 4.589 4.409 3.939 3.459 3.269 3.059 2.769 2.549
588.339 2.369 2.339 2.239 2.129 2.179 2.039 2.409 2.639 2.549 2.619
607.628 2.489 2.599 2.889 3.009 2.959 2.809 3.009 2.959 2.719 2.659
626.918 2.689 2.829 2.659 2.499 2.579 2.649 2.579 2.729 2.999 3.159
646.208 3.299 3.079 2.839 2.839 3.039 3.189 3.239 3.209 3.089 3.009
665.498 2.879 2.689 2.509 2.449 2.349 2.079 1.909 1.919 1.919 1.989
684.787 2.449 2.929 3.149 3.549 3.999 4.409 4.769 4.789 4.759 4.679
704.077 4.319 3.979 3.799 3.529 3.319 3.179 3.089 3.319 3.699 4.269
723.367 5.389 6.779 8.579 11.259 14.259 17.349 20.429 23.419 26.759 30.109
742.657 32.069 31.169 28.329 25.819 23.779 21.479 18.639 15.119 11.999 9.809
761.947 8.339 7.269 6.539 6.329 6.499 6.829 6.819 6.689 6.799 6.749
781.236 7.019 7.579 8.389 9.769 11.389 13.469 17.389 24.739 34.889 44.229
800.526 47.769 47.159 46.079 41.759 31.639 21.289 15.679 13.879 14.359 16.329
819.816 19.099 21.839 24.589 26.969 29.089 31.079 30.819 27.709 24.479 21.789
839.106 19.119 16.459 13.709 11.449 10.239 9.519 9.299 9.849 10.339 11.319
858.395 13.029 14.949 17.169 19.929 23.349 27.609 32.609 38.319 44.659 51.429
877.685 58.199 64.639 70.999 76.339 80.159 82.679 83.749 83.289 81.319 78.309
896.975 74.959 71.709 67.939 63.409 58.659 54.129 49.929 45.509 41.059 36.699
916.265 32.179 28.179 24.709 21.309 18.099 15.419 12.989 11.099 9.879 9.079
935.555 8.569 8.439 9.349 10.999 13.199 16.329 20.419 24.749 28.689 31.699
954.844 33.059 32.719 30.839 27.439 23.439 19.599 16.429 13.949 11.779 10.369
974.134 9.219 8.079 7.519 7.039 6.509 6.119 5.779 5.519 5.299 5.139
993.424 4.979 4.999 5.099 5.039 5.009 4.959 4.929 4.779 4.569 4.269
1012.714 3.879 3.599 3.329 3.299 3.149 2.749 2.769 2.529 2.039 2.229
1032.003 2.129 2.009 2.339 2.389 2.529 2.319 2.069 2.339 2.449 2.279
1051.293 2.339 2.379 2.199 2.329 2.679 2.749 2.769 2.629 2.239 2.429
1070.583 2.929 3.559 4.389 5.119 6.119 7.629 9.649 12.549 16.439 21.189
1089.873 26.069 29.749 31.579 31.779 30.209 26.589 21.209 16.169 12.469 10.149
1109.163 8.659 7.509 6.819 6.839 7.559 8.329 9.369 10.369 11.479 12.689
1128.452 13.679 14.809 15.009 14.389 13.999 12.859 11.249 9.949 8.169 6.539
1147.742 5.489 4.659 4.289 4.049 3.449 2.829 2.759 2.789 2.539 2.439
1167.032 2.609 2.639 2.839 3.129 3.199 3.549 3.969 4.229 4.569 5.049
1186.322 5.339 5.819 6.579 7.029 7.279 7.159 6.879 6.539 6.019 5.449
1205.611 4.919 4.789 5.089 5.119 5.029 4.899 4.729 4.829 5.119 5.269
1224.901 5.429 6.029 6.229 6.219 6.739 6.929 7.009 7.889 9.009 9.919
1244.191 11.039 12.449 13.969 15.539 17.149 19.079 21.329 23.299 25.159 27.199
1263.481 29.479 31.829 33.749 34.879 35.149 34.419 33.279 31.829 30.309 29.129
1282.771 28.539 28.729 29.379 30.319 31.299 31.739 31.769 31.449 30.639 29.449
1302.060 27.959 26.369 24.899 24.049 24.129 25.119 26.919 29.639 33.379 38.259
1321.350 44.229 51.409 59.659 68.769 78.739 89.519 101.369 114.989 132.089 154.469
1340.640 183.489 218.559 256.289 290.319 314.009 323.649 316.669 291.789 252.309 206.919
1359.930 164.349 128.889 101.199 80.819 66.109 55.469 47.779 42.149 37.829 34.489
1379.219 31.879 29.899 28.449 27.299 26.339 25.539 24.819 24.079 23.189 22.159
1398.509 21.059 20.019 19.029 18.119 17.479 16.879 16.269 15.669 15.139 14.599
1417.799 14.139 13.829 13.549 13.359 13.289 13.439 13.889 14.539 15.379 16.309
1437.089 17.179 17.749 18.119 18.359 18.319 18.119 17.979 18.059 18.389 18.929
1456.378 19.729 20.709 22.179 24.319 27.159 31.059 36.019 42.139 49.459 57.869
1475.668 66.379 74.549 81.549 86.989 90.029 90.079 86.999 81.189 73.349 64.699
1494.958 56.049 48.179 42.149 38.049 35.749 34.839 35.019 36.079 38.099 41.349
1514.248 45.809 51.579 58.999 67.939 78.939 90.889 103.999 117.689 131.019 142.979
1533.538 152.549 159.119 162.009 161.659 158.919 154.089 146.749 137.759 128.579 119.789
1552.827 112.319 105.629 99.969 95.059 90.729 87.169 83.949 81.449 80.339 80.809
1572.117 83.019 86.759 91.919 97.949 104.049 109.609 113.629 115.619 114.959 111.549
1591.407 105.599 97.749 89.199 81.099 74.139 68.699 64.739 61.749 59.099 56.129
1610.697 52.679 48.449 43.669 38.469 33.139 28.249 23.909 20.359 17.639 15.569
1629.986 13.909 12.679 11.789 11.049 10.539 10.049 9.659 9.559 9.449 9.369
1649.276 9.239 9.209 9.239 9.179 9.059 8.839 8.529 8.129 7.609 7.069
1668.566 6.509 5.929 5.419 5.069 4.799 4.579 4.479 4.419 4.399 4.449
1687.856 4.539 4.709 4.899 5.109 5.309 5.399 5.429 5.439 5.429 5.249
1707.146 4.989 4.709 4.449 4.249 4.109 4.109 4.099 4.129 4.119 4.109
1726.435 4.159 4.279 4.369 4.329 4.339 4.399 4.499 4.499 4.419 4.429
1745.725 4.519 4.569 4.599 4.699 4.779 4.819 4.989 5.179 5.249 5.409
1765.015 5.579 5.699 5.879 6.109 6.379 6.549 6.749 6.949 6.979 6.929
1784.305 6.959 7.109 7.139 7.149 7.149 7.109 7.029 6.859 6.649 6.429
1803.594 6.209 5.989 5.819 5.689 5.619 5.609 5.669 5.739 5.939 6.199
1822.884 6.439 6.739 7.049 7.419 7.849 8.259 8.619 8.919 9.169 9.339
1842.174 9.549 9.709 9.639 9.519 9.389 9.289 9.169 9.029 8.989 9.009
1861.464 9.019 9.099 9.159 9.249 9.439 9.639 9.829 10.089 10.469 10.869
1880.754 11.329 11.859 12.539 13.269 14.019 14.859 15.739 16.729 17.719 18.679
1900.043 19.639 20.569 21.439 22.269 23.059 23.669 24.129 24.609 25.139 25.789
1919.333 26.609 27.549 28.629 29.909 31.389 33.019 34.839 36.929 39.329 41.889
1938.623 44.609 47.729 51.079 54.529 58.289 62.229 66.349 70.479 74.669 79.049
1957.913 83.519 88.179 93.159 98.439 103.959 109.999 116.619 123.659 131.149 138.989
1977.202 147.209 155.999 165.279 175.059 185.339 196.019 207.169 218.749 230.729 243.029
1996.492 255.799 268.819 282.019 295.489 309.049 323.009 337.239 351.869 367.469 384.409
2015.782 402.889 423.269 445.869 471.089 498.899 528.929 560.069 590.029 615.909 634.169
2035.072 643.089 642.849 634.789 620.919 603.199 585.309 568.939 555.359 545.379 539.189
2054.362 537.099 537.879 539.959 542.059 543.299 542.649 539.349 533.489 525.719 516.599
2073.651 506.789 496.729 485.849 473.599 459.119 441.989 422.309 400.029 376.039 351.639
2092.941 327.389 304.029 282.489 263.159 246.129 231.459 219.169 209.069 200.979 194.769
2112.231 190.139 186.859 184.779 183.739 183.419 183.569 183.789 183.839 183.469 182.279
2131.521 180.019 176.389 171.499 165.639 158.919 151.309 143.009 134.309 125.379 116.329
2150.810 107.319 98.499 90.029 82.049 74.709 68.209 62.339 57.089 52.619 48.909
2170.100 45.739 42.899 40.419 38.389 36.609 35.059 33.789 32.609 31.649 30.859
2189.390 30.089 29.419 28.969 28.789 28.629 28.629 28.869 29.149 29.419 29.729
2208.680 30.009 29.969 29.689 29.219 28.349 27.169 25.639 23.799 21.879 19.879
2227.970 17.899 16.069 14.469 13.079 11.759 10.619 9.789 9.109 8.509 8.009
2247.259 7.539 7.099 6.759 6.549 6.339 6.079 5.889 5.669 5.489 5.449
2266.549 5.419 5.329 5.169 5.069 5.069 5.049 4.989 4.899 4.879 4.889
2285.839 4.869 4.769 4.679 4.569 4.509 4.469 4.409 4.429 4.359 4.269
2305.129 4.209 4.239 4.279 4.249 4.229 4.239 4.279 4.339 4.409 4.539
2324.418 4.669 4.719 4.939 5.229 5.439 5.659 5.829 6.069 6.379 6.639
2343.708 6.859 7.169 7.429 7.559 7.749 7.879 7.869 7.809 7.639 7.449
2362.998 7.229 6.959 6.679 6.469 6.309 6.139 6.019 5.909 5.779 5.749
2382.288 5.679 5.489 5.299 5.149 4.949 4.849 4.819 4.689 4.569 4.479
2401.578 4.319 4.139 4.039 4.009 3.999 3.919 3.809 3.769 3.709 3.659
2420.867 3.649 3.569 3.519 3.549 3.599 3.739 3.819 3.799 3.919 4.089
2440.157 4.239 4.349 4.479 4.529 4.549 4.639 4.669 4.639 4.599 4.619
2459.447 4.679 4.589 4.429 4.209 4.149 4.099 3.939 3.939 3.959 3.919
2478.737 3.869 3.849 3.919 4.019 4.069 4.209 4.389 4.509 4.669 4.919
2498.026 5.159 5.319 5.509 5.859 6.179 6.419 6.599 6.809 6.949 7.039
2517.316 7.179 7.229 7.279 7.269 7.239 7.249 7.279 7.239 7.139 7.159
2536.606 7.189 7.189 7.099 6.939 6.879 6.859 6.799 6.709 6.589 6.449
2555.896 6.339 6.179 6.009 5.909 5.819 5.709 5.629 5.549 5.489 5.529
2575.186 5.589 5.619 5.809 6.099 6.269 6.459 6.629 6.749 7.019 7.209
2594.475 7.329 7.459 7.599 7.659 7.699 7.829 7.949 8.059 8.209 8.329
2613.765 8.479 8.479 8.449 8.619 8.749 8.849 8.889 8.919 8.929 8.999
2633.055 9.139 9.099 9.139 9.229 9.149 9.009 8.979 8.839 8.519 8.269
2652.345 8.029 7.689 7.259 6.809 6.449 6.139 5.859 5.719 5.589 5.389
2671.634 5.229 5.229 5.249 5.099 4.979 5.009 5.099 5.109 5.179 5.219
2690.924 5.159 5.119 5.099 5.069 5.019 4.929 4.729 4.579 4.509 4.399
2710.214 4.249 4.179 4.149 4.119 4.149 4.119 4.159 4.309 4.419 4.429
2729.504 4.459 4.529 4.699 4.759 4.749 4.759 4.599 4.459 4.419 4.379
2748.794 4.269 4.179 4.069 3.909 3.829 3.709 3.559 3.519 3.469 3.329
2768.083 3.219 3.169 3.149 2.959 2.789 2.759 2.669 2.579 2.589 2.589
2787.373 2.539 2.519 2.459 2.439 2.339 2.309 2.369 2.319 2.259 2.299
2806.663 2.339 2.259 2.369 2.559 2.559 2.549 2.539 2.609 2.759 2.769
2825.953 2.819 2.889 2.839 2.919 3.139 3.249 3.309 3.479 3.609 3.699
2845.242 3.929 4.129 4.259 4.409 4.539 4.819 5.229 5.499 5.699 6.019
2864.532 6.349 6.619 6.809 6.959 7.129 7.239 7.309 7.309 7.229 7.309
2883.822 7.309 7.169 7.199 7.059 6.919 6.959 7.019 7.049 7.129 7.189
2903.112 7.149 7.049 7.069 7.149 7.289 7.539 7.719 7.899 8.129 8.469
2922.401 9.079 9.739 10.329 11.029 11.749 12.559 13.169 13.499 13.699 13.689
2941.691 13.499 13.109 12.549 11.949 11.299 10.669 10.229 10.049 9.859 9.549
2960.981 9.409 9.519 9.629 9.579 9.649 9.539 9.179 9.029 9.029 9.059
2980.271 9.109 9.169 9.289 9.489 9.809 10.089 10.269 10.329 10.309 10.109
2999.561 9.599 8.969 8.319 7.689 7.049 6.449 6.009 5.589 5.099 4.829
3018.850 4.619 4.569 4.529 4.279 4.169 4.239 4.299 4.409 4.449 4.369
3038.140 4.399 4.449 4.429 4.399 4.449 4.629 4.559 4.459 4.459 4.299
3057.430 4.279 4.289 4.289 4.419 4.569 4.869 5.139 5.389 5.819 6.189
3076.720 6.379 6.389 6.159 5.899 5.439 4.749 4.289 4.139 3.969 3.869
3096.009 3.779 3.779 3.799 3.469 3.159 2.929 2.579 2.229 1.989 1.819
3115.299 1.619 1.469 1.3681 1.2066 1.1599 1.0421 0.9416 0.9295 0.8851 0.8929
3134.589 0.8093 0.6532 0.6256 0.6398 0.5984 0.5321 0.41568 0.3722 0.48766 0.5924
3153.879 0.6049 0.5504 0.5413 0.5684 0.6458 0.5722 0.47398 0.50971 0.49574 0.5426
3173.169 0.48024 0.4057 0.428905 0.423468 0.47959 0.592 0.6668 0.5837 0.48123 0.5186
3192.458 0.6115 0.7081 0.6797 0.6293 0.7225 0.6862 0.51698 0.50076 0.41653 0.4033
3211.748 0.419816 0.3569 0.3818 0.45094 0.575 0.6341 0.46306 0.47738 0.5524 0.45688
3231.038 0.41223 0.3202 0.317 0.195 0.1 0.138 0.175 0.239 0.256 0.136
3250.328 0.132 0.232 0.163 0.183 0.161 0.079 0.049 0.122 0.15 0.136
3269.617 0.191 0.109 0 0.043 0.206 0.225 0.115 0.115 0.138 0.107
3288.907 0.05 0.176 0.269 0.269 0.3419 0.306 0.216 0.205 0.133 0.022
3308.197 0.054 0.116 0.277 0.161 0.017 0.079 0.1 0.074 0.008 0.065
3327.487 0.185 0.274 0.241 0.092 0.173 0.3727 0.281 0.24 0.225 0.317
3346.777 0.3554 0.179 0.119 0.211 0.282 0.22 0.179 0.116 0.219 0.265
3366.066 0.185 0.213 0.136 0.161 0.256 0.279 0.3817 0.418918 0.3348 0.3762
3385.356 0.3334 0.301 0.3742 0.3339 0.298 0.3372 0.428264 0.40944 0.43622 0.5276
3404.646 0.50389 0.45442 0.5213 0.5737 0.50561 0.44379 0.4842 0.5312 0.425246 0.42988
3423.936 0.50473 0.601 0.6802 0.6353 0.48319 0.48688 0.46622 0.44164 0.50521 0.3567
3443.225 0.3323 0.44688 0.45552 0.4024 0.314 0.117 0.093 0.222 0.282 0.291
3462.515 0.295 0.427738 0.48188 0.3537 0.3348 0.315 0.3311 0.5782 0.6013 0.47962
3481.805 0.3468 0.22 0.3369 0.3226 0.3913 0.5937 0.5558 0.6284 0.7149 0.6923
3501.095 0.5563 0.45273 0.4677 0.281 0.29 0.44394 0.48369 0.48026 0.47773 0.50659
3520.385 0.48184 0.5345 0.47353 0.4122 0.47537 0.5221 0.49966 0.3769 0.4592 0.45251
3539.674 0.3445 0.3808 0.296 0.271 0.3973 0.5921 0.6681 0.5454 0.5322 0.487
3558.964 0.4004 0.3261 0.276 0.352 0.3947 0.44771 0.48586 0.49779 0.45562 0.3255
3578.254 0.26 0.3658 0.3631 0.3439 0.3382 0.3423 0.3749 0.3279 0.3539 0.3629
3597.544 0.3695 0.422794 0.41216 0.3918 0.3992 0.266 0.258 0.275 0.316 0.43847
3616.833 0.3559 0.3631 0.46755 0.3822 0.3939 0.5466 0.5915 0.50156 0.5358 0.48271
3636.123 0.3216 0.4071 0.317 0.231 0.277 0.44603 0.6442 0.5918 0.6031 0.7419
3655.413 0.5429 0.3667 0.5908 0.5735 0.51489 0.50561 0.52 0.6296 0.6054 0.5245
3674.703 0.5223 0.5829 0.5988 0.6398 0.7383 0.5201 0.3811 0.5975 0.7228 0.5438
3693.993 0.3731 0.3911 0.3746 0.3807 0.44352 0.5648 0.6005 0.51027 0.4407 0.5975
3713.282 0.6365 0.5657 0.5745 0.5558 0.6686 0.6632 0.49427 0.48741 0.4657 0.41919
3732.572 0.51118 0.51198 0.50737 0.5761 0.5945 0.7448 0.6996 0.6577 0.7927 0.7724
3751.862 0.8398 0.7826 0.6378 0.5875 0.47218 0.44784 0.571 0.664 0.6632 0.6932
3771.152 0.7044 0.7043 0.6721 0.51261 0.49168 0.51112 0.4889 0.576 0.6642 0.50726
3790.441 0.3611 0.5822 0.8706 0.7915 0.45105 0.51797 0.8504 0.7954 0.6997 0.7291
3809.731 0.7047 0.7383 0.7564 0.787 0.7061 0.8151 0.8809 0.6405 0.8253 1.0256
3829.021 0.8894 0.8458 0.9825 0.9714 0.6838 0.5621 0.7175 0.8682 0.909 0.8472
3848.311 0.7995 0.9068 0.8875 0.6963 0.7877 0.8867 0.8291 0.7391 0.9102 0.9871
3867.601 0.8709 0.9688 1.042 1.0796 1.1561 1.1936 1.2445 1.2857 1.0352 0.9553
3886.890 1.1487 1.0721 1.1863 1.2762 1.0277 1.0978 1.2211 1.3813 1.469 1.3735
3906.180 1.2911 1.479 1.669 1.539 1.3426 1.3509 1.429 1.529 1.599 1.569
3925.470 1.649 1.699 1.649 1.599 1.539 1.529 1.569 1.559 1.599 1.669
3944.760 1.719 1.659 1.599 1.639 1.739 1.729 1.679 1.599 1.489 1.599
3964.049 1.779 1.949 2.009 1.899 1.929 1.869 1.949 2.199 2.169 2.249
3983.339 2.339 2.329 2.369 2.469 2.569 2.409 2.249 2.299 2.339 2.329
##END=
