##TITLE=Cycloandrostan-6,17-dione, 3Alpha,5Alpha-,
##JCAMP-DX=4.24
##DATA TYPE=INFRARED SPECTRUM
##CLASS=COBLENTZ
##ORIGIN=ABBOTT LABORATORIES
##OWNER=Copyright (C) 1987 by the Coblentz Society
Collection (C) 2018 copyright by the U.S. Secretary of Commerce
on behalf of the United States of America. All rights reserved.
##DATE=1964/08/20
##NAMES=3a,5a-dimethyltetradecahydrocyclopenta[a]cyclopropa[2,3]cyclopenta[1,2-f]naphthalene-6,10-dione
##CAS REGISTRY NO=13713-90-1
##MOLFORM=C19 H26 O2
##SOURCE REFERENCE=COBLENTZ NO. 5254
##$NIST SOURCE=COBLENTZ
##$NIST IMAGE=cob5254
##SPECTROMETER/DATA SYSTEM=PERKIN-ELMER 421 (GRATING)
$$ INACTIVE (CHCl3) AROUND 650-800 AND 1200-1250 CM^-^
##INSTRUMENT PARAMETERS=GRATING CHANGE AT 1999 CM^-^
##STATE=SOLUTION 7% (CHCl3 FOR 2.5-12.5 microns) VS SOLVENT
##PATH LENGTH=0.01 CM
##RESOLUTION=2
##XUNITS=1/CM
##YUNITS=TRANSMITTANCE
##XFACTOR=1.0
##YFACTOR=1
##FIRSTX=795
##LASTX=4000
##FIRSTY=0.9089
##MAXX=4000
##MINX=795
##MAXY=0.9346
##MINY=0.1028
##NPOINTS=3206
##XYDATA=(X++(Y..Y))
795.000000 0.9089 0.9079 0.9050 0.9003 0.8956
800.000000 0.8922 0.8894 0.8883 0.8863 0.8848
805.000000 0.8846 0.8851 0.8863 0.8883 0.8904
810.000000 0.8925 0.8944 0.8960 0.8974 0.8981
815.000000 0.8987 0.8991 0.8994 0.8995 0.8996
820.000000 0.8997 0.8995 0.8994 0.8992 0.8991
825.000000 0.8989 0.8983 0.8976 0.8969 0.8963
830.000000 0.8945 0.8922 0.8899 0.8873 0.8860
835.000000 0.8852 0.8853 0.8867 0.8899 0.9061
840.000000 0.9161 0.9265 0.9294 0.9319 0.9337
845.000000 0.9344 0.9338 0.9346 0.9340 0.9323
850.000000 0.9294 0.9266 0.9237 0.9207 0.9164
855.000000 0.9120 0.9019 0.8879 0.8740 0.8600
860.000000 0.8461 0.8321 0.8182 0.8042 0.7903
865.000000 0.7781 0.7717 0.7679 0.7672 0.7702
870.000000 0.7738 0.7822 0.7905 0.7988 0.8072
875.000000 0.8155 0.8227 0.8304 0.8373 0.8484
880.000000 0.8626 0.8768 0.8907 0.8920 0.8932
885.000000 0.8938 0.8936 0.8924 0.8905 0.8855
890.000000 0.8763 0.8671 0.8579 0.8487 0.8395
895.000000 0.8303 0.8211 0.8217 0.8247 0.8283
900.000000 0.8404 0.8526 0.8647 0.8768 0.8835
905.000000 0.8827 0.8809 0.8779 0.8736 0.8694
910.000000 0.8652 0.8610 0.8568 0.8526 0.8484
915.000000 0.8442 0.8400 0.8372 0.8401 0.8517
920.000000 0.8676 0.8834 0.8955 0.9011 0.9052
925.000000 0.9080 0.9104 0.9126 0.9137 0.9148
930.000000 0.9156 0.9156 0.9167 0.9156 0.9141
935.000000 0.9117 0.9097 0.9079 0.9061 0.9043
940.000000 0.9028 0.9018 0.9008 0.9001 0.8996
945.000000 0.8990 0.8985 0.8980 0.8975 0.8969
950.000000 0.8964 0.8959 0.8954 0.8949 0.8944
955.000000 0.8931 0.8845 0.8762 0.8680 0.8616
960.000000 0.8561 0.8508 0.8461 0.8429 0.8399
965.000000 0.8375 0.8351 0.8387 0.8431 0.8475
970.000000 0.8520 0.8516 0.8506 0.8495 0.8479
975.000000 0.8455 0.8429 0.8400 0.8372 0.8350
980.000000 0.8330 0.8312 0.8294 0.8280 0.8273
985.000000 0.8266 0.8258 0.8253 0.8230 0.8206
990.000000 0.8170 0.8123 0.8051 0.7970 0.7845
995.000000 0.7595 0.7344 0.7094 0.6844 0.6593
1000.000000 0.6343 0.6093 0.6034 0.6034 0.6042
1005.000000 0.6034 0.6297 0.6624 0.6952 0.7279
1010.000000 0.7606 0.7679 0.7711 0.7726 0.7740
1015.000000 0.7751 0.7758 0.7765 0.7765 0.7776
1020.000000 0.7740 0.7691 0.7658 0.7620 0.7583
1025.000000 0.7536 0.7509 0.7510 0.7525 0.7566
1030.000000 0.7608 0.7649 0.7691 0.7696 0.7682
1035.000000 0.7516 0.7351 0.7185 0.7019 0.6847
1040.000000 0.6762 0.6704 0.6633 0.6537 0.6429
1045.000000 0.6330 0.6250 0.6182 0.6091 0.6046
1050.000000 0.6028 0.6028 0.6053 0.6031 0.6249
1055.000000 0.6526 0.6803 0.7081 0.7121 0.7153
1060.000000 0.7167 0.7173 0.7179 0.7185 0.7191
1065.000000 0.7197 0.7207 0.7216 0.7247 0.7316
1070.000000 0.7362 0.7402 0.7414 0.7416 0.7391
1075.000000 0.7403 0.7394 0.7360 0.7299 0.7147
1080.000000 0.6945 0.6743 0.6541 0.6339 0.6137
1085.000000 0.5935 0.5821 0.5846 0.5834 0.6067
1090.000000 0.6319 0.6572 0.6824 0.7077 0.7329
1095.000000 0.7581 0.7757 0.7739 0.7752 0.7745
1100.000000 0.7727 0.7706 0.7682 0.7652 0.7623
1105.000000 0.7594 0.7574 0.7554 0.7544 0.7535
1110.000000 0.7526 0.7519 0.7514 0.7509 0.7498
1115.000000 0.7473 0.7426 0.7390 0.7354 0.7317
1120.000000 0.7280 0.7245 0.7213 0.7181 0.7128
1125.000000 0.6946 0.6764 0.6734 0.6769 0.6740
1130.000000 0.6836 0.6936 0.7036 0.7103 0.7152
1135.000000 0.7188 0.7224 0.7255 0.7286 0.7310
1140.000000 0.7317 0.7323 0.7333 0.7319 0.7312
1145.000000 0.7273 0.7006 0.6738 0.6471 0.6203
1150.000000 0.5936 0.5669 0.5401 0.5134 0.4866
1155.000000 0.4599 0.4373 0.4375 0.4395 0.4387
1160.000000 0.4712 0.5301 0.5890 0.6372 0.6852
1165.000000 0.7047 0.7253 0.7508 0.7781 0.7925
1170.000000 0.8035 0.8091 0.8135 0.8178 0.8220
1175.000000 0.8246 0.8271 0.8297 0.8315 0.8326
1180.000000 0.8337 0.8348 0.8358 0.8365 0.8372
1185.000000 0.8379 0.8407 0.8358 0.8317 0.8234
1190.000000 0.8143 0.8048 0.7956 0.7868 0.7783
1195.000000 0.7627 0.7471 0.7315 0.7159 0.7003
1200.000000 0.6848 0.6692 0.6536 0.6383 0.6318
1205.000000 0.6269 0.6248 0.6226 0.6208 0.6201
1210.000000 0.6194 0.6187 0.6180 0.6177 0.6176
1215.000000 0.6175 0.6174 0.6173 0.6172 0.6171
1220.000000 0.6170 0.6169 0.6168 0.6167 0.6166
1225.000000 0.6163 0.6153 0.6142 0.6134 0.6129
1230.000000 0.6124 0.6118 0.6113 0.6108 0.6120
1235.000000 0.6132 0.6144 0.6161 0.6188 0.6214
1240.000000 0.6255 0.6300 0.6351 0.6425 0.6901
1245.000000 0.7041 0.7130 0.7155 0.7165 0.7175
1250.000000 0.7181 0.7187 0.7192 0.7198 0.7203
1255.000000 0.7210 0.7223 0.7237 0.7251 0.7265
1260.000000 0.7278 0.7299 0.7323 0.7347 0.7371
1265.000000 0.7392 0.7410 0.7427 0.7424 0.7417
1270.000000 0.7407 0.7397 0.7372 0.7343 0.7277
1275.000000 0.7189 0.7088 0.6983 0.6902 0.6828
1280.000000 0.6762 0.6710 0.6663 0.6511 0.6265
1285.000000 0.6020 0.5775 0.5530 0.5284 0.5039
1290.000000 0.4794 0.4548 0.4303 0.4058 0.3872
1295.000000 0.3904 0.3874 0.3880 0.4070 0.4747
1300.000000 0.5424 0.6100 0.6706 0.6728 0.6750
1305.000000 0.6690 0.6624 0.6558 0.6491 0.6425
1310.000000 0.6358 0.6338 0.6456 0.6871 0.6877
1315.000000 0.6884 0.6895 0.6904 0.6914 0.6930
1320.000000 0.6965 0.7034 0.7178 0.7321 0.7465
1325.000000 0.7608 0.7751 0.7895 0.8025 0.8043
1330.000000 0.8047 0.8039 0.8029 0.8013 0.7989
1335.000000 0.7836 0.7678 0.7521 0.7363 0.7206
1340.000000 0.7052 0.7067 0.7069 0.7109 0.7390
1345.000000 0.7552 0.7551 0.7549 0.7545 0.7531
1350.000000 0.7519 0.7492 0.7476 0.7458 0.7435
1355.000000 0.7416 0.7397 0.7361 0.7230 0.6786
1360.000000 0.6341 0.5897 0.5453 0.5009 0.4565
1365.000000 0.4357 0.4302 0.4251 0.4233 0.4229
1370.000000 0.4249 0.4238 0.4251 0.4286 0.4419
1375.000000 0.4513 0.4966 0.5420 0.5874 0.6331
1380.000000 0.6410 0.6488 0.6555 0.6622 0.6779
1385.000000 0.6940 0.7101 0.7261 0.7422 0.7582
1390.000000 0.7743 0.7784 0.7800 0.7816 0.7830
1395.000000 0.7684 0.7500 0.7316 0.7131 0.6947
1400.000000 0.6763 0.6579 0.6555 0.6582 0.6661
1405.000000 0.6761 0.6861 0.6960 0.7060 0.7160
1410.000000 0.7260 0.7360 0.7460 0.7560 0.7660
1415.000000 0.7760 0.7821 0.7834 0.7872 0.7843
1420.000000 0.7830 0.7759 0.7688 0.7617 0.7546
1425.000000 0.7475 0.7405 0.7334 0.7303 0.7324
1430.000000 0.7316 0.7330 0.7366 0.7396 0.7430
1435.000000 0.7467 0.7505 0.7543 0.7581 0.7619
1440.000000 0.7641 0.7623 0.7396 0.7168 0.6940
1445.000000 0.6712 0.6484 0.6256 0.6028 0.5800
1450.000000 0.5768 0.5736 0.5777 0.6002 0.6226
1455.000000 0.6451 0.6631 0.6805 0.6837 0.6828
1460.000000 0.6755 0.6681 0.6608 0.6535 0.6506
1465.000000 0.6511 0.6519 0.6574 0.6638 0.6681
1470.000000 0.6822 0.7057 0.7292 0.7528 0.7763
1475.000000 0.7998 0.8231 0.8329 0.8552 0.8604
1480.000000 0.8653 0.8692 0.8731 0.8770 0.8789
1485.000000 0.8805 0.8821 0.8837 0.8853 0.8864
1490.000000 0.8875 0.8887 0.8898 0.8909 0.8921
1495.000000 0.8932 0.8942 0.8953 0.8963 0.8973
1500.000000 0.8984 0.8994 0.9004 0.9015 0.9023
1505.000000 0.9030 0.9037 0.9044 0.9052 0.9059
1510.000000 0.9066 0.9071 0.9077 0.9082 0.9088
1515.000000 0.9093 0.9099 0.9104 0.9110 0.9115
1520.000000 0.9119 0.9122 0.9125 0.9129 0.9132
1525.000000 0.9135 0.9138 0.9142 0.9144 0.9148
1530.000000 0.9142 0.9141 0.9140 0.9139 0.9138
1535.000000 0.9137 0.9138 0.9139 0.9140 0.9142
1540.000000 0.9143 0.9144 0.9146 0.9147 0.9148
1545.000000 0.9150 0.9151 0.9153 0.9154 0.9154
1550.000000 0.9154 0.9154 0.9154 0.9150 0.9145
1555.000000 0.9142 0.9139 0.9137 0.9135 0.9131
1560.000000 0.9127 0.9122 0.9118 0.9113 0.9109
1565.000000 0.9104 0.9100 0.9095 0.9091 0.9086
1570.000000 0.9082 0.9077 0.9072 0.9068 0.9063
1575.000000 0.9058 0.9053 0.9048 0.9043 0.9033
1580.000000 0.9023 0.9014 0.9004 0.8995 0.8985
1585.000000 0.8975 0.8965 0.8954 0.8942 0.8931
1590.000000 0.8919 0.8908 0.8896 0.8884 0.8873
1595.000000 0.8861 0.8850 0.8838 0.8826 0.8806
1600.000000 0.8787 0.8767 0.8747 0.8727 0.8708
1605.000000 0.8685 0.8660 0.8636 0.8613 0.8591
1610.000000 0.8568 0.8546 0.8524 0.8501 0.8479
1615.000000 0.8456 0.8431 0.8405 0.8379 0.8353
1620.000000 0.8327 0.8300 0.8274 0.8248 0.8221
1625.000000 0.8186 0.8146 0.8106 0.8067 0.8027
1630.000000 0.7987 0.7912 0.7823 0.7659 0.7455
1635.000000 0.7251 0.7119 0.7094 0.7070 0.7039
1640.000000 0.6988 0.6881 0.6608 0.6520 0.6438
1645.000000 0.6364 0.6335 0.6324 0.6312 0.6302
1650.000000 0.6292 0.6187 0.6078 0.5751 0.5339
1655.000000 0.4927 0.4515 0.4104 0.3692 0.3280
1660.000000 0.2868 0.2456 0.2231 0.2081 0.1749
1665.000000 0.1602 0.1516 0.1472 0.1461 0.1451
1670.000000 0.1443 0.1453 0.1459 0.1478 0.1530
1675.000000 0.1648 0.1782 0.1847 0.1912 0.1970
1680.000000 0.1992 0.2014 0.2047 0.2242 0.2450
1685.000000 0.2964 0.3479 0.3994 0.4509 0.5024
1690.000000 0.5539 0.6054 0.6324 0.6420 0.6551
1695.000000 0.6578 0.6584 0.6587 0.6588 0.6582
1700.000000 0.6578 0.6571 0.6470 0.6329 0.6189
1705.000000 0.6048 0.5907 0.5767 0.5626 0.5485
1710.000000 0.5345 0.5259 0.5019 0.4772 0.4524
1715.000000 0.4277 0.4030 0.3783 0.3536 0.3351
1720.000000 0.3279 0.3135 0.2783 0.1991 0.1244
1725.000000 0.1064 0.1028 0.1028 0.1031 0.1028
1730.000000 0.1077 0.1102 0.1194 0.1432 0.1776
1735.000000 0.2121 0.2465 0.2810 0.3057 0.3129
1740.000000 0.3726 0.4762 0.6402 0.6585 0.6751
1745.000000 0.6932 0.7149 0.7282 0.7408 0.7530
1750.000000 0.7653 0.7770 0.7936 0.8091 0.8211
1755.000000 0.8251 0.8291 0.8330 0.8370 0.8409
1760.000000 0.8443 0.8473 0.8503 0.8533 0.8563
1765.000000 0.8593 0.8623 0.8651 0.8678 0.8706
1770.000000 0.8733 0.8761 0.8788 0.8816 0.8842
1775.000000 0.8866 0.8890 0.8914 0.8934 0.8954
1780.000000 0.8973 0.8993 0.9003 0.9008 0.9013
1785.000000 0.9018 0.9022 0.9027 0.9031 0.9036
1790.000000 0.9040 0.9045 0.9079 0.9054 0.9058
1795.000000 0.9062 0.9065 0.9068 0.9072 0.9075
1800.000000 0.9079 0.9082 0.9083 0.9084 0.9086
1805.000000 0.9087 0.9088 0.9089 0.9091 0.9092
1810.000000 0.9093 0.9094 0.9095 0.9096 0.9096
1815.000000 0.9096 0.9097 0.9097 0.9097 0.9097
1820.000000 0.9097 0.9098 0.9098 0.9098 0.9098
1825.000000 0.9099 0.9099 0.9099 0.9100 0.9100
1830.000000 0.9101 0.9101 0.9101 0.9102 0.9102
1835.000000 0.9102 0.9103 0.9103 0.9104 0.9104
1840.000000 0.9104 0.9105 0.9106 0.9107 0.9108
1845.000000 0.9109 0.9110 0.9111 0.9112 0.9113
1850.000000 0.9114 0.9115 0.9116 0.9117 0.9119
1855.000000 0.9118 0.9118 0.9118 0.9118 0.9118
1860.000000 0.9120 0.9122 0.9123 0.9125 0.9128
1865.000000 0.9131 0.9135 0.9139 0.9141 0.9142
1870.000000 0.9145 0.9148 0.9151 0.9156 0.9160
1875.000000 0.9164 0.9164 0.9164 0.9162 0.9161
1880.000000 0.9159 0.9158 0.9156 0.9156 0.9155
1885.000000 0.9154 0.9153 0.9152 0.9151 0.9150
1890.000000 0.9150 0.9149 0.9148 0.9147 0.9145
1895.000000 0.9144 0.9143 0.9142 0.9141 0.9140
1900.000000 0.9139 0.9138 0.9137 0.9135 0.9134
1905.000000 0.9133 0.9131 0.9130 0.9129 0.9127
1910.000000 0.9126 0.9124 0.9123 0.9123 0.9124
1915.000000 0.9125 0.9125 0.9126 0.9127 0.9128
1920.000000 0.9129 0.9131 0.9134 0.9138 0.9141
1925.000000 0.9144 0.9147 0.9150 0.9151 0.9151
1930.000000 0.9152 0.9152 0.9153 0.9153 0.9153
1935.000000 0.9153 0.9153 0.9152 0.9152 0.9151
1940.000000 0.9151 0.9150 0.9150 0.9149 0.9149
1945.000000 0.9149 0.9148 0.9148 0.9148 0.9147
1950.000000 0.9147 0.9147 0.9146 0.9146 0.9145
1955.000000 0.9144 0.9142 0.9141 0.9139 0.9137
1960.000000 0.9136 0.9134 0.9132 0.9130 0.9129
1965.000000 0.9127 0.9126 0.9125 0.9125 0.9124
1970.000000 0.9123 0.9123 0.9122 0.9121 0.9121
1975.000000 0.9120 0.9119 0.9118 0.9117 0.9116
1980.000000 0.9115 0.9114 0.9113 0.9112 0.9111
1985.000000 0.9111 0.9111 0.9111 0.9111 0.9073
1990.000000 0.9024 0.8975 0.8926 0.8877 0.8859
1995.000000 0.8848 0.8840 0.8835 0.8831 0.8828
2000.000000 0.8825 0.8821 0.8818 0.8815 0.8812
2005.000000 0.8809 0.8805 0.8803 0.8801 0.8800
2010.000000 0.8798 0.8797 0.8795 0.8794 0.8792
2015.000000 0.8790 0.8789 0.8787 0.8786 0.8786
2020.000000 0.8787 0.8788 0.8789 0.8790 0.8791
2025.000000 0.8792 0.8793 0.8794 0.8795 0.8796
2030.000000 0.8798 0.8799 0.8800 0.8801 0.8802
2035.000000 0.8804 0.8805 0.8806 0.8805 0.8804
2040.000000 0.8804 0.8803 0.8803 0.8802 0.8802
2045.000000 0.8801 0.8800 0.8800 0.8799 0.8799
2050.000000 0.8798 0.8798 0.8798 0.8798 0.8798
2055.000000 0.8798 0.8799 0.8799 0.8799 0.8799
2060.000000 0.8799 0.8799 0.8799 0.8800 0.8800
2065.000000 0.8800 0.8800 0.8800 0.8800 0.8800
2070.000000 0.8800 0.8800 0.8800 0.8800 0.8800
2075.000000 0.8800 0.8800 0.8800 0.8800 0.8800
2080.000000 0.8800 0.8800 0.8800 0.8800 0.8799
2085.000000 0.8799 0.8799 0.8799 0.8798 0.8797
2090.000000 0.8797 0.8796 0.8795 0.8794 0.8793
2095.000000 0.8792 0.8791 0.8791 0.8790 0.8789
2100.000000 0.8788 0.8787 0.8786 0.8785 0.8784
2105.000000 0.8784 0.8783 0.8783 0.8783 0.8782
2110.000000 0.8782 0.8782 0.8781 0.8781 0.8781
2115.000000 0.8780 0.8780 0.8780 0.8779 0.8779
2120.000000 0.8778 0.8778 0.8778 0.8777 0.8777
2125.000000 0.8777 0.8776 0.8776 0.8776 0.8775
2130.000000 0.8775 0.8775 0.8775 0.8775 0.8775
2135.000000 0.8775 0.8775 0.8775 0.8775 0.8775
2140.000000 0.8775 0.8775 0.8775 0.8775 0.8774
2145.000000 0.8774 0.8774 0.8774 0.8774 0.8775
2150.000000 0.8775 0.8775 0.8776 0.8776 0.8777
2155.000000 0.8777 0.8778 0.8778 0.8779 0.8779
2160.000000 0.8779 0.8780 0.8780 0.8781 0.8784
2165.000000 0.8787 0.8789 0.8792 0.8795 0.8797
2170.000000 0.8800 0.8802 0.8805 0.8808 0.8810
2175.000000 0.8813 0.8816 0.8816 0.8816 0.8816
2180.000000 0.8816 0.8816 0.8815 0.8815 0.8815
2185.000000 0.8815 0.8815 0.8815 0.8815 0.8814
2190.000000 0.8813 0.8811 0.8810 0.8808 0.8807
2195.000000 0.8805 0.8804 0.8802 0.8800 0.8799
2200.000000 0.8797 0.8797 0.8797 0.8797 0.8797
2205.000000 0.8797 0.8798 0.8798 0.8798 0.8798
2210.000000 0.8798 0.8798 0.8799 0.8799 0.8799
2215.000000 0.8799 0.8799 0.8798 0.8797 0.8797
2220.000000 0.8796 0.8795 0.8794 0.8794 0.8793
2225.000000 0.8792 0.8792 0.8791 0.8790 0.8789
2230.000000 0.8789 0.8788 0.8787 0.8787 0.8786
2235.000000 0.8786 0.8786 0.8785 0.8785 0.8784
2240.000000 0.8784 0.8783 0.8784 0.8784 0.8785
2245.000000 0.8785 0.8786 0.8786 0.8787 0.8787
2250.000000 0.8788 0.8788 0.8789 0.8789 0.8790
2255.000000 0.8793 0.8796 0.8805 0.8815 0.8816
2260.000000 0.8818 0.8818 0.8818 0.8817 0.8817
2265.000000 0.8816 0.8816 0.8815 0.8815 0.8815
2270.000000 0.8814 0.8814 0.8814 0.8814 0.8814
2275.000000 0.8814 0.8814 0.8814 0.8814 0.8815
2280.000000 0.8816 0.8817 0.8818 0.8820 0.8821
2285.000000 0.8822 0.8823 0.8824 0.8826 0.8827
2290.000000 0.8829 0.8831 0.8832 0.8834 0.8835
2295.000000 0.8837 0.8840 0.8843 0.8847 0.8851
2300.000000 0.8854 0.8858 0.8862 0.8865 0.8869
2305.000000 0.8872 0.8874 0.8877 0.8879 0.8882
2310.000000 0.8884 0.8887 0.8889 0.8892 0.8894
2315.000000 0.8897 0.8899 0.8902 0.8904 0.8907
2320.000000 0.8909 0.8910 0.8911 0.8911 0.8912
2325.000000 0.8913 0.8914 0.8915 0.8916 0.8917
2330.000000 0.8918 0.8919 0.8919 0.8919 0.8919
2335.000000 0.8918 0.8918 0.8918 0.8918 0.8918
2340.000000 0.8918 0.8918 0.8918 0.8918 0.8919
2345.000000 0.8920 0.8922 0.8924 0.8925 0.8927
2350.000000 0.8929 0.8930 0.8932 0.8934 0.8936
2355.000000 0.8937 0.8939 0.8941 0.8942 0.8945
2360.000000 0.8948 0.8950 0.8953 0.8956 0.8959
2365.000000 0.8961 0.8964 0.8967 0.8970 0.8972
2370.000000 0.8976 0.8982 0.8988 0.8994 0.9000
2375.000000 0.9006 0.9011 0.9017 0.9022 0.9023
2380.000000 0.9021 0.9019 0.9017 0.9015 0.9013
2385.000000 0.9006 0.8999 0.8992 0.8983 0.8969
2390.000000 0.8955 0.8942 0.8929 0.8911 0.8892
2395.000000 0.8874 0.8855 0.8837 0.8819 0.8800
2400.000000 0.8782 0.8771 0.8763 0.8755 0.8747
2405.000000 0.8739 0.8732 0.8724 0.8717 0.8705
2410.000000 0.8692 0.8681 0.8675 0.8669 0.8662
2415.000000 0.8656 0.8650 0.8645 0.8641 0.8636
2420.000000 0.8632 0.8628 0.8624 0.8620 0.8616
2425.000000 0.8612 0.8609 0.8607 0.8604 0.8601
2430.000000 0.8598 0.8595 0.8592 0.8589 0.8586
2435.000000 0.8584 0.8583 0.8582 0.8580 0.8579
2440.000000 0.8577 0.8576 0.8575 0.8573 0.8572
2445.000000 0.8570 0.8570 0.8570 0.8570 0.8570
2450.000000 0.8570 0.8570 0.8570 0.8570 0.8570
2455.000000 0.8570 0.8570 0.8570 0.8569 0.8568
2460.000000 0.8566 0.8564 0.8562 0.8560 0.8559
2465.000000 0.8557 0.8555 0.8549 0.8542 0.8536
2470.000000 0.8530 0.8516 0.8501 0.8487 0.8472
2475.000000 0.8458 0.8442 0.8422 0.8401 0.8381
2480.000000 0.8370 0.8365 0.8359 0.8354 0.8357
2485.000000 0.8366 0.8379 0.8392 0.8404 0.8417
2490.000000 0.8430 0.8442 0.8452 0.8462 0.8472
2495.000000 0.8482 0.8489 0.8497 0.8505 0.8511
2500.000000 0.8516 0.8520 0.8521 0.8523 0.8524
2505.000000 0.8525 0.8526 0.8528 0.8529 0.8530
2510.000000 0.8531 0.8533 0.8535 0.8536 0.8538
2515.000000 0.8539 0.8541 0.8542 0.8544 0.8546
2520.000000 0.8548 0.8550 0.8552 0.8554 0.8556
2525.000000 0.8558 0.8560 0.8561 0.8563 0.8565
2530.000000 0.8567 0.8569 0.8569 0.8569 0.8569
2535.000000 0.8570 0.8570 0.8570 0.8570 0.8570
2540.000000 0.8571 0.8571 0.8571 0.8571 0.8571
2545.000000 0.8571 0.8572 0.8572 0.8571 0.8571
2550.000000 0.8571 0.8570 0.8570 0.8570 0.8570
2555.000000 0.8569 0.8569 0.8569 0.8569 0.8568
2560.000000 0.8568 0.8568 0.8568 0.8567 0.8567
2565.000000 0.8565 0.8562 0.8560 0.8557 0.8555
2570.000000 0.8553 0.8550 0.8548 0.8546 0.8543
2575.000000 0.8541 0.8539 0.8536 0.8534 0.8534
2580.000000 0.8533 0.8533 0.8533 0.8532 0.8532
2585.000000 0.8531 0.8531 0.8531 0.8530 0.8530
2590.000000 0.8530 0.8530 0.8530 0.8531 0.8531
2595.000000 0.8532 0.8533 0.8533 0.8534 0.8534
2600.000000 0.8535 0.8535 0.8536 0.8536 0.8537
2605.000000 0.8538 0.8538 0.8539 0.8539 0.8539
2610.000000 0.8539 0.8538 0.8538 0.8538 0.8538
2615.000000 0.8537 0.8537 0.8537 0.8536 0.8536
2620.000000 0.8536 0.8535 0.8535 0.8534 0.8533
2625.000000 0.8533 0.8532 0.8531 0.8530 0.8529
2630.000000 0.8528 0.8527 0.8526 0.8526 0.8525
2635.000000 0.8524 0.8523 0.8522 0.8521 0.8520
2640.000000 0.8520 0.8520 0.8521 0.8521 0.8522
2645.000000 0.8522 0.8523 0.8523 0.8524 0.8524
2650.000000 0.8524 0.8525 0.8525 0.8526 0.8526
2655.000000 0.8527 0.8527 0.8528 0.8528 0.8529
2660.000000 0.8529 0.8530 0.8531 0.8532 0.8533
2665.000000 0.8534 0.8535 0.8535 0.8533 0.8531
2670.000000 0.8529 0.8527 0.8525 0.8523 0.8521
2675.000000 0.8519 0.8516 0.8514 0.8512 0.8510
2680.000000 0.8506 0.8502 0.8498 0.8494 0.8489
2685.000000 0.8485 0.8481 0.8477 0.8476 0.8475
2690.000000 0.8474 0.8475 0.8479 0.8483 0.8486
2695.000000 0.8490 0.8493 0.8497 0.8500 0.8504
2700.000000 0.8507 0.8511 0.8514 0.8517 0.8520
2705.000000 0.8522 0.8525 0.8527 0.8530 0.8532
2710.000000 0.8534 0.8537 0.8536 0.8535 0.8534
2715.000000 0.8531 0.8524 0.8516 0.8509 0.8502
2720.000000 0.8494 0.8487 0.8479 0.8472 0.8464
2725.000000 0.8457 0.8449 0.8442 0.8438 0.8437
2730.000000 0.8436 0.8439 0.8444 0.8449 0.8454
2735.000000 0.8460 0.8467 0.8475 0.8482 0.8489
2740.000000 0.8492 0.8495 0.8498 0.8501 0.8505
2745.000000 0.8508 0.8511 0.8513 0.8513 0.8512
2750.000000 0.8512 0.8511 0.8511 0.8510 0.8510
2755.000000 0.8509 0.8506 0.8503 0.8500 0.8497
2760.000000 0.8494 0.8491 0.8488 0.8485 0.8480
2765.000000 0.8476 0.8471 0.8467 0.8462 0.8458
2770.000000 0.8453 0.8449 0.8445 0.8440 0.8435
2775.000000 0.8426 0.8418 0.8409 0.8400 0.8392
2780.000000 0.8383 0.8374 0.8366 0.8357 0.8349
2785.000000 0.8340 0.8331 0.8323 0.8314 0.8306
2790.000000 0.8297 0.8288 0.8276 0.8260 0.8244
2795.000000 0.8228 0.8212 0.8196 0.8181 0.8165
2800.000000 0.8149 0.8133 0.8117 0.8101 0.8085
2805.000000 0.8069 0.8053 0.8037 0.8021 0.7999
2810.000000 0.7973 0.7947 0.7914 0.7874 0.7834
2815.000000 0.7793 0.7749 0.7693 0.7638 0.7582
2820.000000 0.7526 0.7449 0.7364 0.7279 0.7194
2825.000000 0.7106 0.7029 0.6959 0.6890 0.6819
2830.000000 0.6736 0.6653 0.6598 0.6557 0.6523
2835.000000 0.6514 0.6505 0.6507 0.6513 0.6520
2840.000000 0.6535 0.6553 0.6575 0.6589 0.6590
2845.000000 0.6585 0.6573 0.6559 0.6537 0.6445
2850.000000 0.6204 0.5964 0.5723 0.5483 0.5245
2855.000000 0.5141 0.5101 0.5064 0.5031 0.5021
2860.000000 0.5011 0.4989 0.5014 0.5027 0.5064
2865.000000 0.5136 0.5208 0.5279 0.5351 0.5422
2870.000000 0.5494 0.5566 0.5637 0.5709 0.5762
2875.000000 0.5788 0.5748 0.5740 0.5702 0.5647
2880.000000 0.5592 0.5537 0.5482 0.5427 0.5372
2885.000000 0.5317 0.5286 0.5263 0.5244 0.5225
2890.000000 0.5206 0.5187 0.5168 0.5151 0.5135
2895.000000 0.5118 0.5102 0.5086 0.5070 0.5054
2900.000000 0.5039 0.5024 0.5008 0.4992 0.4976
2905.000000 0.4959 0.4939 0.4919 0.4890 0.4847
2910.000000 0.4804 0.4761 0.4707 0.4651 0.4596
2915.000000 0.4531 0.4463 0.4376 0.4279 0.4182
2920.000000 0.4084 0.3985 0.3896 0.3813 0.3731
2925.000000 0.3647 0.3548 0.3450 0.3365 0.3287
2930.000000 0.3209 0.3132 0.3058 0.3009 0.2963
2935.000000 0.2929 0.2911 0.2893 0.2879 0.2879
2940.000000 0.2879 0.2876 0.2873 0.2871 0.2870
2945.000000 0.2870 0.2869 0.2868 0.2868 0.2858
2950.000000 0.2837 0.2793 0.2749 0.2710 0.2672
2955.000000 0.2656 0.2647 0.2641 0.2643 0.2644
2960.000000 0.2652 0.2689 0.2829 0.2969 0.3110
2965.000000 0.3250 0.3390 0.3531 0.3671 0.3811
2970.000000 0.3952 0.4092 0.4232 0.4372 0.4513
2975.000000 0.4653 0.4793 0.4934 0.5074 0.5214
2980.000000 0.5354 0.5495 0.5524 0.5541 0.5520
2985.000000 0.5513 0.5465 0.5381 0.5297 0.5213
2990.000000 0.5129 0.5045 0.4961 0.4877 0.4793
2995.000000 0.4709 0.4625 0.4605 0.4604 0.4604
3000.000000 0.4593 0.5140 0.5414 0.5688 0.5938
3005.000000 0.6135 0.6200 0.6266 0.6320 0.6370
3010.000000 0.6401 0.6417 0.6433 0.6443 0.6450
3015.000000 0.6457 0.6464 0.6471 0.6490 0.6547
3020.000000 0.6630 0.6733 0.6822 0.6907 0.6983
3025.000000 0.7057 0.7168 0.7284 0.7406 0.7470
3030.000000 0.7528 0.7586 0.7642 0.7695 0.7749
3035.000000 0.7802 0.7857 0.7912 0.7945 0.7977
3040.000000 0.8008 0.8040 0.8064 0.8083 0.8101
3045.000000 0.8116 0.8130 0.8143 0.8156 0.8167
3050.000000 0.8175 0.8183 0.8190 0.8198 0.8204
3055.000000 0.8211 0.8217 0.8223 0.8229 0.8235
3060.000000 0.8238 0.8240 0.8242 0.8244 0.8244
3065.000000 0.8243 0.8243 0.8243 0.8243 0.8243
3070.000000 0.8243 0.8243 0.8243 0.8243 0.8243
3075.000000 0.8243 0.8248 0.8258 0.8268 0.8280
3080.000000 0.8293 0.8305 0.8318 0.8330 0.8338
3085.000000 0.8342 0.8346 0.8350 0.8354 0.8358
3090.000000 0.8359 0.8375 0.8362 0.8364 0.8365
3095.000000 0.8367 0.8368 0.8370 0.8372 0.8373
3100.000000 0.8375 0.8376 0.8378 0.8379 0.8380
3105.000000 0.8381 0.8382 0.8383 0.8384 0.8385
3110.000000 0.8386 0.8387 0.8388 0.8389 0.8391
3115.000000 0.8392 0.8393 0.8394 0.8395 0.8396
3120.000000 0.8396 0.8397 0.8398 0.8398 0.8399
3125.000000 0.8400 0.8401 0.8401 0.8402 0.8403
3130.000000 0.8403 0.8404 0.8405 0.8406 0.8406
3135.000000 0.8407 0.8408 0.8408 0.8408 0.8408
3140.000000 0.8407 0.8407 0.8407 0.8406 0.8406
3145.000000 0.8405 0.8405 0.8404 0.8404 0.8403
3150.000000 0.8403 0.8403 0.8402 0.8402 0.8401
3155.000000 0.8401 0.8400 0.8401 0.8401 0.8402
3160.000000 0.8402 0.8403 0.8403 0.8404 0.8404
3165.000000 0.8405 0.8405 0.8406 0.8406 0.8407
3170.000000 0.8407 0.8407 0.8407 0.8407 0.8407
3175.000000 0.8406 0.8406 0.8406 0.8406 0.8406
3180.000000 0.8406 0.8406 0.8406 0.8406 0.8406
3185.000000 0.8406 0.8404 0.8402 0.8400 0.8398
3190.000000 0.8397 0.8395 0.8395 0.8395 0.8395
3195.000000 0.8395 0.8394 0.8394 0.8396 0.8399
3200.000000 0.8402 0.8404 0.8407 0.8409 0.8412
3205.000000 0.8414 0.8416 0.8417 0.8418 0.8418
3210.000000 0.8419 0.8419 0.8419 0.8418 0.8417
3215.000000 0.8417 0.8416 0.8415 0.8415 0.8414
3220.000000 0.8413 0.8412 0.8412 0.8411 0.8410
3225.000000 0.8409 0.8408 0.8406 0.8405 0.8404
3230.000000 0.8403 0.8401 0.8400 0.8399 0.8398
3235.000000 0.8396 0.8395 0.8393 0.8392 0.8390
3240.000000 0.8389 0.8388 0.8386 0.8385 0.8383
3245.000000 0.8382 0.8380 0.8379 0.8378 0.8376
3250.000000 0.8374 0.8372 0.8370 0.8368 0.8366
3255.000000 0.8364 0.8362 0.8360 0.8358 0.8356
3260.000000 0.8353 0.8351 0.8348 0.8346 0.8343
3265.000000 0.8341 0.8339 0.8336 0.8334 0.8331
3270.000000 0.8329 0.8327 0.8324 0.8322 0.8319
3275.000000 0.8317 0.8315 0.8312 0.8310 0.8308
3280.000000 0.8305 0.8303 0.8301 0.8298 0.8296
3285.000000 0.8293 0.8291 0.8289 0.8286 0.8284
3290.000000 0.8282 0.8280 0.8278 0.8276 0.8274
3295.000000 0.8272 0.8271 0.8269 0.8267 0.8265
3300.000000 0.8263 0.8262 0.8260 0.8258 0.8256
3305.000000 0.8254 0.8253 0.8251 0.8249 0.8247
3310.000000 0.8245 0.8244 0.8244 0.8243 0.8243
3315.000000 0.8243 0.8242 0.8242 0.8242 0.8241
3320.000000 0.8241 0.8241 0.8240 0.8240 0.8240
3325.000000 0.8239 0.8239 0.8238 0.8238 0.8237
3330.000000 0.8237 0.8236 0.8236 0.8238 0.8240
3335.000000 0.8242 0.8245 0.8247 0.8249 0.8252
3340.000000 0.8254 0.8257 0.8259 0.8261 0.8263
3345.000000 0.8265 0.8268 0.8270 0.8272 0.8274
3350.000000 0.8274 0.8273 0.8272 0.8272 0.8271
3355.000000 0.8270 0.8269 0.8269 0.8268 0.8267
3360.000000 0.8266 0.8265 0.8264 0.8263 0.8262
3365.000000 0.8261 0.8260 0.8259 0.8258 0.8256
3370.000000 0.8254 0.8253 0.8251 0.8249 0.8247
3375.000000 0.8245 0.8243 0.8241 0.8239 0.8237
3380.000000 0.8235 0.8233 0.8231 0.8229 0.8228
3385.000000 0.8226 0.8224 0.8222 0.8221 0.8219
3390.000000 0.8217 0.8215 0.8213 0.8212 0.8210
3395.000000 0.8208 0.8206 0.8204 0.8203 0.8201
3400.000000 0.8199 0.8198 0.8196 0.8195 0.8193
3405.000000 0.8192 0.8190 0.8189 0.8187 0.8186
3410.000000 0.8184 0.8183 0.8181 0.8180 0.8178
3415.000000 0.8177 0.8175 0.8174 0.8172 0.8170
3420.000000 0.8167 0.8165 0.8163 0.8160 0.8158
3425.000000 0.8156 0.8153 0.8151 0.8152 0.8153
3430.000000 0.8154 0.8155 0.8156 0.8157 0.8161
3435.000000 0.8166 0.8172 0.8177 0.8182 0.8188
3440.000000 0.8194 0.8199 0.8205 0.8210 0.8216
3445.000000 0.8221 0.8227 0.8232 0.8237 0.8242
3450.000000 0.8248 0.8253 0.8258 0.8264 0.8272
3455.000000 0.8280 0.8287 0.8295 0.8303 0.8311
3460.000000 0.8317 0.8320 0.8324 0.8327 0.8331
3465.000000 0.8334 0.8338 0.8341 0.8345 0.8349
3470.000000 0.8352 0.8356 0.8358 0.8360 0.8361
3475.000000 0.8363 0.8364 0.8366 0.8367 0.8369
3480.000000 0.8371 0.8372 0.8374 0.8375 0.8377
3485.000000 0.8378 0.8379 0.8380 0.8381 0.8382
3490.000000 0.8383 0.8383 0.8384 0.8385 0.8386
3495.000000 0.8387 0.8388 0.8389 0.8390 0.8392
3500.000000 0.8393 0.8395 0.8396 0.8398 0.8399
3505.000000 0.8400 0.8402 0.8407 0.8412 0.8418
3510.000000 0.8423 0.8429 0.8434 0.8439 0.8443
3515.000000 0.8446 0.8449 0.8452 0.8455 0.8458
3520.000000 0.8461 0.8463 0.8466 0.8469 0.8472
3525.000000 0.8475 0.8477 0.8480 0.8483 0.8485
3530.000000 0.8488 0.8491 0.8491 0.8492 0.8492
3535.000000 0.8493 0.8494 0.8494 0.8495 0.8495
3540.000000 0.8496 0.8497 0.8497 0.8499 0.8500
3545.000000 0.8502 0.8504 0.8508 0.8512 0.8516
3550.000000 0.8520 0.8524 0.8532 0.8542 0.8545
3555.000000 0.8546 0.8548 0.8550 0.8548 0.8545
3560.000000 0.8541 0.8538 0.8534 0.8528 0.8519
3565.000000 0.8511 0.8503 0.8494 0.8486 0.8477
3570.000000 0.8456 0.8436 0.8414 0.8402 0.8402
3575.000000 0.8410 0.8422 0.8436 0.8451 0.8471
3580.000000 0.8491 0.8505 0.8518 0.8529 0.8539
3585.000000 0.8543 0.8547 0.8551 0.8555 0.8561
3590.000000 0.8568 0.8574 0.8580 0.8585 0.8591
3595.000000 0.8596 0.8601 0.8606 0.8611 0.8616
3600.000000 0.8621 0.8625 0.8629 0.8634 0.8638
3605.000000 0.8642 0.8646 0.8650 0.8654 0.8656
3610.000000 0.8657 0.8658 0.8659 0.8660 0.8661
3615.000000 0.8662 0.8660 0.8658 0.8656 0.8654
3620.000000 0.8652 0.8653 0.8655 0.8657 0.8661
3625.000000 0.8666 0.8672 0.8677 0.8683 0.8688
3630.000000 0.8689 0.8687 0.8685 0.8683 0.8681
3635.000000 0.8679 0.8676 0.8669 0.8660 0.8649
3640.000000 0.8637 0.8628 0.8619 0.8610 0.8602
3645.000000 0.8597 0.8592 0.8587 0.8583 0.8578
3650.000000 0.8574 0.8570 0.8571 0.8572 0.8572
3655.000000 0.8573 0.8573 0.8574 0.8574 0.8575
3660.000000 0.8576 0.8576 0.8577 0.8583 0.8590
3665.000000 0.8597 0.8604 0.8611 0.8618 0.8624
3670.000000 0.8637 0.8654 0.8668 0.8680 0.8692
3675.000000 0.8703 0.8705 0.8708 0.8711 0.8713
3680.000000 0.8716 0.8719 0.8721 0.8723 0.8723
3685.000000 0.8722 0.8721 0.8721 0.8720 0.8719
3690.000000 0.8719 0.8718 0.8718 0.8717 0.8716
3695.000000 0.8716 0.8715 0.8715 0.8714 0.8714
3700.000000 0.8713 0.8713 0.8712 0.8712 0.8712
3705.000000 0.8711 0.8710 0.8709 0.8708 0.8707
3710.000000 0.8707 0.8706 0.8705 0.8704 0.8704
3715.000000 0.8704 0.8703 0.8703 0.8703 0.8703
3720.000000 0.8703 0.8703 0.8703 0.8703 0.8703
3725.000000 0.8703 0.8703 0.8703 0.8702 0.8702
3730.000000 0.8702 0.8701 0.8701 0.8701 0.8700
3735.000000 0.8700 0.8700 0.8699 0.8699 0.8699
3740.000000 0.8699 0.8699 0.8699 0.8699 0.8699
3745.000000 0.8699 0.8700 0.8700 0.8700 0.8700
3750.000000 0.8700 0.8700 0.8700 0.8701 0.8701
3755.000000 0.8701 0.8701 0.8701 0.8701 0.8702
3760.000000 0.8702 0.8702 0.8703 0.8703 0.8703
3765.000000 0.8704 0.8704 0.8704 0.8706 0.8708
3770.000000 0.8710 0.8712 0.8714 0.8716 0.8718
3775.000000 0.8720 0.8722 0.8724 0.8726 0.8728
3780.000000 0.8728 0.8726 0.8725 0.8723 0.8722
3785.000000 0.8718 0.8713 0.8709 0.8705 0.8700
3790.000000 0.8692 0.8683 0.8674 0.8669 0.8667
3795.000000 0.8666 0.8664 0.8667 0.8673 0.8680
3800.000000 0.8684 0.8684 0.8683 0.8682 0.8682
3805.000000 0.8681 0.8680 0.8678 0.8675 0.8671
3810.000000 0.8668 0.8665 0.8662 0.8658 0.8666
3815.000000 0.8674 0.8682 0.8691 0.8691 0.8691
3820.000000 0.8692 0.8692 0.8693 0.8693 0.8693
3825.000000 0.8694 0.8690 0.8687 0.8684 0.8681
3830.000000 0.8677 0.8671 0.8664 0.8658 0.8652
3835.000000 0.8644 0.8636 0.8635 0.8635 0.8635
3840.000000 0.8635 0.8635 0.8635 0.8635 0.8635
3845.000000 0.8635 0.8634 0.8633 0.8632 0.8631
3850.000000 0.8631 0.8632 0.8632 0.8632 0.8632
3855.000000 0.8633 0.8633 0.8633 0.8634 0.8634
3860.000000 0.8634 0.8634 0.8633 0.8633 0.8632
3865.000000 0.8632 0.8631 0.8631 0.8630 0.8631
3870.000000 0.8634 0.8637 0.8640 0.8646 0.8653
3875.000000 0.8660 0.8667 0.8673 0.8678 0.8682
3880.000000 0.8686 0.8689 0.8692 0.8694 0.8697
3885.000000 0.8700 0.8702 0.8705 0.8708 0.8710
3890.000000 0.8710 0.8708 0.8705 0.8702 0.8699
3895.000000 0.8697 0.8694 0.8691 0.8688 0.8685
3900.000000 0.8683 0.8680 0.8677 0.8673 0.8670
3905.000000 0.8667 0.8664 0.8660 0.8657 0.8654
3910.000000 0.8651 0.8647 0.8646 0.8646 0.8645
3915.000000 0.8645 0.8645 0.8645 0.8645 0.8645
3920.000000 0.8646 0.8647 0.8647 0.8648 0.8649
3925.000000 0.8650 0.8651 0.8652 0.8653 0.8654
3930.000000 0.8655 0.8655 0.8656 0.8657 0.8658
3935.000000 0.8659 0.8658 0.8658 0.8657 0.8657
3940.000000 0.8657 0.8656 0.8656 0.8655 0.8655
3945.000000 0.8655 0.8654 0.8653 0.8653 0.8652
3950.000000 0.8651 0.8650 0.8650 0.8649 0.8648
3955.000000 0.8648 0.8647 0.8647 0.8647 0.8646
3960.000000 0.8646 0.8646 0.8646 0.8646 0.8646
3965.000000 0.8646 0.8646 0.8646 0.8646 0.8646
3970.000000 0.8646 0.8647 0.8647 0.8648 0.8648
3975.000000 0.8649 0.8649 0.8650 0.8650 0.8651
3980.000000 0.8651 0.8652 0.8652 0.8651 0.8649
3985.000000 0.8647 0.8645 0.8644 0.8642 0.8640
3990.000000 0.8639 0.8637 0.8635 0.8634 0.8632
3995.000000 0.8630 0.8629 0.8627 0.8625 0.8624
4000.000000 0.8623
##END=
