##TITLE=ALUMINUM DIACETATE
##JCAMP-DX=4.24
$$ By DXEDIT 1.05 (RS McDonald)
##DATA TYPE=INFRARED SPECTRUM
##CLASS=COBLENTZ III
##OWNER=COBLENTZ SOC.
Collection (C) 2018 copyright by the U.S. Secretary of Commerce
on behalf of the United States of America. All rights reserved.
##DATE=1962/12/11
##CAS REGISTRY NO=142-03-0
##MOLFORM=C4 H7 Al O5
##SOURCE REFERENCE=COBLENTZ NO. 05064
##$NIST SOURCE=COBLENTZ
##$NIST IMAGE=cob5064
##SPECTROMETER/DATA SYSTEM=PERKIN-ELMER 21 (GRATING)
##INSTRUMENT PARAMETERS=FILTER AT ABOUT 10 MICRONS
##STATE=SOLID (KBr DISC)
##PATH LENGTH=
$$ SPECTRAL FEATURE AT 1000 CM^-^1 IS AN ARTIFACT CAUSED BY FILTER CHANGE
##SAMPLING PROCEDURE=TRANSMISSION
##RESOLUTION=2
##DATA PROCESSING=DIGITIZED BY COBLENTZ SOCIETY (BATCH I) FROM HARD COPY
##XUNITS=1/CM
##YUNITS=TRANSMITTANCE
##XLABEL=Wavenumbers (cm-1)
##YLABEL=Transmittance
##XFACTOR=1
##YFACTOR=1
##DELTAX=1
##FIRSTX=4000
##LASTX=672
##FIRSTY=0.6892
##MAXX=4000
##MINX=672
##MAXY=0.7537
##MINY=0.0904
##NPOINTS=3329
##XYDATA=(X++(Y..Y))
4000.000000 0.6892 0.6891 0.6890 0.6890 0.6889
3995.000000 0.6888 0.6888 0.6887 0.6887 0.6886
3990.000000 0.6886 0.6885 0.6885 0.6884 0.6884
3985.000000 0.6883 0.6882 0.6882 0.6881 0.6881
3980.000000 0.6880 0.6878 0.6878 0.6878 0.6876
3975.000000 0.6876 0.6875 0.6875 0.6875 0.6875
3970.000000 0.6874 0.6874 0.6872 0.6872 0.6871
3965.000000 0.6871 0.6869 0.6868 0.6868 0.6868
3960.000000 0.6867 0.6865 0.6865 0.6865 0.6864
3955.000000 0.6862 0.6861 0.6861 0.6861 0.6860
3950.000000 0.6858 0.6858 0.6858 0.6857 0.6856
3945.000000 0.6856 0.6855 0.6854 0.6854 0.6853
3940.000000 0.6851 0.6851 0.6850 0.6849 0.6849
3935.000000 0.6848 0.6847 0.6846 0.6845 0.6845
3930.000000 0.6844 0.6843 0.6842 0.6841 0.6841
3925.000000 0.6840 0.6839 0.6838 0.6837 0.6837
3920.000000 0.6836 0.6835 0.6834 0.6834 0.6833
3915.000000 0.6832 0.6832 0.6831 0.6830 0.6828
3910.000000 0.6828 0.6828 0.6826 0.6825 0.6825
3905.000000 0.6824 0.6821 0.6821 0.6818 0.6818
3900.000000 0.6815 0.6815 0.6814 0.6811 0.6811
3895.000000 0.6810 0.6808 0.6807 0.6806 0.6804
3890.000000 0.6803 0.6801 0.6800 0.6799 0.6798
3885.000000 0.6796 0.6795 0.6794 0.6793 0.6791
3880.000000 0.6790 0.6789 0.6787 0.6786 0.6785
3875.000000 0.6783 0.6782 0.6781 0.6778 0.6778
3870.000000 0.6776 0.6775 0.6774 0.6772 0.6771
3865.000000 0.6769 0.6768 0.6767 0.6765 0.6764
3860.000000 0.6762 0.6761 0.6760 0.6758 0.6757
3855.000000 0.6756 0.6754 0.6753 0.6751 0.6750
3850.000000 0.6749 0.6747 0.6746 0.6745 0.6743
3845.000000 0.6742 0.6741 0.6739 0.6738 0.6737
3840.000000 0.6735 0.6733 0.6731 0.6728 0.6725
3835.000000 0.6724 0.6721 0.6718 0.6715 0.6714
3830.000000 0.6711 0.6708 0.6706 0.6704 0.6701
3825.000000 0.6699 0.6696 0.6693 0.6691 0.6688
3820.000000 0.6686 0.6683 0.6681 0.6678 0.6675
3815.000000 0.6672 0.6669 0.6668 0.6665 0.6662
3810.000000 0.6660 0.6657 0.6655 0.6651 0.6650
3805.000000 0.6647 0.6644 0.6642 0.6639 0.6637
3800.000000 0.6634 0.6631 0.6628 0.6625 0.6624
3795.000000 0.6621 0.6618 0.6615 0.6611 0.6607
3790.000000 0.6601 0.6598 0.6594 0.6590 0.6585
3785.000000 0.6581 0.6576 0.6571 0.6568 0.6562
3780.000000 0.6558 0.6555 0.6550 0.6546 0.6542
3775.000000 0.6537 0.6533 0.6528 0.6524 0.6519
3770.000000 0.6515 0.6511 0.6506 0.6501 0.6498
3765.000000 0.6493 0.6488 0.6484 0.6478 0.6474
3760.000000 0.6468 0.6464 0.6457 0.6450 0.6444
3755.000000 0.6437 0.6430 0.6424 0.6417 0.6410
3750.000000 0.6404 0.6397 0.6391 0.6384 0.6377
3745.000000 0.6370 0.6364 0.6357 0.6350 0.6343
3740.000000 0.6337 0.6330 0.6324 0.6317 0.6310
3735.000000 0.6303 0.6297 0.6290 0.6283 0.6276
3730.000000 0.6268 0.6260 0.6253 0.6245 0.6237
3725.000000 0.6229 0.6220 0.6210 0.6202 0.6193
3720.000000 0.6184 0.6175 0.6166 0.6157 0.6148
3715.000000 0.6139 0.6130 0.6121 0.6112 0.6104
3710.000000 0.6095 0.6085 0.6075 0.6065 0.6055
3705.000000 0.6045 0.6035 0.6022 0.6008 0.5994
3700.000000 0.5979 0.5965 0.5951 0.5937 0.5924
3695.000000 0.5910 0.5896 0.5882 0.5868 0.5854
3690.000000 0.5840 0.5826 0.5812 0.5798 0.5785
3685.000000 0.5772 0.5759 0.5746 0.5733 0.5720
3680.000000 0.5708 0.5695 0.5683 0.5670 0.5658
3675.000000 0.5645 0.5633 0.5620 0.5608 0.5595
3670.000000 0.5580 0.5565 0.5549 0.5534 0.5518
3665.000000 0.5501 0.5484 0.5466 0.5448 0.5431
3660.000000 0.5414 0.5398 0.5383 0.5368 0.5352
3655.000000 0.5337 0.5326 0.5315 0.5304 0.5293
3650.000000 0.5282 0.5267 0.5249 0.5231 0.5212
3645.000000 0.5195 0.5176 0.5157 0.5138 0.5118
3640.000000 0.5099 0.5079 0.5060 0.5041 0.5021
3635.000000 0.5002 0.4983 0.4964 0.4944 0.4925
3630.000000 0.4906 0.4886 0.4867 0.4847 0.4828
3625.000000 0.4809 0.4789 0.4770 0.4750 0.4731
3620.000000 0.4710 0.4691 0.4672 0.4652 0.4633
3615.000000 0.4612 0.4594 0.4574 0.4554 0.4535
3610.000000 0.4515 0.4496 0.4476 0.4457 0.4437
3605.000000 0.4417 0.4397 0.4377 0.4357 0.4338
3600.000000 0.4318 0.4298 0.4279 0.4259 0.4239
3595.000000 0.4220 0.4200 0.4180 0.4160 0.4141
3590.000000 0.4121 0.4101 0.4080 0.4060 0.4041
3585.000000 0.4021 0.4000 0.3980 0.3960 0.3941
3580.000000 0.3921 0.3902 0.3882 0.3862 0.3842
3575.000000 0.3822 0.3802 0.3782 0.3762 0.3742
3570.000000 0.3722 0.3700 0.3680 0.3660 0.3641
3565.000000 0.3621 0.3600 0.3580 0.3559 0.3540
3560.000000 0.3520 0.3500 0.3480 0.3459 0.3440
3555.000000 0.3423 0.3406 0.3389 0.3372 0.3356
3550.000000 0.3349 0.3341 0.3334 0.3326 0.3318
3545.000000 0.3310 0.3303 0.3295 0.3288 0.3280
3540.000000 0.3271 0.3262 0.3253 0.3245 0.3236
3535.000000 0.3227 0.3218 0.3209 0.3200 0.3191
3530.000000 0.3182 0.3173 0.3164 0.3155 0.3145
3525.000000 0.3126 0.3108 0.3090 0.3072 0.3054
3520.000000 0.3040 0.3027 0.3013 0.3000 0.2987
3515.000000 0.2978 0.2968 0.2959 0.2950 0.2940
3510.000000 0.2931 0.2922 0.2913 0.2904 0.2895
3505.000000 0.2888 0.2880 0.2873 0.2865 0.2858
3500.000000 0.2850 0.2843 0.2835 0.2828 0.2821
3495.000000 0.2814 0.2807 0.2800 0.2793 0.2787
3490.000000 0.2782 0.2777 0.2771 0.2766 0.2760
3485.000000 0.2755 0.2749 0.2744 0.2738 0.2733
3480.000000 0.2727 0.2722 0.2717 0.2711 0.2706
3475.000000 0.2700 0.2695 0.2690 0.2684 0.2679
3470.000000 0.2674 0.2669 0.2664 0.2660 0.2655
3465.000000 0.2650 0.2646 0.2641 0.2637 0.2632
3460.000000 0.2628 0.2623 0.2618 0.2614 0.2609
3455.000000 0.2604 0.2599 0.2594 0.2590 0.2584
3450.000000 0.2580 0.2576 0.2571 0.2567 0.2563
3445.000000 0.2559 0.2554 0.2550 0.2546 0.2542
3440.000000 0.2538 0.2533 0.2531 0.2529 0.2527
3435.000000 0.2524 0.2522 0.2521 0.2519 0.2517
3430.000000 0.2516 0.2514 0.2512 0.2510 0.2509
3425.000000 0.2507 0.2506 0.2505 0.2504 0.2503
3420.000000 0.2502 0.2501 0.2500 0.2500 0.2499
3415.000000 0.2498 0.2498 0.2497 0.2496 0.2496
3410.000000 0.2495 0.2494 0.2493 0.2492 0.2491
3405.000000 0.2491 0.2491 0.2490 0.2490 0.2489
3400.000000 0.2489 0.2488 0.2488 0.2488 0.2487
3395.000000 0.2487 0.2487 0.2487 0.2487 0.2488
3390.000000 0.2490 0.2492 0.2494 0.2496 0.2498
3385.000000 0.2501 0.2503 0.2505 0.2511 0.2516
3380.000000 0.2522 0.2527 0.2533 0.2538 0.2544
3375.000000 0.2549 0.2555 0.2566 0.2579 0.2591
3370.000000 0.2604 0.2617 0.2630 0.2643 0.2656
3365.000000 0.2669 0.2682 0.2695 0.2708 0.2720
3360.000000 0.2733 0.2746 0.2758 0.2770 0.2783
3355.000000 0.2795 0.2807 0.2820 0.2832 0.2844
3350.000000 0.2857 0.2869 0.2882 0.2894 0.2908
3345.000000 0.2922 0.2935 0.2950 0.2964 0.2979
3340.000000 0.2993 0.3008 0.3022 0.3037 0.3052
3335.000000 0.3066 0.3081 0.3095 0.3108 0.3121
3330.000000 0.3134 0.3147 0.3157 0.3166 0.3175
3325.000000 0.3184 0.3193 0.3202 0.3210 0.3221
3320.000000 0.3230 0.3239 0.3248 0.3257 0.3266
3315.000000 0.3276 0.3284 0.3294 0.3304 0.3312
3310.000000 0.3321 0.3330 0.3338 0.3346 0.3355
3305.000000 0.3362 0.3371 0.3379 0.3388 0.3396
3300.000000 0.3405 0.3412 0.3422 0.3430 0.3439
3295.000000 0.3447 0.3456 0.3464 0.3473 0.3480
3290.000000 0.3489 0.3498 0.3506 0.3514 0.3523
3285.000000 0.3532 0.3540 0.3548 0.3557 0.3564
3280.000000 0.3573 0.3580 0.3588 0.3595 0.3603
3275.000000 0.3609 0.3616 0.3625 0.3632 0.3640
3270.000000 0.3648 0.3656 0.3662 0.3671 0.3678
3265.000000 0.3686 0.3693 0.3700 0.3708 0.3716
3260.000000 0.3723 0.3730 0.3739 0.3747 0.3754
3255.000000 0.3762 0.3770 0.3777 0.3784 0.3792
3250.000000 0.3800 0.3807 0.3814 0.3822 0.3829
3245.000000 0.3836 0.3844 0.3850 0.3859 0.3866
3240.000000 0.3874 0.3880 0.3889 0.3896 0.3904
3235.000000 0.3910 0.3918 0.3926 0.3932 0.3941
3230.000000 0.3948 0.3956 0.3962 0.3971 0.3978
3225.000000 0.3986 0.3993 0.4000 0.4009 0.4016
3220.000000 0.4024 0.4030 0.4039 0.4047 0.4054
3215.000000 0.4062 0.4070 0.4078 0.4086 0.4094
3210.000000 0.4102 0.4109 0.4117 0.4125 0.4134
3205.000000 0.4142 0.4150 0.4158 0.4166 0.4174
3200.000000 0.4182 0.4189 0.4197 0.4205 0.4212
3195.000000 0.4221 0.4229 0.4237 0.4245 0.4253
3190.000000 0.4260 0.4269 0.4277 0.4285 0.4293
3185.000000 0.4301 0.4309 0.4317 0.4325 0.4333
3180.000000 0.4341 0.4348 0.4356 0.4364 0.4371
3175.000000 0.4379 0.4387 0.4394 0.4402 0.4410
3170.000000 0.4417 0.4425 0.4433 0.4440 0.4448
3165.000000 0.4455 0.4462 0.4471 0.4478 0.4486
3160.000000 0.4494 0.4502 0.4509 0.4517 0.4525
3155.000000 0.4533 0.4540 0.4548 0.4556 0.4562
3150.000000 0.4570 0.4578 0.4585 0.4591 0.4598
3145.000000 0.4604 0.4610 0.4618 0.4625 0.4631
3140.000000 0.4638 0.4645 0.4651 0.4658 0.4665
3135.000000 0.4672 0.4678 0.4685 0.4692 0.4699
3130.000000 0.4706 0.4712 0.4720 0.4726 0.4733
3125.000000 0.4740 0.4745 0.4750 0.4756 0.4760
3120.000000 0.4766 0.4772 0.4777 0.4783 0.4788
3115.000000 0.4794 0.4800 0.4805 0.4810 0.4816
3110.000000 0.4822 0.4827 0.4832 0.4838 0.4843
3105.000000 0.4849 0.4854 0.4860 0.4865 0.4871
3100.000000 0.4876 0.4881 0.4887 0.4892 0.4898
3095.000000 0.4903 0.4909 0.4914 0.4920 0.4925
3090.000000 0.4931 0.4936 0.4942 0.4947 0.4953
3085.000000 0.4958 0.4964 0.4969 0.4975 0.4980
3080.000000 0.4985 0.4991 0.4996 0.5002 0.5007
3075.000000 0.5012 0.5018 0.5024 0.5029 0.5035
3070.000000 0.5040 0.5045 0.5051 0.5056 0.5062
3065.000000 0.5067 0.5073 0.5079 0.5084 0.5090
3060.000000 0.5095 0.5101 0.5106 0.5110 0.5117
3055.000000 0.5123 0.5129 0.5135 0.5140 0.5146
3050.000000 0.5152 0.5158 0.5164 0.5170 0.5175
3045.000000 0.5181 0.5187 0.5193 0.5199 0.5205
3040.000000 0.5210 0.5217 0.5223 0.5228 0.5234
3035.000000 0.5240 0.5246 0.5251 0.5256 0.5260
3030.000000 0.5265 0.5270 0.5275 0.5280 0.5285
3025.000000 0.5290 0.5294 0.5299 0.5304 0.5309
3020.000000 0.5314 0.5319 0.5324 0.5328 0.5333
3015.000000 0.5338 0.5343 0.5348 0.5353 0.5358
3010.000000 0.5362 0.5368 0.5373 0.5378 0.5383
3005.000000 0.5388 0.5392 0.5397 0.5402 0.5407
3000.000000 0.5412 0.5417 0.5422 0.5427 0.5432
2995.000000 0.5437 0.5442 0.5447 0.5453 0.5459
2990.000000 0.5465 0.5472 0.5478 0.5485 0.5491
2985.000000 0.5497 0.5504 0.5510 0.5517 0.5523
2980.000000 0.5530 0.5536 0.5543 0.5549 0.5556
2975.000000 0.5562 0.5569 0.5575 0.5582 0.5588
2970.000000 0.5595 0.5601 0.5608 0.5614 0.5621
2965.000000 0.5627 0.5634 0.5641 0.5647 0.5654
2960.000000 0.5660 0.5667 0.5673 0.5679 0.5686
2955.000000 0.5692 0.5698 0.5704 0.5710 0.5716
2950.000000 0.5723 0.5729 0.5735 0.5741 0.5747
2945.000000 0.5753 0.5760 0.5766 0.5772 0.5779
2940.000000 0.5785 0.5791 0.5797 0.5803 0.5809
2935.000000 0.5815 0.5821 0.5828 0.5834 0.5840
2930.000000 0.5847 0.5853 0.5859 0.5865 0.5871
2925.000000 0.5877 0.5883 0.5890 0.5896 0.5903
2920.000000 0.5909 0.5915 0.5921 0.5927 0.5934
2915.000000 0.5940 0.5946 0.5952 0.5959 0.5965
2910.000000 0.5972 0.5978 0.5984 0.5990 0.5997
2905.000000 0.6003 0.6010 0.6017 0.6024 0.6032
2900.000000 0.6039 0.6046 0.6053 0.6060 0.6068
2895.000000 0.6075 0.6082 0.6089 0.6097 0.6104
2890.000000 0.6112 0.6119 0.6126 0.6133 0.6141
2885.000000 0.6148 0.6156 0.6162 0.6170 0.6178
2880.000000 0.6185 0.6192 0.6199 0.6207 0.6214
2875.000000 0.6222 0.6229 0.6237 0.6244 0.6251
2870.000000 0.6258 0.6266 0.6273 0.6280 0.6287
2865.000000 0.6294 0.6300 0.6307 0.6314 0.6321
2860.000000 0.6327 0.6334 0.6341 0.6347 0.6354
2855.000000 0.6360 0.6367 0.6373 0.6380 0.6387
2850.000000 0.6394 0.6401 0.6407 0.6414 0.6421
2845.000000 0.6428 0.6434 0.6441 0.6448 0.6455
2840.000000 0.6461 0.6468 0.6475 0.6481 0.6486
2835.000000 0.6491 0.6496 0.6501 0.6507 0.6511
2830.000000 0.6517 0.6521 0.6526 0.6532 0.6537
2825.000000 0.6543 0.6548 0.6553 0.6558 0.6562
2820.000000 0.6568 0.6574 0.6578 0.6584 0.6589
2815.000000 0.6594 0.6600 0.6605 0.6610 0.6615
2810.000000 0.6619 0.6625 0.6631 0.6636 0.6642
2805.000000 0.6646 0.6651 0.6656 0.6661 0.6665
2800.000000 0.6669 0.6675 0.6680 0.6685 0.6690
2795.000000 0.6694 0.6699 0.6704 0.6708 0.6714
2790.000000 0.6718 0.6722 0.6728 0.6733 0.6738
2785.000000 0.6742 0.6747 0.6751 0.6757 0.6761
2780.000000 0.6767 0.6771 0.6775 0.6781 0.6786
2775.000000 0.6791 0.6796 0.6801 0.6806 0.6810
2770.000000 0.6814 0.6818 0.6821 0.6825 0.6830
2765.000000 0.6834 0.6838 0.6842 0.6846 0.6850
2760.000000 0.6854 0.6858 0.6861 0.6865 0.6869
2755.000000 0.6874 0.6878 0.6882 0.6886 0.6890
2750.000000 0.6894 0.6898 0.6901 0.6906 0.6908
2745.000000 0.6912 0.6918 0.6921 0.6925 0.6930
2740.000000 0.6934 0.6938 0.6942 0.6946 0.6950
2735.000000 0.6953 0.6957 0.6961 0.6964 0.6968
2730.000000 0.6971 0.6974 0.6978 0.6982 0.6985
2725.000000 0.6989 0.6992 0.6996 0.6999 0.7003
2720.000000 0.7007 0.7010 0.7012 0.7017 0.7021
2715.000000 0.7024 0.7028 0.7031 0.7035 0.7038
2710.000000 0.7042 0.7046 0.7049 0.7053 0.7056
2705.000000 0.7060 0.7064 0.7067 0.7071 0.7074
2700.000000 0.7078 0.7081 0.7085 0.7089 0.7092
2695.000000 0.7095 0.7098 0.7101 0.7105 0.7108
2690.000000 0.7111 0.7114 0.7117 0.7121 0.7124
2685.000000 0.7126 0.7131 0.7134 0.7137 0.7140
2680.000000 0.7143 0.7146 0.7149 0.7151 0.7156
2675.000000 0.7158 0.7162 0.7165 0.7168 0.7171
2670.000000 0.7175 0.7178 0.7181 0.7182 0.7184
2665.000000 0.7186 0.7188 0.7189 0.7191 0.7193
2660.000000 0.7195 0.7197 0.7198 0.7200 0.7201
2655.000000 0.7204 0.7205 0.7207 0.7208 0.7210
2650.000000 0.7211 0.7212 0.7215 0.7215 0.7218
2645.000000 0.7218 0.7219 0.7219 0.7221 0.7221
2640.000000 0.7221 0.7222 0.7224 0.7225 0.7225
2635.000000 0.7225 0.7226 0.7226 0.7228 0.7228
2630.000000 0.7230 0.7230 0.7231 0.7232 0.7233
2625.000000 0.7233 0.7233 0.7234 0.7234 0.7235
2620.000000 0.7236 0.7237 0.7237 0.7238 0.7239
2615.000000 0.7240 0.7240 0.7241 0.7242 0.7242
2610.000000 0.7242 0.7243 0.7243 0.7243 0.7243
2605.000000 0.7243 0.7243 0.7243 0.7243 0.7243
2600.000000 0.7243 0.7243 0.7243 0.7243 0.7243
2595.000000 0.7243 0.7243 0.7243 0.7243 0.7243
2590.000000 0.7243 0.7243 0.7243 0.7243 0.7243
2585.000000 0.7243 0.7243 0.7243 0.7243 0.7243
2580.000000 0.7243 0.7243 0.7243 0.7243 0.7243
2575.000000 0.7243 0.7243 0.7243 0.7243 0.7243
2570.000000 0.7243 0.7244 0.7244 0.7244 0.7245
2565.000000 0.7245 0.7246 0.7246 0.7246 0.7247
2560.000000 0.7247 0.7247 0.7248 0.7248 0.7249
2555.000000 0.7249 0.7249 0.7250 0.7250 0.7251
2550.000000 0.7251 0.7251 0.7251 0.7251 0.7251
2545.000000 0.7253 0.7253 0.7254 0.7254 0.7254
2540.000000 0.7254 0.7254 0.7255 0.7255 0.7255
2535.000000 0.7256 0.7256 0.7256 0.7257 0.7257
2530.000000 0.7258 0.7258 0.7258 0.7258 0.7258
2525.000000 0.7260 0.7260 0.7260 0.7261 0.7261
2520.000000 0.7261 0.7261 0.7261 0.7262 0.7262
2515.000000 0.7264 0.7264 0.7265 0.7265 0.7267
2510.000000 0.7268 0.7268 0.7268 0.7269 0.7271
2505.000000 0.7271 0.7271 0.7272 0.7274 0.7275
2500.000000 0.7275 0.7275 0.7276 0.7278 0.7278
2495.000000 0.7280 0.7280 0.7281 0.7282 0.7283
2490.000000 0.7284 0.7284 0.7285 0.7286 0.7287
2485.000000 0.7288 0.7288 0.7289 0.7290 0.7291
2480.000000 0.7292 0.7293 0.7294 0.7295 0.7296
2475.000000 0.7297 0.7298 0.7298 0.7299 0.7300
2470.000000 0.7301 0.7301 0.7301 0.7303 0.7304
2465.000000 0.7305 0.7306 0.7307 0.7307 0.7308
2460.000000 0.7308 0.7310 0.7311 0.7311 0.7311
2455.000000 0.7312 0.7315 0.7315 0.7317 0.7317
2450.000000 0.7318 0.7319 0.7321 0.7321 0.7324
2445.000000 0.7325 0.7325 0.7326 0.7328 0.7330
2440.000000 0.7331 0.7333 0.7333 0.7334 0.7335
2435.000000 0.7335 0.7336 0.7336 0.7336 0.7337
2430.000000 0.7337 0.7338 0.7338 0.7339 0.7339
2425.000000 0.7339 0.7340 0.7340 0.7341 0.7341
2420.000000 0.7342 0.7342 0.7342 0.7343 0.7343
2415.000000 0.7344 0.7344 0.7345 0.7345 0.7345
2410.000000 0.7346 0.7347 0.7348 0.7348 0.7349
2405.000000 0.7349 0.7349 0.7349 0.7349 0.7350
2400.000000 0.7350 0.7351 0.7351 0.7351 0.7351
2395.000000 0.7351 0.7351 0.7351 0.7351 0.7351
2390.000000 0.7353 0.7353 0.7353 0.7354 0.7354
2385.000000 0.7354 0.7354 0.7355 0.7355 0.7355
2380.000000 0.7356 0.7356 0.7356 0.7356 0.7356
2375.000000 0.7356 0.7356 0.7356 0.7356 0.7356
2370.000000 0.7356 0.7356 0.7356 0.7356 0.7356
2365.000000 0.7356 0.7356 0.7356 0.7356 0.7356
2360.000000 0.7356 0.7356 0.7356 0.7356 0.7356
2355.000000 0.7356 0.7356 0.7356 0.7356 0.7357
2350.000000 0.7357 0.7358 0.7358 0.7358 0.7358
2345.000000 0.7358 0.7358 0.7360 0.7360 0.7360
2340.000000 0.7361 0.7361 0.7361 0.7361 0.7362
2335.000000 0.7364 0.7365 0.7365 0.7367 0.7368
2330.000000 0.7368 0.7369 0.7371 0.7371 0.7372
2325.000000 0.7374 0.7375 0.7376 0.7378 0.7378
2320.000000 0.7380 0.7381 0.7382 0.7383 0.7384
2315.000000 0.7385 0.7387 0.7388 0.7389 0.7390
2310.000000 0.7392 0.7395 0.7398 0.7400 0.7403
2305.000000 0.7406 0.7408 0.7411 0.7415 0.7417
2300.000000 0.7419 0.7424 0.7426 0.7430 0.7433
2295.000000 0.7435 0.7438 0.7441 0.7444 0.7447
2290.000000 0.7450 0.7451 0.7455 0.7457 0.7460
2285.000000 0.7462 0.7465 0.7468 0.7471 0.7474
2280.000000 0.7475 0.7478 0.7481 0.7484 0.7487
2275.000000 0.7489 0.7492 0.7495 0.7497 0.7500
2270.000000 0.7501 0.7505 0.7506 0.7507 0.7508
2265.000000 0.7508 0.7510 0.7511 0.7511 0.7512
2260.000000 0.7514 0.7515 0.7515 0.7517 0.7518
2255.000000 0.7518 0.7519 0.7521 0.7521 0.7521
2250.000000 0.7522 0.7522 0.7524 0.7524 0.7525
2245.000000 0.7525 0.7526 0.7526 0.7528 0.7528
2240.000000 0.7528 0.7528 0.7530 0.7530 0.7531
2235.000000 0.7531 0.7532 0.7532 0.7533 0.7533
2230.000000 0.7534 0.7534 0.7535 0.7535 0.7536
2225.000000 0.7536 0.7537 0.7537 0.7537 0.7537
2220.000000 0.7537 0.7537 0.7537 0.7537 0.7537
2215.000000 0.7537 0.7537 0.7537 0.7537 0.7537
2210.000000 0.7537 0.7537 0.7537 0.7536 0.7536
2205.000000 0.7536 0.7536 0.7536 0.7536 0.7536
2200.000000 0.7536 0.7536 0.7536 0.7536 0.7536
2195.000000 0.7536 0.7536 0.7536 0.7536 0.7536
2190.000000 0.7536 0.7536 0.7536 0.7536 0.7536
2185.000000 0.7536 0.7536 0.7535 0.7534 0.7533
2180.000000 0.7531 0.7530 0.7528 0.7525 0.7525
2175.000000 0.7522 0.7521 0.7519 0.7518 0.7517
2170.000000 0.7515 0.7514 0.7511 0.7510 0.7508
2165.000000 0.7507 0.7506 0.7504 0.7501 0.7501
2160.000000 0.7499 0.7498 0.7496 0.7494 0.7493
2155.000000 0.7491 0.7490 0.7488 0.7486 0.7483
2150.000000 0.7481 0.7478 0.7475 0.7474 0.7471
2145.000000 0.7468 0.7467 0.7465 0.7462 0.7461
2140.000000 0.7458 0.7456 0.7453 0.7451 0.7449
2135.000000 0.7447 0.7444 0.7442 0.7439 0.7437
2130.000000 0.7435 0.7432 0.7430 0.7428 0.7425
2125.000000 0.7424 0.7421 0.7418 0.7417 0.7415
2120.000000 0.7412 0.7410 0.7408 0.7406 0.7404
2115.000000 0.7401 0.7400 0.7398 0.7396 0.7393
2110.000000 0.7391 0.7389 0.7387 0.7384 0.7382
2105.000000 0.7380 0.7378 0.7375 0.7374 0.7371
2100.000000 0.7369 0.7367 0.7365 0.7362 0.7361
2095.000000 0.7358 0.7356 0.7354 0.7351 0.7350
2090.000000 0.7348 0.7346 0.7343 0.7341 0.7339
2085.000000 0.7336 0.7334 0.7332 0.7328 0.7326
2080.000000 0.7325 0.7321 0.7319 0.7318 0.7315
2075.000000 0.7312 0.7311 0.7308 0.7306 0.7304
2070.000000 0.7301 0.7299 0.7297 0.7296 0.7294
2065.000000 0.7293 0.7291 0.7289 0.7287 0.7285
2060.000000 0.7284 0.7283 0.7281 0.7278 0.7278
2055.000000 0.7275 0.7275 0.7272 0.7271 0.7269
2050.000000 0.7268 0.7267 0.7265 0.7264 0.7261
2045.000000 0.7261 0.7258 0.7257 0.7256 0.7254
2040.000000 0.7253 0.7251 0.7249 0.7248 0.7246
2035.000000 0.7244 0.7243 0.7241 0.7240 0.7239
2030.000000 0.7237 0.7235 0.7234 0.7232 0.7231
2025.000000 0.7228 0.7228 0.7225 0.7225 0.7222
2020.000000 0.7221 0.7219 0.7218 0.7218 0.7215
2015.000000 0.7214 0.7212 0.7211 0.7210 0.7208
2010.000000 0.7207 0.7205 0.7203 0.7201 0.7201
2005.000000 0.7200 0.7198 0.7197 0.7195 0.7194
2000.000000 0.7193 0.7191 0.7190 0.7189 0.7187
1995.000000 0.7186 0.7185 0.7184 0.7182 0.7181
1990.000000 0.7180 0.7178 0.7176 0.7175 0.7175
1985.000000 0.7172 0.7171 0.7169 0.7168 0.7168
1980.000000 0.7168 0.7167 0.7167 0.7165 0.7165
1975.000000 0.7165 0.7165 0.7164 0.7164 0.7162
1970.000000 0.7161 0.7161 0.7161 0.7161 0.7160
1965.000000 0.7160 0.7160 0.7158 0.7158 0.7158
1960.000000 0.7157 0.7156 0.7156 0.7156 0.7155
1955.000000 0.7155 0.7154 0.7151 0.7151 0.7151
1950.000000 0.7150 0.7150 0.7149 0.7147 0.7147
1945.000000 0.7146 0.7145 0.7144 0.7143 0.7143
1940.000000 0.7142 0.7141 0.7140 0.7139 0.7138
1935.000000 0.7137 0.7135 0.7134 0.7133 0.7131
1930.000000 0.7130 0.7128 0.7126 0.7125 0.7124
1925.000000 0.7122 0.7121 0.7119 0.7118 0.7117
1920.000000 0.7115 0.7111 0.7110 0.7107 0.7105
1915.000000 0.7103 0.7100 0.7098 0.7095 0.7093
1910.000000 0.7090 0.7086 0.7082 0.7078 0.7074
1905.000000 0.7068 0.7065 0.7061 0.7057 0.7053
1900.000000 0.7049 0.7045 0.7040 0.7036 0.7032
1895.000000 0.7028 0.7024 0.7019 0.7015 0.7012
1890.000000 0.7011 0.7008 0.7007 0.7006 0.7004
1885.000000 0.7001 0.7000 0.6997 0.6995 0.6991
1880.000000 0.6988 0.6984 0.6980 0.6976 0.6972
1875.000000 0.6969 0.6965 0.6962 0.6958 0.6956
1870.000000 0.6951 0.6948 0.6945 0.6941 0.6938
1865.000000 0.6935 0.6931 0.6928 0.6924 0.6921
1860.000000 0.6917 0.6912 0.6910 0.6908 0.6906
1855.000000 0.6903 0.6901 0.6900 0.6898 0.6896
1850.000000 0.6894 0.6892 0.6890 0.6888 0.6886
1845.000000 0.6884 0.6882 0.6880 0.6875 0.6871
1840.000000 0.6867 0.6861 0.6857 0.6853 0.6849
1835.000000 0.6844 0.6840 0.6834 0.6830 0.6825
1830.000000 0.6821 0.6815 0.6811 0.6806 0.6799
1825.000000 0.6793 0.6787 0.6780 0.6772 0.6767
1820.000000 0.6760 0.6754 0.6747 0.6740 0.6734
1815.000000 0.6728 0.6721 0.6715 0.6708 0.6701
1810.000000 0.6696 0.6689 0.6682 0.6674 0.6665
1805.000000 0.6657 0.6648 0.6639 0.6628 0.6619
1800.000000 0.6611 0.6603 0.6593 0.6584 0.6575
1795.000000 0.6565 0.6556 0.6547 0.6538 0.6528
1790.000000 0.6519 0.6510 0.6500 0.6490 0.6478
1785.000000 0.6468 0.6458 0.6448 0.6438 0.6426
1780.000000 0.6417 0.6407 0.6396 0.6385 0.6375
1775.000000 0.6364 0.6352 0.6339 0.6326 0.6312
1770.000000 0.6301 0.6288 0.6275 0.6262 0.6249
1765.000000 0.6237 0.6224 0.6210 0.6194 0.6176
1760.000000 0.6157 0.6139 0.6121 0.6103 0.6085
1755.000000 0.6066 0.6045 0.6024 0.6003 0.5983
1750.000000 0.5962 0.5940 0.5919 0.5898 0.5878
1745.000000 0.5860 0.5845 0.5828 0.5812 0.5795
1740.000000 0.5779 0.5762 0.5743 0.5721 0.5698
1735.000000 0.5676 0.5652 0.5630 0.5607 0.5584
1730.000000 0.5560 0.5536 0.5510 0.5486 0.5460
1725.000000 0.5435 0.5410 0.5385 0.5359 0.5336
1720.000000 0.5317 0.5301 0.5286 0.5270 0.5254
1715.000000 0.5238 0.5225 0.5212 0.5202 0.5196
1710.000000 0.5192 0.5187 0.5183 0.5179 0.5174
1705.000000 0.5169 0.5164 0.5159 0.5153 0.5147
1700.000000 0.5141 0.5135 0.5128 0.5121 0.5114
1695.000000 0.5105 0.5096 0.5086 0.5077 0.5064
1690.000000 0.5049 0.5034 0.5018 0.5002 0.4987
1685.000000 0.4971 0.4955 0.4940 0.4922 0.4902
1680.000000 0.4881 0.4860 0.4841 0.4821 0.4801
1675.000000 0.4777 0.4750 0.4723 0.4695 0.4667
1670.000000 0.4640 0.4590 0.4516 0.4460 0.4415
1665.000000 0.4375 0.4334 0.4293 0.4252 0.4209
1660.000000 0.4151 0.4084 0.4016 0.3947 0.3878
1655.000000 0.3812 0.3753 0.3699 0.3644 0.3587
1650.000000 0.3530 0.3472 0.3414 0.3357 0.3300
1645.000000 0.3242 0.3184 0.3127 0.3069 0.3011
1640.000000 0.2953 0.2895 0.2837 0.2778 0.2720
1635.000000 0.2662 0.2603 0.2545 0.2485 0.2428
1630.000000 0.2369 0.2310 0.2252 0.2193 0.2134
1625.000000 0.2074 0.2015 0.1956 0.1895 0.1837
1620.000000 0.1778 0.1718 0.1659 0.1599 0.1540
1615.000000 0.1480 0.1427 0.1383 0.1333 0.1274
1610.000000 0.1188 0.1130 0.1089 0.1055 0.1030
1605.000000 0.1009 0.0988 0.0975 0.0966 0.0957
1600.000000 0.0947 0.0941 0.0935 0.0930 0.0925
1595.000000 0.0920 0.0915 0.0910 0.0907 0.0906
1590.000000 0.0905 0.0905 0.0904 0.0904 0.0906
1585.000000 0.0908 0.0911 0.0919 0.0930 0.0941
1580.000000 0.0954 0.0967 0.0983 0.1007 0.1032
1575.000000 0.1060 0.1094 0.1134 0.1191 0.1262
1570.000000 0.1338 0.1419 0.1494 0.1563 0.1632
1565.000000 0.1706 0.1782 0.1861 0.1941 0.2019
1560.000000 0.2100 0.2185 0.2273 0.2360 0.2448
1555.000000 0.2534 0.2622 0.2709 0.2797 0.2884
1550.000000 0.2972 0.3060 0.3148 0.3236 0.3324
1545.000000 0.3412 0.3500 0.3589 0.3678 0.3766
1540.000000 0.3856 0.3945 0.4034 0.4123 0.4212
1535.000000 0.4301 0.4354 0.4391 0.4427 0.4456
1530.000000 0.4486 0.4515 0.4539 0.4555 0.4572
1525.000000 0.4587 0.4600 0.4610 0.4619 0.4625
1520.000000 0.4629 0.4631 0.4632 0.4644 0.4626
1515.000000 0.4619 0.4610 0.4595 0.4567 0.4526
1510.000000 0.4476 0.4423 0.4360 0.4295 0.4223
1505.000000 0.4074 0.3956 0.3880 0.3794 0.3664
1500.000000 0.3506 0.3346 0.3187 0.3027 0.2867
1495.000000 0.2707 0.2546 0.2385 0.2225 0.2064
1490.000000 0.1902 0.1740 0.1604 0.1509 0.1477
1485.000000 0.1455 0.1445 0.1435 0.1427 0.1422
1480.000000 0.1429 0.1415 0.1416 0.1418 0.1427
1475.000000 0.1439 0.1450 0.1464 0.1488 0.1520
1470.000000 0.1565 0.1619 0.1663 0.1734 0.1827
1465.000000 0.1922 0.2016 0.2110 0.2203 0.2298
1460.000000 0.2393 0.2487 0.2582 0.2677 0.2772
1455.000000 0.2867 0.2955 0.3005 0.3022 0.3034
1450.000000 0.3048 0.3065 0.3065 0.3065 0.3063
1445.000000 0.3061 0.3053 0.3043 0.3033 0.3014
1440.000000 0.2987 0.2959 0.2927 0.2890 0.2854
1435.000000 0.2803 0.2722 0.2654 0.2596 0.2534
1430.000000 0.2479 0.2437 0.2395 0.2362 0.2349
1425.000000 0.2340 0.2332 0.2325 0.2325 0.2325
1420.000000 0.2325 0.2325 0.2325 0.2341 0.2359
1415.000000 0.2376 0.2396 0.2417 0.2439 0.2460
1410.000000 0.2481 0.2503 0.2526 0.2549 0.2573
1405.000000 0.2596 0.2620 0.2644 0.2668 0.2691
1400.000000 0.2714 0.2737 0.2761 0.2784 0.2810
1395.000000 0.2838 0.2865 0.2893 0.2916 0.2937
1390.000000 0.2957 0.2978 0.2999 0.3020 0.3034
1385.000000 0.3040 0.3043 0.3045 0.3046 0.3039
1380.000000 0.3024 0.3009 0.2992 0.2961 0.2919
1375.000000 0.2875 0.2827 0.2780 0.2738 0.2697
1370.000000 0.2656 0.2620 0.2589 0.2558 0.2530
1365.000000 0.2506 0.2482 0.2459 0.2438 0.2416
1360.000000 0.2396 0.2374 0.2350 0.2324 0.2298
1355.000000 0.2273 0.2248 0.2226 0.2203 0.2182
1350.000000 0.2165 0.2149 0.2130 0.2112 0.2100
1345.000000 0.2096 0.2090 0.2104 0.2124 0.2160
1340.000000 0.2198 0.2239 0.2289 0.2339 0.2391
1335.000000 0.2444 0.2500 0.2564 0.2629 0.2698
1330.000000 0.2765 0.2822 0.2876 0.2930 0.2994
1325.000000 0.3057 0.3097 0.3134 0.3173 0.3206
1320.000000 0.3238 0.3271 0.3300 0.3324 0.3346
1315.000000 0.3364 0.3384 0.3402 0.3436 0.3429
1310.000000 0.3438 0.3446 0.3448 0.3449 0.3450
1305.000000 0.3450 0.3450 0.3450 0.3449 0.3443
1300.000000 0.3438 0.3432 0.3426 0.3423 0.3420
1295.000000 0.3418 0.3414 0.3412 0.3408 0.3420
1290.000000 0.3434 0.3462 0.3492 0.3532 0.3588
1285.000000 0.3674 0.3762 0.3848 0.3934 0.4022
1280.000000 0.4109 0.4197 0.4284 0.4371 0.4459
1275.000000 0.4546 0.4635 0.4725 0.4847 0.4962
1270.000000 0.5042 0.5118 0.5195 0.5271 0.5339
1265.000000 0.5408 0.5477 0.5545 0.5612 0.5675
1260.000000 0.5738 0.5800 0.5862 0.5923 0.5979
1255.000000 0.6035 0.6090 0.6141 0.6187 0.6234
1250.000000 0.6282 0.6328 0.6373 0.6415 0.6457
1245.000000 0.6499 0.6542 0.6584 0.6619 0.6649
1240.000000 0.6676 0.6705 0.6733 0.6761 0.6791
1235.000000 0.6815 0.6836 0.6856 0.6876 0.6898
1230.000000 0.6915 0.6928 0.6942 0.6954 0.6968
1225.000000 0.6980 0.6993 0.7005 0.7014 0.7022
1220.000000 0.7031 0.7041 0.7049 0.7058 0.7067
1215.000000 0.7075 0.7084 0.7093 0.7101 0.7110
1210.000000 0.7117 0.7125 0.7132 0.7135 0.7138
1205.000000 0.7141 0.7144 0.7148 0.7151 0.7154
1200.000000 0.7155 0.7156 0.7157 0.7158 0.7158
1195.000000 0.7160 0.7160 0.7160 0.7140 0.7155
1190.000000 0.7153 0.7150 0.7148 0.7145 0.7143
1185.000000 0.7137 0.7132 0.7128 0.7121 0.7117
1180.000000 0.7111 0.7107 0.7101 0.7093 0.7086
1175.000000 0.7078 0.7071 0.7062 0.7056 0.7048
1170.000000 0.7040 0.7033 0.7021 0.7011 0.7000
1165.000000 0.6990 0.6978 0.6968 0.6957 0.6947
1160.000000 0.6939 0.6931 0.6922 0.6915 0.6907
1155.000000 0.6898 0.6891 0.6882 0.6874 0.6865
1150.000000 0.6855 0.6844 0.6833 0.6822 0.6811
1145.000000 0.6801 0.6790 0.6778 0.6768 0.6757
1140.000000 0.6747 0.6734 0.6721 0.6710 0.6697
1135.000000 0.6685 0.6672 0.6660 0.6648 0.6636
1130.000000 0.6624 0.6611 0.6599 0.6587 0.6574
1125.000000 0.6561 0.6549 0.6537 0.6525 0.6512
1120.000000 0.6501 0.6488 0.6475 0.6462 0.6450
1115.000000 0.6437 0.6424 0.6411 0.6398 0.6385
1110.000000 0.6373 0.6360 0.6346 0.6329 0.6310
1105.000000 0.6293 0.6275 0.6257 0.6239 0.6222
1100.000000 0.6203 0.6184 0.6162 0.6141 0.6119
1095.000000 0.6098 0.6077 0.6056 0.6035 0.6014
1090.000000 0.5993 0.5973 0.5953 0.5931 0.5910
1085.000000 0.5889 0.5867 0.5844 0.5821 0.5794
1080.000000 0.5765 0.5737 0.5709 0.5681 0.5649
1075.000000 0.5617 0.5575 0.5533 0.5491 0.5452
1070.000000 0.5410 0.5371 0.5326 0.5281 0.5236
1065.000000 0.5195 0.5153 0.5110 0.5057 0.5003
1060.000000 0.4923 0.4842 0.4768 0.4695 0.4626
1055.000000 0.4570 0.4527 0.4486 0.4460 0.4439
1050.000000 0.4428 0.4415 0.4415 0.4416 0.4417
1045.000000 0.4417 0.4417 0.4416 0.4414 0.4410
1040.000000 0.4409 0.4400 0.4376 0.4348 0.4319
1035.000000 0.4289 0.4260 0.4239 0.4223 0.4210
1030.000000 0.4203 0.4203 0.4203 0.4186 0.4192
1025.000000 0.4199 0.4208 0.4228 0.4247 0.4269
1020.000000 0.4290 0.4312 0.4335 0.4357 0.4380
1015.000000 0.4403 0.4427 0.4452 0.4476 0.4499
1010.000000 0.4523 0.4546 0.4565 0.4582 0.4597
1005.000000 0.4612 0.4627 0.4645 0.4660 0.4669
1000.000000 0.4678 0.4767 0.5204 0.5145 0.4809
995.000000 0.4735 0.4752 0.4768 0.4781 0.4794
990.000000 0.4808 0.4821 0.4831 0.4836 0.4843
985.000000 0.4849 0.4855 0.4860 0.4867 0.4876
980.000000 0.4888 0.4899 0.4910 0.4922 0.4932
975.000000 0.4939 0.4946 0.4952 0.4959 0.4965
970.000000 0.4973 0.4980 0.4988 0.4995 0.5003
965.000000 0.5010 0.5018 0.5025 0.5032 0.5039
960.000000 0.5047 0.5056 0.5070 0.5083 0.5096
955.000000 0.5110 0.5123 0.5137 0.5151 0.5165
950.000000 0.5179 0.5192 0.5203 0.5212 0.5223
945.000000 0.5228 0.5231 0.5235 0.5237 0.5241
940.000000 0.5244 0.5245 0.5240 0.5235 0.5232
935.000000 0.5227 0.5220 0.5214 0.5209 0.5203
930.000000 0.5197 0.5191 0.5186 0.5180 0.5172
925.000000 0.5164 0.5157 0.5152 0.5149 0.5149
920.000000 0.5149 0.5153 0.5157 0.5162 0.5168
915.000000 0.5173 0.5179 0.5185 0.5193 0.5208
910.000000 0.5223 0.5237 0.5252 0.5266 0.5280
905.000000 0.5294 0.5308 0.5321 0.5334 0.5346
900.000000 0.5359 0.5366 0.5371 0.5376 0.5378
895.000000 0.5379 0.5381 0.5382 0.5382 0.5382
890.000000 0.5382 0.5380 0.5378 0.5377 0.5375
885.000000 0.5374 0.5371 0.5370 0.5368 0.5366
880.000000 0.5364 0.5362 0.5360 0.5359 0.5358
875.000000 0.5358 0.5357 0.5357 0.5357 0.5356
870.000000 0.5356 0.5356 0.5356 0.5358 0.5360
865.000000 0.5362 0.5366 0.5368 0.5370 0.5371
860.000000 0.5371 0.5372 0.5373 0.5374 0.5375
855.000000 0.5377 0.5381 0.5384 0.5388 0.5396
850.000000 0.5404 0.5414 0.5436 0.5459 0.5482
845.000000 0.5503 0.5522 0.5541 0.5560 0.5581
840.000000 0.5597 0.5614 0.5631 0.5648 0.5665
835.000000 0.5683 0.5698 0.5710 0.5725 0.5738
830.000000 0.5752 0.5762 0.5772 0.5781 0.5791
825.000000 0.5801 0.5810 0.5820 0.5826 0.5832
820.000000 0.5837 0.5843 0.5848 0.5850 0.5853
815.000000 0.5857 0.5860 0.5862 0.5862 0.5862
810.000000 0.5860 0.5858 0.5858 0.5858 0.5858
805.000000 0.5853 0.5826 0.5831 0.5820 0.5808
800.000000 0.5798 0.5787 0.5776 0.5765 0.5754
795.000000 0.5743 0.5724 0.5707 0.5688 0.5670
790.000000 0.5651 0.5630 0.5605 0.5581 0.5553
785.000000 0.5523 0.5492 0.5462 0.5431 0.5400
780.000000 0.5370 0.5340 0.5310 0.5279 0.5248
775.000000 0.5218 0.5187 0.5153 0.5120 0.5085
770.000000 0.5045 0.4992 0.4939 0.4886 0.4836
765.000000 0.4794 0.4751 0.4708 0.4665 0.4622
760.000000 0.4579 0.4534 0.4490 0.4445 0.4402
755.000000 0.4357 0.4310 0.4266 0.4221 0.4176
750.000000 0.4130 0.4091 0.4058 0.4023 0.3990
745.000000 0.3956 0.3918 0.3880 0.3840 0.3799
740.000000 0.3757 0.3716 0.3680 0.3644 0.3609
735.000000 0.3573 0.3544 0.3512 0.3482 0.3453
730.000000 0.3426 0.3398 0.3371 0.3346 0.3320
725.000000 0.3294 0.3275 0.3266 0.3256 0.3246
720.000000 0.3230 0.3212 0.3196 0.3174 0.3147
715.000000 0.3119 0.3092 0.3064 0.3035 0.3007
710.000000 0.2979 0.2943 0.2905 0.2868 0.2827
705.000000 0.2785 0.2738 0.2687 0.2632 0.2577
700.000000 0.2531 0.2490 0.2449 0.2405 0.2380
695.000000 0.2360 0.2322 0.2338 0.2358 0.2397
690.000000 0.2453 0.2513 0.2584 0.2654 0.2715
685.000000 0.2769 0.2818 0.2852 0.2885 0.2908
680.000000 0.2929 0.2943 0.2951 0.2958 0.2967
675.000000 0.2971 0.2970 0.2969 0.2957
##END=
