##TITLE=BENZENE, 1-CHLOROMETHYL-4-ETHYL-
##JCAMP-DX=4.24
##DATA TYPE=INFRARED SPECTRUM
##CLASS=COBLENTZ III
##ORIGIN=DOW CHEMICAL COMPANY
##OWNER=COBLENTZ SOCIETY
Collection (C) 2018 copyright by the U.S. Secretary of Commerce
on behalf of the United States of America. All rights reserved.
##DATE=Not specified, most likely prior to 1970
##NAMES=1-(chloromethyl)-4-ethylbenzene
##CAS REGISTRY NO=1467-05-6
##MOLFORM=C9 H11 Cl
##SOURCE REFERENCE=COBLENTZ NO. 4930
##$NIST SOURCE=COBLENTZ
##$NIST IMAGE=cob4930
##SPECTROMETER/DATA SYSTEM=DOW KBr FOREPRISM-GRATING
##INSTRUMENT PARAMETERS=BLAZED AT 3.5, 12.0, 20.0 MICRON; GRATING CHANGES AT 5.0, 7.5, 14.9 MICRON
##STATE=SOLUTION (10% IN CCl4 FOR 3800-1300, 10% IN CS2 FOR 1300-450 CM^-^1)
##PATH LENGTH=0.01, AND 0.01 CM
$$SPECTRAL CONTAMINATION DUE TO CCl4 AROUND 1550 CM^-^1
##SAMPLING PROCEDURE=TRANSMISSION
##RESOLUTION=4
##DATA PROCESSING=DIGITIZED BY NIST FROM HARD COPY (FROM TWO SEGMENTS)
##XUNITS=1/CM
##YUNITS=TRANSMITTANCE
##XFACTOR=1.000000
##YFACTOR=1
##DELTAX=0.940442
##FIRSTX=449.216
##LASTX=3791.55
##FIRSTY=0.883
##MAXX=3791.55
##MINX=449.216
##MAXY=1.069
##MINY=0.016
##NPOINTS=3555
##XYDATA=(X++(Y..Y))
449.216000 0.8830 0.8820 0.8830 0.8820 0.8800
453.918211 0.8800 0.8790 0.8770 0.8770 0.8760
458.620421 0.8760 0.8750 0.8730 0.8720 0.8690
463.322632 0.8670 0.8660 0.8640 0.8610 0.8580
468.024843 0.8570 0.8550 0.8520 0.8500 0.8480
472.727053 0.8470 0.8420 0.8380 0.8320 0.8290
477.429264 0.8190 0.8130 0.8070 0.8040 0.7920
482.131475 0.7820 0.7700 0.7630 0.7600 0.7610
486.833686 0.7770 0.7890 0.8170 0.8469 0.8759
491.535896 0.9039 0.9419 0.9539 0.9659 0.9749
496.238107 0.9760 0.9970 0.9980 1.0010 1.0020
500.940318 1.0040 1.0050 1.0070 1.0080 1.0080
505.642528 1.0100 1.0100 1.0100 1.0100 1.0110
510.344739 1.0110 1.0140 1.0170 1.0190 1.0190
515.046950 1.0190 1.0190 1.0190 1.0170 1.0170
519.749160 1.0160 1.0140 1.0140 1.0140 1.0130
524.451371 1.0130 1.0130 1.0110 1.0110 1.0110
529.153582 1.0100 1.0100 1.0100 1.0100 1.0100
533.855792 1.0100 1.0100 1.0100 1.0100 1.0100
538.558003 1.0100 1.0080 1.0080 0.9980 0.9881
543.260214 0.9820 0.9770 0.9670 0.9520 0.9330
547.962424 0.9141 0.8921 0.8542 0.8042 0.7791
552.664635 0.7510 0.7230 0.6950 0.6950 0.7249
557.366846 0.7519 0.7819 0.8069 0.8468 0.8937
562.069057 0.9350 0.9640 0.9830 0.9920 1.0000
566.771267 1.0100 1.0220 1.0230 1.0300 1.0350
571.473478 1.0410 1.0470 1.0500 1.0520 1.0550
576.175689 1.0570 1.0600 1.0600 1.0630 1.0630
580.877899 1.0640 1.0640 1.0640 1.0630 1.0630
585.580110 1.0600 1.0580 1.0570 1.0500 1.0450
590.282321 1.0420 1.0390 1.0380 1.0360 1.0360
594.984531 1.0380 1.0420 1.0500 1.0550 1.0570
599.686742 1.0630 1.0670 1.0670 1.0690 1.0690
604.388953 1.0690 1.0670 1.0670 1.0670 1.0660
609.091163 1.0660 1.0640 1.0630 1.0610 1.0600
613.793374 1.0580 1.0570 1.0540 1.0520 1.0510
618.495585 1.0500 1.0480 1.0470 1.0470 1.0450
623.197796 1.0450 1.0440 1.0420 1.0420 1.0410
627.900006 1.0410 1.0390 1.0380 1.0350 1.0300
632.602217 1.0260 1.0230 1.0220 1.0160 1.0130
637.304428 1.0110 1.0080 1.0040 0.9980 0.9910
642.006638 0.9860 0.9800 0.9790 0.9700 0.9670
646.708849 0.9610 0.9570 0.9520 0.9480 0.9270
651.411060 0.9250 0.9230 0.9230 0.9220 0.9200
656.113270 0.9190 0.9160 0.9110 0.9100 0.9070
660.815481 0.8890 0.8790 0.8521 0.8510 0.8411
665.517692 0.8300 0.8110 0.7100 0.7050 0.6291
670.219902 0.6021 0.5412 0.5101 0.5100 0.5200
674.922113 0.5250 0.5290 0.5330 0.5390 0.5330
679.624324 0.5290 0.5250 0.5190 0.5170 0.5140
684.326535 0.5100 0.5020 0.4950 0.4830 0.4251
689.028745 0.3731 0.2952 0.2292 0.0926 0.0363
693.730956 0.0160 0.0160 0.0420 0.0690 0.0950
698.433167 0.1200 0.1669 0.2448 0.3376 0.3699
703.135377 0.3850 0.4160 0.4600 0.4670 0.4720
707.837588 0.4750 0.4760 0.4760 0.4760 0.4750
712.539799 0.4730 0.4720 0.4700 0.4660 0.4580
717.242009 0.4550 0.4550 0.4540 0.4450 0.4390
721.944220 0.4360 0.4350 0.4350 0.4360 0.4380
726.646431 0.4390 0.4410 0.4470 0.4470 0.4420
731.348641 0.4350 0.4250 0.4140 0.4050 0.3751
736.050852 0.3441 0.3350 0.3201 0.3021 0.2940
740.753063 0.2880 0.2860 0.2880 0.2940 0.3010
745.455273 0.3100 0.3270 0.3439 0.3470 0.3888
750.157484 0.4380 0.4580 0.4630 0.4790 0.5020
754.859695 0.5249 0.5609 0.5979 0.6299 0.6638
759.561906 0.6660 0.7070 0.7070 0.6950 0.6890
764.264116 0.6850 0.6760 0.6640 0.6540 0.6440
768.966327 0.6330 0.6330 0.6540 0.6760 0.6940
773.668538 0.7010 0.7050 0.7249 0.7439 0.7549
778.370748 0.7570 0.7580 0.7570 0.7550 0.7450
783.072959 0.7410 0.7360 0.7320 0.7300 0.7320
787.775170 0.7330 0.7390 0.7420 0.7500 0.7750
792.477380 0.7950 0.8020 0.8160 0.8329 0.8499
797.179591 0.8730 0.8750 0.8830 0.8940 0.9000
801.881802 0.9130 0.9220 0.9230 0.9250 0.9250
806.584012 0.9250 0.9230 0.9200 0.9190 0.9170
811.286223 0.9100 0.9040 0.9020 0.9020 0.9010
815.988434 0.9010 0.8970 0.8950 0.8890 0.8890
820.690645 0.8700 0.8610 0.8550 0.8510 0.8480
825.392855 0.8480 0.8470 0.8450 0.8440 0.8380
830.095066 0.8290 0.8190 0.8080 0.8000 0.7970
834.797277 0.7980 0.8040 0.8080 0.8140 0.8170
839.499487 0.8250 0.8290 0.8440 0.8639 0.8670
844.201698 0.8640 0.8570 0.8440 0.8380 0.8360
848.903909 0.8320 0.8290 0.8270 0.8260 0.8250
853.606119 0.8250 0.8250 0.8260 0.8270 0.8290
858.308330 0.8320 0.8330 0.8360 0.8390 0.8500
863.010541 0.8510 0.8510 0.8520 0.8580 0.8670
867.712751 0.8700 0.8760 0.8820 0.8890 0.8910
872.414962 0.8970 0.9080 0.9080 0.9110 0.9160
877.117173 0.9190 0.9250 0.9270 0.9290 0.9330
881.819384 0.9360 0.9420 0.9440 0.9470 0.9480
886.521594 0.9510 0.9520 0.9550 0.9570 0.9600
891.223805 0.9610 0.9610 0.9600 0.9550 0.9440
895.926016 0.9201 0.9021 0.8880 0.8721 0.8143
900.628226 0.7699 0.7270 0.7270 0.8130 0.8699
905.330437 0.8860 0.9548 0.9670 0.9760 0.9820
910.032648 0.9910 0.9980 1.0050 1.0080 1.0100
914.734858 1.0110 1.0160 1.0170 1.0190 1.0190
919.437069 1.0200 1.0200 1.0220 1.0220 1.0220
924.139280 1.0220 1.0220 1.0220 1.0220 1.0220
928.841490 1.0220 1.0220 1.0220 1.0200 1.0200
933.543701 1.0190 1.0190 1.0170 1.0140 1.0130
938.245912 1.0110 1.0080 1.0080 1.0070 1.0050
942.948122 1.0050 1.0050 1.0050 1.0050 1.0050
947.650333 1.0040 1.0040 0.9970 0.9950 0.9890
952.352544 0.9830 0.9770 0.9760 0.9750 0.9640
957.054755 0.9470 0.9360 0.9350 0.9230 0.9080
961.756965 0.8980 0.8950 0.8940 0.8950 0.8980
966.459176 0.9100 0.9140 0.9230 0.9320 0.9410
971.161387 0.9500 0.9550 0.9690 0.9700 0.9730
975.863597 0.9750 0.9750 0.9770 0.9830 0.9890
980.565808 0.9940 0.9980 1.0000 1.0010 1.0020
985.268019 1.0040 1.0040 1.0050 1.0070 1.0100
989.970229 1.0110 1.0110 1.0130 1.0130 1.0140
994.672440 1.0140 1.0130 1.0110 1.0100 1.0100
999.374651 1.0080 1.0080 1.0070 1.0070 1.0070
1004.076861 1.0070 1.0070 1.0050 1.0050 1.0040
1008.779072 1.0040 1.0020 1.0010 0.9980 0.9970
1013.481283 0.9920 0.9890 0.9830 0.9800 0.9760
1018.183494 0.9600 0.9500 0.9261 0.8911 0.8860
1022.885704 0.8850 0.8820 0.8730 0.8420 0.8170
1027.587915 0.7830 0.7071 0.6671 0.6670 0.7746
1032.290126 0.7770 0.7770 0.7760 0.7750 0.7750
1036.992336 0.7760 0.7940 0.8140 0.8499 0.8699
1041.694547 0.8920 0.9000 0.9110 0.9160 0.9190
1046.396758 0.9190 0.9160 0.9140 0.9110 0.9080
1051.098968 0.9010 0.8980 0.8890 0.8830 0.8790
1055.801179 0.8670 0.8640 0.8630 0.8610 0.8610
1060.503390 0.8630 0.8640 0.8670 0.8730 0.8760
1065.205600 0.8910 0.8980 0.9050 0.9219 0.9479
1069.907811 0.9520 0.9580 0.9630 0.9660 0.9670
1074.610022 0.9660 0.9660 0.9630 0.9580 0.9550
1079.312233 0.9510 0.9440 0.9250 0.9160 0.9080
1084.014443 0.9000 0.8950 0.8920 0.8910 0.8910
1088.716654 0.8920 0.9000 0.9100 0.9220 0.9450
1093.418865 0.9690 0.9760 0.9800 0.9820 0.9830
1098.121075 0.9830 0.9820 0.9820 0.9790 0.9760
1102.823286 0.9720 0.9670 0.9640 0.9600 0.9570
1107.525497 0.9550 0.9550 0.9570 0.9660 0.9730
1112.227707 0.9860 0.9880 0.9910 0.9920 0.9970
1116.929918 1.0010 1.0040 1.0100 1.0130 1.0140
1121.632129 1.0170 1.0190 1.0200 1.0220 1.0230
1126.334339 1.0230 1.0250 1.0250 1.0250 1.0250
1131.036550 1.0250 1.0230 1.0230 1.0220 1.0200
1135.738761 1.0190 1.0170 1.0140 1.0110 1.0100
1140.440971 1.0080 0.9980 0.9970 0.9970 0.9940
1145.143182 0.9910 0.9890 0.9860 0.9830 0.9820
1149.845393 0.9820 0.9760 0.9730 0.9720 0.9700
1154.547604 0.9700 0.9700 0.9700 0.9720 0.9720
1159.249814 0.9720 0.9730 0.9750 0.9770 0.9770
1163.952025 0.9770 0.9770 0.9770 0.9760 0.9760
1168.654236 0.9750 0.9730 0.9690 0.9640 0.9540
1173.356446 0.9540 0.9500 0.9440 0.9390 0.9350
1178.058657 0.9230 0.9200 0.9190 0.9200 0.9230
1182.760868 0.9300 0.9360 0.9440 0.9500 0.9540
1187.463078 0.9690 0.9730 0.9750 0.9770 0.9880
1192.165289 0.9980 1.0000 1.0000 1.0000 1.0000
1196.867500 1.0000 1.0000 0.9980 0.9980 0.9980
1201.569710 0.9980 1.0000 1.0000 1.0000 1.0010
1206.271921 1.0010 1.0010 1.0000 0.9980 0.9970
1210.974132 0.9970 0.9970 0.9970 0.9980 1.0000
1215.676343 1.0000 1.0010 1.0020 1.0040 1.0070
1220.378553 1.0130 1.0170 1.0200 1.0220 1.0220
1225.080764 1.0230 1.0230 1.0230 1.0220 1.0220
1229.782975 1.0200 1.0190 1.0170 1.0170 1.0140
1234.485185 1.0130 1.0130 1.0110 1.0070 1.0040
1239.187396 0.9980 1.0000 1.0000 0.9890 0.9880
1243.889607 0.9880 0.9860 0.9850 0.9830 0.9820
1248.591817 0.9800 0.9790 0.9720 0.9610 0.9550
1253.294028 0.9500 0.9410 0.9290 0.9100 0.8891
1257.996239 0.8689 0.8470 0.8328 0.6910 0.6700
1262.698449 0.6510 0.6320 0.6130 0.6130 0.6409
1267.400660 0.7381 0.7701 0.8021 0.8350 0.8510
1272.102871 0.8980 0.9000 0.9350 0.9440 0.9510
1276.805082 0.9540 0.9550 0.9550 0.9570 0.9570
1281.507292 0.9570 0.9580 0.9580 0.9570 0.9570
1286.209503 0.9550 0.9540 0.9520 0.9510 0.9500
1290.911714 0.9500 0.9480 0.9470 0.9450 0.9450
1295.613924 0.9440 0.9420 0.9410 0.9380 0.9360
1300.316135 0.9330 0.9300 0.9300 0.9290 0.9290
1305.018346 0.9290 0.9290 0.9290 0.9290 0.9270
1309.720556 0.9270 0.9260 0.9250 0.9230 0.9220
1314.422767 0.9220 0.9200 0.9190 0.9170 0.9170
1319.124978 0.9170 0.9160 0.9160 0.9160 0.9160
1323.827188 0.9170 0.9170 0.9190 0.9190 0.9200
1328.529399 0.9200 0.9220 0.9230 0.9260 0.9270
1333.231610 0.9290 0.9300 0.9360 0.9360 0.9390
1337.933820 0.9410 0.9440 0.9440 0.9450 0.9470
1342.636031 0.9500 0.9510 0.9510 0.9520 0.9540
1347.338242 0.9550 0.9580 0.9600 0.9610 0.9630
1352.040453 0.9660 0.9690 0.9720 0.9730 0.9730
1356.742663 0.9750 0.9750 0.9750 0.9750 0.9750
1361.444874 0.9730 0.9720 0.9630 0.9570 0.9510
1366.147085 0.9440 0.9380 0.9300 0.9230 0.9050
1370.849295 0.8829 0.8669 0.8470 0.8300 0.8270
1375.551506 0.8290 0.8380 0.8470 0.8550 0.8640
1380.253717 0.8750 0.8851 0.9100 0.9130 0.9190
1384.955927 0.9270 0.9290 0.9300 0.9350 0.9380
1389.658138 0.9450 0.9500 0.9550 0.9570 0.9580
1394.360349 0.9580 0.9580 0.9600 0.9600 0.9610
1399.062559 0.9610 0.9610 0.9600 0.9600 0.9580
1403.764770 0.9550 0.9540 0.9510 0.9470 0.9440
1408.466981 0.9390 0.9360 0.9320 0.9290 0.9200
1413.169192 0.9140 0.9080 0.9010 0.8920 0.8880
1417.871402 0.8800 0.8760 0.8760 0.8850 0.8860
1422.573613 0.8860 0.8850 0.8830 0.8820 0.8800
1427.275824 0.8770 0.8730 0.8690 0.8580 0.8480
1431.978034 0.8390 0.8350 0.8350 0.8220 0.8100
1436.680245 0.8010 0.7950 0.7830 0.7789 0.7450
1441.382456 0.7130 0.7020 0.6880 0.6640 0.6301
1446.084666 0.6039 0.5859 0.5439 0.4939 0.4359
1450.786877 0.1421 0.1420 0.1720 0.2449 0.2540
1455.489088 0.3172 0.3662 0.4300 0.4321 0.4790
1460.191298 0.4850 0.4950 0.5000 0.5140 0.5599
1464.893509 0.6041 0.6291 0.6631 0.6890 0.7050
1469.595720 0.7320 0.7670 0.7820 0.7820 0.7800
1474.297931 0.7730 0.7690 0.7660 0.7580 0.7580
1479.000141 0.7850 0.7850 0.7820 0.7770 0.7750
1483.702352 0.7700 0.7670 0.7640 0.7509 0.7100
1488.404563 0.7050 0.6750 0.5351 0.4751 0.4471
1493.106773 0.4007 0.3298 0.2570 0.2538 0.1820
1497.808984 0.1823 0.5050 0.5630 0.6200 0.7169
1502.511195 0.7320 0.7330 0.7330 0.7320 0.7320
1507.213405 0.7290 0.7260 0.7220 0.7170 0.7070
1511.915616 0.6879 0.6730 0.6700 0.6700 0.6720
1516.617827 0.6730 0.6770 0.6800 0.6820 0.6850
1521.320037 0.6880 0.6880 0.6890 0.6890 0.6890
1526.022248 0.6880 0.6830 0.6760 0.6700 0.6580
1530.724459 0.6420 0.6289 0.6100 0.6000 0.5880
1535.426669 0.5800 0.5640 0.5450 0.5410 0.5390
1540.128880 0.5320 0.5230 0.5170 0.5020 0.5000
1544.831091 0.4980 0.4970 0.4970 0.4970 0.4980
1549.533302 0.5010 0.5050 0.5100 0.5110 0.5110
1554.235512 0.5160 0.5470 0.5600 0.5730 0.5760
1558.937723 0.5770 0.5770 0.5790 0.5860 0.6000
1563.639934 0.6270 0.6270 0.6350 0.6600 0.6610
1568.342144 0.6660 0.6720 0.6730 0.6750 0.6750
1573.044355 0.6730 0.6720 0.6690 0.6670 0.6610
1577.746566 0.6580 0.6550 0.6540 0.6540 0.6550
1582.448776 0.6600 0.6640 0.6700 0.6760 0.6880
1587.150987 0.6920 0.6980 0.7040 0.7100 0.7200
1591.853198 0.7250 0.7250 0.7270 0.7260 0.7250
1596.555408 0.7170 0.7080 0.6940 0.6760 0.6550
1601.257619 0.6350 0.6100 0.6000 0.5411 0.5410
1605.959830 0.6364 0.7323 0.8101 0.8321 0.8610
1610.662041 0.8770 0.8910 0.9050 0.9110 0.9140
1615.364251 0.9170 0.9220 0.9290 0.9300 0.9350
1620.066462 0.9410 0.9510 0.9550 0.9570 0.9630
1624.768673 0.9640 0.9660 0.9670 0.9690 0.9730
1629.470883 0.9750 0.9800 0.9830 0.9860 0.9880
1634.173094 0.9880 0.9890 0.9890 0.9890 0.9890
1638.875305 0.9890 0.9910 0.9940 0.9940 0.9940
1643.577515 0.9920 0.9910 0.9910 0.9890 0.9880
1648.279726 0.9880 0.9860 0.9850 0.9830 0.9830
1652.981937 0.9830 0.9830 0.9820 0.9820 0.9820
1657.684147 0.9820 0.9820 0.9820 0.9820 0.9820
1662.386358 0.9830 0.9830 0.9830 0.9830 0.9830
1667.088569 0.9830 0.9850 0.9850 0.9850 0.9830
1671.790780 0.9830 0.9820 0.9820 0.9830 0.9850
1676.492990 0.9860 0.9880 0.9890 0.9890 0.9890
1681.195201 0.9890 0.9860 0.9860 0.9880 0.9880
1685.897412 0.9860 0.9830 0.9820 0.9820 0.9820
1690.599622 0.9830 0.9850 0.9850 0.9850 0.9860
1695.301833 0.9890 0.9890 0.9880 0.9860 0.9880
1700.004044 0.9880 0.9890 0.9910 0.9890 0.9880
1704.706254 0.9860 0.9860 0.9850 0.9830 0.9820
1709.408465 0.9850 0.9910 0.9940 0.9950 0.9970
1714.110676 0.9950 0.9940 0.9910 0.9880 0.9880
1718.812886 0.9860 0.9860 0.9850 0.9830 0.9830
1723.515097 0.9820 0.9820 0.9820 0.9820 0.9820
1728.217308 0.9800 0.9800 0.9800 0.9750 0.9660
1732.919518 0.9630 0.9610 0.9600 0.9580 0.9580
1737.621729 0.9570 0.9520 0.9500 0.9480 0.9480
1742.323940 0.9500 0.9550 0.9610 0.9660 0.9720
1747.026151 0.9750 0.9760 0.9760 0.9760 0.9800
1751.728361 0.9830 0.9850 0.9860 0.9860 0.9860
1756.430572 0.9880 0.9890 0.9890 0.9910 0.9910
1761.132783 0.9910 0.9920 0.9940 0.9940 0.9920
1765.834993 0.9910 0.9910 0.9890 0.9890 0.9860
1770.537204 0.9850 0.9820 0.9820 0.9800 0.9800
1775.239415 0.9820 0.9830 0.9830 0.9830 0.9820
1779.941625 0.9800 0.9790 0.9770 0.9760 0.9760
1784.643836 0.9750 0.9750 0.9730 0.9670 0.9640
1789.346047 0.9630 0.9550 0.9500 0.9330 0.9290
1794.048257 0.9230 0.9190 0.9130 0.9100 0.9100
1798.750468 0.9110 0.9160 0.9230 0.9250 0.9300
1803.452679 0.9360 0.9410 0.9450 0.9510 0.9520
1808.154890 0.9540 0.9550 0.9550 0.9570 0.9570
1812.857100 0.9580 0.9580 0.9600 0.9600 0.9600
1817.559311 0.9610 0.9640 0.9690 0.9720 0.9760
1822.261522 0.9790 0.9800 0.9800 0.9820 0.9830
1826.963732 0.9850 0.9860 0.9880 0.9890 0.9890
1831.665943 0.9890 0.9910 0.9910 0.9910 0.9910
1836.368154 0.9890 0.9890 0.9880 0.9860 0.9860
1841.070364 0.9820 0.9790 0.9770 0.9760 0.9750
1845.772575 0.9750 0.9730 0.9730 0.9730 0.9720
1850.474786 0.9700 0.9660 0.9630 0.9600 0.9550
1855.176996 0.9520 0.9450 0.9380 0.9330 0.9290
1859.879207 0.9260 0.9220 0.9190 0.9170 0.9190
1864.581418 0.9250 0.9270 0.9380 0.9470 0.9510
1869.283628 0.9520 0.9520 0.9540 0.9520 0.9510
1873.985839 0.9470 0.9440 0.9380 0.9330 0.9320
1878.688050 0.9300 0.9320 0.9351 0.9480 0.9520
1883.390261 0.9600 0.9610 0.9670 0.9730 0.9750
1888.092471 0.9760 0.9760 0.9750 0.9670 0.9540
1892.794682 0.9510 0.9520 0.9630 0.9660 0.9690
1897.496893 0.9720 0.9730 0.9760 0.9770 0.9770
1902.199103 0.9770 0.9790 0.9790 0.9790 0.9790
1906.901314 0.9770 0.9760 0.9760 0.9760 0.9760
1911.603525 0.9760 0.9750 0.9750 0.9730 0.9720
1916.305735 0.9720 0.9730 0.9730 0.9750 0.9760
1921.007946 0.9760 0.9750 0.9750 0.9750 0.9750
1925.710157 0.9730 0.9730 0.9690 0.9660 0.9630
1930.412367 0.9550 0.9470 0.9360 0.9320 0.9250
1935.114578 0.9140 0.9080 0.9040 0.9020 0.9020
1939.816789 0.9040 0.9130 0.9200 0.9290 0.9330
1944.519000 0.9380 0.9470 0.9540 0.9550 0.9570
1949.221210 0.9540 0.9520 0.9470 0.9450 0.9440
1953.923421 0.9440 0.9440 0.9450 0.9540 0.9640
1958.625632 0.9720 0.9730 0.9750 0.9750 0.9760
1963.327842 0.9770 0.9790 0.9800 0.9830 0.9850
1968.030053 0.9850 0.9850 0.9850 0.9860 0.9860
1972.732264 0.9880 0.9890 0.9890 0.9880 0.9860
1977.434474 0.9850 0.9830 0.9830 0.9830 0.9830
1982.136685 0.9830 0.9850 0.9850 0.9850 0.9860
1986.838896 0.9860 0.9880 0.9890 0.9890 0.9890
1991.541106 0.9910 0.9910 0.9860 0.9820 0.9790
1996.243317 0.9760 0.9750 0.9730 0.9730 0.9730
2000.945528 0.9730 0.9730 0.9730 0.9730 0.9740
2005.647739 0.9750 0.9750 0.9750 0.9750 0.9750
2010.349949 0.9750 0.9750 0.9755 0.9760 0.9760
2015.052160 0.9760 0.9760 0.9760 0.9760 0.9760
2019.754371 0.9760 0.9760 0.9775 0.9790 0.9795
2024.456581 0.9800 0.9810 0.9820 0.9820 0.9820
2029.158792 0.9820 0.9820 0.9820 0.9820 0.9820
2033.861003 0.9820 0.9810 0.9800 0.9800 0.9800
2038.563213 0.9800 0.9800 0.9800 0.9800 0.9800
2043.265424 0.9800 0.9810 0.9820 0.9820 0.9820
2047.967635 0.9820 0.9820 0.9820 0.9820 0.9820
2052.669845 0.9820 0.9820 0.9820 0.9820 0.9820
2057.372056 0.9820 0.9820 0.9820 0.9820 0.9820
2062.074267 0.9820 0.9825 0.9830 0.9830 0.9830
2066.776477 0.9840 0.9850 0.9850 0.9850 0.9850
2071.478688 0.9850 0.9850 0.9850 0.9855 0.9860
2076.180899 0.9860 0.9860 0.9860 0.9860 0.9860
2080.883110 0.9860 0.9860 0.9860 0.9860 0.9860
2085.585320 0.9860 0.9860 0.9860 0.9860 0.9860
2090.287531 0.9860 0.9860 0.9860 0.9860 0.9860
2094.989742 0.9860 0.9860 0.9860 0.9860 0.9860
2099.691952 0.9860 0.9860 0.9860 0.9855 0.9850
2104.394163 0.9850 0.9850 0.9850 0.9850 0.9850
2109.096374 0.9850 0.9850 0.9850 0.9850 0.9850
2113.798584 0.9850 0.9850 0.9855 0.9860 0.9860
2118.500795 0.9860 0.9860 0.9860 0.9860 0.9860
2123.203006 0.9860 0.9860 0.9860 0.9860 0.9860
2127.905216 0.9860 0.9870 0.9880 0.9880 0.9880
2132.607427 0.9870 0.9860 0.9860 0.9860 0.9860
2137.309638 0.9860 0.9860 0.9860 0.9860 0.9860
2142.011849 0.9860 0.9860 0.9860 0.9860 0.9860
2146.714059 0.9860 0.9860 0.9860 0.9860 0.9860
2151.416270 0.9860 0.9860 0.9860 0.9860 0.9860
2156.118481 0.9860 0.9860 0.9860 0.9860 0.9860
2160.820691 0.9860 0.9860 0.9860 0.9860 0.9860
2165.522902 0.9860 0.9860 0.9860 0.9860 0.9860
2170.225113 0.9855 0.9850 0.9850 0.9850 0.9850
2174.927323 0.9850 0.9850 0.9850 0.9850 0.9850
2179.629534 0.9850 0.9850 0.9850 0.9850 0.9840
2184.331745 0.9830 0.9830 0.9830 0.9830 0.9830
2189.033955 0.9830 0.9830 0.9830 0.9830 0.9830
2193.736166 0.9830 0.9830 0.9830 0.9825 0.9820
2198.438377 0.9820 0.9820 0.9820 0.9820 0.9820
2203.140588 0.9820 0.9820 0.9820 0.9820 0.9820
2207.842798 0.9820 0.9820 0.9805 0.9790 0.9790
2212.545009 0.9790 0.9795 0.9800 0.9800 0.9800
2217.247220 0.9800 0.9800 0.9800 0.9800 0.9795
2221.949430 0.9790 0.9790 0.9790 0.9790 0.9790
2226.651641 0.9790 0.9790 0.9790 0.9790 0.9790
2231.353852 0.9790 0.9790 0.9790 0.9790 0.9790
2236.056062 0.9790 0.9790 0.9790 0.9790 0.9790
2240.758273 0.9790 0.9780 0.9770 0.9770 0.9770
2245.460484 0.9770 0.9770 0.9770 0.9770 0.9770
2250.162694 0.9770 0.9765 0.9760 0.9760 0.9760
2254.864905 0.9755 0.9750 0.9740 0.9730 0.9715
2259.567116 0.9700 0.9685 0.9670 0.9665 0.9660
2264.269326 0.9660 0.9660 0.9650 0.9640 0.9640
2268.971537 0.9640 0.9635 0.9630 0.9620 0.9610
2273.673748 0.9610 0.9610 0.9605 0.9600 0.9590
2278.375959 0.9580 0.9580 0.9580 0.9580 0.9580
2283.078169 0.9580 0.9580 0.9580 0.9580 0.9580
2287.780380 0.9580 0.9575 0.9570 0.9570 0.9570
2292.482591 0.9570 0.9570 0.9570 0.9570 0.9570
2297.184801 0.9570 0.9570 0.9570 0.9570 0.9570
2301.887012 0.9570 0.9570 0.9560 0.9550 0.9550
2306.589223 0.9550 0.9560 0.9570 0.9570 0.9570
2311.291433 0.9570 0.9570 0.9570 0.9570 0.9570
2315.993644 0.9570 0.9570 0.9570 0.9570 0.9570
2320.695855 0.9570 0.9570 0.9570 0.9570 0.9570
2325.398065 0.9570 0.9570 0.9570 0.9575 0.9580
2330.100276 0.9580 0.9580 0.9580 0.9580 0.9580
2334.802487 0.9580 0.9590 0.9600 0.9605 0.9610
2339.504698 0.9610 0.9610 0.9620 0.9630 0.9630
2344.206908 0.9630 0.9635 0.9640 0.9650 0.9660
2348.909119 0.9660 0.9660 0.9660 0.9660 0.9660
2353.611330 0.9660 0.9660 0.9660 0.9660 0.9660
2358.313540 0.9660 0.9660 0.9675 0.9690 0.9695
2363.015751 0.9700 0.9710 0.9720 0.9735 0.9750
2367.717962 0.9750 0.9750 0.9750 0.9750 0.9750
2372.420172 0.9750 0.9735 0.9720 0.9720 0.9720
2377.122383 0.9735 0.9750 0.9760 0.9770 0.9785
2381.824594 0.9800 0.9815 0.9830 0.9840 0.9850
2386.526804 0.9850 0.9850 0.9840 0.9830 0.9830
2391.229015 0.9830 0.9830 0.9830 0.9830 0.9830
2395.931226 0.9830 0.9830 0.9830 0.9830 0.9830
2400.633437 0.9830 0.9830 0.9830 0.9830 0.9830
2405.335647 0.9830 0.9830 0.9840 0.9850 0.9850
2410.037858 0.9850 0.9840 0.9830 0.9830 0.9830
2414.740069 0.9830 0.9830 0.9830 0.9830 0.9830
2419.442279 0.9830 0.9830 0.9830 0.9830 0.9830
2424.144490 0.9830 0.9830 0.9830 0.9830 0.9830
2428.846701 0.9830 0.9830 0.9830 0.9840 0.9850
2433.548911 0.9865 0.9880 0.9880 0.9880 0.9880
2438.251122 0.9880 0.9880 0.9880 0.9880 0.9880
2442.953333 0.9880 0.9880 0.9880 0.9880 0.9880
2447.655543 0.9880 0.9880 0.9880 0.9880 0.9880
2452.357754 0.9880 0.9880 0.9880 0.9880 0.9880
2457.059965 0.9880 0.9880 0.9880 0.9880 0.9880
2461.762175 0.9880 0.9880 0.9880 0.9880 0.9880
2466.464386 0.9880 0.9870 0.9860 0.9860 0.9860
2471.166597 0.9860 0.9860 0.9855 0.9850 0.9850
2475.868808 0.9850 0.9850 0.9850 0.9850 0.9850
2480.571018 0.9850 0.9850 0.9850 0.9850 0.9850
2485.273229 0.9850 0.9850 0.9850 0.9850 0.9850
2489.975440 0.9850 0.9850 0.9850 0.9850 0.9850
2494.677650 0.9850 0.9850 0.9850 0.9850 0.9850
2499.379861 0.9850 0.9850 0.9840 0.9830 0.9840
2504.082072 0.9850 0.9850 0.9850 0.9850 0.9850
2508.784282 0.9850 0.9850 0.9840 0.9830 0.9830
2513.486493 0.9830 0.9840 0.9850 0.9850 0.9850
2518.188704 0.9840 0.9830 0.9830 0.9830 0.9830
2522.890914 0.9830 0.9830 0.9830 0.9840 0.9850
2527.593125 0.9850 0.9850 0.9850 0.9850 0.9850
2532.295336 0.9850 0.9855 0.9860 0.9860 0.9860
2536.997547 0.9860 0.9860 0.9855 0.9850 0.9850
2541.699757 0.9850 0.9855 0.9860 0.9860 0.9860
2546.401968 0.9860 0.9860 0.9860 0.9860 0.9860
2551.104179 0.9860 0.9855 0.9850 0.9850 0.9850
2555.806389 0.9850 0.9850 0.9850 0.9850 0.9850
2560.508600 0.9850 0.9850 0.9850 0.9850 0.9850
2565.210811 0.9840 0.9830 0.9830 0.9830 0.9830
2569.913021 0.9830 0.9830 0.9830 0.9830 0.9830
2574.615232 0.9830 0.9830 0.9830 0.9830 0.9830
2579.317443 0.9830 0.9830 0.9830 0.9825 0.9820
2584.019653 0.9820 0.9820 0.9820 0.9820 0.9820
2588.721864 0.9820 0.9810 0.9800 0.9800 0.9800
2593.424075 0.9800 0.9800 0.9800 0.9800 0.9795
2598.126286 0.9790 0.9790 0.9790 0.9790 0.9790
2602.828496 0.9780 0.9770 0.9770 0.9770 0.9770
2607.530707 0.9770 0.9770 0.9770 0.9765 0.9760
2612.232918 0.9760 0.9760 0.9760 0.9760 0.9760
2616.935128 0.9760 0.9760 0.9760 0.9760 0.9760
2621.637339 0.9760 0.9760 0.9760 0.9760 0.9765
2626.339550 0.9770 0.9770 0.9770 0.9780 0.9790
2631.041760 0.9795 0.9800 0.9800 0.9800 0.9810
2635.743971 0.9820 0.9820 0.9820 0.9825 0.9830
2640.446182 0.9830 0.9830 0.9830 0.9830 0.9840
2645.148392 0.9850 0.9850 0.9850 0.9850 0.9850
2649.850603 0.9850 0.9850 0.9850 0.9850 0.9850
2654.552814 0.9850 0.9850 0.9850 0.9850 0.9850
2659.255024 0.9850 0.9850 0.9840 0.9830 0.9830
2663.957235 0.9830 0.9840 0.9850 0.9850 0.9850
2668.659446 0.9840 0.9830 0.9830 0.9830 0.9830
2673.361657 0.9830 0.9830 0.9830 0.9830 0.9830
2678.063867 0.9830 0.9830 0.9830 0.9830 0.9825
2682.766078 0.9820 0.9820 0.9820 0.9820 0.9820
2687.468289 0.9820 0.9820 0.9810 0.9800 0.9800
2692.170499 0.9800 0.9800 0.9800 0.9800 0.9800
2696.872710 0.9810 0.9820 0.9810 0.9800 0.9800
2701.574921 0.9800 0.9795 0.9790 0.9790 0.9790
2706.277131 0.9790 0.9790 0.9780 0.9770 0.9780
2710.979342 0.9790 0.9790 0.9790 0.9780 0.9770
2715.681553 0.9765 0.9760 0.9745 0.9730 0.9715
2720.383763 0.9700 0.9695 0.9690 0.9690 0.9690
2725.085974 0.9690 0.9690 0.9695 0.9700 0.9700
2729.788185 0.9700 0.9715 0.9730 0.9740 0.9750
2734.490396 0.9750 0.9750 0.9750 0.9750 0.9750
2739.192606 0.9750 0.9755 0.9760 0.9760 0.9760
2743.894817 0.9755 0.9750 0.9750 0.9750 0.9750
2748.597028 0.9750 0.9740 0.9730 0.9725 0.9720
2753.299238 0.9710 0.9700 0.9700 0.9700 0.9695
2758.001449 0.9690 0.9675 0.9660 0.9645 0.9630
2762.703660 0.9620 0.9610 0.9610 0.9610 0.9610
2767.405870 0.9610 0.9605 0.9600 0.9585 0.9570
2772.108081 0.9560 0.9550 0.9545 0.9540 0.9540
2776.810292 0.9540 0.9545 0.9550 0.9560 0.9570
2781.512502 0.9570 0.9570 0.9575 0.9580 0.9580
2786.214713 0.9580 0.9580 0.9580 0.9575 0.9570
2790.916924 0.9560 0.9550 0.9545 0.9540 0.9530
2795.619135 0.9520 0.9520 0.9520 0.9520 0.9520
2800.321345 0.9520 0.9520 0.9515 0.9510 0.9490
2805.023556 0.9470 0.9460 0.9450 0.9445 0.9440
2809.725767 0.9385 0.9330 0.9310 0.9290 0.9255
2814.427977 0.9220 0.9210 0.9200 0.9195 0.9190
2819.130188 0.9180 0.9170 0.9125 0.9080 0.9010
2823.832399 0.8941 0.8915 0.8890 0.8885 0.8880
2828.534609 0.8865 0.8849 0.8770 0.8690 0.8620
2833.236820 0.8550 0.8530 0.8510 0.8495 0.8480
2837.939031 0.8465 0.8450 0.8341 0.8231 0.8170
2842.641241 0.8110 0.8041 0.7971 0.7860 0.7750
2847.343452 0.7705 0.7659 0.7524 0.7389 0.7199
2852.045663 0.7009 0.6780 0.6550 0.6440 0.6330
2856.747873 0.6175 0.6021 0.5980 0.5940 0.5677
2861.450084 0.5412 0.5301 0.5191 0.5150 0.5108
2866.152295 0.4919 0.4729 0.4554 0.4379 0.4214
2870.854506 0.4050 0.4050 0.4050 0.4684 0.5319
2875.556716 0.5395 0.5470 0.5540 0.5610 0.5828
2880.258927 0.6048 0.6204 0.6358 0.6370 0.6379
2884.961138 0.6320 0.6259 0.6185 0.6109 0.5995
2889.663348 0.5880 0.5800 0.5720 0.5720 0.5720
2894.365559 0.5830 0.5940 0.6149 0.6359 0.6390
2899.067770 0.6420 0.6390 0.6360 0.6325 0.6289
2903.769980 0.6230 0.6170 0.6125 0.6080 0.5980
2908.472191 0.5880 0.5825 0.5770 0.5720 0.5670
2913.174402 0.5485 0.5301 0.5275 0.5250 0.5096
2917.876612 0.4941 0.4776 0.4612 0.4440 0.4269
2922.578823 0.4109 0.3949 0.3779 0.3609 0.3449
2927.281034 0.3289 0.2904 0.2520 0.2520 0.2520
2931.983245 0.2759 0.2999 0.3224 0.3449 0.3569
2936.685455 0.3689 0.3854 0.4018 0.4315 0.4613
2941.387666 0.4917 0.5220 0.5220 0.5220 0.5195
2946.089877 0.5170 0.5135 0.5100 0.4990 0.4880
2950.792087 0.4760 0.4640 0.4043 0.3444 0.3162
2955.494298 0.2882 0.2588 0.2293 0.2010 0.1726
2960.196509 0.1307 0.0889 0.0729 0.0570 0.0570
2964.898719 0.0570 0.0745 0.0920 0.1095 0.1270
2969.600930 0.1449 0.1629 0.1799 0.1969 0.2144
2974.303141 0.2319 0.2493 0.2668 0.2960 0.3254
2979.005351 0.3648 0.4042 0.4327 0.4612 0.4901
2983.707562 0.5190 0.5335 0.5480 0.5620 0.5760
2988.409773 0.6044 0.6329 0.6604 0.6879 0.6885
2993.111984 0.6890 0.7014 0.7139 0.7170 0.7200
2997.814194 0.7210 0.7220 0.7220 0.7220 0.7220
3002.516405 0.7220 0.7210 0.7200 0.7170 0.7140
3007.218616 0.7105 0.7070 0.7035 0.7000 0.6985
3011.920826 0.6970 0.6871 0.6771 0.6470 0.6165
3016.623037 0.5651 0.5138 0.4828 0.4518 0.4199
3021.325248 0.3879 0.3554 0.3230 0.3135 0.3040
3026.027458 0.2806 0.2571 0.2570 0.2570 0.2863
3030.729669 0.3158 0.3502 0.3847 0.4340 0.4832
3035.431880 0.5082 0.5332 0.5576 0.5822 0.6227
3040.134090 0.6630 0.6790 0.6950 0.7200 0.7450
3044.836301 0.7475 0.7500 0.7505 0.7510 0.7495
3049.538512 0.7480 0.7450 0.7420 0.7195 0.6969
3054.240722 0.6910 0.6850 0.6825 0.6800 0.6760
3058.942933 0.6718 0.5859 0.5000 0.5000 0.5000
3063.645144 0.5189 0.5379 0.5564 0.5749 0.5899
3068.347355 0.6049 0.6184 0.6319 0.6450 0.6581
3073.049565 0.6721 0.6861 0.6966 0.7070 0.7090
3077.751776 0.7110 0.7120 0.7130 0.7120 0.7110
3082.453987 0.6995 0.6880 0.6746 0.6611 0.6540
3087.156197 0.6470 0.6470 0.6470 0.6860 0.7254
3091.858408 0.7628 0.8001 0.8126 0.8251 0.8501
3096.560619 0.8750 0.8750 0.8750 0.8710 0.8670
3101.262829 0.8665 0.8660 0.8660 0.8660 0.8665
3105.965040 0.8670 0.8685 0.8700 0.8805 0.8912
3110.667251 0.9117 0.9321 0.9421 0.9520 0.9535
3115.369461 0.9550 0.9565 0.9580 0.9620 0.9660
3120.071672 0.9690 0.9720 0.9755 0.9790 0.9790
3124.773883 0.9790 0.9795 0.9800 0.9810 0.9820
3129.476094 0.9825 0.9830 0.9830 0.9830 0.9830
3134.178304 0.9830 0.9830 0.9830 0.9840 0.9850
3138.880515 0.9850 0.9850 0.9850 0.9850 0.9850
3143.582726 0.9850 0.9855 0.9860 0.9860 0.9860
3148.284936 0.9870 0.9880 0.9880 0.9880 0.9865
3152.987147 0.9850 0.9850 0.9850 0.9840 0.9830
3157.689358 0.9830 0.9830 0.9830 0.9830 0.9830
3162.391568 0.9830 0.9845 0.9860 0.9860 0.9860
3167.093779 0.9870 0.9880 0.9885 0.9890 0.9900
3171.795990 0.9910 0.9910 0.9910 0.9910 0.9910
3176.498200 0.9915 0.9920 0.9930 0.9940 0.9940
3181.200411 0.9940 0.9940 0.9940 0.9945 0.9950
3185.902622 0.9960 0.9970 0.9975 0.9980 0.9980
3190.604832 0.9980 0.9990 1.0000 1.0000 1.0000
3195.307043 1.0000 1.0000 1.0000 1.0000 1.0000
3200.009254 1.0000 1.0000 1.0000 1.0005 1.0010
3204.711465 1.0015 1.0020 1.0015 1.0010 1.0015
3209.413675 1.0020 1.0020 1.0020 1.0030 1.0040
3214.115886 1.0040 1.0040 1.0045 1.0050 1.0050
3218.818097 1.0050 1.0050 1.0050 1.0060 1.0070
3223.520307 1.0075 1.0080 1.0080 1.0080 1.0090
3228.222518 1.0100 1.0100 1.0100 1.0105 1.0110
3232.924729 1.0110 1.0110 1.0110 1.0110 1.0110
3237.626939 1.0110 1.0110 1.0110 1.0105 1.0100
3242.329150 1.0100 1.0100 1.0105 1.0110 1.0110
3247.031361 1.0110 1.0110 1.0110 1.0110 1.0110
3251.733571 1.0110 1.0110 1.0120 1.0130 1.0130
3256.435782 1.0130 1.0130 1.0130 1.0130 1.0130
3261.137993 1.0135 1.0140 1.0140 1.0140 1.0140
3265.840204 1.0140 1.0150 1.0160 1.0150 1.0140
3270.542414 1.0140 1.0140 1.0150 1.0160 1.0160
3275.244625 1.0160 1.0160 1.0160 1.0160 1.0160
3279.946836 1.0160 1.0160 1.0160 1.0160 1.0175
3284.649046 1.0190 1.0195 1.0200 1.0200 1.0200
3289.351257 1.0200 1.0200 1.0210 1.0220 1.0210
3294.053468 1.0200 1.0200 1.0200 1.0210 1.0220
3298.755678 1.0220 1.0220 1.0220 1.0220 1.0220
3303.457889 1.0220 1.0220 1.0220 1.0220 1.0220
3308.160100 1.0220 1.0220 1.0220 1.0220 1.0220
3312.862310 1.0220 1.0220 1.0220 1.0220 1.0220
3317.564521 1.0220 1.0220 1.0220 1.0220 1.0220
3322.266732 1.0220 1.0210 1.0200 1.0200 1.0200
3326.968943 1.0210 1.0220 1.0210 1.0200 1.0200
3331.671153 1.0200 1.0210 1.0220 1.0220 1.0220
3336.373364 1.0220 1.0220 1.0220 1.0220 1.0220
3341.075575 1.0220 1.0220 1.0220 1.0220 1.0220
3345.777785 1.0225 1.0230 1.0230 1.0230 1.0230
3350.479996 1.0230 1.0225 1.0220 1.0220 1.0220
3355.182207 1.0225 1.0230 1.0230 1.0230 1.0230
3359.884417 1.0230 1.0230 1.0230 1.0230 1.0230
3364.586628 1.0230 1.0230 1.0230 1.0230 1.0230
3369.288839 1.0230 1.0230 1.0230 1.0230 1.0230
3373.991049 1.0230 1.0230 1.0230 1.0230 1.0230
3378.693260 1.0230 1.0230 1.0230 1.0240 1.0250
3383.395471 1.0250 1.0250 1.0250 1.0250 1.0250
3388.097681 1.0250 1.0240 1.0230 1.0230 1.0230
3392.799892 1.0230 1.0230 1.0230 1.0230 1.0230
3397.502103 1.0230 1.0230 1.0230 1.0240 1.0250
3402.204314 1.0255 1.0260 1.0255 1.0250 1.0250
3406.906524 1.0250 1.0250 1.0250 1.0250 1.0250
3411.608735 1.0240 1.0230 1.0230 1.0230 1.0230
3416.310946 1.0230 1.0230 1.0230 1.0230 1.0230
3421.013156 1.0230 1.0230 1.0230 1.0230 1.0230
3425.715367 1.0230 1.0230 1.0230 1.0230 1.0230
3430.417578 1.0225 1.0220 1.0220 1.0220 1.0220
3435.119788 1.0220 1.0220 1.0220 1.0220 1.0220
3439.821999 1.0220 1.0220 1.0220 1.0220 1.0210
3444.524210 1.0200 1.0200 1.0200 1.0195 1.0190
3449.226420 1.0190 1.0190 1.0190 1.0190 1.0190
3453.928631 1.0190 1.0190 1.0190 1.0180 1.0170
3458.630842 1.0170 1.0170 1.0170 1.0170 1.0170
3463.333053 1.0170 1.0170 1.0170 1.0170 1.0170
3468.035263 1.0165 1.0160 1.0160 1.0160 1.0160
3472.737474 1.0160 1.0160 1.0160 1.0160 1.0160
3477.439685 1.0150 1.0140 1.0140 1.0140 1.0140
3482.141895 1.0140 1.0140 1.0140 1.0140 1.0140
3486.844106 1.0140 1.0140 1.0140 1.0140 1.0150
3491.546317 1.0160 1.0160 1.0160 1.0150 1.0140
3496.248527 1.0140 1.0140 1.0140 1.0140 1.0135
3500.950738 1.0130 1.0120 1.0110 1.0105 1.0100
3505.652949 1.0100 1.0100 1.0100 1.0100 1.0100
3510.355159 1.0100 1.0090 1.0080 1.0080 1.0080
3515.057370 1.0080 1.0080 1.0080 1.0080 1.0080
3519.759581 1.0080 1.0080 1.0080 1.0080 1.0080
3524.461792 1.0080 1.0080 1.0080 1.0080 1.0080
3529.164002 1.0080 1.0080 1.0080 1.0080 1.0080
3533.866213 1.0080 1.0080 1.0080 1.0080 1.0080
3538.568424 1.0080 1.0080 1.0080 1.0080 1.0080
3543.270634 1.0090 1.0100 1.0100 1.0100 1.0100
3547.972845 1.0100 1.0100 1.0100 1.0100 1.0100
3552.675056 1.0100 1.0100 1.0100 1.0100 1.0100
3557.377266 1.0100 1.0100 1.0100 1.0100 1.0100
3562.079477 1.0105 1.0110 1.0120 1.0130 1.0130
3566.781688 1.0130 1.0120 1.0110 1.0110 1.0110
3571.483898 1.0105 1.0100 1.0100 1.0100 1.0090
3576.186109 1.0080 1.0080 1.0080 1.0080 1.0080
3580.888320 1.0080 1.0080 1.0080 1.0080 1.0090
3585.590530 1.0100 1.0100 1.0100 1.0100 1.0100
3590.292741 1.0105 1.0110 1.0110 1.0110 1.0110
3594.994952 1.0110 1.0110 1.0110 1.0105 1.0100
3599.697163 1.0100 1.0100 1.0090 1.0080 1.0080
3604.399373 1.0080 1.0080 1.0080 1.0080 1.0080
3609.101584 1.0080 1.0080 1.0075 1.0070 1.0070
3613.803795 1.0070 1.0070 1.0070 1.0070 1.0070
3618.506005 1.0060 1.0050 1.0050 1.0050 1.0050
3623.208216 1.0050 1.0045 1.0040 1.0040 1.0040
3627.910427 1.0040 1.0040 1.0040 1.0040 1.0030
3632.612637 1.0020 1.0020 1.0020 1.0020 1.0020
3637.314848 1.0015 1.0010 1.0010 1.0010 1.0010
3642.017059 1.0010 1.0010 1.0010 1.0010 1.0010
3646.719269 1.0010 1.0010 1.0010 1.0010 1.0005
3651.421480 1.0000 1.0000 1.0000 1.0000 1.0000
3656.123691 1.0000 1.0000 1.0000 1.0000 1.0000
3660.825902 1.0000 1.0000 1.0000 1.0000 1.0000
3665.528112 1.0005 1.0010 1.0015 1.0020 1.0020
3670.230323 1.0020 1.0030 1.0040 1.0040 1.0040
3674.932534 1.0045 1.0050 1.0050 1.0050 1.0050
3679.634744 1.0050 1.0050 1.0050 1.0050 1.0050
3684.336955 1.0050 1.0050 1.0045 1.0040 1.0030
3689.039166 1.0020 1.0020 1.0020 1.0015 1.0010
3693.741376 1.0005 1.0000 1.0000 1.0000 1.0000
3698.443587 1.0000 1.0000 1.0000 1.0000 1.0000
3703.145798 1.0005 1.0010 1.0015 1.0020 1.0020
3707.848008 1.0020 1.0030 1.0040 1.0040 1.0040
3712.550219 1.0040 1.0040 1.0045 1.0050 1.0050
3717.252430 1.0050 1.0050 1.0050 1.0045 1.0040
3721.954641 1.0045 1.0050 1.0050 1.0050 1.0050
3726.656851 1.0050 1.0060 1.0070 1.0070 1.0070
3731.359062 1.0070 1.0070 1.0070 1.0070 1.0070
3736.061273 1.0070 1.0070 1.0070 1.0070 1.0070
3740.763483 1.0070 1.0070 1.0060 1.0050 1.0050
3745.465694 1.0050 1.0045 1.0040 1.0040 1.0040
3750.167905 1.0040 1.0040 1.0040 1.0040 1.0040
3754.870115 1.0040 1.0040 1.0040 1.0040 1.0040
3759.572326 1.0030 1.0020 1.0020 1.0020 1.0020
3764.274537 1.0020 1.0020 1.0020 1.0015 1.0010
3768.976747 1.0010 1.0010 1.0010 1.0010 1.0010
3773.678958 1.0010 1.0010 1.0010 1.0010 1.0010
3778.381169 1.0010 1.0010 1.0005 1.0000 1.0000
3783.083379 1.0000 0.9990 0.9980 0.9980 0.9980
3787.785590 0.9975 0.9970 0.9970 0.9970 0.9970
##END=
