##TITLE=3-Heptyn-1-ol
##JCAMP-DX=4.24
##DATA TYPE=INFRARED SPECTRUM
##ORIGIN=NIST Mass Spectrometry Data Center
##OWNER=NIST Standard Reference Data Program
Collection (C) 2018 copyright by the U.S. Secretary of Commerce
on behalf of the United States of America. All rights reserved.
##CAS REGISTRY NO=14916-79-1
##MOLFORM=C 7 H 12 O
##$NIST SOURCE=MSDC-IR
##SPECTROMETER/DATA SYSTEM=HP-GC/MS/IRD
##STATE=gas
##XUNITS=1/CM
##YUNITS=ABSORBANCE
##XFACTOR=1.0
##YFACTOR=0.000001800
##DELTAX=4.0
##FIRSTX=550.0
##LASTX=3846.0
##FIRSTY=0.000385
##MAXX=3846
##MINX=550
##MAXY=0.018
##MINY=0
##NPOINTS=825
##XYDATA=(X++(Y..Y))
550.0 214 305 296 264 235 147 122 163 170 118
590.0 117 145 123 126 164 150 130 119 108 86
630.0 49 55 87 78 40 35 46 59 25 8
670.0 44 57 43 55 48 39 94 87 66 103
710.0 123 100 96 113 122 118 128 113 99 123
750.0 124 128 130 144 140 118 106 108 115 177
790.0 228 206 163 171 194 181 193 207 233 267
830.0 304 356 390 427 474 495 493 485 460 421
870.0 385 353 349 349 314 285 298 327 351 352
910.0 358 353 371 405 436 463 457 438 433 423
950.0 398 389 391 395 423 464 504 583 671 765
990.0 889 1032 1203 1353 1509 1758 2092 2539 3136 3852
1030.0 4718 5726 6680 7324 7572 7336 6648 5840 5072 4372
1070.0 3719 3086 2484 1960 1549 1268 1065 884 730 631
1110.0 578 510 484 481 478 490 477 471 482 488
1150.0 500 525 542 570 602 641 709 781 842 875
1190.0 878 897 894 869 862 842 817 791 755 708
1230.0 674 647 626 624 601 575 564 573 598 681
1270.0 815 925 1005 1024 999 929 859 839 851 899
1310.0 1011 1172 1371 1660 1983 2257 2417 2388 2191 1917
1350.0 1625 1373 1245 1228 1295 1424 1612 1810 1973 2064
1390.0 2072 1989 1823 1648 1474 1321 1212 1149 1145 1189
1430.0 1253 1302 1328 1310 1273 1245 1201 1170 1153 1097
1470.0 1011 915 829 730 611 522 454 402 352 303
1510.0 273 236 205 195 178 161 151 130 122 120
1550.0 108 101 93 104 121 117 95 78 80 83
1590.0 90 87 82 80 62 53 52 40 41 48
1630.0 48 38 40 43 40 34 36 51 42 38
1670.0 38 29 42 40 37 46 47 36 33 46
1710.0 47 32 26 41 38 18 8 10 29 34
1750.0 18 13 23 28 27 15 7 18 29 17
1790.0 14 23 18 7 10 22 19 17 6 14
1830.0 30 29 18 17 23 27 26 20 17 25
1870.0 30 27 32 28 40 55 54 54 42 40
1910.0 41 28 22 24 34 40 40 26 18 18
1950.0 24 28 9 5 6 6 14 22 16 3
1990.0 8 6 15 30 30 29 22 21 11 13
2030.0 28 33 33 35 40 55 60 56 54 65
2070.0 67 62 69 72 61 55 64 64 58 63
2110.0 65 59 47 33 31 28 23 16 19 27
2150.0 34 24 18 25 21 25 33 27 17 12
2190.0 24 33 27 10 10 21 35 24 9 27
2230.0 39 35 29 14 29 38 24 21 22 25
2270.0 31 36 35 31 22 20 26 29 22 17
2310.0 25 29 19 19 22 6 3 13 21 14
2350.0 14 20 8 6 15 23 33 45 49 49
2390.0 47 42 39 37 43 40 44 55 54 47
2430.0 56 64 60 49 51 55 38 50 59 60
2470.0 59 40 33 33 45 52 43 46 51 49
2510.0 41 43 65 63 61 71 62 49 52 61
2550.0 71 73 63 69 70 74 90 94 93 87
2590.0 80 65 76 105 97 88 85 93 98 96
2630.0 108 131 139 148 160 164 165 175 171 153
2670.0 172 191 187 175 165 170 180 179 181 196
2710.0 209 207 213 214 220 231 254 275 287 305
2750.0 312 316 326 331 333 347 341 341 360 385
2790.0 415 429 436 461 510 555 604 682 773 862
2830.0 989 1145 1327 1542 1779 2015 2222 2440 2690 3046
2870.0 3547 4136 4732 5206 5414 5372 5198 5020 5001 5246
2910.0 5715 6277 6813 7345 7899 8486 9150 9746 10000 9828
2950.0 9351 8770 8354 8308 8560 8719 8392 7633 6525 5113
2990.0 3764 2804 2160 1694 1348 1101 925 801 712 636
3030.0 595 560 529 495 451 410 376 354 332 317
3070.0 308 296 266 242 257 249 229 210 179 173
3110.0 171 154 119 131 151 114 102 112 96 88
3150.0 99 83 75 99 116 104 90 89 82 92
3190.0 113 133 133 105 77 69 69 65 69 59
3230.0 39 51 46 37 41 43 53 55 60 50
3270.0 29 28 43 65 60 42 56 60 50 52
3310.0 52 41 34 49 69 59 54 60 71 78
3350.0 76 59 57 75 74 54 38 38 58 62
3390.0 38 11 13 28 20 23 52 56 60 83
3430.0 87 92 68 64 77 66 52 49 61 56
3470.0 50 42 30 38 28 34 52 56 48 59
3510.0 51 26 42 50 51 62 97 109 101 118
3550.0 135 141 129 128 128 125 142 153 155 160
3590.0 190 237 324 507 828 1181 1323 1296 1185 959
3630.0 701 548 449 388 402 457 579 714 805 862
3670.0 863 769 661 577 462 329 248 219 181 156
3710.0 132 108 117 109 80 74 79 76 61 32
3750.0 18 3 10 28 0 7 34 24 6 20
3790.0 32 20 2 3 19 26 22 25 13 18
3830.0 7 1 16 28 40
##END=
