##TITLE=BENZENESULFONAMIDE, N,N'-BUTYLENEBIS[4-METHYL-
##JCAMP-DX=4.24
##DATA TYPE=INFRARED SPECTRUM
##CLASS=COBLENTZ III
##ORIGIN=SOUTHERN RESEARCH INSTITUTE
##OWNER=COBLENTZ SOCIETY
Collection (C) 2018 copyright by the U.S. Secretary of Commerce
on behalf of the United States of America. All rights reserved.
##DATE=1965/04/07
##NAMES=4-methyl-N-(4-([(4-methylphenyl)sulfonyl]amino)butyl)benzenesulfonamide
##CAS REGISTRY NO=15544-47-5
##MOLFORM=C18 H24 N2 O4 S2
##SOURCE REFERENCE=COBLENTZ NO. 10467
##$NIST SOURCE=COBLENTZ
##$NIST IMAGE=cob10467
##SPECTROMETER/DATA SYSTEM=PERKIN-ELMER 221 (GRATING)
##INSTRUMENT PARAMETERS=GRATING FOR 4000-1428, FILTERS AT 2490, 980, NaCl PRISM FOR 1428-650 CM^-^1
##STATE=SOLID (1 mg / 650 mg KBr DISC)
##PATH LENGTH=
$$ PURITY - ANALYTICAL
##SAMPLING PROCEDURE=TRANSMISSION
##RESOLUTION=4
##DATA PROCESSING=DIGITIZED BY NIST FROM HARD COPY (FROM TWO SEGMENTS)
##XUNITS=1/CM
##YUNITS=TRANSMITTANCE
##XFACTOR=1.000000
##YFACTOR=1
##DELTAX=1.299907
##FIRSTX=244.907
##LASTX=3804.05
##FIRSTY=0.188
##MAXX=3804.05
##MINX=244.907
##MAXY=0.896
##MINY=0.0702704
##NPOINTS=2739
##XYDATA=(X++(Y..Y))
244.907000 0.1880 0.1880 0.1890 0.1900 0.1929
251.406535 0.1949 0.1978 0.2008 0.2038 0.2076
257.906070 0.2144 0.2195 0.2253 0.2322 0.2382
264.405605 0.2424 0.2456 0.2536 0.2600 0.2676
270.905140 0.2780 0.2857 0.2950 0.3081 0.3196
277.404675 0.3274 0.3397 0.3468 0.3510 0.3549
283.904210 0.3625 0.3679 0.3747 0.3875 0.3948
290.403745 0.4008 0.4111 0.4170 0.4232 0.4363
296.903280 0.4471 0.4557 0.4652 0.4739 0.4836
303.402815 0.4945 0.5019 0.5069 0.5141 0.5230
309.902350 0.5314 0.5388 0.5441 0.5486 0.5520
316.401885 0.5545 0.5580 0.5619 0.5664 0.5699
322.901420 0.5728 0.5763 0.5793 0.5819 0.5851
329.400955 0.5905 0.5944 0.5958 0.5997 0.6073
335.900490 0.6166 0.6244 0.6284 0.6341 0.6423
342.400025 0.6499 0.6572 0.6612 0.6655 0.6701
348.899560 0.6749 0.6819 0.6878 0.6903 0.6912
355.399095 0.6927 0.6952 0.6968 0.7004 0.7028
361.898630 0.7065 0.7095 0.7125 0.7155 0.7181
368.398165 0.7190 0.7190 0.7190 0.7189 0.7176
374.897700 0.7131 0.7027 0.6895 0.6829 0.6689
381.397235 0.6671 0.6693 0.6773 0.6872 0.6962
387.896770 0.7090 0.7170 0.7269 0.7378 0.7467
394.396305 0.7604 0.7696 0.7832 0.7989 0.8018
400.895840 0.8020 0.8011 0.7893 0.7844 0.7770
407.395375 0.7734 0.7704 0.7674 0.7636 0.7622
413.894910 0.7612 0.7618 0.7685 0.7780 0.7871
420.394445 0.7921 0.7984 0.8068 0.8105 0.8125
426.893980 0.8137 0.8147 0.8150 0.8164 0.8170
433.393515 0.8170 0.8170 0.8170 0.8170 0.8157
439.893050 0.8150 0.8150 0.8150 0.8150 0.8150
446.392585 0.8150 0.8144 0.8140 0.8140 0.8140
452.892120 0.8140 0.8140 0.8140 0.8140 0.8140
459.391655 0.8135 0.8130 0.8120 0.8105 0.8100
465.891190 0.8095 0.8085 0.8067 0.8032 0.7993
472.390725 0.7962 0.7938 0.7908 0.7882 0.7843
478.890260 0.7774 0.7657 0.7494 0.7385 0.7256
485.389795 0.7127 0.7040 0.7052 0.7170 0.7386
491.889330 0.7451 0.7626 0.7788 0.7895 0.7910
498.388865 0.7905 0.7890 0.7886 0.7862 0.7822
504.888400 0.7782 0.7746 0.7723 0.7683 0.7645
511.387935 0.7617 0.7594 0.7555 0.7514 0.7467
517.887470 0.7439 0.7427 0.7398 0.7378 0.7360
524.387005 0.7361 0.7380 0.7381 0.7400 0.7410
530.886540 0.7410 0.7400 0.7390 0.7360 0.7311
537.386075 0.7281 0.7194 0.7086 0.7005 0.6916
543.885610 0.6753 0.6530 0.6337 0.5960 0.4586
550.385145 0.3312 0.2090 0.1930 0.2168 0.3421
556.884680 0.4215 0.4700 0.5140 0.5924 0.6762
563.384215 0.6954 0.6960 0.6929 0.6540 0.6172
569.883750 0.5171 0.4280 0.3590 0.3388 0.3387
576.383285 0.3411 0.3544 0.3750 0.4075 0.4550
582.882820 0.4938 0.5262 0.5819 0.6447 0.6905
589.382355 0.7239 0.7486 0.7664 0.7800 0.7913
595.881890 0.8005 0.8062 0.8085 0.8101 0.8110
602.381425 0.8120 0.8135 0.8135 0.8120 0.8105
608.880960 0.8095 0.8090 0.8076 0.8038 0.7997
615.380495 0.7980 0.7972 0.7956 0.7942 0.7930
621.880030 0.7926 0.7916 0.7910 0.7903 0.7887
628.379565 0.7866 0.7837 0.7830 0.7827 0.7799
634.879100 0.7689 0.7537 0.7533 0.7561 0.7654
641.378635 0.7750 0.7752 0.7760 0.7758 0.7748
647.878170 0.7730 0.7679 0.7619 0.7556 0.7468
654.377705 0.7275 0.6776 0.6436 0.6212 0.6076
660.877240 0.5956 0.5822 0.5634 0.5341 0.4927
667.376775 0.4767 0.4589 0.4571 0.4591 0.4611
673.876310 0.4630 0.4630 0.4630 0.4630 0.4610
680.375845 0.4610 0.4600 0.4590 0.4590 0.4571
686.875380 0.4570 0.4561 0.4560 0.4551 0.4532
693.374915 0.4521 0.4511 0.4484 0.4463 0.4443
699.874450 0.4423 0.4387 0.4314 0.4177 0.3964
706.373985 0.3912 0.3918 0.3982 0.4100 0.4229
712.873520 0.4380 0.4479 0.4595 0.4724 0.4861
719.373055 0.4943 0.4995 0.5093 0.5218 0.5340
725.872590 0.5472 0.5611 0.5769 0.5944 0.6123
732.372125 0.6314 0.6469 0.6598 0.6721 0.6834
738.871660 0.6943 0.7052 0.7166 0.7269 0.7326
745.371195 0.7340 0.7324 0.7244 0.7110 0.7030
751.870730 0.7030 0.7129 0.7345 0.7562 0.7736
758.370265 0.7874 0.7964 0.8044 0.8127 0.8204
764.869800 0.8267 0.8314 0.8331 0.8354 0.8360
771.369335 0.8363 0.8377 0.8393 0.8400 0.8400
777.868870 0.8400 0.8403 0.8410 0.8410 0.8410
784.368405 0.8410 0.8410 0.8410 0.8410 0.8410
790.867940 0.8408 0.8384 0.8310 0.8261 0.8206
797.367475 0.8118 0.7988 0.7797 0.7362 0.7250
803.867010 0.7266 0.7381 0.7392 0.7409 0.7384
810.366545 0.7200 0.6909 0.6058 0.5660 0.4876
816.866080 0.4757 0.3680 0.3691 0.4810 0.4980
823.365615 0.5138 0.5306 0.6182 0.7208 0.7554
829.865150 0.7824 0.7961 0.8117 0.8139 0.8140
836.364685 0.8131 0.8103 0.8091 0.8081 0.8063
842.864220 0.8052 0.8042 0.8040 0.8040 0.8048
849.363755 0.8050 0.8050 0.8042 0.7985 0.7932
855.863290 0.7890 0.7835 0.7768 0.7713 0.7627
862.362825 0.7543 0.7435 0.7295 0.7133 0.6944
868.862360 0.6733 0.6515 0.6278 0.6030 0.5730
875.361895 0.5195 0.4931 0.4932 0.4976 0.5041
881.861430 0.5203 0.5454 0.5738 0.6019 0.6276
888.360965 0.6471 0.6662 0.6843 0.6966 0.7070
894.860500 0.7149 0.7214 0.7274 0.7328 0.7392
901.360035 0.7461 0.7548 0.7653 0.7727 0.7754
907.859570 0.7768 0.7784 0.7801 0.7827 0.7865
914.359105 0.7928 0.7981 0.8044 0.8110 0.8172
920.858640 0.8232 0.8275 0.8316 0.8338 0.8371
927.358175 0.8408 0.8435 0.8450 0.8452 0.8460
933.857710 0.8460 0.8458 0.8450 0.8448 0.8438
940.357245 0.8430 0.8427 0.8407 0.8384 0.8343
946.856780 0.8292 0.8227 0.8116 0.7985 0.7828
953.356315 0.7609 0.7601 0.7611 0.7642 0.7836
959.855850 0.7954 0.8065 0.8232 0.8350 0.8360
966.355385 0.8360 0.8350 0.8330 0.8320 0.8310
972.854920 0.8301 0.8281 0.8271 0.8261 0.8260
979.354455 0.8260 0.8242 0.8231 0.8186 0.8180
985.853990 0.8154 0.8133 0.8096 0.8082 0.8088
992.353525 0.8131 0.8164 0.8178 0.8180 0.8172
998.853060 0.8155 0.8142 0.8133 0.8108 0.8064
1005.352595 0.8014 0.7978 0.7956 0.7894 0.7705
1011.852130 0.7406 0.7253 0.7230 0.7360 0.7436
1018.351665 0.7421 0.7247 0.6816 0.6610 0.6796
1024.851200 0.7297 0.7693 0.7807 0.7820 0.7809
1031.350735 0.7789 0.7737 0.7652 0.7553 0.7464
1037.850270 0.7385 0.7262 0.7089 0.6849 0.6676
1044.349805 0.6692 0.6730 0.6730 0.6721 0.6693
1050.849340 0.6588 0.6382 0.6168 0.5960 0.5763
1057.348875 0.5298 0.4447 0.3835 0.3456 0.3440
1063.848410 0.3495 0.3650 0.3875 0.4021 0.4154
1070.347945 0.4278 0.4455 0.4714 0.4920 0.5168
1076.847480 0.5569 0.5934 0.6208 0.6428 0.6584
1083.347015 0.6595 0.6533 0.6293 0.5883 0.5329
1089.846550 0.4458 0.4006 0.3568 0.3551 0.3591
1096.346085 0.3893 0.4193 0.4976 0.5312 0.5640
1102.845620 0.5992 0.6446 0.6834 0.6961 0.7011
1109.345155 0.7100 0.7130 0.7170 0.7229 0.7278
1115.844690 0.7347 0.7359 0.7351 0.7304 0.7236
1122.344225 0.7130 0.6948 0.6921 0.7027 0.7040
1128.843760 0.7057 0.7060 0.7043 0.6948 0.6839
1135.343295 0.6648 0.6471 0.6295 0.6092 0.5806
1141.842830 0.4954 0.4107 0.3123 0.2263 0.1062
1148.342365 0.0703 0.0707 0.0724 0.0787 0.0866
1154.841900 0.1000 0.1186 0.1477 0.1821 0.2141
1161.341435 0.2468 0.2876 0.3417 0.3943 0.4434
1167.840970 0.4768 0.4995 0.5391 0.5855 0.6281
1174.340505 0.6613 0.6823 0.6954 0.7011 0.7015
1180.840040 0.6990 0.6935 0.6880 0.6846 0.6816
1187.339575 0.6795 0.6804 0.6887 0.7058 0.7264
1193.839110 0.7453 0.7593 0.7706 0.7791 0.7870
1200.338645 0.7942 0.8009 0.8099 0.8173 0.8183
1206.838180 0.8200 0.8233 0.8272 0.8303 0.8313
1213.337715 0.8317 0.8313 0.8323 0.8330 0.8330
1219.837250 0.8335 0.8350 0.8346 0.8334 0.8350
1226.336785 0.8350 0.8352 0.8360 0.8360 0.8358
1232.836320 0.8350 0.8347 0.8329 0.8319 0.8309
1239.335855 0.8298 0.8279 0.8269 0.8256 0.8200
1245.835390 0.8050 0.7865 0.7559 0.7531 0.7568
1252.334925 0.7981 0.8050 0.8150 0.8170 0.8170
1258.834460 0.8151 0.8150 0.8141 0.8140 0.8103
1265.333995 0.8054 0.8014 0.7983 0.7980 0.7962
1271.833530 0.7934 0.7861 0.7824 0.7786 0.7721
1278.333065 0.7644 0.7573 0.7487 0.7373 0.7238
1284.832600 0.7092 0.6920 0.6734 0.6531 0.6315
1291.332135 0.6068 0.5716 0.5487 0.5440 0.5589
1297.831670 0.5713 0.5747 0.5736 0.5650 0.5472
1304.331205 0.4907 0.4180 0.3679 0.3527 0.3551
1310.830740 0.3594 0.3568 0.2957 0.2295 0.1820
1317.330275 0.1561 0.1530 0.1568 0.1750 0.2001
1323.829810 0.2270 0.2516 0.2739 0.2968 0.3223
1330.329345 0.3554 0.3914 0.4301 0.4708 0.5036
1336.828880 0.5246 0.5531 0.5917 0.6265 0.6571
1343.328415 0.6798 0.6965 0.7114 0.7256 0.7375
1349.827950 0.7474 0.7570 0.7649 0.7705 0.7743
1356.327485 0.7764 0.7825 0.7901 0.7938 0.7960
1362.827020 0.7962 0.7970 0.7968 0.7960 0.7958
1369.326555 0.7950 0.7946 0.7921 0.7853 0.7695
1375.826090 0.7514 0.7487 0.7537 0.7592 0.7674
1382.325625 0.7703 0.7731 0.7740 0.7740 0.7739
1388.825160 0.7730 0.7729 0.7706 0.7628 0.7579
1395.324695 0.7539 0.7480 0.7430 0.7350 0.7004
1401.824230 0.6990 0.7009 0.7058 0.7079 0.7099
1408.323765 0.7119 0.7120 0.7120 0.7120 0.7084
1414.823300 0.7053 0.6997 0.6938 0.6818 0.6630
1421.322835 0.6449 0.6296 0.6155 0.6000 0.5784
1427.822370 0.5501 0.4684 0.4371 0.4340 0.4363
1434.321905 0.4482 0.4653 0.4882 0.5044 0.5173
1440.821440 0.5394 0.5651 0.5854 0.5998 0.6100
1447.320975 0.6183 0.6242 0.6337 0.6481 0.6640
1453.820510 0.6756 0.6820 0.6852 0.6866 0.6864
1460.320045 0.6519 0.6260 0.6600 0.6972 0.7055
1466.819580 0.7176 0.7358 0.7516 0.7635 0.7704
1473.319115 0.7750 0.7816 0.7880 0.7835 0.7498
1479.818650 0.6861 0.6490 0.6686 0.7286 0.7836
1486.318185 0.8012 0.8152 0.8227 0.8240 0.8233
1492.817720 0.8203 0.8160 0.8110 0.7859 0.7296
1499.317255 0.6950 0.7054 0.7461 0.7915 0.8130
1505.816790 0.8268 0.8365 0.8422 0.8467 0.8492
1512.316325 0.8506 0.8536 0.8564 0.8580 0.8582
1518.815860 0.8590 0.8593 0.8610 0.8611 0.8620
1525.315395 0.8620 0.8621 0.8632 0.8650 0.8650
1531.814930 0.8651 0.8660 0.8660 0.8660 0.8670
1538.314465 0.8670 0.8670 0.8670 0.8690 0.8690
1544.814000 0.8690 0.8690 0.8690 0.8690 0.8690
1551.313535 0.8690 0.8671 0.8670 0.8670 0.8661
1557.813070 0.8660 0.8660 0.8660 0.8651 0.8650
1564.312605 0.8650 0.8633 0.8630 0.8630 0.8630
1570.812140 0.8622 0.8612 0.8586 0.8572 0.8562
1577.311675 0.8545 0.8533 0.8530 0.8523 0.8506
1583.811210 0.8493 0.8483 0.8459 0.8436 0.8389
1590.310745 0.8330 0.8251 0.8116 0.7996 0.7770
1596.810280 0.7435 0.7060 0.6673 0.6281 0.6120
1603.309815 0.6438 0.6693 0.6967 0.7411 0.7751
1609.809350 0.7929 0.8048 0.8162 0.8240 0.8290
1616.308885 0.8315 0.8334 0.8355 0.8365 0.8379
1622.808420 0.8390 0.8394 0.8400 0.8404 0.8410
1629.307955 0.8418 0.8434 0.8448 0.8467 0.8484
1635.807490 0.8494 0.8507 0.8520 0.8523 0.8530
1642.307025 0.8530 0.8527 0.8514 0.8500 0.8495
1648.806560 0.8480 0.8475 0.8458 0.8450 0.8450
1655.306095 0.8452 0.8464 0.8482 0.8492 0.8504
1661.805630 0.8522 0.8535 0.8563 0.8584 0.8611
1668.305165 0.8621 0.8634 0.8661 0.8672 0.8692
1674.804700 0.8713 0.8742 0.8760 0.8761 0.8780
1681.304235 0.8790 0.8790 0.8800 0.8810 0.8810
1687.803770 0.8810 0.8810 0.8810 0.8829 0.8830
1694.303305 0.8839 0.8840 0.8840 0.8840 0.8849
1700.802840 0.8850 0.8850 0.8850 0.8850 0.8850
1707.302375 0.8850 0.8850 0.8850 0.8850 0.8850
1713.801910 0.8850 0.8850 0.8850 0.8850 0.8850
1720.301445 0.8850 0.8850 0.8850 0.8850 0.8850
1726.800980 0.8850 0.8850 0.8850 0.8843 0.8840
1733.300515 0.8840 0.8840 0.8840 0.8840 0.8840
1739.800050 0.8834 0.8830 0.8830 0.8830 0.8830
1746.299585 0.8830 0.8830 0.8830 0.8830 0.8830
1752.799120 0.8830 0.8830 0.8835 0.8840 0.8840
1759.298655 0.8840 0.8845 0.8850 0.8850 0.8850
1765.798190 0.8850 0.8850 0.8850 0.8859 0.8870
1772.297725 0.8870 0.8870 0.8870 0.8874 0.8880
1778.797260 0.8880 0.8880 0.8883 0.8890 0.8887
1785.296795 0.8880 0.8880 0.8880 0.8880 0.8880
1791.796330 0.8877 0.8870 0.8870 0.8865 0.8850
1798.295865 0.8850 0.8850 0.8850 0.8850 0.8850
1804.795400 0.8850 0.8848 0.8840 0.8840 0.8840
1811.294935 0.8840 0.8840 0.8840 0.8841 0.8850
1817.794470 0.8850 0.8850 0.8850 0.8850 0.8850
1824.294005 0.8850 0.8851 0.8870 0.8870 0.8880
1830.793540 0.8880 0.8880 0.8890 0.8890 0.8909
1837.293075 0.8920 0.8929 0.8930 0.8939 0.8940
1843.792610 0.8940 0.8940 0.8940 0.8940 0.8940
1850.292145 0.8940 0.8931 0.8930 0.8922 0.8920
1856.791680 0.8912 0.8910 0.8894 0.8890 0.8890
1863.291215 0.8890 0.8890 0.8890 0.8890 0.8890
1869.790750 0.8890 0.8890 0.8890 0.8890 0.8890
1876.290285 0.8883 0.8880 0.8880 0.8880 0.8874
1882.789820 0.8870 0.8870 0.8870 0.8870 0.8858
1889.289355 0.8850 0.8850 0.8850 0.8850 0.8850
1895.788890 0.8850 0.8850 0.8850 0.8845 0.8840
1902.288425 0.8840 0.8840 0.8840 0.8835 0.8830
1908.787960 0.8821 0.8810 0.8806 0.8791 0.8771
1915.287495 0.8760 0.8756 0.8746 0.8732 0.8720
1921.787030 0.8716 0.8710 0.8710 0.8710 0.8710
1928.286565 0.8707 0.8700 0.8697 0.8684 0.8670
1934.786100 0.8676 0.8698 0.8728 0.8760 0.8792
1941.285635 0.8800 0.8802 0.8814 0.8830 0.8832
1947.785170 0.8840 0.8842 0.8850 0.8850 0.8850
1954.284705 0.8853 0.8870 0.8870 0.8871 0.8880
1960.784240 0.8880 0.8880 0.8880 0.8880 0.8880
1967.283775 0.8880 0.8880 0.8880 0.8880 0.8880
1973.783310 0.8880 0.8890 0.8890 0.8890 0.8910
1980.282845 0.8910 0.8910 0.8929 0.8930 0.8930
1986.782380 0.8930 0.8939 0.8940 0.8940 0.8940
1993.281915 0.8958 0.8960 0.8960 0.8943 0.8940
1999.781450 0.8923 0.8920 0.8895 0.8873 0.8853
2006.280985 0.8842 0.8840 0.8840 0.8832 0.8830
2012.780520 0.8813 0.8810 0.8810 0.8810 0.8827
2019.280055 0.8838 0.8840 0.8840 0.8840 0.8840
2025.779590 0.8840 0.8840 0.8832 0.8830 0.8830
2032.279125 0.8830 0.8830 0.8830 0.8830 0.8830
2038.778660 0.8830 0.8813 0.8810 0.8810 0.8810
2045.278195 0.8810 0.8810 0.8810 0.8810 0.8810
2051.777730 0.8810 0.8810 0.8810 0.8810 0.8810
2058.277265 0.8810 0.8810 0.8802 0.8800 0.8800
2064.776800 0.8800 0.8800 0.8800 0.8800 0.8800
2071.276335 0.8792 0.8790 0.8790 0.8790 0.8790
2077.775870 0.8790 0.8790 0.8790 0.8790 0.8790
2084.275405 0.8790 0.8790 0.8790 0.8790 0.8790
2090.774940 0.8790 0.8790 0.8790 0.8798 0.8800
2097.274475 0.8800 0.8792 0.8790 0.8790 0.8790
2103.774010 0.8790 0.8790 0.8790 0.8790 0.8790
2110.273545 0.8790 0.8782 0.8763 0.8760 0.8760
2116.773080 0.8760 0.8760 0.8760 0.8760 0.8777
2123.272615 0.8780 0.8780 0.8780 0.8788 0.8798
2129.772150 0.8800 0.8800 0.8800 0.8800 0.8800
2136.271685 0.8792 0.8782 0.8780 0.8780 0.8780
2142.771220 0.8788 0.8790 0.8790 0.8782 0.8780
2149.270755 0.8780 0.8780 0.8780 0.8780 0.8780
2155.770290 0.8780 0.8780 0.8780 0.8763 0.8760
2162.269825 0.8760 0.8760 0.8760 0.8760 0.8760
2168.769360 0.8760 0.8760 0.8760 0.8760 0.8760
2175.268895 0.8760 0.8760 0.8752 0.8750 0.8750
2181.768430 0.8750 0.8750 0.8750 0.8750 0.8750
2188.267965 0.8750 0.8750 0.8742 0.8740 0.8740
2194.767500 0.8740 0.8740 0.8740 0.8740 0.8757
2201.267035 0.8777 0.8780 0.8780 0.8763 0.8760
2207.766570 0.8752 0.8750 0.8750 0.8750 0.8750
2214.266105 0.8750 0.8750 0.8750 0.8750 0.8750
2220.765640 0.8750 0.8750 0.8750 0.8742 0.8740
2227.265175 0.8740 0.8723 0.8720 0.8712 0.8710
2233.764710 0.8710 0.8710 0.8710 0.8710 0.8702
2240.264245 0.8700 0.8692 0.8673 0.8670 0.8670
2246.763780 0.8670 0.8670 0.8670 0.8670 0.8670
2253.263315 0.8687 0.8690 0.8690 0.8690 0.8690
2259.762850 0.8690 0.8690 0.8690 0.8698 0.8708
2266.262385 0.8710 0.8718 0.8720 0.8720 0.8720
2272.761920 0.8737 0.8740 0.8740 0.8740 0.8740
2279.261455 0.8723 0.8720 0.8720 0.8720 0.8712
2285.760990 0.8710 0.8710 0.8702 0.8700 0.8692
2292.260525 0.8690 0.8690 0.8698 0.8692 0.8673
2298.760060 0.8670 0.8662 0.8660 0.8660 0.8660
2305.259595 0.8660 0.8660 0.8660 0.8660 0.8660
2311.759130 0.8668 0.8670 0.8687 0.8690 0.8690
2318.258665 0.8690 0.8690 0.8690 0.8690 0.8698
2324.758200 0.8700 0.8700 0.8708 0.8710 0.8718
2331.257735 0.8720 0.8720 0.8720 0.8720 0.8720
2337.757270 0.8720 0.8737 0.8740 0.8723 0.8720
2344.256805 0.8720 0.8720 0.8720 0.8720 0.8712
2350.756340 0.8710 0.8710 0.8702 0.8700 0.8700
2357.255875 0.8692 0.8690 0.8673 0.8670 0.8670
2363.755410 0.8670 0.8670 0.8670 0.8687 0.8698
2370.254945 0.8692 0.8690 0.8690 0.8690 0.8690
2376.754480 0.8690 0.8690 0.8690 0.8698 0.8700
2383.254015 0.8700 0.8700 0.8700 0.8700 0.8700
2389.753550 0.8700 0.8692 0.8690 0.8673 0.8662
2396.253085 0.8660 0.8660 0.8652 0.8650 0.8650
2402.752620 0.8650 0.8650 0.8650 0.8650 0.8650
2409.252155 0.8650 0.8650 0.8650 0.8650 0.8650
2415.751690 0.8658 0.8660 0.8668 0.8670 0.8687
2422.251225 0.8690 0.8673 0.8670 0.8670 0.8670
2428.750760 0.8670 0.8670 0.8670 0.8687 0.8690
2435.250295 0.8690 0.8690 0.8690 0.8690 0.8673
2441.749830 0.8670 0.8670 0.8662 0.8660 0.8652
2448.249365 0.8650 0.8633 0.8630 0.8647 0.8650
2454.748900 0.8650 0.8650 0.8650 0.8650 0.8658
2461.248435 0.8668 0.8695 0.8700 0.8692 0.8640
2467.747970 0.8580 0.8545 0.8540 0.8565 0.8603
2474.247505 0.8618 0.8645 0.8658 0.8660 0.8660
2480.747040 0.8652 0.8650 0.8633 0.8630 0.8630
2487.246575 0.8630 0.8630 0.8630 0.8630 0.8630
2493.746110 0.8630 0.8630 0.8630 0.8630 0.8630
2500.245645 0.8630 0.8630 0.8630 0.8630 0.8630
2506.745180 0.8630 0.8630 0.8630 0.8630 0.8630
2513.244715 0.8630 0.8630 0.8630 0.8630 0.8630
2519.744250 0.8630 0.8630 0.8630 0.8630 0.8630
2526.243785 0.8630 0.8647 0.8650 0.8650 0.8650
2532.743320 0.8650 0.8650 0.8650 0.8650 0.8650
2539.242855 0.8650 0.8650 0.8650 0.8650 0.8650
2545.742390 0.8650 0.8650 0.8650 0.8633 0.8622
2552.241925 0.8620 0.8612 0.8610 0.8610 0.8610
2558.741460 0.8593 0.8590 0.8590 0.8582 0.8580
2565.240995 0.8580 0.8580 0.8580 0.8572 0.8570
2571.740530 0.8570 0.8562 0.8560 0.8560 0.8560
2578.240065 0.8543 0.8540 0.8532 0.8530 0.8522
2584.739600 0.8520 0.8520 0.8520 0.8520 0.8528
2591.239135 0.8538 0.8540 0.8557 0.8560 0.8560
2597.738670 0.8560 0.8568 0.8570 0.8570 0.8570
2604.238205 0.8562 0.8560 0.8560 0.8560 0.8560
2610.737740 0.8560 0.8543 0.8540 0.8540 0.8540
2617.237275 0.8540 0.8540 0.8557 0.8560 0.8568
2623.736810 0.8570 0.8570 0.8570 0.8578 0.8580
2630.236345 0.8580 0.8580 0.8580 0.8580 0.8580
2636.735880 0.8588 0.8590 0.8590 0.8590 0.8590
2643.235415 0.8590 0.8590 0.8590 0.8590 0.8590
2649.734950 0.8590 0.8590 0.8590 0.8590 0.8590
2656.234485 0.8590 0.8590 0.8590 0.8590 0.8582
2662.734020 0.8580 0.8572 0.8570 0.8562 0.8560
2669.233555 0.8560 0.8543 0.8540 0.8540 0.8532
2675.733090 0.8530 0.8530 0.8522 0.8503 0.8500
2682.232625 0.8500 0.8500 0.8500 0.8492 0.8490
2688.732160 0.8490 0.8498 0.8500 0.8500 0.8517
2695.231695 0.8520 0.8520 0.8520 0.8528 0.8530
2701.731230 0.8530 0.8530 0.8530 0.8530 0.8530
2708.230765 0.8530 0.8530 0.8530 0.8530 0.8522
2714.730300 0.8520 0.8503 0.8492 0.8482 0.8480
2721.229835 0.8480 0.8463 0.8460 0.8460 0.8452
2727.729370 0.8450 0.8450 0.8442 0.8440 0.8440
2734.228905 0.8440 0.8440 0.8440 0.8440 0.8440
2740.728440 0.8440 0.8440 0.8440 0.8440 0.8440
2747.227975 0.8440 0.8448 0.8450 0.8450 0.8442
2753.727510 0.8440 0.8448 0.8450 0.8450 0.8450
2760.227045 0.8450 0.8450 0.8450 0.8450 0.8450
2766.726580 0.8450 0.8458 0.8452 0.8450 0.8450
2773.226115 0.8450 0.8450 0.8450 0.8442 0.8440
2779.725650 0.8440 0.8440 0.8440 0.8432 0.8413
2786.225185 0.8410 0.8402 0.8400 0.8392 0.8373
2792.724720 0.8370 0.8370 0.8370 0.8370 0.8362
2799.224255 0.8360 0.8360 0.8360 0.8352 0.8333
2805.723790 0.8330 0.8330 0.8322 0.8320 0.8312
2812.223325 0.8302 0.8300 0.8283 0.8272 0.8262
2818.722860 0.8243 0.8223 0.8187 0.8172 0.8153
2825.222395 0.8167 0.8153 0.8142 0.8099 0.8057
2831.721930 0.8008 0.7983 0.7972 0.7953 0.7900
2838.221465 0.7849 0.7799 0.7757 0.7700 0.7624
2844.721000 0.7544 0.7505 0.7400 0.7347 0.7340
2851.220535 0.7348 0.7358 0.7377 0.7380 0.7388
2857.720070 0.7390 0.7382 0.7380 0.7363 0.7352
2864.219605 0.7325 0.7287 0.7222 0.7103 0.6973
2870.719140 0.6917 0.6910 0.6927 0.7005 0.7144
2877.218675 0.7211 0.7270 0.7338 0.7391 0.7458
2883.718210 0.7487 0.7515 0.7553 0.7577 0.7621
2890.217745 0.7647 0.7658 0.7685 0.7731 0.7748
2896.717280 0.7758 0.7760 0.7752 0.7742 0.7740
2903.216815 0.7715 0.7702 0.7692 0.7673 0.7637
2909.716350 0.7539 0.7445 0.7355 0.7265 0.7192
2916.215885 0.7130 0.7095 0.7082 0.7063 0.7052
2922.715420 0.7042 0.7023 0.7012 0.7002 0.6992
2929.214955 0.6990 0.6998 0.7033 0.7057 0.7060
2935.714490 0.7085 0.7090 0.7082 0.7063 0.7052
2942.214025 0.7009 0.6959 0.6917 0.6803 0.6755
2948.713560 0.6750 0.6767 0.6787 0.6848 0.6935
2955.213095 0.7025 0.7131 0.7249 0.7278 0.7280
2961.712630 0.7263 0.7019 0.6928 0.6928 0.6955
2968.212165 0.7142 0.7312 0.7448 0.7520 0.7662
2974.711700 0.7748 0.7827 0.7873 0.7905 0.7951
2981.211235 0.7968 0.7995 0.8033 0.8048 0.8075
2987.710770 0.8105 0.8160 0.8203 0.8218 0.8228
2994.210305 0.8238 0.8240 0.8240 0.8257 0.8260
3000.709840 0.8243 0.8240 0.8240 0.8232 0.8230
3007.209375 0.8222 0.8220 0.8220 0.8212 0.8210
3013.708910 0.8193 0.8182 0.8180 0.8172 0.8153
3020.208445 0.8142 0.8107 0.8067 0.8027 0.8020
3026.707980 0.8003 0.8000 0.8000 0.8000 0.7983
3033.207515 0.7980 0.7980 0.7980 0.7980 0.7980
3039.707050 0.7972 0.7970 0.7970 0.7970 0.7970
3046.206585 0.7970 0.7970 0.7995 0.8000 0.8000
3052.706120 0.8000 0.8000 0.7983 0.7980 0.7963
3059.205655 0.7935 0.7922 0.7920 0.7920 0.7928
3065.705190 0.7947 0.7975 0.7997 0.8041 0.8083
3072.204725 0.8107 0.8110 0.8110 0.8127 0.8130
3078.704260 0.8130 0.8130 0.8130 0.8130 0.8130
3085.203795 0.8130 0.8130 0.8130 0.8130 0.8130
3091.703330 0.8113 0.8110 0.8102 0.8100 0.8092
3098.202865 0.8090 0.8090 0.8090 0.8082 0.8080
3104.702400 0.8063 0.8060 0.8060 0.8077 0.8080
3111.201935 0.8080 0.8088 0.8090 0.8098 0.8108
3117.701470 0.8135 0.8165 0.8178 0.8188 0.8190
3124.201005 0.8207 0.8210 0.8160 0.8092 0.8047
3130.700540 0.8015 0.8010 0.8002 0.7983 0.7980
3137.200075 0.7980 0.7980 0.7972 0.7970 0.7970
3143.699610 0.7962 0.7960 0.7960 0.7952 0.7950
3150.199145 0.7950 0.7950 0.7933 0.7930 0.7930
3156.698680 0.7922 0.7920 0.7912 0.7893 0.7890
3163.198215 0.7882 0.7880 0.7872 0.7870 0.7853
3169.697750 0.7850 0.7842 0.7840 0.7832 0.7822
3176.197285 0.7803 0.7783 0.7780 0.7763 0.7760
3182.696820 0.7760 0.7743 0.7740 0.7732 0.7713
3189.196355 0.7702 0.7675 0.7662 0.7652 0.7650
3195.695890 0.7650 0.7633 0.7622 0.7612 0.7585
3202.195425 0.7580 0.7572 0.7570 0.7562 0.7527
3208.694960 0.7495 0.7490 0.7482 0.7447 0.7407
3215.194495 0.7392 0.7382 0.7363 0.7343 0.7307
3221.694030 0.7283 0.7263 0.7235 0.7213 0.7160
3228.193565 0.7100 0.7032 0.7012 0.7002 0.6992
3234.693100 0.6932 0.6878 0.6837 0.6780 0.6712
3241.192635 0.6625 0.6536 0.6479 0.6396 0.6314
3247.692170 0.6184 0.6052 0.5922 0.5809 0.5699
3254.191705 0.5581 0.5477 0.5361 0.5233 0.4913
3260.691240 0.4709 0.4539 0.4377 0.4226 0.4076
3267.190775 0.3934 0.3794 0.3671 0.3617 0.3610
3273.690310 0.3627 0.3630 0.3613 0.3577 0.3545
3280.189845 0.3465 0.3284 0.3151 0.3047 0.2931
3286.689380 0.2827 0.2785 0.2797 0.2833 0.2948
3293.188915 0.3053 0.3293 0.3514 0.3806 0.4141
3299.688450 0.4491 0.4841 0.5025 0.5183 0.5442
3306.187985 0.5705 0.5949 0.6172 0.6367 0.6549
3312.687520 0.6713 0.6848 0.6978 0.7100 0.7195
3319.187055 0.7285 0.7366 0.7454 0.7495 0.7525
3325.686590 0.7588 0.7675 0.7740 0.7783 0.7815
3332.186125 0.7870 0.7905 0.7918 0.7945 0.7958
3338.685660 0.7968 0.7978 0.7997 0.8000 0.8008
3345.185195 0.8010 0.8010 0.8018 0.8020 0.8036
3351.684730 0.8040 0.8040 0.8048 0.8050 0.8050
3358.184265 0.8050 0.8050 0.8050 0.8050 0.8050
3364.683800 0.8050 0.8050 0.8050 0.8042 0.8040
3371.183335 0.8040 0.8040 0.8040 0.8040 0.8024
3377.682870 0.8020 0.8020 0.8012 0.8010 0.8010
3384.182405 0.8010 0.8010 0.8002 0.8000 0.8000
3390.681940 0.8000 0.7983 0.7980 0.7980 0.7980
3397.181475 0.7980 0.7980 0.7980 0.7980 0.7972
3403.681010 0.7970 0.7970 0.7970 0.7970 0.7970
3410.180545 0.7970 0.7970 0.7970 0.7970 0.7970
3416.680080 0.7970 0.7970 0.7970 0.7970 0.7970
3423.179615 0.7970 0.7970 0.7970 0.7962 0.7960
3429.679150 0.7960 0.7960 0.7960 0.7960 0.7960
3436.178685 0.7952 0.7933 0.7930 0.7930 0.7930
3442.678220 0.7930 0.7930 0.7930 0.7947 0.7950
3449.177755 0.7950 0.7950 0.7950 0.7950 0.7950
3455.677290 0.7950 0.7950 0.7950 0.7950 0.7950
3462.176825 0.7950 0.7950 0.7950 0.7950 0.7958
3468.676360 0.7960 0.7960 0.7968 0.7970 0.7970
3475.175895 0.7970 0.7970 0.7970 0.7970 0.7970
3481.675430 0.7970 0.7978 0.7980 0.7980 0.7997
3488.174965 0.8000 0.8000 0.8008 0.8010 0.8010
3494.674500 0.8010 0.8010 0.8010 0.8010 0.8010
3501.174035 0.8010 0.8010 0.8018 0.8020 0.8020
3507.673570 0.8037 0.8040 0.8040 0.8040 0.8048
3514.173105 0.8050 0.8058 0.8060 0.8060 0.8085
3520.672640 0.8098 0.8108 0.8127 0.8130 0.8138
3527.172175 0.8148 0.8167 0.8170 0.8170 0.8178
3533.671710 0.8180 0.8180 0.8180 0.8180 0.8188
3540.171245 0.8190 0.8190 0.8207 0.8218 0.8228
3546.670780 0.8238 0.8240 0.8257 0.8260 0.8268
3553.170315 0.8270 0.8278 0.8280 0.8297 0.8300
3559.669850 0.8308 0.8310 0.8310 0.8310 0.8318
3566.169385 0.8328 0.8330 0.8330 0.8330 0.8347
3572.668920 0.8358 0.8360 0.8360 0.8368 0.8370
3579.168455 0.8370 0.8387 0.8390 0.8398 0.8400
3585.667990 0.8400 0.8408 0.8410 0.8410 0.8410
3592.167525 0.8410 0.8427 0.8430 0.8430 0.8438
3598.667060 0.8440 0.8448 0.8450 0.8450 0.8450
3605.166595 0.8450 0.8458 0.8477 0.8488 0.8490
3611.666130 0.8498 0.8500 0.8500 0.8500 0.8500
3618.165665 0.8525 0.8538 0.8540 0.8540 0.8557
3624.665200 0.8560 0.8568 0.8578 0.8580 0.8580
3631.164735 0.8588 0.8590 0.8607 0.8610 0.8610
3637.664270 0.8610 0.8610 0.8610 0.8610 0.8610
3644.163805 0.8610 0.8618 0.8612 0.8610 0.8610
3650.663340 0.8610 0.8618 0.8620 0.8620 0.8620
3657.162875 0.8628 0.8630 0.8622 0.8620 0.8620
3663.662410 0.8620 0.8620 0.8620 0.8612 0.8610
3670.161945 0.8610 0.8610 0.8610 0.8593 0.8607
3676.661480 0.8610 0.8610 0.8593 0.8590 0.8590
3683.161015 0.8590 0.8590 0.8607 0.8610 0.8618
3689.660550 0.8620 0.8628 0.8630 0.8647 0.8658
3696.160085 0.8668 0.8670 0.8687 0.8690 0.8690
3702.659620 0.8690 0.8698 0.8700 0.8708 0.8710
3709.159155 0.8710 0.8710 0.8710 0.8710 0.8710
3715.658690 0.8702 0.8700 0.8700 0.8700 0.8700
3722.158225 0.8700 0.8700 0.8700 0.8700 0.8700
3728.657760 0.8700 0.8700 0.8700 0.8700 0.8700
3735.157295 0.8700 0.8700 0.8700 0.8700 0.8700
3741.656830 0.8700 0.8700 0.8700 0.8700 0.8700
3748.156365 0.8700 0.8700 0.8700 0.8700 0.8700
3754.655900 0.8700 0.8700 0.8700 0.8692 0.8690
3761.155435 0.8690 0.8690 0.8690 0.8690 0.8690
3767.654970 0.8698 0.8700 0.8700 0.8700 0.8692
3774.154505 0.8690 0.8690 0.8690 0.8690 0.8690
3780.654040 0.8690 0.8690 0.8690 0.8690 0.8690
3787.153575 0.8690 0.8698 0.8692 0.8690 0.8690
3793.653110 0.8690 0.8690 0.8690 0.8690 0.8690
3800.152645 0.8690 0.8690 0.8690 0.8690
##END=
