##TITLE=4-Methoxy-2-nitrophenol
##JCAMP-DX=4.24
##DATA TYPE=INFRARED SPECTRUM
##ORIGIN=EPA-IR VAPOR PHASE LIBRARY
##OWNER=SRD/NIST
Collection (C) 2018 copyright by the U.S. Secretary of Commerce
on behalf of the United States of America. All rights reserved.
##CAS REGISTRY NO=1568-70-3
##MOLFORM=C 7 H 7 N O 4
##$NIST SOURCE=MSDC-IR
##STATE=gas
##XUNITS=1/CM
##YUNITS=ABSORBANCE
##XFACTOR=1.
##YFACTOR=0.001
##DELTAX=1.92898
##FIRSTX=549.8
##LASTX=4000.7
##FIRSTY=8.23
##MAXX=4000.7
##MINX=549.759
##MAXY=0.17865
##MINY=0.00009246
##NPOINTS=1790
##XYDATA=(X++(Y..Y))
549.759 8.23 8.67 9.2 9.5 9.56 9.97 10.22 10.45 10.9 11.4
569.049 11.68 11.72 12.05 12.04 11.68 11.74 11.28 10.62 10.17 9.57
588.339 8.99 8.38 7.82 7.34 7.02 6.73 6.72 6.69 6.64 6.58
607.628 6.49 6.63 6.94 7.27 7.34 7.32 7.5 7.73 8.06 8.51
626.918 8.78 9.11 9.48 9.8 10.17 10.82 11.26 11.38 12.06 12.6
646.208 13.1 13.68 14.16 14.64 15.2 15.72 16.14 16.43 16.52 16.7
665.498 16.91 17.2 17.21 16.9 16.5 15.95 15.24 14.45 13.52 12.51
684.787 11.33 9.94 8.94 8.1 7 6.01 5.33 4.86 4.46 4.01
704.077 3.61 3.35 3.26 2.97 2.57 2.39 2.3 2.29 2.24 2.09
723.367 2.05 2.15 2.1 2.02 2.17 2.31 2.57 3 3.45 4.11
742.657 4.78 5.44 6.43 7.44 8.66 10.36 12.25 14.47 17.22 20.03
761.947 21.44 22.21 23.86 26.03 28.44 30.7 32.35 33.39 33.66 32.97
781.236 31.72 29.55 26.44 22.71 18.44 14.26 10.63 8.08 6.47 5.62
800.526 5.59 6.07 6.67 7.59 8.93 10.95 13.84 16.92 20.08 23.1
819.816 25.41 27.01 28.61 30.07 31.01 30.15 26.05 21.28 18.1 15.83
839.106 13.94 12.44 11.09 9.93 9.34 9.24 9.48 10.18 10.48 9.83
858.395 9.03 8.43 7.87 7.51 7.31 7.21 7.08 6.9 6.89 7.01
877.685 7.07 6.84 6.56 6.25 5.9 5.58 5.14 4.76 4.5 4.2
896.975 4.11 4.17 4.29 4.49 4.65 4.9 5.28 5.72 6.13 6.54
916.265 6.91 6.95 6.99 7.17 7.02 6.66 6.04 5.62 5.28 4.8
935.555 4.36 3.81 3.29 2.95 2.79 2.68 2.7 2.56 2.43 2.53
954.844 2.62 2.59 2.62 2.74 2.87 2.89 2.84 2.84 2.85 2.91
974.134 2.97 3.22 3.34 3.41 3.76 3.83 3.82 4.08 4.04 4.07
993.424 4.48 4.84 5.04 5.42 5.88 6.26 6.89 7.52 8.3 9.45
1012.714 10.74 12.29 14.36 16.62 19.34 22.84 26.48 30.32 33.98 37.1
1032.003 40.13 42.52 43.46 43.1 41.77 39.61 36.74 33.5 29.93 26.13
1051.293 22.93 21.12 20.62 21.18 22.5 24.21 25.92 26.56 26.96 27.39
1070.583 27.21 26.06 23.59 20.29 16.91 13.91 11.44 9.33 7.87 7.07
1089.873 6.19 5.74 5.77 5.73 5.61 5.35 5.51 5.52 5.62 6.81
1109.163 7.61 8.23 9.31 10.47 11.55 12.5 13.79 15.22 16.1 16.57
1128.452 17.12 17.21 16.63 15.89 14.97 14.09 13.16 12.3 11.31 10.45
1147.742 10.23 10.11 9.92 9.92 10.08 10.53 11.07 11.68 12.61 13.67
1167.032 14.59 15.66 16.87 18.13 19.47 20.49 21.05 21.33 22.08 22.46
1186.322 22.23 21.92 21.28 20.8 20.39 20.14 19.95 19.48 19.78 20.49
1205.611 21.12 22.48 24.48 27.17 30.55 34.47 39.21 44.81 51.36 58.27
1224.901 65.88 74.43 83.58 93.38 102.72 111.56 120.5 129.25 137.48 145.06
1244.191 151.77 157.19 161.07 163.52 164.74 164.13 161.34 157.01 151.17 144
1263.481 135.81 126.45 116.42 106.24 95.9 85.98 76.3 67.15 58.95 51.36
1282.771 44.74 39.18 34.58 31.18 29.17 28.67 29.21 30.53 32.79 35.75
1302.060 39.27 43.43 48.15 53.41 58.96 64.63 70.44 76.06 81.13 85.28
1321.350 88.14 89.38 88.94 86.92 83.47 78.87 73.43 67.66 61.76 55.98
1340.640 50.93 46.68 43.16 40.21 37.6 35.22 32.92 30.67 28.51 26.48
1359.930 24.58 22.84 21.26 19.85 18.57 17.38 16.34 15.41 14.47 13.63
1379.219 12.92 12.32 11.78 11.29 10.94 10.67 10.62 10.74 10.97 11.37
1398.509 12 12.81 13.8 15.02 16.35 18.03 20.11 22.55 25.51 28.99
1417.799 33 37.74 42.85 48.28 53.94 59.38 64.29 68.34 71.68 74.32
1437.089 76.38 77.21 75.84 72.12 66.64 60.45 54.63 49.42 44.06 39.14
1456.378 35.46 33.01 31.91 31.83 32.3 32.98 34.08 36.06 39.16 43.59
1475.668 49.55 57.44 67.2 78.73 90.89 101.98 110.48 115.51 116.78 114.41
1494.958 108.55 99.58 88.15 75.2 62.61 52.13 44.05 38.31 34.69 32.62
1514.248 31.63 31.54 32.33 33.98 36.61 40.31 45.5 52.43 61.34 72.61
1533.538 86.43 102.37 119.26 137.17 153.9 167.18 175.72 178.65 176.11 168.73
1552.827 157.29 141.67 123.44 103.03 82.99 66.88 54.25 44.89 38.29 33.7
1572.117 30.72 28.97 27.96 27.44 27.16 26.85 26.44 25.83 25 24
1591.407 22.69 21.09 19.37 17.64 16.12 14.85 13.84 13.08 12.42 11.83
1610.697 11.4 10.96 10.47 9.95 9.48 9.1 8.81 8.62 8.5 8.37
1629.986 8.23 8.05 7.82 7.51 7.13 6.74 6.29 5.86 5.48 5.08
1649.276 4.62 4.33 4.11 3.87 3.63 3.45 3.39 3.29 3.21 3.23
1668.566 3.19 3.18 3.2 3.26 3.32 3.34 3.35 3.37 3.45 3.42
1687.856 3.37 3.36 3.38 3.44 3.5 3.47 3.4 3.44 3.37 3.21
1707.146 3.06 2.94 2.84 2.7 2.56 2.44 2.32 2.23 2.06 1.94
1726.435 1.98 2.06 2.05 2.04 2.14 2.13 2.17 2.23 2.2 2.23
1745.725 2.27 2.28 2.23 2.21 2.25 2.23 2.18 2.16 2.14 2.11
1765.015 2.1 2.1 2.08 2.04 2.01 2.01 2.01 1.93 1.84 1.76
1784.305 1.68 1.62 1.51 1.42 1.4 1.36 1.32 1.28 1.29 1.34
1803.594 1.34 1.31 1.25 1.23 1.27 1.2 1.11 1.18 1.23 1.17
1822.884 1.12 1.12 1.14 1.17 1.14 1.09 1.1 1.12 1.16 1.18
1842.174 1.15 1.12 1.14 1.18 1.15 1.08 1.07 1.12 1.12 1.11
1861.464 1.18 1.18 1.19 1.27 1.24 1.25 1.33 1.32 1.33 1.31
1880.754 1.24 1.39 1.52 1.5 1.56 1.68 1.79 1.87 1.93 1.94
1900.043 2.04 2.11 2.05 2 1.93 1.84 1.73 1.66 1.53 1.34
1919.333 1.19 1.1 1.03 1.01 1.03 1.03 1.01 1.01 1.03 1.03
1938.623 0.9989 1.01 1.12 1.14 1.04 1.01 1.05 1.13 1.12 1.1
1957.913 1.11 1.13 1.14 1.13 1.1 1.11 1.17 1.21 1.2 1.19
1977.202 1.23 1.24 1.24 1.18 1.23 1.36 1.39 1.39 1.39 1.35
1996.492 1.34 1.35 1.32 1.28 1.23 1.19 1.17 1.18 1.19 1.21
2015.782 1.2 1.19 1.24 1.26 1.28 1.31 1.38 1.41 1.41 1.42
2035.072 1.47 1.5 1.53 1.57 1.57 1.64 1.73 1.72 1.65 1.64
2054.362 1.68 1.71 1.73 1.78 1.83 1.83 1.83 1.81 1.78 1.82
2073.651 1.89 1.93 1.83 1.72 1.71 1.64 1.54 1.44 1.44 1.48
2092.941 1.43 1.4 1.43 1.44 1.37 1.34 1.39 1.35 1.38 1.4
2112.231 1.3 1.19 1.11 1.09 1.07 0.9553 0.842 0.7965 0.7991 0.8566
2131.521 0.8591 0.7939 0.7876 0.8025 0.7893 0.7679 0.7563 0.785 0.8714 0.8653
2150.810 0.7733 0.732 0.7607 0.8262 0.9427 0.9527 0.8816 0.9083 0.9403 1.02
2170.100 1.03 1.03 1.05 1.03 1.02 0.9972 1.03 1.04 1.02 0.9835
2189.390 0.9464 1.02 1.05 1.01 0.8914 0.8438 0.8209 0.8114 0.7842 0.7064
2208.680 0.6744 0.6296 0.6275 0.6218 0.6149 0.59 0.6211 0.6151 0.5785 0.5764
2227.970 0.594 0.6465 0.6505 0.6067 0.5875 0.5927 0.6327 0.6638 0.6533 0.7049
2247.259 0.7628 0.7504 0.7546 0.788 0.7534 0.7499 0.8089 0.7983 0.7988 0.783
2266.549 0.7617 0.761 0.7509 0.7846 0.7494 0.6652 0.71 0.7497 0.7498 0.7668
2285.839 0.7669 0.8104 0.8463 0.8891 0.8059 0.8037 0.8749 0.8796 0.9624 0.9922
2305.129 1 1.01 1.04 1.05 1.06 1.13 1.1 1 0.9607 1
2324.418 1.01 0.9514 0.9431 0.9413 0.8679 0.866 0.9473 0.9835 0.991 1
2343.708 1 1.03 1.04 1.02 1.06 1.12 1.24 1.27 1.23 1.34
2362.998 1.41 1.34 1.33 1.31 1.32 1.33 1.32 1.33 1.34 1.36
2382.288 1.39 1.4 1.36 1.41 1.4 1.38 1.36 1.39 1.48 1.49
2401.578 1.52 1.57 1.62 1.68 1.66 1.61 1.59 1.55 1.47 1.43
2420.867 1.37 1.34 1.33 1.24 1.15 1.14 1.13 1.1 1.11 1.07
2440.157 1.04 1.11 1.17 1.09 1.07 1.14 1.14 1.1 1.11 1.13
2459.447 1.19 1.17 1.15 1.21 1.28 1.27 1.24 1.28 1.31 1.27
2478.737 1.32 1.34 1.29 1.36 1.43 1.44 1.4 1.46 1.4 1.33
2498.026 1.45 1.47 1.44 1.38 1.39 1.47 1.51 1.41 1.33 1.35
2517.316 1.37 1.36 1.31 1.3 1.32 1.27 1.25 1.32 1.32 1.37
2536.606 1.42 1.49 1.57 1.56 1.57 1.64 1.69 1.71 1.74 1.77
2555.896 1.84 1.75 1.74 1.83 1.9 1.97 1.9 1.86 1.87 1.89
2575.186 1.89 1.93 1.98 1.91 1.84 1.8 1.72 1.7 1.78 1.77
2594.475 1.76 1.85 1.8 1.7 1.7 1.71 1.76 1.76 1.73 1.75
2613.765 1.74 1.69 1.64 1.62 1.65 1.72 1.69 1.65 1.67 1.77
2633.055 1.77 1.72 1.65 1.64 1.75 1.74 1.68 1.6 1.58 1.65
2652.345 1.65 1.61 1.69 1.65 1.55 1.51 1.44 1.42 1.31 1.25
2671.634 1.35 1.39 1.32 1.26 1.22 1.22 1.26 1.34 1.35 1.28
2690.924 1.34 1.32 1.25 1.3 1.38 1.36 1.33 1.33 1.36 1.42
2710.214 1.4 1.37 1.49 1.5 1.48 1.57 1.56 1.49 1.39 1.46
2729.504 1.57 1.61 1.62 1.53 1.52 1.49 1.46 1.51 1.62 1.65
2748.794 1.6 1.57 1.59 1.6 1.56 1.54 1.55 1.52 1.6 1.65
2768.083 1.65 1.64 1.66 1.74 1.71 1.7 1.78 1.86 1.98 2.04
2787.373 2.09 2.16 2.2 2.37 2.48 2.55 2.71 2.73 2.84 3.05
2806.663 3.04 3.19 3.39 3.37 3.46 3.61 3.76 3.91 4.08 4.28
2825.953 4.56 4.87 5.19 5.79 6.46 7.35 8.41 9.34 10.15 10.73
2845.242 11.11 11.29 11.18 10.77 10.32 9.67 8.78 8.06 7.38 6.85
2864.532 6.39 6.01 5.79 5.64 5.58 5.56 5.51 5.5 5.65 5.68
2883.822 5.71 5.8 5.91 6.15 6.52 6.72 6.91 7.33 7.82 8.22
2903.112 8.51 8.88 9.22 9.53 9.9 10.32 10.6 10.81 10.87 10.71
2922.401 10.64 10.68 10.62 10.54 10.61 10.9 11.4 12.04 12.8 13.67
2941.691 14.63 15.46 16.15 16.64 17.09 17.46 17.5 17.24 16.62 15.97
2960.981 15.47 14.86 13.95 12.94 12.11 11.34 10.48 9.74 9.17 8.58
2980.271 8.03 7.62 7.28 7.05 6.95 6.89 6.98 7.13 7.42 7.92
2999.561 8.53 9.41 10.43 11.5 12.67 13.74 14.33 14.37 14.1 13.52
3018.850 12.56 11.44 10.15 8.63 7.28 6.11 5.16 4.68 4.35 4.08
3038.140 3.91 3.93 3.93 3.78 3.76 3.81 3.95 4.15 4.29 4.48
3057.430 4.7 4.77 4.76 4.75 4.61 4.49 4.43 4.3 4.09 3.95
3076.720 3.96 4.04 4.1 4.24 4.51 4.74 4.94 5.11 5.19 5.13
3096.009 4.99 5 5 4.84 4.64 4.39 4.14 3.93 3.7 3.54
3115.299 3.28 2.96 2.78 2.51 2.33 2.2 2.13 2.18 2.23 2.09
3134.589 1.89 1.76 1.8 2.02 1.97 1.82 1.84 1.8 1.66 1.6
3153.879 1.61 1.63 1.81 1.87 1.83 1.84 1.84 2.02 2.14 2.06
3173.169 2.02 2.04 2 2.03 2.13 2.25 2.36 2.38 2.42 2.45
3192.458 2.56 2.57 2.55 2.66 2.74 2.85 2.97 3.08 3.23 3.31
3211.748 3.46 3.71 3.85 3.96 4.01 4.19 4.4 4.64 4.88 5.04
3231.038 5.26 5.64 6.02 6.27 6.59 6.79 7.13 7.52 7.78 8.14
3250.328 8.66 9.01 9.29 9.87 10.39 10.65 10.93 11.3 11.67 12.06
3269.617 12.42 12.72 12.87 13.07 13.32 13.48 13.66 13.87 13.96 14
3288.907 13.99 14.02 14.1 14.09 14.02 13.98 13.96 13.97 13.94 13.92
3308.197 13.84 13.65 13.5 13.33 13.15 12.95 12.89 12.75 12.59 12.52
3327.487 12.27 12.08 12.01 11.9 11.69 11.38 11.32 11.26 11.07 10.9
3346.777 10.77 10.81 10.76 10.46 10.29 10.38 10.23 10.15 10.19 9.87
3366.066 9.68 9.69 9.51 9.42 9.37 9.26 9.21 9.08 8.94 8.87
3385.356 8.78 8.68 8.49 8.44 8.39 8.11 7.92 7.83 7.67 7.54
3404.646 7.44 7.15 6.99 6.93 6.76 6.61 6.43 6.24 6.2 6.14
3423.936 5.89 5.76 5.76 5.75 5.71 5.54 5.24 5.09 5.04 5.08
3443.225 4.99 4.84 4.65 4.44 4.45 4.6 4.57 4.36 4.31 4.21
3462.515 4.06 4.02 4 3.89 3.88 3.84 3.8 3.75 3.77 3.81
3481.805 3.64 3.49 3.48 3.41 3.32 3.38 3.35 3.28 3.29 3.17
3501.095 3.02 3.07 3.13 3.01 2.83 2.86 2.91 2.84 2.75 2.76
3520.385 2.84 2.81 2.76 2.65 2.55 2.51 2.49 2.47 2.37 2.42
3539.674 2.49 2.37 2.36 2.49 2.45 2.45 2.41 2.3 2.31 2.24
3558.964 2.23 2.24 2.09 2.15 2.17 1.99 2.06 2.07 2.03 2.1
3578.254 2.1 1.93 1.73 1.76 1.85 1.78 1.77 1.87 1.86 1.72
3597.544 1.76 1.86 1.85 1.89 1.75 1.68 1.7 1.59 1.49 1.48
3616.833 1.48 1.5 1.48 1.35 1.38 1.49 1.5 1.55 1.56 1.4
3636.123 1.37 1.41 1.23 1.11 1.29 1.28 1.2 1.26 1.13 0.9523
3655.413 0.9457 0.9976 1.06 0.9987 1.03 1.16 0.9941 0.8951 0.8452 0.7398
3674.703 0.8404 0.8306 0.8408 0.766 0.7905 0.8523 0.8149 0.8013 0.8438 0.849
3693.993 0.7446 0.7196 0.6192 0.5869 0.6317 0.6476 0.5946 0.5462 0.4912 0.4848
3713.282 0.4593 0.5094 0.5711 0.5702 0.6714 0.4642 0.4201 0.5909 0.6277 0.5666
3732.572 0.6202 0.7236 0.5613 0.5294 0.64 0.5699 0.6524 0.6947 0.5486 0.5366
3751.862 0.4772 0.4713 0.4756 0.4181 0.4223 0.49 0.4054 0.4128 0.5441 0.4321
3771.152 0.3244 0.3805 0.3758 0.4092 0.5643 0.5807 0.407 0.4824 0.5935 0.4641
3790.441 0.462 0.4854 0.5181 0.4555 0.4013 0.4677 0.5239 0.5625 0.4722 0.2898
3809.731 0.2003 0.2457 0.2922 0.2563 0.2298 0.3555 0.4005 0.353 0.3609 0.3258
3829.021 0.3005 0.2947 0.2602 0.1208 0.09246 0.3306 0.4178 0.3374 0.3704 0.4107
3848.311 0.4406 0.4804 0.4769 0.6839 0.767 0.6105 0.5183 0.556 0.5531 0.5117
3867.601 0.4658 0.5171 0.5647 0.4959 0.5361 0.5792 0.4917 0.4146 0.4971 0.6168
3886.890 0.5674 0.3399 0.274 0.3929 0.6463 0.6051 0.407 0.4792 0.4599 0.31
3906.180 0.2903 0.4263 0.3117 0.2306 0.401 0.4422 0.3998 0.3306 0.2962 0.3881
3925.470 0.3972 0.4515 0.5044 0.3584 0.4292 0.4693 0.3581 0.398 0.4464 0.4169
3944.760 0.3733 0.4937 0.4722 0.454 0.5033 0.3812 0.3619 0.2638 0.2624 0.4403
3964.049 0.4819 0.4096 0.4419 0.4891 0.3142 0.2502 0.3277 0.3373 0.4451 0.571
3983.339 0.6785 0.6721 0.7136 0.8472 0.7655 0.6141 0.6257 0.6748 0.6483 0.5729
##END=
