##TITLE=Armeen DMS hydrochloride
##JCAMP-DX=4.24
##DATA TYPE=INFRARED SPECTRUM
##CLASS=COBLENTZ III
##ORIGIN=BRITISH PETROLEUM CO. LTD., ENGLAND
##OWNER=Copyright (C) 1987 by the Coblentz Society
Collection (C) 2018 copyright by the U.S. Secretary of Commerce
on behalf of the United States of America. All rights reserved.
##DATE=1972/05/16
##NAMES=N,N-dimethyl-1-octadecanamine hydrochloride
##CAS REGISTRY NO=1613-17-8
##MOLFORM=C20 H44 Cl N
##SOURCE REFERENCE=COBLENTZ NO. 9067
##$NIST SOURCE=COBLENTZ
##$NIST IMAGE=cob9067
##SPECTROMETER/DATA SYSTEM=PERKIN-ELMER 157
##STATE=SEMI-SOLID (NEAT)
$$ R - DERIVED FROM OLEIC ACID AND LINOLEIC (SOYA) FATTY ACID SOURCE
$$ REF. Can. J. Spec., 18,4,101, '73 C. S. DOUSE and P. B. TOOKE
##SAMPLING PROCEDURE=TRANSMISSION
##RESOLUTION=2
##DATA PROCESSING=DIGITIZED BY COBLENTZ SOCIETY (BATCH II) FROM HARD COPY
##XUNITS=1/CM
##YUNITS=TRANSMITTANCE
##XFACTOR=1.0
##YFACTOR=1
##FIRSTX=668
##LASTX=4000
##FIRSTY=0.5786
##MAXX=4000
##MINX=668
##MAXY=0.7753
##MINY=0.0097
##NPOINTS=3333
##XYDATA=(X++(Y..Y))
668.000000 0.5786 0.5785 0.5763 0.5762 0.5651
673.000000 0.5602 0.5559 0.5536 0.5530 0.5478
678.000000 0.5414 0.5356 0.5304 0.5253 0.5201
683.000000 0.5150 0.5098 0.5053 0.5007 0.4962
688.000000 0.4921 0.4882 0.4842 0.4803 0.4760
693.000000 0.4718 0.4675 0.4619 0.4561 0.4503
698.000000 0.4435 0.4368 0.4291 0.4213 0.4134
703.000000 0.4041 0.3930 0.3814 0.3712 0.3612
708.000000 0.3481 0.3327 0.3146 0.2977 0.2761
713.000000 0.2551 0.2373 0.2121 0.2000 0.1880
718.000000 0.1653 0.1376 0.1231 0.1170 0.1135
723.000000 0.1142 0.1163 0.1241 0.1404 0.1602
728.000000 0.1772 0.1892 0.2014 0.2146 0.2302
733.000000 0.2431 0.2557 0.2684 0.2820 0.2943
738.000000 0.3059 0.3191 0.3305 0.3402 0.3488
743.000000 0.3638 0.3750 0.3847 0.3913 0.3976
748.000000 0.4052 0.4157 0.4263 0.4336 0.4393
753.000000 0.4453 0.4510 0.4564 0.4614 0.4661
758.000000 0.4692 0.4718 0.4738 0.4757 0.4775
763.000000 0.4795 0.4817 0.4851 0.4884 0.4921
768.000000 0.4963 0.5004 0.5036 0.5058 0.5078
773.000000 0.5094 0.5120 0.5148 0.5208 0.5271
778.000000 0.5340 0.5400 0.5428 0.5456 0.5478
783.000000 0.5495 0.5516 0.5560 0.5605 0.5651
788.000000 0.5702 0.5745 0.5782 0.5818 0.5853
793.000000 0.5886 0.5911 0.5930 0.5946 0.5956
798.000000 0.5960 0.5958 0.5956 0.5948 0.5934
803.000000 0.5918 0.5901 0.5877 0.5844 0.5824
808.000000 0.5809 0.5797 0.5786 0.5775 0.5767
813.000000 0.5766 0.5765 0.5764 0.5763 0.5762
818.000000 0.5761 0.5759 0.5753 0.5747 0.5737
823.000000 0.5717 0.5695 0.5674 0.5648 0.5621
828.000000 0.5591 0.5555 0.5532 0.5520 0.5509
833.000000 0.5495 0.5463 0.5434 0.5410 0.5404
838.000000 0.5400 0.5395 0.5394 0.5395 0.5396
843.000000 0.5398 0.5399 0.5399 0.5400 0.5400
848.000000 0.5400 0.5400 0.5401 0.5403 0.5404
853.000000 0.5406 0.5407 0.5408 0.5408 0.5408
858.000000 0.5408 0.5408 0.5408 0.5408 0.5407
863.000000 0.5405 0.5403 0.5401 0.5398 0.5396
868.000000 0.5394 0.5392 0.5390 0.5388 0.5385
873.000000 0.5383 0.5378 0.5370 0.5361 0.5353
878.000000 0.5345 0.5337 0.5331 0.5339 0.5347
883.000000 0.5345 0.5339 0.5330 0.5319 0.5307
888.000000 0.5295 0.5284 0.5278 0.5272 0.5267
893.000000 0.5268 0.5270 0.5274 0.5282 0.5289
898.000000 0.5298 0.5304 0.5302 0.5300 0.5299
903.000000 0.5296 0.5289 0.5283 0.5276 0.5267
908.000000 0.5253 0.5239 0.5224 0.5207 0.5190
913.000000 0.5173 0.5166 0.5161 0.5155 0.5146
918.000000 0.5138 0.5130 0.5121 0.5112 0.5102
923.000000 0.5091 0.5079 0.5067 0.5054 0.5028
928.000000 0.5001 0.4974 0.4942 0.4912 0.4880
933.000000 0.4848 0.4813 0.4779 0.4744 0.4710
938.000000 0.4669 0.4628 0.4586 0.4542 0.4498
943.000000 0.4454 0.4400 0.4331 0.4258 0.4175
948.000000 0.4092 0.3999 0.3888 0.3764 0.3635
953.000000 0.3505 0.3376 0.3252 0.3129 0.2953
958.000000 0.2514 0.2353 0.2128 0.1903 0.1679
963.000000 0.1456 0.1232 0.1055 0.0868 0.0782
968.000000 0.0772 0.0764 0.0796 0.0857 0.0961
973.000000 0.1036 0.1191 0.1394 0.1595 0.1797
978.000000 0.1998 0.2199 0.2400 0.2565 0.2843
983.000000 0.2980 0.3052 0.3102 0.3134 0.3150
988.000000 0.3162 0.3151 0.3145 0.3129 0.3091
993.000000 0.3047 0.2995 0.2940 0.2880 0.2810
998.000000 0.2705 0.2504 0.2423 0.2340 0.2252
1003.000000 0.2164 0.2073 0.1974 0.1856 0.1806
1008.000000 0.1777 0.1769 0.1772 0.1758 0.1798
1013.000000 0.1831 0.1870 0.1914 0.1961 0.2023
1018.000000 0.2094 0.2195 0.2373 0.2511 0.2625
1023.000000 0.2737 0.2850 0.3012 0.3140 0.3206
1028.000000 0.3250 0.3279 0.3371 0.3498 0.3551
1033.000000 0.3590 0.3613 0.3635 0.3655 0.3664
1038.000000 0.3674 0.3679 0.3678 0.3689 0.3676
1043.000000 0.3672 0.3668 0.3663 0.3657 0.3642
1048.000000 0.3627 0.3613 0.3587 0.3539 0.3492
1053.000000 0.3478 0.3471 0.3461 0.3446 0.3428
1058.000000 0.3396 0.3344 0.3327 0.3314 0.3301
1063.000000 0.3297 0.3278 0.3294 0.3292 0.3290
1068.000000 0.3296 0.3302 0.3332 0.3388 0.3445
1073.000000 0.3502 0.3547 0.3589 0.3628 0.3663
1078.000000 0.3671 0.3676 0.3681 0.3682 0.3684
1083.000000 0.3685 0.3686 0.3686 0.3696 0.3687
1088.000000 0.3686 0.3684 0.3683 0.3682 0.3678
1093.000000 0.3673 0.3669 0.3660 0.3647 0.3633
1098.000000 0.3620 0.3606 0.3588 0.3568 0.3549
1103.000000 0.3530 0.3517 0.3505 0.3496 0.3495
1108.000000 0.3494 0.3493 0.3494 0.3486 0.3499
1113.000000 0.3521 0.3553 0.3599 0.3650 0.3705
1118.000000 0.3759 0.3822 0.3889 0.3931 0.3969
1123.000000 0.4010 0.4053 0.4095 0.4129 0.4162
1128.000000 0.4182 0.4198 0.4206 0.4212 0.4228
1133.000000 0.4209 0.4199 0.4183 0.4163 0.4144
1138.000000 0.4096 0.4041 0.3986 0.3932 0.3877
1143.000000 0.3823 0.3769 0.3715 0.3661 0.3606
1148.000000 0.3553 0.3499 0.3445 0.3391 0.3338
1153.000000 0.3285 0.3234 0.3189 0.3153 0.3118
1158.000000 0.3084 0.3049 0.3013 0.2976 0.2937
1163.000000 0.2896 0.2854 0.2802 0.2729 0.2663
1168.000000 0.2605 0.2574 0.2552 0.2545 0.2542
1173.000000 0.2543 0.2545 0.2526 0.2554 0.2561
1178.000000 0.2581 0.2613 0.2683 0.2740 0.2761
1183.000000 0.2770 0.2784 0.2812 0.2844 0.2873
1188.000000 0.2904 0.2944 0.2984 0.3018 0.3052
1193.000000 0.3089 0.3136 0.3184 0.3242 0.3273
1198.000000 0.3278 0.3278 0.3280 0.3282 0.3282
1203.000000 0.3282 0.3282 0.3282 0.3277 0.3282
1208.000000 0.3282 0.3282 0.3282 0.3281 0.3281
1213.000000 0.3280 0.3280 0.3279 0.3278 0.3277
1218.000000 0.3275 0.3273 0.3269 0.3257 0.3239
1223.000000 0.3221 0.3197 0.3171 0.3140 0.3119
1228.000000 0.3107 0.3094 0.3084 0.3080 0.3077
1233.000000 0.3075 0.3072 0.3072 0.3072 0.3072
1238.000000 0.3073 0.3073 0.3074 0.3075 0.3075
1243.000000 0.3076 0.3077 0.3077 0.3078 0.3079
1248.000000 0.3080 0.3081 0.3081 0.3081 0.3081
1253.000000 0.3081 0.3081 0.3081 0.3081 0.3082
1258.000000 0.3079 0.3072 0.3066 0.3061 0.3054
1263.000000 0.3048 0.3035 0.3022 0.3008 0.2994
1268.000000 0.2980 0.2965 0.2950 0.2934 0.2918
1273.000000 0.2902 0.2887 0.2873 0.2859 0.2845
1278.000000 0.2831 0.2817 0.2804 0.2790 0.2775
1283.000000 0.2758 0.2740 0.2722 0.2704 0.2687
1288.000000 0.2667 0.2642 0.2618 0.2594 0.2570
1293.000000 0.2546 0.2522 0.2485 0.2446 0.2407
1298.000000 0.2367 0.2325 0.2284 0.2270 0.2258
1303.000000 0.2251 0.2245 0.2236 0.2223 0.2208
1308.000000 0.2195 0.2181 0.2163 0.2143 0.2123
1313.000000 0.2104 0.2083 0.2060 0.2035 0.2011
1318.000000 0.1984 0.1939 0.1889 0.1830 0.1776
1323.000000 0.1745 0.1734 0.1733 0.1733 0.1729
1328.000000 0.1764 0.1816 0.1875 0.1940 0.2009
1333.000000 0.2088 0.2156 0.2196 0.2228 0.2248
1338.000000 0.2261 0.2271 0.2277 0.2277 0.2276
1343.000000 0.2272 0.2272 0.2269 0.2264 0.2259
1348.000000 0.2253 0.2246 0.2232 0.2206 0.2171
1353.000000 0.2136 0.2100 0.2065 0.2029 0.1993
1358.000000 0.1958 0.1923 0.1888 0.1852 0.1817
1363.000000 0.1782 0.1748 0.1719 0.1687 0.1655
1368.000000 0.1623 0.1591 0.1559 0.1530 0.1501
1373.000000 0.1463 0.1404 0.1345 0.1286 0.1227
1378.000000 0.1201 0.1189 0.1226 0.1273 0.1320
1383.000000 0.1367 0.1414 0.1459 0.1472 0.1449
1388.000000 0.1425 0.1402 0.1378 0.1354 0.1330
1393.000000 0.1314 0.1312 0.1311 0.1309 0.1309
1398.000000 0.1310 0.1312 0.1312 0.1307 0.1293
1403.000000 0.1273 0.1251 0.1226 0.1194 0.1158
1408.000000 0.1112 0.1052 0.0994 0.0938 0.0898
1413.000000 0.0860 0.0824 0.0792 0.0759 0.0734
1418.000000 0.0719 0.0705 0.0692 0.0680 0.0666
1423.000000 0.0650 0.0624 0.0598 0.0571 0.0544
1428.000000 0.0514 0.0484 0.0448 0.0407 0.0373
1433.000000 0.0363 0.0353 0.0345 0.0343 0.0342
1438.000000 0.0342 0.0342 0.0342 0.0341 0.0336
1443.000000 0.0325 0.0312 0.0298 0.0283 0.0270
1448.000000 0.0259 0.0249 0.0241 0.0236 0.0233
1453.000000 0.0228 0.0224 0.0223 0.0221 0.0219
1458.000000 0.0217 0.0216 0.0214 0.0214 0.0205
1463.000000 0.0216 0.0217 0.0218 0.0219 0.0220
1468.000000 0.0224 0.0226 0.0229 0.0236 0.0248
1473.000000 0.0260 0.0279 0.0304 0.0321 0.0326
1478.000000 0.0329 0.0328 0.0327 0.0325 0.0324
1483.000000 0.0325 0.0338 0.0428 0.0583 0.0738
1488.000000 0.0893 0.1046 0.1111 0.1132 0.1164
1493.000000 0.1216 0.1301 0.1426 0.1561 0.1695
1498.000000 0.1829 0.1963 0.2097 0.2231 0.2364
1503.000000 0.2497 0.2630 0.2763 0.2896 0.3028
1508.000000 0.3190 0.3257 0.3261 0.3264 0.3268
1513.000000 0.3271 0.3274 0.3276 0.3278 0.3316
1518.000000 0.3354 0.3392 0.3435 0.3479 0.3523
1523.000000 0.3548 0.3550 0.3553 0.3557 0.3560
1528.000000 0.3563 0.3566 0.3572 0.3578 0.3584
1533.000000 0.3590 0.3596 0.3604 0.3619 0.3642
1538.000000 0.3662 0.3675 0.3683 0.3692 0.3700
1543.000000 0.3704 0.3704 0.3703 0.3703 0.3702
1548.000000 0.3700 0.3700 0.3699 0.3698 0.3697
1553.000000 0.3696 0.3695 0.3693 0.3691 0.3690
1558.000000 0.3688 0.3686 0.3684 0.3682 0.3680
1563.000000 0.3678 0.3676 0.3674 0.3671 0.3669
1568.000000 0.3666 0.3664 0.3661 0.3659 0.3656
1573.000000 0.3653 0.3651 0.3648 0.3646 0.3643
1578.000000 0.3640 0.3638 0.3635 0.3632 0.3630
1583.000000 0.3627 0.3624 0.3622 0.3619 0.3618
1588.000000 0.3613 0.3614 0.3615 0.3616 0.3618
1593.000000 0.3619 0.3620 0.3622 0.3623 0.3624
1598.000000 0.3627 0.3633 0.3638 0.3643 0.3649
1603.000000 0.3654 0.3660 0.3670 0.3680 0.3691
1608.000000 0.3700 0.3710 0.3720 0.3734 0.3761
1613.000000 0.3789 0.3816 0.3844 0.3879 0.3921
1618.000000 0.3963 0.4003 0.4037 0.4070 0.4104
1623.000000 0.4132 0.4154 0.4176 0.4196 0.4212
1628.000000 0.4225 0.4238 0.4249 0.4257 0.4263
1633.000000 0.4266 0.4268 0.4268 0.4266 0.4264
1638.000000 0.4261 0.4259 0.4281 0.4255 0.4251
1643.000000 0.4245 0.4237 0.4223 0.4208 0.4194
1648.000000 0.4181 0.4168 0.4154 0.4141 0.4129
1653.000000 0.4119 0.4108 0.4098 0.4088 0.4078
1658.000000 0.4067 0.4059 0.4053 0.4045 0.4039
1663.000000 0.4032 0.4025 0.4019 0.4012 0.4004
1668.000000 0.3990 0.3962 0.3928 0.3881 0.3842
1673.000000 0.3805 0.3768 0.3725 0.3674 0.3618
1678.000000 0.3541 0.3443 0.3343 0.3274 0.3236
1683.000000 0.3206 0.3177 0.3150 0.3125 0.3100
1688.000000 0.3078 0.3060 0.3042 0.3024 0.3008
1693.000000 0.2995 0.2986 0.2982 0.2979 0.2975
1698.000000 0.2972 0.2969 0.2967 0.2965 0.2963
1703.000000 0.2961 0.2959 0.2956 0.2952 0.2941
1708.000000 0.2922 0.2896 0.2866 0.2836 0.2806
1713.000000 0.2774 0.2742 0.2710 0.2678 0.2652
1718.000000 0.2630 0.2615 0.2603 0.2592 0.2582
1723.000000 0.2573 0.2566 0.2560 0.2559 0.2561
1728.000000 0.2559 0.2573 0.2689 0.2811 0.2935
1733.000000 0.3057 0.3180 0.3303 0.3426 0.3548
1738.000000 0.3670 0.3793 0.3915 0.4036 0.4158
1743.000000 0.4280 0.4401 0.4608 0.4887 0.4940
1748.000000 0.5000 0.5057 0.5110 0.5160 0.5212
1753.000000 0.5284 0.5361 0.5421 0.5470 0.5520
1758.000000 0.5569 0.5640 0.5713 0.5778 0.5827
1763.000000 0.5858 0.5889 0.5919 0.5950 0.5978
1768.000000 0.6001 0.6023 0.6046 0.6069 0.6091
1773.000000 0.6114 0.6137 0.6159 0.6182 0.6204
1778.000000 0.6224 0.6241 0.6259 0.6276 0.6293
1783.000000 0.6311 0.6327 0.6344 0.6361 0.6379
1788.000000 0.6401 0.6422 0.6443 0.6465 0.6486
1793.000000 0.6508 0.6528 0.6547 0.6564 0.6581
1798.000000 0.6597 0.6614 0.6631 0.6647 0.6664
1803.000000 0.6680 0.6697 0.6714 0.6731 0.6749
1808.000000 0.6766 0.6783 0.6793 0.6802 0.6809
1813.000000 0.6816 0.6824 0.6831 0.6838 0.6842
1818.000000 0.6846 0.6850 0.6854 0.6858 0.6863
1823.000000 0.6867 0.6870 0.6873 0.6874 0.6876
1828.000000 0.6877 0.6879 0.6880 0.6882 0.6883
1833.000000 0.6885 0.6885 0.6886 0.6887 0.6888
1838.000000 0.6888 0.6889 0.6890 0.6890 0.6890
1843.000000 0.6891 0.6892 0.6892 0.6893 0.6893
1848.000000 0.6893 0.6893 0.6893 0.6893 0.6893
1853.000000 0.6893 0.6894 0.6894 0.6894 0.6894
1858.000000 0.6894 0.6894 0.6894 0.6894 0.6894
1863.000000 0.6894 0.6894 0.6893 0.6893 0.6893
1868.000000 0.6892 0.6892 0.6904 0.6891 0.6891
1873.000000 0.6890 0.6890 0.6890 0.6889 0.6888
1878.000000 0.6888 0.6888 0.6887 0.6887 0.6887
1883.000000 0.6886 0.6886 0.6886 0.6885 0.6884
1888.000000 0.6884 0.6883 0.6882 0.6882 0.6881
1893.000000 0.6880 0.6879 0.6879 0.6878 0.6877
1898.000000 0.6877 0.6876 0.6875 0.6875 0.6874
1903.000000 0.6873 0.6872 0.6871 0.6870 0.6868
1908.000000 0.6867 0.6866 0.6864 0.6863 0.6862
1913.000000 0.6861 0.6860 0.6858 0.6857 0.6856
1918.000000 0.6855 0.6854 0.6853 0.6851 0.6850
1923.000000 0.6849 0.6847 0.6845 0.6843 0.6839
1928.000000 0.6836 0.6834 0.6830 0.6827 0.6824
1933.000000 0.6821 0.6818 0.6815 0.6813 0.6810
1938.000000 0.6806 0.6804 0.6801 0.6797 0.6794
1943.000000 0.6790 0.6786 0.6780 0.6775 0.6771
1948.000000 0.6766 0.6761 0.6757 0.6752 0.6747
1953.000000 0.6742 0.6737 0.6732 0.6727 0.6721
1958.000000 0.6716 0.6711 0.6705 0.6699 0.6694
1963.000000 0.6689 0.6683 0.6678 0.6672 0.6667
1968.000000 0.6661 0.6656 0.6651 0.6646 0.6640
1973.000000 0.6633 0.6625 0.6618 0.6611 0.6603
1978.000000 0.6596 0.6589 0.6582 0.6574 0.6567
1983.000000 0.6560 0.6553 0.6546 0.6539 0.6532
1988.000000 0.6524 0.6515 0.6506 0.6498 0.6489
1993.000000 0.6480 0.6471 0.6461 0.6453 0.6444
1998.000000 0.6435 0.6426 0.6417 0.6408 0.6399
2003.000000 0.6390 0.6382 0.6373 0.6364 0.6355
2008.000000 0.6347 0.6338 0.6328 0.6320 0.6311
2013.000000 0.6302 0.6285 0.6268 0.6251 0.6234
2018.000000 0.6216 0.6198 0.6182 0.6167 0.6151
2023.000000 0.6136 0.6122 0.6108 0.6094 0.6090
2028.000000 0.6086 0.6081 0.6077 0.6073 0.6069
2033.000000 0.6064 0.6060 0.6056 0.6051 0.6047
2038.000000 0.6044 0.6042 0.6041 0.6040 0.6039
2043.000000 0.6038 0.6038 0.6037 0.6036 0.6036
2048.000000 0.6035 0.6035 0.6034 0.6034 0.6034
2053.000000 0.6034 0.6035 0.6036 0.6037 0.6037
2058.000000 0.6038 0.6038 0.6039 0.6040 0.6041
2063.000000 0.6042 0.6042 0.6043 0.6043 0.6044
2068.000000 0.6045 0.6046 0.6047 0.6047 0.6048
2073.000000 0.6049 0.6049 0.6050 0.6052 0.6054
2078.000000 0.6055 0.6057 0.6059 0.6060 0.6062
2083.000000 0.6064 0.6065 0.6066 0.6068 0.6070
2088.000000 0.6072 0.6073 0.6075 0.6076 0.6076
2093.000000 0.6077 0.6077 0.6077 0.6077 0.6077
2098.000000 0.6076 0.6076 0.6073 0.6071 0.6070
2103.000000 0.6068 0.6065 0.6063 0.6062 0.6059
2108.000000 0.6056 0.6051 0.6046 0.6041 0.6036
2113.000000 0.6031 0.6021 0.6010 0.5991 0.5968
2118.000000 0.5931 0.5892 0.5852 0.5820 0.5794
2123.000000 0.5775 0.5759 0.5748 0.5737 0.5726
2128.000000 0.5715 0.5704 0.5693 0.5682 0.5671
2133.000000 0.5662 0.5660 0.5660 0.5660 0.5659
2138.000000 0.5659 0.5659 0.5659 0.5658 0.5658
2143.000000 0.5658 0.5658 0.5657 0.5656 0.5654
2148.000000 0.5651 0.5644 0.5634 0.5622 0.5610
2153.000000 0.5600 0.5590 0.5581 0.5574 0.5568
2158.000000 0.5564 0.5560 0.5559 0.5558 0.5557
2163.000000 0.5554 0.5551 0.5548 0.5544 0.5541
2168.000000 0.5537 0.5532 0.5526 0.5515 0.5502
2173.000000 0.5483 0.5464 0.5444 0.5425 0.5405
2178.000000 0.5386 0.5367 0.5348 0.5328 0.5309
2183.000000 0.5289 0.5270 0.5251 0.5232 0.5213
2188.000000 0.5194 0.5174 0.5155 0.5136 0.5099
2193.000000 0.5061 0.5011 0.4962 0.4908 0.4859
2198.000000 0.4839 0.4819 0.4799 0.4779 0.4758
2203.000000 0.4739 0.4719 0.4699 0.4677 0.4655
2208.000000 0.4634 0.4612 0.4591 0.4566 0.4540
2213.000000 0.4510 0.4479 0.4449 0.4418 0.4392
2218.000000 0.4368 0.4348 0.4330 0.4311 0.4293
2223.000000 0.4274 0.4256 0.4238 0.4220 0.4202
2228.000000 0.4183 0.4165 0.4146 0.4128 0.4109
2233.000000 0.4091 0.4072 0.4054 0.4035 0.4011
2238.000000 0.3987 0.3958 0.3929 0.3899 0.3870
2243.000000 0.3839 0.3809 0.3764 0.3716 0.3669
2248.000000 0.3621 0.3591 0.3566 0.3544 0.3523
2253.000000 0.3502 0.3481 0.3460 0.3439 0.3418
2258.000000 0.3397 0.3375 0.3353 0.3320 0.3280
2263.000000 0.3240 0.3200 0.3160 0.3120 0.3080
2268.000000 0.3042 0.3003 0.2965 0.2927 0.2889
2273.000000 0.2854 0.2827 0.2801 0.2780 0.2759
2278.000000 0.2738 0.2717 0.2697 0.2676 0.2655
2283.000000 0.2635 0.2614 0.2593 0.2560 0.2525
2288.000000 0.2488 0.2451 0.2413 0.2376 0.2330
2293.000000 0.2277 0.2220 0.2160 0.2103 0.2054
2298.000000 0.2005 0.1957 0.1909 0.1852 0.1794
2303.000000 0.1735 0.1675 0.1625 0.1577 0.1529
2308.000000 0.1482 0.1445 0.1414 0.1383 0.1352
2313.000000 0.1322 0.1291 0.1261 0.1230 0.1199
2318.000000 0.1170 0.1140 0.1110 0.1081 0.1052
2323.000000 0.1023 0.0996 0.0972 0.0951 0.0934
2328.000000 0.0917 0.0900 0.0883 0.0867 0.0850
2333.000000 0.0833 0.0816 0.0799 0.0783 0.0765
2338.000000 0.0746 0.0727 0.0708 0.0689 0.0670
2343.000000 0.0651 0.0632 0.0613 0.0594 0.0574
2348.000000 0.0554 0.0533 0.0510 0.0486 0.0461
2353.000000 0.0437 0.0412 0.0387 0.0363 0.0343
2358.000000 0.0324 0.0305 0.0286 0.0269 0.0258
2363.000000 0.0246 0.0241 0.0235 0.0230 0.0224
2368.000000 0.0218 0.0213 0.0208 0.0202 0.0197
2373.000000 0.0191 0.0185 0.0180 0.0175 0.0170
2378.000000 0.0167 0.0164 0.0161 0.0158 0.0155
2383.000000 0.0152 0.0149 0.0146 0.0143 0.0140
2388.000000 0.0137 0.0134 0.0132 0.0129 0.0126
2393.000000 0.0123 0.0120 0.0118 0.0116 0.0113
2398.000000 0.0112 0.0111 0.0110 0.0109 0.0108
2403.000000 0.0108 0.0107 0.0107 0.0106 0.0105
2408.000000 0.0105 0.0104 0.0103 0.0102 0.0102
2413.000000 0.0102 0.0101 0.0100 0.0099 0.0099
2418.000000 0.0098 0.0098 0.0098 0.0098 0.0098
2423.000000 0.0098 0.0098 0.0098 0.0098 0.0098
2428.000000 0.0097 0.0097 0.0097 0.0097 0.0097
2433.000000 0.0097 0.0097 0.0097 0.0097 0.0097
2438.000000 0.0097 0.0097 0.0097 0.0097 0.0097
2443.000000 0.0097 0.0097 0.0097 0.0097 0.0097
2448.000000 0.0097 0.0097 0.0097 0.0098 0.0098
2453.000000 0.0098 0.0099 0.0099 0.0099 0.0099
2458.000000 0.0099 0.0100 0.0100 0.0101 0.0101
2463.000000 0.0101 0.0101 0.0101 0.0102 0.0102
2468.000000 0.0116 0.0103 0.0103 0.0104 0.0104
2473.000000 0.0104 0.0104 0.0104 0.0105 0.0105
2478.000000 0.0106 0.0106 0.0106 0.0106 0.0106
2483.000000 0.0107 0.0107 0.0107 0.0108 0.0108
2488.000000 0.0109 0.0109 0.0109 0.0109 0.0109
2493.000000 0.0110 0.0110 0.0110 0.0111 0.0111
2498.000000 0.0111 0.0111 0.0112 0.0112 0.0112
2503.000000 0.0113 0.0113 0.0113 0.0114 0.0114
2508.000000 0.0115 0.0115 0.0115 0.0116 0.0116
2513.000000 0.0116 0.0116 0.0116 0.0117 0.0117
2518.000000 0.0118 0.0118 0.0118 0.0119 0.0119
2523.000000 0.0120 0.0120 0.0120 0.0121 0.0121
2528.000000 0.0122 0.0122 0.0122 0.0122 0.0122
2533.000000 0.0123 0.0123 0.0123 0.0124 0.0124
2538.000000 0.0124 0.0125 0.0125 0.0126 0.0126
2543.000000 0.0126 0.0127 0.0127 0.0128 0.0128
2548.000000 0.0128 0.0128 0.0128 0.0128 0.0130
2553.000000 0.0131 0.0132 0.0133 0.0133 0.0134
2558.000000 0.0135 0.0136 0.0137 0.0138 0.0139
2563.000000 0.0140 0.0140 0.0141 0.0142 0.0143
2568.000000 0.0144 0.0145 0.0146 0.0147 0.0147
2573.000000 0.0149 0.0150 0.0151 0.0154 0.0156
2578.000000 0.0158 0.0160 0.0163 0.0165 0.0168
2583.000000 0.0170 0.0173 0.0175 0.0178 0.0181
2588.000000 0.0184 0.0187 0.0189 0.0192 0.0195
2593.000000 0.0198 0.0200 0.0201 0.0201 0.0202
2598.000000 0.0202 0.0201 0.0201 0.0201 0.0201
2603.000000 0.0201 0.0201 0.0200 0.0200 0.0200
2608.000000 0.0200 0.0200 0.0201 0.0202 0.0202
2613.000000 0.0203 0.0204 0.0205 0.0206 0.0207
2618.000000 0.0208 0.0208 0.0209 0.0217 0.0211
2623.000000 0.0211 0.0212 0.0213 0.0213 0.0215
2628.000000 0.0216 0.0217 0.0217 0.0218 0.0219
2633.000000 0.0221 0.0222 0.0223 0.0225 0.0226
2638.000000 0.0228 0.0229 0.0231 0.0232 0.0234
2643.000000 0.0236 0.0237 0.0239 0.0240 0.0242
2648.000000 0.0243 0.0245 0.0247 0.0248 0.0250
2653.000000 0.0251 0.0253 0.0254 0.0255 0.0257
2658.000000 0.0259 0.0260 0.0262 0.0264 0.0265
2663.000000 0.0267 0.0268 0.0270 0.0272 0.0273
2668.000000 0.0274 0.0276 0.0278 0.0280 0.0281
2673.000000 0.0283 0.0285 0.0286 0.0288 0.0289
2678.000000 0.0291 0.0293 0.0294 0.0296 0.0298
2683.000000 0.0300 0.0301 0.0303 0.0304 0.0306
2688.000000 0.0307 0.0309 0.0311 0.0312 0.0314
2693.000000 0.0316 0.0318 0.0319 0.0320 0.0322
2698.000000 0.0323 0.0325 0.0327 0.0329 0.0330
2703.000000 0.0332 0.0333 0.0335 0.0336 0.0338
2708.000000 0.0340 0.0341 0.0342 0.0344 0.0345
2713.000000 0.0347 0.0349 0.0350 0.0352 0.0353
2718.000000 0.0355 0.0356 0.0358 0.0359 0.0361
2723.000000 0.0362 0.0363 0.0365 0.0366 0.0368
2728.000000 0.0369 0.0371 0.0372 0.0374 0.0375
2733.000000 0.0377 0.0378 0.0379 0.0381 0.0382
2738.000000 0.0383 0.0385 0.0386 0.0387 0.0389
2743.000000 0.0390 0.0391 0.0393 0.0394 0.0395
2748.000000 0.0396 0.0398 0.0399 0.0400 0.0401
2753.000000 0.0401 0.0402 0.0402 0.0402 0.0401
2758.000000 0.0401 0.0401 0.0401 0.0401 0.0401
2763.000000 0.0400 0.0400 0.0400 0.0407 0.0397
2768.000000 0.0395 0.0394 0.0392 0.0390 0.0388
2773.000000 0.0386 0.0385 0.0381 0.0375 0.0368
2778.000000 0.0361 0.0354 0.0347 0.0339 0.0330
2783.000000 0.0320 0.0310 0.0300 0.0290 0.0280
2788.000000 0.0271 0.0262 0.0253 0.0244 0.0236
2793.000000 0.0227 0.0220 0.0214 0.0207 0.0202
2798.000000 0.0196 0.0191 0.0186 0.0182 0.0177
2803.000000 0.0172 0.0169 0.0165 0.0162 0.0160
2808.000000 0.0158 0.0156 0.0155 0.0153 0.0151
2813.000000 0.0149 0.0148 0.0146 0.0144 0.0142
2818.000000 0.0140 0.0139 0.0139 0.0139 0.0138
2823.000000 0.0138 0.0138 0.0137 0.0137 0.0137
2828.000000 0.0137 0.0136 0.0136 0.0136 0.0136
2833.000000 0.0136 0.0136 0.0135 0.0135 0.0135
2838.000000 0.0134 0.0134 0.0134 0.0133 0.0133
2843.000000 0.0133 0.0133 0.0133 0.0133 0.0133
2848.000000 0.0133 0.0133 0.0133 0.0133 0.0133
2853.000000 0.0133 0.0133 0.0133 0.0133 0.0133
2858.000000 0.0132 0.0132 0.0132 0.0132 0.0132
2863.000000 0.0132 0.0132 0.0132 0.0132 0.0132
2868.000000 0.0132 0.0132 0.0132 0.0132 0.0132
2873.000000 0.0132 0.0118 0.0132 0.0132 0.0132
2878.000000 0.0132 0.0132 0.0132 0.0133 0.0133
2883.000000 0.0133 0.0133 0.0133 0.0133 0.0133
2888.000000 0.0133 0.0133 0.0133 0.0134 0.0134
2893.000000 0.0134 0.0134 0.0134 0.0134 0.0134
2898.000000 0.0134 0.0134 0.0134 0.0135 0.0136
2903.000000 0.0137 0.0138 0.0139 0.0140 0.0142
2908.000000 0.0142 0.0143 0.0144 0.0145 0.0146
2913.000000 0.0148 0.0149 0.0150 0.0151 0.0152
2918.000000 0.0153 0.0155 0.0156 0.0158 0.0160
2923.000000 0.0162 0.0165 0.0167 0.0170 0.0172
2928.000000 0.0175 0.0178 0.0180 0.0183 0.0186
2933.000000 0.0188 0.0191 0.0193 0.0196 0.0199
2938.000000 0.0201 0.0204 0.0207 0.0210 0.0213
2943.000000 0.0216 0.0219 0.0222 0.0224 0.0227
2948.000000 0.0230 0.0233 0.0236 0.0240 0.0243
2953.000000 0.0246 0.0248 0.0251 0.0254 0.0258
2958.000000 0.0261 0.0265 0.0270 0.0275 0.0280
2963.000000 0.0285 0.0290 0.0295 0.0300 0.0305
2968.000000 0.0310 0.0315 0.0320 0.0325 0.0329
2973.000000 0.0334 0.0340 0.0345 0.0350 0.0357
2978.000000 0.0364 0.0371 0.0378 0.0385 0.0392
2983.000000 0.0399 0.0406 0.0413 0.0420 0.0428
2988.000000 0.0436 0.0444 0.0452 0.0461 0.0470
2993.000000 0.0479 0.0488 0.0498 0.0507 0.0516
2998.000000 0.0536 0.0574 0.0611 0.0648 0.0685
3003.000000 0.0721 0.0757 0.0793 0.0829 0.0865
3008.000000 0.0901 0.0937 0.0973 0.1009 0.1045
3013.000000 0.1081 0.1117 0.1153 0.1189 0.1225
3018.000000 0.1260 0.1296 0.1332 0.1367 0.1403
3023.000000 0.1438 0.1474 0.1509 0.1545 0.1581
3028.000000 0.1616 0.1652 0.1688 0.1723 0.1758
3033.000000 0.1794 0.1829 0.1864 0.1900 0.1935
3038.000000 0.1970 0.2006 0.2041 0.2077 0.2109
3043.000000 0.2141 0.2172 0.2203 0.2225 0.2246
3048.000000 0.2267 0.2288 0.2306 0.2324 0.2342
3053.000000 0.2360 0.2376 0.2393 0.2410 0.2423
3058.000000 0.2435 0.2448 0.2460 0.2472 0.2484
3063.000000 0.2497 0.2509 0.2521 0.2534 0.2546
3068.000000 0.2558 0.2569 0.2580 0.2591 0.2601
3073.000000 0.2612 0.2623 0.2633 0.2644 0.2654
3078.000000 0.2665 0.2675 0.2686 0.2696 0.2706
3083.000000 0.2722 0.2745 0.2769 0.2793 0.2844
3088.000000 0.2915 0.2986 0.3057 0.3114 0.3166
3093.000000 0.3219 0.3271 0.3293 0.3312 0.3332
3098.000000 0.3352 0.3371 0.3391 0.3410 0.3428
3103.000000 0.3443 0.3458 0.3473 0.3487 0.3501
3108.000000 0.3515 0.3529 0.3543 0.3557 0.3571
3113.000000 0.3585 0.3599 0.3613 0.3627 0.3641
3118.000000 0.3658 0.3676 0.3694 0.3713 0.3733
3123.000000 0.3754 0.3775 0.3797 0.3817 0.3838
3128.000000 0.3859 0.3880 0.3899 0.3918 0.3938
3133.000000 0.3957 0.3976 0.3995 0.4015 0.4034
3138.000000 0.4053 0.4072 0.4091 0.4123 0.4184
3143.000000 0.4245 0.4306 0.4354 0.4374 0.4395
3148.000000 0.4416 0.4435 0.4453 0.4471 0.4488
3153.000000 0.4506 0.4523 0.4541 0.4559 0.4576
3158.000000 0.4592 0.4609 0.4625 0.4642 0.4659
3163.000000 0.4675 0.4692 0.4709 0.4725 0.4742
3168.000000 0.4758 0.4773 0.4787 0.4801 0.4814
3173.000000 0.4827 0.4839 0.4851 0.4862 0.4874
3178.000000 0.4886 0.4897 0.4909 0.4920 0.4932
3183.000000 0.4944 0.4955 0.4967 0.4978 0.4990
3188.000000 0.5002 0.5013 0.5026 0.5039 0.5052
3193.000000 0.5065 0.5079 0.5094 0.5108 0.5123
3198.000000 0.5137 0.5152 0.5166 0.5181 0.5196
3203.000000 0.5210 0.5224 0.5239 0.5251 0.5263
3208.000000 0.5275 0.5288 0.5299 0.5309 0.5320
3213.000000 0.5331 0.5341 0.5352 0.5363 0.5373
3218.000000 0.5384 0.5394 0.5404 0.5415 0.5425
3223.000000 0.5435 0.5445 0.5455 0.5464 0.5474
3228.000000 0.5484 0.5493 0.5503 0.5507 0.5512
3233.000000 0.5516 0.5521 0.5525 0.5529 0.5534
3238.000000 0.5538 0.5542 0.5547 0.5551 0.5555
3243.000000 0.5559 0.5564 0.5568 0.5572 0.5576
3248.000000 0.5580 0.5583 0.5587 0.5591 0.5593
3253.000000 0.5596 0.5598 0.5601 0.5604 0.5606
3258.000000 0.5609 0.5611 0.5614 0.5617 0.5619
3263.000000 0.5622 0.5624 0.5627 0.5629 0.5632
3268.000000 0.5635 0.5637 0.5640 0.5642 0.5645
3273.000000 0.5647 0.5650 0.5653 0.5655 0.5658
3278.000000 0.5660 0.5663 0.5665 0.5668 0.5670
3283.000000 0.5673 0.5676 0.5678 0.5681 0.5683
3288.000000 0.5686 0.5688 0.5691 0.5694 0.5697
3293.000000 0.5700 0.5703 0.5706 0.5708 0.5711
3298.000000 0.5713 0.5716 0.5718 0.5721 0.5723
3303.000000 0.5726 0.5728 0.5731 0.5733 0.5736
3308.000000 0.5738 0.5740 0.5742 0.5744 0.5746
3313.000000 0.5747 0.5748 0.5750 0.5751 0.5752
3318.000000 0.5754 0.5755 0.5756 0.5758 0.5759
3323.000000 0.5761 0.5762 0.5763 0.5765 0.5767
3328.000000 0.5769 0.5771 0.5772 0.5774 0.5776
3333.000000 0.5778 0.5780 0.5781 0.5783 0.5785
3338.000000 0.5787 0.5789 0.5791 0.5794 0.5796
3343.000000 0.5800 0.5804 0.5808 0.5812 0.5816
3348.000000 0.5820 0.5824 0.5828 0.5833 0.5837
3353.000000 0.5841 0.5845 0.5849 0.5853 0.5858
3358.000000 0.5863 0.5868 0.5872 0.5877 0.5882
3363.000000 0.5887 0.5892 0.5897 0.5902 0.5906
3368.000000 0.5911 0.5916 0.5921 0.5926 0.5931
3373.000000 0.5936 0.5941 0.5947 0.5952 0.5957
3378.000000 0.5963 0.5968 0.5973 0.5978 0.5984
3383.000000 0.5989 0.5994 0.5999 0.6004 0.6010
3388.000000 0.6015 0.6020 0.6025 0.6031 0.6036
3393.000000 0.6041 0.6047 0.6052 0.6057 0.6063
3398.000000 0.6069 0.6075 0.6081 0.6086 0.6092
3403.000000 0.6098 0.6103 0.6109 0.6115 0.6120
3408.000000 0.6126 0.6132 0.6138 0.6144 0.6149
3413.000000 0.6155 0.6161 0.6167 0.6173 0.6178
3418.000000 0.6184 0.6190 0.6196 0.6202 0.6208
3423.000000 0.6214 0.6220 0.6229 0.6241 0.6253
3428.000000 0.6265 0.6277 0.6289 0.6301 0.6314
3433.000000 0.6326 0.6338 0.6350 0.6362 0.6375
3438.000000 0.6387 0.6399 0.6409 0.6419 0.6429
3443.000000 0.6439 0.6449 0.6458 0.6467 0.6476
3448.000000 0.6485 0.6494 0.6503 0.6512 0.6521
3453.000000 0.6530 0.6539 0.6548 0.6557 0.6566
3458.000000 0.6576 0.6588 0.6600 0.6611 0.6623
3463.000000 0.6639 0.6659 0.6679 0.6700 0.6720
3468.000000 0.6740 0.6760 0.6779 0.6799 0.6818
3473.000000 0.6832 0.6845 0.6858 0.6871 0.6884
3478.000000 0.6897 0.6910 0.6923 0.6936 0.6949
3483.000000 0.6961 0.6974 0.6986 0.6998 0.7010
3488.000000 0.7022 0.7034 0.7046 0.7058 0.7070
3493.000000 0.7082 0.7094 0.7106 0.7118 0.7129
3498.000000 0.7141 0.7153 0.7165 0.7177 0.7188
3503.000000 0.7198 0.7208 0.7219 0.7229 0.7240
3508.000000 0.7250 0.7260 0.7271 0.7281 0.7291
3513.000000 0.7302 0.7312 0.7322 0.7333 0.7343
3518.000000 0.7354 0.7365 0.7375 0.7386 0.7397
3523.000000 0.7407 0.7418 0.7429 0.7440 0.7450
3528.000000 0.7461 0.7472 0.7483 0.7494 0.7503
3533.000000 0.7511 0.7520 0.7529 0.7538 0.7546
3538.000000 0.7555 0.7563 0.7571 0.7580 0.7587
3543.000000 0.7593 0.7600 0.7606 0.7613 0.7617
3548.000000 0.7622 0.7626 0.7631 0.7635 0.7639
3553.000000 0.7643 0.7647 0.7652 0.7656 0.7660
3558.000000 0.7664 0.7668 0.7672 0.7676 0.7679
3563.000000 0.7681 0.7683 0.7685 0.7687 0.7689
3568.000000 0.7691 0.7693 0.7695 0.7697 0.7699
3573.000000 0.7700 0.7702 0.7704 0.7706 0.7707
3578.000000 0.7707 0.7708 0.7709 0.7709 0.7710
3583.000000 0.7710 0.7711 0.7711 0.7712 0.7713
3588.000000 0.7713 0.7714 0.7714 0.7715 0.7716
3593.000000 0.7716 0.7716 0.7717 0.7717 0.7717
3598.000000 0.7718 0.7719 0.7719 0.7720 0.7720
3603.000000 0.7721 0.7721 0.7722 0.7723 0.7723
3608.000000 0.7724 0.7724 0.7724 0.7725 0.7725
3613.000000 0.7726 0.7726 0.7727 0.7727 0.7728
3618.000000 0.7729 0.7729 0.7729 0.7730 0.7730
3623.000000 0.7730 0.7731 0.7731 0.7732 0.7732
3628.000000 0.7732 0.7733 0.7733 0.7733 0.7734
3633.000000 0.7734 0.7735 0.7735 0.7735 0.7736
3638.000000 0.7736 0.7736 0.7737 0.7737 0.7738
3643.000000 0.7738 0.7738 0.7739 0.7739 0.7740
3648.000000 0.7740 0.7740 0.7741 0.7741 0.7741
3653.000000 0.7741 0.7741 0.7742 0.7742 0.7742
3658.000000 0.7742 0.7742 0.7742 0.7743 0.7743
3663.000000 0.7743 0.7743 0.7743 0.7744 0.7744
3668.000000 0.7744 0.7744 0.7744 0.7744 0.7745
3673.000000 0.7745 0.7745 0.7745 0.7745 0.7746
3678.000000 0.7746 0.7746 0.7746 0.7746 0.7747
3683.000000 0.7747 0.7747 0.7747 0.7747 0.7747
3688.000000 0.7748 0.7748 0.7748 0.7748 0.7748
3693.000000 0.7749 0.7749 0.7749 0.7749 0.7749
3698.000000 0.7749 0.7750 0.7750 0.7750 0.7750
3703.000000 0.7750 0.7751 0.7751 0.7751 0.7751
3708.000000 0.7751 0.7751 0.7751 0.7751 0.7751
3713.000000 0.7751 0.7751 0.7751 0.7751 0.7751
3718.000000 0.7751 0.7751 0.7751 0.7752 0.7752
3723.000000 0.7752 0.7752 0.7752 0.7752 0.7752
3728.000000 0.7752 0.7752 0.7752 0.7752 0.7752
3733.000000 0.7752 0.7752 0.7752 0.7752 0.7753
3738.000000 0.7753 0.7753 0.7753 0.7753 0.7753
3743.000000 0.7752 0.7752 0.7751 0.7751 0.7750
3748.000000 0.7750 0.7749 0.7748 0.7747 0.7747
3753.000000 0.7746 0.7745 0.7745 0.7744 0.7744
3758.000000 0.7743 0.7743 0.7742 0.7742 0.7741
3763.000000 0.7741 0.7740 0.7740 0.7739 0.7738
3768.000000 0.7737 0.7737 0.7736 0.7735 0.7735
3773.000000 0.7734 0.7734 0.7733 0.7733 0.7732
3778.000000 0.7732 0.7731 0.7731 0.7730 0.7730
3783.000000 0.7729 0.7728 0.7728 0.7727 0.7726
3788.000000 0.7725 0.7725 0.7724 0.7723 0.7723
3793.000000 0.7722 0.7721 0.7720 0.7718 0.7717
3798.000000 0.7715 0.7714 0.7713 0.7711 0.7709
3803.000000 0.7708 0.7706 0.7705 0.7703 0.7702
3808.000000 0.7701 0.7699 0.7698 0.7696 0.7695
3813.000000 0.7694 0.7692 0.7691 0.7690 0.7688
3818.000000 0.7685 0.7683 0.7680 0.7678 0.7675
3823.000000 0.7673 0.7670 0.7667 0.7665 0.7662
3828.000000 0.7660 0.7657 0.7654 0.7652 0.7649
3833.000000 0.7646 0.7643 0.7641 0.7638 0.7635
3838.000000 0.7633 0.7630 0.7627 0.7624 0.7621
3843.000000 0.7618 0.7615 0.7612 0.7609 0.7606
3848.000000 0.7602 0.7599 0.7596 0.7592 0.7589
3853.000000 0.7586 0.7582 0.7579 0.7576 0.7573
3858.000000 0.7570 0.7567 0.7565 0.7563 0.7561
3863.000000 0.7559 0.7556 0.7554 0.7552 0.7550
3868.000000 0.7548 0.7546 0.7544 0.7542 0.7540
3873.000000 0.7538 0.7536 0.7534 0.7531 0.7529
3878.000000 0.7527 0.7525 0.7523 0.7521 0.7519
3883.000000 0.7517 0.7515 0.7514 0.7512 0.7510
3888.000000 0.7508 0.7506 0.7504 0.7502 0.7500
3893.000000 0.7498 0.7496 0.7494 0.7491 0.7489
3898.000000 0.7487 0.7485 0.7483 0.7481 0.7479
3903.000000 0.7477 0.7475 0.7473 0.7471 0.7469
3908.000000 0.7467 0.7465 0.7463 0.7461 0.7459
3913.000000 0.7457 0.7454 0.7452 0.7449 0.7446
3918.000000 0.7444 0.7441 0.7438 0.7436 0.7433
3923.000000 0.7430 0.7427 0.7424 0.7422 0.7419
3928.000000 0.7416 0.7413 0.7410 0.7407 0.7404
3933.000000 0.7401 0.7398 0.7395 0.7392 0.7390
3938.000000 0.7383 0.7376 0.7370 0.7363 0.7357
3943.000000 0.7350 0.7342 0.7334 0.7326 0.7318
3948.000000 0.7310 0.7302 0.7293 0.7284 0.7275
3953.000000 0.7266 0.7257 0.7248 0.7240 0.7234
3958.000000 0.7228 0.7222 0.7216 0.7210 0.7204
3963.000000 0.7202 0.7199 0.7196 0.7193 0.7190
3968.000000 0.7187 0.7184 0.7182 0.7179 0.7176
3973.000000 0.7174 0.7171 0.7168 0.7166 0.7163
3978.000000 0.7160 0.7158 0.7155 0.7152 0.7150
3983.000000 0.7147 0.7144 0.7141 0.7139 0.7136
3988.000000 0.7147 0.7131 0.7128 0.7125 0.7122
3993.000000 0.7119 0.7117 0.7116 0.7115 0.7114
3998.000000 0.7113 0.7112 0.7112
##END=
