##TITLE=Succinamide, N,N'-dimethyl-,
##JCAMP-DX=4.24
##DATA TYPE=INFRARED SPECTRUM
##CLASS=COBLENTZ III
##ORIGIN=WYANDOTTE CHEMICALS CORP.
##OWNER=Copyright (C) 1987 by the Coblentz Society
Collection (C) 2018 copyright by the U.S. Secretary of Commerce
on behalf of the United States of America. All rights reserved.
##DATE=1957/06/19
##NAMES=N<1>,N<4>-dimethylsuccinamide
##CAS REGISTRY NO=16873-50-0
##MOLFORM=C6 H12 N2 O2
##MP=171 C
##SOURCE REFERENCE=COBLENTZ NO. 5946
##$NIST SOURCE=COBLENTZ
##$NIST IMAGE=cob5946
##SPECTROMETER/DATA SYSTEM=BAIRD (GRATING)
##INSTRUMENT PARAMETERS=NaCl PRISM
##STATE=SOLID (OIL MULL)
##PATH LENGTH=
$$SPECTRAL CONTAMINATION DUE TO OIL AROUND 2900 CM^-^1
##RESOLUTION=2
##XUNITS=1/CM
##YUNITS=TRANSMITTANCE
##XFACTOR=1.0
##YFACTOR=1
##FIRSTX=626
##LASTX=4000
##FIRSTY=0.5905
##MAXX=4000
##MINX=626
##MAXY=0.9691
##MINY=0.0296
##NPOINTS=3375
##XYDATA=(X++(Y..Y))
626.000000 0.5905 0.5876 0.5859 0.5842 0.5823
631.000000 0.5804 0.5784 0.5755 0.5733 0.5721
636.000000 0.5719 0.5714 0.5674 0.5626 0.5576
641.000000 0.5531 0.5487 0.5446 0.5444 0.5402
646.000000 0.5403 0.5406 0.5411 0.5416 0.5428
651.000000 0.5441 0.5457 0.5474 0.5491 0.5510
656.000000 0.5530 0.5549 0.5576 0.5604 0.5633
661.000000 0.5658 0.5664 0.5661 0.5634 0.5598
666.000000 0.5557 0.5516 0.5483 0.5447 0.5410
671.000000 0.5372 0.5340 0.5304 0.5270 0.5234
676.000000 0.5198 0.5160 0.5121 0.5082 0.5043
681.000000 0.5003 0.4960 0.4916 0.4872 0.4830
686.000000 0.4786 0.4743 0.4695 0.4648 0.4600
691.000000 0.4553 0.4506 0.4459 0.4412 0.4362
696.000000 0.4310 0.4258 0.4205 0.4153 0.4100
701.000000 0.4044 0.3988 0.3933 0.3874 0.3812
706.000000 0.3749 0.3686 0.3624 0.3557 0.3485
711.000000 0.3413 0.3342 0.3281 0.3226 0.3171
716.000000 0.3116 0.3069 0.3029 0.2988 0.2947
721.000000 0.2909 0.2883 0.2857 0.2831 0.2808
726.000000 0.2789 0.2770 0.2756 0.2750 0.2752
731.000000 0.2757 0.2761 0.2771 0.2788 0.2814
736.000000 0.2840 0.2879 0.2924 0.2964 0.3003
741.000000 0.3033 0.3060 0.3097 0.3148 0.3199
746.000000 0.3250 0.3302 0.3354 0.3407 0.3468
751.000000 0.3528 0.3588 0.3657 0.3719 0.3774
756.000000 0.3830 0.3886 0.3943 0.4000 0.4058
761.000000 0.4115 0.4173 0.4230 0.4293 0.4347
766.000000 0.4398 0.4449 0.4499 0.4545 0.4583
771.000000 0.4615 0.4647 0.4678 0.4709 0.4740
776.000000 0.4771 0.4801 0.4831 0.4861 0.4890
781.000000 0.4919 0.4949 0.4981 0.5017 0.5053
786.000000 0.5089 0.5124 0.5156 0.5189 0.5222
791.000000 0.5254 0.5287 0.5317 0.5347 0.5377
796.000000 0.5408 0.5437 0.5468 0.5502 0.5538
801.000000 0.5572 0.5606 0.5641 0.5674 0.5709
806.000000 0.5741 0.5770 0.5798 0.5827 0.5855
811.000000 0.5883 0.5911 0.5936 0.5962 0.5987
816.000000 0.6011 0.6037 0.6058 0.6077 0.6096
821.000000 0.6114 0.6134 0.6154 0.6174 0.6194
826.000000 0.6213 0.6233 0.6253 0.6267 0.6279
831.000000 0.6290 0.6302 0.6316 0.6330 0.6344
836.000000 0.6359 0.6373 0.6386 0.6399 0.6411
841.000000 0.6423 0.6435 0.6447 0.6456 0.6466
846.000000 0.6475 0.6485 0.6494 0.6498 0.6501
851.000000 0.6505 0.6509 0.6514 0.6518 0.6521
856.000000 0.6522 0.6522 0.6524 0.6524 0.6525
861.000000 0.6526 0.6528 0.6533 0.6536 0.6539
866.000000 0.6543 0.6547 0.6547 0.6546 0.6546
871.000000 0.6545 0.6545 0.6544 0.6544 0.6590
876.000000 0.6539 0.6535 0.6531 0.6525 0.6510
881.000000 0.6494 0.6479 0.6461 0.6435 0.6409
886.000000 0.6383 0.6352 0.6311 0.6262 0.6193
891.000000 0.6119 0.6017 0.5914 0.5809 0.5705
896.000000 0.5577 0.5427 0.5251 0.5040 0.4875
901.000000 0.4770 0.4775 0.4788 0.4860 0.4982
906.000000 0.5123 0.5246 0.5365 0.5491 0.5610
911.000000 0.5721 0.5821 0.5913 0.5968 0.5988
916.000000 0.6001 0.6001 0.5996 0.5989 0.5980
921.000000 0.5973 0.5967 0.5971 0.5975 0.5983
926.000000 0.5993 0.6006 0.6025 0.6053 0.6085
931.000000 0.6117 0.6140 0.6164 0.6180 0.6189
936.000000 0.6203 0.6196 0.6193 0.6189 0.6184
941.000000 0.6172 0.6160 0.6147 0.6129 0.6110
946.000000 0.6092 0.6074 0.6055 0.6042 0.6032
951.000000 0.6022 0.6012 0.6005 0.6000 0.5994
956.000000 0.5989 0.5983 0.5977 0.5971 0.5966
961.000000 0.5960 0.5954 0.5949 0.5943 0.5938
966.000000 0.5931 0.5926 0.5919 0.5912 0.5904
971.000000 0.5896 0.5889 0.5881 0.5873 0.5865
976.000000 0.5859 0.5857 0.5856 0.5854 0.5852
981.000000 0.5850 0.5848 0.5849 0.5852 0.5855
986.000000 0.5858 0.5861 0.5864 0.5867 0.5869
991.000000 0.5871 0.5872 0.5873 0.5875 0.5876
996.000000 0.5877 0.5870 0.5864 0.5858 0.5852
1001.000000 0.5845 0.5839 0.5831 0.5815 0.5797
1006.000000 0.5780 0.5764 0.5745 0.5708 0.5671
1011.000000 0.5633 0.5595 0.5553 0.5511 0.5468
1016.000000 0.5423 0.5356 0.5286 0.5248 0.5243
1021.000000 0.5248 0.5279 0.5262 0.5281 0.5300
1026.000000 0.5319 0.5342 0.5364 0.5388 0.5406
1031.000000 0.5415 0.5425 0.5427 0.5427 0.5409
1036.000000 0.5394 0.5378 0.5363 0.5348 0.5317
1041.000000 0.5285 0.5254 0.5219 0.5179 0.5139
1046.000000 0.5095 0.5049 0.5002 0.4957 0.4886
1051.000000 0.4813 0.4734 0.4634 0.4534 0.4417
1056.000000 0.4216 0.4011 0.3797 0.3580 0.3351
1061.000000 0.3105 0.2882 0.2776 0.2712 0.2691
1066.000000 0.2700 0.2766 0.3075 0.3385 0.3695
1071.000000 0.4004 0.4312 0.4619 0.4926 0.5233
1076.000000 0.5506 0.5553 0.5566 0.5574 0.5564
1081.000000 0.5562 0.5558 0.5548 0.5537 0.5525
1086.000000 0.5514 0.5503 0.5490 0.5475 0.5461
1091.000000 0.5446 0.5431 0.5416 0.5401 0.5384
1096.000000 0.5369 0.5352 0.5335 0.5318 0.5297
1101.000000 0.5275 0.5254 0.5233 0.5211 0.5186
1106.000000 0.5151 0.5118 0.5084 0.5050 0.5016
1111.000000 0.4974 0.4930 0.4885 0.4841 0.4799
1116.000000 0.4758 0.4716 0.4675 0.4634 0.4593
1121.000000 0.4547 0.4496 0.4444 0.4393 0.4340
1126.000000 0.4273 0.4204 0.4136 0.4080 0.4039
1131.000000 0.3997 0.3956 0.3914 0.3873 0.3832
1136.000000 0.3790 0.3750 0.3709 0.3659 0.3602
1141.000000 0.3545 0.3488 0.3432 0.3378 0.3324
1146.000000 0.3271 0.3216 0.3163 0.3110 0.3020
1151.000000 0.2904 0.2808 0.2731 0.2655 0.2574
1156.000000 0.2431 0.2227 0.1968 0.1728 0.1544
1161.000000 0.1401 0.1315 0.1232 0.1154 0.1104
1166.000000 0.1056 0.1029 0.1015 0.1005 0.1020
1171.000000 0.1016 0.1030 0.1043 0.1065 0.1099
1176.000000 0.1145 0.1228 0.1314 0.1422 0.1532
1181.000000 0.1636 0.1738 0.1836 0.1917 0.1997
1186.000000 0.2076 0.2164 0.2271 0.2374 0.2460
1191.000000 0.2544 0.2603 0.2654 0.2704 0.2739
1196.000000 0.2770 0.2785 0.2794 0.2777 0.2801
1201.000000 0.2797 0.2787 0.2774 0.2747 0.2704
1206.000000 0.2658 0.2611 0.2557 0.2490 0.2402
1211.000000 0.2285 0.2158 0.2036 0.1914 0.1793
1216.000000 0.1672 0.1550 0.1429 0.1309 0.1188
1221.000000 0.1068 0.0947 0.0828 0.0706 0.0646
1226.000000 0.0621 0.0635 0.0622 0.0644 0.0709
1231.000000 0.0882 0.1064 0.1247 0.1429 0.1611
1236.000000 0.1793 0.1974 0.2155 0.2336 0.2516
1241.000000 0.2697 0.2877 0.3056 0.3235 0.3389
1246.000000 0.3469 0.3570 0.3652 0.3733 0.3785
1251.000000 0.3819 0.3852 0.3871 0.3884 0.3896
1256.000000 0.3902 0.3907 0.3912 0.3903 0.3885
1261.000000 0.3856 0.3828 0.3800 0.3772 0.3744
1266.000000 0.3716 0.3691 0.3666 0.3640 0.3615
1271.000000 0.3590 0.3564 0.3539 0.3513 0.3483
1276.000000 0.3453 0.3424 0.3394 0.3364 0.3335
1281.000000 0.3305 0.3276 0.3244 0.3208 0.3172
1286.000000 0.3136 0.3100 0.3065 0.3033 0.3001
1291.000000 0.2969 0.2937 0.2900 0.2863 0.2827
1296.000000 0.2791 0.2754 0.2712 0.2664 0.2617
1301.000000 0.2581 0.2549 0.2518 0.2486 0.2455
1306.000000 0.2424 0.2394 0.2366 0.2339 0.2311
1311.000000 0.2283 0.2255 0.2227 0.2200 0.2173
1316.000000 0.2146 0.2118 0.2091 0.2063 0.2033
1321.000000 0.2003 0.1974 0.1944 0.1914 0.1885
1326.000000 0.1857 0.1829 0.1801 0.1769 0.1736
1331.000000 0.1703 0.1670 0.1629 0.1586 0.1544
1336.000000 0.1500 0.1450 0.1399 0.1345 0.1279
1341.000000 0.1213 0.1146 0.1076 0.1006 0.0912
1346.000000 0.0814 0.0740 0.0671 0.0607 0.0561
1351.000000 0.0517 0.0484 0.0459 0.0447 0.0442
1356.000000 0.0438 0.0433 0.0437 0.0438 0.0444
1361.000000 0.0450 0.0459 0.0470 0.0484 0.0499
1366.000000 0.0518 0.0543 0.0570 0.0597 0.0631
1371.000000 0.0668 0.0706 0.0747 0.0789 0.0830
1376.000000 0.0868 0.0905 0.0932 0.0952 0.0970
1381.000000 0.0987 0.0994 0.0997 0.0999 0.0995
1386.000000 0.0987 0.0979 0.0970 0.0959 0.0949
1391.000000 0.0954 0.0971 0.0993 0.1029 0.1070
1396.000000 0.1110 0.1144 0.1173 0.1202 0.1227
1401.000000 0.1240 0.1253 0.1267 0.1273 0.1265
1406.000000 0.1255 0.1239 0.1212 0.1185 0.1157
1411.000000 0.1128 0.1097 0.1067 0.1041 0.1016
1416.000000 0.0992 0.0968 0.0946 0.0932 0.0918
1421.000000 0.0903 0.0889 0.0877 0.0870 0.0863
1426.000000 0.0857 0.0851 0.0845 0.0843 0.0843
1431.000000 0.0843 0.0842 0.0837 0.0828 0.0814
1436.000000 0.0797 0.0780 0.0760 0.0738 0.0723
1441.000000 0.0716 0.0709 0.0706 0.0706 0.0708
1446.000000 0.0711 0.0715 0.0719 0.0724 0.0729
1451.000000 0.0734 0.0741 0.0747 0.0753 0.0760
1456.000000 0.0764 0.0769 0.0774 0.0779 0.0784
1461.000000 0.0788 0.0792 0.0795 0.0800 0.0803
1466.000000 0.0807 0.0810 0.0814 0.0817 0.0822
1471.000000 0.0826 0.0830 0.0834 0.0838 0.0843
1476.000000 0.0846 0.0851 0.0855 0.0862 0.0868
1481.000000 0.0874 0.0881 0.0887 0.0894 0.0902
1486.000000 0.0921 0.0948 0.0974 0.1032 0.1153
1491.000000 0.1243 0.1304 0.1322 0.1339 0.1357
1496.000000 0.1368 0.1376 0.1385 0.1394 0.1401
1501.000000 0.1404 0.1407 0.1421 0.1412 0.1405
1506.000000 0.1396 0.1371 0.1344 0.1319 0.1290
1511.000000 0.1259 0.1227 0.1196 0.1169 0.1143
1516.000000 0.1118 0.1092 0.1068 0.1046 0.1024
1521.000000 0.1003 0.0982 0.0960 0.0939 0.0917
1526.000000 0.0892 0.0860 0.0826 0.0790 0.0756
1531.000000 0.0723 0.0696 0.0668 0.0640 0.0613
1536.000000 0.0589 0.0571 0.0554 0.0537 0.0520
1541.000000 0.0503 0.0485 0.0475 0.0468 0.0461
1546.000000 0.0454 0.0447 0.0443 0.0448 0.0454
1551.000000 0.0460 0.0467 0.0473 0.0480 0.0486
1556.000000 0.0490 0.0490 0.0488 0.0484 0.0475
1561.000000 0.0455 0.0435 0.0415 0.0392 0.0369
1566.000000 0.0348 0.0336 0.0328 0.0320 0.0317
1571.000000 0.0316 0.0315 0.0314 0.0313 0.0312
1576.000000 0.0312 0.0314 0.0315 0.0316 0.0318
1581.000000 0.0319 0.0321 0.0323 0.0325 0.0327
1586.000000 0.0329 0.0331 0.0333 0.0334 0.0335
1591.000000 0.0296 0.0336 0.0337 0.0337 0.0338
1596.000000 0.0338 0.0339 0.0339 0.0340 0.0341
1601.000000 0.0343 0.0345 0.0348 0.0350 0.0353
1606.000000 0.0355 0.0357 0.0360 0.0363 0.0365
1611.000000 0.0370 0.0375 0.0381 0.0387 0.0393
1616.000000 0.0398 0.0405 0.0411 0.0417 0.0422
1621.000000 0.0426 0.0430 0.0433 0.0437 0.0440
1626.000000 0.0443 0.0446 0.0447 0.0446 0.0444
1631.000000 0.0443 0.0442 0.0440 0.0439 0.0439
1636.000000 0.0434 0.0430 0.0427 0.0422 0.0415
1641.000000 0.0407 0.0398 0.0390 0.0382 0.0373
1646.000000 0.0364 0.0355 0.0350 0.0350 0.0352
1651.000000 0.0353 0.0358 0.0363 0.0372 0.0387
1656.000000 0.0405 0.0425 0.0451 0.0482 0.0545
1661.000000 0.0608 0.0650 0.0695 0.0740 0.0759
1666.000000 0.0758 0.0757 0.0757 0.0758 0.0759
1671.000000 0.0761 0.0767 0.0796 0.0836 0.0881
1676.000000 0.0926 0.0967 0.0999 0.1032 0.1070
1681.000000 0.1114 0.1158 0.1211 0.1272 0.1336
1686.000000 0.1394 0.1446 0.1498 0.1550 0.1604
1691.000000 0.1659 0.1715 0.1769 0.1819 0.1868
1696.000000 0.1915 0.1973 0.2037 0.2102 0.2162
1701.000000 0.2212 0.2257 0.2301 0.2345 0.2396
1706.000000 0.2448 0.2499 0.2543 0.2580 0.2618
1711.000000 0.2655 0.2690 0.2723 0.2755 0.2786
1716.000000 0.2816 0.2846 0.2876 0.2902 0.2922
1721.000000 0.2939 0.2958 0.2983 0.3007 0.3032
1726.000000 0.3069 0.3112 0.3157 0.3209 0.3263
1731.000000 0.3316 0.3360 0.3401 0.3442 0.3482
1736.000000 0.3522 0.3563 0.3648 0.3741 0.3869
1741.000000 0.4137 0.4254 0.4616 0.4842 0.4959
1746.000000 0.5074 0.5179 0.5281 0.5332 0.5366
1751.000000 0.5401 0.5436 0.5470 0.5505 0.5539
1756.000000 0.5574 0.5609 0.5643 0.5676 0.5710
1761.000000 0.5744 0.5777 0.5809 0.5841 0.5873
1766.000000 0.5905 0.5937 0.5969 0.6001 0.6034
1771.000000 0.6071 0.6115 0.6165 0.6215 0.6265
1776.000000 0.6315 0.6365 0.6414 0.6464 0.6517
1781.000000 0.6570 0.6623 0.6676 0.6729 0.6782
1786.000000 0.6876 0.7072 0.7113 0.7155 0.7196
1791.000000 0.7238 0.7280 0.7322 0.7370 0.7422
1796.000000 0.7474 0.7519 0.7560 0.7600 0.7639
1801.000000 0.7678 0.7714 0.7745 0.7772 0.7800
1806.000000 0.7828 0.7856 0.7884 0.7911 0.7940
1811.000000 0.7970 0.8002 0.8034 0.8066 0.8097
1816.000000 0.8127 0.8152 0.8171 0.8190 0.8209
1821.000000 0.8228 0.8247 0.8265 0.8284 0.8303
1826.000000 0.8322 0.8342 0.8362 0.8382 0.8403
1831.000000 0.8423 0.8444 0.8481 0.8608 0.8687
1836.000000 0.8740 0.8776 0.8811 0.8847 0.8878
1841.000000 0.8902 0.8920 0.8938 0.8957 0.8975
1846.000000 0.8994 0.9014 0.9036 0.9063 0.9089
1851.000000 0.9115 0.9140 0.9154 0.9168 0.9182
1856.000000 0.9197 0.9211 0.9225 0.9239 0.9254
1861.000000 0.9268 0.9282 0.9294 0.9307 0.9319
1866.000000 0.9332 0.9344 0.9357 0.9369 0.9381
1871.000000 0.9393 0.9403 0.9413 0.9423 0.9432
1876.000000 0.9441 0.9451 0.9461 0.9470 0.9479
1881.000000 0.9489 0.9499 0.9506 0.9511 0.9516
1886.000000 0.9521 0.9526 0.9530 0.9535 0.9540
1891.000000 0.9546 0.9552 0.9557 0.9563 0.9568
1896.000000 0.9574 0.9580 0.9585 0.9591 0.9596
1901.000000 0.9600 0.9603 0.9607 0.9610 0.9614
1906.000000 0.9617 0.9620 0.9623 0.9627 0.9630
1911.000000 0.9633 0.9636 0.9639 0.9640 0.9641
1916.000000 0.9642 0.9643 0.9644 0.9645 0.9645
1921.000000 0.9647 0.9648 0.9648 0.9650 0.9651
1926.000000 0.9651 0.9653 0.9654 0.9654 0.9655
1931.000000 0.9655 0.9656 0.9656 0.9656 0.9656
1936.000000 0.9656 0.9656 0.9656 0.9656 0.9656
1941.000000 0.9656 0.9656 0.9656 0.9656 0.9656
1946.000000 0.9655 0.9655 0.9654 0.9653 0.9653
1951.000000 0.9652 0.9651 0.9651 0.9650 0.9649
1956.000000 0.9649 0.9648 0.9647 0.9647 0.9646
1961.000000 0.9645 0.9645 0.9644 0.9643 0.9643
1966.000000 0.9642 0.9641 0.9641 0.9640 0.9640
1971.000000 0.9640 0.9691 0.9639 0.9638 0.9637
1976.000000 0.9637 0.9636 0.9635 0.9635 0.9634
1981.000000 0.9633 0.9633 0.9632 0.9632 0.9632
1986.000000 0.9632 0.9634 0.9636 0.9638 0.9639
1991.000000 0.9641 0.9642 0.9644 0.9646 0.9648
1996.000000 0.9649 0.9651 0.9653 0.9657 0.9663
2001.000000 0.9667 0.9672 0.9677 0.9680 0.9682
2006.000000 0.9683 0.9685 0.9686 0.9688 0.9689
2011.000000 0.9689 0.9685 0.9680 0.9674 0.9668
2016.000000 0.9661 0.9653 0.9645 0.9637 0.9629
2021.000000 0.9621 0.9612 0.9604 0.9596 0.9587
2026.000000 0.9579 0.9571 0.9563 0.9554 0.9546
2031.000000 0.9538 0.9530 0.9522 0.9514 0.9506
2036.000000 0.9498 0.9490 0.9483 0.9475 0.9467
2041.000000 0.9459 0.9451 0.9443 0.9435 0.9427
2046.000000 0.9419 0.9411 0.9404 0.9396 0.9388
2051.000000 0.9379 0.9370 0.9360 0.9352 0.9342
2056.000000 0.9333 0.9324 0.9315 0.9305 0.9296
2061.000000 0.9288 0.9278 0.9269 0.9261 0.9253
2066.000000 0.9244 0.9236 0.9228 0.9220 0.9212
2071.000000 0.9204 0.9195 0.9187 0.9179 0.9171
2076.000000 0.9163 0.9155 0.9147 0.9141 0.9135
2081.000000 0.9129 0.9123 0.9117 0.9112 0.9106
2086.000000 0.9101 0.9095 0.9090 0.9084 0.9078
2091.000000 0.9074 0.9071 0.9069 0.9067 0.9065
2096.000000 0.9064 0.9062 0.9060 0.9059 0.9057
2101.000000 0.9055 0.9054 0.9052 0.9050 0.9023
2106.000000 0.9048 0.9047 0.9045 0.9045 0.9044
2111.000000 0.9044 0.9043 0.9042 0.9041 0.9041
2116.000000 0.9040 0.9039 0.9039 0.9038 0.9038
2121.000000 0.9037 0.9037 0.9036 0.9036 0.9035
2126.000000 0.9035 0.9035 0.9034 0.9034 0.9033
2131.000000 0.9033 0.9033 0.9033 0.9034 0.9037
2136.000000 0.9039 0.9041 0.9043 0.9045 0.9048
2141.000000 0.9051 0.9055 0.9061 0.9069 0.9076
2146.000000 0.9083 0.9090 0.9097 0.9105 0.9113
2151.000000 0.9121 0.9129 0.9136 0.9146 0.9157
2156.000000 0.9168 0.9179 0.9190 0.9201 0.9210
2161.000000 0.9218 0.9226 0.9235 0.9243 0.9249
2166.000000 0.9253 0.9257 0.9261 0.9264 0.9267
2171.000000 0.9269 0.9270 0.9272 0.9288 0.9274
2176.000000 0.9275 0.9276 0.9276 0.9275 0.9273
2181.000000 0.9271 0.9268 0.9265 0.9262 0.9259
2186.000000 0.9255 0.9251 0.9244 0.9237 0.9229
2191.000000 0.9222 0.9215 0.9207 0.9200 0.9192
2196.000000 0.9180 0.9169 0.9157 0.9146 0.9134
2201.000000 0.9122 0.9110 0.9100 0.9092 0.9085
2206.000000 0.9080 0.9075 0.9069 0.9064 0.9058
2211.000000 0.9054 0.9051 0.9050 0.9048 0.9047
2216.000000 0.9045 0.9044 0.9043 0.9042 0.9042
2221.000000 0.9042 0.9042 0.9041 0.9041 0.9041
2226.000000 0.9041 0.9041 0.9041 0.9041 0.9041
2231.000000 0.9040 0.9040 0.9040 0.9040 0.9040
2236.000000 0.9040 0.9047 0.9039 0.9039 0.9039
2241.000000 0.9038 0.9038 0.9038 0.9038 0.9037
2246.000000 0.9037 0.9037 0.9037 0.9037 0.9037
2251.000000 0.9037 0.9038 0.9039 0.9039 0.9040
2256.000000 0.9040 0.9041 0.9042 0.9043 0.9043
2261.000000 0.9044 0.9044 0.9045 0.9046 0.9047
2266.000000 0.9047 0.9048 0.9049 0.9050 0.9050
2271.000000 0.9051 0.9051 0.9052 0.9053 0.9054
2276.000000 0.9054 0.9055 0.9055 0.9056 0.9057
2281.000000 0.9057 0.9058 0.9058 0.9059 0.9060
2286.000000 0.9061 0.9061 0.9062 0.9063 0.9064
2291.000000 0.9064 0.9063 0.9061 0.9060 0.9058
2296.000000 0.9057 0.9056 0.9055 0.9054 0.9052
2301.000000 0.9050 0.9048 0.9042 0.9035 0.9029
2306.000000 0.9023 0.9017 0.9011 0.9005 0.8998
2311.000000 0.8992 0.8986 0.8979 0.8972 0.8964
2316.000000 0.8956 0.8948 0.8940 0.8931 0.8923
2321.000000 0.8916 0.8908 0.8900 0.8892 0.8883
2326.000000 0.8875 0.8867 0.8859 0.8849 0.8840
2331.000000 0.8830 0.8819 0.8809 0.8799 0.8789
2336.000000 0.8778 0.8768 0.8758 0.8748 0.8739
2341.000000 0.8730 0.8721 0.8713 0.8704 0.8694
2346.000000 0.8686 0.8677 0.8669 0.8661 0.8654
2351.000000 0.8651 0.8648 0.8645 0.8643 0.8639
2356.000000 0.8636 0.8634 0.8631 0.8628 0.8625
2361.000000 0.8622 0.8621 0.8619 0.8619 0.8619
2366.000000 0.8618 0.8618 0.8617 0.8617 0.8616
2371.000000 0.8616 0.8615 0.8615 0.8615 0.8614
2376.000000 0.8614 0.8614 0.8614 0.8614 0.8614
2381.000000 0.8613 0.8613 0.8613 0.8613 0.8613
2386.000000 0.8612 0.8612 0.8612 0.8612 0.8612
2391.000000 0.8608 0.8605 0.8601 0.8598 0.8594
2396.000000 0.8590 0.8586 0.8583 0.8579 0.8574
2401.000000 0.8568 0.8561 0.8554 0.8546 0.8539
2406.000000 0.8532 0.8523 0.8514 0.8503 0.8491
2411.000000 0.8479 0.8467 0.8455 0.8443 0.8431
2416.000000 0.8418 0.8405 0.8391 0.8372 0.8353
2421.000000 0.8334 0.8316 0.8297 0.8279 0.8260
2426.000000 0.8243 0.8225 0.8207 0.8190 0.8173
2431.000000 0.8155 0.8138 0.8123 0.8109 0.8098
2436.000000 0.8089 0.8080 0.8072 0.8063 0.8054
2441.000000 0.8045 0.8038 0.8031 0.8025 0.8024
2446.000000 0.8023 0.8022 0.8021 0.8020 0.8019
2451.000000 0.8018 0.8017 0.8016 0.8016 0.8016
2456.000000 0.8017 0.8017 0.8017 0.8018 0.8018
2461.000000 0.8018 0.8018 0.8018 0.8019 0.8019
2466.000000 0.8020 0.8020 0.8020 0.8020 0.8020
2471.000000 0.8019 0.8018 0.8017 0.8017 0.8017
2476.000000 0.8016 0.8016 0.8015 0.8014 0.8014
2481.000000 0.8012 0.8011 0.8009 0.8006 0.8004
2486.000000 0.8001 0.7999 0.7996 0.7994 0.7992
2491.000000 0.7989 0.7987 0.7984 0.7982 0.7980
2496.000000 0.7976 0.7972 0.7968 0.7964 0.7960
2501.000000 0.7956 0.7952 0.7947 0.7943 0.7939
2506.000000 0.7934 0.7930 0.7925 0.7921 0.7917
2511.000000 0.7912 0.7908 0.7904 0.7899 0.7895
2516.000000 0.7890 0.7885 0.7881 0.7877 0.7872
2521.000000 0.7867 0.7862 0.7856 0.7849 0.7842
2526.000000 0.7835 0.7827 0.7820 0.7811 0.7802
2531.000000 0.7791 0.7779 0.7767 0.7755 0.7742
2536.000000 0.7729 0.7713 0.7698 0.7681 0.7664
2541.000000 0.7647 0.7628 0.7609 0.7589 0.7570
2546.000000 0.7550 0.7532 0.7514 0.7496 0.7478
2551.000000 0.7460 0.7447 0.7434 0.7422 0.7413
2556.000000 0.7405 0.7396 0.7387 0.7379 0.7374
2561.000000 0.7370 0.7365 0.7361 0.7356 0.7352
2566.000000 0.7348 0.7343 0.7339 0.7334 0.7332
2571.000000 0.7330 0.7329 0.7327 0.7326 0.7324
2576.000000 0.7322 0.7321 0.7320 0.7319 0.7319
2581.000000 0.7319 0.7319 0.7320 0.7320 0.7320
2586.000000 0.7321 0.7321 0.7322 0.7322 0.7322
2591.000000 0.7323 0.7323 0.7323 0.7324 0.7324
2596.000000 0.7324 0.7325 0.7325 0.7326 0.7326
2601.000000 0.7326 0.7327 0.7327 0.7327 0.7326
2606.000000 0.7326 0.7326 0.7326 0.7326 0.7326
2611.000000 0.7326 0.7326 0.7326 0.7326 0.7326
2616.000000 0.7325 0.7325 0.7325 0.7325 0.7325
2621.000000 0.7325 0.7325 0.7325 0.7325 0.7325
2626.000000 0.7325 0.7325 0.7325 0.7325 0.7325
2631.000000 0.7325 0.7326 0.7326 0.7326 0.7327
2636.000000 0.7327 0.7327 0.7328 0.7329 0.7330
2641.000000 0.7330 0.7330 0.7331 0.7331 0.7331
2646.000000 0.7332 0.7332 0.7332 0.7331 0.7330
2651.000000 0.7329 0.7328 0.7326 0.7325 0.7324
2656.000000 0.7323 0.7322 0.7321 0.7320 0.7319
2661.000000 0.7318 0.7317 0.7315 0.7314 0.7312
2666.000000 0.7308 0.7303 0.7299 0.7291 0.7282
2671.000000 0.7273 0.7263 0.7253 0.7244 0.7234
2676.000000 0.7224 0.7214 0.7204 0.7195 0.7184
2681.000000 0.7172 0.7160 0.7148 0.7137 0.7125
2686.000000 0.7113 0.7101 0.7090 0.7078 0.7066
2691.000000 0.7054 0.7023 0.6991 0.6959 0.6939
2696.000000 0.6920 0.6900 0.6880 0.6861 0.6841
2701.000000 0.6822 0.6803 0.6782 0.6758 0.6734
2706.000000 0.6710 0.6686 0.6662 0.6638 0.6614
2711.000000 0.6590 0.6567 0.6543 0.6520 0.6496
2716.000000 0.6473 0.6450 0.6426 0.6404 0.6381
2721.000000 0.6357 0.6333 0.6310 0.6286 0.6262
2726.000000 0.6237 0.6227 0.6221 0.6216 0.6211
2731.000000 0.6206 0.6201 0.6197 0.6194 0.6190
2736.000000 0.6188 0.6187 0.6185 0.6183 0.6181
2741.000000 0.6179 0.6176 0.6173 0.6170 0.6167
2746.000000 0.6164 0.6161 0.6159 0.6156 0.6153
2751.000000 0.6149 0.6143 0.6138 0.6133 0.6128
2756.000000 0.6123 0.6117 0.6111 0.6105 0.6098
2761.000000 0.6090 0.6082 0.6070 0.6055 0.6040
2766.000000 0.6024 0.6007 0.5991 0.5973 0.5954
2771.000000 0.5935 0.5917 0.5898 0.5880 0.5862
2776.000000 0.5844 0.5826 0.5807 0.5789 0.5770
2781.000000 0.5751 0.5728 0.5705 0.5683 0.5662
2786.000000 0.5642 0.5622 0.5603 0.5585 0.5567
2791.000000 0.5532 0.5494 0.5456 0.5408 0.5356
2796.000000 0.5304 0.5253 0.5201 0.5149 0.5098
2801.000000 0.5046 0.4995 0.4944 0.4892 0.4841
2806.000000 0.4789 0.4738 0.4686 0.4635 0.4584
2811.000000 0.4532 0.4481 0.4337 0.4178 0.4018
2816.000000 0.3944 0.3909 0.3874 0.3845 0.3821
2821.000000 0.3798 0.3774 0.3752 0.3730 0.3708
2826.000000 0.3689 0.3670 0.3652 0.3636 0.3621
2831.000000 0.3605 0.3592 0.3580 0.3567 0.3556
2836.000000 0.3545 0.3534 0.3505 0.3437 0.3369
2841.000000 0.3290 0.3099 0.2908 0.2716 0.2566
2846.000000 0.2422 0.2278 0.2175 0.2097 0.2019
2851.000000 0.1925 0.1807 0.1689 0.1580 0.1543
2856.000000 0.1505 0.1468 0.1427 0.1386 0.1345
2861.000000 0.1306 0.1268 0.1230 0.1197 0.1178
2866.000000 0.1158 0.1138 0.1118 0.1098 0.1079
2871.000000 0.1065 0.1052 0.1040 0.1028 0.1017
2876.000000 0.1005 0.0993 0.0981 0.0969 0.0957
2881.000000 0.0944 0.0930 0.0917 0.0902 0.0884
2886.000000 0.0866 0.0849 0.0832 0.0816 0.0799
2891.000000 0.0786 0.0774 0.0762 0.0750 0.0737
2896.000000 0.0725 0.0713 0.0701 0.0689 0.0677
2901.000000 0.0663 0.0649 0.0634 0.0620 0.0605
2906.000000 0.0590 0.0575 0.0563 0.0551 0.0539
2911.000000 0.0528 0.0519 0.0510 0.0500 0.0491
2916.000000 0.0481 0.0472 0.0464 0.0457 0.0450
2921.000000 0.0443 0.0437 0.0432 0.0426 0.0421
2926.000000 0.0416 0.0411 0.0406 0.0402 0.0398
2931.000000 0.0394 0.0390 0.0387 0.0383 0.0380
2936.000000 0.0376 0.0373 0.0370 0.0366 0.0363
2941.000000 0.0359 0.0357 0.0355 0.0354 0.0352
2946.000000 0.0351 0.0349 0.0348 0.0346 0.0345
2951.000000 0.0343 0.0342 0.0342 0.0342 0.0342
2956.000000 0.0341 0.0341 0.0341 0.0340 0.0340
2961.000000 0.0339 0.0339 0.0338 0.0338 0.0338
2966.000000 0.0338 0.0339 0.0340 0.0341 0.0343
2971.000000 0.0346 0.0348 0.0350 0.0353 0.0355
2976.000000 0.0357 0.0361 0.0366 0.0370 0.0375
2981.000000 0.0380 0.0386 0.0391 0.0401 0.0414
2986.000000 0.0427 0.0442 0.0474 0.0505 0.0537
2991.000000 0.0567 0.0595 0.0624 0.0652 0.0682
2996.000000 0.0712 0.0742 0.0787 0.0855 0.0924
3001.000000 0.0993 0.1040 0.1082 0.1124 0.1167
3006.000000 0.1208 0.1250 0.1292 0.1334 0.1376
3011.000000 0.1418 0.1459 0.1501 0.1543 0.1585
3016.000000 0.1627 0.1668 0.1710 0.1751 0.1793
3021.000000 0.1834 0.1876 0.1918 0.1959 0.2000
3026.000000 0.2041 0.2083 0.2124 0.2166 0.2207
3031.000000 0.2248 0.2290 0.2331 0.2372 0.2413
3036.000000 0.2454 0.2495 0.2536 0.2577 0.2618
3041.000000 0.2660 0.2700 0.2741 0.2782 0.2823
3046.000000 0.2838 0.2851 0.2864 0.2874 0.2874
3051.000000 0.2874 0.2874 0.2886 0.2872 0.2871
3056.000000 0.2870 0.2868 0.2866 0.2864 0.2861
3061.000000 0.2858 0.2854 0.2850 0.2843 0.2827
3066.000000 0.2811 0.2794 0.2774 0.2750 0.2726
3071.000000 0.2702 0.2678 0.2654 0.2630 0.2606
3076.000000 0.2582 0.2558 0.2534 0.2510 0.2486
3081.000000 0.2463 0.2439 0.2415 0.2391 0.2367
3086.000000 0.2344 0.2320 0.2296 0.2273 0.2249
3091.000000 0.2225 0.2202 0.2178 0.2155 0.2131
3096.000000 0.2107 0.2084 0.2062 0.2052 0.2043
3101.000000 0.2034 0.2028 0.2028 0.2028 0.2028
3106.000000 0.2029 0.2029 0.2030 0.2030 0.2007
3111.000000 0.2032 0.2033 0.2034 0.2046 0.2064
3116.000000 0.2082 0.2100 0.2118 0.2135 0.2153
3121.000000 0.2171 0.2188 0.2206 0.2224 0.2242
3126.000000 0.2259 0.2277 0.2294 0.2312 0.2330
3131.000000 0.2347 0.2365 0.2382 0.2400 0.2418
3136.000000 0.2436 0.2454 0.2471 0.2489 0.2506
3141.000000 0.2524 0.2541 0.2559 0.2576 0.2594
3146.000000 0.2611 0.2628 0.2646 0.2663 0.2681
3151.000000 0.2698 0.2715 0.2727 0.2731 0.2735
3156.000000 0.2738 0.2740 0.2740 0.2740 0.2740
3161.000000 0.2749 0.2738 0.2737 0.2736 0.2735
3166.000000 0.2733 0.2731 0.2729 0.2727 0.2724
3171.000000 0.2720 0.2717 0.2709 0.2696 0.2682
3176.000000 0.2669 0.2654 0.2636 0.2619 0.2601
3181.000000 0.2584 0.2566 0.2549 0.2531 0.2513
3186.000000 0.2496 0.2478 0.2460 0.2443 0.2425
3191.000000 0.2408 0.2390 0.2373 0.2355 0.2338
3196.000000 0.2321 0.2303 0.2286 0.2269 0.2251
3201.000000 0.2234 0.2216 0.2199 0.2181 0.2164
3206.000000 0.2146 0.2129 0.2112 0.2095 0.2077
3211.000000 0.2060 0.2043 0.2026 0.2009 0.1991
3216.000000 0.1974 0.1957 0.1940 0.1923 0.1905
3221.000000 0.1888 0.1871 0.1853 0.1836 0.1819
3226.000000 0.1802 0.1785 0.1768 0.1751 0.1734
3231.000000 0.1717 0.1700 0.1682 0.1665 0.1648
3236.000000 0.1631 0.1614 0.1597 0.1580 0.1563
3241.000000 0.1547 0.1530 0.1513 0.1496 0.1479
3246.000000 0.1462 0.1445 0.1428 0.1411 0.1394
3251.000000 0.1377 0.1360 0.1344 0.1327 0.1310
3256.000000 0.1293 0.1277 0.1260 0.1243 0.1226
3261.000000 0.1209 0.1192 0.1175 0.1159 0.1142
3266.000000 0.1125 0.1109 0.1092 0.1075 0.1059
3271.000000 0.1042 0.1026 0.1009 0.0993 0.0976
3276.000000 0.0959 0.0943 0.0926 0.0909 0.0893
3281.000000 0.0876 0.0859 0.0843 0.0826 0.0810
3286.000000 0.0794 0.0777 0.0761 0.0744 0.0728
3291.000000 0.0711 0.0695 0.0678 0.0661 0.0645
3296.000000 0.0629 0.0612 0.0596 0.0591 0.0589
3301.000000 0.0586 0.0584 0.0583 0.0584 0.0584
3306.000000 0.0585 0.0586 0.0587 0.0588 0.0589
3311.000000 0.0590 0.0619 0.0656 0.0694 0.0732
3316.000000 0.0587 0.0809 0.0848 0.0887 0.0926
3321.000000 0.0965 0.1004 0.1043 0.1082 0.1121
3326.000000 0.1160 0.1198 0.1237 0.1276 0.1314
3331.000000 0.1353 0.1392 0.1431 0.1469 0.1508
3336.000000 0.1546 0.1584 0.1623 0.1661 0.1700
3341.000000 0.1738 0.1777 0.1815 0.1854 0.1892
3346.000000 0.1931 0.1988 0.2095 0.2202 0.2309
3351.000000 0.2416 0.2459 0.2486 0.2512 0.2539
3356.000000 0.2566 0.2593 0.2620 0.2647 0.2675
3361.000000 0.2750 0.2839 0.2927 0.3016 0.3090
3366.000000 0.3121 0.3152 0.3184 0.3215 0.3240
3371.000000 0.3261 0.3283 0.3305 0.3327 0.3348
3376.000000 0.3368 0.3388 0.3409 0.3436 0.3468
3381.000000 0.3500 0.3531 0.3565 0.3632 0.3699
3386.000000 0.3766 0.3834 0.3890 0.3934 0.3978
3391.000000 0.4022 0.4066 0.4100 0.4134 0.4167
3396.000000 0.4200 0.4228 0.4242 0.4256 0.4270
3401.000000 0.4284 0.4298 0.4311 0.4324 0.4337
3406.000000 0.4350 0.4362 0.4375 0.4388 0.4401
3411.000000 0.4419 0.4445 0.4471 0.4497 0.4523
3416.000000 0.4557 0.4594 0.4632 0.4669 0.4706
3421.000000 0.4720 0.4734 0.4748 0.4762 0.4776
3426.000000 0.4790 0.4804 0.4818 0.4833 0.4847
3431.000000 0.4861 0.4875 0.4889 0.4904 0.4915
3436.000000 0.4926 0.4937 0.4949 0.4960 0.4971
3441.000000 0.4981 0.4992 0.5003 0.5014 0.5024
3446.000000 0.5035 0.5046 0.5057 0.5067 0.5078
3451.000000 0.5089 0.5099 0.5110 0.5124 0.5138
3456.000000 0.5153 0.5167 0.5181 0.5197 0.5212
3461.000000 0.5227 0.5242 0.5257 0.5272 0.5286
3466.000000 0.5301 0.5316 0.5328 0.5338 0.5348
3471.000000 0.5359 0.5369 0.5380 0.5390 0.5401
3476.000000 0.5411 0.5422 0.5432 0.5443 0.5453
3481.000000 0.5463 0.5474 0.5484 0.5495 0.5505
3486.000000 0.5516 0.5526 0.5536 0.5547 0.5557
3491.000000 0.5567 0.5577 0.5588 0.5598 0.5609
3496.000000 0.5619 0.5630 0.5640 0.5651 0.5661
3501.000000 0.5671 0.5683 0.5697 0.5710 0.5723
3506.000000 0.5736 0.5750 0.5763 0.5776 0.5789
3511.000000 0.5802 0.5816 0.5829 0.5842 0.5856
3516.000000 0.5869 0.5882 0.5895 0.5908 0.5921
3521.000000 0.5934 0.5947 0.5960 0.5973 0.5985
3526.000000 0.5998 0.6011 0.6024 0.6036 0.6049
3531.000000 0.6062 0.6073 0.6085 0.6096 0.6108
3536.000000 0.6120 0.6131 0.6142 0.6153 0.6164
3541.000000 0.6175 0.6186 0.6197 0.6208 0.6218
3546.000000 0.6229 0.6240 0.6251 0.6262 0.6272
3551.000000 0.6283 0.6294 0.6306 0.6317 0.6329
3556.000000 0.6340 0.6352 0.6364 0.6376 0.6388
3561.000000 0.6399 0.6412 0.6424 0.6437 0.6449
3566.000000 0.6461 0.6474 0.6486 0.6498 0.6510
3571.000000 0.6522 0.6533 0.6543 0.6553 0.6562
3576.000000 0.6572 0.6582 0.6591 0.6601 0.6611
3581.000000 0.6620 0.6630 0.6640 0.6649 0.6659
3586.000000 0.6669 0.6687 0.6738 0.6790 0.6842
3591.000000 0.6893 0.6943 0.6961 0.6978 0.6995
3596.000000 0.7012 0.7029 0.7053 0.7077 0.7101
3601.000000 0.7126 0.7150 0.7177 0.7205 0.7233
3606.000000 0.7261 0.7288 0.7309 0.7323 0.7337
3611.000000 0.7350 0.7364 0.7377 0.7391 0.7405
3616.000000 0.7418 0.7432 0.7445 0.7459 0.7473
3621.000000 0.7486 0.7500 0.7514 0.7529 0.7544
3626.000000 0.7559 0.7574 0.7589 0.7604 0.7620
3631.000000 0.7635 0.7651 0.7666 0.7682 0.7697
3636.000000 0.7712 0.7728 0.7743 0.7758 0.7772
3641.000000 0.7786 0.7800 0.7814 0.7828 0.7842
3646.000000 0.7855 0.7869 0.7882 0.7896 0.7909
3651.000000 0.7923 0.7937 0.7951 0.7964 0.7978
3656.000000 0.7990 0.8002 0.8014 0.8026 0.8038
3661.000000 0.8049 0.8059 0.8070 0.8081 0.8091
3666.000000 0.8102 0.8113 0.8123 0.8134 0.8145
3671.000000 0.8156 0.8166 0.8177 0.8187 0.8198
3676.000000 0.8209 0.8219 0.8229 0.8239 0.8249
3681.000000 0.8260 0.8270 0.8279 0.8288 0.8298
3686.000000 0.8307 0.8317 0.8326 0.8336 0.8345
3691.000000 0.8355 0.8364 0.8374 0.8383 0.8393
3696.000000 0.8402 0.8412 0.8421 0.8431 0.8441
3701.000000 0.8451 0.8461 0.8471 0.8481 0.8491
3706.000000 0.8501 0.8511 0.8522 0.8532 0.8541
3711.000000 0.8551 0.8561 0.8571 0.8581 0.8590
3716.000000 0.8599 0.8609 0.8618 0.8627 0.8636
3721.000000 0.8646 0.8655 0.8664 0.8673 0.8682
3726.000000 0.8691 0.8698 0.8705 0.8713 0.8720
3731.000000 0.8727 0.8733 0.8737 0.8742 0.8747
3736.000000 0.8751 0.8756 0.8761 0.8765 0.8770
3741.000000 0.8774 0.8779 0.8784 0.8788 0.8793
3746.000000 0.8798 0.8802 0.8807 0.8811 0.8815
3751.000000 0.8820 0.8824 0.8828 0.8832 0.8835
3756.000000 0.8837 0.8840 0.8843 0.8845 0.8848
3761.000000 0.8851 0.8854 0.8857 0.8860 0.8862
3766.000000 0.8865 0.8868 0.8870 0.8873 0.8876
3771.000000 0.8878 0.8881 0.8883 0.8886 0.8889
3776.000000 0.8891 0.8894 0.8896 0.8898 0.8901
3781.000000 0.8903 0.8905 0.8907 0.8908 0.8909
3786.000000 0.8910 0.8911 0.8913 0.8914 0.8915
3791.000000 0.8916 0.8918 0.8919 0.8920 0.8921
3796.000000 0.8922 0.8924 0.8925 0.8926 0.8926
3801.000000 0.8926 0.8926 0.8926 0.8926 0.8926
3806.000000 0.8926 0.8926 0.8926 0.8926 0.8926
3811.000000 0.8925 0.8925 0.8925 0.8925 0.8925
3816.000000 0.8925 0.8925 0.8925 0.8925 0.8925
3821.000000 0.8925 0.8925 0.8924 0.8924 0.8924
3826.000000 0.8924 0.8924 0.8924 0.8924 0.8923
3831.000000 0.8923 0.8923 0.8923 0.8923 0.8922
3836.000000 0.8922 0.8922 0.8921 0.8921 0.8921
3841.000000 0.8920 0.8920 0.8920 0.8919 0.8919
3846.000000 0.8919 0.8918 0.8918 0.8918 0.8917
3851.000000 0.8917 0.8917 0.8916 0.8915 0.8914
3856.000000 0.8913 0.8912 0.8912 0.8910 0.8909
3861.000000 0.8908 0.8907 0.8906 0.8904 0.8903
3866.000000 0.8902 0.8901 0.8900 0.8899 0.8898
3871.000000 0.8897 0.8896 0.8895 0.8894 0.8893
3876.000000 0.8891 0.8890 0.8888 0.8887 0.8885
3881.000000 0.8884 0.8882 0.8881 0.8880 0.8879
3886.000000 0.8877 0.8876 0.8875 0.8873 0.8872
3891.000000 0.8871 0.8869 0.8868 0.8867 0.8865
3896.000000 0.8864 0.8863 0.8861 0.8860 0.8859
3901.000000 0.8857 0.8856 0.8854 0.8853 0.8851
3906.000000 0.8850 0.8849 0.8847 0.8846 0.8845
3911.000000 0.8843 0.8842 0.8841 0.8839 0.8838
3916.000000 0.8836 0.8835 0.8833 0.8832 0.8830
3921.000000 0.8829 0.8827 0.8826 0.8824 0.8823
3926.000000 0.8820 0.8817 0.8815 0.8812 0.8810
3931.000000 0.8807 0.8805 0.8802 0.8800 0.8797
3936.000000 0.8795 0.8793 0.8790 0.8787 0.8785
3941.000000 0.8782 0.8780 0.8777 0.8774 0.8771
3946.000000 0.8768 0.8765 0.8762 0.8759 0.8756
3951.000000 0.8753 0.8750 0.8747 0.8744 0.8742
3956.000000 0.8739 0.8736 0.8733 0.8730 0.8727
3961.000000 0.8724 0.8721 0.8719 0.8716 0.8713
3966.000000 0.8710 0.8707 0.8704 0.8701 0.8699
3971.000000 0.8696 0.8693 0.8690 0.8687 0.8684
3976.000000 0.8681 0.8677 0.8674 0.8671 0.8667
3981.000000 0.8664 0.8661 0.8657 0.8654 0.8650
3986.000000 0.8647 0.8643 0.8640 0.8636 0.8633
3991.000000 0.8629 0.8625 0.8622 0.8618 0.8614
3996.000000 0.8611 0.8607 0.8604 0.8600 0.8597
##END=
