##TITLE=1,1,1,3-TETRACHLORO-2-PROPANONE
##JCAMP-DX=4.24
##DATA TYPE=INFRARED SPECTRUM
##CLASS=COBLENTZ III
##ORIGIN=WYANDOTTE CHEMICALS CORP.
##OWNER=Copyright (C) 1987 by the Coblentz Society
Collection (C) 2018 copyright by the U.S. Secretary of Commerce
on behalf of the United States of America. All rights reserved.
##DATE=1962/01/31
##NAMES=1,1,1,3-tetrachloroacetone
Acetone, 1,1,1,3-tetrachloro-,
##CAS REGISTRY NO=16995-35-0
##MOLFORM=C3 H2 Cl4 O
##SOURCE REFERENCE=COBLENTZ NO. 5869
##$NIST SOURCE=COBLENTZ
##$NIST IMAGE=cob5869
##SPECTROMETER/DATA SYSTEM=BAIRD (GRATING)
##INSTRUMENT PARAMETERS=NaCl PRISM
##STATE=LIQUID (NEAT)
##PATH LENGTH=0.003 CM
##RESOLUTION=2
##XUNITS=1/CM
##YUNITS=TRANSMITTANCE
##XFACTOR=1.0
##YFACTOR=1
##FIRSTX=626
##LASTX=4000
##FIRSTY=0.3271
##MAXX=4000
##MINX=626
##MAXY=0.9603
##MINY=0.027
##NPOINTS=3375
##XYDATA=(X++(Y..Y))
626.000000 0.3271 0.3296 0.3295 0.3281 0.3317
631.000000 0.3337 0.3344 0.3353 0.3365 0.3381
636.000000 0.3395 0.3403 0.3399 0.3388 0.3361
641.000000 0.3322 0.3278 0.3233 0.3186 0.3135
646.000000 0.3084 0.3030 0.2976 0.2912 0.2840
651.000000 0.2747 0.2647 0.2541 0.2413 0.2287
656.000000 0.2148 0.2011 0.1892 0.1830 0.1824
661.000000 0.1842 0.2009 0.2184 0.2207 0.2233
666.000000 0.2021 0.1824 0.1711 0.1706 0.1731
671.000000 0.1862 0.2051 0.2242 0.2433 0.2622
676.000000 0.2811 0.3000 0.3187 0.3375 0.3562
681.000000 0.3742 0.3888 0.4014 0.4129 0.4247
686.000000 0.4374 0.4433 0.4469 0.4482 0.4483
691.000000 0.4498 0.4542 0.4579 0.4584 0.4586
696.000000 0.4581 0.4576 0.4555 0.4536 0.4513
701.000000 0.4506 0.4495 0.4525 0.4540 0.4555
706.000000 0.4580 0.4608 0.4644 0.4695 0.4750
711.000000 0.4793 0.4769 0.4779 0.4749 0.4710
716.000000 0.4660 0.4608 0.4542 0.4405 0.4239
721.000000 0.4055 0.3872 0.3689 0.3507 0.3325
726.000000 0.3143 0.2963 0.2783 0.2603 0.2415
731.000000 0.2097 0.1885 0.1691 0.1511 0.1342
736.000000 0.1178 0.1040 0.0926 0.0834 0.0761
741.000000 0.0691 0.0628 0.0574 0.0540 0.0512
746.000000 0.0495 0.0481 0.0484 0.0457 0.0500
751.000000 0.0513 0.0538 0.0450 0.0379 0.0502
756.000000 0.0608 0.0699 0.0797 0.0904 0.1009
761.000000 0.1064 0.1125 0.1188 0.1251 0.1248
766.000000 0.1255 0.1190 0.1110 0.1044 0.0997
771.000000 0.0971 0.0959 0.0958 0.0967 0.0934
776.000000 0.1001 0.1042 0.1109 0.1208 0.1328
781.000000 0.1452 0.1578 0.1725 0.1946 0.2240
786.000000 0.2425 0.2599 0.2710 0.2860 0.3061
791.000000 0.3161 0.3259 0.3357 0.3444 0.3533
796.000000 0.3601 0.3630 0.3622 0.3609 0.3623
801.000000 0.3683 0.3705 0.3704 0.3692 0.3681
806.000000 0.3661 0.3639 0.3598 0.3556 0.3510
811.000000 0.3459 0.3410 0.3353 0.3292 0.3230
816.000000 0.3169 0.3100 0.3021 0.2943 0.2864
821.000000 0.2778 0.2683 0.2589 0.2496 0.2407
826.000000 0.2318 0.2230 0.2117 0.1994 0.1867
831.000000 0.1719 0.1559 0.1370 0.1289 0.1480
836.000000 0.1616 0.1281 0.1246 0.1219 0.1121
841.000000 0.1000 0.0890 0.0793 0.0711 0.0637
846.000000 0.0574 0.0532 0.0496 0.0475 0.0459
851.000000 0.0447 0.0441 0.0445 0.0457 0.0475
856.000000 0.0512 0.0561 0.0621 0.0739 0.0903
861.000000 0.1056 0.1215 0.1429 0.1711 0.1941
866.000000 0.2171 0.2360 0.2625 0.2891 0.3028
871.000000 0.3075 0.3082 0.3053 0.2919 0.2669
876.000000 0.2459 0.2289 0.2149 0.2067 0.2070
881.000000 0.2121 0.2465 0.2839 0.3214 0.3587
886.000000 0.3960 0.4331 0.4711 0.4973 0.5302
891.000000 0.5545 0.5683 0.5793 0.5915 0.6079
896.000000 0.6222 0.6342 0.6433 0.6517 0.6592
901.000000 0.6644 0.6676 0.6691 0.6701 0.6695
906.000000 0.6694 0.6680 0.6664 0.6631 0.6565
911.000000 0.6465 0.6335 0.6203 0.6055 0.5899
916.000000 0.5719 0.5516 0.5288 0.5132 0.5092
921.000000 0.5082 0.5252 0.5401 0.5549 0.5698
926.000000 0.5846 0.5993 0.6140 0.6287 0.6434
931.000000 0.6581 0.6727 0.6906 0.7032 0.7126
936.000000 0.7231 0.7350 0.7469 0.7550 0.7612
941.000000 0.7662 0.7719 0.7770 0.7804 0.7837
946.000000 0.7869 0.7890 0.7912 0.7934 0.7955
951.000000 0.7977 0.7998 0.8019 0.8039 0.8057
956.000000 0.8074 0.8091 0.8108 0.8125 0.8142
961.000000 0.8159 0.8176 0.8192 0.8209 0.8225
966.000000 0.8242 0.8257 0.8273 0.8289 0.8297
971.000000 0.8303 0.8308 0.8315 0.8320 0.8323
976.000000 0.8324 0.8325 0.8326 0.8327 0.8328
981.000000 0.8329 0.8329 0.8330 0.8331 0.8332
986.000000 0.8333 0.8334 0.8334 0.8335 0.8336
991.000000 0.8337 0.8338 0.8340 0.8342 0.8346
996.000000 0.8380 0.8352 0.8354 0.8357 0.8354
1001.000000 0.8350 0.8347 0.8343 0.8339 0.8335
1006.000000 0.8332 0.8325 0.8319 0.8312 0.8305
1011.000000 0.8299 0.8288 0.8272 0.8256 0.8241
1016.000000 0.8225 0.8210 0.8194 0.8177 0.8153
1021.000000 0.8130 0.8106 0.8078 0.8044 0.8009
1026.000000 0.7974 0.7945 0.7921 0.7896 0.7872
1031.000000 0.7851 0.7830 0.7800 0.7749 0.7698
1036.000000 0.7650 0.7605 0.7578 0.7553 0.7510
1041.000000 0.7440 0.7396 0.7556 0.7680 0.7662
1046.000000 0.7488 0.7365 0.7335 0.7295 0.7261
1051.000000 0.7233 0.7206 0.7175 0.7143 0.7107
1056.000000 0.7037 0.6926 0.6812 0.6692 0.6564
1061.000000 0.6422 0.6274 0.5964 0.5593 0.5317
1066.000000 0.5089 0.4814 0.4537 0.4260 0.3985
1071.000000 0.3710 0.3435 0.3161 0.2887 0.2614
1076.000000 0.2341 0.2094 0.1852 0.1495 0.1329
1081.000000 0.1189 0.1078 0.1045 0.1049 0.1126
1086.000000 0.1180 0.1243 0.1336 0.1412 0.1594
1091.000000 0.1858 0.2121 0.2384 0.2646 0.2908
1096.000000 0.3168 0.3273 0.3479 0.3797 0.4088
1101.000000 0.4246 0.4388 0.4530 0.4671 0.4812
1106.000000 0.4953 0.5094 0.5235 0.5375 0.5472
1111.000000 0.5587 0.5704 0.5804 0.5908 0.6052
1116.000000 0.6211 0.6393 0.6846 0.7054 0.7175
1121.000000 0.7294 0.7382 0.7468 0.7531 0.7586
1126.000000 0.7640 0.7691 0.7736 0.7781 0.7823
1131.000000 0.7854 0.7883 0.7913 0.7937 0.7956
1136.000000 0.7976 0.7995 0.8008 0.8021 0.8034
1141.000000 0.8044 0.8053 0.8061 0.8068 0.8077
1146.000000 0.8084 0.8092 0.8094 0.8095 0.8095
1151.000000 0.8154 0.8096 0.8093 0.8082 0.8072
1156.000000 0.8056 0.8037 0.8016 0.7997 0.7970
1161.000000 0.7939 0.7930 0.7924 0.7919 0.7914
1166.000000 0.7909 0.7886 0.7832 0.7762 0.7683
1171.000000 0.7573 0.7356 0.7121 0.6885 0.6651
1176.000000 0.6428 0.6322 0.6240 0.6167 0.6136
1181.000000 0.6127 0.6134 0.6113 0.6217 0.6320
1186.000000 0.6422 0.6524 0.6626 0.6728 0.6830
1191.000000 0.6931 0.7025 0.7071 0.7105 0.7134
1196.000000 0.7169 0.7207 0.7238 0.7262 0.7285
1201.000000 0.7309 0.7332 0.7351 0.7364 0.7375
1206.000000 0.7400 0.7358 0.7338 0.7317 0.7294
1211.000000 0.7270 0.7253 0.7246 0.7231 0.7259
1216.000000 0.7273 0.7291 0.7309 0.7327 0.7352
1221.000000 0.7384 0.7416 0.7451 0.7487 0.7522
1226.000000 0.7562 0.7610 0.7657 0.7711 0.7771
1231.000000 0.7828 0.7874 0.7918 0.7960 0.8009
1236.000000 0.8057 0.8105 0.8143 0.8170 0.8184
1241.000000 0.8191 0.8197 0.8203 0.8209 0.8212
1246.000000 0.8216 0.8219 0.8222 0.8224 0.8228
1251.000000 0.8227 0.8254 0.8225 0.8224 0.8224
1256.000000 0.8220 0.8216 0.8212 0.8208 0.8203
1261.000000 0.8188 0.8173 0.8155 0.8137 0.8118
1266.000000 0.8095 0.8072 0.8049 0.8025 0.7999
1271.000000 0.7970 0.7941 0.7913 0.7884 0.7855
1276.000000 0.7826 0.7797 0.7765 0.7725 0.7682
1281.000000 0.7623 0.7553 0.7474 0.7395 0.7273
1286.000000 0.7129 0.6995 0.6863 0.6746 0.6666
1291.000000 0.6591 0.6516 0.6453 0.6390 0.6320
1296.000000 0.6240 0.6217 0.6207 0.6189 0.6208
1301.000000 0.6213 0.6241 0.6294 0.6354 0.6415
1306.000000 0.6504 0.6593 0.6659 0.6726 0.6787
1311.000000 0.6847 0.6915 0.6984 0.7052 0.7123
1316.000000 0.7196 0.7271 0.7351 0.7425 0.7487
1321.000000 0.7547 0.7606 0.7661 0.7713 0.7764
1326.000000 0.7813 0.7859 0.7906 0.7951 0.7995
1331.000000 0.8040 0.8072 0.8101 0.8130 0.8151
1336.000000 0.8168 0.8186 0.8197 0.8205 0.8213
1341.000000 0.8222 0.8229 0.8234 0.8239 0.8244
1346.000000 0.8249 0.8253 0.8253 0.8254 0.8254
1351.000000 0.8254 0.8252 0.8266 0.8245 0.8243
1356.000000 0.8233 0.8222 0.8211 0.8200 0.8189
1361.000000 0.8178 0.8157 0.8133 0.8098 0.8064
1366.000000 0.8028 0.7996 0.7966 0.7944 0.7929
1371.000000 0.7916 0.7904 0.7894 0.7887 0.7880
1376.000000 0.7874 0.7867 0.7861 0.7847 0.7818
1381.000000 0.7772 0.7705 0.7620 0.7538 0.7451
1386.000000 0.7362 0.7264 0.7156 0.7016 0.6860
1391.000000 0.6731 0.6606 0.6415 0.6227 0.6081
1396.000000 0.5796 0.5433 0.5070 0.4708 0.4346
1401.000000 0.3985 0.3624 0.3264 0.2904 0.2545
1406.000000 0.2230 0.2227 0.2293 0.2565 0.2877
1411.000000 0.3190 0.3502 0.3813 0.4125 0.4436
1416.000000 0.4746 0.5056 0.5365 0.5987 0.6112
1421.000000 0.6198 0.6262 0.6326 0.6399 0.6467
1426.000000 0.6529 0.6591 0.6664 0.6711 0.6721
1431.000000 0.6731 0.6736 0.6736 0.6744 0.6758
1436.000000 0.6773 0.6815 0.6924 0.7036 0.7141
1441.000000 0.7236 0.7276 0.7316 0.7364 0.7417
1446.000000 0.7471 0.7523 0.7571 0.7612 0.7649
1451.000000 0.7685 0.7716 0.7745 0.7767 0.7777
1456.000000 0.7779 0.7782 0.7785 0.7795 0.7814
1461.000000 0.7836 0.7865 0.7897 0.7935 0.7974
1466.000000 0.8014 0.8053 0.8090 0.8124 0.8152
1471.000000 0.8170 0.8187 0.8204 0.8219 0.8225
1476.000000 0.8231 0.8235 0.8235 0.8234 0.8233
1481.000000 0.8233 0.8242 0.8256 0.8281 0.8312
1486.000000 0.8358 0.8400 0.8440 0.8481 0.8521
1491.000000 0.8547 0.8563 0.8580 0.8594 0.8605
1496.000000 0.8616 0.8626 0.8632 0.8637 0.8642
1501.000000 0.8647 0.8651 0.8654 0.8656 0.8658
1506.000000 0.8660 0.8663 0.8665 0.8665 0.8665
1511.000000 0.8666 0.8666 0.8666 0.8666 0.8665
1516.000000 0.8665 0.8707 0.8662 0.8662 0.8661
1521.000000 0.8657 0.8654 0.8651 0.8648 0.8642
1526.000000 0.8634 0.8627 0.8619 0.8604 0.8590
1531.000000 0.8576 0.8557 0.8537 0.8519 0.8504
1536.000000 0.8491 0.8478 0.8465 0.8454 0.8444
1541.000000 0.8434 0.8424 0.8409 0.8417 0.8417
1546.000000 0.8419 0.8426 0.8440 0.8457 0.8477
1551.000000 0.8524 0.8549 0.8572 0.8590 0.8607
1556.000000 0.8623 0.8635 0.8642 0.8645 0.8647
1561.000000 0.8650 0.8652 0.8655 0.8656 0.8657
1566.000000 0.8658 0.8666 0.8680 0.8694 0.8709
1571.000000 0.8726 0.8744 0.8761 0.8775 0.8786
1576.000000 0.8797 0.8808 0.8818 0.8828 0.8836
1581.000000 0.8843 0.8850 0.8857 0.8863 0.8869
1586.000000 0.8872 0.8872 0.8873 0.8873 0.8873
1591.000000 0.8870 0.8910 0.8852 0.8843 0.8834
1596.000000 0.8824 0.8812 0.8798 0.8785 0.8772
1601.000000 0.8758 0.8743 0.8728 0.8714 0.8699
1606.000000 0.8684 0.8670 0.8654 0.8640 0.8634
1611.000000 0.8634 0.8634 0.8635 0.8635 0.8635
1616.000000 0.8635 0.8637 0.8643 0.8649 0.8656
1621.000000 0.8663 0.8673 0.8684 0.8693 0.8697
1626.000000 0.8695 0.8691 0.8687 0.8679 0.8665
1631.000000 0.8649 0.8629 0.8603 0.8575 0.8545
1636.000000 0.8521 0.8500 0.8481 0.8462 0.8443
1641.000000 0.8426 0.8412 0.8398 0.8384 0.8370
1646.000000 0.8356 0.8342 0.8330 0.8318 0.8306
1651.000000 0.8295 0.8283 0.8272 0.8260 0.8248
1656.000000 0.8236 0.8226 0.8214 0.8203 0.8192
1661.000000 0.8180 0.8169 0.8158 0.8148 0.8139
1666.000000 0.8130 0.8122 0.8116 0.8116 0.8116
1671.000000 0.8116 0.8117 0.8119 0.8124 0.8131
1676.000000 0.8092 0.8142 0.8150 0.8164 0.8178
1681.000000 0.8192 0.8206 0.8220 0.8233 0.8245
1686.000000 0.8253 0.8261 0.8270 0.8279 0.8288
1691.000000 0.8296 0.8304 0.8311 0.8316 0.8317
1696.000000 0.8311 0.8333 0.8299 0.8292 0.8283
1701.000000 0.8275 0.8267 0.8259 0.8238 0.8216
1706.000000 0.8163 0.8096 0.8030 0.7967 0.7907
1711.000000 0.7847 0.7791 0.7737 0.7684 0.7631
1716.000000 0.7579 0.7537 0.7499 0.7465 0.7446
1721.000000 0.7438 0.7430 0.7421 0.7409 0.7397
1726.000000 0.7383 0.7356 0.7309 0.7232 0.7088
1731.000000 0.6969 0.6866 0.6781 0.6714 0.6655
1736.000000 0.6547 0.6300 0.6035 0.5771 0.5507
1741.000000 0.5243 0.4979 0.4716 0.4453 0.4190
1746.000000 0.3928 0.3665 0.3502 0.3457 0.3453
1751.000000 0.3453 0.3463 0.3486 0.3509 0.3533
1756.000000 0.3555 0.3559 0.3474 0.3293 0.3103
1761.000000 0.2914 0.2724 0.2535 0.2346 0.2158
1766.000000 0.1969 0.1781 0.1593 0.1405 0.1217
1771.000000 0.1030 0.0843 0.0656 0.0469 0.0354
1776.000000 0.0298 0.0279 0.0270 0.0285 0.0613
1781.000000 0.0977 0.1341 0.1705 0.2067 0.2430
1786.000000 0.2792 0.3154 0.3515 0.3876 0.4236
1791.000000 0.4596 0.4956 0.5316 0.5674 0.6028
1796.000000 0.6380 0.7126 0.7440 0.7599 0.7767
1801.000000 0.7958 0.8101 0.8203 0.8278 0.8350
1806.000000 0.8390 0.8429 0.8467 0.8502 0.8531
1811.000000 0.8559 0.8587 0.8614 0.8631 0.8645
1816.000000 0.8658 0.8670 0.8676 0.8682 0.8688
1821.000000 0.8695 0.8701 0.8707 0.8711 0.8715
1826.000000 0.8719 0.8723 0.8728 0.8733 0.8741
1831.000000 0.8749 0.8757 0.8765 0.8773 0.8782
1836.000000 0.8793 0.8806 0.8819 0.8835 0.8853
1841.000000 0.8871 0.8889 0.8907 0.8925 0.8943
1846.000000 0.8960 0.8976 0.8990 0.9006 0.9021
1851.000000 0.9041 0.9066 0.9093 0.9119 0.9146
1856.000000 0.9171 0.9192 0.9213 0.9234 0.9256
1861.000000 0.9274 0.9290 0.9305 0.9319 0.9334
1866.000000 0.9348 0.9359 0.9366 0.9372 0.9377
1871.000000 0.9380 0.9383 0.9385 0.9387 0.9390
1876.000000 0.9392 0.9394 0.9394 0.9395 0.9396
1881.000000 0.9396 0.9397 0.9396 0.9395 0.9395
1886.000000 0.9394 0.9393 0.9393 0.9392 0.9391
1891.000000 0.9390 0.9388 0.9386 0.9384 0.9382
1896.000000 0.9381 0.9379 0.9377 0.9375 0.9374
1901.000000 0.9371 0.9368 0.9364 0.9361 0.9357
1906.000000 0.9353 0.9349 0.9346 0.9342 0.9337
1911.000000 0.9331 0.9326 0.9320 0.9316 0.9315
1916.000000 0.9315 0.9315 0.9316 0.9319 0.9325
1921.000000 0.9330 0.9336 0.9342 0.9349 0.9356
1926.000000 0.9363 0.9371 0.9378 0.9386 0.9394
1931.000000 0.9403 0.9411 0.9417 0.9424 0.9431
1936.000000 0.9437 0.9444 0.9451 0.9457 0.9465
1941.000000 0.9473 0.9483 0.9494 0.9504 0.9515
1946.000000 0.9525 0.9534 0.9543 0.9553 0.9562
1951.000000 0.9570 0.9576 0.9581 0.9586 0.9591
1956.000000 0.9596 0.9598 0.9600 0.9600 0.9601
1961.000000 0.9602 0.9602 0.9603 0.9603 0.9603
1966.000000 0.9603 0.9602 0.9602 0.9601 0.9601
1971.000000 0.9600 0.9599 0.9599 0.9598 0.9581
1976.000000 0.9596 0.9595 0.9593 0.9592 0.9590
1981.000000 0.9588 0.9587 0.9586 0.9585 0.9583
1986.000000 0.9582 0.9580 0.9578 0.9575 0.9573
1991.000000 0.9571 0.9569 0.9566 0.9564 0.9562
1996.000000 0.9560 0.9557 0.9555 0.9552 0.9551
2001.000000 0.9548 0.9546 0.9544 0.9542 0.9539
2006.000000 0.9537 0.9534 0.9533 0.9530 0.9527
2011.000000 0.9524 0.9522 0.9519 0.9517 0.9514
2016.000000 0.9511 0.9508 0.9506 0.9503 0.9500
2021.000000 0.9498 0.9495 0.9492 0.9489 0.9487
2026.000000 0.9484 0.9481 0.9478 0.9476 0.9474
2031.000000 0.9471 0.9468 0.9465 0.9463 0.9460
2036.000000 0.9457 0.9455 0.9453 0.9451 0.9449
2041.000000 0.9447 0.9445 0.9444 0.9442 0.9440
2046.000000 0.9438 0.9436 0.9435 0.9433 0.9431
2051.000000 0.9429 0.9428 0.9427 0.9425 0.9424
2056.000000 0.9424 0.9424 0.9425 0.9425 0.9425
2061.000000 0.9425 0.9426 0.9427 0.9427 0.9428
2066.000000 0.9428 0.9429 0.9428 0.9428 0.9427
2071.000000 0.9426 0.9425 0.9424 0.9424 0.9423
2076.000000 0.9423 0.9422 0.9421 0.9420 0.9419
2081.000000 0.9419 0.9418 0.9417 0.9416 0.9416
2086.000000 0.9414 0.9413 0.9413 0.9412 0.9411
2091.000000 0.9410 0.9409 0.9408 0.9407 0.9406
2096.000000 0.9405 0.9405 0.9404 0.9403 0.9400
2101.000000 0.9397 0.9393 0.9389 0.9386 0.9382
2106.000000 0.9378 0.9374 0.9370 0.9367 0.9364
2111.000000 0.9361 0.9359 0.9358 0.9356 0.9355
2116.000000 0.9353 0.9352 0.9351 0.9349 0.9348
2121.000000 0.9347 0.9345 0.9344 0.9343 0.9342
2126.000000 0.9341 0.9341 0.9340 0.9340 0.9340
2131.000000 0.9340 0.9341 0.9342 0.9343 0.9345
2136.000000 0.9346 0.9347 0.9349 0.9350 0.9351
2141.000000 0.9352 0.9354 0.9355 0.9356 0.9357
2146.000000 0.9359 0.9360 0.9362 0.9364 0.9366
2151.000000 0.9368 0.9370 0.9372 0.9374 0.9377
2156.000000 0.9380 0.9382 0.9386 0.9389 0.9390
2161.000000 0.9392 0.9392 0.9393 0.9394 0.9395
2166.000000 0.9395 0.9396 0.9396 0.9396 0.9395
2171.000000 0.9394 0.9394 0.9393 0.9392 0.9392
2176.000000 0.9391 0.9390 0.9389 0.9389 0.9388
2181.000000 0.9388 0.9387 0.9387 0.9386 0.9385
2186.000000 0.9384 0.9384 0.9383 0.9383 0.9382
2191.000000 0.9382 0.9381 0.9379 0.9379 0.9378
2196.000000 0.9378 0.9377 0.9376 0.9375 0.9374
2201.000000 0.9372 0.9370 0.9369 0.9367 0.9365
2206.000000 0.9363 0.9362 0.9360 0.9359 0.9357
2211.000000 0.9355 0.9353 0.9352 0.9350 0.9347
2216.000000 0.9344 0.9340 0.9337 0.9334 0.9331
2221.000000 0.9328 0.9324 0.9321 0.9318 0.9314
2226.000000 0.9310 0.9304 0.9298 0.9291 0.9284
2231.000000 0.9278 0.9271 0.9265 0.9258 0.9252
2236.000000 0.9245 0.9238 0.9231 0.9225 0.9218
2241.000000 0.9212 0.9205 0.9198 0.9192 0.9188
2246.000000 0.9184 0.9181 0.9177 0.9174 0.9170
2251.000000 0.9169 0.9168 0.9168 0.9168 0.9169
2256.000000 0.9169 0.9169 0.9169 0.9168 0.9168
2261.000000 0.9167 0.9167 0.9166 0.9165 0.9163
2266.000000 0.9161 0.9158 0.9156 0.9152 0.9146
2271.000000 0.9140 0.9133 0.9126 0.9119 0.9112
2276.000000 0.9105 0.9099 0.9092 0.9085 0.9078
2281.000000 0.9072 0.9065 0.9059 0.9052 0.9046
2286.000000 0.9039 0.9032 0.9028 0.9024 0.9021
2291.000000 0.9019 0.9017 0.9015 0.9012 0.9010
2296.000000 0.9008 0.9005 0.9003 0.9001 0.8999
2301.000000 0.8997 0.8995 0.8993 0.8991 0.8989
2306.000000 0.8988 0.8987 0.8987 0.8987 0.8987
2311.000000 0.8986 0.8986 0.8985 0.8985 0.8984
2316.000000 0.8984 0.8984 0.8984 0.8984 0.8983
2321.000000 0.8983 0.8982 0.8982 0.8981 0.8981
2326.000000 0.8981 0.8981 0.8981 0.8981 0.8982
2331.000000 0.8982 0.8982 0.8983 0.8984 0.8985
2336.000000 0.8985 0.8986 0.8986 0.8987 0.8987
2341.000000 0.8988 0.8988 0.8988 0.8989 0.8989
2346.000000 0.8990 0.8990 0.8991 0.8991 0.8991
2351.000000 0.8991 0.8992 0.8992 0.8992 0.8992
2356.000000 0.8992 0.8992 0.8992 0.8993 0.8993
2361.000000 0.8993 0.8993 0.8994 0.8995 0.8996
2366.000000 0.8997 0.8998 0.8999 0.9000 0.9001
2371.000000 0.9002 0.9003 0.9003 0.9004 0.9005
2376.000000 0.9005 0.9004 0.9003 0.9002 0.9001
2381.000000 0.9000 0.8999 0.8998 0.8997 0.8996
2386.000000 0.8995 0.8994 0.8993 0.8992 0.8991
2391.000000 0.8989 0.8988 0.8986 0.8984 0.8982
2396.000000 0.8980 0.8978 0.8976 0.8974 0.8972
2401.000000 0.8970 0.8968 0.8966 0.8964 0.8962
2406.000000 0.8960 0.8957 0.8953 0.8949 0.8946
2411.000000 0.8942 0.8938 0.8934 0.8931 0.8927
2416.000000 0.8923 0.8920 0.8916 0.8912 0.8908
2421.000000 0.8905 0.8903 0.8900 0.8897 0.8894
2426.000000 0.8892 0.8889 0.8886 0.8883 0.8880
2431.000000 0.8878 0.8875 0.8873 0.8870 0.8867
2436.000000 0.8864 0.8863 0.8863 0.8863 0.8863
2441.000000 0.8863 0.8863 0.8863 0.8864 0.8864
2446.000000 0.8864 0.8864 0.8864 0.8864 0.8864
2451.000000 0.8865 0.8865 0.8865 0.8865 0.8865
2456.000000 0.8866 0.8867 0.8869 0.8871 0.8872
2461.000000 0.8874 0.8876 0.8877 0.8879 0.8881
2466.000000 0.8883 0.8885 0.8888 0.8891 0.8895
2471.000000 0.8899 0.8903 0.8906 0.8910 0.8914
2476.000000 0.8917 0.8921 0.8924 0.8928 0.8931
2481.000000 0.8934 0.8936 0.8938 0.8939 0.8940
2486.000000 0.8941 0.8941 0.8942 0.8942 0.8942
2491.000000 0.8942 0.8942 0.8942 0.8942 0.8942
2496.000000 0.8942 0.8941 0.8940 0.8939 0.8938
2501.000000 0.8936 0.8935 0.8934 0.8933 0.8932
2506.000000 0.8930 0.8929 0.8928 0.8926 0.8925
2511.000000 0.8923 0.8922 0.8921 0.8920 0.8919
2516.000000 0.8917 0.8916 0.8915 0.8914 0.8914
2521.000000 0.8913 0.8911 0.8910 0.8909 0.8908
2526.000000 0.8907 0.8905 0.8904 0.8903 0.8902
2531.000000 0.8901 0.8900 0.8898 0.8897 0.8896
2536.000000 0.8895 0.8893 0.8892 0.8890 0.8888
2541.000000 0.8886 0.8884 0.8883 0.8881 0.8880
2546.000000 0.8878 0.8876 0.8874 0.8873 0.8871
2551.000000 0.8870 0.8868 0.8866 0.8864 0.8862
2556.000000 0.8861 0.8859 0.8856 0.8854 0.8852
2561.000000 0.8850 0.8847 0.8845 0.8843 0.8840
2566.000000 0.8838 0.8836 0.8834 0.8831 0.8829
2571.000000 0.8827 0.8825 0.8823 0.8822 0.8820
2576.000000 0.8819 0.8818 0.8817 0.8816 0.8814
2581.000000 0.8813 0.8812 0.8811 0.8811 0.8811
2586.000000 0.8810 0.8810 0.8809 0.8809 0.8809
2591.000000 0.8808 0.8808 0.8807 0.8806 0.8806
2596.000000 0.8806 0.8805 0.8805 0.8804 0.8804
2601.000000 0.8804 0.8803 0.8803 0.8803 0.8802
2606.000000 0.8801 0.8800 0.8800 0.8799 0.8798
2611.000000 0.8797 0.8796 0.8795 0.8794 0.8794
2616.000000 0.8792 0.8791 0.8790 0.8789 0.8788
2621.000000 0.8787 0.8786 0.8786 0.8785 0.8784
2626.000000 0.8783 0.8781 0.8780 0.8779 0.8779
2631.000000 0.8778 0.8777 0.8776 0.8775 0.8774
2636.000000 0.8773 0.8773 0.8771 0.8770 0.8768
2641.000000 0.8767 0.8766 0.8765 0.8764 0.8763
2646.000000 0.8762 0.8761 0.8760 0.8759 0.8758
2651.000000 0.8757 0.8756 0.8754 0.8753 0.8752
2656.000000 0.8751 0.8750 0.8749 0.8748 0.8747
2661.000000 0.8746 0.8745 0.8744 0.8743 0.8742
2666.000000 0.8741 0.8740 0.8739 0.8738 0.8736
2671.000000 0.8735 0.8735 0.8735 0.8734 0.8734
2676.000000 0.8734 0.8733 0.8733 0.8733 0.8732
2681.000000 0.8732 0.8732 0.8731 0.8731 0.8731
2686.000000 0.8730 0.8730 0.8730 0.8729 0.8729
2691.000000 0.8729 0.8729 0.8729 0.8728 0.8728
2696.000000 0.8728 0.8727 0.8727 0.8727 0.8726
2701.000000 0.8726 0.8726 0.8725 0.8725 0.8725
2706.000000 0.8724 0.8724 0.8724 0.8723 0.8723
2711.000000 0.8723 0.8723 0.8723 0.8723 0.8722
2716.000000 0.8722 0.8722 0.8721 0.8721 0.8721
2721.000000 0.8720 0.8720 0.8720 0.8720 0.8720
2726.000000 0.8720 0.8719 0.8719 0.8719 0.8718
2731.000000 0.8718 0.8718 0.8717 0.8717 0.8717
2736.000000 0.8717 0.8717 0.8717 0.8716 0.8716
2741.000000 0.8716 0.8715 0.8715 0.8715 0.8714
2746.000000 0.8713 0.8713 0.8712 0.8711 0.8711
2751.000000 0.8710 0.8709 0.8708 0.8707 0.8706
2756.000000 0.8706 0.8705 0.8704 0.8704 0.8703
2761.000000 0.8702 0.8702 0.8701 0.8700 0.8700
2766.000000 0.8699 0.8699 0.8698 0.8697 0.8697
2771.000000 0.8696 0.8695 0.8694 0.8693 0.8692
2776.000000 0.8692 0.8691 0.8690 0.8690 0.8689
2781.000000 0.8688 0.8688 0.8687 0.8686 0.8686
2786.000000 0.8685 0.8685 0.8684 0.8683 0.8683
2791.000000 0.8682 0.8681 0.8681 0.8679 0.8678
2796.000000 0.8676 0.8674 0.8672 0.8670 0.8668
2801.000000 0.8665 0.8663 0.8661 0.8659 0.8657
2806.000000 0.8655 0.8653 0.8651 0.8648 0.8641
2811.000000 0.8634 0.8628 0.8618 0.8607 0.8597
2816.000000 0.8586 0.8576 0.8566 0.8555 0.8543
2821.000000 0.8532 0.8521 0.8509 0.8497 0.8486
2826.000000 0.8475 0.8463 0.8452 0.8441 0.8430
2831.000000 0.8419 0.8409 0.8398 0.8387 0.8377
2836.000000 0.8366 0.8356 0.8345 0.8334 0.8323
2841.000000 0.8313 0.8306 0.8300 0.8293 0.8288
2846.000000 0.8282 0.8277 0.8273 0.8271 0.8268
2851.000000 0.8267 0.8267 0.8267 0.8267 0.8268
2856.000000 0.8269 0.8270 0.8272 0.8273 0.8274
2861.000000 0.8275 0.8277 0.8278 0.8280 0.8283
2866.000000 0.8285 0.8288 0.8290 0.8292 0.8294
2871.000000 0.8296 0.8299 0.8301 0.8303 0.8305
2876.000000 0.8307 0.8309 0.8311 0.8312 0.8314
2881.000000 0.8316 0.8317 0.8319 0.8318 0.8316
2886.000000 0.8314 0.8312 0.8309 0.8306 0.8303
2891.000000 0.8300 0.8298 0.8295 0.8289 0.8279
2896.000000 0.8270 0.8259 0.8242 0.8225 0.8208
2901.000000 0.8189 0.8168 0.8147 0.8126 0.8105
2906.000000 0.8084 0.8063 0.8034 0.8004 0.7975
2911.000000 0.7945 0.7915 0.7884 0.7854 0.7824
2916.000000 0.7795 0.7765 0.7739 0.7714 0.7689
2921.000000 0.7665 0.7640 0.7615 0.7590 0.7565
2926.000000 0.7540 0.7515 0.7490 0.7465 0.7440
2931.000000 0.7414 0.7385 0.7357 0.7328 0.7300
2936.000000 0.7271 0.7243 0.7194 0.7091 0.6989
2941.000000 0.6887 0.6783 0.6680 0.6577 0.6474
2946.000000 0.6371 0.6268 0.6165 0.6063 0.5960
2951.000000 0.5857 0.5755 0.5653 0.5550 0.5448
2956.000000 0.5346 0.5244 0.5142 0.5040 0.4938
2961.000000 0.4836 0.4734 0.4722 0.4718 0.4714
2966.000000 0.4720 0.4713 0.4714 0.4715 0.4782
2971.000000 0.4857 0.4932 0.5014 0.5106 0.5199
2976.000000 0.5291 0.5383 0.5475 0.5567 0.5659
2981.000000 0.5750 0.5842 0.5934 0.6025 0.6117
2986.000000 0.6208 0.6299 0.6391 0.6482 0.6573
2991.000000 0.6640 0.6687 0.6735 0.6783 0.6784
2996.000000 0.6785 0.6786 0.6787 0.6787 0.6788
3001.000000 0.6788 0.6808 0.6755 0.6737 0.6715
3006.000000 0.6684 0.6653 0.6622 0.6590 0.6559
3011.000000 0.6527 0.6496 0.6487 0.6479 0.6471
3016.000000 0.6466 0.6466 0.6467 0.6467 0.6481
3021.000000 0.6500 0.6520 0.6541 0.6622 0.6703
3026.000000 0.6784 0.6865 0.6946 0.7028 0.7109
3031.000000 0.6485 0.7271 0.7351 0.7432 0.7512
3036.000000 0.7593 0.7673 0.7734 0.7755 0.7777
3041.000000 0.7799 0.7822 0.7847 0.7871 0.7896
3046.000000 0.7921 0.7946 0.7972 0.7997 0.8024
3051.000000 0.8050 0.8076 0.8104 0.8132 0.8160
3056.000000 0.8189 0.8209 0.8228 0.8246 0.8264
3061.000000 0.8279 0.8293 0.8308 0.8322 0.8337
3066.000000 0.8351 0.8366 0.8382 0.8400 0.8418
3071.000000 0.8436 0.8454 0.8471 0.8488 0.8506
3076.000000 0.8515 0.8523 0.8532 0.8540 0.8549
3081.000000 0.8557 0.8566 0.8573 0.8578 0.8582
3086.000000 0.8587 0.8591 0.8595 0.8599 0.8604
3091.000000 0.8607 0.8609 0.8612 0.8614 0.8616
3096.000000 0.8619 0.8621 0.8623 0.8623 0.8624
3101.000000 0.8625 0.8626 0.8627 0.8628 0.8629
3106.000000 0.8630 0.8631 0.8631 0.8632 0.8633
3111.000000 0.8634 0.8635 0.8636 0.8637 0.8638
3116.000000 0.8639 0.8639 0.8640 0.8641 0.8642
3121.000000 0.8643 0.8645 0.8646 0.8647 0.8649
3126.000000 0.8650 0.8651 0.8652 0.8654 0.8655
3131.000000 0.8656 0.8657 0.8658 0.8659 0.8660
3136.000000 0.8662 0.8663 0.8664 0.8665 0.8667
3141.000000 0.8668 0.8669 0.8670 0.8672 0.8673
3146.000000 0.8674 0.8675 0.8676 0.8677 0.8678
3151.000000 0.8680 0.8681 0.8682 0.8684 0.8685
3156.000000 0.8687 0.8688 0.8689 0.8691 0.8692
3161.000000 0.8693 0.8694 0.8696 0.8697 0.8698
3166.000000 0.8700 0.8701 0.8703 0.8704 0.8705
3171.000000 0.8707 0.8708 0.8709 0.8711 0.8712
3176.000000 0.8714 0.8715 0.8716 0.8717 0.8719
3181.000000 0.8720 0.8722 0.8724 0.8726 0.8728
3186.000000 0.8730 0.8731 0.8733 0.8735 0.8737
3191.000000 0.8738 0.8740 0.8742 0.8744 0.8746
3196.000000 0.8748 0.8750 0.8751 0.8753 0.8755
3201.000000 0.8756 0.8758 0.8760 0.8762 0.8764
3206.000000 0.8766 0.8768 0.8769 0.8771 0.8773
3211.000000 0.8775 0.8777 0.8779 0.8781 0.8782
3216.000000 0.8784 0.8786 0.8788 0.8790 0.8792
3221.000000 0.8794 0.8796 0.8798 0.8801 0.8803
3226.000000 0.8805 0.8807 0.8809 0.8811 0.8814
3231.000000 0.8816 0.8818 0.8820 0.8822 0.8824
3236.000000 0.8826 0.8829 0.8831 0.8833 0.8835
3241.000000 0.8837 0.8839 0.8841 0.8844 0.8846
3246.000000 0.8848 0.8850 0.8852 0.8854 0.8856
3251.000000 0.8859 0.8861 0.8863 0.8865 0.8867
3256.000000 0.8869 0.8872 0.8874 0.8876 0.8879
3261.000000 0.8881 0.8883 0.8885 0.8887 0.8889
3266.000000 0.8891 0.8893 0.8896 0.8898 0.8900
3271.000000 0.8903 0.8905 0.8907 0.8909 0.8911
3276.000000 0.8913 0.8915 0.8918 0.8920 0.8922
3281.000000 0.8924 0.8926 0.8928 0.8930 0.8932
3286.000000 0.8934 0.8936 0.8938 0.8941 0.8943
3291.000000 0.8946 0.8950 0.8953 0.8956 0.8959
3296.000000 0.8963 0.8966 0.8969 0.8972 0.8976
3301.000000 0.8979 0.8983 0.8986 0.8990 0.8993
3306.000000 0.8996 0.9000 0.9003 0.9007 0.9010
3311.000000 0.9014 0.9017 0.9020 0.9024 0.9027
3316.000000 0.9031 0.9034 0.9037 0.9040 0.9043
3321.000000 0.9046 0.9049 0.9052 0.9054 0.9057
3326.000000 0.9060 0.9062 0.9065 0.9068 0.9071
3331.000000 0.9074 0.9077 0.9080 0.9082 0.9085
3336.000000 0.9088 0.9090 0.9093 0.9096 0.9099
3341.000000 0.9102 0.9105 0.9108 0.9110 0.9113
3346.000000 0.9116 0.9118 0.9121 0.9123 0.9126
3351.000000 0.9128 0.9130 0.9133 0.9135 0.9138
3356.000000 0.9140 0.9142 0.9145 0.9147 0.9149
3361.000000 0.9151 0.9154 0.9156 0.9159 0.9161
3366.000000 0.9161 0.9162 0.9163 0.9163 0.9164
3371.000000 0.9164 0.9165 0.9165 0.9166 0.9166
3376.000000 0.9167 0.9168 0.9168 0.9169 0.9170
3381.000000 0.9170 0.9171 0.9172 0.9172 0.9173
3386.000000 0.9173 0.9174 0.9175 0.9175 0.9176
3391.000000 0.9176 0.9176 0.9177 0.9178 0.9178
3396.000000 0.9179 0.9180 0.9180 0.9180 0.9180
3401.000000 0.9180 0.9180 0.9180 0.9180 0.9180
3406.000000 0.9225 0.9179 0.9179 0.9179 0.9179
3411.000000 0.9178 0.9178 0.9178 0.9178 0.9178
3416.000000 0.9177 0.9177 0.9177 0.9177 0.9176
3421.000000 0.9176 0.9176 0.9175 0.9175 0.9174
3426.000000 0.9173 0.9172 0.9171 0.9170 0.9169
3431.000000 0.9167 0.9166 0.9165 0.9164 0.9162
3436.000000 0.9161 0.9160 0.9159 0.9157 0.9156
3441.000000 0.9155 0.9154 0.9153 0.9152 0.9150
3446.000000 0.9148 0.9147 0.9145 0.9142 0.9139
3451.000000 0.9136 0.9133 0.9130 0.9126 0.9123
3456.000000 0.9120 0.9116 0.9113 0.9110 0.9107
3461.000000 0.9104 0.9100 0.9097 0.9094 0.9091
3466.000000 0.9088 0.9085 0.9081 0.9078 0.9074
3471.000000 0.9070 0.9066 0.9061 0.9056 0.9051
3476.000000 0.9045 0.9040 0.9035 0.9029 0.9024
3481.000000 0.9019 0.9014 0.9009 0.9004 0.8999
3486.000000 0.8993 0.8988 0.8981 0.8975 0.8968
3491.000000 0.8962 0.8954 0.8946 0.8937 0.8928
3496.000000 0.8920 0.8911 0.8903 0.8895 0.8886
3501.000000 0.8878 0.8869 0.8861 0.8853 0.8844
3506.000000 0.8836 0.8829 0.8821 0.8814 0.8807
3511.000000 0.8800 0.8797 0.8795 0.8792 0.8790
3516.000000 0.8788 0.8786 0.8785 0.8784 0.8782
3521.000000 0.8781 0.8781 0.8782 0.8782 0.8783
3526.000000 0.8783 0.8785 0.8787 0.8789 0.8791
3531.000000 0.8793 0.8731 0.8799 0.8801 0.8804
3536.000000 0.8806 0.8812 0.8819 0.8825 0.8832
3541.000000 0.8838 0.8849 0.8860 0.8871 0.8881
3546.000000 0.8892 0.8902 0.8911 0.8921 0.8930
3551.000000 0.8939 0.8947 0.8955 0.8962 0.8970
3556.000000 0.8977 0.8984 0.8991 0.8998 0.9005
3561.000000 0.9012 0.9019 0.9026 0.9032 0.9039
3566.000000 0.9046 0.9053 0.9060 0.9067 0.9074
3571.000000 0.9081 0.9088 0.9095 0.9103 0.9110
3576.000000 0.9118 0.9125 0.9132 0.9140 0.9147
3581.000000 0.9155 0.9162 0.9169 0.9175 0.9182
3586.000000 0.9189 0.9196 0.9202 0.9208 0.9214
3591.000000 0.9220 0.9226 0.9232 0.9238 0.9244
3596.000000 0.9251 0.9257 0.9263 0.9269 0.9275
3601.000000 0.9281 0.9288 0.9294 0.9299 0.9305
3606.000000 0.9311 0.9317 0.9322 0.9328 0.9334
3611.000000 0.9340 0.9346 0.9352 0.9358 0.9364
3616.000000 0.9371 0.9377 0.9383 0.9390 0.9397
3621.000000 0.9403 0.9410 0.9417 0.9425 0.9432
3626.000000 0.9439 0.9447 0.9454 0.9462 0.9470
3631.000000 0.9479 0.9487 0.9495 0.9503 0.9506
3636.000000 0.9510 0.9513 0.9517 0.9520 0.9522
3641.000000 0.9524 0.9526 0.9527 0.9529 0.9530
3646.000000 0.9531 0.9533 0.9534 0.9535 0.9536
3651.000000 0.9537 0.9538 0.9539 0.9540 0.9541
3656.000000 0.9541 0.9542 0.9543 0.9544 0.9545
3661.000000 0.9546 0.9546 0.9547 0.9548 0.9548
3666.000000 0.9549 0.9549 0.9550 0.9551 0.9552
3671.000000 0.9552 0.9553 0.9554 0.9554 0.9555
3676.000000 0.9555 0.9556 0.9556 0.9557 0.9557
3681.000000 0.9558 0.9559 0.9559 0.9560 0.9560
3686.000000 0.9561 0.9561 0.9562 0.9562 0.9563
3691.000000 0.9564 0.9564 0.9565 0.9565 0.9565
3696.000000 0.9566 0.9566 0.9566 0.9567 0.9567
3701.000000 0.9568 0.9569 0.9569 0.9570 0.9570
3706.000000 0.9570 0.9571 0.9571 0.9571 0.9572
3711.000000 0.9572 0.9573 0.9573 0.9573 0.9578
3716.000000 0.9573 0.9573 0.9572 0.9572 0.9572
3721.000000 0.9571 0.9571 0.9571 0.9571 0.9571
3726.000000 0.9570 0.9570 0.9570 0.9569 0.9569
3731.000000 0.9569 0.9568 0.9568 0.9568 0.9567
3736.000000 0.9567 0.9566 0.9566 0.9566 0.9566
3741.000000 0.9566 0.9566 0.9565 0.9565 0.9565
3746.000000 0.9564 0.9564 0.9564 0.9563 0.9563
3751.000000 0.9562 0.9562 0.9562 0.9561 0.9561
3756.000000 0.9561 0.9561 0.9561 0.9561 0.9560
3761.000000 0.9560 0.9560 0.9559 0.9559 0.9559
3766.000000 0.9558 0.9557 0.9556 0.9555 0.9554
3771.000000 0.9553 0.9552 0.9552 0.9551 0.9550
3776.000000 0.9549 0.9548 0.9547 0.9546 0.9545
3781.000000 0.9545 0.9544 0.9543 0.9542 0.9541
3786.000000 0.9540 0.9539 0.9538 0.9537 0.9536
3791.000000 0.9535 0.9533 0.9532 0.9531 0.9529
3796.000000 0.9527 0.9524 0.9522 0.9520 0.9518
3801.000000 0.9516 0.9514 0.9512 0.9510 0.9508
3806.000000 0.9506 0.9504 0.9502 0.9500 0.9498
3811.000000 0.9495 0.9492 0.9489 0.9486 0.9482
3816.000000 0.9479 0.9476 0.9472 0.9467 0.9463
3821.000000 0.9459 0.9455 0.9451 0.9447 0.9443
3826.000000 0.9439 0.9435 0.9430 0.9426 0.9422
3831.000000 0.9418 0.9414 0.9410 0.9406 0.9403
3836.000000 0.9401 0.9400 0.9398 0.9396 0.9394
3841.000000 0.9392 0.9391 0.9389 0.9387 0.9385
3846.000000 0.9384 0.9382 0.9380 0.9378 0.9376
3851.000000 0.9375 0.9373 0.9371 0.9369 0.9368
3856.000000 0.9366 0.9364 0.9363 0.9362 0.9362
3861.000000 0.9362 0.9361 0.9361 0.9361 0.9361
3866.000000 0.9361 0.9361 0.9361 0.9361 0.9360
3871.000000 0.9360 0.9360 0.9360 0.9360 0.9360
3876.000000 0.9360 0.9360 0.9360 0.9360 0.9360
3881.000000 0.9360 0.9360 0.9360 0.9360 0.9360
3886.000000 0.9360 0.9360 0.9360 0.9360 0.9360
3891.000000 0.9360 0.9360 0.9360 0.9360 0.9361
3896.000000 0.9361 0.9361 0.9361 0.9361 0.9361
3901.000000 0.9361 0.9361 0.9361 0.9361 0.9361
3906.000000 0.9361 0.9362 0.9362 0.9362 0.9362
3911.000000 0.9362 0.9362 0.9363 0.9363 0.9363
3916.000000 0.9363 0.9363 0.9363 0.9364 0.9364
3921.000000 0.9364 0.9364 0.9364 0.9364 0.9364
3926.000000 0.9364 0.9364 0.9364 0.9364 0.9364
3931.000000 0.9365 0.9365 0.9365 0.9365 0.9365
3936.000000 0.9365 0.9365 0.9366 0.9366 0.9366
3941.000000 0.9366 0.9366 0.9366 0.9367 0.9367
3946.000000 0.9367 0.9367 0.9367 0.9367 0.9368
3951.000000 0.9368 0.9368 0.9368 0.9368 0.9368
3956.000000 0.9369 0.9369 0.9369 0.9370 0.9370
3961.000000 0.9370 0.9371 0.9371 0.9371 0.9371
3966.000000 0.9371 0.9371 0.9371 0.9372 0.9372
3971.000000 0.9372 0.9372 0.9372 0.9372 0.9373
3976.000000 0.9373 0.9373 0.9373 0.9373 0.9373
3981.000000 0.9374 0.9374 0.9374 0.9374 0.9375
3986.000000 0.9375 0.9375 0.9376 0.9376 0.9376
3991.000000 0.9376 0.9376 0.9376 0.9377 0.9377
3996.000000 0.9377 0.9378 0.9378 0.9378 0.9379
##END=
