##TITLE=PHOSPHORAMIDOTHIOIC ACID, O,O-DIETHYL ESTER
##JCAMP-DX=4.24
##DATA TYPE=INFRARED SPECTRUM
##CLASS=COBLENTZ III
##ORIGIN=DOW CHEMICAL COMPANY
##OWNER=COBLENTZ SOCIETY
Collection (C) 2018 copyright by the U.S. Secretary of Commerce
on behalf of the United States of America. All rights reserved.
##DATE=1963/11/11
##NAMES=O,O-diethyl amidothiophosphate
##CAS REGISTRY NO=17321-48-1
##MOLFORM=C4 H12 N O2 P S
##SOURCE REFERENCE=COBLENTZ NO. 10357
##$NIST SOURCE=COBLENTZ
##$NIST IMAGE=cob10357
##SPECTROMETER/DATA SYSTEM=DOW KBr FOREPRISM-GRATING
##INSTRUMENT PARAMETERS=BLAZED AT 3.5, 12.0, 20.0 MICRON, CHANGED AT 5.0, 7.5, 14.9 MICRON
##STATE=SOLUTION (10% IN CCl4 FOR 3800-1330, 10% IN CS2 FOR 1330-400 CM^-^1)
##PATH LENGTH=0.010, 0.010 CM
$$SPECTRAL CONTAMINATION DUE TO CCl4 AROUND 1550, AND CS2 AROUND 855 CM^-^1
##SAMPLING PROCEDURE=TRANSMISSION
##RESOLUTION=4
##DATA PROCESSING=DIGITIZED BY NIST FROM HARD COPY (FROM TWO SEGMENTS)
##XUNITS=1/CM
##YUNITS=TRANSMITTANCE
##XFACTOR=1.000000
##YFACTOR=1
##DELTAX=0.875146
##FIRSTX=380.98
##LASTX=3795.8
##FIRSTY=0.153
##MAXX=3795.8
##MINX=380.98
##MAXY=0.9819
##MINY=0.004
##NPOINTS=3903
##XYDATA=(X++(Y..Y))
380.980000 0.1530 0.1510 0.1510 0.1510 0.1510
385.355730 0.1510 0.1530 0.1540 0.1550 0.1570
389.731459 0.1600 0.1640 0.1690 0.1700 0.1750
394.107189 0.1790 0.1840 0.1920 0.2010 0.2050
398.482919 0.2100 0.2210 0.2460 0.2650 0.2909
402.858649 0.3139 0.3160 0.3389 0.3609 0.3839
407.234378 0.4030 0.4280 0.4520 0.4739 0.4850
411.610108 0.4950 0.5099 0.5170 0.5250 0.5340
415.985838 0.5400 0.5490 0.5550 0.5600 0.5640
420.361568 0.5710 0.5730 0.5750 0.5770 0.5780
424.737297 0.5780 0.5800 0.5810 0.5810 0.5820
429.113027 0.5820 0.5840 0.5840 0.5840 0.5840
433.488757 0.5820 0.5820 0.5820 0.5840 0.5840
437.864486 0.5850 0.5850 0.5860 0.5890 0.5900
442.240216 0.5920 0.5960 0.5970 0.6010 0.6040
446.615946 0.6080 0.6110 0.6120 0.6120 0.6150
450.991676 0.6160 0.6180 0.6190 0.6220 0.6220
455.367405 0.6230 0.6250 0.6270 0.6290 0.6330
459.743135 0.6370 0.6410 0.6420 0.6440 0.6470
464.118865 0.6470 0.6480 0.6490 0.6520 0.6550
468.494595 0.6560 0.6560 0.6590 0.6600 0.6620
472.870324 0.6620 0.6630 0.6640 0.6670 0.6680
477.246054 0.6680 0.6700 0.6710 0.6730 0.6740
481.621784 0.6740 0.6750 0.6750 0.6770 0.6780
485.997514 0.6790 0.6810 0.6830 0.6850 0.6860
490.373243 0.6900 0.6960 0.6990 0.7010 0.7050
494.748973 0.7080 0.7090 0.7120 0.7190 0.7250
499.124703 0.7310 0.7350 0.7350 0.7410 0.7450
503.500432 0.7490 0.7490 0.7520 0.7570 0.7600
507.876162 0.7600 0.7630 0.7700 0.7710 0.7720
512.251892 0.7750 0.7770 0.7780 0.7780 0.7790
516.627622 0.7820 0.7830 0.7860 0.7890 0.7900
521.003351 0.7930 0.7940 0.7940 0.7960 0.7960
525.379081 0.7970 0.7970 0.7980 0.7980 0.8030
529.754811 0.8040 0.8040 0.8050 0.8050 0.8070
534.130541 0.8080 0.8090 0.8110 0.8120 0.8120
538.506270 0.8120 0.8120 0.8130 0.8150 0.8160
542.882000 0.8160 0.8180 0.8190 0.8200 0.8220
547.257730 0.8230 0.8230 0.8240 0.8260 0.8290
551.633459 0.8290 0.8300 0.8300 0.8300 0.8290
556.009189 0.8290 0.8290 0.8290 0.8290 0.8270
560.384919 0.8260 0.8240 0.8230 0.8230 0.8230
564.760649 0.8220 0.8200 0.8150 0.8130 0.8130
569.136378 0.8130 0.8130 0.8150 0.8150 0.8180
573.512108 0.8180 0.8180 0.8180 0.8180 0.8190
577.887838 0.8220 0.8220 0.8230 0.8240 0.8240
582.263568 0.8260 0.8260 0.8270 0.8270 0.8260
586.639297 0.8240 0.8240 0.8230 0.8180 0.8130
591.015027 0.8130 0.8120 0.8010 0.7960 0.7930
595.390757 0.7780 0.7670 0.7600 0.7510 0.7410
599.766486 0.7250 0.7090 0.6850 0.6730 0.6421
604.142216 0.6251 0.5921 0.5601 0.5192 0.4971
608.517946 0.4470 0.4090 0.3830 0.3620 0.3480
612.893676 0.3350 0.3181 0.3021 0.2910 0.2810
617.269405 0.2730 0.2720 0.2730 0.2800 0.2940
621.645135 0.3169 0.3409 0.3589 0.4018 0.4468
626.020865 0.4810 0.4960 0.5230 0.5470 0.5709
630.396595 0.5949 0.6209 0.6290 0.6340 0.6440
634.772324 0.6530 0.6600 0.6660 0.6700 0.6710
639.148054 0.6730 0.6740 0.6750 0.6770 0.6770
643.523784 0.6780 0.6810 0.6850 0.6920 0.6940
647.899514 0.6960 0.6970 0.6990 0.7000 0.7030
652.275243 0.7080 0.7090 0.7160 0.7340 0.7570
656.650973 0.7660 0.7750 0.7850 0.7940 0.8030
661.026703 0.8070 0.8080 0.8090 0.8110 0.8110
665.402432 0.8120 0.8120 0.8130 0.8130 0.8150
669.778162 0.8160 0.8160 0.8200 0.8230 0.8260
674.153892 0.8290 0.8300 0.8310 0.8310 0.8330
678.529622 0.8340 0.8340 0.8350 0.8350 0.8370
682.905351 0.8380 0.8410 0.8410 0.8420 0.8420
687.281081 0.8420 0.8440 0.8440 0.8450 0.8450
691.656811 0.8460 0.8460 0.8460 0.8460 0.8460
696.032541 0.8460 0.8460 0.8460 0.8460 0.8460
700.408270 0.8460 0.8460 0.8460 0.8460 0.8450
704.784000 0.8450 0.8450 0.8450 0.8450 0.8450
709.159730 0.8450 0.8450 0.8440 0.8440 0.8440
713.535459 0.8420 0.8420 0.8420 0.8410 0.8390
717.911189 0.8380 0.8370 0.8340 0.8310 0.8300
722.286919 0.8260 0.8240 0.8220 0.8200 0.8190
726.662649 0.8160 0.8130 0.8090 0.8050 0.8030
731.038378 0.8000 0.7960 0.7930 0.7810 0.7770
735.414108 0.7750 0.7680 0.7610 0.7590 0.7461
739.789838 0.7400 0.7260 0.7230 0.7160 0.7070
744.165568 0.6920 0.6751 0.6621 0.6471 0.6380
748.541297 0.6110 0.5780 0.5510 0.5300 0.5140
752.917027 0.4801 0.4451 0.4171 0.3811 0.3581
757.292757 0.3310 0.3000 0.2730 0.2461 0.2031
761.668486 0.1861 0.1691 0.1511 0.1311 0.1201
766.044216 0.1060 0.1010 0.0940 0.0870 0.0790
770.419946 0.0690 0.0650 0.0610 0.0560 0.0540
774.795676 0.0500 0.0490 0.0470 0.0470 0.0460
779.171405 0.0450 0.0430 0.0430 0.0420 0.0420
783.547135 0.0420 0.0410 0.0410 0.0390 0.0390
787.922865 0.0410 0.0450 0.0470 0.0490 0.0530
792.298595 0.0580 0.0610 0.0640 0.0690 0.0720
796.674324 0.0770 0.0870 0.0989 0.1099 0.1249
801.050054 0.1400 0.1530 0.1550 0.1660 0.1770
805.425784 0.1830 0.1950 0.2020 0.2060 0.2169
809.801514 0.2290 0.2470 0.2590 0.2720 0.2880
814.177243 0.3069 0.3239 0.3459 0.3739 0.4018
818.552973 0.4320 0.4620 0.4890 0.5100 0.5190
822.928703 0.5360 0.5510 0.5640 0.5779 0.5899
827.304432 0.6040 0.6160 0.6290 0.6400 0.6470
831.680162 0.6510 0.6600 0.6660 0.6710 0.6750
836.055892 0.6770 0.6790 0.6820 0.6830 0.6820
840.431622 0.6780 0.6750 0.6700 0.6670 0.6660
844.807351 0.6620 0.6580 0.6510 0.6470 0.6400
849.183081 0.6320 0.6260 0.6210 0.6180 0.6160
853.558811 0.6140 0.6140 0.6120 0.6120 0.6120
857.934541 0.6140 0.6150 0.6160 0.6180 0.6190
862.310270 0.6210 0.6220 0.6230 0.6230 0.6250
866.686000 0.6250 0.6250 0.6230 0.6220 0.6210
871.061730 0.6180 0.6160 0.6150 0.6120 0.6100
875.437459 0.6070 0.6010 0.6000 0.5950 0.5880
879.813189 0.5810 0.5750 0.5660 0.5620 0.5510
884.188919 0.5430 0.5360 0.5260 0.5220 0.5120
888.564649 0.5060 0.4990 0.4780 0.4580 0.4450
892.940378 0.4261 0.4140 0.3991 0.3890 0.3761
897.316108 0.3620 0.3510 0.3360 0.3200 0.3050
901.691838 0.2880 0.2790 0.2660 0.2481 0.2321
906.067568 0.2180 0.2030 0.1900 0.1750 0.1551
910.443297 0.1400 0.1310 0.1230 0.1170 0.1090
914.819027 0.1050 0.1020 0.1020 0.1020 0.1030
919.194757 0.1030 0.1060 0.1080 0.1080 0.1080
923.570486 0.1060 0.1050 0.1050 0.1030 0.1020
927.946216 0.0990 0.0980 0.0970 0.0930 0.0900
932.321946 0.0860 0.0830 0.0790 0.0770 0.0680
936.697676 0.0620 0.0610 0.0560 0.0530 0.0470
941.073405 0.0410 0.0380 0.0350 0.0310 0.0310
945.449135 0.0240 0.0210 0.0190 0.0170 0.0170
949.824865 0.0130 0.0120 0.0100 0.0090 0.0090
954.200595 0.0090 0.0090 0.0080 0.0080 0.0080
958.576324 0.0080 0.0080 0.0080 0.0080 0.0090
962.952054 0.0100 0.0100 0.0100 0.0120 0.0120
967.327784 0.0150 0.0160 0.0170 0.0190 0.0210
971.703514 0.0230 0.0230 0.0240 0.0250 0.0280
976.079243 0.0280 0.0300 0.0310 0.0310 0.0310
980.454973 0.0320 0.0350 0.0390 0.0420 0.0470
984.830703 0.0510 0.0560 0.0620 0.0650 0.0710
989.206432 0.0770 0.1019 0.1100 0.1190 0.1240
993.582162 0.1350 0.1450 0.1510 0.1600 0.1660
997.957892 0.1690 0.1720 0.1730 0.1750 0.1750
1002.333622 0.1750 0.1720 0.1660 0.1580 0.1490
1006.709351 0.1420 0.1320 0.1210 0.1021 0.0970
1011.085081 0.0900 0.0710 0.0640 0.0530 0.0420
1015.460811 0.0340 0.0230 0.0190 0.0150 0.0120
1019.836541 0.0100 0.0090 0.0080 0.0080 0.0060
1024.212270 0.0050 0.0040 0.0040 0.0040 0.0040
1028.588000 0.0040 0.0050 0.0060 0.0060 0.0080
1032.963730 0.0090 0.0090 0.0090 0.0090 0.0100
1037.339459 0.0100 0.0120 0.0130 0.0170 0.0190
1041.715189 0.0210 0.0230 0.0240 0.0250 0.0270
1046.090919 0.0270 0.0310 0.0310 0.0320 0.0320
1050.466649 0.0320 0.0310 0.0300 0.0300 0.0280
1054.842378 0.0280 0.0280 0.0250 0.0240 0.0230
1059.218108 0.0230 0.0230 0.0230 0.0240 0.0310
1063.593838 0.0320 0.0340 0.0390 0.0500 0.0620
1067.969568 0.0710 0.1079 0.1289 0.1529 0.1699
1072.345297 0.1870 0.2030 0.2250 0.2460 0.2610
1076.721027 0.2800 0.3019 0.3130 0.3319 0.3519
1081.096757 0.3670 0.3760 0.3840 0.3930 0.3980
1085.472486 0.3990 0.3990 0.3980 0.3960 0.3930
1089.848216 0.3830 0.3720 0.3650 0.3550 0.3460
1094.223946 0.3350 0.3131 0.2881 0.2691 0.2620
1098.599676 0.2540 0.2350 0.2330 0.2350 0.2430
1102.975405 0.2540 0.2699 0.3049 0.3697 0.3998
1107.351135 0.4430 0.4660 0.5030 0.5190 0.5430
1111.726865 0.5510 0.5660 0.5809 0.5999 0.6060
1116.102595 0.6160 0.6290 0.6420 0.6490 0.6530
1120.478324 0.6630 0.6740 0.6780 0.6830 0.6880
1124.854054 0.6920 0.6940 0.6990 0.7070 0.7090
1129.229784 0.7120 0.7140 0.7140 0.7140 0.7150
1133.605514 0.7160 0.7160 0.7160 0.7160 0.7150
1137.981243 0.7150 0.7140 0.7090 0.7090 0.7080
1142.356973 0.7070 0.6990 0.6940 0.6860 0.6790
1146.732703 0.6750 0.6680 0.6560 0.6470 0.6271
1151.108432 0.6080 0.6010 0.5770 0.5381 0.5141
1155.484162 0.4881 0.4691 0.4451 0.4221 0.3951
1159.859892 0.3800 0.3720 0.3630 0.3620 0.3630
1164.235622 0.3780 0.4019 0.4209 0.4409 0.4559
1168.611351 0.4730 0.5250 0.5730 0.5890 0.6150
1172.987081 0.6449 0.6699 0.7029 0.7189 0.7339
1177.362811 0.7480 0.7550 0.7710 0.7870 0.7960
1181.738541 0.7980 0.8070 0.8130 0.8220 0.8310
1186.114270 0.8350 0.8410 0.8450 0.8530 0.8600
1190.490000 0.8670 0.8680 0.8710 0.8740 0.8780
1194.865730 0.8790 0.8800 0.8820 0.8830 0.8850
1199.241459 0.8890 0.8870 0.8890 0.8890 0.8900
1203.617189 0.8900 0.8900 0.8910 0.8910 0.8910
1207.992919 0.8910 0.8910 0.8900 0.8900 0.8900
1212.368649 0.8890 0.8890 0.8890 0.8890 0.8890
1216.744378 0.8890 0.8870 0.8870 0.8860 0.8830
1221.120108 0.8830 0.8820 0.8800 0.8780 0.8750
1225.495838 0.8720 0.8700 0.8700 0.8680 0.8610
1229.871568 0.8590 0.8570 0.8540 0.8530 0.8520
1234.247297 0.8500 0.8500 0.8490 0.8490 0.8460
1238.623027 0.8460 0.8450 0.8420 0.8410 0.8390
1242.998757 0.8390 0.8380 0.8370 0.8370 0.8350
1247.374486 0.8350 0.8350 0.8370 0.8420 0.8490
1251.750216 0.8500 0.8530 0.8590 0.8600 0.8600
1256.125946 0.8610 0.8630 0.8640 0.8650 0.8650
1260.501676 0.8650 0.8630 0.8600 0.8530 0.8460
1264.877405 0.8440 0.8450 0.8490 0.8500 0.8520
1269.253135 0.8530 0.8530 0.8540 0.8540 0.8540
1273.628865 0.8560 0.8590 0.8610 0.8610 0.8600
1278.004595 0.8600 0.8570 0.8570 0.8530 0.8520
1282.380324 0.8500 0.8490 0.8490 0.8420 0.8390
1286.756054 0.8380 0.8370 0.8340 0.8310 0.8230
1291.131784 0.8190 0.8190 0.8180 0.8180 0.8190
1295.507514 0.8220 0.8240 0.8300 0.8330 0.8390
1299.883243 0.8480 0.8540 0.8610 0.8680 0.8720
1304.258973 0.8780 0.8820 0.8860 0.8910 0.8930
1308.634703 0.8980 0.9020 0.9110 0.9120 0.9130
1313.010432 0.9160 0.9190 0.9220 0.9230 0.9240
1317.386162 0.9260 0.9270 0.9280 0.9280 0.9280
1321.761892 0.9300 0.9300 0.9280 0.9280 0.9280
1326.137622 0.9280 0.9280 0.9270 0.9270 0.9260
1330.513351 0.9240 0.9240 0.9240 0.9240 0.9240
1334.889081 0.9240 0.9240 0.9240 0.9240 0.9240
1339.264811 0.9240 0.9260 0.9260 0.9260 0.9260
1343.640541 0.9260 0.9260 0.9260 0.9240 0.9240
1348.016270 0.9230 0.9230 0.9220 0.9200 0.9190
1352.392000 0.9190 0.9170 0.9160 0.9130 0.9120
1356.767730 0.9110 0.9060 0.9050 0.9010 0.8960
1361.143459 0.8930 0.8900 0.8820 0.8780 0.8710
1365.519189 0.8570 0.8371 0.8131 0.8080 0.8080
1369.894919 0.8130 0.8220 0.8230 0.8240 0.8230
1374.270649 0.8190 0.8150 0.8120 0.8050 0.8000
1378.646378 0.7940 0.7750 0.7560 0.7490 0.7410
1383.022108 0.7250 0.6941 0.6771 0.6471 0.6102
1387.397838 0.5620 0.5250 0.4361 0.3921 0.3511
1391.773568 0.3291 0.3101 0.3100 0.3219 0.3429
1396.149297 0.3520 0.4100 0.4540 0.5219 0.5809
1400.525027 0.6249 0.6749 0.7009 0.7379 0.7569
1404.900757 0.7750 0.7930 0.8090 0.8180 0.8270
1409.276486 0.8340 0.8380 0.8410 0.8440 0.8450
1413.652216 0.8490 0.8500 0.8530 0.8530 0.8540
1418.027946 0.8540 0.8500 0.8490 0.8460 0.8460
1422.403676 0.8450 0.8450 0.8440 0.8410 0.8380
1426.779405 0.8370 0.8340 0.8310 0.8201 0.8110
1431.155135 0.8040 0.7960 0.7930 0.7780 0.7660
1435.530865 0.7590 0.7460 0.7370 0.7250 0.7071
1439.906595 0.6920 0.6670 0.6480 0.6211 0.5891
1444.282324 0.5601 0.5251 0.5121 0.5100 0.5120
1448.658054 0.5560 0.5890 0.6360 0.6749 0.6940
1453.033784 0.7070 0.7070 0.7000 0.6900 0.6751
1457.409514 0.6600 0.6560 0.6600 0.6849 0.7149
1461.785243 0.7290 0.7459 0.7520 0.7510 0.7490
1466.160973 0.7460 0.7440 0.7410 0.7400 0.7260
1470.536703 0.7120 0.7080 0.6931 0.6771 0.6631
1474.912432 0.6490 0.6320 0.6140 0.5860 0.5600
1479.288162 0.5251 0.5100 0.5100 0.5688 0.5780
1483.663892 0.6210 0.6740 0.7090 0.7340 0.7480
1488.039622 0.7590 0.7640 0.7769 0.7810 0.7820
1492.415351 0.7830 0.7850 0.7850 0.7820 0.7790
1496.791081 0.7770 0.7750 0.7710 0.7670 0.7610
1501.166811 0.7590 0.7570 0.7490 0.7450 0.7410
1505.542541 0.7400 0.7300 0.7250 0.7190 0.7110
1509.918270 0.7070 0.7000 0.6930 0.6880 0.6810
1514.294000 0.6740 0.6630 0.6590 0.6470 0.6331
1518.669730 0.6290 0.6080 0.5890 0.5800 0.5630
1523.045459 0.5480 0.5360 0.5260 0.5141 0.4881
1527.421189 0.4560 0.4370 0.4100 0.3850 0.3551
1531.796919 0.3331 0.3091 0.2811 0.2481 0.2122
1536.172649 0.1860 0.1690 0.1540 0.1400 0.1201
1540.548378 0.1090 0.1080 0.1080 0.1090 0.1120
1544.924108 0.1170 0.1240 0.1280 0.1320 0.1460
1549.299838 0.1600 0.1829 0.1900 0.1990 0.2119
1553.675568 0.2240 0.2390 0.2540 0.2700 0.2870
1558.051297 0.3020 0.3209 0.3409 0.3719 0.4028
1562.427027 0.4250 0.4430 0.4770 0.4840 0.4990
1566.802757 0.5120 0.5230 0.5340 0.5509 0.5580
1571.178486 0.5730 0.5770 0.5890 0.6010 0.6060
1575.554216 0.6150 0.6210 0.6300 0.6330 0.6400
1579.929946 0.6450 0.6510 0.6530 0.6600 0.6630
1584.305676 0.6660 0.6700 0.6710 0.6780 0.6850
1588.681405 0.6930 0.6990 0.7040 0.7090 0.7150
1593.057135 0.7230 0.7300 0.7410 0.7480 0.7590
1597.432865 0.7680 0.7770 0.7920 0.8070 0.8120
1601.808595 0.8200 0.8270 0.8340 0.8410 0.8500
1606.184324 0.8530 0.8570 0.8640 0.8710 0.8740
1610.560054 0.8820 0.8820 0.8850 0.8910 0.8960
1614.935784 0.9010 0.9020 0.9020 0.9040 0.9120
1619.311514 0.9170 0.9220 0.9240 0.9260 0.9260
1623.687243 0.9230 0.9230 0.9280 0.9350 0.9380
1628.062973 0.9340 0.9390 0.9420 0.9430 0.9430
1632.438703 0.9450 0.9460 0.9450 0.9430 0.9350
1636.814432 0.9350 0.9390 0.9460 0.9490 0.9520
1641.190162 0.9540 0.9540 0.9540 0.9540 0.9520
1645.565892 0.9490 0.9460 0.9480 0.9500 0.9540
1649.941622 0.9560 0.9540 0.9520 0.9410 0.9340
1654.317351 0.9350 0.9460 0.9540 0.9540 0.9560
1658.693081 0.9560 0.9570 0.9570 0.9570 0.9560
1663.068811 0.9560 0.9570 0.9560 0.9560 0.9540
1667.444541 0.9540 0.9520 0.9490 0.9490 0.9500
1671.820270 0.9500 0.9500 0.9500 0.9460 0.9500
1676.196000 0.9530 0.9540 0.9540 0.9540 0.9530
1680.571730 0.9520 0.9500 0.9490 0.9490 0.9490
1684.947459 0.9500 0.9520 0.9530 0.9530 0.9530
1689.323189 0.9530 0.9540 0.9540 0.9540 0.9520
1693.698919 0.9490 0.9480 0.9460 0.9490 0.9490
1698.074649 0.9490 0.9480 0.9430 0.9390 0.9390
1702.450378 0.9460 0.9450 0.9450 0.9450 0.9460
1706.826108 0.9460 0.9480 0.9490 0.9490 0.9480
1711.201838 0.9460 0.9450 0.9430 0.9420 0.9390
1715.577568 0.9390 0.9380 0.9390 0.9390 0.9390
1719.953297 0.9380 0.9350 0.9370 0.9350 0.9350
1724.329027 0.9350 0.9340 0.9340 0.9320 0.9320
1728.704757 0.9320 0.9320 0.9280 0.9270 0.9270
1733.080486 0.9270 0.9270 0.9270 0.9260 0.9240
1737.456216 0.9220 0.9220 0.9240 0.9260 0.9260
1741.831946 0.9260 0.9240 0.9240 0.9240 0.9240
1746.207676 0.9240 0.9240 0.9240 0.9260 0.9260
1750.583405 0.9270 0.9280 0.9280 0.9280 0.9300
1754.959135 0.9320 0.9320 0.9340 0.9340 0.9340
1759.334865 0.9350 0.9350 0.9380 0.9390 0.9410
1763.710595 0.9410 0.9410 0.9390 0.9390 0.9410
1768.086324 0.9410 0.9410 0.9420 0.9430 0.9430
1772.462054 0.9460 0.9460 0.9480 0.9460 0.9460
1776.837784 0.9460 0.9460 0.9460 0.9460 0.9450
1781.213514 0.9450 0.9450 0.9430 0.9420 0.9420
1785.589243 0.9420 0.9410 0.9410 0.9390 0.9380
1789.964973 0.9370 0.9370 0.9350 0.9350 0.9340
1794.340703 0.9340 0.9320 0.9320 0.9320 0.9310
1798.716432 0.9300 0.9280 0.9270 0.9260 0.9260
1803.092162 0.9240 0.9230 0.9220 0.9200 0.9200
1807.467892 0.9190 0.9170 0.9160 0.9150 0.9150
1811.843622 0.9150 0.9130 0.9130 0.9120 0.9120
1816.219351 0.9120 0.9110 0.9110 0.9090 0.9090
1820.595081 0.9080 0.9060 0.9050 0.9040 0.9040
1824.970811 0.9040 0.9040 0.9040 0.9040 0.9040
1829.346541 0.9040 0.9040 0.9040 0.9040 0.9050
1833.722270 0.9060 0.9060 0.9080 0.9080 0.9080
1838.098000 0.9090 0.9090 0.9110 0.9120 0.9130
1842.473730 0.9130 0.9150 0.9150 0.9170 0.9170
1846.849459 0.9170 0.9190 0.9190 0.9190 0.9200
1851.225189 0.9200 0.9220 0.9230 0.9230 0.9230
1855.600919 0.9240 0.9260 0.9270 0.9280 0.9320
1859.976649 0.9340 0.9340 0.9350 0.9350 0.9370
1864.352378 0.9380 0.9390 0.9390 0.9420 0.9430
1868.728108 0.9450 0.9480 0.9520 0.9540 0.9540
1873.103838 0.9540 0.9560 0.9560 0.9570 0.9570
1877.479568 0.9570 0.9580 0.9600 0.9610 0.9630
1881.855297 0.9630 0.9630 0.9640 0.9650 0.9670
1886.231027 0.9670 0.9670 0.9670 0.9670 0.9670
1890.606757 0.9690 0.9690 0.9690 0.9690 0.9690
1894.982486 0.9690 0.9690 0.9710 0.9710 0.9710
1899.358216 0.9710 0.9710 0.9710 0.9710 0.9720
1903.733946 0.9720 0.9720 0.9720 0.9720 0.9720
1908.109676 0.9720 0.9720 0.9720 0.9740 0.9720
1912.485405 0.9720 0.9720 0.9720 0.9710 0.9710
1916.861135 0.9720 0.9720 0.9720 0.9750 0.9750
1921.236865 0.9740 0.9740 0.9740 0.9720 0.9720
1925.612595 0.9720 0.9720 0.9740 0.9740 0.9750
1929.988324 0.9750 0.9740 0.9740 0.9740 0.9740
1934.364054 0.9740 0.9740 0.9740 0.9740 0.9740
1938.739784 0.9740 0.9740 0.9740 0.9740 0.9740
1943.115514 0.9740 0.9750 0.9760 0.9760 0.9750
1947.491243 0.9750 0.9750 0.9750 0.9750 0.9760
1951.866973 0.9760 0.9760 0.9760 0.9780 0.9780
1956.242703 0.9780 0.9780 0.9780 0.9780 0.9780
1960.618432 0.9780 0.9780 0.9760 0.9760 0.9750
1964.994162 0.9750 0.9740 0.9740 0.9750 0.9750
1969.369892 0.9740 0.9720 0.9720 0.9720 0.9710
1973.745622 0.9690 0.9680 0.9680 0.9680 0.9680
1978.121351 0.9680 0.9680 0.9680 0.9680 0.9690
1982.497081 0.9690 0.9690 0.9690 0.9690 0.9690
1986.872811 0.9710 0.9720 0.9720 0.9710 0.9720
1991.248541 0.9720 0.9720 0.9720 0.9720 0.9740
1995.624270 0.9740 0.9750 0.9750 0.9760 0.9760
2000.000000 0.9760 0.9770 0.9780 0.9780 0.9780
2004.375730 0.9780 0.9780 0.9780 0.9780 0.9785
2008.751459 0.9790 0.9785 0.9780 0.9785 0.9790
2013.127189 0.9790 0.9790 0.9790 0.9790 0.9790
2017.502919 0.9790 0.9795 0.9800 0.9800 0.9800
2021.878649 0.9795 0.9790 0.9790 0.9790 0.9790
2026.254378 0.9790 0.9790 0.9790 0.9795 0.9800
2030.630108 0.9809 0.9819 0.9807 0.9792 0.9785
2035.005838 0.9780 0.9771 0.9761 0.9756 0.9751
2039.381568 0.9750 0.9750 0.9754 0.9759 0.9760
2043.757297 0.9760 0.9769 0.9779 0.9789 0.9799
2048.133027 0.9800 0.9800 0.9796 0.9791 0.9790
2052.508757 0.9790 0.9790 0.9790 0.9790 0.9790
2056.884486 0.9786 0.9781 0.9780 0.9780 0.9780
2061.260216 0.9780 0.9780 0.9780 0.9784 0.9789
2065.635946 0.9790 0.9790 0.9786 0.9781 0.9780
2070.011676 0.9780 0.9780 0.9780 0.9780 0.9780
2074.387405 0.9780 0.9780 0.9780 0.9780 0.9772
2078.763135 0.9762 0.9760 0.9760 0.9760 0.9760
2083.138865 0.9760 0.9760 0.9760 0.9760 0.9760
2087.514595 0.9760 0.9768 0.9778 0.9780 0.9780
2091.890324 0.9780 0.9780 0.9780 0.9780 0.9784
2096.266054 0.9789 0.9790 0.9790 0.9786 0.9781
2100.641784 0.9780 0.9780 0.9780 0.9780 0.9780
2105.017514 0.9780 0.9780 0.9780 0.9780 0.9780
2109.393243 0.9780 0.9780 0.9773 0.9763 0.9760
2113.768973 0.9760 0.9760 0.9760 0.9760 0.9760
2118.144703 0.9767 0.9777 0.9780 0.9780 0.9780
2122.520432 0.9780 0.9780 0.9780 0.9773 0.9763
2126.896162 0.9760 0.9760 0.9760 0.9760 0.9757
2131.271892 0.9752 0.9750 0.9750 0.9750 0.9750
2135.647622 0.9753 0.9758 0.9760 0.9760 0.9760
2140.023351 0.9760 0.9760 0.9760 0.9760 0.9760
2144.399081 0.9760 0.9760 0.9766 0.9776 0.9780
2148.774811 0.9780 0.9774 0.9764 0.9754 0.9744
2153.150541 0.9740 0.9740 0.9740 0.9740 0.9740
2157.526270 0.9740 0.9740 0.9740 0.9740 0.9740
2161.902000 0.9740 0.9740 0.9734 0.9724 0.9720
2166.277730 0.9720 0.9720 0.9720 0.9725 0.9735
2170.653459 0.9735 0.9725 0.9720 0.9720 0.9720
2175.029189 0.9720 0.9720 0.9720 0.9717 0.9712
2179.404919 0.9710 0.9710 0.9710 0.9710 0.9710
2183.780649 0.9710 0.9710 0.9710 0.9710 0.9710
2188.156378 0.9710 0.9710 0.9710 0.9710 0.9710
2192.532108 0.9710 0.9710 0.9710 0.9710 0.9710
2196.907838 0.9710 0.9710 0.9710 0.9710 0.9710
2201.283568 0.9710 0.9710 0.9710 0.9710 0.9710
2205.659297 0.9710 0.9710 0.9710 0.9710 0.9712
2210.035027 0.9717 0.9720 0.9720 0.9720 0.9720
2214.410757 0.9720 0.9720 0.9720 0.9720 0.9720
2218.786486 0.9720 0.9720 0.9720 0.9720 0.9720
2223.162216 0.9718 0.9713 0.9710 0.9710 0.9710
2227.537946 0.9710 0.9706 0.9696 0.9690 0.9690
2231.913676 0.9690 0.9690 0.9690 0.9690 0.9690
2236.289405 0.9690 0.9688 0.9683 0.9680 0.9680
2240.665135 0.9680 0.9680 0.9678 0.9673 0.9670
2245.040865 0.9670 0.9667 0.9657 0.9648 0.9643
2249.416595 0.9638 0.9633 0.9627 0.9617 0.9608
2253.792324 0.9603 0.9597 0.9587 0.9578 0.9574
2258.168054 0.9570 0.9570 0.9569 0.9564 0.9557
2262.543784 0.9547 0.9540 0.9540 0.9540 0.9540
2266.919514 0.9539 0.9534 0.9529 0.9524 0.9520
2271.295243 0.9520 0.9520 0.9520 0.9517 0.9507
2275.670973 0.9499 0.9494 0.9490 0.9490 0.9489
2280.046703 0.9484 0.9477 0.9468 0.9460 0.9460
2284.422432 0.9459 0.9454 0.9450 0.9450 0.9450
2288.798162 0.9450 0.9450 0.9450 0.9450 0.9450
2293.173892 0.9450 0.9450 0.9448 0.9438 0.9430
2297.549622 0.9430 0.9432 0.9442 0.9450 0.9450
2301.925351 0.9450 0.9450 0.9450 0.9450 0.9450
2306.301081 0.9450 0.9448 0.9438 0.9430 0.9430
2310.676811 0.9430 0.9430 0.9430 0.9430 0.9429
2315.052541 0.9424 0.9420 0.9420 0.9420 0.9420
2319.428270 0.9420 0.9420 0.9420 0.9420 0.9419
2323.804000 0.9414 0.9410 0.9410 0.9410 0.9410
2328.179730 0.9409 0.9399 0.9390 0.9390 0.9390
2332.555459 0.9390 0.9391 0.9401 0.9411 0.9416
2336.931189 0.9420 0.9420 0.9420 0.9425 0.9430
2341.306919 0.9430 0.9430 0.9430 0.9430 0.9425
2345.682649 0.9420 0.9425 0.9430 0.9430 0.9431
2350.058378 0.9446 0.9461 0.9471 0.9480 0.9480
2354.434108 0.9479 0.9470 0.9460 0.9460 0.9460
2358.809838 0.9460 0.9460 0.9470 0.9480 0.9480
2363.185568 0.9480 0.9485 0.9490 0.9495 0.9500
2367.561297 0.9510 0.9520 0.9525 0.9530 0.9530
2371.937027 0.9530 0.9535 0.9540 0.9540 0.9540
2376.312757 0.9550 0.9560 0.9560 0.9560 0.9565
2380.688486 0.9570 0.9570 0.9570 0.9575 0.9580
2385.064216 0.9580 0.9580 0.9580 0.9580 0.9580
2389.439946 0.9580 0.9580 0.9580 0.9580 0.9580
2393.815676 0.9580 0.9580 0.9580 0.9580 0.9580
2398.191405 0.9580 0.9580 0.9580 0.9580 0.9580
2402.567135 0.9575 0.9570 0.9570 0.9570 0.9570
2406.942865 0.9570 0.9570 0.9570 0.9566 0.9561
2411.318595 0.9560 0.9560 0.9560 0.9560 0.9551
2415.694324 0.9541 0.9540 0.9540 0.9540 0.9540
2420.070054 0.9540 0.9540 0.9540 0.9540 0.9540
2424.445784 0.9540 0.9536 0.9531 0.9530 0.9530
2428.821514 0.9517 0.9502 0.9496 0.9491 0.9490
2433.197243 0.9490 0.9486 0.9481 0.9472 0.9462
2437.572973 0.9460 0.9460 0.9456 0.9451 0.9450
2441.948703 0.9450 0.9450 0.9450 0.9442 0.9432
2446.324432 0.9430 0.9430 0.9422 0.9412 0.9402
2450.700162 0.9392 0.9390 0.9390 0.9390 0.9390
2455.075892 0.9386 0.9381 0.9380 0.9380 0.9376
2459.451622 0.9371 0.9370 0.9370 0.9362 0.9352
2463.827351 0.9346 0.9341 0.9340 0.9340 0.9340
2468.203081 0.9340 0.9344 0.9349 0.9350 0.9350
2472.578811 0.9350 0.9350 0.9357 0.9367 0.9370
2476.954541 0.9370 0.9374 0.9379 0.9376 0.9371
2481.330270 0.9370 0.9370 0.9370 0.9370 0.9370
2485.706000 0.9370 0.9373 0.9378 0.9380 0.9380
2490.081730 0.9370 0.9355 0.9347 0.9342 0.9343
2494.457459 0.9348 0.9350 0.9350 0.9357 0.9367
2498.833189 0.9373 0.9378 0.9377 0.9372 0.9364
2503.208919 0.9354 0.9350 0.9350 0.9350 0.9350
2507.584649 0.9356 0.9366 0.9370 0.9370 0.9360
2511.960378 0.9346 0.9340 0.9340 0.9340 0.9340
2516.336108 0.9340 0.9340 0.9340 0.9340 0.9340
2520.711838 0.9340 0.9343 0.9348 0.9350 0.9350
2525.087568 0.9350 0.9350 0.9350 0.9350 0.9347
2529.463297 0.9342 0.9340 0.9340 0.9343 0.9348
2533.839027 0.9350 0.9350 0.9356 0.9366 0.9373
2538.214757 0.9378 0.9380 0.9380 0.9383 0.9388
2542.590486 0.9390 0.9390 0.9395 0.9405 0.9410
2546.966216 0.9410 0.9413 0.9418 0.9420 0.9420
2551.341946 0.9420 0.9420 0.9423 0.9428 0.9430
2555.717676 0.9430 0.9435 0.9445 0.9450 0.9450
2560.093405 0.9450 0.9450 0.9450 0.9450 0.9445
2564.469135 0.9435 0.9430 0.9430 0.9430 0.9430
2568.844865 0.9435 0.9445 0.9450 0.9450 0.9450
2573.220595 0.9450 0.9452 0.9457 0.9460 0.9460
2577.596324 0.9460 0.9460 0.9465 0.9475 0.9480
2581.972054 0.9480 0.9480 0.9480 0.9480 0.9480
2586.347784 0.9480 0.9480 0.9480 0.9480 0.9476
2590.723514 0.9466 0.9460 0.9460 0.9458 0.9453
2595.099243 0.9450 0.9450 0.9450 0.9450 0.9446
2599.474973 0.9436 0.9428 0.9423 0.9420 0.9420
2603.850703 0.9422 0.9427 0.9430 0.9430 0.9434
2608.226432 0.9444 0.9450 0.9450 0.9452 0.9457
2612.602162 0.9460 0.9460 0.9460 0.9460 0.9458
2616.977892 0.9453 0.9450 0.9450 0.9450 0.9450
2621.353622 0.9452 0.9457 0.9460 0.9460 0.9460
2625.729351 0.9460 0.9460 0.9460 0.9455 0.9440
2630.105081 0.9430 0.9430 0.9433 0.9443 0.9452
2634.480811 0.9457 0.9460 0.9460 0.9459 0.9454
2638.856541 0.9450 0.9450 0.9450 0.9450 0.9450
2643.232270 0.9450 0.9450 0.9450 0.9450 0.9450
2647.608000 0.9450 0.9450 0.9450 0.9450 0.9450
2651.983730 0.9450 0.9451 0.9456 0.9460 0.9460
2656.359459 0.9460 0.9460 0.9460 0.9460 0.9459
2660.735189 0.9454 0.9450 0.9450 0.9450 0.9450
2665.110919 0.9450 0.9450 0.9450 0.9450 0.9450
2669.486649 0.9450 0.9451 0.9456 0.9460 0.9460
2673.862378 0.9460 0.9460 0.9460 0.9460 0.9460
2678.238108 0.9460 0.9459 0.9454 0.9450 0.9450
2682.613838 0.9450 0.9450 0.9450 0.9450 0.9450
2686.989568 0.9450 0.9450 0.9450 0.9450 0.9450
2691.365297 0.9450 0.9450 0.9450 0.9450 0.9450
2695.741027 0.9450 0.9449 0.9439 0.9430 0.9430
2700.116757 0.9429 0.9419 0.9410 0.9410 0.9410
2704.492486 0.9410 0.9409 0.9399 0.9390 0.9390
2708.868216 0.9389 0.9379 0.9369 0.9354 0.9339
2713.243946 0.9329 0.9320 0.9315 0.9309 0.9294
2717.619676 0.9279 0.9258 0.9240 0.9235 0.9230
2721.995405 0.9230 0.9230 0.9230 0.9230 0.9225
2726.371135 0.9219 0.9209 0.9199 0.9179 0.9159
2730.746865 0.9144 0.9130 0.9125 0.9120 0.9115
2735.122595 0.9110 0.9100 0.9090 0.9090 0.9090
2739.498324 0.9105 0.9120 0.9140 0.9160 0.9165
2743.874054 0.9170 0.9180 0.9190 0.9195 0.9200
2748.249784 0.9210 0.9220 0.9220 0.9220 0.9210
2752.625514 0.9200 0.9195 0.9190 0.9180 0.9170
2757.001243 0.9170 0.9170 0.9151 0.9131 0.9120
2761.376973 0.9110 0.9096 0.9081 0.9080 0.9080
2765.752703 0.9071 0.9061 0.9060 0.9060 0.9060
2770.128432 0.9060 0.9083 0.9109 0.9115 0.9120
2774.504162 0.9125 0.9130 0.9139 0.9149 0.9159
2778.879892 0.9169 0.9184 0.9199 0.9209 0.9219
2783.255622 0.9220 0.9220 0.9220 0.9220 0.9220
2787.631351 0.9220 0.9220 0.9220 0.9220 0.9220
2792.007081 0.9211 0.9201 0.9196 0.9191 0.9190
2796.382811 0.9190 0.9181 0.9171 0.9161 0.9151
2800.758541 0.9137 0.9122 0.9116 0.9111 0.9097
2805.134270 0.9082 0.9067 0.9052 0.9050 0.9050
2809.510000 0.9016 0.8977 0.8953 0.8933 0.8922
2813.885730 0.8912 0.8890 0.8865 0.8860 0.8860
2818.261459 0.8876 0.8896 0.8900 0.8900 0.8904
2822.637189 0.8909 0.8918 0.8928 0.8930 0.8930
2827.012919 0.8922 0.8912 0.8910 0.8910 0.8906
2831.388649 0.8901 0.8900 0.8900 0.8885 0.8865
2835.764378 0.8849 0.8834 0.8830 0.8830 0.8800
2840.140108 0.8760 0.8739 0.8724 0.8716 0.8711
2844.515838 0.8714 0.8719 0.8727 0.8737 0.8744
2848.891568 0.8749 0.8739 0.8724 0.8706 0.8686
2853.267297 0.8655 0.8620 0.8582 0.8542 0.8513
2857.643027 0.8488 0.8417 0.8326 0.8134 0.7900
2862.018757 0.7725 0.7576 0.7502 0.7462 0.7416
2866.394486 0.7366 0.7343 0.7333 0.7323 0.7313
2870.770216 0.7317 0.7327 0.7360 0.7405 0.7443
2875.145946 0.7478 0.7516 0.7556 0.7577 0.7587
2879.521676 0.7583 0.7574 0.7544 0.7504 0.7468
2883.897405 0.7433 0.7385 0.7330 0.7294 0.7269
2888.273135 0.7155 0.6985 0.6782 0.6558 0.6200
2892.648865 0.5757 0.5489 0.5338 0.5237 0.5167
2897.024595 0.4986 0.4731 0.4483 0.4239 0.4093
2901.400324 0.4013 0.3980 0.3980 0.4099 0.4303
2905.776054 0.4470 0.4610 0.4755 0.4904 0.5051
2910.151784 0.5196 0.5330 0.5456 0.5702 0.6041
2914.527514 0.6268 0.6408 0.6503 0.6563 0.6598
2918.903243 0.6613 0.6620 0.6620 0.6556 0.6437
2923.278973 0.6291 0.6121 0.5962 0.5813 0.5609
2927.654703 0.5355 0.5105 0.4858 0.4740 0.4740
2932.030432 0.4784 0.4868 0.4915 0.4925 0.4928
2936.406162 0.4923 0.4866 0.4756 0.4671 0.4611
2940.781892 0.4580 0.4580 0.4651 0.4800 0.4983
2945.157622 0.5202 0.5359 0.5445 0.5504 0.5534
2949.533351 0.5548 0.5543 0.5515 0.5460 0.5416
2953.909081 0.5387 0.5345 0.5291 0.5249 0.5224
2958.284811 0.5173 0.5088 0.5017 0.4962 0.4903
2962.660541 0.4838 0.4769 0.4693 0.4612 0.4522
2967.036270 0.4439 0.4364 0.4231 0.4017 0.3807
2971.412000 0.3602 0.3456 0.3396 0.3234 0.2915
2975.787730 0.2685 0.2596 0.2447 0.2203 0.1940
2980.163459 0.1646 0.1458 0.1453 0.1450 0.1450
2984.539189 0.1452 0.1457 0.1467 0.1487 0.1507
2988.914919 0.1527 0.1565 0.1634 0.1718 0.1828
2993.290649 0.1934 0.2034 0.2118 0.2173 0.2287
2997.666378 0.2521 0.2795 0.3152 0.3563 0.4081
3002.042108 0.4554 0.4933 0.5225 0.5335 0.5449
3006.417838 0.5574 0.5718 0.5907 0.6128 0.6422
3010.793568 0.6691 0.6901 0.7079 0.7178 0.7278
3015.169297 0.7378 0.7472 0.7553 0.7639 0.7738
3019.545027 0.7831 0.7906 0.7982 0.8062 0.8124
3023.920757 0.8139 0.8159 0.8194 0.8223 0.8232
3028.296486 0.8251 0.8296 0.8340 0.8379 0.8416
3032.672216 0.8441 0.8465 0.8485 0.8502 0.8512
3037.047946 0.8522 0.8532 0.8546 0.8571 0.8592
3041.423676 0.8602 0.8612 0.8622 0.8630 0.8630
3045.799405 0.8630 0.8630 0.8630 0.8630 0.8628
3050.175135 0.8618 0.8610 0.8610 0.8609 0.8604
3054.550865 0.8599 0.8594 0.8587 0.8572 0.8560
3058.926595 0.8560 0.8558 0.8548 0.8539 0.8534
3063.302324 0.8529 0.8524 0.8520 0.8520 0.8520
3067.678054 0.8520 0.8520 0.8520 0.8519 0.8509
3072.053784 0.8500 0.8500 0.8501 0.8511 0.8520
3076.429514 0.8520 0.8520 0.8520 0.8520 0.8520
3080.805243 0.8521 0.8526 0.8530 0.8535 0.8541
3085.180973 0.8556 0.8571 0.8581 0.8590 0.8595
3089.556703 0.8600 0.8600 0.8602 0.8622 0.8640
3093.932432 0.8645 0.8651 0.8661 0.8671 0.8686
3098.308162 0.8700 0.8705 0.8711 0.8726 0.8740
3102.683892 0.8745 0.8750 0.8755 0.8761 0.8776
3107.059622 0.8790 0.8795 0.8800 0.8800 0.8801
3111.435351 0.8826 0.8850 0.8850 0.8850 0.8855
3115.811081 0.8860 0.8865 0.8870 0.8880 0.8890
3120.186811 0.8890 0.8890 0.8890 0.8890 0.8895
3124.562541 0.8900 0.8905 0.8910 0.8910 0.8910
3128.938270 0.8910 0.8910 0.8910 0.8910 0.8910
3133.314000 0.8910 0.8910 0.8910 0.8910 0.8910
3137.689730 0.8905 0.8900 0.8900 0.8900 0.8900
3142.065459 0.8900 0.8900 0.8900 0.8895 0.8890
3146.441189 0.8881 0.8871 0.8870 0.8870 0.8870
3150.816919 0.8870 0.8865 0.8860 0.8860 0.8860
3155.192649 0.8855 0.8851 0.8850 0.8850 0.8850
3159.568378 0.8850 0.8841 0.8831 0.8826 0.8821
3163.944108 0.8820 0.8820 0.8811 0.8801 0.8800
3168.319838 0.8800 0.8791 0.8781 0.8771 0.8761
3172.695568 0.8756 0.8751 0.8746 0.8741 0.8731
3177.071297 0.8721 0.8716 0.8711 0.8706 0.8701
3181.447027 0.8679 0.8654 0.8646 0.8641 0.8628
3185.822757 0.8613 0.8606 0.8601 0.8588 0.8573
3190.198486 0.8558 0.8543 0.8532 0.8522 0.8512
3194.574216 0.8502 0.8500 0.8500 0.8484 0.8464
3198.949946 0.8432 0.8397 0.8358 0.8319 0.8279
3203.325676 0.8239 0.8214 0.8195 0.8178 0.8163
3207.701405 0.8149 0.8134 0.8096 0.8050 0.8009
3212.077135 0.7969 0.7949 0.7934 0.7904 0.7869
3216.452865 0.7845 0.7825 0.7801 0.7776 0.7737
3220.828595 0.7692 0.7651 0.7611 0.7589 0.7574
3225.204324 0.7538 0.7493 0.7473 0.7463 0.7438
3229.580054 0.7408 0.7364 0.7314 0.7282 0.7257
3233.955784 0.7239 0.7225 0.7196 0.7161 0.7126
3238.331514 0.7091 0.7018 0.6929 0.6856 0.6791
3242.707243 0.6760 0.6745 0.6713 0.6673 0.6640
3247.082973 0.6610 0.6570 0.6525 0.6467 0.6402
3251.458703 0.6350 0.6306 0.6241 0.6167 0.6105
3255.834432 0.6050 0.6005 0.5965 0.5909 0.5844
3260.210162 0.5792 0.5747 0.5696 0.5640 0.5595
3264.585892 0.5555 0.5521 0.5491 0.5455 0.5415
3268.961622 0.5363 0.5304 0.5265 0.5240 0.5203
3273.337351 0.5158 0.5131 0.5116 0.5090 0.5055
3277.713081 0.5034 0.5024 0.4988 0.4933 0.4898
3282.088811 0.4878 0.4856 0.4831 0.4809 0.4789
3286.464541 0.4777 0.4772 0.4753 0.4723 0.4699
3290.840270 0.4679 0.4667 0.4662 0.4657 0.4652
3295.216000 0.4639 0.4619 0.4602 0.4587 0.4575
3299.591730 0.4565 0.4560 0.4560 0.4557 0.4552
3303.967459 0.4550 0.4550 0.4550 0.4550 0.4553
3308.343189 0.4557 0.4560 0.4560 0.4565 0.4575
3312.718919 0.4582 0.4587 0.4590 0.4590 0.4597
3317.094649 0.4612 0.4620 0.4620 0.4627 0.4642
3321.470378 0.4652 0.4657 0.4660 0.4660 0.4660
3325.846108 0.4660 0.4660 0.4660 0.4660 0.4660
3330.221838 0.4660 0.4660 0.4660 0.4660 0.4658
3334.597568 0.4653 0.4646 0.4636 0.4628 0.4623
3338.973297 0.4612 0.4592 0.4574 0.4559 0.4544
3343.349027 0.4529 0.4516 0.4506 0.4500 0.4500
3347.724757 0.4496 0.4486 0.4478 0.4473 0.4470
3352.100486 0.4470 0.4466 0.4456 0.4450 0.4450
3356.476216 0.4450 0.4450 0.4454 0.4464 0.4479
3360.851946 0.4504 0.4527 0.4547 0.4564 0.4573
3365.227676 0.4580 0.4580 0.4580 0.4580 0.4575
3369.603405 0.4560 0.4545 0.4530 0.4508 0.4473
3373.979135 0.4435 0.4390 0.4342 0.4287 0.4233
3378.354865 0.4178 0.4106 0.3996 0.3876 0.3731
3382.730595 0.3623 0.3598 0.3559 0.3489 0.3423
3387.106324 0.3369 0.3330 0.3330 0.3349 0.3414
3391.482054 0.3541 0.3825 0.4096 0.4336 0.4555
3395.857784 0.4719 0.4880 0.5029 0.5177 0.5322
3400.233514 0.5488 0.5717 0.5918 0.6034 0.6143
3404.609243 0.6233 0.6307 0.6337 0.6367 0.6397
3408.984973 0.6422 0.6432 0.6440 0.6440 0.6433
3413.360703 0.6403 0.6375 0.6350 0.6327 0.6312
3417.736432 0.6299 0.6294 0.6283 0.6248 0.6213
3422.112162 0.6178 0.6141 0.6096 0.6055 0.6030
3426.487892 0.6005 0.5980 0.5954 0.5919 0.5880
3430.863622 0.5825 0.5770 0.5710 0.5657 0.5637
3435.239351 0.5615 0.5580 0.5545 0.5515 0.5483
3439.615081 0.5438 0.5397 0.5377 0.5352 0.5303
3443.990811 0.5258 0.5243 0.5229 0.5219 0.5205
3448.366541 0.5171 0.5135 0.5095 0.5058 0.5038
3452.742270 0.5018 0.5003 0.4986 0.4951 0.4918
3457.118000 0.4903 0.4889 0.4879 0.4865 0.4815
3461.493730 0.4763 0.4688 0.4618 0.4598 0.4575
3465.869459 0.4521 0.4468 0.4438 0.4405 0.4341
3470.245189 0.4277 0.4227 0.4178 0.4143 0.4108
3474.620919 0.4083 0.4058 0.4023 0.3990 0.3985
3478.996649 0.3979 0.3954 0.3930 0.3925 0.3920
3483.372378 0.3925 0.3930 0.3945 0.3961 0.3991
3487.748108 0.4021 0.4086 0.4151 0.4277 0.4405
3492.123838 0.4624 0.4842 0.4957 0.5071 0.5216
3496.499568 0.5361 0.5525 0.5690 0.5884 0.6078
3500.875297 0.6401 0.6725 0.6936 0.7145 0.7384
3505.251027 0.7623 0.7707 0.7787 0.7882 0.7978
3509.626757 0.8102 0.8226 0.8278 0.8328 0.8402
3514.002486 0.8477 0.8499 0.8519 0.8558 0.8598
3518.378216 0.8624 0.8648 0.8683 0.8718 0.8739
3522.753946 0.8758 0.8778 0.8798 0.8809 0.8819
3527.129676 0.8852 0.8887 0.8899 0.8909 0.8919
3531.505405 0.8929 0.8948 0.8968 0.8975 0.8979
3535.881135 0.8989 0.8999 0.9004 0.9009 0.9014
3540.256865 0.9019 0.9029 0.9039 0.9049 0.9059
3544.632595 0.9060 0.9060 0.9073 0.9088 0.9099
3549.008324 0.9109 0.9114 0.9119 0.9133 0.9148
3553.384054 0.9150 0.9150 0.9154 0.9159 0.9160
3557.759784 0.9160 0.9164 0.9169 0.9170 0.9170
3562.135514 0.9170 0.9170 0.9178 0.9188 0.9190
3566.511243 0.9190 0.9190 0.9190 0.9194 0.9199
3570.886973 0.9208 0.9218 0.9220 0.9220 0.9224
3575.262703 0.9229 0.9230 0.9230 0.9230 0.9230
3579.638432 0.9230 0.9230 0.9230 0.9230 0.9230
3584.014162 0.9230 0.9230 0.9230 0.9234 0.9239
3588.389892 0.9240 0.9240 0.9247 0.9257 0.9260
3592.765622 0.9260 0.9260 0.9260 0.9264 0.9269
3597.141351 0.9270 0.9270 0.9270 0.9270 0.9270
3601.517081 0.9270 0.9266 0.9261 0.9260 0.9260
3605.892811 0.9260 0.9260 0.9253 0.9243 0.9240
3610.268541 0.9240 0.9237 0.9232 0.9227 0.9222
3614.644270 0.9220 0.9220 0.9223 0.9228 0.9230
3619.020000 0.9230 0.9233 0.9238 0.9247 0.9257
3623.395730 0.9260 0.9260 0.9250 0.9235 0.9227
3627.771459 0.9222 0.9210 0.9195 0.9193 0.9198
3632.147189 0.9210 0.9225 0.9233 0.9238 0.9246
3636.522919 0.9256 0.9266 0.9276 0.9280 0.9280
3640.898649 0.9277 0.9272 0.9258 0.9238 0.9227
3645.274378 0.9222 0.9202 0.9172 0.9157 0.9152
3649.650108 0.9156 0.9166 0.9170 0.9170 0.9179
3654.025838 0.9194 0.9200 0.9200 0.9200 0.9200
3658.401568 0.9206 0.9216 0.9223 0.9228 0.9230
3662.777297 0.9230 0.9227 0.9222 0.9220 0.9220
3667.153027 0.9214 0.9205 0.9197 0.9192 0.9190
3671.528757 0.9190 0.9190 0.9190 0.9193 0.9198
3675.904486 0.9200 0.9200 0.9200 0.9200 0.9205
3680.280216 0.9215 0.9215 0.9205 0.9198 0.9192
3684.655946 0.9185 0.9175 0.9165 0.9155 0.9145
3689.031676 0.9135 0.9135 0.9145 0.9155 0.9165
3693.407405 0.9177 0.9192 0.9207 0.9222 0.9230
3697.783135 0.9230 0.9232 0.9237 0.9240 0.9240
3702.158865 0.9245 0.9255 0.9260 0.9260 0.9262
3706.534595 0.9267 0.9270 0.9270 0.9270 0.9270
3710.910324 0.9276 0.9291 0.9302 0.9307 0.9308
3715.286054 0.9303 0.9302 0.9307 0.9310 0.9310
3719.661784 0.9312 0.9317 0.9320 0.9320 0.9320
3724.037514 0.9320 0.9318 0.9313 0.9310 0.9310
3728.413243 0.9312 0.9317 0.9320 0.9320 0.9318
3732.788973 0.9313 0.9310 0.9310 0.9310 0.9310
3737.164703 0.9308 0.9303 0.9296 0.9286 0.9284
3741.540432 0.9294 0.9300 0.9300 0.9302 0.9307
3745.916162 0.9310 0.9310 0.9310 0.9310 0.9312
3750.291892 0.9317 0.9323 0.9333 0.9340 0.9340
3754.667622 0.9340 0.9340 0.9340 0.9340 0.9342
3759.043351 0.9347 0.9345 0.9331 0.9320 0.9320
3763.419081 0.9323 0.9333 0.9340 0.9340 0.9340
3767.794811 0.9340 0.9340 0.9340 0.9341 0.9346
3772.170541 0.9350 0.9350 0.9350 0.9350 0.9350
3776.546270 0.9350 0.9349 0.9344 0.9341 0.9346
3780.922000 0.9350 0.9350 0.9350 0.9350 0.9350
3785.297730 0.9350 0.9350 0.9350 0.9350 0.9350
3789.673459 0.9350 0.9350 0.9350 0.9350 0.9349
3794.049189 0.9344 0.9340 0.9340
##END=
