##TITLE=Di-n-octyl phenylphosphonate
##JCAMP-DX=4.24
##DATA TYPE=INFRARED SPECTRUM
##ORIGIN=EPA-IR VAPOR PHASE LIBRARY
##OWNER=SRD/NIST
Collection (C) 2018 copyright by the U.S. Secretary of Commerce
on behalf of the United States of America. All rights reserved.
##CAS REGISTRY NO=1754-47-8
##MOLFORM=C 22 H 39 O 3 P
##$NIST SOURCE=MSDC-IR
##STATE=gas
##XUNITS=1/CM
##YUNITS=ABSORBANCE
##XFACTOR=1.
##YFACTOR=0.001
##DELTAX=1.92934
##FIRSTX=549.9
##LASTX=3999.5
##FIRSTY=23.41
##MAXX=3999.53
##MINX=549.863
##MAXY=0.14525
##MINY=0
##NPOINTS=1789
##XYDATA=(X++(Y..Y))
549.863 23.41 24.56 25.96 27.6 29.63 31.79 33.49 34.76 35.46 34.94
569.156 33.22 30.69 27.33 23.54 19.94 16.69 13.92 11.68 9.87 8.39
588.450 7.19 6.35 5.63 4.9 4.34 4 3.75 3.47 3.25 3.12
607.743 2.9547 2.8146 2.7361 2.6599 2.5874 2.4961 2.4533 2.4629 2.379 2.2458
627.037 2.2043 2.1963 2.2365 2.2957 2.2442 2.1891 2.1649 2.2089 2.2824 2.2792
646.330 2.3055 2.4118 2.512 2.5936 2.7644 2.9569 3.1 3.27 3.49 3.91
665.624 4.35 4.69 5.12 5.53 5.92 6.22 6.3 6.49 7.03 7.73
684.917 8.82 10.7 13.56 17.53 21.34 23.21 22.71 20.89 19.3 18.41
704.210 17.92 17.52 16.97 16.39 15.99 15.72 15.64 15.76 15.86 15.95
723.504 16.12 16.42 16.82 17.4 18.19 19.15 20.36 21.84 23.49 25.12
742.797 26.19 26.15 24.73 22.34 19.88 18.03 16.94 16.37 16.03 15.84
762.091 15.7 15.44 15.14 14.83 14.49 14.16 13.84 13.58 13.51 13.52
781.384 13.59 13.84 14.15 14.53 14.98 15.39 15.7 15.87 15.96 16.1
800.678 16.19 16.14 16.11 16.07 16.02 16 15.92 15.86 15.89 16.04
819.971 16.18 16.24 16.34 16.48 16.66 16.85 16.92 16.99 17.03 17.09
839.264 17.11 17.04 17 16.91 16.68 16.4 16.09 15.79 15.46 15.07
858.558 14.65 14.22 13.87 13.58 13.22 12.84 12.46 12.1 11.76 11.45
877.851 11.2 10.94 10.74 10.59 10.45 10.38 10.37 10.42 10.48 10.66
897.145 10.89 11.16 11.52 11.95 12.45 12.99 13.55 14.16 14.81 15.48
916.438 16.12 16.75 17.35 17.78 18.1 18.31 18.47 18.55 18.6 18.67
935.732 18.79 19.1 19.49 20.02 20.68 21.5 22.53 23.75 25.2 26.92
955.025 28.9 31.14 33.68 36.49 39.53 42.83 46.33 49.85 53.35 56.69
974.318 59.68 62.32 64.56 66.6 68.72 71.06 73.75 76.94 80.68 84.73
993.612 88.83 92.54 95.32 97.09 98 98.32 98.52 98.79 99.1 99.42
1012.905 99.74 100.08 100.4 100.57 100.49 100.12 99.25 97.58 95.21 92.39
1032.199 89.53 87.02 85.01 83.45 82.17 80.98 79.87 78.76 77.62 76.5
1051.492 75.34 74.19 73.1 72.09 71.13 70.24 69.25 68.02 66.52 64.59
1070.786 62.21 59.42 56.24 52.78 49.22 45.68 42.23 38.93 35.79 32.82
1090.079 30.02 27.45 25.17 23.22 21.57 20.18 19.04 18.22 17.67 17.35
1109.372 17.33 17.72 18.67 20.27 22.79 26.44 31.52 38.18 45.79 52.87
1128.666 57.27 57.17 52.36 44.41 35.79 28.45 22.92 18.96 16.15 14.05
1147.959 12.42 11.17 10.24 9.47 8.86 8.39 7.97 7.58 7.24 6.96
1167.253 6.8 6.74 6.64 6.61 6.65 6.78 6.97 7.15 7.26 7.29
1186.546 7.21 6.98 6.82 6.72 6.61 6.59 6.56 6.47 6.44 6.52
1205.840 6.6 6.6 6.64 6.78 6.89 6.96 7 7.07 7.16 7.27
1225.133 7.43 7.64 7.95 8.33 8.77 9.28 9.84 10.52 11.32 12.26
1244.426 13.36 14.69 16.33 18.36 20.74 23.64 27.12 31.08 35.45 40.05
1263.720 44.56 48.62 51.9 53.95 54.57 53.77 51.65 48.49 44.63 40.58
1283.013 36.68 33.15 30.08 27.28 24.63 22.16 19.88 17.8 15.97 14.43
1302.307 13.12 12.01 11.07 10.21 9.43 8.72 8.12 7.58 7.12 6.77
1321.600 6.46 6.2 6.01 5.92 5.88 5.82 5.74 5.71 5.72 5.72
1340.894 5.73 5.75 5.82 5.92 5.98 6.04 6.1 6.13 6.12 6.1
1360.187 6.07 6 6 6.08 6.2 6.33 6.57 6.96 7.43 8.04
1379.480 8.83 9.65 10.46 11.02 11.15 10.86 10.23 9.41 8.47 7.49
1398.774 6.63 5.96 5.48 5.15 4.94 4.88 4.88 4.89 4.96 5.05
1418.067 5.18 5.37 5.64 5.97 6.42 7.08 7.99 9.17 10.64 12.31
1437.361 13.96 15.17 15.47 14.9 14.01 13.33 13.16 13.37 13.8 14.33
1456.654 14.88 15.32 15.61 15.77 15.72 15.5 15.09 14.52 13.78 12.85
1475.948 11.83 10.74 9.73 8.81 8 7.3 6.66 6.11 5.6 5.1
1495.241 4.65 4.23 3.88 3.58 3.33 3.15 2.9981 2.8882 2.7831 2.6441
1514.534 2.5708 2.4927 2.4278 2.3858 2.2877 2.2305 2.15536 2.14126 2.10684 2.0197
1533.828 2.0221 2.0227 2.0165 1.9752 1.927 1.878 1.851 1.859 1.818 1.798
1553.121 1.819 1.789 1.738 1.692 1.7 1.719 1.726 1.733 1.745 1.777
1572.415 1.782 1.801 1.857 1.921 2.0328 2.2265 2.3722 2.4636 2.6092 2.7868
1591.708 2.8752 2.8773 2.8146 2.6755 2.5039 2.2883 2.09771 1.917 1.774 1.706
1611.002 1.685 1.684 1.669 1.651 1.603 1.533 1.49 1.47 1.421 1.414
1630.295 1.405 1.358 1.36 1.355 1.361 1.356 1.359 1.402 1.388 1.381
1649.588 1.427 1.483 1.526 1.542 1.574 1.624 1.719 1.819 1.86 1.859
1668.882 1.854 1.839 1.769 1.731 1.725 1.676 1.648 1.627 1.568 1.528
1688.175 1.525 1.528 1.491 1.457 1.486 1.501 1.458 1.437 1.444 1.474
1707.469 1.509 1.52 1.543 1.549 1.556 1.584 1.577 1.558 1.545 1.526
1726.762 1.55 1.58 1.602 1.616 1.626 1.683 1.664 1.641 1.681 1.702
1746.056 1.698 1.69 1.745 1.79 1.812 1.85 1.864 1.865 1.89 1.9616
1765.349 2.0304 2.07491 2.12557 2.14165 2.1505 2.15494 2.14317 2.08695 2.0119 1.9967
1784.642 2.011 1.9719 1.951 1.942 1.909 1.937 2.018 2.07111 2.12262 2.2346
1803.936 2.3285 2.4477 2.6256 2.7592 2.8068 2.8849 2.9339 2.8905 2.7883 2.6581
1823.229 2.5631 2.4984 2.4047 2.3416 2.3258 2.3075 2.275 2.2145 2.182 2.17
1842.523 2.12603 2.06186 2.06474 2.06411 2.019 1.996 1.9776 1.931 1.918 1.935
1861.816 1.906 1.879 1.885 1.888 1.869 1.878 1.862 1.842 1.861 1.905
1881.110 1.9688 2.0048 2.0411 2.09255 2.14679 2.1859 2.2328 2.2868 2.2889 2.2568
1900.403 2.2108 2.1855 2.2048 2.1723 2.07191 1.9955 1.912 1.787 1.676 1.597
1919.696 1.539 1.474 1.434 1.444 1.447 1.412 1.386 1.336 1.313 1.346
1938.990 1.367 1.377 1.361 1.429 1.502 1.561 1.661 1.714 1.792 1.867
1958.283 1.882 1.822 1.758 1.737 1.745 1.73 1.661 1.594 1.503 1.39
1977.577 1.287 1.202 1.151 1.119 1.08 1.05 1.04 1.04 1.02 0.98
1996.870 1 1 1.01 1.02 1.03 1.03 1.01 1 1.01 1
2016.164 0.99 1.03 1.04 1.04 1.05 1.105 1.123 1.061 1.03 1.05
2035.457 1.071 1.081 1.108 1.098 1.091 1.112 1.084 1.062 1.087 1.068
2054.750 1.04 1.03 1.02 1.01 1.02 1.03 1.02 1.02 0.99 0.98
2074.044 0.97 0.98 0.99 0.99 0.98 0.96 0.96 0.95 0.94 0.94
2093.337 0.94 0.95 0.96 0.92 0.9 0.91 0.93 0.93 0.94 0.97
2112.631 0.97 0.97 0.98 0.97 0.95 0.93 0.91 0.91 0.96 0.97
2131.924 0.95 0.98 0.98 0.95 0.94 0.95 0.97 0.98 0.99 0.99
2151.218 0.99 1 1 1 1.04 1.03 0.99 0.99 1.02 1.04
2170.511 1.02 0.97 0.95 0.98 0.98 0.98 1.02 1.02 1.01 1.04
2189.804 1.04 1 1.01 0.97 0.95 0.98 0.99 0.99 0.99 1.01
2209.098 1.03 1.06 1.05 1.05 1.05 1.01 0.99 1 1.01 1
2228.391 1.01 1.03 1.02 1.01 1.04 1.06 1.073 1.118 1.12 1.094
2247.685 1.103 1.144 1.172 1.181 1.206 1.193 1.156 1.129 1.091 1.085
2266.978 1.096 1.095 1.085 1.094 1.108 1.098 1.078 1.068 1.08 1.069
2286.272 1.082 1.1 1.067 1.081 1.096 1.084 1.1 1.077 1.07 1.121
2305.565 1.153 1.137 1.112 1.138 1.178 1.216 1.277 1.291 1.232 1.189
2324.858 1.179 1.136 1.11 1.11 1.115 1.114 1.148 1.162 1.139 1.155
2344.152 1.162 1.139 1.114 1.076 1.072 1.069 1.05 1.06 1.085 1.071
2363.445 1.03 1.04 1.03 1.01 1.03 1.05 1.05 1.068 1.071 1.067
2382.739 1.062 1.02 0.98 1.05 1.107 1.111 1.09 1.061 1.03 1.05
2402.032 1.072 1.1 1.113 1.087 1.089 1.111 1.111 1.081 1.074 1.106
2421.326 1.117 1.093 1.082 1.063 1.03 1.04 1.05 1.04 1.04 1.02
2440.619 1 1 1.01 1.03 1.06 1.05 1.02 1 1.01 1.02
2459.912 0.99 0.99 1.01 0.99 0.96 0.95 0.97 0.99 0.98 1
2479.206 1 1 0.98 1 1.05 1.02 1 1.01 1.03 1.06
2498.499 1.084 1.063 1.04 1.063 1.084 1.127 1.135 1.126 1.133 1.113
2517.793 1.138 1.163 1.188 1.223 1.213 1.216 1.23 1.218 1.213 1.228
2537.086 1.225 1.231 1.242 1.216 1.201 1.224 1.251 1.237 1.221 1.217
2556.380 1.248 1.284 1.254 1.263 1.281 1.312 1.354 1.369 1.36 1.341
2575.673 1.367 1.382 1.332 1.325 1.34 1.369 1.402 1.397 1.417 1.443
2594.966 1.431 1.409 1.447 1.516 1.518 1.485 1.472 1.488 1.552 1.577
2614.260 1.577 1.596 1.612 1.629 1.628 1.607 1.62 1.656 1.658 1.668
2633.553 1.685 1.684 1.736 1.763 1.707 1.725 1.792 1.797 1.767 1.78
2652.847 1.837 1.855 1.859 1.887 1.913 1.9767 2.0237 1.9968 2.0139 2.08728
2672.140 2.09886 2.11976 2.1668 2.1716 2.2047 2.2442 2.2371 2.2759 2.3033 2.2634
2691.434 2.2614 2.2584 2.2827 2.2582 2.2345 2.2363 2.2663 2.2897 2.2163 2.1964
2710.727 2.2438 2.3097 2.3732 2.374 2.2977 2.3402 2.4231 2.4767 2.5262 2.525
2730.020 2.5704 2.6547 2.7102 2.6437 2.6774 2.8372 2.9 2.9409 2.9918 3.0552
2749.314 3.043 2.9746 3.0189 3.08 3.08 3.07 3.0397 3.07 3.11 3.14
2768.607 3.1 3.041 3.2 3.31 3.22 3.25 3.29 3.28 3.43 3.57
2787.901 3.61 3.73 3.93 4.04 4.14 4.26 4.41 4.62 4.79 5
2807.194 5.2 5.39 5.65 5.86 6.1 6.47 6.81 7.16 7.58 8.03
2826.488 8.47 8.98 9.62 10.34 11.16 12.16 13.34 14.68 16.28 18.27
2845.781 20.57 23.37 26.71 30.55 34.85 39.58 44.43 48.81 52.34 54.73
2865.074 55.73 55.5 54.35 52.67 50.8 48.89 47.32 46.23 45.37 44.68
2884.368 44.03 43.27 42.69 42.5 42.9 44 45.7 47.85 50.42 53.2
2903.661 56.14 59.43 63.08 67.1 71.47 76.22 81.41 87.28 94.01 101.47
2922.955 109.69 118.58 127.42 135.17 141.11 144.65 145.25 143.16 138.97 133.11
2942.248 126.28 119.14 111.98 105.28 99.68 95.53 92.94 91.77 91.88 92.67
2961.542 93.5 94 93.41 91.17 86.81 80.1 71.68 62.55 53.68 45.73
2980.835 39.09 33.74 29.37 25.63 22.56 20.2 18.2 16.53 15.07 13.83
3000.128 12.81 11.92 11.1 10.43 9.86 9.41 9.08 8.78 8.51 8.35
3019.422 8.13 7.82 7.61 7.48 7.32 7.18 7 6.8 6.57 6.37
3038.715 6.16 5.82 5.72 5.8 5.92 6.13 6.41 6.82 7.52 8.47
3058.009 9.46 10.55 11.84 13.09 14 14.32 13.82 12.47 10.91 9.65
3077.302 8.88 8.67 8.75 8.71 8.31 7.75 6.92 6.04 5.39 4.8
3096.596 4.36 4.17 3.94 3.64 3.24 2.8972 2.7242 2.4663 2.2174 2.018
3115.889 1.938 1.875 1.755 1.659 1.572 1.511 1.476 1.47 1.408 1.306
3135.182 1.383 1.46 1.407 1.407 1.452 1.483 1.458 1.368 1.297 1.324
3154.476 1.414 1.357 1.162 1.04 1.01 1.06 1.085 1.02 0.83 0.73
3173.769 0.81 0.8 0.81 0.8 0.77 0.74 0.74 0.77 0.72 0.66
3193.063 0.64 0.67 0.7 0.68 0.62 0.61 0.65 0.63 0.57 0.57
3212.356 0.53 0.44 0.37 0.44 0.47 0.4 0.3 0.24 0.33 0.43
3231.650 0.42 0.31 0.29 0.3 0.18 0.13 0.24 0.28 0.27 0.18
3250.943 0.11 0.23 0.37 0.3 0.22 0.26 0.23 0.23 0.31 0.35
3270.236 0.13 0 0.15 0.16 0.16 0.25 0.32 0.35 0.34 0.24
3289.530 0.11 0.18 0.3 0.27 0.25 0.32 0.27 0.22 0.24 0.19
3308.823 0.28 0.39 0.26 0.2 0.31 0.34 0.34 0.32 0.28 0.32
3328.117 0.31 0.31 0.34 0.3 0.24 0.23 0.14 0.16 0.3 0.29
3347.410 0.23 0.26 0.3 0.25 0.3 0.4 0.39 0.38 0.35 0.29
3366.704 0.24 0.19 0.25 0.4 0.39 0.35 0.43 0.35 0.31 0.34
3385.997 0.31 0.37 0.5 0.52 0.4 0.43 0.43 0.35 0.38 0.45
3405.290 0.46 0.49 0.46 0.25 0.28 0.33 0.34 0.37 0.28 0.29
3424.584 0.35 0.33 0.24 0.24 0.23 0.29 0.3 0.36 0.39 0.32
3443.877 0.48 0.42 0.35 0.43 0.46 0.51 0.51 0.52 0.56 0.6
3463.171 0.5 0.42 0.44 0.43 0.4 0.43 0.43 0.35 0.35 0.41
3482.464 0.4 0.42 0.42 0.36 0.3 0.37 0.37 0.28 0.33 0.43
3501.758 0.43 0.41 0.41 0.35 0.32 0.24 0.26 0.35 0.36 0.37
3521.051 0.35 0.38 0.41 0.4 0.46 0.51 0.52 0.46 0.48 0.48
3540.344 0.39 0.48 0.44 0.38 0.42 0.37 0.33 0.3 0.37 0.45
3559.638 0.39 0.41 0.46 0.47 0.48 0.48 0.4 0.38 0.42 0.49
3578.931 0.51 0.41 0.46 0.43 0.4 0.46 0.42 0.45 0.52 0.57
3598.225 0.66 0.63 0.56 0.54 0.52 0.6 0.62 0.58 0.6 0.66
3617.518 0.65 0.71 0.72 0.7 0.74 0.71 0.67 0.72 0.78 0.81
3636.812 0.79 0.76 0.76 0.75 0.8 0.75 0.81 0.88 0.84 0.82
3656.105 0.75 0.84 0.84 0.8 0.84 0.79 0.77 0.78 0.76 0.8
3675.398 0.82 0.83 0.83 0.76 0.69 0.63 0.66 0.8 0.89 0.87
3694.692 0.93 0.93 0.89 0.92 0.94 1.03 1.02 0.9 0.84 0.86
3713.985 0.84 0.86 0.9 0.92 0.89 0.83 0.87 0.91 0.92 0.99
3733.279 0.96 0.85 0.84 0.84 0.86 0.91 0.91 0.9 0.84 0.83
3752.572 0.89 0.89 0.92 0.88 0.86 0.95 0.91 0.92 0.94 0.94
3771.866 0.97 0.93 0.96 0.98 0.95 0.86 0.89 0.95 0.87 0.88
3791.159 0.93 0.95 0.94 0.88 0.88 0.83 0.82 0.87 0.88 0.89
3810.452 0.96 0.99 0.89 0.84 0.91 0.98 0.95 0.99 1.03 0.98
3829.746 1.01 0.97 0.93 0.92 0.87 0.86 0.85 0.84 0.84 0.95
3849.039 1.06 1.02 1.01 1.01 0.98 0.97 0.95 1.04 1.073 1.02
3868.333 0.93 0.9 0.93 0.95 0.96 0.92 0.91 1.03 1.116 1.084
3887.626 1.075 1.076 1.02 0.98 1.03 1.04 1.01 1.05 1.05 1
3906.920 0.96 0.94 0.97 0.99 1.095 1.234 1.186 1.085 1.064 1.086
3926.213 1.098 1.084 1.05 1.068 1.155 1.141 1.136 1.167 1.11 1.111
3945.506 1.152 1.163 1.122 1.128 1.168 1.122 1.06 1.121 1.248 1.184
3964.800 1.173 1.214 1.123 1.165 1.196 1.097 1.113 1.174 1.186 1.256
3984.093 1.319 1.35 1.37 1.374 1.317 1.278 1.365 1.391 1.325
##END=
