##TITLE=PENTADECANOYL CHLORIDE
##JCAMP-DX=4.24
$$ By DXEDIT 1.05 (RS McDonald)
##DATA TYPE=INFRARED SPECTRUM
##CLASS=COBLENTZ III
##ORIGIN=DOW CHEMICAL COMPANY
##OWNER=COPYRIGHT (C) 1988 by COBLENTZ SOCIETY INC.
Collection (C) 2018 copyright by the U.S. Secretary of Commerce
on behalf of the United States of America. All rights reserved.
##DATE=1963/10/16
##CAS REGISTRY NO=17746-08-6
##MOLFORM=C15 H29 Cl O
##SOURCE REFERENCE=COBLENTZ NO. 7647
##$NIST SOURCE=COBLENTZ
##$NIST IMAGE=cob7647
##SPECTROMETER/DATA SYSTEM=BECKMAN IR-9 (GRATING)
##INSTRUMENT PARAMETERS=ORDER CHANGES: 670, 1200, 2000 CM^-^1
##STATE=SOLUTION (10% CCl4 FOR 3800-1330, 10% CS2 FOR 1330-400 CM^-^1)
##PATH LENGTH=0.011 CM, 0.011 CM
$$SPECTRAL CONTAMINATION DUE TO CS2 AROUND 860, CCl4 AROUND 1550 CM^-^1 HAVE BEEN SUBTRACTED
$$SPECTRAL CONTAMINATION DUE TO AN UNKNOWN AROUND 400 CM^-^1
##SAMPLING PROCEDURE=TRANSMISSION
##RESOLUTION=2
##DATA PROCESSING=DIGITIZED BY COBLENTZ SOCIETY (BATCH I) FROM HARD COPY
##XUNITS=1/CM
##YUNITS=TRANSMITTANCE
##XFACTOR=1
##YFACTOR=1
##DELTAX=1
##FIRSTX=3800
##LASTX=403
##FIRSTY=0.8937
##MAXX=3800
##MINX=403
##MAXY=0.9522
##MINY=0.0046
##NPOINTS=3398
##XYDATA=(X++(Y..Y))
3800.000000 0.8937 0.8937 0.8937 0.8937 0.8946
3795.000000 0.8935 0.8945 0.8944 0.8942 0.8941
3790.000000 0.8939 0.8938 0.8937 0.8935 0.8934
3785.000000 0.8932 0.8922 0.8914 0.8913 0.8922
3780.000000 0.8925 0.8912 0.8922 0.8924 0.8926
3775.000000 0.8914 0.8930 0.8931 0.8933 0.8935
3770.000000 0.8937 0.8939 0.8941 0.8942 0.8945
3765.000000 0.8946 0.8948 0.8948 0.8949 0.8949
3760.000000 0.8957 0.8956 0.8951 0.8951 0.8952
3755.000000 0.8952 0.8953 0.8953 0.8954 0.8954
3750.000000 0.8955 0.8955 0.8956 0.8956 0.8957
3745.000000 0.8957 0.8958 0.8958 0.8958 0.8958
3740.000000 0.8958 0.8962 0.8973 0.8973 0.8973
3735.000000 0.8973 0.8966 0.8958 0.8967 0.8974
3730.000000 0.8974 0.8974 0.8974 0.8974 0.8974
3725.000000 0.8974 0.8974 0.8974 0.8974 0.8974
3720.000000 0.8974 0.8959 0.8960 0.8974 0.8974
3715.000000 0.8973 0.8973 0.8973 0.8977 0.8983
3710.000000 0.8978 0.8987 0.8987 0.8987 0.8987
3705.000000 0.8985 0.8985 0.8985 0.8985 0.8985
3700.000000 0.8985 0.8984 0.8984 0.8984 0.8971
3695.000000 0.8968 0.8968 0.8968 0.8968 0.8967
3690.000000 0.8967 0.8966 0.8965 0.8960 0.8948
3685.000000 0.8948 0.8947 0.8945 0.8945 0.8944
3680.000000 0.8943 0.8940 0.8940 0.8940 0.8939
3675.000000 0.8937 0.8937 0.8936 0.8935 0.8934
3670.000000 0.8946 0.8935 0.8932 0.8931 0.8930
3665.000000 0.8929 0.8928 0.8927 0.8925 0.8924
3660.000000 0.8923 0.8922 0.8921 0.8920 0.8919
3655.000000 0.8918 0.8917 0.8916 0.8915 0.8914
3650.000000 0.8913 0.8912 0.8911 0.8910 0.8908
3645.000000 0.8907 0.8906 0.8905 0.8904 0.8902
3640.000000 0.8901 0.8900 0.8899 0.8897 0.8895
3635.000000 0.8894 0.8892 0.8894 0.8905 0.8902
3630.000000 0.8898 0.8884 0.8890 0.8897 0.8896
3625.000000 0.8895 0.8894 0.8892 0.8890 0.8888
3620.000000 0.8887 0.8884 0.8881 0.8878 0.8876
3615.000000 0.8872 0.8869 0.8866 0.8864 0.8861
3610.000000 0.8857 0.8852 0.8839 0.8848 0.8845
3605.000000 0.8840 0.8836 0.8826 0.8816 0.8821
3600.000000 0.8811 0.8797 0.8799 0.8801 0.8797
3595.000000 0.8792 0.8788 0.8785 0.8782 0.8778
3590.000000 0.8774 0.8771 0.8768 0.8765 0.8762
3585.000000 0.8759 0.8755 0.8753 0.8751 0.8751
3580.000000 0.8751 0.8750 0.8750 0.8748 0.8744
3575.000000 0.8738 0.8748 0.8748 0.8744 0.8739
3570.000000 0.8742 0.8745 0.8748 0.8751 0.8754
3565.000000 0.8757 0.8760 0.8764 0.8767 0.8769
3560.000000 0.8772 0.8775 0.8778 0.8781 0.8788
3555.000000 0.8808 0.8800 0.8809 0.8827 0.8834
3550.000000 0.8836 0.8835 0.8852 0.8858 0.8864
3545.000000 0.8862 0.8866 0.8878 0.8882 0.8886
3540.000000 0.8882 0.8890 0.8889 0.8900 0.8908
3535.000000 0.8913 0.8918 0.8922 0.8927 0.8931
3530.000000 0.8936 0.8925 0.8928 0.8930 0.8933
3525.000000 0.8935 0.8938 0.8941 0.8944 0.8946
3520.000000 0.8950 0.8952 0.8955 0.8957 0.8959
3515.000000 0.8959 0.8959 0.8959 0.8959 0.8959
3510.000000 0.8960 0.8960 0.8960 0.8960 0.8960
3505.000000 0.8960 0.8960 0.8960 0.8960 0.8960
3500.000000 0.8960 0.8960 0.8960 0.8960 0.8961
3495.000000 0.8961 0.8961 0.8961 0.8961 0.8960
3490.000000 0.8960 0.8959 0.8958 0.8957 0.8957
3485.000000 0.8955 0.8955 0.8954 0.8954 0.8953
3480.000000 0.8952 0.8951 0.8951 0.8950 0.8950
3475.000000 0.8949 0.8949 0.8948 0.8948 0.8947
3470.000000 0.8945 0.8945 0.8945 0.8944 0.8944
3465.000000 0.8942 0.8942 0.8941 0.8939 0.8937
3460.000000 0.8937 0.8934 0.8934 0.8933 0.8932
3455.000000 0.8931 0.8930 0.8928 0.8927 0.8926
3450.000000 0.8925 0.8924 0.8922 0.8920 0.8919
3445.000000 0.8918 0.8917 0.8916 0.8915 0.8913
3440.000000 0.8912 0.8911 0.8910 0.8908 0.8907
3435.000000 0.8905 0.8904 0.8904 0.8904 0.8903
3430.000000 0.8903 0.8903 0.8903 0.8902 0.8902
3425.000000 0.8890 0.8901 0.8901 0.8901 0.8901
3420.000000 0.8901 0.8900 0.8900 0.8900 0.8900
3415.000000 0.8899 0.8899 0.8899 0.8899 0.8899
3410.000000 0.8899 0.8898 0.8898 0.8905 0.8904
3405.000000 0.8897 0.8897 0.8897 0.8897 0.8897
3400.000000 0.8897 0.8896 0.8896 0.8896 0.8896
3395.000000 0.8894 0.8894 0.8894 0.8894 0.8894
3390.000000 0.8894 0.8893 0.8893 0.8893 0.8893
3385.000000 0.8891 0.8891 0.8891 0.8891 0.8891
3380.000000 0.8891 0.8891 0.8893 0.8893 0.8894
3375.000000 0.8894 0.8895 0.8895 0.8896 0.8896
3370.000000 0.8909 0.8897 0.8897 0.8897 0.8898
3365.000000 0.8898 0.8899 0.8899 0.8899 0.8899
3360.000000 0.8900 0.8900 0.8901 0.8901 0.8902
3355.000000 0.8902 0.8902 0.8902 0.8903 0.8903
3350.000000 0.8904 0.8904 0.8905 0.8905 0.8905
3345.000000 0.8917 0.8921 0.8908 0.8921 0.8908
3340.000000 0.8908 0.8909 0.8923 0.8923 0.8921
3335.000000 0.8908 0.8909 0.8909 0.8909 0.8909
3330.000000 0.8909 0.8909 0.8910 0.8910 0.8910
3325.000000 0.8910 0.8910 0.8910 0.8911 0.8911
3320.000000 0.8911 0.8911 0.8911 0.8911 0.8912
3315.000000 0.8912 0.8912 0.8912 0.8927 0.8927
3310.000000 0.8928 0.8928 0.8926 0.8916 0.8928
3305.000000 0.8928 0.8924 0.8914 0.8914 0.8914
3300.000000 0.8914 0.8914 0.8915 0.8915 0.8915
3295.000000 0.8915 0.8915 0.8915 0.8915 0.8915
3290.000000 0.8915 0.8915 0.8915 0.8915 0.8915
3285.000000 0.8915 0.8916 0.8930 0.8929 0.8916
3280.000000 0.8919 0.8931 0.8927 0.8916 0.8921
3275.000000 0.8931 0.8931 0.8931 0.8931 0.8931
3270.000000 0.8931 0.8931 0.8931 0.8931 0.8931
3265.000000 0.8930 0.8930 0.8928 0.8928 0.8927
3260.000000 0.8927 0.8926 0.8926 0.8925 0.8911
3255.000000 0.8924 0.8924 0.8923 0.8923 0.8923
3250.000000 0.8923 0.8922 0.8922 0.8920 0.8918
3245.000000 0.8908 0.8906 0.8910 0.8908 0.8906
3240.000000 0.8904 0.8901 0.8899 0.8896 0.8893
3235.000000 0.8890 0.8887 0.8884 0.8881 0.8878
3230.000000 0.8874 0.8872 0.8870 0.8866 0.8851
3225.000000 0.8852 0.8863 0.8861 0.8859 0.8856
3220.000000 0.8854 0.8851 0.8851 0.8848 0.8847
3215.000000 0.8844 0.8843 0.8841 0.8840 0.8837
3210.000000 0.8836 0.8834 0.8821 0.8816 0.8815
3205.000000 0.8813 0.8812 0.8811 0.8810 0.8809
3200.000000 0.8810 0.8819 0.8809 0.8816 0.8808
3195.000000 0.8817 0.8816 0.8814 0.8813 0.8812
3190.000000 0.8803 0.8803 0.8809 0.8808 0.8797
3185.000000 0.8790 0.8789 0.8788 0.8787 0.8783
3180.000000 0.8783 0.8780 0.8780 0.8779 0.8778
3175.000000 0.8776 0.8775 0.8773 0.8772 0.8771
3170.000000 0.8770 0.8768 0.8767 0.8764 0.8763
3165.000000 0.8762 0.8768 0.8774 0.8765 0.8765
3160.000000 0.8771 0.8769 0.8758 0.8763 0.8755
3155.000000 0.8751 0.8762 0.8763 0.8762 0.8761
3150.000000 0.8760 0.8758 0.8742 0.8741 0.8740
3145.000000 0.8739 0.8738 0.8737 0.8736 0.8738
3140.000000 0.8747 0.8745 0.8745 0.8744 0.8742
3135.000000 0.8741 0.8740 0.8738 0.8738 0.8734
3130.000000 0.8734 0.8733 0.8732 0.8730 0.8729
3125.000000 0.8727 0.8726 0.8724 0.8722 0.8720
3120.000000 0.8717 0.8715 0.8713 0.8710 0.8707
3115.000000 0.8703 0.8699 0.8694 0.8691 0.8687
3110.000000 0.8682 0.8678 0.8675 0.8679 0.8681
3105.000000 0.8677 0.8674 0.8670 0.8666 0.8661
3100.000000 0.8670 0.8668 0.8664 0.8674 0.8684
3095.000000 0.8695 0.8692 0.8688 0.8682 0.8665
3090.000000 0.8658 0.8638 0.8623 0.8623 0.8623
3085.000000 0.8604 0.8591 0.8587 0.8583 0.8579
3080.000000 0.8575 0.8571 0.8575 0.8586 0.8587
3075.000000 0.8580 0.8585 0.8581 0.8561 0.8552
3070.000000 0.8544 0.8523 0.8531 0.8508 0.8500
3065.000000 0.8493 0.8485 0.8465 0.8458 0.8448
3060.000000 0.8443 0.8440 0.8431 0.8413 0.8395
3055.000000 0.8390 0.8379 0.8362 0.8351 0.8349
3050.000000 0.8342 0.8331 0.8321 0.8310 0.8308
3045.000000 0.8296 0.8296 0.8295 0.8294 0.8294
3040.000000 0.8293 0.8278 0.8265 0.8248 0.8218
3035.000000 0.8192 0.8174 0.8143 0.8115 0.8098
3030.000000 0.8078 0.8053 0.8035 0.8012 0.7990
3025.000000 0.7972 0.7956 0.7936 0.7916 0.7896
3020.000000 0.7874 0.7865 0.7846 0.7824 0.7792
3015.000000 0.7766 0.7742 0.7709 0.7678 0.7645
3010.000000 0.7614 0.7581 0.7547 0.7493 0.7453
3005.000000 0.7415 0.7368 0.7316 0.7262 0.7216
3000.000000 0.7179 0.7133 0.7084 0.7019 0.6958
2995.000000 0.6885 0.6810 0.6696 0.6574 0.6419
2990.000000 0.6265 0.6107 0.5950 0.5794 0.5640
2985.000000 0.5565 0.5490 0.5415 0.5340 0.5162
2980.000000 0.4987 0.4804 0.4611 0.4159 0.3714
2975.000000 0.3399 0.3086 0.2772 0.2457 0.2143
2970.000000 0.1829 0.1517 0.1203 0.1042 0.0881
2965.000000 0.0862 0.0844 0.0827 0.0812 0.0797
2960.000000 0.0783 0.0770 0.0756 0.0730 0.0707
2955.000000 0.0678 0.0650 0.0616 0.0581 0.0519
2950.000000 0.0456 0.0402 0.0349 0.0291 0.0234
2945.000000 0.0192 0.0151 0.0137 0.0125 0.0118
2940.000000 0.0113 0.0107 0.0101 0.0096 0.0046
2935.000000 0.0089 0.0087 0.0086 0.0086 0.0087
2930.000000 0.0088 0.0089 0.0091 0.0095 0.0100
2925.000000 0.0108 0.0115 0.0131 0.0148 0.0172
2920.000000 0.0195 0.0245 0.0294 0.0360 0.0426
2915.000000 0.0497 0.0569 0.0659 0.0751 0.0842
2910.000000 0.0933 0.1006 0.1083 0.1147 0.1208
2905.000000 0.1271 0.1335 0.1414 0.1493 0.1583
2900.000000 0.1674 0.1771 0.1868 0.1981 0.2094
2895.000000 0.2208 0.2322 0.2435 0.2549 0.2662
2890.000000 0.2776 0.2888 0.3002 0.3024 0.3042
2885.000000 0.3042 0.3043 0.3041 0.3038 0.3019
2880.000000 0.3001 0.2946 0.2893 0.2528 0.2172
2875.000000 0.2050 0.1927 0.1908 0.1889 0.1870
2870.000000 0.1852 0.1629 0.1406 0.1102 0.0800
2865.000000 0.0551 0.0303 0.0281 0.0246 0.0258
2860.000000 0.0257 0.0257 0.0258 0.0270 0.0282
2855.000000 0.0307 0.0331 0.0394 0.0458 0.0679
2850.000000 0.0901 0.1223 0.1544 0.1865 0.2190
2845.000000 0.2512 0.2831 0.3151 0.3477 0.3797
2840.000000 0.4118 0.5213 0.6318 0.6373 0.6424
2835.000000 0.6483 0.6546 0.6610 0.6674 0.6732
2830.000000 0.6791 0.6853 0.6899 0.6962 0.7016
2825.000000 0.7053 0.7100 0.7156 0.7189 0.7245
2820.000000 0.7290 0.7330 0.7361 0.7390 0.7422
2815.000000 0.7451 0.7483 0.7514 0.7544 0.7575
2810.000000 0.7604 0.7635 0.7671 0.7699 0.7719
2805.000000 0.7741 0.7761 0.7782 0.7804 0.7824
2800.000000 0.7847 0.7867 0.7888 0.7910 0.7930
2795.000000 0.7949 0.7967 0.7984 0.8000 0.8010
2790.000000 0.8035 0.8044 0.8062 0.8076 0.8091
2785.000000 0.8112 0.8133 0.8141 0.8150 0.8173
2780.000000 0.8193 0.8204 0.8217 0.8227 0.8238
2775.000000 0.8246 0.8257 0.8265 0.8272 0.8277
2770.000000 0.8281 0.8284 0.8287 0.8288 0.8290
2765.000000 0.8291 0.8291 0.8292 0.8295 0.8295
2760.000000 0.8295 0.8295 0.8295 0.8295 0.8295
2755.000000 0.8294 0.8294 0.8294 0.8294 0.8292
2750.000000 0.8292 0.8291 0.8291 0.8291 0.8291
2745.000000 0.8290 0.8290 0.8288 0.8288 0.8288
2740.000000 0.8288 0.8288 0.8291 0.8291 0.8292
2735.000000 0.8294 0.8295 0.8297 0.8298 0.8298
2730.000000 0.8299 0.8304 0.8309 0.8316 0.8324
2725.000000 0.8332 0.8340 0.8344 0.8351 0.8354
2720.000000 0.8358 0.8363 0.8368 0.8371 0.8375
2715.000000 0.8376 0.8377 0.8378 0.8379 0.8379
2710.000000 0.8379 0.8379 0.8379 0.8375 0.8372
2705.000000 0.8367 0.8363 0.8358 0.8355 0.8351
2700.000000 0.8347 0.8343 0.8340 0.8337 0.8333
2695.000000 0.8329 0.8326 0.8322 0.8319 0.8315
2690.000000 0.8311 0.8308 0.8305 0.8302 0.8301
2685.000000 0.8301 0.8301 0.8301 0.8301 0.8301
2680.000000 0.8301 0.8304 0.8306 0.8311 0.8315
2675.000000 0.8320 0.8324 0.8328 0.8332 0.8336
2670.000000 0.8340 0.8344 0.8349 0.8353 0.8357
2665.000000 0.8361 0.8366 0.8370 0.8374 0.8378
2660.000000 0.8383 0.8387 0.8393 0.8409 0.8414
2655.000000 0.8417 0.8421 0.8425 0.8430 0.8431
2650.000000 0.8427 0.8432 0.8444 0.8457 0.8462
2645.000000 0.8460 0.8458 0.8464 0.8481 0.8480
2640.000000 0.8482 0.8487 0.8492 0.8497 0.8504
2635.000000 0.8508 0.8528 0.8533 0.8539 0.8531
2630.000000 0.8538 0.8556 0.8561 0.8566 0.8572
2625.000000 0.8575 0.8581 0.8585 0.8592 0.8596
2620.000000 0.8601 0.8605 0.8609 0.8615 0.8620
2615.000000 0.8624 0.8628 0.8634 0.8638 0.8643
2610.000000 0.8648 0.8653 0.8658 0.8662 0.8667
2605.000000 0.8672 0.8677 0.8680 0.8685 0.8690
2600.000000 0.8694 0.8698 0.8703 0.8707 0.8712
2595.000000 0.8716 0.8720 0.8724 0.8730 0.8733
2590.000000 0.8738 0.8742 0.8746 0.8751 0.8755
2585.000000 0.8759 0.8763 0.8767 0.8772 0.8776
2580.000000 0.8780 0.8784 0.8788 0.8792 0.8796
2575.000000 0.8800 0.8804 0.8808 0.8813 0.8817
2570.000000 0.8821 0.8824 0.8828 0.8833 0.8837
2565.000000 0.8841 0.8845 0.8845 0.8847 0.8848
2560.000000 0.8851 0.8852 0.8853 0.8854 0.8856
2555.000000 0.8857 0.8858 0.8859 0.8859 0.8859
2550.000000 0.8859 0.8859 0.8859 0.8859 0.8859
2545.000000 0.8859 0.8859 0.8859 0.8859 0.8859
2540.000000 0.8859 0.8858 0.8858 0.8858 0.8858
2535.000000 0.8858 0.8858 0.8858 0.8858 0.8859
2530.000000 0.8861 0.8863 0.8866 0.8869 0.8872
2525.000000 0.8874 0.8877 0.8880 0.8883 0.8885
2520.000000 0.8888 0.8890 0.8893 0.8895 0.8897
2515.000000 0.8901 0.8905 0.8907 0.8910 0.8913
2510.000000 0.8916 0.8918 0.8922 0.8925 0.8928
2505.000000 0.8931 0.8934 0.8936 0.8939 0.8943
2500.000000 0.8946 0.8949 0.8952 0.8953 0.8957
2495.000000 0.8959 0.8962 0.8963 0.8965 0.8966
2490.000000 0.8967 0.8968 0.8970 0.8971 0.8973
2485.000000 0.8974 0.8976 0.8977 0.8979 0.8990
2480.000000 0.8996 0.8997 0.9000 0.9000 0.9001
2475.000000 0.9001 0.9001 0.9001 0.9001 0.9001
2470.000000 0.9002 0.9002 0.9002 0.9002 0.9003
2465.000000 0.9003 0.9003 0.9003 0.9003 0.9002
2460.000000 0.9004 0.9004 0.8996 0.8996 0.8996
2455.000000 0.8989 0.8989 0.8999 0.9004 0.9003
2450.000000 0.8992 0.8999 0.9002 0.9001 0.9000
2445.000000 0.8999 0.8999 0.8998 0.8998 0.8997
2440.000000 0.8997 0.8996 0.8996 0.8995 0.8994
2435.000000 0.8993 0.8993 0.8992 0.8991 0.8990
2430.000000 0.8990 0.8989 0.8988 0.8987 0.8987
2425.000000 0.8986 0.8986 0.8985 0.8985 0.8984
2420.000000 0.8983 0.8982 0.8982 0.8981 0.8981
2415.000000 0.8980 0.8979 0.8977 0.8976 0.8975
2410.000000 0.8975 0.8978 0.8984 0.8977 0.8986
2405.000000 0.8985 0.8985 0.8984 0.8982 0.8982
2400.000000 0.8982 0.8981 0.8979 0.8978 0.8977
2395.000000 0.8976 0.8976 0.8974 0.8974 0.8973
2390.000000 0.8971 0.8986 0.8986 0.8985 0.8984
2385.000000 0.8985 0.8998 0.8996 0.8999 0.9007
2380.000000 0.9006 0.9010 0.9017 0.9022 0.9029
2375.000000 0.9027 0.9034 0.9039 0.9037 0.9035
2370.000000 0.9033 0.9020 0.9014 0.9012 0.9011
2365.000000 0.9009 0.9008 0.9005 0.9003 0.9001
2360.000000 0.9015 0.9015 0.9026 0.9026 0.9041
2355.000000 0.9051 0.9050 0.9048 0.9045 0.9037
2350.000000 0.9027 0.9025 0.9032 0.9045 0.9051
2345.000000 0.9049 0.9037 0.9030 0.9029 0.9027
2340.000000 0.9026 0.9011 0.9021 0.9020 0.9005
2335.000000 0.9002 0.9015 0.9013 0.9012 0.9012
2330.000000 0.9024 0.9021 0.9020 0.9022 0.9032
2325.000000 0.9037 0.9044 0.9044 0.9043 0.9042
2320.000000 0.9041 0.9040 0.9039 0.9038 0.9037
2315.000000 0.9035 0.9034 0.9033 0.9032 0.9030
2310.000000 0.9029 0.9028 0.9027 0.9026 0.9024
2305.000000 0.9023 0.9022 0.9021 0.9020 0.9019
2300.000000 0.9019 0.9023 0.9032 0.9032 0.9033
2295.000000 0.9033 0.9034 0.9035 0.9036 0.9036
2290.000000 0.9037 0.9037 0.9027 0.9026 0.9030
2285.000000 0.9033 0.9037 0.9026 0.9028 0.9032
2280.000000 0.9036 0.9037 0.9026 0.9028 0.9028
2275.000000 0.9016 0.9018 0.9021 0.9018 0.9010
2270.000000 0.9012 0.9006 0.9000 0.9002 0.9004
2265.000000 0.8997 0.8991 0.8991 0.8991 0.8980
2260.000000 0.8977 0.8977 0.8966 0.8963 0.8963
2255.000000 0.8963 0.8949 0.8949 0.8950 0.8949
2250.000000 0.8936 0.8936 0.8936 0.8936 0.8937
2245.000000 0.8933 0.8923 0.8923 0.8923 0.8924
2240.000000 0.8925 0.8930 0.8934 0.8938 0.8945
2235.000000 0.8939 0.8939 0.8946 0.8955 0.8963
2230.000000 0.8972 0.8979 0.8988 0.8996 0.9005
2225.000000 0.9013 0.9022 0.9028 0.9033 0.9023
2220.000000 0.9028 0.9031 0.9035 0.9038 0.9042
2215.000000 0.9045 0.9050 0.9053 0.9057 0.9059
2210.000000 0.9064 0.9067 0.9072 0.9074 0.9076
2205.000000 0.9077 0.9078 0.9078 0.9079 0.9080
2200.000000 0.9081 0.9082 0.9083 0.9084 0.9084
2195.000000 0.9073 0.9086 0.9084 0.9073 0.9074
2190.000000 0.9075 0.9075 0.9076 0.9077 0.9079
2185.000000 0.9079 0.9088 0.9086 0.9081 0.9082
2180.000000 0.9083 0.9083 0.9096 0.9099 0.9100
2175.000000 0.9100 0.9101 0.9101 0.9102 0.9103
2170.000000 0.9104 0.9102 0.9090 0.9090 0.9091
2165.000000 0.9091 0.9092 0.9093 0.9094 0.9094
2160.000000 0.9095 0.9095 0.9096 0.9096 0.9096
2155.000000 0.9098 0.9099 0.9099 0.9099 0.9099
2150.000000 0.9101 0.9101 0.9101 0.9101 0.9101
2145.000000 0.9101 0.9101 0.9101 0.9101 0.9101
2140.000000 0.9101 0.9101 0.9101 0.9101 0.9102
2135.000000 0.9102 0.9102 0.9102 0.9102 0.9102
2130.000000 0.9102 0.9102 0.9102 0.9102 0.9102
2125.000000 0.9101 0.9101 0.9099 0.9086 0.9097
2120.000000 0.9099 0.9098 0.9098 0.9095 0.9095
2115.000000 0.9095 0.9095 0.9094 0.9094 0.9093
2110.000000 0.9093 0.9092 0.9092 0.9091 0.9091
2105.000000 0.9090 0.9090 0.9089 0.9089 0.9087
2100.000000 0.9086 0.9085 0.9073 0.9066 0.9077
2095.000000 0.9078 0.9064 0.9074 0.9074 0.9073
2090.000000 0.9072 0.9070 0.9069 0.9067 0.9065
2085.000000 0.9064 0.9063 0.9061 0.9060 0.9058
2080.000000 0.9057 0.9056 0.9055 0.9053 0.9053
2075.000000 0.9049 0.9049 0.9048 0.9047 0.9045
2070.000000 0.9045 0.9044 0.9042 0.9042 0.9041
2065.000000 0.9040 0.9039 0.9038 0.9037 0.9036
2060.000000 0.9034 0.9033 0.9032 0.9035 0.9045
2055.000000 0.9044 0.9043 0.9042 0.9035 0.9031
2050.000000 0.9038 0.9029 0.9021 0.9018 0.9017
2045.000000 0.9016 0.9015 0.9013 0.9012 0.9011
2040.000000 0.9010 0.9008 0.9007 0.9006 0.9005
2035.000000 0.9002 0.9001 0.8999 0.8998 0.8996
2030.000000 0.8995 0.8992 0.8996 0.8998 0.8989
2025.000000 0.8993 0.9000 0.8998 0.8997 0.8995
2020.000000 0.8994 0.8992 0.8991 0.8990 0.8989
2015.000000 0.8987 0.8985 0.8983 0.8982 0.8978
2010.000000 0.8974 0.8967 0.8961 0.8956 0.8951
2005.000000 0.8942 0.8934 0.8918 0.8903 0.8871
2000.000000 0.8839 0.8811 0.8783 0.8753 0.8764
1995.000000 0.8795 0.8823 0.8845 0.8856 0.8868
1990.000000 0.8880 0.8892 0.8897 0.8898 0.8887
1985.000000 0.8886 0.8887 0.8888 0.8889 0.8889
1980.000000 0.8888 0.8884 0.8870 0.8869 0.8868
1975.000000 0.8866 0.8863 0.8863 0.8862 0.8860
1970.000000 0.8860 0.8859 0.8856 0.8856 0.8861
1965.000000 0.8857 0.8850 0.8858 0.8860 0.8859
1960.000000 0.8857 0.8855 0.8853 0.8850 0.8848
1955.000000 0.8846 0.8828 0.8826 0.8823 0.8821
1950.000000 0.8815 0.8800 0.8798 0.8795 0.8793
1945.000000 0.8788 0.8785 0.8781 0.8777 0.8773
1940.000000 0.8767 0.8763 0.8758 0.8754 0.8748
1935.000000 0.8743 0.8740 0.8735 0.8730 0.8725
1930.000000 0.8721 0.8716 0.8710 0.8706 0.8701
1925.000000 0.8697 0.8690 0.8687 0.8682 0.8678
1920.000000 0.8672 0.8667 0.8662 0.8657 0.8651
1915.000000 0.8645 0.8640 0.8635 0.8629 0.8624
1910.000000 0.8615 0.8604 0.8594 0.8593 0.8586
1905.000000 0.8575 0.8565 0.8553 0.8543 0.8532
1900.000000 0.8521 0.8510 0.8499 0.8487 0.8476
1895.000000 0.8466 0.8455 0.8442 0.8431 0.8415
1890.000000 0.8394 0.8381 0.8369 0.8357 0.8347
1885.000000 0.8336 0.8333 0.8326 0.8312 0.8298
1880.000000 0.8284 0.8270 0.8255 0.8243 0.8228
1875.000000 0.8227 0.8214 0.8192 0.8169 0.8146
1870.000000 0.8121 0.8099 0.8076 0.8053 0.8030
1865.000000 0.8006 0.7981 0.7953 0.7927 0.7900
1860.000000 0.7873 0.7846 0.7813 0.7787 0.7750
1855.000000 0.7711 0.7676 0.7642 0.7606 0.7574
1850.000000 0.7534 0.7493 0.7452 0.7412 0.7372
1845.000000 0.7331 0.7290 0.7233 0.7167 0.7100
1840.000000 0.7031 0.6951 0.6861 0.6774 0.6686
1835.000000 0.6600 0.6520 0.6441 0.6315 0.6187
1830.000000 0.6046 0.5879 0.5680 0.5441 0.5115
1825.000000 0.4706 0.4358 0.3973 0.3567 0.3293
1820.000000 0.3113 0.2938 0.2777 0.2616 0.2412
1815.000000 0.2152 0.1821 0.1491 0.1161 0.0830
1810.000000 0.0428 0.0346 0.0325 0.0312 0.0305
1805.000000 0.0296 0.0297 0.0299 0.0311 0.0332
1800.000000 0.0360 0.0389 0.0424 0.0472 0.0521
1795.000000 0.0577 0.0743 0.0936 0.1162 0.1287
1790.000000 0.1547 0.1944 0.2342 0.2739 0.3136
1785.000000 0.3533 0.3931 0.4328 0.4686 0.5272
1780.000000 0.5504 0.5799 0.5987 0.6128 0.6261
1775.000000 0.6336 0.6416 0.6496 0.6576 0.6649
1770.000000 0.6721 0.6793 0.6859 0.6926 0.6987
1765.000000 0.7033 0.7081 0.7128 0.7177 0.7226
1760.000000 0.7275 0.7323 0.7373 0.7415 0.7453
1755.000000 0.7492 0.7529 0.7563 0.7589 0.7605
1750.000000 0.7627 0.7613 0.7614 0.7602 0.7550
1745.000000 0.7497 0.7470 0.7456 0.7449 0.7434
1740.000000 0.7442 0.7450 0.7505 0.7575 0.7640
1735.000000 0.7702 0.7757 0.7810 0.7861 0.7912
1730.000000 0.7964 0.8026 0.8051 0.8078 0.8068
1725.000000 0.8069 0.8070 0.8055 0.8000 0.7895
1720.000000 0.7790 0.7689 0.7588 0.7462 0.7335
1715.000000 0.7219 0.7109 0.7106 0.7102 0.7103
1710.000000 0.7113 0.7204 0.7379 0.7520 0.7655
1705.000000 0.7787 0.7913 0.8039 0.8131 0.8209
1700.000000 0.8285 0.8365 0.8447 0.8526 0.8566
1695.000000 0.8606 0.8648 0.8676 0.8703 0.8729
1690.000000 0.8754 0.8769 0.8783 0.8794 0.8805
1685.000000 0.8818 0.8830 0.8842 0.8851 0.8859
1680.000000 0.8868 0.8875 0.8884 0.8893 0.8901
1675.000000 0.8910 0.8917 0.8929 0.8941 0.8942
1670.000000 0.8942 0.8945 0.8947 0.8948 0.8948
1665.000000 0.8949 0.8949 0.8950 0.8951 0.8951
1660.000000 0.8964 0.8953 0.8952 0.8965 0.8963
1655.000000 0.8960 0.8959 0.8955 0.8943 0.8954
1650.000000 0.8953 0.8951 0.8949 0.8946 0.8950
1645.000000 0.8957 0.8953 0.8948 0.8951 0.8954
1640.000000 0.8951 0.8947 0.8954 0.8955 0.8964
1635.000000 0.8964 0.8961 0.8971 0.8970 0.8982
1630.000000 0.8980 0.8989 0.8981 0.8986 0.8976
1625.000000 0.8962 0.8976 0.8982 0.8996 0.8994
1620.000000 0.8984 0.8989 0.8986 0.8983 0.8994
1615.000000 0.9007 0.9015 0.9012 0.9012 0.9020
1610.000000 0.9005 0.9006 0.8995 0.8970 0.8973
1605.000000 0.8946 0.8957 0.8922 0.8906 0.8868
1600.000000 0.8897 0.8914 0.8941 0.8959 0.8918
1595.000000 0.8854 0.8794 0.8742 0.8724 0.8716
1590.000000 0.8663 0.8635 0.8605 0.8562 0.8529
1585.000000 0.8503 0.8504 0.8527 0.8508 0.8509
1580.000000 0.8501 0.8501 0.8482 0.8473 0.8448
1575.000000 0.8441 0.8447 0.8441 0.8425 0.8442
1570.000000 0.8342 0.8268 0.8219 0.8199 0.8187
1565.000000 0.8208 0.8237 0.8250 0.8222 0.8193
1560.000000 0.8171 0.8158 0.8102 0.7990 0.7976
1555.000000 0.8038 0.8098 0.8161 0.8269 0.8350
1550.000000 0.8392 0.8385 0.8407 0.8432 0.8514
1545.000000 0.8587 0.8657 0.8712 0.8745 0.8749
1540.000000 0.8752 0.8735 0.8719 0.8652 0.8634
1535.000000 0.8644 0.8621 0.8600 0.8594 0.8588
1530.000000 0.8591 0.8612 0.8609 0.8605 0.8611
1525.000000 0.8623 0.8649 0.8661 0.8684 0.8688
1520.000000 0.8707 0.8727 0.8732 0.8751 0.8777
1515.000000 0.8793 0.8818 0.8835 0.8860 0.8855
1510.000000 0.8857 0.8859 0.8853 0.8846 0.8838
1505.000000 0.8821 0.8812 0.8800 0.8781 0.8766
1500.000000 0.8751 0.8734 0.8692 0.8661 0.8630
1495.000000 0.8608 0.8572 0.8549 0.8526 0.8500
1490.000000 0.8469 0.8438 0.8423 0.8375 0.8354
1485.000000 0.8335 0.8317 0.8313 0.8319 0.8296
1480.000000 0.8243 0.8169 0.8070 0.7949 0.7848
1475.000000 0.7583 0.6960 0.6507 0.5232 0.3956
1470.000000 0.2856 0.2830 0.2863 0.3001 0.3160
1465.000000 0.3294 0.3396 0.3502 0.3608 0.3708
1460.000000 0.3799 0.3844 0.3901 0.3978 0.4148
1455.000000 0.4336 0.4528 0.4774 0.5025 0.5235
1450.000000 0.5493 0.5881 0.5972 0.6025 0.6077
1445.000000 0.6166 0.6277 0.6394 0.6515 0.6631
1440.000000 0.6733 0.6859 0.7027 0.7166 0.7252
1435.000000 0.7336 0.7416 0.7461 0.7500 0.7555
1430.000000 0.7598 0.7627 0.7650 0.7675 0.7705
1425.000000 0.7724 0.7734 0.7739 0.7740 0.7757
1420.000000 0.7736 0.7723 0.7701 0.7678 0.7617
1415.000000 0.7552 0.7458 0.7363 0.7247 0.7130
1410.000000 0.7006 0.6840 0.6304 0.5815 0.5799
1405.000000 0.5882 0.6112 0.6253 0.6514 0.6847
1400.000000 0.7179 0.7511 0.7851 0.8010 0.8066
1395.000000 0.8125 0.8179 0.8193 0.8214 0.8213
1390.000000 0.8215 0.8223 0.8197 0.8195 0.8175
1385.000000 0.8135 0.8047 0.7878 0.7695 0.7371
1380.000000 0.6835 0.6826 0.6887 0.7342 0.7411
1375.000000 0.7407 0.7411 0.7421 0.7434 0.7457
1370.000000 0.7489 0.7521 0.7568 0.7618 0.7664
1365.000000 0.7688 0.7707 0.7718 0.7725 0.7730
1360.000000 0.7728 0.7717 0.7699 0.7678 0.7651
1355.000000 0.7651 0.7651 0.7659 0.7669 0.7678
1350.000000 0.7685 0.7692 0.7698 0.7685 0.7668
1345.000000 0.7653 0.7636 0.7626 0.7613 0.7608
1340.000000 0.7621 0.7722 0.7821 0.7911 0.7975
1335.000000 0.8032 0.8079 0.8113 0.8147 0.8155
1330.000000 0.8174 0.8156 0.8151 0.8143 0.8134
1325.000000 0.8116 0.8106 0.8084 0.8055 0.8035
1320.000000 0.8017 0.7998 0.7975 0.7959 0.7941
1315.000000 0.7919 0.7896 0.7877 0.7858 0.7838
1310.000000 0.7822 0.7805 0.7789 0.7772 0.7766
1305.000000 0.7788 0.7750 0.7750 0.7771 0.7794
1300.000000 0.7817 0.7839 0.7864 0.7885 0.7910
1295.000000 0.7934 0.7948 0.7961 0.7977 0.7985
1290.000000 0.7991 0.8005 0.8021 0.8038 0.8054
1285.000000 0.8070 0.8086 0.8100 0.8117 0.8133
1280.000000 0.8148 0.8172 0.8198 0.8223 0.8257
1275.000000 0.8276 0.8297 0.8316 0.8336 0.8356
1270.000000 0.8375 0.8392 0.8409 0.8430 0.8442
1265.000000 0.8442 0.8448 0.8456 0.8457 0.8464
1260.000000 0.8472 0.8480 0.8490 0.8499 0.8511
1255.000000 0.8522 0.8534 0.8532 0.8540 0.8550
1250.000000 0.8562 0.8572 0.8582 0.8591 0.8601
1245.000000 0.8608 0.8605 0.8614 0.8622 0.8632
1240.000000 0.8640 0.8653 0.8672 0.8679 0.8686
1235.000000 0.8694 0.8699 0.8713 0.8722 0.8728
1230.000000 0.8732 0.8738 0.8741 0.8743 0.8745
1225.000000 0.8747 0.8748 0.8748 0.8746 0.8743
1220.000000 0.8771 0.8738 0.8733 0.8725 0.8718
1215.000000 0.8710 0.8701 0.8694 0.8690 0.8680
1210.000000 0.8668 0.8655 0.8643 0.8631 0.8616
1205.000000 0.8601 0.8586 0.8570 0.8555 0.8541
1200.000000 0.8529 0.8520 0.8497 0.8488 0.8482
1195.000000 0.8476 0.8471 0.8482 0.8478 0.8474
1190.000000 0.8471 0.8471 0.8470 0.8470 0.8468
1185.000000 0.8467 0.8467 0.8459 0.8442 0.8434
1180.000000 0.8442 0.8448 0.8454 0.8459 0.8459
1175.000000 0.8458 0.8457 0.8455 0.8455 0.8455
1170.000000 0.8455 0.8454 0.8454 0.8468 0.8467
1165.000000 0.8467 0.8468 0.8468 0.8469 0.8472
1160.000000 0.8476 0.8479 0.8483 0.8483 0.8479
1155.000000 0.8476 0.8473 0.8472 0.8468 0.8456
1150.000000 0.8456 0.8459 0.8445 0.8431 0.8408
1145.000000 0.8387 0.8362 0.8319 0.8298 0.8269
1140.000000 0.8234 0.8168 0.8078 0.7973 0.7841
1135.000000 0.7720 0.7597 0.7483 0.7427 0.7382
1130.000000 0.7360 0.7301 0.7320 0.7314 0.7309
1125.000000 0.7337 0.7418 0.7496 0.7584 0.7666
1120.000000 0.7745 0.7812 0.7873 0.7933 0.8007
1115.000000 0.8070 0.8130 0.8194 0.8254 0.8314
1110.000000 0.8360 0.8393 0.8416 0.8451 0.8418
1105.000000 0.8418 0.8417 0.8415 0.8402 0.8381
1100.000000 0.8363 0.8328 0.8289 0.8254 0.8233
1095.000000 0.8239 0.8243 0.8250 0.8253 0.8255
1090.000000 0.8257 0.8259 0.8262 0.8264 0.8264
1085.000000 0.8264 0.8262 0.8260 0.8255 0.8241
1080.000000 0.8239 0.8231 0.8216 0.8206 0.8193
1075.000000 0.8187 0.8183 0.8184 0.8186 0.8182
1070.000000 0.8177 0.8172 0.8164 0.8158 0.8150
1065.000000 0.8145 0.8138 0.8131 0.8137 0.8116
1060.000000 0.8092 0.8037 0.8004 0.7956 0.7907
1055.000000 0.7873 0.7835 0.7802 0.7765 0.7718
1050.000000 0.7677 0.7626 0.7577 0.7526 0.7474
1045.000000 0.7421 0.7367 0.7308 0.7257 0.7231
1040.000000 0.7206 0.7179 0.7169 0.7160 0.7151
1035.000000 0.7142 0.7133 0.7124 0.7113 0.7102
1030.000000 0.7079 0.7068 0.7053 0.7040 0.7024
1025.000000 0.6999 0.6981 0.6965 0.6947 0.6928
1020.000000 0.6911 0.6893 0.6874 0.6856 0.6839
1015.000000 0.6821 0.6795 0.6768 0.6742 0.6715
1010.000000 0.6688 0.6647 0.6596 0.6554 0.6513
1005.000000 0.6465 0.6397 0.6340 0.6285 0.6240
1000.000000 0.6196 0.6154 0.6122 0.6084 0.6056
995.000000 0.6045 0.6038 0.6036 0.6045 0.6055
990.000000 0.6061 0.6066 0.6072 0.6079 0.6085
985.000000 0.6092 0.6101 0.6107 0.6116 0.6124
980.000000 0.6125 0.6126 0.6127 0.6129 0.6131
975.000000 0.6134 0.6102 0.6052 0.5977 0.5918
970.000000 0.5851 0.5782 0.5712 0.5647 0.5583
965.000000 0.5520 0.5455 0.5378 0.5301 0.5213
960.000000 0.5098 0.4982 0.4888 0.4810 0.4824
955.000000 0.4814 0.4810 0.4809 0.4858 0.4926
950.000000 0.5002 0.5087 0.5172 0.5280 0.5379
945.000000 0.5464 0.5550 0.5637 0.5712 0.5744
940.000000 0.5761 0.5778 0.5795 0.5811 0.5823
935.000000 0.5836 0.5856 0.5877 0.5912 0.5955
930.000000 0.5999 0.6073 0.6151 0.6227 0.6301
925.000000 0.6374 0.6448 0.6516 0.6565 0.6614
920.000000 0.6664 0.6715 0.6772 0.6809 0.6858
915.000000 0.6899 0.6941 0.6983 0.7030 0.7080
910.000000 0.7124 0.7170 0.7221 0.7269 0.7308
905.000000 0.7356 0.7399 0.7438 0.7480 0.7515
900.000000 0.7558 0.7594 0.7634 0.7676 0.7720
895.000000 0.7763 0.7806 0.7837 0.7880 0.7970
890.000000 0.7979 0.8016 0.8061 0.8085 0.8109
885.000000 0.8129 0.8161 0.8174 0.8176 0.8190
880.000000 0.8200 0.8202 0.8203 0.8206 0.8207
875.000000 0.8208 0.8208 0.8207 0.8206 0.8207
870.000000 0.8204 0.8204 0.8203 0.8215 0.8212
865.000000 0.8223 0.8246 0.8276 0.8294 0.8325
860.000000 0.8367 0.8406 0.8437 0.8477 0.8527
855.000000 0.8606 0.8716 0.8826 0.8936 0.9190
850.000000 0.9321 0.9412 0.9475 0.9522 0.9503
845.000000 0.9478 0.9440 0.9408 0.9342 0.9276
840.000000 0.9228 0.9194 0.9143 0.9107 0.9062
835.000000 0.9032 0.9006 0.8973 0.8952 0.8931
830.000000 0.8914 0.8901 0.8877 0.8862 0.8845
825.000000 0.8831 0.8825 0.8823 0.8821 0.8807
820.000000 0.8802 0.8798 0.8810 0.8826 0.8856
815.000000 0.8875 0.8890 0.8908 0.8941 0.8969
810.000000 0.8980 0.9002 0.9004 0.8998 0.9033
805.000000 0.9023 0.9025 0.9027 0.9020 0.9006
800.000000 0.8994 0.8981 0.8968 0.8954 0.8942
795.000000 0.8923 0.8892 0.8868 0.8848 0.8841
790.000000 0.8810 0.8788 0.8768 0.8748 0.8728
785.000000 0.8707 0.8685 0.8649 0.8617 0.8589
780.000000 0.8553 0.8526 0.8497 0.8462 0.8437
775.000000 0.8410 0.8386 0.8346 0.8309 0.8278
770.000000 0.8247 0.8207 0.8170 0.8137 0.8103
765.000000 0.8057 0.8021 0.7985 0.7951 0.7907
760.000000 0.7863 0.7819 0.7774 0.7729 0.7679
755.000000 0.7631 0.7584 0.7546 0.7494 0.7422
750.000000 0.7349 0.7276 0.7195 0.7100 0.7005
745.000000 0.6904 0.6800 0.6691 0.6564 0.6436
740.000000 0.6290 0.6140 0.5982 0.5817 0.5654
735.000000 0.5491 0.5206 0.5035 0.4865 0.4695
730.000000 0.4532 0.4380 0.4329 0.4288 0.4257
725.000000 0.4213 0.4237 0.4255 0.4304 0.4447
720.000000 0.4623 0.4792 0.4960 0.5160 0.5314
715.000000 0.5460 0.5644 0.5885 0.6123 0.6360
710.000000 0.6597 0.6833 0.7071 0.7308 0.7545
705.000000 0.7781 0.8021 0.8270 0.8390 0.8455
700.000000 0.8490 0.8519 0.8504 0.8493 0.8475
695.000000 0.8449 0.8393 0.8239 0.8019 0.7913
690.000000 0.7785 0.7492 0.7163 0.6829 0.6493
685.000000 0.6157 0.5820 0.5573 0.5580 0.5578
680.000000 0.5598 0.5965 0.6463 0.6954 0.7458
675.000000 0.7949 0.8246 0.8366 0.8504 0.8644
670.000000 0.8769 0.8949 0.9086 0.9035 0.8979
665.000000 0.8994 0.9022 0.9038 0.9054 0.9073
660.000000 0.9089 0.9063 0.9047 0.9068 0.9105
655.000000 0.9127 0.9150 0.9178 0.9193 0.9221
650.000000 0.9238 0.9262 0.9285 0.9305 0.9316
645.000000 0.9336 0.9354 0.9364 0.9385 0.9393
640.000000 0.9392 0.9402 0.9402 0.9404 0.9422
635.000000 0.9433 0.9421 0.9426 0.9420 0.9408
630.000000 0.9411 0.9416 0.9406 0.9405 0.9415
625.000000 0.9391 0.9388 0.9370 0.9366 0.9354
620.000000 0.9340 0.9321 0.9303 0.9270 0.9208
615.000000 0.9156 0.9086 0.9007 0.8938 0.8861
610.000000 0.8780 0.8694 0.8603 0.8501 0.8401
605.000000 0.8296 0.8187 0.8048 0.7888 0.7614
600.000000 0.7440 0.7399 0.7410 0.7406 0.7406
595.000000 0.7442 0.7474 0.7506 0.7536 0.7571
590.000000 0.7581 0.7579 0.7575 0.7566 0.7586
585.000000 0.7559 0.7553 0.7557 0.7561 0.7561
580.000000 0.7562 0.7528 0.7467 0.7328 0.7210
575.000000 0.7036 0.6886 0.6749 0.6753 0.6727
570.000000 0.6723 0.6725 0.6771 0.7026 0.7207
565.000000 0.7408 0.7652 0.7802 0.7926 0.8150
560.000000 0.8349 0.8472 0.8555 0.8627 0.8694
555.000000 0.8739 0.8786 0.8821 0.8840 0.8876
550.000000 0.8910 0.8940 0.8970 0.9013 0.9054
545.000000 0.9070 0.9082 0.9094 0.9106 0.9117
540.000000 0.9127 0.9139 0.9163 0.9175 0.9196
535.000000 0.9198 0.9194 0.9207 0.9210 0.9234
530.000000 0.9215 0.9216 0.9215 0.9213 0.9219
525.000000 0.9221 0.9215 0.9204 0.9193 0.9180
520.000000 0.9166 0.9143 0.9121 0.9098 0.9073
515.000000 0.9048 0.9025 0.9000 0.8976 0.8950
510.000000 0.8927 0.8902 0.8878 0.8854 0.8830
505.000000 0.8807 0.8799 0.8790 0.8782 0.8779
500.000000 0.8776 0.8772 0.8769 0.8765 0.8760
495.000000 0.8755 0.8751 0.8746 0.8740 0.8736
490.000000 0.8730 0.8726 0.8722 0.8716 0.8711
485.000000 0.8707 0.8702 0.8693 0.8673 0.8648
480.000000 0.8623 0.8597 0.8571 0.8546 0.8520
475.000000 0.8489 0.8443 0.8399 0.8354 0.8296
470.000000 0.8236 0.8175 0.8114 0.8039 0.7965
465.000000 0.7890 0.7819 0.7757 0.7695 0.7634
460.000000 0.7572 0.7505 0.7434 0.7362 0.7291
455.000000 0.7189 0.7071 0.6934 0.6809 0.6699
450.000000 0.6589 0.6428 0.6280 0.6152 0.6017
445.000000 0.5852 0.5680 0.5473 0.5337 0.5208
440.000000 0.5100 0.4988 0.4960 0.4958 0.4957
435.000000 0.4957 0.4958 0.4960 0.4950 0.4934
430.000000 0.4912 0.4891 0.4859 0.4826 0.4788
425.000000 0.4750 0.4718 0.4686 0.4656 0.4625
420.000000 0.4603 0.4591 0.4582 0.4574 0.4572
415.000000 0.4570 0.4570 0.4570 0.4576 0.4596
410.000000 0.4615 0.4660 0.4891 0.5470 0.5846
405.000000 0.5968 0.6085 0.6174
##END=
