##TITLE=3Beta,17Beta-DIACETOXY-5Alpha-ANDROSTAN-16-YLIDENACETIC ACID
##JCAMP-DX=4.24
##DATA TYPE=INFRARED SPECTRUM
##CLASS=COBLENTZ
##ORIGIN=ABBOTT LABORATORIES
##OWNER=Copyright (C) 1987 by the Coblentz Society
Collection (C) 2018 copyright by the U.S. Secretary of Commerce
on behalf of the United States of America. All rights reserved.
##DATE=1964/06/17
##NAMES=(2E)-[3,17-bis(acetyloxy)androstan-16-ylidene]ethanoic acid
##CAS REGISTRY NO=18039-58-2
##MOLFORM=C25 H36 O6
##MP=214-215 C
##SOURCE REFERENCE=COBLENTZ NO. 5249
##$NIST SOURCE=COBLENTZ
##$NIST IMAGE=cob5249
##SPECTROMETER/DATA SYSTEM=PERKIN-ELMER 421 (GRATING)
$$ INACTIVE (CHCl3) AROUND 650-800 AND 1200-1250 CM^-^
##INSTRUMENT PARAMETERS=GRATING CHANGE AT 1999 CM^-^
##STATE=SOLUTION 7% (CHCl3 FOR 2.5-12.5 microns)
##PATH LENGTH=0.01 CM
##RESOLUTION=2
##XUNITS=1/CM
##YUNITS=TRANSMITTANCE
##XFACTOR=1.0
##YFACTOR=1
##FIRSTX=679
##LASTX=3900
##FIRSTY=0.9789
##MAXX=3900
##MINX=679
##MAXY=0.9806
##MINY=0.0627
##NPOINTS=3222
##XYDATA=(X++(Y..Y))
679.000000 0.9789 0.9793 0.9798 0.9801 0.9803
684.000000 0.9806 0.9805 0.9804 0.9803 0.9801
689.000000 0.9798 0.9794 0.9791 0.9788 0.9783
694.000000 0.9778 0.9774 0.9769 0.9765 0.9758
699.000000 0.9749 0.9739 0.9732 0.9724 0.9716
704.000000 0.9708 0.9700 0.9693 0.9685 0.9677
709.000000 0.9669 0.9661 0.9654 0.9646 0.9637
714.000000 0.9628 0.9619 0.9609 0.9600 0.9591
719.000000 0.9582 0.9573 0.9564 0.9556 0.9547
724.000000 0.9538 0.9529 0.9521 0.9516 0.9511
729.000000 0.9507 0.9502 0.9497 0.9492 0.9487
734.000000 0.9482 0.9478 0.9473 0.9470 0.9471
739.000000 0.9471 0.9472 0.9472 0.9472 0.9473
744.000000 0.9473 0.9474 0.9475 0.9476 0.9478
749.000000 0.9479 0.9480 0.9482 0.9483 0.9485
754.000000 0.9486 0.9488 0.9489 0.9491 0.9492
759.000000 0.9494 0.9495 0.9497 0.9499 0.9501
764.000000 0.9503 0.9505 0.9507 0.9509 0.9511
769.000000 0.9514 0.9517 0.9520 0.9523 0.9526
774.000000 0.9528 0.9531 0.9534 0.9537 0.9540
779.000000 0.9543 0.9548 0.9555 0.9561 0.9568
784.000000 0.9575 0.9582 0.9588 0.9583 0.9591
789.000000 0.9585 0.9579 0.9572 0.9566 0.9553
794.000000 0.9534 0.9508 0.9479 0.9448 0.9416
799.000000 0.9383 0.9348 0.9306 0.9265 0.9223
804.000000 0.9183 0.9150 0.9117 0.9084 0.9051
809.000000 0.9018 0.8966 0.8914 0.8863 0.8830
814.000000 0.8797 0.8764 0.8731 0.8683 0.8636
819.000000 0.8588 0.8539 0.8491 0.8451 0.8423
824.000000 0.8394 0.8365 0.8336 0.8307 0.8279
829.000000 0.8265 0.8267 0.8273 0.8283 0.8293
834.000000 0.8304 0.8316 0.8327 0.8335 0.8341
839.000000 0.8338 0.8330 0.8295 0.8257 0.8226
844.000000 0.8194 0.8162 0.8130 0.8097 0.8064
849.000000 0.8030 0.7997 0.7963 0.7929 0.7895
854.000000 0.7861 0.7824 0.7779 0.7734 0.7689
859.000000 0.7588 0.7352 0.7184 0.7003 0.6852
864.000000 0.6759 0.6708 0.6657 0.6617 0.6579
869.000000 0.6567 0.6581 0.6574 0.6582 0.6590
874.000000 0.6629 0.6743 0.6819 0.6869 0.6929
879.000000 0.7001 0.7083 0.7241 0.7323 0.7368
884.000000 0.7402 0.7405 0.7400 0.7392 0.7371
889.000000 0.7352 0.7336 0.7338 0.7357 0.7389
894.000000 0.7429 0.7481 0.7526 0.7543 0.7556
899.000000 0.7565 0.7527 0.7499 0.7465 0.7427
904.000000 0.7389 0.7348 0.7297 0.7257 0.7240
909.000000 0.7225 0.7204 0.7225 0.7233 0.7240
914.000000 0.7253 0.7289 0.7346 0.7408 0.7458
919.000000 0.7494 0.7532 0.7545 0.7556 0.7546
924.000000 0.7537 0.7521 0.7499 0.7455 0.7410
929.000000 0.7363 0.7353 0.7343 0.7339 0.7335
934.000000 0.7331 0.7327 0.7322 0.7316 0.7310
939.000000 0.7303 0.7290 0.7266 0.7239 0.7210
944.000000 0.7181 0.7146 0.7096 0.7046 0.6998
949.000000 0.6951 0.6924 0.6919 0.6914 0.6913
954.000000 0.6914 0.6923 0.6915 0.6916 0.6924
959.000000 0.6935 0.6953 0.7002 0.7074 0.7155
964.000000 0.7207 0.7228 0.7272 0.7241 0.7241
969.000000 0.7231 0.7218 0.7190 0.7157 0.7124
974.000000 0.7095 0.7072 0.7048 0.7016 0.6984
979.000000 0.6917 0.6830 0.6737 0.6686 0.6675
984.000000 0.6664 0.6655 0.6653 0.6651 0.6649
989.000000 0.6648 0.6647 0.6646 0.6641 0.6632
994.000000 0.6612 0.6584 0.6545 0.6489 0.6414
999.000000 0.6251 0.6164 0.6084 0.6005 0.5928
1004.000000 0.5854 0.5785 0.5736 0.5691 0.5640
1009.000000 0.5515 0.5308 0.5100 0.4893 0.4685
1014.000000 0.4478 0.4270 0.4063 0.3856 0.3648
1019.000000 0.3441 0.3233 0.3063 0.3051 0.3064
1024.000000 0.3088 0.3153 0.3218 0.3284 0.3349
1029.000000 0.3410 0.3393 0.3374 0.3341 0.3308
1034.000000 0.3275 0.3242 0.3209 0.3205 0.3179
1039.000000 0.3472 0.3674 0.3875 0.4077 0.4279
1044.000000 0.4481 0.4929 0.4935 0.4940 0.4937
1049.000000 0.4866 0.4813 0.4774 0.4734 0.4694
1054.000000 0.4620 0.4579 0.4544 0.4535 0.4531
1059.000000 0.4645 0.4855 0.5064 0.5273 0.5507
1064.000000 0.5677 0.5782 0.5919 0.6054 0.6143
1069.000000 0.6228 0.6306 0.6384 0.6468 0.6558
1074.000000 0.6648 0.6730 0.6810 0.6884 0.6927
1079.000000 0.6969 0.7002 0.7019 0.7026 0.7033
1084.000000 0.7037 0.7038 0.7040 0.7042 0.7045
1089.000000 0.7048 0.7052 0.7057 0.7078 0.7104
1094.000000 0.7138 0.7176 0.7212 0.7241 0.7271
1099.000000 0.7288 0.7294 0.7301 0.7305 0.7303
1104.000000 0.7327 0.7298 0.7296 0.7288 0.7277
1109.000000 0.7262 0.7217 0.7093 0.7011 0.6947
1114.000000 0.6881 0.6797 0.6709 0.6620 0.6531
1119.000000 0.6443 0.6354 0.6266 0.6177 0.6089
1124.000000 0.6000 0.5911 0.5823 0.5690 0.5717
1129.000000 0.5804 0.6028 0.6252 0.6476 0.6556
1134.000000 0.6574 0.6591 0.6591 0.6575 0.6568
1139.000000 0.6533 0.6493 0.6436 0.6349 0.6250
1144.000000 0.6119 0.5975 0.5853 0.5747 0.5670
1149.000000 0.5601 0.5545 0.5499 0.5500 0.5503
1154.000000 0.5505 0.5492 0.5513 0.5524 0.5566
1159.000000 0.5685 0.5847 0.6007 0.6161 0.6285
1164.000000 0.6433 0.6579 0.6651 0.6724 0.6726
1169.000000 0.6721 0.6718 0.6711 0.6704 0.6685
1174.000000 0.6664 0.6624 0.6544 0.6423 0.6305
1179.000000 0.6162 0.5979 0.5744 0.5509 0.5275
1184.000000 0.5040 0.4805 0.4571 0.4336 0.4101
1189.000000 0.3867 0.3632 0.3397 0.3163 0.2928
1194.000000 0.2693 0.2459 0.2224 0.1989 0.1755
1199.000000 0.1520 0.1285 0.1051 0.0853 0.0813
1204.000000 0.0772 0.0740 0.0715 0.0696 0.0689
1209.000000 0.0686 0.0682 0.0678 0.0674 0.0670
1214.000000 0.0666 0.0664 0.0662 0.0660 0.0658
1219.000000 0.0656 0.0654 0.0652 0.0650 0.0647
1224.000000 0.0644 0.0641 0.0639 0.0636 0.0633
1229.000000 0.0630 0.0627 0.0627 0.0629 0.0631
1234.000000 0.0633 0.0636 0.0639 0.0648 0.0657
1239.000000 0.0665 0.0662 0.0683 0.0700 0.0717
1244.000000 0.0734 0.0753 0.0774 0.0795 0.0816
1249.000000 0.0837 0.0860 0.0888 0.0916 0.0944
1254.000000 0.0973 0.1010 0.1048 0.1080 0.1103
1259.000000 0.1127 0.1150 0.1174 0.1235 0.1588
1264.000000 0.1820 0.2051 0.2283 0.2515 0.2747
1269.000000 0.2979 0.3211 0.3443 0.3675 0.3907
1274.000000 0.4139 0.4315 0.4726 0.4885 0.5029
1279.000000 0.5191 0.5295 0.5355 0.5405 0.5429
1284.000000 0.5447 0.5443 0.5430 0.5366 0.5301
1289.000000 0.5237 0.5172 0.5108 0.5043 0.4978
1294.000000 0.4975 0.4974 0.4990 0.5071 0.5250
1299.000000 0.5429 0.5608 0.5787 0.5966 0.6106
1304.000000 0.6147 0.6166 0.6170 0.6169 0.6181
1309.000000 0.6155 0.6122 0.6060 0.6005 0.5950
1314.000000 0.5888 0.5825 0.5765 0.5700 0.5699
1319.000000 0.5697 0.5722 0.5709 0.5724 0.5748
1324.000000 0.5781 0.5816 0.5873 0.5932 0.5997
1329.000000 0.6076 0.6181 0.6323 0.6399 0.6474
1334.000000 0.6539 0.6602 0.6650 0.6683 0.6699
1339.000000 0.6715 0.6723 0.6733 0.6695 0.6671
1344.000000 0.6641 0.6608 0.6575 0.6537 0.6495
1349.000000 0.6295 0.6079 0.5862 0.5646 0.5430
1354.000000 0.5214 0.4998 0.4781 0.4565 0.4349
1359.000000 0.4133 0.3917 0.3700 0.3484 0.3268
1364.000000 0.3188 0.3180 0.3177 0.3189 0.3204
1369.000000 0.3337 0.3363 0.3376 0.3388 0.3401
1374.000000 0.3415 0.3428 0.3448 0.3508 0.3610
1379.000000 0.3809 0.4007 0.4206 0.4405 0.4604
1384.000000 0.4802 0.4955 0.4995 0.5035 0.5076
1389.000000 0.5396 0.5728 0.6061 0.6208 0.6246
1394.000000 0.6251 0.6267 0.6230 0.6194 0.6117
1399.000000 0.6024 0.5930 0.5837 0.5743 0.5650
1404.000000 0.5556 0.5463 0.5369 0.5276 0.5182
1409.000000 0.5089 0.4995 0.4902 0.4808 0.4716
1414.000000 0.4662 0.4622 0.4598 0.4595 0.4609
1419.000000 0.4603 0.4656 0.4741 0.4825 0.4909
1424.000000 0.4993 0.5078 0.5162 0.5246 0.5301
1429.000000 0.5334 0.5368 0.5397 0.5413 0.5429
1434.000000 0.5445 0.5455 0.5465 0.5474 0.5483
1439.000000 0.5491 0.5499 0.5507 0.5514 0.5519
1444.000000 0.5521 0.5523 0.5525 0.5528 0.5530
1449.000000 0.5551 0.5924 0.6297 0.6670 0.6919
1454.000000 0.6963 0.6970 0.6976 0.6983 0.6988
1459.000000 0.6995 0.7009 0.7034 0.7074 0.7106
1464.000000 0.7349 0.7455 0.7524 0.7596 0.7672
1469.000000 0.7756 0.7842 0.7946 0.8032 0.8097
1474.000000 0.8171 0.8243 0.8264 0.8284 0.8322
1479.000000 0.8568 0.8586 0.8605 0.8623 0.8642
1484.000000 0.8667 0.8692 0.8717 0.8737 0.8758
1489.000000 0.8778 0.8798 0.8815 0.8832 0.8848
1494.000000 0.8861 0.8873 0.8885 0.8898 0.8910
1499.000000 0.8922 0.8934 0.8947 0.8959 0.8971
1504.000000 0.8983 0.8995 0.9001 0.9007 0.9014
1509.000000 0.9020 0.9023 0.9030 0.9030 0.9030
1514.000000 0.9031 0.9029 0.9026 0.9023 0.9020
1519.000000 0.9017 0.9011 0.9005 0.8999 0.8993
1524.000000 0.8984 0.8974 0.8964 0.8954 0.8943
1529.000000 0.8931 0.8919 0.8908 0.8896 0.8880
1534.000000 0.8862 0.8843 0.8825 0.8814 0.8803
1539.000000 0.8797 0.8797 0.8797 0.8826 0.8834
1544.000000 0.8815 0.8788 0.8755 0.8733 0.8711
1549.000000 0.8700 0.8700 0.8700 0.8700 0.8700
1554.000000 0.8700 0.8700 0.8700 0.8700 0.8699
1559.000000 0.8696 0.8693 0.8690 0.8688 0.8682
1564.000000 0.8674 0.8667 0.8648 0.8618 0.8587
1569.000000 0.8556 0.8529 0.8502 0.8475 0.8450
1574.000000 0.8425 0.8400 0.8376 0.8351 0.8326
1579.000000 0.8302 0.8283 0.8265 0.8246 0.8228
1584.000000 0.8209 0.8191 0.8172 0.8154 0.8136
1589.000000 0.8118 0.8100 0.8082 0.8064 0.8047
1594.000000 0.8030 0.8013 0.7995 0.7957 0.7870
1599.000000 0.7792 0.7730 0.7667 0.7605 0.7541
1604.000000 0.7477 0.7413 0.7351 0.7291 0.7232
1609.000000 0.7172 0.7113 0.7051 0.6989 0.6928
1614.000000 0.6868 0.6809 0.6766 0.6739 0.6712
1619.000000 0.6686 0.6663 0.6639 0.6601 0.6515
1624.000000 0.6235 0.6039 0.5843 0.5647 0.5451
1629.000000 0.5255 0.5059 0.4863 0.4667 0.4471
1634.000000 0.4275 0.4079 0.3883 0.3621 0.3204
1639.000000 0.3014 0.2885 0.2827 0.2768 0.2715
1644.000000 0.2672 0.2628 0.2609 0.2602 0.2604
1649.000000 0.2606 0.2611 0.2598 0.2621 0.2634
1654.000000 0.2650 0.2735 0.2841 0.2921 0.3000
1659.000000 0.3078 0.3211 0.3308 0.3359 0.3376
1664.000000 0.3385 0.3380 0.3365 0.3230 0.3052
1669.000000 0.2874 0.2696 0.2518 0.2340 0.2162
1674.000000 0.1984 0.1903 0.1814 0.1730 0.1522
1679.000000 0.1441 0.1418 0.1402 0.1402 0.1403
1684.000000 0.1409 0.1409 0.1414 0.1419 0.1443
1689.000000 0.1468 0.1509 0.1567 0.1796 0.1980
1694.000000 0.1987 0.1989 0.1987 0.1980 0.1972
1699.000000 0.1952 0.1813 0.1754 0.1626 0.1370
1704.000000 0.1260 0.1184 0.1123 0.1063 0.1021
1709.000000 0.0979 0.0951 0.0938 0.0924 0.0910
1714.000000 0.0897 0.0884 0.0880 0.0877 0.0873
1719.000000 0.0869 0.0867 0.0867 0.0864 0.0868
1724.000000 0.0891 0.0925 0.0969 0.1019 0.1072
1729.000000 0.1129 0.1186 0.1244 0.1304 0.1386
1734.000000 0.1481 0.1656 0.1812 0.2003 0.2207
1739.000000 0.2427 0.2706 0.3003 0.3303 0.3602
1744.000000 0.3901 0.4201 0.4500 0.4800 0.5099
1749.000000 0.5399 0.5698 0.5921 0.6092 0.6614
1754.000000 0.6797 0.6927 0.7018 0.7086 0.7154
1759.000000 0.7223 0.7294 0.7374 0.7454 0.7532
1764.000000 0.7608 0.7685 0.7734 0.7769 0.7805
1769.000000 0.7830 0.7848 0.7865 0.7883 0.7902
1774.000000 0.7924 0.7946 0.7967 0.7989 0.8010
1779.000000 0.8029 0.8048 0.8067 0.8086 0.8105
1784.000000 0.8125 0.8144 0.8164 0.8184 0.8204
1789.000000 0.8224 0.8243 0.8263 0.8284 0.8304
1794.000000 0.8324 0.8335 0.8344 0.8352 0.8361
1799.000000 0.8370 0.8378 0.8387 0.8396 0.8406
1804.000000 0.8415 0.8425 0.8434 0.8444 0.8460
1809.000000 0.8485 0.8510 0.8538 0.8566 0.8590
1814.000000 0.8603 0.8616 0.8629 0.8639 0.8646
1819.000000 0.8654 0.8661 0.8667 0.8672 0.8677
1824.000000 0.8682 0.8685 0.8687 0.8689 0.8691
1829.000000 0.8693 0.8696 0.8700 0.8703 0.8707
1834.000000 0.8711 0.8714 0.8718 0.8722 0.8725
1839.000000 0.8739 0.8754 0.8769 0.8785 0.8798
1844.000000 0.8809 0.8821 0.8833 0.8842 0.8847
1849.000000 0.8852 0.8857 0.8862 0.8867 0.8870
1854.000000 0.8872 0.8874 0.8876 0.8879 0.8881
1859.000000 0.8883 0.8885 0.8888 0.8891 0.8893
1864.000000 0.8896 0.8899 0.8901 0.8904 0.8906
1869.000000 0.8909 0.8912 0.8914 0.8917 0.8919
1874.000000 0.8919 0.8920 0.8920 0.8921 0.8921
1879.000000 0.8922 0.8922 0.8923 0.8923 0.8925
1884.000000 0.8926 0.8927 0.8928 0.8929 0.8930
1889.000000 0.8931 0.8932 0.8933 0.8935 0.8934
1894.000000 0.8933 0.8932 0.8931 0.8930 0.8929
1899.000000 0.8928 0.8927 0.8926 0.8925 0.8923
1904.000000 0.8922 0.8921 0.8921 0.8920 0.8919
1909.000000 0.8918 0.8917 0.8916 0.8916 0.8917
1914.000000 0.8918 0.8920 0.8923 0.8927 0.8931
1919.000000 0.8934 0.8938 0.8941 0.8945 0.8949
1924.000000 0.8952 0.8956 0.8958 0.8962 0.8968
1929.000000 0.8974 0.8978 0.8980 0.8982 0.8984
1934.000000 0.8984 0.8983 0.8983 0.8982 0.8981
1939.000000 0.8983 0.8987 0.8991 0.8994 0.8998
1944.000000 0.9000 0.9002 0.9003 0.9005 0.9006
1949.000000 0.9005 0.9003 0.9000 0.8998 0.8996
1954.000000 0.8994 0.8992 0.8990 0.8989 0.8989
1959.000000 0.8988 0.8988 0.8987 0.8986 0.8986
1964.000000 0.8985 0.8985 0.8984 0.8984 0.8983
1969.000000 0.8982 0.8981 0.8981 0.8981 0.8981
1974.000000 0.8981 0.8981 0.8981 0.8981 0.8982
1979.000000 0.8982 0.8983 0.8984 0.8984 0.8985
1984.000000 0.8986 0.8987 0.8987 0.8988 0.8989
1989.000000 0.8990 0.8990 0.8991 0.8992 0.8993
1994.000000 0.9003 0.9024 0.9066 0.9107 0.9137
1999.000000 0.9168 0.9196 0.9211 0.9209 0.9207
2004.000000 0.9205 0.9205 0.9205 0.9205 0.9205
2009.000000 0.9207 0.9211 0.9215 0.9219 0.9225
2014.000000 0.9231 0.9237 0.9243 0.9245 0.9245
2019.000000 0.9244 0.9239 0.9233 0.9227 0.9222
2024.000000 0.9217 0.9218 0.9219 0.9219 0.9220
2029.000000 0.9220 0.9221 0.9221 0.9225 0.9230
2034.000000 0.9236 0.9241 0.9243 0.9243 0.9243
2039.000000 0.9243 0.9244 0.9244 0.9241 0.9236
2044.000000 0.9230 0.9227 0.9230 0.9232 0.9233
2049.000000 0.9231 0.9230 0.9228 0.9227 0.9226
2054.000000 0.9225 0.9225 0.9224 0.9223 0.9222
2059.000000 0.9222 0.9221 0.9221 0.9222 0.9222
2064.000000 0.9223 0.9223 0.9223 0.9224 0.9224
2069.000000 0.9225 0.9225 0.9225 0.9224 0.9223
2074.000000 0.9222 0.9222 0.9221 0.9220 0.9219
2079.000000 0.9219 0.9222 0.9225 0.9228 0.9231
2084.000000 0.9234 0.9237 0.9239 0.9242 0.9245
2089.000000 0.9248 0.9240 0.9232 0.9222 0.9213
2094.000000 0.9203 0.9193 0.9185 0.9182 0.9180
2099.000000 0.9178 0.9175 0.9176 0.9178 0.9179
2104.000000 0.9181 0.9182 0.9184 0.9185 0.9187
2109.000000 0.9188 0.9190 0.9191 0.9193 0.9190
2114.000000 0.9191 0.9189 0.9187 0.9185 0.9183
2119.000000 0.9181 0.9178 0.9175 0.9171 0.9168
2124.000000 0.9165 0.9161 0.9156 0.9151 0.9146
2129.000000 0.9141 0.9136 0.9130 0.9126 0.9123
2134.000000 0.9119 0.9116 0.9112 0.9109 0.9105
2139.000000 0.9105 0.9106 0.9106 0.9107 0.9107
2144.000000 0.9108 0.9109 0.9109 0.9110 0.9110
2149.000000 0.9111 0.9111 0.9112 0.9112 0.9113
2154.000000 0.9114 0.9116 0.9118 0.9120 0.9122
2159.000000 0.9124 0.9126 0.9128 0.9130 0.9132
2164.000000 0.9131 0.9130 0.9130 0.9129 0.9129
2169.000000 0.9128 0.9128 0.9127 0.9127 0.9126
2174.000000 0.9126 0.9126 0.9126 0.9127 0.9127
2179.000000 0.9128 0.9128 0.9129 0.9129 0.9130
2184.000000 0.9131 0.9132 0.9133 0.9134 0.9136
2189.000000 0.9137 0.9139 0.9141 0.9143 0.9146
2194.000000 0.9148 0.9151 0.9153 0.9155 0.9158
2199.000000 0.9161 0.9164 0.9167 0.9168 0.9169
2204.000000 0.9170 0.9172 0.9173 0.9174 0.9173
2209.000000 0.9171 0.9170 0.9168 0.9167 0.9165
2214.000000 0.9163 0.9162 0.9160 0.9158 0.9156
2219.000000 0.9153 0.9146 0.9139 0.9132 0.9124
2224.000000 0.9116 0.9109 0.9102 0.9095 0.9089
2229.000000 0.9082 0.9075 0.9070 0.9067 0.9063
2234.000000 0.9060 0.9057 0.9054 0.9051 0.9047
2239.000000 0.9044 0.9042 0.9039 0.9037 0.9034
2244.000000 0.9032 0.9030 0.9029 0.9028 0.9026
2249.000000 0.9025 0.9024 0.9023 0.9022 0.9021
2254.000000 0.9019 0.9018 0.9017 0.9016 0.9015
2259.000000 0.9014 0.9013 0.9012 0.9011 0.9010
2264.000000 0.9010 0.9009 0.9008 0.9007 0.9006
2269.000000 0.9006 0.9005 0.9004 0.9003 0.9002
2274.000000 0.9002 0.9001 0.9001 0.9002 0.9002
2279.000000 0.9002 0.9003 0.9003 0.9003 0.9004
2284.000000 0.9004 0.9004 0.9004 0.9005 0.9005
2289.000000 0.9005 0.9006 0.9006 0.9006 0.9007
2294.000000 0.9007 0.9008 0.9008 0.9008 0.9009
2299.000000 0.9009 0.9010 0.9010 0.9010 0.9011
2304.000000 0.9011 0.9012 0.9012 0.9013 0.9013
2309.000000 0.9013 0.9014 0.9014 0.9015 0.9015
2314.000000 0.9015 0.9014 0.9014 0.9014 0.9014
2319.000000 0.9013 0.9013 0.9013 0.9013 0.9012
2324.000000 0.9012 0.9012 0.9012 0.9011 0.9011
2329.000000 0.9011 0.9010 0.9010 0.9010 0.9009
2334.000000 0.9008 0.9008 0.9007 0.9006 0.9005
2339.000000 0.9004 0.9003 0.9003 0.9002 0.9001
2344.000000 0.9000 0.8999 0.8998 0.8997 0.8997
2349.000000 0.8996 0.8995 0.8994 0.8993 0.8992
2354.000000 0.8992 0.8991 0.8990 0.8989 0.8988
2359.000000 0.8988 0.8988 0.8989 0.8990 0.8990
2364.000000 0.8991 0.8991 0.8992 0.8993 0.8993
2369.000000 0.8994 0.8995 0.8995 0.8996 0.8997
2374.000000 0.8997 0.8998 0.8999 0.8999 0.9000
2379.000000 0.9002 0.9004 0.9007 0.9009 0.9012
2384.000000 0.9014 0.9016 0.9018 0.9020 0.9021
2389.000000 0.9023 0.9025 0.9021 0.8994 0.8975
2394.000000 0.8960 0.8942 0.8919 0.8898 0.8879
2399.000000 0.8859 0.8839 0.8798 0.8756 0.8716
2404.000000 0.8700 0.8684 0.8667 0.8650 0.8632
2409.000000 0.8620 0.8610 0.8600 0.8591 0.8586
2414.000000 0.8581 0.8575 0.8570 0.8564 0.8557
2419.000000 0.8550 0.8543 0.8528 0.8505 0.8483
2424.000000 0.8460 0.8436 0.8412 0.8389 0.8367
2429.000000 0.8346 0.8324 0.8302 0.8281 0.8259
2434.000000 0.8243 0.8227 0.8212 0.8196 0.8181
2439.000000 0.8165 0.8150 0.8134 0.8119 0.8104
2444.000000 0.8096 0.8088 0.8080 0.8072 0.8064
2449.000000 0.8056 0.8048 0.8040 0.8034 0.8028
2454.000000 0.8022 0.8016 0.8010 0.8004 0.7998
2459.000000 0.7992 0.7987 0.7982 0.7977 0.7972
2464.000000 0.7967 0.7962 0.7957 0.7951 0.7945
2469.000000 0.7938 0.7931 0.7924 0.7917 0.7911
2474.000000 0.7904 0.7897 0.7890 0.7883 0.7878
2479.000000 0.7873 0.7868 0.7863 0.7858 0.7853
2484.000000 0.7849 0.7844 0.7839 0.7835 0.7831
2489.000000 0.7827 0.7825 0.7822 0.7819 0.7817
2494.000000 0.7814 0.7810 0.7800 0.7789 0.7778
2499.000000 0.7767 0.7753 0.7738 0.7723 0.7709
2504.000000 0.7694 0.7680 0.7665 0.7651 0.7635
2509.000000 0.7619 0.7603 0.7587 0.7570 0.7554
2514.000000 0.7538 0.7522 0.7505 0.7489 0.7473
2519.000000 0.7457 0.7441 0.7426 0.7410 0.7395
2524.000000 0.7379 0.7364 0.7349 0.7333 0.7319
2529.000000 0.7305 0.7291 0.7278 0.7264 0.7250
2534.000000 0.7237 0.7223 0.7216 0.7211 0.7206
2539.000000 0.7201 0.7196 0.7191 0.7186 0.7181
2544.000000 0.7176 0.7170 0.7165 0.7160 0.7155
2549.000000 0.7157 0.7159 0.7152 0.7162 0.7164
2554.000000 0.7166 0.7168 0.7169 0.7171 0.7173
2559.000000 0.7175 0.7176 0.7179 0.7186 0.7193
2564.000000 0.7200 0.7206 0.7213 0.7220 0.7227
2569.000000 0.7233 0.7241 0.7249 0.7257 0.7265
2574.000000 0.7272 0.7280 0.7288 0.7295 0.7300
2579.000000 0.7304 0.7308 0.7312 0.7316 0.7318
2584.000000 0.7320 0.7322 0.7323 0.7325 0.7327
2589.000000 0.7329 0.7330 0.7337 0.7354 0.7358
2594.000000 0.7361 0.7364 0.7395 0.7363 0.7358
2599.000000 0.7348 0.7337 0.7327 0.7316 0.7305
2604.000000 0.7291 0.7278 0.7264 0.7250 0.7237
2609.000000 0.7223 0.7209 0.7194 0.7178 0.7162
2614.000000 0.7145 0.7129 0.7112 0.7098 0.7085
2619.000000 0.7072 0.7059 0.7045 0.7032 0.7019
2624.000000 0.7006 0.6991 0.6977 0.6963 0.6949
2629.000000 0.6934 0.6932 0.6930 0.6928 0.6899
2634.000000 0.6924 0.6922 0.6920 0.6918 0.6916
2639.000000 0.6914 0.6916 0.6917 0.6919 0.6920
2644.000000 0.6925 0.6933 0.6941 0.6950 0.6958
2649.000000 0.6966 0.6976 0.6986 0.6996 0.7006
2654.000000 0.7016 0.7026 0.7032 0.7038 0.7043
2659.000000 0.7048 0.7054 0.7059 0.7065 0.7071
2664.000000 0.7077 0.7106 0.7090 0.7091 0.7090
2669.000000 0.7088 0.7087 0.7086 0.7084 0.7083
2674.000000 0.7081 0.7080 0.7079 0.7077 0.7076
2679.000000 0.7075 0.7073 0.7072 0.7071 0.7069
2684.000000 0.7068 0.7067 0.7066 0.7064 0.7063
2689.000000 0.7062 0.7061 0.7059 0.7058 0.7057
2694.000000 0.7055 0.7051 0.7047 0.7043 0.7039
2699.000000 0.7036 0.7032 0.7028 0.7024 0.7020
2704.000000 0.7016 0.7012 0.7008 0.7004 0.6998
2709.000000 0.6992 0.6986 0.6981 0.6975 0.6969
2714.000000 0.6963 0.6957 0.6951 0.6945 0.6939
2719.000000 0.6935 0.6935 0.6935 0.6935 0.6936
2724.000000 0.6936 0.6936 0.6936 0.6936 0.6936
2729.000000 0.6938 0.6941 0.6944 0.6947 0.6950
2734.000000 0.6953 0.6956 0.6959 0.6963 0.6966
2739.000000 0.6970 0.6974 0.6977 0.6981 0.6985
2744.000000 0.6989 0.6995 0.7000 0.7006 0.7011
2749.000000 0.7017 0.7022 0.7028 0.7033 0.7038
2754.000000 0.7042 0.7044 0.7045 0.7047 0.7049
2759.000000 0.7051 0.7050 0.7048 0.7042 0.7035
2764.000000 0.7029 0.7022 0.7015 0.7008 0.7001
2769.000000 0.6991 0.6980 0.6968 0.6957 0.6946
2774.000000 0.6934 0.6922 0.6907 0.6893 0.6878
2779.000000 0.6863 0.6848 0.6834 0.6819 0.6804
2784.000000 0.6789 0.6772 0.6753 0.6733 0.6714
2789.000000 0.6694 0.6675 0.6656 0.6635 0.6611
2794.000000 0.6586 0.6562 0.6537 0.6513 0.6488
2799.000000 0.6464 0.6439 0.6415 0.6390 0.6367
2804.000000 0.6344 0.6322 0.6300 0.6278 0.6255
2809.000000 0.6230 0.6199 0.6167 0.6136 0.6104
2814.000000 0.6070 0.6021 0.5972 0.5923 0.5875
2819.000000 0.5826 0.5778 0.5730 0.5682 0.5631
2824.000000 0.5577 0.5522 0.5467 0.5407 0.5325
2829.000000 0.5243 0.5151 0.5050 0.4949 0.4837
2834.000000 0.4708 0.4578 0.4491 0.4406 0.4321
2839.000000 0.4229 0.4075 0.3884 0.3533 0.3414
2844.000000 0.3354 0.3293 0.3234 0.3189 0.3144
2849.000000 0.3117 0.3104 0.3102 0.3104 0.3069
2854.000000 0.3161 0.3205 0.3325 0.3464 0.3533
2859.000000 0.3602 0.3705 0.3854 0.3938 0.4000
2864.000000 0.4060 0.4107 0.4154 0.4184 0.4206
2869.000000 0.4229 0.4247 0.4261 0.4275 0.4290
2874.000000 0.4300 0.4303 0.4301 0.4330 0.4270
2879.000000 0.4253 0.4235 0.4210 0.4180 0.4161
2884.000000 0.4141 0.4119 0.4089 0.4058 0.4013
2889.000000 0.3963 0.3881 0.3825 0.3769 0.3714
2894.000000 0.3658 0.3598 0.3537 0.3477 0.3416
2899.000000 0.3348 0.3272 0.3195 0.3119 0.3050
2904.000000 0.2986 0.2921 0.2857 0.2791 0.2722
2909.000000 0.2654 0.2586 0.2524 0.2461 0.2400
2914.000000 0.2351 0.2303 0.2254 0.2210 0.2172
2919.000000 0.2133 0.2095 0.2074 0.2061 0.2048
2924.000000 0.2035 0.2022 0.2008 0.1995 0.1982
2929.000000 0.1976 0.1973 0.1969 0.1966 0.1967
2934.000000 0.1970 0.1937 0.1976 0.1983 0.1994
2939.000000 0.2006 0.2018 0.2032 0.2045 0.2062
2944.000000 0.2084 0.2107 0.2391 0.2549 0.2651
2949.000000 0.2743 0.2834 0.2933 0.3041 0.3171
2954.000000 0.3281 0.3358 0.3424 0.3472 0.3520
2959.000000 0.3551 0.3574 0.3596 0.3607 0.3608
2964.000000 0.3610 0.3611 0.3612 0.3614 0.3619
2969.000000 0.3625 0.3632 0.3643 0.3653 0.3678
2974.000000 0.3713 0.3756 0.3804 0.3858 0.3910
2979.000000 0.3951 0.3992 0.4034 0.4085 0.4136
2984.000000 0.4188 0.4245 0.4303 0.4361 0.4423
2989.000000 0.4485 0.4541 0.4585 0.4629 0.4671
2994.000000 0.4712 0.4735 0.4742 0.4744 0.4745
2999.000000 0.4748 0.4750 0.4752 0.4755 0.4757
3004.000000 0.4759 0.4764 0.4769 0.4775 0.4785
3009.000000 0.4799 0.4813 0.4821 0.4829 0.4835
3014.000000 0.4837 0.4838 0.4840 0.4842 0.4844
3019.000000 0.4845 0.4854 0.4864 0.4874 0.4885
3024.000000 0.4897 0.4908 0.4932 0.4963 0.5025
3029.000000 0.5077 0.5118 0.5159 0.5201 0.5242
3034.000000 0.5273 0.5304 0.5335 0.5367 0.5398
3039.000000 0.5429 0.5458 0.5486 0.5514 0.5542
3044.000000 0.5575 0.5606 0.5637 0.5668 0.5702
3049.000000 0.5722 0.5731 0.5740 0.5749 0.5759
3054.000000 0.5767 0.5775 0.5783 0.5789 0.5796
3059.000000 0.5802 0.5809 0.5815 0.5821 0.5828
3064.000000 0.5833 0.5839 0.5845 0.5851 0.5857
3069.000000 0.5862 0.5868 0.5873 0.5878 0.5884
3074.000000 0.5889 0.5894 0.5899 0.5904 0.5909
3079.000000 0.5914 0.5919 0.5925 0.5932 0.5939
3084.000000 0.5945 0.5952 0.5959 0.5965 0.5972
3089.000000 0.5978 0.5985 0.5992 0.5999 0.6006
3094.000000 0.6013 0.6020 0.6027 0.6035 0.6042
3099.000000 0.6049 0.6056 0.6063 0.6070 0.6077
3104.000000 0.6084 0.6090 0.6096 0.6103 0.6109
3109.000000 0.6115 0.6122 0.6128 0.6134 0.6141
3114.000000 0.6147 0.6153 0.6160 0.6167 0.6173
3119.000000 0.6180 0.6186 0.6193 0.6199 0.6206
3124.000000 0.6213 0.6219 0.6226 0.6232 0.6239
3129.000000 0.6249 0.6259 0.6268 0.6278 0.6288
3134.000000 0.6297 0.6307 0.6316 0.6326 0.6336
3139.000000 0.6345 0.6355 0.6365 0.6374 0.6384
3144.000000 0.6396 0.6408 0.6419 0.6431 0.6443
3149.000000 0.6455 0.6467 0.6478 0.6490 0.6502
3154.000000 0.6514 0.6526 0.6537 0.6549 0.6560
3159.000000 0.6571 0.6583 0.6594 0.6606 0.6617
3164.000000 0.6628 0.6640 0.6651 0.6663 0.6674
3169.000000 0.6685 0.6697 0.6708 0.6719 0.6731
3174.000000 0.6742 0.6753 0.6764 0.6776 0.6787
3179.000000 0.6798 0.6810 0.6821 0.6832 0.6844
3184.000000 0.6855 0.6867 0.6880 0.6892 0.6905
3189.000000 0.6917 0.6930 0.6942 0.6955 0.6967
3194.000000 0.6980 0.6992 0.7005 0.7017 0.7029
3199.000000 0.7039 0.7050 0.7060 0.7071 0.7081
3204.000000 0.7092 0.7102 0.7113 0.7124 0.7134
3209.000000 0.7145 0.7155 0.7166 0.7176 0.7187
3214.000000 0.7197 0.7207 0.7217 0.7227 0.7237
3219.000000 0.7247 0.7257 0.7268 0.7278 0.7288
3224.000000 0.7298 0.7308 0.7318 0.7328 0.7338
3229.000000 0.7348 0.7357 0.7366 0.7375 0.7384
3234.000000 0.7393 0.7402 0.7411 0.7420 0.7429
3239.000000 0.7438 0.7447 0.7456 0.7465 0.7473
3244.000000 0.7482 0.7491 0.7499 0.7507 0.7515
3249.000000 0.7523 0.7531 0.7539 0.7547 0.7555
3254.000000 0.7563 0.7571 0.7579 0.7587 0.7595
3259.000000 0.7603 0.7611 0.7618 0.7626 0.7634
3264.000000 0.7642 0.7650 0.7658 0.7666 0.7674
3269.000000 0.7681 0.7689 0.7697 0.7705 0.7713
3274.000000 0.7721 0.7729 0.7737 0.7744 0.7752
3279.000000 0.7760 0.7768 0.7776 0.7784 0.7792
3284.000000 0.7800 0.7808 0.7816 0.7824 0.7831
3289.000000 0.7841 0.7852 0.7863 0.7874 0.7885
3294.000000 0.7896 0.7908 0.7919 0.7926 0.7933
3299.000000 0.7940 0.7946 0.7953 0.7960 0.7967
3304.000000 0.7974 0.7981 0.7988 0.7995 0.8002
3309.000000 0.8009 0.8015 0.8021 0.8026 0.8032
3314.000000 0.8038 0.8044 0.8049 0.8055 0.8061
3319.000000 0.8068 0.8074 0.8081 0.8087 0.8094
3324.000000 0.8100 0.8107 0.8113 0.8120 0.8126
3329.000000 0.8133 0.8139 0.8146 0.8152 0.8159
3334.000000 0.8165 0.8172 0.8178 0.8185 0.8191
3339.000000 0.8198 0.8204 0.8211 0.8217 0.8224
3344.000000 0.8231 0.8237 0.8244 0.8250 0.8257
3349.000000 0.8263 0.8269 0.8274 0.8278 0.8283
3354.000000 0.8288 0.8293 0.8298 0.8303 0.8308
3359.000000 0.8312 0.8316 0.8321 0.8325 0.8329
3364.000000 0.8334 0.8338 0.8343 0.8347 0.8351
3369.000000 0.8356 0.8360 0.8365 0.8369 0.8374
3374.000000 0.8378 0.8383 0.8387 0.8392 0.8395
3379.000000 0.8397 0.8399 0.8401 0.8403 0.8405
3384.000000 0.8399 0.8393 0.8388 0.8383 0.8379
3389.000000 0.8374 0.8371 0.8370 0.8370 0.8370
3394.000000 0.8370 0.8369 0.8369 0.8369 0.8369
3399.000000 0.8368 0.8369 0.8373 0.8377 0.8381
3404.000000 0.8385 0.8390 0.8394 0.8400 0.8407
3409.000000 0.8413 0.8419 0.8426 0.8431 0.8434
3414.000000 0.8437 0.8440 0.8441 0.8442 0.8443
3419.000000 0.8444 0.8445 0.8447 0.8449 0.8450
3424.000000 0.8452 0.8454 0.8456 0.8458 0.8459
3429.000000 0.8461 0.8466 0.8467 0.8470 0.8473
3434.000000 0.8476 0.8479 0.8482 0.8486 0.8489
3439.000000 0.8492 0.8495 0.8498 0.8501 0.8504
3444.000000 0.8506 0.8509 0.8511 0.8513 0.8516
3449.000000 0.8518 0.8520 0.8523 0.8524 0.8525
3454.000000 0.8526 0.8527 0.8527 0.8528 0.8529
3459.000000 0.8529 0.8530 0.8531 0.8531 0.8532
3464.000000 0.8533 0.8533 0.8533 0.8534 0.8534
3469.000000 0.8535 0.8535 0.8535 0.8536 0.8536
3474.000000 0.8536 0.8534 0.8531 0.8528 0.8526
3479.000000 0.8523 0.8520 0.8508 0.8494 0.8479
3484.000000 0.8465 0.8455 0.8444 0.8434 0.8423
3489.000000 0.8415 0.8408 0.8401 0.8393 0.8386
3494.000000 0.8379 0.8372 0.8365 0.8358 0.8350
3499.000000 0.8342 0.8333 0.8325 0.8316 0.8308
3504.000000 0.8302 0.8298 0.8294 0.8291 0.8287
3509.000000 0.8283 0.8280 0.8281 0.8282 0.8283
3514.000000 0.8312 0.8285 0.8286 0.8288 0.8296
3519.000000 0.8305 0.8314 0.8322 0.8331 0.8341
3524.000000 0.8351 0.8361 0.8372 0.8382 0.8392
3529.000000 0.8402 0.8419 0.8440 0.8458 0.8476
3534.000000 0.8494 0.8513 0.8532 0.8551 0.8595
3539.000000 0.8624 0.8655 0.8674 0.8688 0.8696
3544.000000 0.8699 0.8702 0.8705 0.8709 0.8714
3549.000000 0.8719 0.8724 0.8738 0.8749 0.8751
3554.000000 0.8754 0.8757 0.8758 0.8758 0.8757
3559.000000 0.8757 0.8756 0.8756 0.8757 0.8798
3564.000000 0.8760 0.8761 0.8762 0.8763 0.8765
3569.000000 0.8766 0.8767 0.8769 0.8770 0.8771
3574.000000 0.8772 0.8773 0.8774 0.8774 0.8782
3579.000000 0.8790 0.8806 0.8822 0.8847 0.8874
3584.000000 0.8891 0.8898 0.8898 0.8899 0.8899
3589.000000 0.8899 0.8899 0.8899 0.8900 0.8901
3594.000000 0.8901 0.8902 0.8903 0.8903 0.8905
3599.000000 0.8906 0.8907 0.8909 0.8910 0.8912
3604.000000 0.8916 0.8920 0.8923 0.8927 0.8931
3609.000000 0.8934 0.8938 0.8943 0.8948 0.8954
3614.000000 0.8959 0.8965 0.8972 0.8981 0.8990
3619.000000 0.8999 0.9005 0.9007 0.9009 0.9011
3624.000000 0.9013 0.9014 0.9015 0.9015 0.9015
3629.000000 0.9011 0.9006 0.9001 0.8996 0.8991
3634.000000 0.8986 0.8981 0.8970 0.8960 0.8949
3639.000000 0.8936 0.8921 0.8906 0.8892 0.8885
3644.000000 0.8877 0.8869 0.8865 0.8864 0.8864
3649.000000 0.8863 0.8863 0.8862 0.8863 0.8864
3654.000000 0.8865 0.8866 0.8867 0.8868 0.8869
3659.000000 0.8872 0.8878 0.8883 0.8889 0.8895
3664.000000 0.8901 0.8907 0.8913 0.8919 0.8925
3669.000000 0.8932 0.8941 0.8951 0.8960 0.8969
3674.000000 0.8974 0.8976 0.8978 0.8980 0.8982
3679.000000 0.8984 0.8985 0.8986 0.8988 0.8989
3684.000000 0.8990 0.8991 0.8993 0.8994 0.8995
3689.000000 0.8996 0.8996 0.8996 0.8996 0.8996
3694.000000 0.8996 0.8996 0.8996 0.8996 0.8996
3699.000000 0.8997 0.8997 0.8997 0.8997 0.8997
3704.000000 0.8996 0.8996 0.8996 0.8995 0.8995
3709.000000 0.8994 0.8994 0.8993 0.8993 0.8993
3714.000000 0.8992 0.8992 0.8991 0.8991 0.8991
3719.000000 0.8991 0.8991 0.8992 0.8992 0.8992
3724.000000 0.8992 0.8992 0.8992 0.8992 0.8992
3729.000000 0.8992 0.8992 0.8992 0.8993 0.8993
3734.000000 0.8993 0.8993 0.8993 0.8993 0.8993
3739.000000 0.8993 0.8993 0.8993 0.8993 0.8994
3744.000000 0.8994 0.8994 0.8994 0.8994 0.8995
3749.000000 0.8997 0.8998 0.8999 0.9000 0.9001
3754.000000 0.9003 0.9004 0.9005 0.9006 0.9006
3759.000000 0.9006 0.9007 0.9007 0.9008 0.9008
3764.000000 0.9009 0.9009 0.9009 0.9010 0.9009
3769.000000 0.9008 0.9008 0.9007 0.9006 0.9006
3774.000000 0.9005 0.9004 0.9004 0.9003 0.9003
3779.000000 0.9003 0.9002 0.9002 0.9002 0.9001
3784.000000 0.9001 0.9001 0.9000 0.8999 0.8997
3789.000000 0.8996 0.8995 0.8994 0.8993 0.8992
3794.000000 0.8991 0.8989 0.8988 0.8986 0.8983
3799.000000 0.8980 0.8977 0.8974 0.8974 0.8974
3804.000000 0.8974 0.8975 0.8975 0.8975 0.8973
3809.000000 0.8970 0.8968 0.8966 0.8964 0.8961
3814.000000 0.8959 0.8956 0.8952 0.8949 0.8945
3819.000000 0.8941 0.8936 0.8930 0.8924 0.8918
3824.000000 0.8912 0.8909 0.8908 0.8907 0.8906
3829.000000 0.8906 0.8905 0.8905 0.8905 0.8905
3834.000000 0.8904 0.8904 0.8904 0.8903 0.8903
3839.000000 0.8902 0.8902 0.8902 0.8901 0.8901
3844.000000 0.8900 0.8900 0.8900 0.8899 0.8899
3849.000000 0.8899 0.8898 0.8898 0.8897 0.8896
3854.000000 0.8895 0.8894 0.8894 0.8893 0.8892
3859.000000 0.8891 0.8890 0.8889 0.8889 0.8888
3864.000000 0.8887 0.8886 0.8885 0.8885 0.8885
3869.000000 0.8885 0.8886 0.8886 0.8886 0.8886
3874.000000 0.8886 0.8886 0.8886 0.8886 0.8886
3879.000000 0.8886 0.8887 0.8887 0.8888 0.8888
3884.000000 0.8888 0.8889 0.8889 0.8890 0.8890
3889.000000 0.8891 0.8891 0.8892 0.8893 0.8894
3894.000000 0.8894 0.8895 0.8896 0.8897 0.8897
3899.000000 0.8898 0.8899
##END=
