##TITLE=n-Tetradecyltrichlorosilane
##JCAMP-DX=4.24
##DATA TYPE=INFRARED SPECTRUM
##ORIGIN=EPA-IR VAPOR PHASE LIBRARY
##OWNER=SRD/NIST
Collection (C) 2018 copyright by the U.S. Secretary of Commerce
on behalf of the United States of America. All rights reserved.
##CAS REGISTRY NO=18402-22-7
##MOLFORM=C 14 H 29 Cl 3 Si
##$NIST SOURCE=MSDC-IR
##STATE=gas
##XUNITS=1/CM
##YUNITS=ABSORBANCE
##XFACTOR=1.
##YFACTOR=0.001
##DELTAX=1.92898
##FIRSTX=549.8
##LASTX=4000.7
##FIRSTY=8.049
##MAXX=4000.7
##MINX=549.759
##MAXY=0.122019
##MINY=0
##NPOINTS=1790
##XYDATA=(X++(Y..Y))
549.759 8.049 10.139 11.579 14.159 17.509 20.989 25.679 31.109 36.339 41.279
569.049 45.889 49.229 50.419 50.159 48.569 47.309 47.839 49.319 51.499 54.999
588.339 59.309 62.439 63.069 60.379 54.229 45.469 36.299 28.199 21.349 16.329
607.628 12.969 11.029 8.979 7.299 6.289 5.279 5.189 4.909 4.319 3.939
626.918 3.899 3.409 2.889 3.179 3.429 3.189 3.009 3.179 3.229 3.049
646.208 3.009 2.999 2.989 2.999 2.719 2.859 3.079 3.259 3.579 3.799
665.498 3.719 3.759 4.289 5.009 5.729 6.709 7.539 8.179 9.489 11.229
684.787 12.719 13.939 15.229 15.769 15.879 15.499 14.599 13.819 13.099 12.159
704.077 11.289 10.819 9.929 9.189 9.159 9.559 9.649 9.359 9.709 9.569
723.367 9.199 9.789 10.019 9.759 9.659 9.629 10.079 9.889 9.609 10.089
742.657 10.319 10.879 11.099 10.949 11.039 10.969 10.819 10.809 10.739 10.449
761.947 10.019 9.209 8.279 7.559 6.759 5.999 5.579 5.079 4.539 4.159
781.236 3.849 3.709 3.569 2.929 2.809 3.289 3.089 2.469 2.519 2.589
800.526 2.299 2.389 2.539 2.669 2.189 2.259 2.479 2.169 1.729 1.4447
819.816 1.6087 1.5312 1.3206 1.6158 1.809 1.517 1.6022 1.5215 1.272 1.629
839.106 1.889 1.769 1.719 1.4487 1.4867 1.749 1.6093 1.485 1.5174 1.679
858.395 1.619 1.497 1.699 1.739 1.5582 1.3197 1.3423 1.669 1.839 1.909
877.685 1.829 1.4579 1.5172 1.593 1.2866 1.1288 1.3755 1.819 1.719 1.5115
896.975 1.819 1.879 1.4827 1.4025 1.3559 1.4092 1.5656 1.2038 1.053 1.2708
916.265 1.4782 1.5108 1.659 2.129 1.979 1.819 1.969 1.659 1.5316 1.5859
935.555 1.1752 1.4905 1.999 1.739 1.739 1.939 1.679 1.4227 1.4753 1.669
954.844 1.939 1.759 1.4789 1.619 1.759 1.969 2.229 2.139 1.719 1.669
974.134 2.069 1.939 1.859 1.849 1.869 2.089 1.869 1.859 2.239 2.079
993.424 1.859 1.889 2.019 2.249 2.299 2.349 2.059 1.629 1.5491 2.099
1012.714 2.319 2.109 2.189 1.949 2.069 2.249 2.149 2.459 1.889 1.789
1032.003 2.089 1.849 1.799 1.659 2.189 2.139 2.219 2.509 1.959 1.4544
1051.293 1.0966 1.4634 1.909 1.749 1.889 1.919 2.039 1.789 1.61 2.129
1070.583 1.689 1.769 2.069 1.649 1.749 1.629 1.3798 1.4277 0.9037 1.0508
1089.873 1.2598 1.2148 1.709 1.0668 0 0.363 1.3293 0.9887 1.3754 1.3584
1109.163 0.726 1.689 1.312 0.075 0.7513 1.1073 0.61372 1.5608 1.859 1.779
1128.452 2.189 2.079 1.5619 1.5345 1.532 0.9374 1.1435 1.4395 1.5908 1.3453
1147.742 1.5608 1.5913 1.4069 1.2709 0.7265 0.8543 1.1322 1.5485 1.2518 0.8891
1167.032 1.659 1.859 1.859 2.289 2.389 2.419 2.029 2.179 2.839 2.529
1186.322 1.619 2.109 2.649 2.979 3.769 3.299 2.289 1.969 2.179 2.089
1205.611 2.079 1.4099 1.2232 1.879 1.929 2.039 1.629 1.2322 1.504 1.5587
1224.901 1.719 1.3011 1.348 1.789 1.3919 1.4195 1.999 2.299 1.789 1.4995
1244.191 1.34 1.4515 1.5913 1.5903 1.819 1.819 1.679 1.4426 1.789 1.989
1263.481 1.859 1.879 1.4715 1.3826 1.5856 1.699 1.729 1.639 1.719 1.679
1282.771 1.879 2.269 2.259 2.149 2.079 2.449 2.439 2.249 2.339 2.469
1302.060 2.439 2.309 2.509 2.569 2.559 2.629 2.599 2.649 2.679 2.609
1321.350 2.549 2.469 2.439 2.469 2.509 2.499 2.699 2.909 3.049 3.319
1340.640 3.469 3.729 4.009 4.179 4.449 4.649 4.579 4.449 4.279 4.199
1359.930 4.189 4.039 3.799 3.619 3.469 3.329 3.249 3.159 3.119 3.009
1379.219 2.969 2.939 2.839 2.839 2.829 2.749 2.679 2.629 2.609 2.769
1398.509 2.989 2.969 2.959 2.899 2.719 2.569 2.459 2.419 2.329 2.239
1417.799 2.259 2.299 2.199 2.139 2.289 2.379 2.349 2.479 2.809 2.949
1437.089 3.199 3.719 4.299 4.839 5.379 5.929 6.569 7.199 7.809 8.429
1456.378 8.779 9.139 9.479 9.439 9.179 8.729 7.999 7.249 6.349 5.519
1475.668 4.749 4.059 3.579 3.179 2.839 2.559 2.249 2.009 1.929 1.849
1494.958 1.709 1.4826 1.2889 1.1707 1.2409 1.2529 1.142 1.1757 1.2884 1.2418
1514.248 1.1047 1.0421 0.9976 0.9968 1.1479 1.0922 0.8743 0.8887 0.9079 0.9401
1533.538 0.8812 0.7914 0.8326 0.796 0.8926 0.9535 0.8629 0.9122 0.9727 0.9421
1552.827 0.8976 0.7615 0.68036 0.5539 0.65604 0.9607 0.9905 0.9042 0.8425 0.7805
1572.117 0.762 0.64824 0.65842 0.7768 0.7931 0.7926 0.7859 0.92 0.9851 0.8446
1591.407 0.7989 0.7631 0.5869 0.65561 0.7242 0.6064 0.5207 0.5246 0.65731 0.67795
1610.697 0.70424 0.71339 0.5988 0.63339 0.7353 0.68921 0.70056 0.942 0.9198 0.8667
1629.986 0.9075 0.7508 0.5294 0.394 0.5273 0.64108 0.5749 0.5703 0.622375 0.453
1649.276 0.42 0.465 0.474 0.68194 0.69639 0.61671 0.514 0.499 0.514 0.416
1668.566 0.5579 0.68408 0.71495 0.7396 0.69085 0.620759 0.61088 0.5553 0.485 0.489
1687.856 0.621629 0.65194 0.7783 0.8746 0.7423 0.603 0.338 0.429 0.5411 0.49
1707.146 0.5196 0.5301 0.5512 0.61095 0.5941 0.476 0.5746 0.7542 0.67919 0.64761
1726.435 0.5669 0.5822 0.6651 0.64618 0.71192 0.69656 0.5809 0.487 0.5753 0.65277
1745.725 0.67372 0.7756 0.7746 0.64987 0.6085 0.582 0.5915 0.578 0.5951 0.5977
1765.015 0.64605 0.659 0.5503 0.5861 0.5931 0.65494 0.69921 0.69876 0.69115 0.60911
1784.305 0.5674 0.5716 0.5631 0.5961 0.5876 0.5353 0.589 0.64421 0.628813 0.6074
1803.594 0.61277 0.63488 0.67044 0.67949 0.618923 0.5428 0.579 0.623962 0.624108 0.64357
1822.884 0.6088 0.503 0.5628 0.5281 0.417 0.5506 0.5785 0.5245 0.622106 0.70996
1842.174 0.5601 0.448 0.5574 0.5884 0.505 0.497 0.564 0.5725 0.465 0.431
1861.464 0.621907 0.5812 0.466 0.503 0.497 0.495 0.509 0.517 0.5 0.5437
1880.754 0.466 0.46 0.5914 0.6049 0.64532 0.67406 0.5468 0.503 0.642 0.67543
1900.043 0.62395 0.524 0.466 0.429 0.49 0.5994 0.5555 0.61289 0.68443 0.6084
1919.333 0.5666 0.5871 0.62193 0.63448 0.67249 0.620662 0.5532 0.61427 0.5689 0.519
1938.623 0.66235 0.67928 0.6082 0.5547 0.6018 0.65575 0.64472 0.623208 0.624729 0.69265
1957.913 0.62907 0.63286 0.6293 0.619452 0.70133 0.70978 0.65829 0.63174 0.628897 0.5746
1977.202 0.62947 0.7367 0.7337 0.70243 0.67694 0.63 0.5972 0.5893 0.5925 0.64754
1996.492 0.5839 0.5331 0.5675 0.5489 0.6014 0.66951 0.6065 0.5868 0.6003 0.5796
2015.782 0.583 0.506 0.5344 0.61761 0.68257 0.7907 0.7292 0.64732 0.64185 0.69223
2035.072 0.71202 0.7416 0.7245 0.63791 0.624564 0.64975 0.68223 0.7674 0.7657 0.7445
2054.362 0.67132 0.64738 0.6873 0.65375 0.70223 0.8363 0.7888 0.65558 0.71817 0.68039
2073.651 0.63686 0.64774 0.68056 0.7523 0.8511 0.7515 0.64107 0.65742 0.5589 0.488
2092.941 0.518 0.70139 0.7432 0.66179 0.65963 0.5868 0.628983 0.70647 0.70472 0.7433
2112.231 0.67865 0.5726 0.5382 0.65284 0.70806 0.593 0.5605 0.465 0.481 0.6033
2131.521 0.6774 0.7263 0.66321 0.6014 0.628847 0.62473 0.504 0.502 0.67659 0.68617
2150.810 0.5984 0.66059 0.7463 0.7691 0.8108 0.9126 0.8445 0.65817 0.64742 0.68771
2170.100 0.8133 0.8675 0.8059 0.7399 0.70563 0.8804 0.9168 0.875 0.8043 0.67654
2189.390 0.64902 0.6016 0.5808 0.7208 0.7064 0.69902 0.8614 0.7482 0.69447 0.7201
2208.680 0.70526 0.7639 0.7873 0.7654 0.65401 0.7333 0.8115 0.8485 0.8408 0.69383
2227.970 0.67199 0.73 0.68955 0.69701 0.70029 0.558 0.7508 0.8753 0.67943 0.69999
2247.259 0.71163 0.61065 0.5479 0.5585 0.61189 0.628948 0.63338 0.65098 0.66557 0.564
2266.549 0.5621 0.66174 0.627832 0.5358 0.5555 0.5667 0.5884 0.70796 0.71249 0.63458
2285.839 0.6038 0.63661 0.61707 0.5898 0.61201 0.69085 0.70319 0.7809 0.9343 0.8244
2305.129 0.7701 0.7303 0.71138 0.7444 0.69835 0.7944 0.8866 0.8516 0.7411 0.5914
2324.418 0.5838 0.5215 0.5616 0.7481 0.70889 0.6827 0.7858 0.8718 0.8193 0.7757
2343.708 0.8387 0.8291 0.7428 0.7554 0.7293 0.69156 0.66578 0.6079 0.5369 0.65416
2362.998 0.7254 0.5348 0.6054 0.70159 0.61706 0.66719 0.70643 0.63508 0.65348 0.727
2382.288 0.70861 0.8089 0.8645 0.68909 0.64168 0.70224 0.64368 0.623825 0.5981 0.619596
2401.578 0.7448 0.746 0.7804 0.7426 0.5889 0.5998 0.6967 0.8164 0.69639 0.5489
2420.867 0.628543 0.5581 0.61326 0.65979 0.621206 0.61307 0.66174 0.6602 0.53 0.5955
2440.157 0.66764 0.69953 0.7823 0.7614 0.70467 0.64611 0.7262 0.7401 0.7608 0.8231
2459.447 0.6864 0.7225 0.7501 0.7243 0.68339 0.6523 0.7726 0.8381 0.8387 0.71042
2478.737 0.5621 0.5771 0.71824 0.70085 0.63498 0.67743 0.7245 0.7458 0.6064 0.5289
2498.026 0.5542 0.589 0.63932 0.5403 0.487 0.68679 0.8663 0.7227 0.538 0.5477
2517.316 0.69288 0.7954 0.8013 0.8559 0.8644 0.806 0.8203 0.8953 0.8666 0.9666
2536.606 0.9402 0.9888 0.9712 0.7632 0.845 0.9761 0.954 0.789 0.7555 0.8854
2555.896 0.9492 0.8761 0.7694 0.7633 0.8364 0.8719 0.9628 0.9804 0.8942 0.8675
2575.186 0.8784 0.9177 1.0247 1.0509 1.077 1.0336 0.9579 0.9722 1.137 1.0651
2594.475 0.9233 1.1128 1.2701 1.2018 1.1125 1.0681 1.0184 1.1532 1.3165 1.3999
2613.765 1.3398 1.2973 1.3106 1.3143 1.2978 1.2279 1.2788 1.3486 1.1299 1.1818
2633.055 1.2967 1.2515 1.3748 1.4247 1.4024 1.2993 1.3097 1.4891 1.4893 1.5382
2652.345 1.601 1.3244 1.3229 1.4612 1.4282 1.4785 1.5811 1.649 1.5655 1.441
2671.634 1.5366 1.575 1.5457 1.6059 1.6175 1.649 1.689 1.779 1.769 1.729
2690.924 1.769 1.749 1.699 1.689 1.5886 1.5676 1.669 1.699 1.5212 1.5147
2710.214 1.629 1.779 1.839 1.699 1.719 1.719 1.669 1.669 1.649 1.629
2729.504 1.5702 1.4864 1.6051 1.709 1.5926 1.6184 1.849 1.879 1.939 2.049
2748.794 1.879 1.789 1.779 1.649 1.829 1.919 1.899 2.079 2.029 1.809
2768.083 1.739 1.829 2.029 2.239 2.329 2.419 2.369 2.359 2.549 2.619
2787.373 2.669 2.709 2.889 2.949 2.929 3.159 3.269 3.079 3.089 3.289
2806.663 3.419 3.619 3.949 4.109 4.109 4.199 4.309 4.609 4.819 5.039
2825.953 5.409 5.859 6.189 6.489 6.919 7.539 8.609 9.439 10.229 11.589
2845.242 13.209 14.959 17.579 21.009 24.849 29.489 34.489 39.119 42.819 44.499
2864.532 44.319 42.909 40.269 37.319 34.519 31.849 29.479 27.609 26.259 24.959
2883.822 23.879 23.269 22.749 22.689 22.989 23.589 24.679 25.739 26.809 27.859
2903.112 29.579 31.839 34.269 37.039 40.469 44.689 49.069 54.189 61.019 68.889
2922.401 77.969 88.399 99.269 109.459 117.389 121.829 122.019 118.379 111.979 103.499
2941.691 93.709 83.479 73.439 64.219 55.829 48.529 42.799 38.629 35.319 33.139
2960.981 31.919 30.859 30.019 29.149 27.789 25.949 23.599 20.949 18.449 16.219
2980.271 14.269 12.439 10.969 9.809 8.949 8.149 7.439 6.799 6.289 6.019
2999.561 5.629 5.269 5.129 4.899 4.609 4.419 4.069 3.779 3.489 3.309
3018.850 3.299 3.399 3.459 3.439 3.179 2.899 2.689 2.459 2.749 2.899
3038.140 2.609 2.329 2.209 2.079 2.059 1.959 1.769 2.049 1.989 1.659
3057.430 1.919 1.999 1.979 1.999 1.739 1.699 1.659 1.6149 1.4756 1.3498
3076.720 1.4806 1.4924 1.4259 1.567 1.629 1.5759 1.629 1.556 1.3903 1.1937
3096.009 1.1659 1.2213 1.4084 1.5818 1.3533 1.1806 1.1265 1.0052 0.889 0.8092
3115.299 1.006 1.2348 1.3325 1.4309 1.1785 0.9144 0.9465 0.8686 1.0391 1.3703
3134.589 1.428 1.2518 0.9963 1.0253 1.1358 1.0337 0.9999 0.9384 1.1515 1.2993
3153.879 1.0854 1.1919 1.5179 1.4773 1.1928 1.1428 1.062 1.1044 1.11 1.0527
3173.169 1.0308 0.9628 1.0828 1.2482 1.3231 1.2443 1.1303 0.9697 0.69767 0.68409
3192.458 1.1278 1.2804 0.9141 0.7936 1.0431 1.1779 1.168 1.0426 0.8441 0.7538
3211.748 0.67768 1.0124 0.8752 0.64782 0.9891 0.9641 0.8896 0.6959 0.7262 0.9611
3231.038 0.9325 0.864 0.66718 0.63567 0.6995 0.64048 0.68945 0.7119 0.8419 0.70131
3250.328 0.487 0.5819 0.66654 0.8949 0.7774 0.697 0.69959 0.474 0.68317 0.5919
3269.617 0.31 0.361 0.446 0.65498 0.536 0.394 0.67177 0.7933 0.8796 0.9944
3288.907 0.8599 0.7833 0.965 1.0461 0.9312 0.9232 1.0538 1.0701 0.63281 0.381
3308.197 0.6052 0.7956 0.7547 0.67839 0.8842 0.7623 0.5644 0.8445 0.9162 0.6038
3327.487 0.6009 0.7979 0.70826 0.7582 0.7968 0.67418 0.62572 0.624998 0.625998 0.8015
3346.777 0.8812 0.6041 0.5543 0.8363 0.8522 0.9569 1.0461 0.7167 0.8823 1.0271
3366.066 0.938 0.8393 0.798 0.7787 0.492 0.5789 0.9611 0.8044 0.5363 0.5743
3385.356 0.8051 0.7998 0.558 0.620272 0.441 0.373 0.7455 0.49 0.18 0.189
3404.646 0.335 0.70395 0.435 0.244 0.6025 0.69606 0.7899 0.819 0.66536 0.5973
3423.936 0.473 0.5696 0.5991 0.476 0.5193 0.5702 0.5586 0.481 0.478 0.62922
3443.225 0.65597 0.71547 0.61369 0.5696 0.5726 0.65146 0.69992 0.409 0.399 0.65799
3462.515 0.63666 0.511 0.497 0.517 0.5241 0.417 0.465 0.374 0.38 0.64333
3481.805 0.399 0.34 0.61064 0.438 0.44 0.66804 0.70968 0.514 0.323 0.358
3501.095 0.70845 0.68495 0.302 0.39 0.435 0.495 0.65854 0.69053 0.66732 0.7238
3520.385 0.7238 0.5944 0.6043 0.71752 0.579 0.488 0.449 0.451 0.7883 0.9274
3539.674 0.9185 0.8714 0.8348 0.64512 0.446 0.393 0.5515 0.8563 0.8966 0.7783
3558.964 0.7311 0.8907 1.1273 0.958 0.6075 0.5258 0.68078 0.63533 0.362 0.263
3578.254 0.457 0.7337 0.7199 0.7406 0.733 0.8334 0.65596 0.196 0.309 0.6166
3597.544 0.5464 0.365 0.477 0.5478 0.498 0.404 0.236 0.361 0.394 0.384
3616.833 0.66336 0.8078 0.9208 0.9283 0.8819 0.8942 0.8038 1.0079 1.0997 0.9248
3636.123 0.7107 0.6635 0.659 0.5521 0.5384 0.443 0.365 0.176 0.321 0.5499
3655.413 0.425 0.495 0.6038 0.5999 0.511 0.245 0.244 0.333 0.413 0.5897
3674.703 0.65039 0.5804 0.5413 0.66546 0.8321 0.8698 0.7619 0.5862 0.516 0.7276
3693.993 0.8786 0.8631 0.7227 0.5954 0.68038 0.7347 0.8591 0.784 0.7407 0.7929
3713.282 0.65834 0.61535 0.5321 0.66563 0.9381 0.9105 0.67903 0.9181 0.8964 0.507
3732.572 0.5462 0.489 0.479 0.7956 0.64692 0.466 0.65702 0.71865 0.70783 0.5363
3751.862 0.63172 0.7908 0.9443 0.8911 0.8067 0.8347 0.5993 0.66363 0.9185 0.8052
3771.152 0.499 0.67736 0.69857 0.63367 0.9252 0.9861 0.9321 0.8387 0.8098 0.8413
3790.441 0.7706 0.495 0.503 0.8835 0.9239 0.5766 0.287 0.5204 0.625339 0.71095
3809.731 0.8942 0.7695 0.6635 0.7814 0.7973 0.6717 0.67204 0.7678 0.9385 0.8711
3829.021 0.7814 0.618758 0.5469 0.7351 0.9149 0.8332 0.68208 0.64656 0.7687 0.7758
3848.311 0.67384 0.5374 0.352 0.63305 0.8357 0.66969 0.6295 0.65772 0.8112 0.9406
3867.601 0.71037 0.5793 0.7697 0.9161 0.8797 0.71223 0.68785 0.6677 0.457 0.375
3886.890 0.512 0.7626 0.9427 0.9098 0.60969 0.439 0.405 0.448 0.5505 0.7489
3906.180 0.63557 0.368 0.444 0.5851 0.436 0.498 0.8284 0.7354 0.5752 0.63636
3925.470 0.65045 0.7225 0.7221 0.494 0.5725 0.5556 0.411 0.66729 0.8366 0.8921
3944.760 0.9225 0.6407 0.5759 0.7771 0.68069 0.5601 0.63946 0.5584 0.495 0.7835
3964.049 0.8198 0.5719 0.64954 0.8712 0.9339 1.0509 0.9263 0.67786 0.423 0.485
3983.339 0.9835 0.9305 0.7665 1.049 1.2558 0.951 0.872 0.8865 0.7763 0.7358
##END=
