##TITLE=ETHYL PYRIDINIUM BROMIDE
##JCAMP-DX=4.24
##DATA TYPE=INFRARED SPECTRUM
##CLASS=COBLENTZ
##ORIGIN=DOW CHEMICAL COMPANY
##OWNER=COBLENTZ SOCIETY
Collection (C) 2018 copyright by the U.S. Secretary of Commerce
on behalf of the United States of America. All rights reserved.
##DATE=Not specified, most likely prior to 1970
##NAMES=1-ethyl-1.lambda.<5>-pyridine hydrobromide
##CAS REGISTRY NO=1906-79-2
##MOLFORM=C7 H10 Br N
##SOURCE REFERENCE=COBLENTZ NO. 1533
##$NIST SOURCE=COBLENTZ
##$NIST IMAGE=cob1533
##SPECTROMETER/DATA SYSTEM=Not specified, most likely a prism, grating, or hybrid spectrometer.
##STATE=SOLID (MINERAL OIL MULL)
##SAMPLING PROCEDURE=TRANSMISSION
##RESOLUTION=4
##DATA PROCESSING=DIGITIZED BY NIST FROM HARD COPY
##XUNITS=MICROMETERS
##YUNITS=TRANSMITTANCE
##XFACTOR=1.000000
##YFACTOR=1
##DELTAX=000.006846
##FIRSTX=2.055
##LASTX=15.9114
##FIRSTY=0.74
##MAXX=15.9114
##MINX=2.055
##MAXY=0.958
##MINY=0.193
##NPOINTS=2025
##XYDATA=(X++(Y..Y))
2.055000 0.7400 0.7400 0.7400 0.7400 0.7380
2.089247 0.7380 0.7380 0.7380 0.7360 0.7360
2.123000 0.7360 0.7360 0.7360 0.7360 0.7350
2.157247 0.7350 0.7350 0.7350 0.7350 0.7330
2.192000 0.7310 0.7310 0.7290 0.7230 0.7190
2.226247 0.7170 0.7160 0.7160 0.7160 0.7160
2.260000 0.7160 0.7160 0.7160 0.7160 0.7160
2.294247 0.7160 0.7160 0.7160 0.7160 0.7160
2.329000 0.7160 0.7160 0.7160 0.7160 0.7160
2.363247 0.7160 0.7160 0.7160 0.7160 0.7160
2.397000 0.7160 0.7160 0.7160 0.7160 0.7160
2.431247 0.7160 0.7170 0.7190 0.7190 0.7210
2.466000 0.7230 0.7230 0.7230 0.7240 0.7280
2.500247 0.7280 0.7280 0.7280 0.7290 0.7290
2.534000 0.7290 0.7290 0.7290 0.7290 0.7310
2.568247 0.7330 0.7400 0.7430 0.7480 0.7500
2.602000 0.7520 0.7520 0.7530 0.7520 0.7520
2.636247 0.7450 0.7380 0.7360 0.7360 0.7380
2.671000 0.7400 0.7410 0.7410 0.7410 0.7360
2.705247 0.7280 0.7210 0.7090 0.6900 0.6700
2.739000 0.6440 0.6170 0.5880 0.5550 0.5230
2.773247 0.5050 0.4880 0.4540 0.4200 0.3890
2.808000 0.3580 0.3290 0.3040 0.2800 0.2610
2.842247 0.2470 0.2370 0.2320 0.2250 0.2170
2.876000 0.2170 0.2130 0.2080 0.2060 0.2050
2.910247 0.2050 0.2060 0.2100 0.2150 0.2200
2.945000 0.2270 0.2350 0.2440 0.2540 0.2660
2.979247 0.2800 0.2940 0.3070 0.3240 0.3400
3.013000 0.3580 0.3760 0.3940 0.4060 0.4170
3.047247 0.4220 0.4270 0.4300 0.4370 0.4460
3.082000 0.4590 0.4760 0.4870 0.5120 0.5290
3.116247 0.5410 0.5480 0.5480 0.5480 0.5400
3.150000 0.5360 0.5260 0.5190 0.5120 0.5040
3.184247 0.5000 0.4950 0.4870 0.4760 0.4640
3.219000 0.4510 0.4340 0.4170 0.3960 0.3720
3.253247 0.3450 0.3160 0.3020 0.2970 0.2870
3.287000 0.2780 0.2750 0.2760 0.2850 0.2970
3.321247 0.3110 0.3230 0.3290 0.3230 0.3040
3.356000 0.2800 0.2710 0.2700 0.2700 0.2710
3.390247 0.2950 0.3350 0.3810 0.4220 0.4490
3.424000 0.4510 0.4660 0.4700 0.4700 0.4710
3.458247 0.4730 0.4800 0.4920 0.5570 0.5790
3.492000 0.6420 0.6630 0.7020 0.7170 0.7260
3.526247 0.7360 0.7480 0.7550 0.7620 0.7670
3.561000 0.7740 0.7810 0.7820 0.7860 0.7880
3.595247 0.7880 0.7880 0.7890 0.7880 0.7880
3.629000 0.7880 0.7860 0.7810 0.7790 0.7790
3.663247 0.7770 0.7770 0.7770 0.7790 0.7790
3.698000 0.7820 0.7860 0.7890 0.7890 0.7910
3.732247 0.7910 0.7930 0.7960 0.8000 0.8030
3.766000 0.8030 0.8050 0.8050 0.8050 0.8050
3.800247 0.8050 0.8050 0.8050 0.8050 0.8030
3.835000 0.8010 0.8010 0.8010 0.8010 0.8010
3.869247 0.8030 0.8050 0.8050 0.8050 0.8060
3.903000 0.8080 0.8110 0.8130 0.8170 0.8200
3.937247 0.8200 0.8220 0.8230 0.8250 0.8250
3.972000 0.8250 0.8250 0.8250 0.8250 0.8250
4.006247 0.8250 0.8250 0.8250 0.8250 0.8250
4.040000 0.8270 0.8290 0.8300 0.8300 0.8320
4.074247 0.8340 0.8340 0.8350 0.8350 0.8370
4.109000 0.8390 0.8390 0.8410 0.8410 0.8440
4.143247 0.8440 0.8410 0.8350 0.8270 0.8200
4.177000 0.8130 0.8100 0.8080 0.8100 0.8130
4.211247 0.8200 0.8320 0.8370 0.8460 0.8510
4.245000 0.8520 0.8540 0.8560 0.8580 0.8580
4.279247 0.8590 0.8590 0.8630 0.8630 0.8630
4.314000 0.8590 0.8580 0.8560 0.8520 0.8520
4.348247 0.8510 0.8510 0.8490 0.8490 0.8470
4.382000 0.8470 0.8460 0.8460 0.8460 0.8460
4.416247 0.8460 0.8460 0.8460 0.8460 0.8460
4.451000 0.8460 0.8460 0.8460 0.8460 0.8460
4.485247 0.8470 0.8470 0.8490 0.8490 0.8510
4.519000 0.8510 0.8510 0.8510 0.8490 0.8490
4.553247 0.8470 0.8470 0.8470 0.8470 0.8470
4.588000 0.8460 0.8440 0.8460 0.8440 0.8440
4.622247 0.8420 0.8410 0.8410 0.8350 0.8320
4.656000 0.8290 0.8270 0.8250 0.8220 0.8200
4.690247 0.8180 0.8170 0.8130 0.8130 0.8110
4.725000 0.8080 0.8080 0.8050 0.8030 0.8010
4.759247 0.7980 0.7940 0.7930 0.7910 0.7880
4.793000 0.7860 0.7840 0.7820 0.7810 0.7790
4.827247 0.7790 0.7790 0.7790 0.7770 0.7770
4.862000 0.7770 0.7790 0.7790 0.7790 0.7810
4.896247 0.7810 0.7820 0.7860 0.7910 0.8010
4.930000 0.8010 0.8060 0.8100 0.8110 0.8110
4.964247 0.8130 0.8150 0.8170 0.8200 0.8290
4.999000 0.8300 0.8320 0.8370 0.8420 0.8440
5.033247 0.8440 0.8460 0.8470 0.8470 0.8470
5.067000 0.8470 0.8490 0.8490 0.8490 0.8510
5.101247 0.8510 0.8520 0.8520 0.8520 0.8560
5.135000 0.8580 0.8630 0.8700 0.8700 0.8700
5.169247 0.8700 0.8700 0.8710 0.8710 0.8760
5.204000 0.8800 0.8830 0.8870 0.8880 0.8880
5.238247 0.8880 0.8870 0.8830 0.8830 0.8820
5.272000 0.8820 0.8820 0.8820 0.8820 0.8820
5.306247 0.8820 0.8800 0.8780 0.8780 0.8760
5.341000 0.8780 0.8780 0.8800 0.8820 0.8830
5.375247 0.8850 0.8850 0.8850 0.8850 0.8870
5.409000 0.8880 0.8900 0.8920 0.8940 0.8950
5.443247 0.8970 0.8970 0.8990 0.9000 0.9020
5.478000 0.9090 0.9090 0.9070 0.9070 0.9020
5.512247 0.9000 0.8990 0.8990 0.8970 0.8880
5.546000 0.8870 0.8870 0.8880 0.8970 0.9070
5.580247 0.9120 0.9160 0.9140 0.9110 0.9050
5.615000 0.8950 0.8950 0.8970 0.8970 0.9040
5.649247 0.9090 0.9160 0.9170 0.9170 0.9120
5.683000 0.9110 0.9090 0.9070 0.9050 0.9050
5.717247 0.9090 0.9110 0.9110 0.9110 0.9110
5.752000 0.9110 0.9170 0.9170 0.9170 0.9170
5.786247 0.9170 0.9120 0.9070 0.9000 0.8990
5.820000 0.8900 0.8900 0.8900 0.8900 0.8900
5.854247 0.8880 0.8820 0.8780 0.8750 0.8750
5.889000 0.8760 0.8760 0.8780 0.8780 0.8760
5.923247 0.8680 0.8580 0.8540 0.8490 0.8390
5.957000 0.8350 0.8270 0.8180 0.8050 0.8060
5.991247 0.8000 0.7890 0.7770 0.7640 0.7530
6.025000 0.7450 0.7280 0.7120 0.6950 0.6700
6.059247 0.6340 0.5790 0.5400 0.5190 0.4990
6.094000 0.4390 0.3940 0.3280 0.3110 0.3110
6.128247 0.3110 0.3280 0.3650 0.4100 0.4610
6.162000 0.5550 0.5880 0.6130 0.6230 0.6580
6.196247 0.6870 0.7000 0.7170 0.7290 0.7430
6.231000 0.7520 0.7600 0.7690 0.7770 0.7770
6.265247 0.7790 0.7770 0.7640 0.7480 0.7290
6.299000 0.7280 0.7280 0.7380 0.7580 0.7820
6.333247 0.8050 0.8540 0.8700 0.8730 0.8730
6.368000 0.8730 0.8710 0.8700 0.8700 0.8730
6.402247 0.8760 0.8820 0.8920 0.8990 0.8990
6.436000 0.8900 0.8870 0.8830 0.8800 0.8780
6.470247 0.8800 0.8820 0.8830 0.8830 0.8850
6.505000 0.8830 0.8820 0.8780 0.8750 0.8660
6.539247 0.8590 0.8540 0.8460 0.8390 0.8290
6.573000 0.8150 0.7980 0.7790 0.7550 0.7260
6.607247 0.6920 0.6520 0.6080 0.5550 0.5260
6.642000 0.4950 0.4590 0.3940 0.3770 0.3530
6.676247 0.3470 0.3240 0.2990 0.2850 0.2630
6.710000 0.2180 0.2100 0.2100 0.2100 0.2200
6.744247 0.2490 0.2780 0.2950 0.3070 0.3230
6.778000 0.3260 0.3280 0.3280 0.3190 0.3190
6.812247 0.3190 0.3190 0.3280 0.3380 0.3400
6.847000 0.3720 0.3790 0.3930 0.4290 0.4590
6.881247 0.4880 0.5380 0.5640 0.5840 0.6100
6.915000 0.6320 0.6560 0.6760 0.6970 0.7160
6.949247 0.7310 0.7470 0.7570 0.7620 0.7670
6.984000 0.7700 0.7740 0.7770 0.7790 0.7820
7.018247 0.7860 0.7880 0.7890 0.7960 0.7980
7.052000 0.8000 0.8030 0.8050 0.8060 0.8060
7.086247 0.8080 0.8080 0.8060 0.8010 0.8010
7.121000 0.7980 0.7940 0.7940 0.7810 0.7690
7.155247 0.7580 0.7410 0.7350 0.7190 0.7110
7.189000 0.7000 0.6880 0.6730 0.6660 0.6610
7.223247 0.6540 0.6510 0.6510 0.6520 0.6540
7.258000 0.6610 0.6710 0.6800 0.6880 0.6970
7.292247 0.7040 0.7120 0.7160 0.7160 0.7160
7.326000 0.7160 0.7160 0.7160 0.7160 0.7160
7.360247 0.7170 0.7210 0.7290 0.7380 0.7430
7.395000 0.7530 0.7600 0.7640 0.7740 0.7760
7.429247 0.7790 0.7860 0.7880 0.7910 0.7910
7.463000 0.7930 0.7940 0.7940 0.7890 0.7860
7.497247 0.7690 0.7570 0.7480 0.7330 0.7170
7.532000 0.6940 0.6730 0.6630 0.6580 0.6520
7.566247 0.6490 0.6470 0.6470 0.6470 0.6510
7.600000 0.6680 0.6920 0.7160 0.7380 0.7450
7.634247 0.7640 0.7790 0.7930 0.7980 0.8030
7.668000 0.8080 0.8180 0.8180 0.8290 0.8340
7.702247 0.8390 0.8440 0.8470 0.8490 0.8510
7.737000 0.8580 0.8590 0.8630 0.8660 0.8680
7.771247 0.8680 0.8680 0.8680 0.8680 0.8700
7.805000 0.8710 0.8750 0.8760 0.8760 0.8760
7.839247 0.8760 0.8760 0.8750 0.8680 0.8660
7.874000 0.8660 0.8640 0.8630 0.8610 0.8590
7.908247 0.8580 0.8560 0.8520 0.8490 0.8470
7.942000 0.8410 0.8370 0.8270 0.8200 0.8130
7.976247 0.8060 0.7940 0.7840 0.7760 0.7690
8.011000 0.7650 0.7580 0.7580 0.7580 0.7580
8.045247 0.7650 0.7820 0.7930 0.8080 0.8130
8.079000 0.8230 0.8270 0.8290 0.8290 0.8290
8.113247 0.8270 0.8270 0.8200 0.8130 0.8050
8.148000 0.7930 0.7810 0.7690 0.7620 0.7570
8.182247 0.7500 0.7480 0.7400 0.7380 0.7380
8.216000 0.7380 0.7380 0.7380 0.7400 0.7430
8.250247 0.7480 0.7550 0.7720 0.7820 0.7930
8.285000 0.8010 0.8080 0.8170 0.8170 0.8170
8.319247 0.8150 0.8150 0.8150 0.8100 0.8080
8.353000 0.8010 0.7960 0.7930 0.7760 0.7620
8.387247 0.7530 0.7350 0.7120 0.6750 0.6230
8.422000 0.6110 0.5820 0.5380 0.5110 0.4830
8.456247 0.4780 0.4200 0.3880 0.3120 0.3020
8.490000 0.2830 0.2660 0.2590 0.2590 0.2590
8.524247 0.2660 0.2700 0.2880 0.2920 0.3230
8.558000 0.3280 0.3480 0.3760 0.3820 0.4100
8.592247 0.4220 0.4300 0.4340 0.4470 0.4730
8.627000 0.4760 0.4780 0.4830 0.5260 0.5310
8.661247 0.5530 0.5720 0.5770 0.5890 0.6060
8.695000 0.6220 0.6290 0.6390 0.6490 0.6580
8.729247 0.6630 0.6660 0.6830 0.6880 0.7000
8.764000 0.7070 0.7160 0.7190 0.7230 0.7260
8.798247 0.7330 0.7380 0.7450 0.7480 0.7520
8.832000 0.7570 0.7580 0.7600 0.7670 0.7670
8.866247 0.7690 0.7700 0.7720 0.7720 0.7740
8.901000 0.7760 0.7760 0.7760 0.7770 0.7770
8.935247 0.7770 0.7790 0.7790 0.7790 0.7790
8.969000 0.7790 0.7790 0.7790 0.7770 0.7760
9.003247 0.7740 0.7700 0.7670 0.7650 0.7640
9.038000 0.7620 0.7580 0.7580 0.7550 0.7500
9.072247 0.7470 0.7430 0.7380 0.7350 0.7280
9.106000 0.7210 0.7170 0.7140 0.7120 0.7070
9.140247 0.7050 0.7050 0.7040 0.7040 0.7040
9.175000 0.7020 0.7040 0.7050 0.7070 0.7110
9.209247 0.7170 0.7210 0.7230 0.7260 0.7310
9.243000 0.7350 0.7360 0.7380 0.7400 0.7430
9.277247 0.7450 0.7480 0.7520 0.7550 0.7570
9.311000 0.7570 0.7570 0.7580 0.7580 0.7580
9.345247 0.7570 0.7550 0.7500 0.7410 0.7310
9.380000 0.7240 0.7230 0.7090 0.6950 0.6850
9.414247 0.6800 0.6750 0.6660 0.6660 0.6660
9.448000 0.6660 0.6660 0.6660 0.6680 0.6780
9.482247 0.6870 0.7020 0.7240 0.7330 0.7470
9.517000 0.7520 0.7620 0.7670 0.7760 0.7810
9.551247 0.7840 0.7880 0.7930 0.7940 0.7960
9.585000 0.7980 0.8000 0.8010 0.8050 0.8050
9.619247 0.8050 0.8050 0.8050 0.8050 0.8050
9.654000 0.8030 0.8030 0.8010 0.8000 0.7960
9.688247 0.7940 0.7930 0.7890 0.7880 0.7880
9.722000 0.7860 0.7860 0.7860 0.7860 0.7880
9.756247 0.7980 0.8060 0.8110 0.8170 0.8180
9.791000 0.8220 0.8230 0.8270 0.8290 0.8320
9.825247 0.8340 0.8370 0.8410 0.8440 0.8470
9.859000 0.8470 0.8510 0.8520 0.8520 0.8560
9.893247 0.8580 0.8590 0.8590 0.8630 0.8630
9.928000 0.8640 0.8660 0.8660 0.8660 0.8660
9.962247 0.8660 0.8660 0.8660 0.8660 0.8660
9.996000 0.8660 0.8660 0.8660 0.8660 0.8660
10.030247 0.8660 0.8660 0.8660 0.8660 0.8660
10.065000 0.8660 0.8660 0.8660 0.8660 0.8640
10.099247 0.8640 0.8630 0.8610 0.8590 0.8590
10.133000 0.8580 0.8560 0.8540 0.8510 0.8470
10.167247 0.8460 0.8390 0.8350 0.8340 0.8300
10.201000 0.8250 0.8150 0.8000 0.7940 0.7930
10.235247 0.7860 0.7760 0.7670 0.7620 0.7520
10.270000 0.7480 0.7450 0.7430 0.7430 0.7450
10.304247 0.7470 0.7520 0.7600 0.7720 0.7910
10.338000 0.8010 0.8110 0.8170 0.8230 0.8250
10.372247 0.8290 0.8370 0.8410 0.8440 0.8460
10.407000 0.8490 0.8540 0.8560 0.8560 0.8580
10.441247 0.8580 0.8580 0.8580 0.8590 0.8590
10.475000 0.8590 0.8630 0.8630 0.8630 0.8640
10.509247 0.8640 0.8660 0.8680 0.8680 0.8680
10.544000 0.8680 0.8680 0.8680 0.8680 0.8680
10.578247 0.8660 0.8660 0.8640 0.8610 0.8580
10.612000 0.8560 0.8540 0.8540 0.8540 0.8560
10.646247 0.8610 0.8630 0.8660 0.8710 0.8750
10.681000 0.8760 0.8780 0.8830 0.8850 0.8850
10.715247 0.8850 0.8880 0.8900 0.8920 0.8950
10.749000 0.8970 0.8990 0.9000 0.9020 0.9040
10.783247 0.9050 0.9070 0.9110 0.9120 0.9140
10.818000 0.9160 0.9170 0.9190 0.9190 0.9230
10.852247 0.9260 0.9290 0.9290 0.9310 0.9310
10.886000 0.9330 0.9330 0.9330 0.9350 0.9350
10.920247 0.9350 0.9350 0.9350 0.9360 0.9380
10.955000 0.9400 0.9410 0.9410 0.9430 0.9430
10.989247 0.9430 0.9450 0.9450 0.9450 0.9470
11.023000 0.9470 0.9470 0.9470 0.9480 0.9480
11.057247 0.9480 0.9480 0.9500 0.9500 0.9500
11.091000 0.9500 0.9500 0.9500 0.9500 0.9500
11.125247 0.9500 0.9500 0.9500 0.9500 0.9480
11.160000 0.9480 0.9480 0.9480 0.9480 0.9480
11.194247 0.9470 0.9470 0.9470 0.9470 0.9470
11.228000 0.9470 0.9470 0.9480 0.9480 0.9480
11.262247 0.9480 0.9480 0.9480 0.9480 0.9470
11.297000 0.9470 0.9450 0.9450 0.9450 0.9430
11.331247 0.9430 0.9410 0.9410 0.9410 0.9400
11.365000 0.9400 0.9400 0.9400 0.9400 0.9380
11.399247 0.9380 0.9380 0.9380 0.9360 0.9380
11.434000 0.9360 0.9360 0.9360 0.9360 0.9360
11.468247 0.9360 0.9380 0.9380 0.9380 0.9380
11.502000 0.9360 0.9360 0.9360 0.9360 0.9360
11.536247 0.9360 0.9360 0.9380 0.9400 0.9410
11.571000 0.9430 0.9430 0.9450 0.9450 0.9470
11.605247 0.9470 0.9470 0.9470 0.9480 0.9480
11.639000 0.9480 0.9480 0.9480 0.9500 0.9520
11.673247 0.9550 0.9550 0.9570 0.9570 0.9570
11.708000 0.9570 0.9580 0.9570 0.9570 0.9570
11.742247 0.9570 0.9570 0.9570 0.9570 0.9570
11.776000 0.9570 0.9570 0.9570 0.9570 0.9580
11.810247 0.9580 0.9570 0.9570 0.9570 0.9570
11.844000 0.9570 0.9570 0.9570 0.9550 0.9570
11.878247 0.9570 0.9550 0.9550 0.9550 0.9550
11.913000 0.9550 0.9550 0.9550 0.9550 0.9550
11.947247 0.9530 0.9530 0.9530 0.9520 0.9520
11.981000 0.9520 0.9500 0.9500 0.9500 0.9480
12.015247 0.9470 0.9430 0.9410 0.9410 0.9380
12.050000 0.9360 0.9360 0.9350 0.9350 0.9330
12.084247 0.9330 0.9310 0.9290 0.9260 0.9240
12.118000 0.9210 0.9160 0.9120 0.9090 0.9050
12.152247 0.9050 0.8970 0.8880 0.8850 0.8850
12.187000 0.8820 0.8800 0.8780 0.8730 0.8660
12.221247 0.8610 0.8560 0.8520 0.8470 0.8420
12.255000 0.8370 0.8320 0.8270 0.8230 0.8180
12.289247 0.8110 0.8060 0.8000 0.7930 0.7890
12.324000 0.7860 0.7820 0.7770 0.7720 0.7690
12.358247 0.7670 0.7620 0.7580 0.7580 0.7550
12.392000 0.7530 0.7530 0.7520 0.7520 0.7500
12.426247 0.7480 0.7480 0.7480 0.7470 0.7450
12.461000 0.7450 0.7430 0.7410 0.7400 0.7360
12.495247 0.7360 0.7310 0.7280 0.7240 0.7160
12.529000 0.7110 0.7070 0.7000 0.6940 0.6870
12.563247 0.6760 0.6640 0.6590 0.6510 0.6440
12.598000 0.6300 0.6100 0.5980 0.5860 0.5770
12.632247 0.5670 0.5570 0.5450 0.5350 0.5230
12.666000 0.5120 0.5050 0.4990 0.4870 0.4750
12.700247 0.4610 0.4460 0.4290 0.4170 0.4100
12.734000 0.4010 0.3940 0.3860 0.3840 0.3770
12.768247 0.3740 0.3740 0.3720 0.3700 0.3700
12.803000 0.3700 0.3700 0.3720 0.3770 0.3840
12.837247 0.3890 0.3960 0.4050 0.4130 0.4220
12.871000 0.4320 0.4440 0.4560 0.4700 0.4830
12.905247 0.4950 0.5240 0.5380 0.5520 0.5650
12.940000 0.5770 0.5890 0.5980 0.6060 0.6130
12.974247 0.6180 0.6230 0.6230 0.6250 0.6250
13.008000 0.6250 0.6250 0.6230 0.6150 0.6100
13.042247 0.6010 0.6000 0.5960 0.5890 0.5840
13.077000 0.5790 0.5770 0.5770 0.5770 0.5770
13.111247 0.5810 0.5880 0.5940 0.6050 0.6180
13.145000 0.6320 0.6460 0.6560 0.6680 0.6780
13.179247 0.6870 0.6950 0.7040 0.7120 0.7190
13.214000 0.7260 0.7310 0.7360 0.7430 0.7470
13.248247 0.7520 0.7570 0.7600 0.7640 0.7670
13.282000 0.7700 0.7760 0.7760 0.7860 0.7880
13.316247 0.7880 0.7890 0.7930 0.7940 0.7960
13.351000 0.7960 0.7980 0.7980 0.8010 0.8030
13.385247 0.8030 0.8030 0.8030 0.8030 0.8030
13.419000 0.8030 0.8030 0.8030 0.8030 0.8030
13.453247 0.8010 0.8030 0.8010 0.8010 0.8010
13.488000 0.8000 0.8000 0.7980 0.7980 0.7960
13.522247 0.7940 0.7940 0.7930 0.7930 0.7910
13.556000 0.7910 0.7910 0.7910 0.7910 0.7910
13.590247 0.7890 0.7890 0.7880 0.7880 0.7880
13.624000 0.7880 0.7880 0.7860 0.7840 0.7840
13.658247 0.7820 0.7820 0.7810 0.7790 0.7790
13.693000 0.7770 0.7760 0.7720 0.7690 0.7690
13.727247 0.7650 0.7650 0.7650 0.7640 0.7640
13.761000 0.7640 0.7620 0.7620 0.7600 0.7600
13.795247 0.7580 0.7570 0.7570 0.7550 0.7530
13.830000 0.7530 0.7520 0.7500 0.7500 0.7480
13.864247 0.7480 0.7470 0.7470 0.7450 0.7430
13.898000 0.7410 0.7410 0.7400 0.7380 0.7380
13.932247 0.7360 0.7350 0.7350 0.7330 0.7310
13.967000 0.7310 0.7290 0.7280 0.7280 0.7260
14.001247 0.7240 0.7230 0.7230 0.7210 0.7190
14.035000 0.7170 0.7170 0.7160 0.7140 0.7120
14.069247 0.7110 0.7090 0.7070 0.7050 0.7020
14.104000 0.7000 0.6970 0.6950 0.6920 0.6900
14.138247 0.6870 0.6850 0.6830 0.6780 0.6760
14.172000 0.6730 0.6700 0.6660 0.6640 0.6630
14.206247 0.6520 0.6470 0.6420 0.6370 0.6350
14.241000 0.6320 0.6270 0.6220 0.6150 0.6080
14.275247 0.6010 0.5960 0.5890 0.5810 0.5740
14.309000 0.5670 0.5570 0.5500 0.5430 0.5350
14.343247 0.5260 0.5170 0.5070 0.5020 0.4970
14.378000 0.4880 0.4760 0.4660 0.4560 0.4440
14.412247 0.4340 0.4220 0.4100 0.4000 0.3880
14.446000 0.3760 0.3640 0.3530 0.3410 0.3290
14.480247 0.3120 0.3020 0.2880 0.2800 0.2730
14.514000 0.2700 0.2630 0.2560 0.2420 0.2350
14.548247 0.2320 0.2270 0.2220 0.2170 0.2110
14.583000 0.2100 0.2080 0.2050 0.2030 0.2010
14.617247 0.2000 0.1980 0.1980 0.1960 0.1940
14.651000 0.1930 0.1930 0.1930 0.1930 0.1930
14.685247 0.1930 0.1940 0.1960 0.1960 0.1980
14.720000 0.1980 0.2030 0.2080 0.2130 0.2180
14.754247 0.2250 0.2300 0.2350 0.2410 0.2460
14.788000 0.2490 0.2540 0.2590 0.2640 0.2680
14.822247 0.2750 0.2800 0.2830 0.2880 0.2920
14.857000 0.2950 0.3000 0.3070 0.3120 0.3190
14.891247 0.3240 0.3280 0.3290 0.3310 0.3350
14.925000 0.3380 0.3450 0.3530 0.3570 0.3600
14.959247 0.3640 0.3650 0.3670 0.3690 0.3700
14.994000 0.3720 0.3760 0.3770 0.3810 0.3820
15.028247 0.3860 0.3890 0.3890 0.3910 0.3940
15.062000 0.3940 0.3960 0.3960 0.3980 0.3980
15.096247 0.4000 0.4000 0.4010 0.4010 0.4030
15.131000 0.4030 0.4050 0.4060 0.4060 0.4060
15.165247 0.4080 0.4080 0.4100 0.4100 0.4100
15.199000 0.4110 0.4110 0.4110 0.4130 0.4130
15.233247 0.4130 0.4150 0.4150 0.4150 0.4150
15.267000 0.4170 0.4170 0.4170 0.4180 0.4180
15.301247 0.4180 0.4180 0.4180 0.4180 0.4180
15.336000 0.4180 0.4180 0.4180 0.4180 0.4180
15.370247 0.4180 0.4180 0.4180 0.4180 0.4180
15.404000 0.4180 0.4180 0.4170 0.4170 0.4170
15.438247 0.4170 0.4150 0.4150 0.4150 0.4150
15.473000 0.4130 0.4130 0.4130 0.4130 0.4130
15.507247 0.4130 0.4130 0.4130 0.4130 0.4150
15.541000 0.4150 0.4150 0.4150 0.4150 0.4150
15.575247 0.4150 0.4150 0.4150 0.4150 0.4150
15.610000 0.4150 0.4150 0.4150 0.4150 0.4150
15.644247 0.4150 0.4150 0.4150 0.4150 0.4150
15.678000 0.4150 0.4150 0.4150 0.4150 0.4150
15.712247 0.4150 0.4150 0.4150 0.4150 0.4150
15.747000 0.4150 0.4150 0.4150 0.4150 0.4150
15.781247 0.4150 0.4150 0.4150 0.4150 0.4150
15.815000 0.4150 0.4150 0.4150 0.4150 0.4150
15.849247 0.4150 0.4150 0.4150 0.4150 0.4150
15.884000 0.4150 0.4150 0.4150 0.4150 0.4150
##END=
