##TITLE=2,2,2-Trichloro-1-phenylethanol
##JCAMP-DX=4.24
##DATA TYPE=INFRARED SPECTRUM
##ORIGIN=EPA-IR VAPOR PHASE LIBRARY
##OWNER=SRD/NIST
Collection (C) 2018 copyright by the U.S. Secretary of Commerce
on behalf of the United States of America. All rights reserved.
##CAS REGISTRY NO=2000-43-3
##MOLFORM=C 8 H 7 Cl 3 O
##$NIST SOURCE=MSDC-IR
##STATE=gas
##XUNITS=1/CM
##YUNITS=ABSORBANCE
##XFACTOR=1.
##YFACTOR=0.001
##DELTAX=1.92934
##FIRSTX=549.9
##LASTX=3999.5
##FIRSTY=8.23
##MAXX=3999.53
##MINX=549.863
##MAXY=0.23464
##MINY=0
##NPOINTS=1789
##XYDATA=(X++(Y..Y))
549.863 8.23 8.39 8.6 8.66 8.73 8.82 8.91 9.15 9.47 9.81
569.156 10.07 10.4 10.96 11.6 12.43 13.54 15.01 17.25 20.56 25.5
588.450 32.9 43.3 57.27 74.17 91.83 107.7 119.47 124.9 123.67 117.03
607.743 104.96 89.37 74.39 63.09 55.23 51.47 49.19 45.96 44.1 42.2
627.037 40.81 42.33 47.08 54.22 62.92 72.55 82.33 91.24 98.01 101.68
646.330 101.46 97.29 90.03 80.95 71.28 61.99 53.6 46.36 40.47 35.99
665.624 32.83 30.79 29.6 29.07 29.41 30.77 33.34 37.46 43.58 52.24
684.917 63.48 77.05 91.98 106.84 120.23 130.58 134.4 129.55 119.51 106.91
704.210 92.76 78.65 65.86 55.24 47.14 41.4 37.56 35.09 33.79 33.57
723.504 34.44 36.6 40.6 47.28 57.44 71.73 89.97 110.42 129.71 144.39
742.797 152.38 152.83 146.15 133.33 116.17 98.36 84.49 77.53 77.82 83.92
762.091 93.82 105.45 116.88 126.4 132.46 134.6 132.56 126.24 116.61 105.08
781.384 92.75 80.48 69.22 59.79 52.72 48.14 45.96 45.89 47.61 50.9
800.678 55.7 62.05 69.97 79.69 91.53 105.71 122.2 140.93 161.22 181.83
819.971 201.23 217.53 229.13 234.64 233.47 225.73 212.42 195.45 177.02 159.29
839.264 143.95 132.34 124.69 120.15 117.61 115.73 113.11 108.62 101.77 92.71
858.558 82.15 70.93 59.95 49.95 41.44 34.65 29.47 25.5 22.44 20.17
877.851 18.48 17.18 16.2 15.48 14.89 14.43 14.1 13.77 13.41 13.09
897.145 12.82 12.63 12.58 12.75 13.16 13.76 14.58 15.42 16.09 16.55
916.438 16.65 16.23 15.42 14.45 13.39 12.3 11.32 10.52 9.89 9.38
935.732 9.03 8.81 8.62 8.5 8.41 8.41 8.46 8.56 8.71 8.93
955.025 9.18 9.45 9.74 10.08 10.53 11.08 11.71 12.43 13.3 14.23
974.318 15.19 16.16 17.1 17.91 18.54 19.04 19.37 19.38 19.17 18.75
993.612 18.13 17.43 16.81 16.31 15.91 15.69 15.63 15.67 15.84 16.22
1012.905 16.88 18.05 19.9 22.52 25.91 29.68 33.08 35.42 36.51 36.55
1032.199 35.72 34.34 32.79 31.57 31.4 32.85 36.05 40.83 47.06 54.71
1051.492 63.48 73.01 82.67 91.46 98.5 102.93 104.23 102.25 97.3 90.17
1070.786 81.81 73.42 66.07 60.38 56.55 54.29 53.11 52.55 51.96 50.83
1090.079 48.83 46.07 42.76 38.91 35 31.49 28.48 26.01 24.22 23.04
1109.372 21.98 20.81 19.63 18.32 16.93 15.56 14.25 13.18 12.33 11.72
1128.666 11.37 11.15 11.15 11.24 11.3 11.57 11.88 12.27 12.74 13.34
1147.959 14.09 14.88 15.8 16.81 17.74 18.8 20.26 21.96 24.08 26.79
1167.253 30.27 34.58 39.62 45.49 51.82 58.35 64.48 69.23 72.48 74.26
1186.546 74.33 72.81 70 66.15 61.77 57.34 53.06 48.94 45.12 42.23
1205.840 40.3 39.23 39.35 40.29 42.02 44.39 46.44 47.73 48.34 48.07
1225.133 46.89 44.52 41.43 38.3 35.2 32.48 30.08 28 26.44 25.08
1244.426 23.94 23.01 22.32 21.76 21.18 20.86 20.72 20.63 20.58 20.58
1263.720 20.64 20.77 21.01 21.24 21.43 21.74 22.14 22.67 23.19 23.74
1283.013 24.36 25.04 25.88 26.81 27.79 28.95 30.28 31.78 33.5 35.32
1302.307 37.18 38.91 40.36 41.27 41.56 41.12 40.01 38.44 36.66 34.99
1321.600 33.53 32.29 31.35 30.74 30.33 29.98 29.58 29.13 28.51 27.65
1340.894 26.62 25.44 24.33 23.35 22.46 21.79 21.38 21.16 21.19 21.46
1360.187 21.92 22.61 23.6 24.85 26.38 28.19 30.22 32.56 35.16 37.86
1379.480 40.6 43.09 45.05 46.07 45.8 44.29 41.65 38 33.68 29.03
1398.774 24.54 20.69 17.74 15.55 14.01 12.95 12.2 11.63 11.2 10.81
1418.067 10.56 10.35 10.12 9.94 9.81 9.74 9.75 9.83 10.03 10.4
1437.361 11.06 12.07 13.53 15.58 18.17 21.15 24.21 26.9 28.81 29.57
1456.654 28.97 27.3 24.66 21.26 17.86 14.82 12.45 10.79 9.81 9.4
1475.948 9.42 9.79 10.61 11.91 13.65 15.8 18.15 20.3 21.95 22.85
1495.241 23.09 22.57 21.24 19.23 16.81 14.38 12.22 10.46 9.05 7.91
1514.534 7 6.32 5.9 5.7 5.58 5.47 5.43 5.45 5.47 5.41
1533.828 5.31 5.2 5.07 4.88 4.68 4.48 4.32 4.16 4.03 3.9
1553.121 3.82 3.82 3.83 3.8 3.85 3.91 3.97 4.09 4.2 4.3
1572.415 4.46 4.71 4.97 5.23 5.48 5.75 5.94 6.09 6.21 6.24
1591.708 6.28 6.32 6.32 6.29 6.17 6.07 5.89 5.63 5.35 5.01
1611.002 4.69 4.39 4.11 3.87 3.68 3.5141 3.4366 3.3496 3.2186 3.161
1630.295 3.1088 3.0052 2.9811 2.9752 2.9891 2.9923 3.014 3.0608 3.1528 3.289
1649.588 3.3899 3.5149 3.6336 3.77 3.9 4.01 4.01 3.95 3.89 3.78
1668.882 3.63 3.4912 3.3882 3.2876 3.2078 3.1802 3.1441 3.1241 3.1643 3.1301
1688.175 3.0471 3.0069 2.941 2.8877 2.8265 2.7438 2.66869 2.63163 2.6224 2.5793
1707.469 2.5443 2.5485 2.5958 2.6072 2.63173 2.6662 2.67977 2.71215 2.7419 2.7941
1726.762 2.8513 2.8581 2.9029 2.977 3.0521 3.1523 3.275 3.382 3.4763 3.624
1746.056 3.78 3.93 4.03 4.03 4.03 4 3.9 3.81 3.68 3.5455
1765.349 3.4515 3.4182 3.4281 3.4346 3.4558 3.4779 3.4813 3.5201 3.6157 3.74
1784.642 3.9 4.14 4.55 5.11 5.75 6.33 6.81 7.19 7.35 7.28
1803.936 7.01 6.58 6.08 5.55 5.04 4.58 4.21 3.99 3.84 3.67
1823.229 3.5242 3.3783 3.1898 3.0114 2.8751 2.7901 2.69036 2.6091 2.523 2.423
1842.523 2.384 2.376 2.369 2.36 2.372 2.41 2.416 2.466 2.6102 2.72919
1861.816 2.8509 3.0371 3.294 3.6177 3.95 4.26 4.55 4.85 5.12 5.32
1881.110 5.49 5.56 5.53 5.5 5.46 5.42 5.37 5.28 5.12 4.86
1900.403 4.56 4.25 3.87 3.4995 3.2058 2.9729 2.8073 2.7181 2.64646 2.6055
1919.696 2.64667 2.72227 2.8216 2.9656 3.1492 3.371 3.67 4.04 4.51 5
1938.990 5.5 5.99 6.37 6.66 6.84 6.93 6.94 6.84 6.75 6.69
1958.283 6.6 6.43 6.19 5.83 5.41 4.94 4.38 3.85 3.3736 3
1977.577 2.71088 2.532 2.429 2.343 2.302 2.232 2.157 2.118 2.037 1.973
1996.870 1.958 1.925 1.859 1.804 1.795 1.8 1.763 1.749 1.746 1.742
2016.164 1.794 1.803 1.804 1.821 1.826 1.847 1.848 1.815 1.809 1.807
2035.457 1.786 1.801 1.807 1.799 1.778 1.791 1.829 1.827 1.81 1.788
2054.750 1.815 1.817 1.79 1.806 1.808 1.806 1.785 1.744 1.751 1.772
2074.044 1.769 1.788 1.8 1.846 1.887 1.866 1.876 1.921 1.953 1.961
2093.337 2 2.025 2.046 2.064 2.105 2.183 2.198 2.209 2.245 2.295
2112.631 2.355 2.398 2.409 2.418 2.464 2.493 2.497 2.486 2.457 2.411
2131.924 2.397 2.417 2.371 2.322 2.297 2.262 2.238 2.248 2.263 2.233
2151.218 2.201 2.145 2.107 2.103 2.077 2.064 2.05 2.008 1.969 1.962
2170.511 1.976 1.98 1.945 1.92 1.903 1.878 1.847 1.81 1.798 1.815
2189.804 1.819 1.808 1.793 1.764 1.766 1.791 1.794 1.784 1.796 1.838
2209.098 1.875 1.893 1.902 1.889 1.908 1.945 1.957 1.962 1.971 1.964
2228.391 1.936 1.949 1.978 1.974 1.934 1.908 1.923 1.935 1.93 1.919
2247.685 1.939 1.928 1.913 1.897 1.881 1.907 1.938 1.93 1.915 1.937
2266.978 1.941 1.941 1.94 1.917 1.899 1.899 1.935 1.967 1.971 1.995
2286.272 1.994 1.986 2.01 2.031 2.03 2.015 2.025 2 1.976 2.003
2305.565 2.019 2.094 2.213 2.317 2.415 2.489 2.53 2.532 2.488 2.42
2324.858 2.332 2.217 2.116 2.081 2.062 2.109 2.204 2.258 2.332 2.409
2344.152 2.484 2.481 2.436 2.407 2.325 2.258 2.198 2.166 2.168 2.176
2363.445 2.14 2.123 2.16 2.172 2.171 2.192 2.19 2.173 2.166 2.121
2382.739 2.097 2.071 2.065 2.071 2.021 1.984 2.01 1.989 1.939 1.933
2402.032 1.917 1.882 1.865 1.867 1.859 1.844 1.849 1.877 1.872 1.895
2421.326 1.923 1.895 1.933 1.977 1.95 1.957 2.008 2.011 2.007 2.037
2440.619 2.036 1.981 1.967 1.991 1.942 1.896 1.881 1.843 1.822 1.779
2459.912 1.733 1.733 1.684 1.643 1.65 1.67 1.654 1.62 1.61 1.59
2479.206 1.6 1.61 1.61 1.62 1.57 1.56 1.59 1.57 1.54 1.53
2498.499 1.52 1.52 1.51 1.55 1.58 1.57 1.57 1.6 1.62 1.58
2517.793 1.57 1.57 1.58 1.61 1.62 1.59 1.59 1.61 1.59 1.57
2537.086 1.59 1.6 1.62 1.61 1.62 1.64 1.674 1.72 1.71 1.679
2556.380 1.668 1.67 1.701 1.723 1.733 1.748 1.736 1.735 1.748 1.754
2575.673 1.764 1.811 1.852 1.865 1.897 1.926 1.892 1.848 1.893 1.89
2594.966 1.9 1.966 1.932 1.885 1.867 1.823 1.781 1.78 1.803 1.817
2614.260 1.766 1.686 1.63 1.63 1.651 1.689 1.7 1.63 1.61 1.651
2633.553 1.67 1.6 1.52 1.56 1.6 1.52 1.45 1.44 1.4 1.35
2652.847 1.36 1.36 1.35 1.34 1.35 1.33 1.31 1.35 1.36 1.36
2672.140 1.39 1.46 1.46 1.41 1.42 1.43 1.5 1.53 1.49 1.45
2691.434 1.5 1.47 1.34 1.28 1.29 1.29 1.27 1.25 1.2 1.19
2710.727 1.15 1.13 1.14 1.15 1.11 1.1 1.09 1.07 1.11 1.14
2730.020 1.09 1.08 1.14 1.16 1.13 1.11 1.12 1.12 1.17 1.21
2749.314 1.24 1.33 1.39 1.4 1.42 1.47 1.56 1.57 1.55 1.58
2768.607 1.59 1.57 1.54 1.58 1.62 1.62 1.64 1.61 1.62 1.649
2787.901 1.686 1.718 1.652 1.58 1.51 1.46 1.49 1.47 1.3 1.21
2807.194 1.26 1.19 1.16 1.19 1.14 1.12 1.16 1.14 1.05 1.1
2826.488 1.14 1.13 1.18 1.2 1.18 1.22 1.27 1.33 1.36 1.39
2845.781 1.43 1.45 1.44 1.45 1.56 1.63 1.63 1.703 1.776 1.873
2865.074 1.976 2.099 2.269 2.436 2.65054 2.9065 3.1806 3.4315 3.78 4.3
2884.368 4.95 5.76 6.79 8.12 9.64 11.44 13.46 15.33 17.04 18.47
2903.661 19.28 19.54 19.25 18.55 17.5 16.16 14.72 13.36 12.13 10.95
2922.955 10.01 9.22 8.42 7.79 7.22 6.61 6.02 5.57 5.22 4.86
2942.248 4.49 4.04 3.67 3.4117 3.0786 2.73458 2.5527 2.417 2.285 2.103
2961.542 1.935 1.886 1.843 1.806 1.779 1.754 1.81 1.843 1.86 1.877
2980.835 1.821 1.872 1.946 1.994 2.106 2.156 2.15 2.209 2.313 2.44
3000.128 2.5779 2.70368 2.9624 3.3293 3.6291 3.93 4.35 4.96 5.71 6.58
3019.422 7.77 9.29 11.1 13.4 16.37 19.86 23.84 28.22 32.71 37.03
3038.715 40.52 42.78 43.69 42.99 41.05 38.4 35.3 32.26 29.95 28.71
3058.009 28.87 30.49 33.15 36.67 40.86 45.31 49.35 52.1 53.29 53.03
3077.302 50.98 47.55 43.38 38.82 34.46 30.83 28.34 26.95 26.12 25.28
3096.596 24.43 23.41 21.99 20.23 18.31 16.4 14.66 13.06 11.6 10.31
3115.889 9.17 8.07 7.03 6.05 5.09 4.29 3.6211 2.9606 2.468 2.199
3135.182 1.844 1.41 1.25 1.25 1.25 1.24 1.08 0.97 0.88 0.85
3154.476 0.97 1.01 0.98 0.98 1.03 1.11 1.1 1.1 1.07 0.99
3173.769 1 0.95 0.81 0.71 0.52 0.47 0.49 0.31 0.22 0.16
3193.063 0.05 0.09 0.2 0.19 0.2 0.16 0.09 0.17 0.12 0
3212.356 0.1 0.23 0.2 0.08 0.08 0.16 0.13 0.07 0.16 0.23
3231.650 0.17 0.21 0.2 0.25 0.32 0.34 0.37 0.3 0.31 0.36
3250.943 0.39 0.54 0.62 0.56 0.57 0.67 0.82 0.96 1.04 1.16
3270.236 1.24 1.35 1.52 1.53 1.51 1.42 1.41 1.42 1.32 1.2
3289.530 1.11 1.09 1.04 1.07 1.1 1.03 0.87 0.77 0.96 1.02
3308.823 0.94 0.89 0.94 1.01 0.92 0.82 0.79 0.87 0.95 1.06
3328.117 1.14 1.1 1.14 1.22 1.32 1.36 1.28 1.31 1.33 1.36
3347.410 1.42 1.39 1.28 1.23 1.28 1.32 1.28 1.29 1.32 1.22
3366.704 1.22 1.23 1.21 1.21 1.28 1.21 1.27 1.33 1.26 1.42
3385.997 1.5 1.5 1.48 1.44 1.53 1.61 1.6 1.56 1.57 1.57
3405.290 1.6 1.69 1.641 1.55 1.52 1.56 1.54 1.43 1.5 1.6
3424.584 1.61 1.61 1.6 1.749 1.76 1.63 1.677 1.686 1.712 1.733
3443.877 1.652 1.64 1.701 1.787 1.818 1.787 1.64 1.61 1.733 1.66
3463.171 1.61 1.678 1.61 1.6 1.667 1.58 1.48 1.4 1.45 1.47
3482.464 1.43 1.57 1.656 1.661 1.63 1.56 1.59 1.6 1.57 1.55
3501.758 1.58 1.61 1.642 1.652 1.64 1.57 1.55 1.57 1.69 1.755
3521.051 1.647 1.6 1.691 1.803 1.843 1.898 2.016 2.06 2.142 2.138
3540.344 1.994 2.09 2.267 2.334 2.414 2.465 2.522 2.5561 2.5772 2.5542
3559.638 2.553 2.6259 2.70944 2.8746 2.97 3.0399 3.0833 3.2108 3.5299 3.68
3578.931 3.72 4.06 4.32 4.55 5.01 5.5 6.17 7.05 8.08 9.51
3598.225 11.49 14.37 18.79 24.9 33.12 43.32 53.86 62.76 69.4 73.69
3617.518 74.64 72.25 66.76 58.99 51.02 44.17 38.42 33.57 29.45 25.89
3636.812 22.73 19.82 17.41 15.44 13.69 12.26 11.18 10.29 9.43 8.72
3656.105 8.16 7.55 6.92 6.49 6.12 5.71 5.41 5.11 4.84 4.63
3675.398 4.44 4.26 4.11 4 3.97 3.86 3.77 3.68 3.583 3.4916
3694.692 3.3992 3.3385 3.2719 3.1849 3.1278 3.1165 3.0801 3.0768 2.9699 2.7858
3713.985 2.69699 2.70859 2.70244 2.614 2.64222 2.65397 2.5595 2.5667 2.5588 2.535
3733.279 2.534 2.515 2.511 2.5833 2.6097 2.534 2.523 2.5497 2.5483 2.504
3752.572 2.506 2.5503 2.5499 2.6045 2.69654 2.72621 2.65913 2.66926 2.69276 2.66517
3771.866 2.7654 2.768 2.70661 2.70935 2.7403 2.7977 2.8375 2.8524 2.9001 3.0171
3791.159 2.9901 2.9102 2.9684 3.015 3.079 3.0811 3.061 3.1695 3.2468 3.1757
3810.452 3.1057 3.1988 3.1838 3.1042 3.1485 3.1805 3.1282 3.0545 3.0535 3.0395
3829.746 3.0325 3.0429 3.0892 3.1374 3.1348 3.1268 3.1948 3.2162 3.1205 3.0947
3849.039 3.1297 3.1341 3.1249 3.0414 2.9552 2.9218 2.949 2.9671 2.9487 2.9276
3868.333 2.8098 2.72513 2.73346 2.7764 2.7782 2.7684 2.7556 2.7427 2.774 2.7802
3887.626 2.7988 2.934 2.9963 2.9909 2.9742 3.0021 3.0259 2.9663 2.9126 2.8706
3906.920 2.8786 2.8549 2.8048 2.7865 2.7807 2.7586 2.761 2.7983 2.73022 2.495
3926.213 2.429 2.583 2.65655 2.6275 2.6256 2.63721 2.5986 2.6069 2.66704 2.7447
3945.506 2.7725 2.8016 2.8731 2.8498 2.8769 2.9461 2.9356 3.0167 3.1211 2.9468
3964.800 2.8115 2.7768 2.6215 2.414 2.361 2.361 2.254 2.212 2.138 2.081
3984.093 2.09 2.058 2.036 2.003 1.945 1.986 2.012 1.977 1.934
##END=
