##TITLE=4-Cyclohexylbenzoic acid
##JCAMP-DX=4.24
##DATA TYPE=INFRARED SPECTRUM
##ORIGIN=EPA-IR VAPOR PHASE LIBRARY
##OWNER=SRD/NIST
Collection (C) 2018 copyright by the U.S. Secretary of Commerce
on behalf of the United States of America. All rights reserved.
##CAS REGISTRY NO=20029-52-1
##MOLFORM=C13 H16 O2
##$NIST SOURCE=MSDC-IR
##STATE=gas
##XUNITS=1/CM
##YUNITS=ABSORBANCE
##XFACTOR=1.
##YFACTOR=0.001
##DELTAX=1.92934
##FIRSTX=549.9
##LASTX=3999.5
##FIRSTY=5.43
##MAXX=3999.53
##MINX=549.863
##MAXY=0.1189
##MINY=0
##NPOINTS=1789
##XYDATA=(X++(Y..Y))
549.863 5.43 5.77 6.12 6.26 6.43 6.5 6.63 7.03 7.34 7.55
569.156 7.55 7.66 7.96 7.96 7.55 7.06 6.67 6.24 5.7 5.1
588.450 4.57 4.14 3.85 3.75 3.51 3.19 2.88 2.54 2.43 2.5
607.743 2.45 2.4 2.36 2.41 2.58 2.72 2.99 3.41 4.15 5.47
627.037 7.78 11.19 14.37 15.95 16.41 15.85 13.41 9.92 7.02 5.18
646.330 4.1 3.5 3.13 2.74 2.61 2.52 2.32 2.19 1.9672 1.8539
665.624 1.8954 1.8043 1.6694 1.7182 1.8392 2.0158 2.18 2.32 2.59 2.94
684.917 3.2 3.46 3.85 4.25 4.68 5.15 5.57 6.08 6.7 7.25
704.210 7.75 8.23 8.64 8.99 9.17 9.14 9.09 8.88 8.61 8.35
723.504 8.03 7.86 7.71 7.73 7.96 8.27 8.6 8.9 8.97 8.69
742.797 8.19 7.6 7.05 6.64 6.37 6.26 6.34 6.51 6.75 7.18
762.091 7.75 8.33 8.92 9.35 9.57 9.65 9.5 9.08 8.59 7.98
781.384 7.14 6.29 5.55 4.83 4.17 3.69 3.29 3.02 2.77 2.55
800.678 2.43 2.33 2.22 2.15 2.08 1.9437 1.8637 1.881 1.9974 2.08
819.971 2.14 2.17 2.24 2.33 2.41 2.57 2.88 3.14 3.4 3.77
839.264 4.06 4.33 4.53 4.65 4.68 4.57 4.33 3.99 3.65 3.39
858.558 3.2 2.92 2.62 2.47 2.41 2.34 2.27 2.16 1.9289 1.8659
877.851 1.8494 1.7362 1.6378 1.5955 1.6597 1.6416 1.6165 1.6368 1.635 1.6435
897.145 1.6873 1.665 1.5668 1.5839 1.6458 1.674 1.6905 1.6707 1.634 1.6013
916.438 1.596 1.6037 1.5104 1.4148 1.4357 1.4132 1.3349 1.2864 1.2511 1.2154
935.732 1.2075 1.1993 1.1989 1.1704 1.1568 1.2243 1.2357 1.2722 1.3728 1.3367
955.025 1.2756 1.3581 1.4415 1.4302 1.369 1.3385 1.3565 1.377 1.4222 1.5036
974.318 1.549 1.5969 1.6851 1.7864 1.9512 2.2 2.5 2.86 3.22 3.61
993.612 4.05 4.36 4.5 4.56 4.58 4.57 4.69 5.17 6.15 7.52
1012.905 9 9.95 10.11 9.84 9.06 7.66 6.13 4.98 4.3 3.89
1032.199 3.67 3.54 3.44 3.44 3.54 3.73 3.9 4.12 4.56 5.13
1051.492 5.81 6.6 7.63 9.08 10.89 13.26 16.18 19.8 24.49 30.15
1070.786 36.68 43.54 49.49 53.28 54.15 51.98 47.15 40.42 33.02 26.61
1090.079 21.83 18.42 15.93 14.12 12.76 11.66 10.74 9.87 9.09 8.3
1109.372 7.72 7.28 6.85 6.64 6.47 6.25 6.27 6.43 6.49 6.59
1128.666 6.79 6.93 7.08 7.28 7.43 7.67 7.95 8.15 8.33 8.66
1147.959 8.97 9.3 9.89 10.76 12.02 13.75 15.93 19.03 23.71 30.08
1167.253 37.79 45.56 51.51 53.98 52.84 48.71 41.6 33.32 26.48 22.35
1186.546 20.73 20.51 20.59 20.51 20.08 18.75 16.68 14.49 12.57 11.12
1205.840 10.13 9.45 8.96 8.62 8.32 7.95 7.74 7.86 7.77 7.27
1225.133 7.08 7.04 6.98 6.88 6.61 6.4 6.37 6.41 6.61 6.78
1244.426 6.76 6.77 6.89 7.13 7.33 7.66 8.17 8.67 9.16 9.68
1263.720 10.16 10.57 10.92 11.27 11.54 11.6 11.54 11.33 11.06 10.92
1283.013 10.68 10.28 9.9 9.43 8.97 8.78 8.55 8.29 8.17 8.04
1302.307 8 8.11 8.16 8.27 8.45 8.65 8.87 9.14 9.55 10.02
1321.600 10.62 11.4 12.25 13.15 14 14.73 15.25 15.5 15.45 15.1
1340.894 14.64 14.14 13.72 13.64 13.85 14.16 14.75 15.63 16.74 18.04
1360.187 19.2 19.88 19.71 18.68 16.95 14.55 11.92 9.6 7.83 6.5
1379.480 5.52 4.78 4.24 3.88 3.65 3.52 3.47 3.51 3.56 3.65
1398.774 3.85 4.1 4.35 4.74 5.3 5.78 6.2 6.64 7 7.11
1418.067 6.95 6.58 6.06 5.42 4.77 4.24 3.83 3.57 3.46 3.45
1437.361 3.62 3.89 4.34 5.01 5.74 6.43 7.06 7.57 7.71 7.45
1456.654 7.01 6.37 5.63 4.95 4.35 3.86 3.41 3.04 2.76 2.51
1475.948 2.35 2.24 2.16 2.06 1.9441 1.9337 1.9341 1.9229 1.9594 2.0278
1495.241 2.09 2.21 2.37 2.48 2.61 2.84 3.04 3.05 2.96 2.82
1514.534 2.66 2.44 2.24 2.08 1.8977 1.7672 1.7245 1.6618 1.5966 1.6202
1533.828 1.6301 1.6196 1.7144 1.7815 1.7125 1.6627 1.7093 1.739 1.7235 1.7705
1553.121 1.8103 1.8943 2.04 2.18 2.31 2.44 2.66 2.94 3.18 3.38
1572.415 3.48 3.52 3.51 3.33 3.22 3.15 3.11 3.28 3.54 3.9
1591.708 4.42 5.08 5.87 6.83 7.97 9.23 10.69 12.3 13.84 15.03
1611.002 15.65 15.55 14.69 13.07 10.92 8.71 6.75 5.24 4.23 3.58
1630.295 3.2 2.95 2.77 2.65 2.42 2.2 2.1 2.0174 1.9723 1.9183
1649.588 1.8389 1.9323 1.955 1.8252 1.8036 1.8219 1.8546 1.902 1.932 2.0149
1668.882 2.12 2.15 2.19 2.3 2.4 2.49 2.57 2.67 2.83 2.88
1688.175 2.98 3.08 3.23 3.4 3.5 3.62 3.81 3.92 3.98 4.1
1707.469 4.22 4.4 4.6 4.88 5.11 5.29 5.52 5.71 5.92 6.26
1726.762 6.79 7.44 8.27 9.4 10.83 12.56 14.78 17.75 21.69 26.98
1746.056 34.1 43.96 57.6 75.56 95.14 111.02 118.9 118.89 111.52 95.16
1765.349 73.26 53.29 38.98 29.38 22.42 17.49 14.05 11.61 9.94 8.76
1784.642 7.86 7.13 6.53 5.97 5.45 5.06 4.78 4.57 4.49 4.4
1803.936 4.22 4.13 4.05 3.86 3.75 3.75 3.65 3.53 3.48 3.36
1823.229 3.18 2.99 2.75 2.56 2.37 2.13 1.9691 1.8134 1.7134 1.647
1842.523 1.5472 1.4985 1.4443 1.4046 1.3793 1.3256 1.2862 1.2584 1.2187 1.1718
1861.816 1.1407 1.11955 1.09533 1.11204 1.1364 1.12835 1.12296 1.10016 1.07778 1.10005
1881.110 1.12105 1.10928 1.07556 1.07757 1.10029 1.10916 1.12813 1.135 1.1661 1.208
1900.403 1.258 1.3552 1.4275 1.4751 1.5628 1.6814 1.7317 1.7749 1.8254 1.8338
1919.696 1.8469 1.8627 1.8646 1.8572 1.8368 1.8024 1.7591 1.7278 1.7226 1.6555
1938.990 1.5435 1.4017 1.3564 1.3393 1.2664 1.2615 1.1854 1.10072 1.06831 1.06714
1958.283 1.07217 1.04522 1.0148 0.9998 1.0174 1.02848 1.03608 1.04021 1.02056 1.0144
1977.577 0.996 0.999 1.06228 1.05268 1.0099 0.9941 0.9769 0.9523 0.9369 0.916
1996.870 0.896 0.907 0.9 0.908 0.94 0.918 0.896 0.907 0.9 0.874
2016.164 0.911 0.908 0.88 0.901 0.867 0.831 0.828 0.845 0.803 0.764
2035.457 0.796 0.743 0.711 0.784 0.776 0.765 0.819 0.815 0.74 0.749
2054.750 0.762 0.665 0.618 0.689 0.755 0.721 0.699 0.691 0.661 0.674
2074.044 0.708 0.725 0.723 0.718 0.698 0.684 0.714 0.73 0.723 0.713
2093.337 0.683 0.706 0.722 0.712 0.703 0.7 0.667 0.615 0.627 0.65
2112.631 0.6 0.565 0.603 0.62 0.606 0.599 0.629 0.646 0.696 0.738
2131.924 0.731 0.745 0.758 0.759 0.773 0.798 0.839 0.798 0.792 0.844
2151.218 0.869 0.888 0.903 0.9425 0.923 0.834 0.781 0.781 0.78 0.792
2170.511 0.751 0.714 0.683 0.637 0.642 0.684 0.709 0.668 0.657 0.667
2189.804 0.657 0.672 0.686 0.642 0.62 0.622 0.641 0.658 0.617 0.608
2209.098 0.617 0.585 0.571 0.621 0.63 0.601 0.609 0.628 0.61 0.61
2228.391 0.596 0.583 0.615 0.641 0.647 0.645 0.651 0.661 0.69 0.695
2247.685 0.673 0.611 0.589 0.603 0.6 0.619 0.632 0.561 0.514 0.552
2266.978 0.525 0.481 0.493 0.528 0.525 0.51 0.511 0.504 0.49 0.474
2286.272 0.517 0.532 0.523 0.544 0.548 0.528 0.511 0.539 0.564 0.529
2305.565 0.506 0.512 0.537 0.567 0.554 0.539 0.559 0.547 0.537 0.614
2324.858 0.611 0.602 0.651 0.658 0.668 0.685 0.661 0.659 0.694 0.709
2344.152 0.698 0.725 0.764 0.729 0.682 0.667 0.686 0.684 0.643 0.613
2363.445 0.619 0.676 0.701 0.713 0.704 0.645 0.599 0.589 0.606 0.64
2382.739 0.66 0.614 0.606 0.646 0.637 0.606 0.599 0.578 0.571 0.556
2402.032 0.543 0.583 0.555 0.528 0.489 0.486 0.545 0.511 0.488 0.485
2421.326 0.489 0.522 0.513 0.473 0.468 0.531 0.601 0.585 0.529 0.551
2440.619 0.561 0.485 0.483 0.543 0.505 0.433 0.427 0.436 0.483 0.498
2459.912 0.429 0.428 0.443 0.422 0.454 0.486 0.471 0.444 0.436 0.478
2479.206 0.474 0.467 0.47 0.479 0.491 0.485 0.545 0.511 0.475 0.428
2498.499 0.381 0.429 0.434 0.417 0.433 0.434 0.399 0.394 0.397 0.396
2517.793 0.397 0.417 0.346 0.337 0.366 0.357 0.411 0.396 0.351 0.363
2537.086 0.367 0.397 0.373 0.281 0.318 0.35 0.37 0.382 0.351 0.378
2556.380 0.393 0.366 0.348 0.368 0.374 0.363 0.348 0.335 0.368 0.371
2575.673 0.361 0.385 0.44 0.474 0.465 0.479 0.492 0.47 0.444 0.432
2594.966 0.392 0.388 0.427 0.409 0.355 0.324 0.325 0.395 0.46 0.465
2614.260 0.416 0.368 0.442 0.474 0.422 0.409 0.437 0.451 0.405 0.381
2633.553 0.389 0.367 0.415 0.447 0.385 0.391 0.471 0.496 0.491 0.528
2652.847 0.577 0.601 0.569 0.617 0.709 0.657 0.672 0.714 0.597 0.542
2672.140 0.591 0.605 0.604 0.56 0.516 0.571 0.581 0.481 0.429 0.393
2691.434 0.339 0.376 0.285 0.234 0.298 0.318 0.347 0.296 0.275 0.301
2710.727 0.258 0.215 0.228 0.187 0.169 0.134 0.064 0.082 0.103 0.072
2730.020 0.098 0.147 0.093 0.02 0 0.02 0 0.045 0.137 0.139
2749.314 0.121 0.139 0.113 0.053 0.112 0.138 0.151 0.171 0.188 0.26
2768.607 0.331 0.311 0.292 0.413 0.405 0.384 0.566 0.656 0.611 0.577
2787.901 0.557 0.599 0.645 0.689 0.804 0.807 0.803 0.841 0.787 0.758
2807.194 0.726 0.671 0.652 0.733 0.867 0.989 1.03034 1.04068 1.1486 1.2597
2826.488 1.3087 1.4468 1.5921 1.6713 1.8246 2.04 2.26 2.68 3.27 3.87
2845.781 4.71 5.92 7.41 9.21 11.55 14.3 17.2 19.95 21.97 23.15
2865.074 23.26 22.22 20.32 17.98 15.8 13.88 12.13 10.67 9.4 8.33
2884.368 7.56 6.96 6.45 6.07 5.86 5.9 6.18 6.68 7.38 8.23
2903.661 9.19 10.2 11.3 12.48 13.86 15.42 17.27 19.69 22.65 26.4
2922.955 31.24 36.93 43.29 50.24 57.58 64.56 70.11 73.52 74.66 72.89
2942.248 67.45 59.07 49.56 40.24 31.32 23.45 17.43 13.12 10.1 8.07
2961.542 6.62 5.5 4.58 3.88 3.26 2.8 2.35 2.0232 1.9162 1.7432
2980.835 1.5935 1.6045 1.6681 1.4729 1.3784 1.3964 1.3312 1.3837 1.3842 1.4052
3000.128 1.3977 1.4844 1.6132 1.5391 1.5882 1.6554 1.7114 1.7664 1.7684 1.7171
3019.422 1.7485 1.6933 1.7034 1.9496 1.9574 2.08 2.21 2.17 2.37 2.66
3038.715 2.77 2.84 2.84 2.64 2.45 2.49 2.43 2.24 2.28 2.28
3058.009 2.06 1.9514 1.9045 1.8667 2.0182 1.9822 1.8386 1.7671 1.815 1.8649
3077.302 1.8343 1.6868 1.5546 1.562 1.5418 1.6291 1.6866 1.7077 1.6923 1.7659
3096.596 1.7769 1.7076 1.7221 1.7045 1.4849 1.2872 1.2534 1.1879 1.06084 0.9496
3115.889 0.903 0.743 0.707 0.752 0.69 0.6 0.597 0.665 0.671 0.619
3135.182 0.509 0.437 0.411 0.41 0.349 0.41 0.532 0.577 0.582 0.564
3154.476 0.691 0.645 0.585 0.656 0.571 0.58 0.587 0.493 0.423 0.463
3173.769 0.471 0.496 0.534 0.448 0.451 0.527 0.553 0.433 0.443 0.393
3193.063 0.297 0.399 0.438 0.436 0.453 0.422 0.447 0.469 0.477 0.552
3212.356 0.494 0.558 0.609 0.479 0.481 0.522 0.503 0.571 0.601 0.435
3231.650 0.411 0.455 0.285 0.439 0.581 0.531 0.573 0.611 0.716 0.619
3250.943 0.653 0.814 0.75 0.832 0.965 0.782 0.677 0.645 0.659 0.709
3270.236 0.676 0.787 0.9756 0.895 0.823 0.862 0.819 0.765 0.843 0.9812
3289.530 1.0054 0.914 0.798 0.684 0.679 0.706 0.777 0.91 0.9712 0.9963
3308.823 0.886 0.804 0.776 0.784 0.809 0.9429 1.02408 0.9621 0.9584 0.9738
3328.117 0.9708 0.9666 0.927 0.935 1.07238 1.1757 0.9622 0.799 0.9378 0.917
3347.410 0.866 0.847 0.887 1.04171 1.03327 1.04294 1.02139 1.02858 1.07628 0.9789
3366.704 1.08684 1.2739 1.2283 1.1386 1.202 1.1947 1.2084 1.2773 1.2421 1.2564
3385.997 1.3129 1.3461 1.1948 1.1736 1.2846 1.2269 1.168 1.1744 1.11321 1.03988
3405.290 1.182 1.3031 1.2306 1.2228 1.1777 1.262 1.4695 1.4571 1.3669 1.1622
3424.584 1.2483 1.2854 1.2789 1.3905 1.3265 1.3194 1.2586 1.1636 1.2644 1.2841
3443.877 1.2224 1.3941 1.4152 1.2622 1.2544 1.2992 1.319 1.2554 1.2266 1.2879
3463.171 1.2212 1.2079 1.2535 1.1962 1.2432 1.2582 1.2771 1.3895 1.3997 1.3978
3482.464 1.2544 1.2627 1.5112 1.6684 1.7073 1.6759 1.7195 1.9109 1.9952 1.8995
3501.758 1.799 1.671 1.6058 1.6577 1.6167 1.5637 1.5776 1.5485 1.5056 1.452
3521.051 1.3589 1.351 1.3268 1.4319 1.5652 1.5854 1.6391 1.5282 1.548 1.5935
3540.344 1.4153 1.459 1.5294 1.4943 1.5028 1.5883 1.7879 1.8891 1.9577 2.1
3559.638 2.23 2.49 2.95 3.45 4.23 5.45 7.38 10.25 14.45 20.28
3578.931 26.98 33.19 37.08 37.58 34.79 29.31 21.93 14.35 8.65 5.27
3598.225 3.59 2.82 2.35 2.09 2.0066 1.8424 1.6481 1.5922 1.5773 1.5066
3617.518 1.3585 1.3844 1.4748 1.4159 1.4401 1.5327 1.4689 1.3615 1.3514 1.3567
3636.812 1.4306 1.4562 1.39 1.3824 1.3405 1.2534 1.1585 1.09536 1.1724 1.3158
3656.105 1.3385 1.3212 1.3365 1.2463 1.1931 1.1622 1.08164 1.12614 1.2378 1.2306
3675.398 1.2213 1.1764 1.12605 1.1305 1.1425 1.2174 1.1946 1.10176 1.08699 1.08112
3694.692 1.09255 1.09559 0.944 0.876 1.02216 1.1422 1.1964 1.09932 0.9935 1.11775
3713.985 1.145 0.993 1.02923 1.05277 0.9716 1.0617 1.1576 1.2245 1.2376 1.1879
3733.279 1.1305 1.1406 1.1713 1.06764 1.0117 1.07781 1.1364 1.166 1.2001 1.1825
3752.572 1.156 1.2083 1.1741 1.12792 1.08759 1.0198 1.0153 0.918 0.887 1.0032
3771.866 1.0132 0.9751 1.02511 1.04654 1.0137 1.1064 1.08562 0.882 0.92 1.0065
3791.159 0.9304 0.856 0.9394 1.03304 0.9539 0.886 0.922 0.9852 1.0166 0.916
3810.452 0.827 0.811 0.785 0.918 0.929 0.831 0.833 0.789 0.815 0.843
3829.746 0.797 0.832 0.847 0.754 0.824 0.772 0.798 1.0197 0.9666 0.9659
3849.039 0.9819 0.886 0.916 0.914 0.842 0.877 0.843 0.785 0.752 0.734
3868.333 0.811 0.846 0.884 0.784 0.67 0.722 0.748 0.748 0.742 0.718
3887.626 0.728 0.862 0.857 0.74 0.746 0.685 0.711 0.799 0.888 0.804
3906.920 0.58 0.627 0.826 0.9654 0.843 0.644 0.789 0.87 0.812 0.819
3926.213 0.725 0.794 0.888 0.752 0.68 0.773 0.848 0.774 0.699 0.824
3945.506 0.91 0.863 0.861 0.856 0.825 0.781 0.735 0.758 0.822 0.817
3964.800 0.725 0.647 0.604 0.713 0.744 0.648 0.681 0.723 0.779 0.774
3984.093 0.653 0.604 0.691 0.699 0.642 0.629 0.662 0.662 0.613
##END=
