##TITLE=DI-N-AMYL CARBONATE
$$ E.K. NO. 3524
##JCAMP-DX=4.24
##DATA TYPE=INFRARED SPECTRUM
##CLASS=COBLENTZ
##ORIGIN=WYANDOTTE CHEMICALS CORP., WYANDOTTE, MICHIGAN, USA
##OWNER=COBLENTZ SOCIETY
Collection (C) 2018 copyright by the U.S. Secretary of Commerce
on behalf of the United States of America. All rights reserved.
##DATE=Not specified, most likely prior to 1970
##NAMES=dipentyl carbonate
##CAS REGISTRY NO=2050-94-4
##MOLFORM=C11 H22 O3
##BP=130-132 C AT 20 mmHg
##SOURCE REFERENCE=COBLENTZ NO. 111
##$NIST SOURCE=COBLENTZ
##$NIST IMAGE=cob111
##SPECTROMETER/DATA SYSTEM=Not specified, most likely a prism, grating, or hybrid spectrometer.
##STATE=LIQUID
##PATH LENGTH=0.003 CM
##SAMPLING PROCEDURE=TRANSMISSION
##RESOLUTION=4
##DATA PROCESSING=DIGITIZED BY NIST FROM HARD COPY
##XUNITS=MICROMETERS
##YUNITS=TRANSMITTANCE
##XFACTOR=1.000000
##YFACTOR=1
##DELTAX=000.006406
##FIRSTX=2.021
##LASTX=15.9914
##FIRSTY=0.985
##MAXX=15.9914
##MINX=2.021
##MAXY=0.991
##MINY=0.003
##NPOINTS=2182
##XYDATA=(X++(Y..Y))
2.021000 0.9850 0.9870 0.9870 0.9880 0.9880
2.053043 0.9900 0.9900 0.9880 0.9900 0.9880
2.085000 0.9880 0.9880 0.9900 0.9910 0.9910
2.117043 0.9910 0.9900 0.9900 0.9880 0.9830
2.149000 0.9800 0.9780 0.9740 0.9700 0.9670
2.181043 0.9620 0.9610 0.9540 0.9510 0.9410
2.213000 0.9330 0.9300 0.9300 0.9300 0.9280
2.245043 0.9270 0.9270 0.9270 0.9270 0.9280
2.277000 0.9300 0.9320 0.9330 0.9350 0.9350
2.309043 0.9350 0.9330 0.9320 0.9300 0.9280
2.341000 0.9320 0.9430 0.9460 0.9460 0.9460
2.373043 0.9480 0.9460 0.9460 0.9450 0.9430
2.405000 0.9430 0.9430 0.9460 0.9480 0.9490
2.437043 0.9510 0.9530 0.9530 0.9540 0.9560
2.469000 0.9570 0.9590 0.9590 0.9610 0.9610
2.501043 0.9610 0.9610 0.9660 0.9660 0.9670
2.533000 0.9670 0.9690 0.9700 0.9700 0.9720
2.565043 0.9740 0.9740 0.9740 0.9720 0.9720
2.597000 0.9720 0.9700 0.9690 0.9700 0.9700
2.629043 0.9720 0.9770 0.9800 0.9800 0.9800
2.661000 0.9800 0.9800 0.9800 0.9800 0.9820
2.693043 0.9820 0.9780 0.9770 0.9770 0.9750
2.725000 0.9750 0.9770 0.9770 0.9780 0.9800
2.757043 0.9820 0.9820 0.9820 0.9800 0.9750
2.789000 0.9750 0.9720 0.9720 0.9700 0.9740
2.821043 0.9770 0.9780 0.9800 0.9800 0.9820
2.853000 0.9820 0.9820 0.9780 0.9740 0.9660
2.885043 0.9620 0.9530 0.9490 0.9510 0.9540
2.917000 0.9560 0.9590 0.9620 0.9670 0.9700
2.949043 0.9740 0.9750 0.9770 0.9780 0.9750
2.981000 0.9740 0.9720 0.9720 0.9720 0.9750
3.013043 0.9750 0.9770 0.9780 0.9800 0.9800
3.046000 0.9800 0.9780 0.9780 0.9750 0.9700
3.078043 0.9690 0.9670 0.9670 0.9670 0.9690
3.110000 0.9690 0.9660 0.9640 0.9590 0.9540
3.142043 0.9530 0.9510 0.9490 0.9480 0.9480
3.174000 0.9480 0.9460 0.9460 0.9450 0.9330
3.206043 0.9280 0.9270 0.9270 0.9250 0.9240
3.238000 0.9200 0.9140 0.9070 0.9010 0.8910
3.270043 0.8800 0.8540 0.8330 0.8170 0.7860
3.302000 0.7170 0.6650 0.5540 0.5040 0.4000
3.334043 0.2920 0.2130 0.1220 0.0580 0.0030
3.366000 0.0030 0.0110 0.0140 0.0140 0.0270
3.398043 0.0320 0.0330 0.0380 0.0450 0.0500
3.430000 0.0640 0.0790 0.0920 0.1090 0.1210
3.462043 0.1210 0.1160 0.1160 0.0980 0.0920
3.494000 0.0920 0.1340 0.1840 0.2480 0.3360
3.526043 0.4200 0.4990 0.5520 0.6600 0.7220
3.558000 0.7600 0.7800 0.7990 0.8040 0.8170
3.590043 0.8300 0.8490 0.8520 0.8570 0.8590
3.622000 0.8640 0.8650 0.8670 0.8670 0.8690
3.654043 0.8700 0.8720 0.8720 0.8730 0.8730
3.686000 0.8750 0.8800 0.8860 0.8930 0.8980
3.718043 0.8990 0.8980 0.8990 0.8990 0.8990
3.750000 0.9010 0.9040 0.9120 0.9140 0.9170
3.782043 0.9200 0.9220 0.9240 0.9300 0.9380
3.814000 0.9360 0.9360 0.9360 0.9360 0.9360
3.846043 0.9380 0.9380 0.9410 0.9430 0.9460
3.878000 0.9490 0.9510 0.9510 0.9510 0.9510
3.910043 0.9530 0.9540 0.9540 0.9540 0.9540
3.942000 0.9540 0.9530 0.9530 0.9510 0.9490
3.974043 0.9480 0.9480 0.9480 0.9460 0.9460
4.006000 0.9460 0.9480 0.9480 0.9490 0.9490
4.038043 0.9510 0.9510 0.9530 0.9530 0.9530
4.070000 0.9530 0.9530 0.9530 0.9510 0.9510
4.102043 0.9490 0.9510 0.9510 0.9490 0.9490
4.135000 0.9490 0.9490 0.9510 0.9510 0.9510
4.167043 0.9510 0.9510 0.9510 0.9490 0.9490
4.199000 0.9480 0.9480 0.9460 0.9460 0.9450
4.231043 0.9450 0.9430 0.9450 0.9430 0.9430
4.263000 0.9430 0.9450 0.9450 0.9460 0.9480
4.295043 0.9480 0.9480 0.9480 0.9480 0.9490
4.327000 0.9490 0.9510 0.9530 0.9530 0.9530
4.359043 0.9540 0.9540 0.9540 0.9530 0.9530
4.391000 0.9540 0.9540 0.9540 0.9560 0.9560
4.423043 0.9540 0.9540 0.9530 0.9510 0.9510
4.455000 0.9510 0.9510 0.9490 0.9490 0.9510
4.487043 0.9510 0.9510 0.9510 0.9510 0.9490
4.519000 0.9490 0.9480 0.9480 0.9460 0.9460
4.551043 0.9450 0.9430 0.9410 0.9400 0.9380
4.583000 0.9360 0.9360 0.9350 0.9300 0.9280
4.615043 0.9270 0.9300 0.9300 0.9360 0.9410
4.647000 0.9430 0.9450 0.9460 0.9460 0.9480
4.679043 0.9480 0.9490 0.9510 0.9510 0.9510
4.711000 0.9510 0.9510 0.9530 0.9560 0.9570
4.743043 0.9590 0.9610 0.9620 0.9640 0.9660
4.775000 0.9660 0.9660 0.9660 0.9660 0.9660
4.807043 0.9660 0.9660 0.9620 0.9620 0.9620
4.839000 0.9620 0.9620 0.9620 0.9620 0.9620
4.871043 0.9620 0.9610 0.9620 0.9620 0.9620
4.903000 0.9640 0.9640 0.9640 0.9640 0.9640
4.935043 0.9620 0.9620 0.9620 0.9640 0.9640
4.967000 0.9670 0.9690 0.9700 0.9700 0.9700
4.999043 0.9700 0.9700 0.9700 0.9700 0.9670
5.031000 0.9640 0.9610 0.9590 0.9510 0.9480
5.063043 0.9460 0.9460 0.9480 0.9490 0.9490
5.095000 0.9530 0.9530 0.9540 0.9540 0.9540
5.127043 0.9540 0.9540 0.9540 0.9540 0.9530
5.159000 0.9530 0.9530 0.9530 0.9540 0.9540
5.191043 0.9540 0.9540 0.9590 0.9620 0.9640
5.223000 0.9660 0.9660 0.9660 0.9670 0.9670
5.255043 0.9660 0.9640 0.9590 0.9560 0.9570
5.288000 0.9570 0.9590 0.9590 0.9620 0.9590
5.320043 0.9560 0.9510 0.9490 0.9490 0.9490
5.352000 0.9490 0.9490 0.9490 0.9450 0.9380
5.384043 0.9350 0.9320 0.9250 0.9240 0.9200
5.416000 0.9190 0.9170 0.9150 0.9120 0.9030
5.448043 0.8990 0.8940 0.8830 0.8770 0.8750
5.480000 0.8730 0.8700 0.8620 0.8520 0.8380
5.512043 0.8300 0.8200 0.8140 0.8090 0.8020
5.544000 0.7980 0.7880 0.7830 0.7770 0.7680
5.576043 0.7590 0.7590 0.7390 0.7170 0.6890
5.608000 0.6650 0.6490 0.6340 0.6070 0.5600
5.640043 0.5020 0.4910 0.4000 0.3260 0.2320
5.672000 0.1770 0.0980 0.0590 0.0350 0.0300
5.704043 0.0290 0.0270 0.0270 0.0300 0.0320
5.736000 0.0330 0.0420 0.0560 0.1170 0.1580
5.768043 0.2270 0.2680 0.3160 0.3550 0.4080
5.800000 0.4470 0.4990 0.5410 0.5540 0.5700
5.832043 0.5780 0.5830 0.5880 0.5910 0.5940
5.864000 0.5990 0.6050 0.6300 0.6730 0.7010
5.896043 0.7150 0.7280 0.7360 0.7430 0.7520
5.928000 0.7590 0.7680 0.7830 0.7890 0.7940
5.960043 0.7990 0.8010 0.8040 0.8140 0.8190
5.992000 0.8280 0.8360 0.8410 0.8510 0.8540
6.024043 0.8540 0.8560 0.8560 0.8570 0.8570
6.056000 0.8610 0.8640 0.8720 0.8730 0.8730
6.088043 0.8730 0.8750 0.8770 0.8780 0.8800
6.120000 0.8800 0.8820 0.8820 0.8820 0.8800
6.152043 0.8800 0.8800 0.8800 0.8770 0.8730
6.184000 0.8720 0.8650 0.8610 0.8540 0.8430
6.216043 0.8270 0.8230 0.8150 0.8150 0.8100
6.248000 0.8150 0.8190 0.8270 0.8380 0.8480
6.280043 0.8520 0.8590 0.8620 0.8650 0.8700
6.312000 0.8780 0.8830 0.8850 0.8880 0.8910
6.344043 0.8940 0.8980 0.8980 0.8980 0.8980
6.377000 0.8940 0.8930 0.8880 0.8860 0.8900
6.409043 0.8900 0.8900 0.8900 0.8880 0.8850
6.441000 0.8770 0.8700 0.8670 0.8670 0.8670
6.473043 0.8670 0.8670 0.8670 0.8670 0.8650
6.505000 0.8640 0.8610 0.8590 0.8520 0.8480
6.537043 0.8460 0.8410 0.8360 0.8330 0.8310
6.569000 0.8280 0.8270 0.8270 0.8190 0.8090
6.601043 0.8040 0.7980 0.7880 0.7780 0.7730
6.633000 0.7650 0.7540 0.7410 0.7230 0.7090
6.665043 0.6990 0.6550 0.6180 0.5580 0.5280
6.697000 0.4890 0.4410 0.4030 0.3660 0.3370
6.729043 0.3020 0.2790 0.2340 0.2000 0.1510
6.761000 0.1030 0.0790 0.0720 0.0720 0.0870
6.793043 0.0930 0.1030 0.1130 0.1220 0.1300
6.825000 0.1480 0.1680 0.1970 0.2180 0.2430
6.857043 0.2730 0.2920 0.3390 0.3820 0.4070
6.889000 0.4200 0.4290 0.4420 0.4450 0.4500
6.921043 0.4600 0.4680 0.4790 0.4950 0.5150
6.953000 0.5340 0.5570 0.5790 0.5880 0.5970
6.985043 0.5990 0.5990 0.5990 0.5890 0.5550
7.017000 0.5280 0.5000 0.4660 0.4230 0.3940
7.049043 0.3360 0.2890 0.2470 0.1760 0.1370
7.081000 0.1210 0.1060 0.0840 0.0710 0.0710
7.113043 0.0800 0.0930 0.1210 0.1480 0.1980
7.145000 0.2390 0.2820 0.3230 0.3320 0.3370
7.177043 0.3320 0.3100 0.2810 0.2560 0.2290
7.209000 0.2220 0.2270 0.2320 0.2350 0.2520
7.241043 0.2660 0.3020 0.3270 0.3550 0.3780
7.273000 0.3820 0.4030 0.4150 0.4290 0.4420
7.305043 0.4450 0.4490 0.4530 0.4530 0.4600
7.337000 0.4680 0.4780 0.4940 0.4990 0.5020
7.369043 0.5120 0.5100 0.5040 0.4970 0.4840
7.401000 0.4780 0.4790 0.4830 0.4830 0.4870
7.433043 0.4870 0.4920 0.4840 0.4710 0.4550
7.465000 0.4280 0.3990 0.3650 0.3450 0.3130
7.497043 0.2940 0.2640 0.2430 0.2210 0.2140
7.530000 0.2060 0.2010 0.2000 0.2000 0.1980
7.562043 0.1970 0.1920 0.1900 0.1890 0.1840
7.594000 0.1820 0.1740 0.1660 0.1550 0.1480
7.626043 0.1340 0.1220 0.1140 0.0980 0.0870
7.658000 0.0670 0.0640 0.0610 0.0590 0.0510
7.690043 0.0480 0.0420 0.0400 0.0380 0.0350
7.722000 0.0320 0.0300 0.0290 0.0270 0.0270
7.754043 0.0270 0.0270 0.0270 0.0250 0.0240
7.786000 0.0240 0.0220 0.0220 0.0220 0.0220
7.818043 0.0220 0.0220 0.0240 0.0250 0.0250
7.850000 0.0250 0.0250 0.0250 0.0250 0.0240
7.882043 0.0240 0.0240 0.0240 0.0240 0.0240
7.914000 0.0220 0.0220 0.0220 0.0220 0.0220
7.946043 0.0220 0.0220 0.0220 0.0220 0.0240
7.978000 0.0240 0.0240 0.0240 0.0240 0.0220
8.010043 0.0220 0.0220 0.0240 0.0240 0.0240
8.042000 0.0250 0.0270 0.0290 0.0290 0.0290
8.074043 0.0290 0.0300 0.0320 0.0330 0.0400
8.106000 0.0450 0.0590 0.0740 0.0880 0.1030
8.138043 0.1140 0.1210 0.1290 0.1470 0.1590
8.170000 0.1630 0.1690 0.1800 0.1870 0.2000
8.202043 0.2310 0.2450 0.2580 0.2740 0.2870
8.234000 0.3100 0.3290 0.3500 0.3690 0.3870
8.266043 0.4150 0.4360 0.4550 0.4860 0.5080
8.298000 0.5160 0.5330 0.5500 0.5700 0.5840
8.330043 0.5970 0.6130 0.6260 0.6340 0.6390
8.362000 0.6420 0.6510 0.6590 0.6650 0.6700
8.394043 0.6730 0.6780 0.6830 0.6910 0.6940
8.426000 0.6960 0.6970 0.7010 0.7010 0.6990
8.458043 0.6960 0.6910 0.6810 0.6730 0.6540
8.490000 0.6440 0.6330 0.6310 0.6280 0.6250
8.522043 0.6280 0.6310 0.6380 0.6460 0.6540
8.554000 0.6600 0.6650 0.6700 0.6730 0.6750
8.586043 0.6730 0.6720 0.6730 0.6730 0.6730
8.619000 0.6730 0.6750 0.6800 0.6810 0.6840
8.651043 0.6890 0.6990 0.7040 0.7100 0.7180
8.683000 0.7250 0.7330 0.7390 0.7430 0.7470
8.715043 0.7520 0.7540 0.7540 0.7540 0.7540
8.747000 0.7540 0.7540 0.7510 0.7470 0.7470
8.779043 0.7380 0.7350 0.7310 0.7280 0.7260
8.811000 0.7180 0.7100 0.7090 0.6970 0.6840
8.843043 0.6780 0.6650 0.6590 0.6510 0.6440
8.875000 0.6440 0.6440 0.6440 0.6440 0.6440
8.907043 0.6460 0.6490 0.6510 0.6520 0.6520
8.939000 0.6520 0.6540 0.6550 0.6590 0.6600
8.971043 0.6620 0.6650 0.6680 0.6720 0.6730
9.003000 0.6780 0.6840 0.6910 0.6930 0.6940
9.035043 0.6960 0.6960 0.6970 0.6970 0.6970
9.067000 0.6840 0.6780 0.6750 0.6670 0.6630
9.099043 0.6620 0.6570 0.6540 0.6520 0.6520
9.131000 0.6520 0.6540 0.6540 0.6540 0.6540
9.163043 0.6520 0.6510 0.6470 0.6390 0.6330
9.195000 0.6200 0.6040 0.5920 0.5810 0.5700
9.227043 0.5460 0.5340 0.5000 0.4890 0.4700
9.259000 0.4620 0.4520 0.4490 0.4340 0.4310
9.291043 0.4310 0.4310 0.4290 0.4310 0.4320
9.323000 0.4470 0.4570 0.4710 0.4810 0.4920
9.355043 0.4970 0.5040 0.5150 0.5250 0.5310
9.387000 0.5340 0.5340 0.5210 0.5150 0.5050
9.419043 0.4990 0.4780 0.4600 0.4530 0.4410
9.451000 0.4310 0.4200 0.4030 0.3870 0.3660
9.483043 0.3500 0.3320 0.3180 0.2900 0.2770
9.515000 0.2580 0.2500 0.2390 0.2340 0.2310
9.547043 0.2310 0.2340 0.2350 0.2390 0.2470
9.579000 0.2500 0.2610 0.2730 0.2790 0.2900
9.611043 0.3110 0.3180 0.3230 0.3340 0.3450
9.643000 0.3610 0.3680 0.3730 0.3890 0.3970
9.675043 0.4020 0.4080 0.4130 0.4200 0.4260
9.707000 0.4340 0.4410 0.4470 0.4470 0.4450
9.739043 0.4420 0.4360 0.4310 0.4290 0.4290
9.772000 0.4280 0.4240 0.4230 0.4210 0.4240
9.804043 0.4280 0.4340 0.4530 0.4660 0.4740
9.836000 0.4870 0.5020 0.5120 0.5200 0.5290
9.868043 0.5360 0.5390 0.5460 0.5500 0.5620
9.900000 0.5680 0.5750 0.5780 0.5830 0.5830
9.932043 0.5830 0.5830 0.5830 0.5840 0.5840
9.964000 0.5830 0.5780 0.5730 0.5680 0.5650
9.996043 0.5600 0.5550 0.5500 0.5470 0.5460
10.028000 0.5420 0.5370 0.5360 0.5330 0.5260
10.060043 0.5200 0.5130 0.5020 0.4970 0.4950
10.092000 0.4920 0.4830 0.4710 0.4680 0.4580
10.124043 0.4470 0.4260 0.4150 0.4070 0.4000
10.156000 0.3840 0.3680 0.3600 0.3500 0.3310
10.188043 0.3100 0.2980 0.2840 0.2760 0.2630
10.220000 0.2500 0.2350 0.2190 0.2030 0.1900
10.252043 0.1740 0.1610 0.1500 0.1400 0.1340
10.284000 0.1270 0.1170 0.1050 0.0960 0.0880
10.316043 0.0840 0.0800 0.0750 0.0710 0.0640
10.348000 0.0610 0.0590 0.0560 0.0530 0.0530
10.380043 0.0510 0.0510 0.0510 0.0530 0.0580
10.412000 0.0590 0.0610 0.0610 0.0670 0.0720
10.444043 0.0880 0.0980 0.1000 0.1030 0.1060
10.476000 0.1130 0.1240 0.1320 0.1470 0.1560
10.508043 0.1640 0.1770 0.1900 0.2010 0.2110
10.540000 0.2270 0.2320 0.2390 0.2480 0.2630
10.572043 0.2640 0.2740 0.2870 0.2950 0.3110
10.604000 0.3260 0.3400 0.3530 0.3630 0.3710
10.636043 0.3760 0.3820 0.4020 0.4200 0.4280
10.668000 0.4360 0.4470 0.4600 0.4700 0.4780
10.700043 0.4920 0.5050 0.5130 0.5260 0.5330
10.732000 0.5410 0.5540 0.5680 0.5760 0.5880
10.764043 0.5990 0.6100 0.6180 0.6230 0.6260
10.796000 0.6340 0.6380 0.6460 0.6510 0.6540
10.828043 0.6570 0.6600 0.6650 0.6680 0.6750
10.860000 0.6800 0.6800 0.6810 0.6810 0.6840
10.892043 0.6860 0.6890 0.6890 0.6890 0.6890
10.925000 0.6930 0.6940 0.6990 0.7020 0.7070
10.957043 0.7120 0.7140 0.7140 0.7140 0.7150
10.989000 0.7170 0.7180 0.7200 0.7200 0.7200
11.021043 0.7220 0.7230 0.7230 0.7220 0.7220
11.053000 0.7220 0.7230 0.7250 0.7250 0.7230
11.085043 0.7200 0.7180 0.7150 0.7140 0.7120
11.117000 0.7100 0.7010 0.6970 0.6860 0.6780
11.149043 0.6720 0.6670 0.6540 0.6510 0.6470
11.181000 0.6390 0.6310 0.6230 0.6170 0.6050
11.213043 0.5990 0.5880 0.5750 0.5700 0.5570
11.245000 0.5440 0.5360 0.5310 0.5290 0.5280
11.277043 0.5250 0.5230 0.5200 0.5180 0.5150
11.309000 0.5130 0.5040 0.5020 0.4990 0.4970
11.341043 0.4990 0.5040 0.5040 0.5040 0.5050
11.373000 0.5050 0.5070 0.5050 0.5050 0.5040
11.405043 0.5040 0.5040 0.5040 0.5040 0.5050
11.437000 0.5100 0.5200 0.5290 0.5390 0.5500
11.469043 0.5570 0.5600 0.5780 0.5880 0.6100
11.501000 0.6250 0.6390 0.6510 0.6630 0.6750
11.533043 0.6810 0.6910 0.6990 0.7120 0.7200
11.565000 0.7310 0.7380 0.7440 0.7490 0.7540
11.597043 0.7600 0.7640 0.7650 0.7670 0.7700
11.629000 0.7770 0.7810 0.7830 0.7850 0.7860
11.661043 0.7880 0.7880 0.7880 0.7880 0.7890
11.693000 0.7990 0.8010 0.8020 0.8020 0.8010
11.725043 0.8010 0.8010 0.7980 0.7980 0.7980
11.757000 0.7980 0.7990 0.7990 0.8010 0.8010
11.789043 0.8010 0.8020 0.8010 0.8010 0.7990
11.821000 0.7960 0.7960 0.7980 0.7980 0.7980
11.853043 0.8010 0.8010 0.8020 0.8040 0.8040
11.885000 0.8040 0.8040 0.8060 0.8060 0.8040
11.917043 0.8040 0.8040 0.8040 0.8040 0.8040
11.949000 0.8040 0.8040 0.8040 0.8060 0.8120
11.981043 0.8140 0.8170 0.8170 0.8150 0.8150
12.014000 0.8150 0.8170 0.8170 0.8200 0.8220
12.046043 0.8230 0.8270 0.8300 0.8330 0.8350
12.078000 0.8350 0.8350 0.8360 0.8380 0.8410
12.110043 0.8460 0.8520 0.8560 0.8560 0.8560
12.142000 0.8560 0.8570 0.8610 0.8610 0.8610
12.174043 0.8570 0.8540 0.8520 0.8540 0.8540
12.206000 0.8560 0.8560 0.8560 0.8560 0.8560
12.238043 0.8560 0.8560 0.8490 0.8480 0.8440
12.270000 0.8440 0.8440 0.8440 0.8440 0.8430
12.302043 0.8360 0.8270 0.8270 0.8230 0.8220
12.334000 0.8190 0.8170 0.8120 0.8070 0.8020
12.366043 0.7930 0.7910 0.7800 0.7730 0.7650
12.398000 0.7600 0.7510 0.7430 0.7330 0.7260
12.430043 0.7170 0.7040 0.6810 0.6600 0.6460
12.462000 0.6300 0.6130 0.5990 0.5860 0.5540
12.494043 0.5080 0.4950 0.4740 0.4310 0.4020
12.526000 0.3610 0.3500 0.3230 0.3030 0.2710
12.558043 0.2400 0.2320 0.2050 0.1950 0.1710
12.590000 0.1610 0.1590 0.1590 0.1580 0.1610
12.622043 0.1660 0.1920 0.2010 0.2210 0.2400
12.654000 0.2660 0.2890 0.3160 0.3420 0.3550
12.686043 0.3760 0.4030 0.4230 0.4310 0.4520
12.718000 0.4790 0.4920 0.5120 0.5230 0.5330
12.750043 0.5420 0.5520 0.5620 0.5810 0.5940
12.782000 0.6020 0.6150 0.6260 0.6380 0.6490
12.814043 0.6540 0.6590 0.6630 0.6670 0.6760
12.846000 0.6810 0.6830 0.7010 0.7040 0.7120
12.878043 0.7200 0.7250 0.7310 0.7430 0.7470
12.910000 0.7520 0.7560 0.7570 0.7600 0.7650
12.942043 0.7720 0.7800 0.7810 0.7860 0.7880
12.974000 0.7910 0.7940 0.8020 0.8090 0.8100
13.006043 0.8150 0.8230 0.8250 0.8270 0.8280
13.038000 0.8310 0.8360 0.8410 0.8460 0.8490
13.070043 0.8510 0.8520 0.8560 0.8610 0.8690
13.102000 0.8720 0.8730 0.8730 0.8730 0.8730
13.134043 0.8750 0.8750 0.8750 0.8750 0.8750
13.167000 0.8750 0.8770 0.8770 0.8780 0.8800
13.199043 0.8800 0.8800 0.8820 0.8800 0.8800
13.231000 0.8800 0.8780 0.8770 0.8750 0.8750
13.263043 0.8750 0.8750 0.8720 0.8700 0.8670
13.295000 0.8650 0.8640 0.8620 0.8590 0.8560
13.327043 0.8520 0.8490 0.8480 0.8480 0.8440
13.359000 0.8400 0.8380 0.8360 0.8350 0.8310
13.391043 0.8250 0.8190 0.8150 0.8100 0.8040
13.423000 0.8040 0.8020 0.7990 0.7940 0.7910
13.455043 0.7890 0.7890 0.7890 0.7880 0.7880
13.487000 0.7860 0.7860 0.7860 0.7860 0.7860
13.519043 0.7860 0.7860 0.7830 0.7800 0.7780
13.551000 0.7730 0.7730 0.7680 0.7640 0.7590
13.583043 0.7540 0.7490 0.7440 0.7380 0.7360
13.615000 0.7330 0.7300 0.7230 0.7180 0.7140
13.647043 0.7100 0.7070 0.7040 0.7040 0.7020
13.679000 0.7010 0.7010 0.6990 0.6990 0.7020
13.711043 0.7050 0.7070 0.7140 0.7260 0.7310
13.743000 0.7360 0.7410 0.7520 0.7600 0.7720
13.775043 0.7810 0.7860 0.7890 0.7990 0.8010
13.807000 0.8100 0.8150 0.8250 0.8280 0.8380
13.839043 0.8430 0.8440 0.8460 0.8480 0.8520
13.871000 0.8560 0.8590 0.8610 0.8640 0.8670
13.903043 0.8730 0.8750 0.8780 0.8800 0.8830
13.935000 0.8850 0.8860 0.8860 0.8860 0.8880
13.967043 0.8900 0.8910 0.8910 0.8930 0.8940
13.999000 0.8940 0.8980 0.9030 0.9030 0.9030
14.031043 0.9030 0.9040 0.9040 0.9060 0.9060
14.063000 0.9060 0.9060 0.9060 0.9060 0.9060
14.095043 0.9040 0.9040 0.9040 0.9060 0.9060
14.127000 0.9070 0.9070 0.9070 0.9110 0.9110
14.159043 0.9120 0.9120 0.9140 0.9140 0.9120
14.191000 0.9120 0.9120 0.9140 0.9140 0.9170
14.223043 0.9170 0.9190 0.9200 0.9220 0.9240
14.256000 0.9250 0.9250 0.9280 0.9280 0.9300
14.288043 0.9330 0.9350 0.9410 0.9410 0.9360
14.320000 0.9350 0.9350 0.9350 0.9350 0.9380
14.352043 0.9400 0.9400 0.9410 0.9430 0.9430
14.384000 0.9430 0.9430 0.9410 0.9410 0.9430
14.416043 0.9430 0.9430 0.9430 0.9410 0.9400
14.448000 0.9400 0.9410 0.9410 0.9430 0.9430
14.480043 0.9450 0.9450 0.9450 0.9450 0.9450
14.512000 0.9460 0.9460 0.9460 0.9460 0.9480
14.544043 0.9460 0.9460 0.9430 0.9430 0.9430
14.576000 0.9450 0.9450 0.9450 0.9460 0.9450
14.608043 0.9450 0.9450 0.9450 0.9450 0.9430
14.640000 0.9430 0.9430 0.9430 0.9430 0.9430
14.672043 0.9430 0.9430 0.9430 0.9430 0.9450
14.704000 0.9430 0.9430 0.9430 0.9410 0.9410
14.736043 0.9400 0.9400 0.9400 0.9400 0.9400
14.768000 0.9410 0.9410 0.9410 0.9410 0.9430
14.800043 0.9450 0.9450 0.9450 0.9430 0.9430
14.832000 0.9430 0.9430 0.9410 0.9410 0.9400
14.864043 0.9400 0.9380 0.9380 0.9360 0.9360
14.896000 0.9360 0.9360 0.9360 0.9380 0.9380
14.928043 0.9380 0.9360 0.9350 0.9320 0.9280
14.960000 0.9240 0.9220 0.9200 0.9190 0.9170
14.992043 0.9140 0.9110 0.9090 0.9070 0.9060
15.024000 0.9010 0.8990 0.8990 0.9010 0.9010
15.056043 0.8990 0.8990 0.8990 0.8990 0.9030
15.088000 0.9110 0.9110 0.9140 0.9150 0.9200
15.120043 0.9240 0.9250 0.9250 0.9250 0.9250
15.152000 0.9270 0.9270 0.9250 0.9240 0.9240
15.184043 0.9200 0.9200 0.9200 0.9200 0.9190
15.216000 0.9190 0.9170 0.9150 0.9140 0.9110
15.248043 0.9070 0.9070 0.9070 0.9060 0.9060
15.280000 0.9060 0.9060 0.9060 0.9040 0.9040
15.312043 0.9040 0.9040 0.9040 0.9040 0.9030
15.344000 0.9030 0.9010 0.8990 0.8960 0.8940
15.376043 0.8940 0.8930 0.8910 0.8900 0.8880
15.409000 0.8860 0.8860 0.8860 0.8900 0.8930
15.441043 0.8930 0.8910 0.8900 0.8880 0.8860
15.473000 0.8850 0.8850 0.8850 0.8830 0.8830
15.505043 0.8830 0.8830 0.8800 0.8750 0.8720
15.537000 0.8700 0.8700 0.8700 0.8700 0.8720
15.569043 0.8750 0.8770 0.8750 0.8730 0.8730
15.601000 0.8720 0.8720 0.8700 0.8690 0.8670
15.633043 0.8650 0.8650 0.8640 0.8640 0.8640
15.665000 0.8640 0.8640 0.8640 0.8640 0.8610
15.697043 0.8610 0.8610 0.8590 0.8570 0.8560
15.729000 0.8560 0.8560 0.8560 0.8540 0.8540
15.761043 0.8520 0.8510 0.8480 0.8460 0.8430
15.793000 0.8430 0.8410 0.8410 0.8400 0.8380
15.825043 0.8360 0.8360 0.8350 0.8350 0.8330
15.857000 0.8310 0.8310 0.8310 0.8310 0.8310
15.889043 0.8310 0.8310 0.8310 0.8280 0.8270
15.921000 0.8270 0.8270 0.8270 0.8270 0.8250
15.953043 0.8250 0.8250 0.8230 0.8230 0.8230
15.985000 0.8220 0.8220
##END=
