##TITLE=RESORCINOL, 4-(PHENYLAZO)-
##JCAMP-DX=4.24
##DATA TYPE=INFRARED SPECTRUM
##CLASS=COBLENTZ III
##ORIGIN=WYANDOTTE CHEMICALS CORP.
##OWNER=COBLENTZ SOCIETY
Collection (C) 2018 copyright by the U.S. Secretary of Commerce
on behalf of the United States of America. All rights reserved.
##DATE=Not specified, most likely prior to 1970
##NAMES=4-[(E)-phenyldiazenyl]-1,3-benzenediol
##CAS REGISTRY NO=2051-85-6
##MOLFORM=C12 H10 N2 O2
##MP=166.5 C (DECOMPOSES)
##SOURCE REFERENCE=COBLENTZ NO. 6459
##$NIST SOURCE=COBLENTZ
##$NIST IMAGE=cob6459
##SPECTROMETER/DATA SYSTEM=BAIRD (PRISM)
##INSTRUMENT PARAMETERS=NaCl PRISM
##STATE=SOLID (OIL MULL)
$$SPECTRAL CONTAMINATION DUE TO OIL AROUND 2900, 1350-1500 CM^-^1
##SAMPLING PROCEDURE=TRANSMISSION
##RESOLUTION=2
##DATA PROCESSING=DIGITIZED BY NIST FROM HARD COPY
##XUNITS=MICROMETERS
##YUNITS=TRANSMITTANCE
##XFACTOR=1.000000
##YFACTOR=1
##DELTAX=000.004884
##FIRSTX=2.009
##LASTX=15.972
##FIRSTY=0.568
##MAXX=15.972
##MINX=2.009
##MAXY=0.979
##MINY=0.077
##NPOINTS=2860
##XYDATA=(X++(Y..Y))
2.009000 0.5680 0.5680 0.5680 0.5690 0.5690
2.033429 0.5690 0.5700 0.5700 0.5700 0.5720
2.057000 0.5720 0.5730 0.5740 0.5750 0.5770
2.081429 0.5780 0.5790 0.5790 0.5800 0.5800
2.106000 0.5810 0.5830 0.5840 0.5850 0.5860
2.130429 0.5900 0.5930 0.5940 0.5950 0.5960
2.155000 0.5980 0.5990 0.5990 0.5990 0.5990
2.179429 0.5990 0.5990 0.5990 0.5990 0.5990
2.204000 0.5990 0.5990 0.5990 0.5940 0.5940
2.228429 0.5940 0.5940 0.5950 0.5950 0.5980
2.253000 0.5990 0.5990 0.6000 0.6010 0.6010
2.277429 0.6010 0.6020 0.6020 0.6020 0.6040
2.302000 0.6040 0.6060 0.6090 0.6100 0.6110
2.326429 0.6110 0.6120 0.6120 0.6120 0.6140
2.350000 0.6150 0.6160 0.6200 0.6200 0.6210
2.374429 0.6210 0.6200 0.6200 0.6210 0.6210
2.399000 0.6220 0.6220 0.6220 0.6250 0.6260
2.423429 0.6260 0.6270 0.6280 0.6310 0.6320
2.448000 0.6320 0.6350 0.6370 0.6390 0.6420
2.472429 0.6440 0.6460 0.6460 0.6460 0.6460
2.497000 0.6460 0.6460 0.6460 0.6460 0.6470
2.521429 0.6480 0.6480 0.6480 0.6510 0.6520
2.546000 0.6530 0.6570 0.6570 0.6600 0.6630
2.570429 0.6640 0.6650 0.6650 0.6670 0.6670
2.595000 0.6670 0.6670 0.6670 0.6640 0.6630
2.619429 0.6640 0.6650 0.6670 0.6680 0.6680
2.643000 0.6700 0.6740 0.6760 0.6780 0.6780
2.667429 0.6780 0.6780 0.6780 0.6780 0.6780
2.692000 0.6780 0.6790 0.6800 0.6810 0.6840
2.716429 0.6830 0.6830 0.6830 0.6830 0.6810
2.741000 0.6810 0.6810 0.6810 0.6830 0.6840
2.765429 0.6850 0.6860 0.6850 0.6850 0.6800
2.790000 0.6790 0.6760 0.6740 0.6720 0.6700
2.814429 0.6700 0.6690 0.6690 0.6680 0.6600
2.839000 0.6590 0.6580 0.6570 0.6550 0.6520
2.863429 0.6510 0.6490 0.6480 0.6480 0.6480
2.888000 0.6460 0.6420 0.6420 0.6420 0.6410
2.912429 0.6410 0.6390 0.6380 0.6360 0.6350
2.937000 0.6310 0.6300 0.6280 0.6270 0.6270
2.961429 0.6260 0.6250 0.6230 0.6230 0.6230
2.985000 0.6220 0.6220 0.6220 0.6210 0.6200
3.009429 0.6180 0.6170 0.6170 0.6170 0.6160
3.034000 0.6160 0.6170 0.6170 0.6170 0.6170
3.058429 0.6170 0.6170 0.6180 0.6180 0.6200
3.083000 0.6200 0.6200 0.6200 0.6200 0.6210
3.107429 0.6210 0.6210 0.6210 0.6210 0.6210
3.132000 0.6210 0.6210 0.6210 0.6210 0.6210
3.156429 0.6220 0.6220 0.6230 0.6230 0.6260
3.181000 0.6260 0.6260 0.6260 0.6250 0.6260
3.205429 0.6270 0.6270 0.6260 0.6260 0.6260
3.230000 0.6260 0.6250 0.6230 0.6210 0.6170
3.254429 0.6120 0.6120 0.6110 0.6110 0.6110
3.278000 0.6090 0.6060 0.6010 0.5990 0.5850
3.302429 0.5750 0.5680 0.5590 0.5490 0.5280
3.327000 0.5090 0.4880 0.4680 0.4310 0.4010
3.351429 0.3630 0.2680 0.2280 0.1780 0.1390
3.376000 0.1280 0.1230 0.1200 0.1170 0.1040
3.400429 0.0920 0.0810 0.0780 0.0770 0.0780
3.425000 0.0800 0.0940 0.1140 0.1310 0.1490
3.449429 0.1600 0.1770 0.2040 0.2240 0.2290
3.474000 0.2260 0.2250 0.2230 0.2130 0.2040
3.498429 0.1940 0.1930 0.1930 0.1960 0.2130
3.523000 0.2510 0.3080 0.3640 0.4370 0.5000
3.547429 0.5220 0.5610 0.5800 0.5990 0.6090
3.571000 0.6220 0.6270 0.6310 0.6320 0.6350
3.595429 0.6360 0.6410 0.6440 0.6480 0.6480
3.620000 0.6480 0.6490 0.6490 0.6510 0.6520
3.644429 0.6520 0.6550 0.6550 0.6550 0.6550
3.669000 0.6550 0.6550 0.6550 0.6550 0.6550
3.693429 0.6550 0.6580 0.6580 0.6590 0.6600
3.718000 0.6620 0.6620 0.6620 0.6630 0.6630
3.742429 0.6640 0.6650 0.6670 0.6670 0.6680
3.767000 0.6690 0.6690 0.6700 0.6730 0.6740
3.791429 0.6760 0.6760 0.6790 0.6810 0.6830
3.816000 0.6840 0.6860 0.6890 0.6900 0.6920
3.840429 0.6920 0.6920 0.6920 0.6920 0.6940
3.864000 0.6940 0.6950 0.6970 0.6990 0.7000
3.888429 0.7010 0.7010 0.7020 0.7020 0.7070
3.913000 0.7070 0.7090 0.7100 0.7100 0.7100
3.937429 0.7100 0.7110 0.7110 0.7110 0.7110
3.962000 0.7110 0.7110 0.7110 0.7120 0.7120
3.986429 0.7130 0.7150 0.7160 0.7170 0.7170
4.011000 0.7200 0.7210 0.7230 0.7250 0.7260
4.035429 0.7260 0.7270 0.7280 0.7280 0.7290
4.060000 0.7290 0.7290 0.7310 0.7310 0.7310
4.084429 0.7310 0.7320 0.7330 0.7370 0.7380
4.109000 0.7390 0.7390 0.7390 0.7410 0.7410
4.133429 0.7410 0.7410 0.7420 0.7430 0.7430
4.158000 0.7430 0.7440 0.7440 0.7440 0.7440
4.182429 0.7450 0.7450 0.7470 0.7470 0.7480
4.206000 0.7490 0.7500 0.7520 0.7520 0.7520
4.230429 0.7530 0.7530 0.7540 0.7530 0.7540
4.255000 0.7540 0.7550 0.7550 0.7580 0.7590
4.279429 0.7600 0.7620 0.7630 0.7680 0.7730
4.304000 0.7810 0.7840 0.7850 0.7860 0.7890
4.328429 0.7900 0.7920 0.7920 0.7920 0.7940
4.353000 0.7970 0.7990 0.7990 0.7990 0.8000
4.377429 0.8010 0.8020 0.8030 0.8030 0.8030
4.402000 0.8030 0.8030 0.8030 0.8050 0.8050
4.426429 0.8050 0.8060 0.8060 0.8060 0.8070
4.451000 0.8070 0.8070 0.8070 0.8080 0.8080
4.475429 0.8080 0.8080 0.8080 0.8080 0.8080
4.499000 0.8100 0.8110 0.8120 0.8130 0.8130
4.523429 0.8130 0.8130 0.8130 0.8150 0.8160
4.548000 0.8160 0.8170 0.8180 0.8210 0.8230
4.572429 0.8270 0.8290 0.8290 0.8290 0.8290
4.597000 0.8310 0.8310 0.8310 0.8310 0.8310
4.621429 0.8310 0.8310 0.8310 0.8310 0.8310
4.646000 0.8310 0.8320 0.8320 0.8320 0.8330
4.670429 0.8340 0.8370 0.8380 0.8390 0.8390
4.695000 0.8400 0.8430 0.8430 0.8430 0.8430
4.719429 0.8440 0.8480 0.8480 0.8480 0.8490
4.744000 0.8490 0.8500 0.8500 0.8500 0.8500
4.768429 0.8520 0.8520 0.8530 0.8530 0.8530
4.792000 0.8540 0.8540 0.8540 0.8550 0.8540
4.816429 0.8540 0.8550 0.8550 0.8550 0.8550
4.841000 0.8550 0.8550 0.8560 0.8580 0.8600
4.865429 0.8630 0.8640 0.8640 0.8640 0.8640
4.890000 0.8640 0.8630 0.8630 0.8630 0.8630
4.914429 0.8630 0.8630 0.8640 0.8650 0.8660
4.939000 0.8680 0.8690 0.8690 0.8690 0.8690
4.963429 0.8690 0.8690 0.8690 0.8690 0.8700
4.988000 0.8690 0.8690 0.8690 0.8690 0.8690
5.012429 0.8690 0.8700 0.8700 0.8700 0.8710
5.037000 0.8710 0.8710 0.8720 0.8740 0.8740
5.061429 0.8750 0.8750 0.8750 0.8750 0.8750
5.085000 0.8750 0.8760 0.8770 0.8790 0.8800
5.109429 0.8800 0.8810 0.8810 0.8820 0.8840
5.134000 0.8850 0.8850 0.8850 0.8850 0.8850
5.158429 0.8840 0.8840 0.8820 0.8840 0.8840
5.183000 0.8840 0.8840 0.8840 0.8840 0.8850
5.207429 0.8860 0.8860 0.8860 0.8860 0.8860
5.232000 0.8860 0.8860 0.8850 0.8860 0.8860
5.256429 0.8870 0.8890 0.8900 0.8900 0.8910
5.281000 0.8910 0.8920 0.8930 0.8950 0.8950
5.305429 0.8950 0.8960 0.8960 0.9000 0.8980
5.330000 0.9000 0.9000 0.9010 0.9010 0.9020
5.354429 0.9020 0.9020 0.9010 0.9000 0.8980
5.379000 0.8980 0.9010 0.9010 0.9000 0.9010
5.403429 0.9010 0.9020 0.9020 0.9020 0.9020
5.427000 0.9020 0.9020 0.9020 0.9020 0.9020
5.451429 0.9020 0.9020 0.9020 0.9030 0.9060
5.476000 0.9050 0.9030 0.9010 0.9010 0.9020
5.500429 0.9020 0.9020 0.9030 0.9050 0.9070
5.525000 0.9070 0.9070 0.9070 0.9050 0.9030
5.549429 0.9030 0.9030 0.9020 0.9020 0.9020
5.574000 0.9020 0.9020 0.9020 0.9020 0.9030
5.598429 0.9060 0.9080 0.9090 0.9090 0.9090
5.623000 0.9090 0.9090 0.9090 0.9090 0.9090
5.647429 0.9090 0.9110 0.9110 0.9110 0.9120
5.672000 0.9130 0.9140 0.9160 0.9140 0.9140
5.696429 0.9140 0.9130 0.9130 0.9130 0.9130
5.720000 0.9130 0.9130 0.9130 0.9130 0.9140
5.744429 0.9140 0.9160 0.9160 0.9160 0.9160
5.769000 0.9160 0.9180 0.9180 0.9190 0.9180
5.793429 0.9130 0.9110 0.9110 0.9080 0.9090
5.818000 0.9110 0.9120 0.9130 0.9140 0.9140
5.842429 0.9140 0.9130 0.9120 0.9110 0.9090
5.867000 0.9090 0.9090 0.9090 0.9090 0.9110
5.891429 0.9130 0.9170 0.9170 0.9130 0.9090
5.916000 0.9070 0.9070 0.9020 0.9020 0.9020
5.940429 0.9020 0.9080 0.9080 0.9050 0.9010
5.965000 0.9000 0.9000 0.9000 0.9000 0.9000
5.989429 0.9000 0.9010 0.9000 0.8960 0.8890
6.013000 0.8820 0.8810 0.8790 0.8770 0.8750
6.037429 0.8700 0.8640 0.8590 0.8530 0.8420
6.062000 0.8320 0.8210 0.8060 0.7840 0.7740
6.086429 0.7620 0.7380 0.7220 0.7090 0.7000
6.111000 0.6910 0.6880 0.6840 0.6830 0.6840
6.135429 0.6850 0.6890 0.6910 0.7000 0.7010
6.160000 0.7090 0.7120 0.7130 0.7130 0.7130
6.184429 0.7130 0.7120 0.7090 0.7020 0.6960
6.209000 0.6900 0.6880 0.6810 0.6790 0.6780
6.233429 0.6740 0.6690 0.6630 0.6640 0.6650
6.258000 0.6720 0.6760 0.6920 0.7040 0.7170
6.282429 0.7320 0.7390 0.7440 0.7520 0.7600
6.306000 0.7660 0.7780 0.7850 0.8010 0.8020
6.330429 0.8060 0.8110 0.8130 0.8130 0.8120
6.355000 0.8100 0.8100 0.8080 0.8080 0.8100
6.379429 0.8100 0.8110 0.8130 0.8130 0.8110
6.404000 0.8080 0.8020 0.8000 0.7920 0.7840
6.428429 0.7760 0.7710 0.7660 0.7590 0.7530
6.453000 0.7500 0.7490 0.7430 0.7380 0.7310
6.477429 0.7250 0.7170 0.7100 0.7010 0.6990
6.502000 0.6950 0.6900 0.6900 0.6880 0.6860
6.526429 0.6880 0.6900 0.6940 0.7020 0.7100
6.551000 0.7210 0.7320 0.7420 0.7490 0.7500
6.575429 0.7520 0.7500 0.7500 0.7500 0.7430
6.600000 0.7390 0.7310 0.7220 0.7100 0.7010
6.624429 0.6800 0.6680 0.6520 0.6510 0.6490
6.648000 0.6480 0.6470 0.6470 0.6470 0.6470
6.672429 0.6470 0.6470 0.6470 0.6470 0.6490
6.697000 0.6530 0.6570 0.6590 0.6590 0.6580
6.721429 0.6580 0.6540 0.6510 0.6490 0.6380
6.746000 0.6280 0.6150 0.6010 0.5690 0.5510
6.770429 0.5150 0.4910 0.4720 0.4540 0.4410
6.795000 0.4270 0.4180 0.4090 0.4050 0.4000
6.819429 0.3980 0.3950 0.3940 0.3930 0.3930
6.844000 0.3950 0.4010 0.4090 0.4190 0.4300
6.868429 0.4520 0.4720 0.4990 0.5030 0.5140
6.893000 0.5320 0.5510 0.5610 0.5730 0.5830
6.917429 0.5930 0.6020 0.6100 0.6210 0.6390
6.941000 0.6600 0.6680 0.6740 0.6890 0.7010
6.965429 0.7050 0.7160 0.7290 0.7380 0.7390
6.990000 0.7420 0.7450 0.7500 0.7520 0.7530
7.014429 0.7540 0.7580 0.7590 0.7620 0.7640
7.039000 0.7650 0.7690 0.7710 0.7740 0.7750
7.063429 0.7760 0.7780 0.7780 0.7760 0.7750
7.088000 0.7740 0.7740 0.7730 0.7710 0.7710
7.112429 0.7700 0.7690 0.7680 0.7660 0.7650
7.137000 0.7630 0.7590 0.7530 0.7500 0.7480
7.161429 0.7470 0.7430 0.7370 0.7290 0.7250
7.186000 0.7210 0.7170 0.7020 0.6920 0.6810
7.210429 0.6740 0.6540 0.6490 0.6330 0.6200
7.234000 0.6100 0.6010 0.6000 0.5930 0.5850
7.258429 0.5810 0.5850 0.5990 0.6180 0.6410
7.283000 0.6570 0.6720 0.6840 0.6920 0.7000
7.307429 0.7050 0.7130 0.7200 0.7230 0.7280
7.332000 0.7340 0.7490 0.7600 0.7680 0.7750
7.356429 0.7800 0.7820 0.7890 0.7920 0.8000
7.381000 0.8010 0.8010 0.8030 0.8060 0.8060
7.405429 0.8070 0.8070 0.8070 0.8070 0.8070
7.430000 0.8060 0.8050 0.8030 0.8020 0.8020
7.454429 0.8020 0.8030 0.8030 0.8050 0.8060
7.479000 0.8100 0.8120 0.8120 0.8130 0.8120
7.503429 0.8110 0.8060 0.8010 0.8010 0.7920
7.527000 0.7890 0.7860 0.7840 0.7810 0.7800
7.551429 0.7800 0.7790 0.7790 0.7790 0.7780
7.576000 0.7750 0.7700 0.7680 0.7600 0.7500
7.600429 0.7410 0.7290 0.7180 0.7110 0.7050
7.625000 0.7000 0.6880 0.6810 0.6750 0.6740
7.649429 0.6730 0.6720 0.6730 0.6740 0.6790
7.674000 0.6860 0.6950 0.7010 0.7090 0.7130
7.698429 0.7170 0.7230 0.7290 0.7320 0.7340
7.723000 0.7380 0.7420 0.7440 0.7450 0.7480
7.747429 0.7500 0.7550 0.7590 0.7590 0.7590
7.772000 0.7590 0.7590 0.7590 0.7590 0.7580
7.796429 0.7550 0.7530 0.7500 0.7450 0.7420
7.821000 0.7370 0.7310 0.7260 0.7220 0.7130
7.845429 0.7040 0.6920 0.6850 0.6790 0.6700
7.869000 0.6490 0.6380 0.6300 0.6120 0.6020
7.893429 0.6000 0.5830 0.5730 0.5640 0.5560
7.918000 0.5490 0.5410 0.5370 0.5310 0.5300
7.942429 0.5270 0.5240 0.5190 0.5160 0.5150
7.967000 0.5120 0.5120 0.5110 0.5120 0.5140
7.991429 0.5190 0.5210 0.5260 0.5310 0.5370
8.016000 0.5450 0.5510 0.5590 0.5630 0.5730
8.040429 0.5810 0.5890 0.6010 0.6060 0.6120
8.065000 0.6200 0.6220 0.6230 0.6260 0.6280
8.089429 0.6300 0.6310 0.6330 0.6360 0.6420
8.114000 0.6430 0.6460 0.6470 0.6490 0.6520
8.138429 0.6530 0.6600 0.6620 0.6640 0.6670
8.162000 0.6680 0.6750 0.6880 0.6910 0.6920
8.186429 0.6940 0.7010 0.7100 0.7200 0.7250
8.211000 0.7280 0.7320 0.7330 0.7340 0.7410
8.235429 0.7450 0.7480 0.7490 0.7500 0.7500
8.260000 0.7530 0.7540 0.7570 0.7630 0.7650
8.284429 0.7660 0.7660 0.7680 0.7690 0.7710
8.309000 0.7730 0.7750 0.7790 0.7810 0.7810
8.333429 0.7820 0.7820 0.7810 0.7810 0.7800
8.358000 0.7800 0.7740 0.7690 0.7630 0.7580
8.382429 0.7550 0.7540 0.7530 0.7520 0.7530
8.407000 0.7530 0.7540 0.7550 0.7580 0.7630
8.431429 0.7640 0.7660 0.7680 0.7690 0.7690
8.455000 0.7700 0.7710 0.7730 0.7760 0.7780
8.479429 0.7800 0.7810 0.7820 0.7840 0.7850
8.504000 0.7870 0.7920 0.8000 0.8000 0.8010
8.528429 0.8010 0.8020 0.8030 0.8060 0.8100
8.553000 0.8120 0.8150 0.8160 0.8160 0.8160
8.577429 0.8130 0.8120 0.8100 0.8080 0.8020
8.602000 0.8000 0.7900 0.7790 0.7650 0.7500
8.626429 0.7360 0.7180 0.7130 0.7070 0.7040
8.651000 0.7050 0.7060 0.7120 0.7210 0.7310
8.675429 0.7410 0.7470 0.7520 0.7590 0.7660
8.700000 0.7750 0.7810 0.7850 0.7910 0.8020
8.724429 0.8060 0.8130 0.8190 0.8230 0.8310
8.748000 0.8360 0.8370 0.8380 0.8380 0.8390
8.772429 0.8400 0.8440 0.8470 0.8470 0.8490
8.797000 0.8490 0.8500 0.8500 0.8500 0.8500
8.821429 0.8500 0.8490 0.8470 0.8450 0.8440
8.846000 0.8420 0.8370 0.8330 0.8290 0.8240
8.870429 0.8210 0.8150 0.8120 0.8080 0.8030
8.895000 0.8030 0.8020 0.8010 0.8000 0.7990
8.919429 0.7960 0.7960 0.7960 0.7960 0.7960
8.944000 0.7960 0.7960 0.7970 0.7990 0.8010
8.968429 0.8030 0.8030 0.8050 0.8060 0.8070
8.993000 0.8070 0.7990 0.7920 0.7860 0.7790
9.017429 0.7750 0.7740 0.7730 0.7740 0.7750
9.042000 0.7860 0.8010 0.8150 0.8230 0.8310
9.066429 0.8390 0.8440 0.8490 0.8530 0.8580
9.090000 0.8610 0.8660 0.8690 0.8710 0.8740
9.114429 0.8770 0.8800 0.8820 0.8850 0.8870
9.139000 0.8890 0.8900 0.8910 0.8920 0.8930
9.163429 0.8950 0.8950 0.8950 0.8950 0.8960
9.188000 0.8960 0.8980 0.8980 0.8980 0.8980
9.212429 0.9000 0.8980 0.8980 0.8970 0.8960
9.237000 0.8960 0.8960 0.8960 0.8960 0.8950
9.261429 0.8920 0.8890 0.8850 0.8840 0.8820
9.286000 0.8810 0.8790 0.8720 0.8690 0.8650
9.310429 0.8610 0.8580 0.8540 0.8520 0.8500
9.335000 0.8520 0.8530 0.8540 0.8540 0.8560
9.359429 0.8600 0.8610 0.8630 0.8660 0.8680
9.383000 0.8680 0.8680 0.8680 0.8680 0.8700
9.407429 0.8720 0.8720 0.8770 0.8810 0.8810
9.432000 0.8820 0.8820 0.8820 0.8840 0.8850
9.456429 0.8870 0.8870 0.8870 0.8890 0.8890
9.481000 0.8890 0.8890 0.8890 0.8900 0.8900
9.505429 0.8900 0.8910 0.8910 0.8920 0.8920
9.530000 0.8930 0.8930 0.8930 0.8930 0.8930
9.554429 0.8930 0.8930 0.8930 0.8930 0.8930
9.579000 0.8930 0.8950 0.8950 0.8950 0.8930
9.603429 0.8950 0.8950 0.8960 0.8950 0.8950
9.628000 0.8960 0.8960 0.8960 0.8970 0.9000
9.652429 0.9000 0.9010 0.9010 0.9010 0.9020
9.676000 0.9010 0.9020 0.9030 0.9060 0.9070
9.700429 0.9070 0.9070 0.9070 0.9070 0.9080
9.725000 0.9090 0.9090 0.9080 0.9070 0.9060
9.749429 0.9050 0.9050 0.9050 0.9030 0.9020
9.774000 0.9030 0.9030 0.9060 0.9070 0.9080
9.798429 0.9080 0.9120 0.9120 0.9130 0.9140
9.823000 0.9160 0.9170 0.9170 0.9180 0.9190
9.847429 0.9190 0.9190 0.9190 0.9210 0.9210
9.872000 0.9220 0.9220 0.9220 0.9220 0.9220
9.896429 0.9230 0.9230 0.9240 0.9270 0.9300
9.921000 0.9320 0.9330 0.9340 0.9350 0.9350
9.945429 0.9350 0.9350 0.9370 0.9380 0.9390
9.969000 0.9400 0.9420 0.9420 0.9420 0.9420
9.993429 0.9400 0.9390 0.9370 0.9340 0.9340
10.018000 0.9320 0.9320 0.9320 0.9320 0.9320
10.042429 0.9320 0.9320 0.9320 0.9330 0.9340
10.067000 0.9350 0.9370 0.9380 0.9380 0.9390
10.091429 0.9420 0.9420 0.9420 0.9430 0.9430
10.116000 0.9440 0.9450 0.9450 0.9450 0.9440
10.140429 0.9440 0.9440 0.9430 0.9430 0.9430
10.165000 0.9420 0.9390 0.9350 0.9330 0.9330
10.189429 0.9320 0.9290 0.9260 0.9230 0.9220
10.214000 0.9210 0.9190 0.9180 0.9170 0.9170
10.238429 0.9170 0.9160 0.9160 0.9170 0.9170
10.263000 0.9180 0.9190 0.9190 0.9190 0.9210
10.287429 0.9230 0.9260 0.9280 0.9280 0.9280
10.311000 0.9280 0.9280 0.9280 0.9290 0.9290
10.335429 0.9300 0.9320 0.9330 0.9320 0.9320
10.360000 0.9320 0.9320 0.9320 0.9320 0.9320
10.384429 0.9330 0.9330 0.9340 0.9350 0.9350
10.409000 0.9370 0.9370 0.9380 0.9380 0.9400
10.433429 0.9420 0.9420 0.9420 0.9420 0.9430
10.458000 0.9430 0.9430 0.9430 0.9440 0.9450
10.482429 0.9450 0.9460 0.9460 0.9460 0.9480
10.507000 0.9480 0.9490 0.9490 0.9490 0.9500
10.531429 0.9490 0.9490 0.9490 0.9490 0.9480
10.556000 0.9480 0.9460 0.9460 0.9460 0.9460
10.580429 0.9460 0.9460 0.9460 0.9460 0.9460
10.604000 0.9460 0.9480 0.9490 0.9490 0.9500
10.628429 0.9500 0.9500 0.9500 0.9500 0.9500
10.653000 0.9500 0.9500 0.9500 0.9500 0.9500
10.677429 0.9500 0.9490 0.9480 0.9450 0.9440
10.702000 0.9440 0.9440 0.9440 0.9440 0.9440
10.726429 0.9440 0.9450 0.9460 0.9490 0.9490
10.751000 0.9500 0.9500 0.9500 0.9500 0.9500
10.775429 0.9500 0.9500 0.9500 0.9500 0.9500
10.800000 0.9500 0.9500 0.9490 0.9490 0.9480
10.824429 0.9460 0.9460 0.9460 0.9460 0.9460
10.849000 0.9460 0.9460 0.9460 0.9460 0.9460
10.873429 0.9460 0.9460 0.9460 0.9460 0.9460
10.897000 0.9480 0.9480 0.9490 0.9500 0.9500
10.921429 0.9500 0.9500 0.9490 0.9490 0.9490
10.946000 0.9480 0.9480 0.9460 0.9460 0.9480
10.970429 0.9480 0.9490 0.9490 0.9490 0.9500
10.995000 0.9500 0.9510 0.9510 0.9510 0.9510
11.019429 0.9510 0.9530 0.9530 0.9530 0.9510
11.044000 0.9510 0.9510 0.9510 0.9500 0.9500
11.068429 0.9490 0.9490 0.9490 0.9490 0.9490
11.093000 0.9480 0.9460 0.9460 0.9460 0.9460
11.117429 0.9450 0.9450 0.9440 0.9430 0.9420
11.142000 0.9420 0.9400 0.9380 0.9370 0.9370
11.166429 0.9350 0.9350 0.9350 0.9340 0.9340
11.190000 0.9340 0.9340 0.9370 0.9350 0.9350
11.214429 0.9370 0.9370 0.9370 0.9380 0.9390
11.239000 0.9400 0.9420 0.9430 0.9440 0.9450
11.263429 0.9450 0.9460 0.9480 0.9490 0.9490
11.288000 0.9490 0.9490 0.9490 0.9500 0.9500
11.312429 0.9510 0.9510 0.9510 0.9510 0.9530
11.337000 0.9530 0.9540 0.9550 0.9560 0.9560
11.361429 0.9560 0.9560 0.9560 0.9560 0.9560
11.386000 0.9560 0.9560 0.9580 0.9580 0.9550
11.410429 0.9540 0.9530 0.9510 0.9510 0.9500
11.435000 0.9500 0.9500 0.9500 0.9510 0.9540
11.459429 0.9560 0.9580 0.9580 0.9580 0.9580
11.484000 0.9560 0.9560 0.9540 0.9530 0.9530
11.508429 0.9530 0.9530 0.9530 0.9530 0.9510
11.532000 0.9510 0.9510 0.9510 0.9510 0.9490
11.556429 0.9460 0.9420 0.9350 0.9330 0.9320
11.581000 0.9320 0.9300 0.9290 0.9290 0.9300
11.605429 0.9300 0.9300 0.9290 0.9280 0.9270
11.630000 0.9260 0.9260 0.9240 0.9230 0.9220
11.654429 0.9220 0.9210 0.9210 0.9190 0.9190
11.679000 0.9190 0.9180 0.9180 0.9180 0.9180
11.703429 0.9180 0.9180 0.9180 0.9180 0.9180
11.728000 0.9190 0.9190 0.9190 0.9190 0.9190
11.752429 0.9190 0.9190 0.9190 0.9190 0.9210
11.777000 0.9220 0.9230 0.9270 0.9280 0.9290
11.801429 0.9300 0.9300 0.9300 0.9300 0.9320
11.825000 0.9330 0.9340 0.9350 0.9370 0.9370
11.849429 0.9370 0.9370 0.9370 0.9370 0.9380
11.874000 0.9390 0.9420 0.9440 0.9440 0.9450
11.898429 0.9440 0.9440 0.9430 0.9430 0.9420
11.923000 0.9420 0.9430 0.9440 0.9450 0.9460
11.947429 0.9480 0.9490 0.9490 0.9490 0.9490
11.972000 0.9490 0.9500 0.9500 0.9500 0.9500
11.996429 0.9500 0.9490 0.9500 0.9490 0.9490
12.021000 0.9490 0.9480 0.9460 0.9450 0.9430
12.045429 0.9420 0.9400 0.9370 0.9340 0.9330
12.070000 0.9330 0.9320 0.9300 0.9290 0.9280
12.094429 0.9270 0.9230 0.9190 0.9130 0.9110
12.118000 0.9060 0.9020 0.9010 0.9000 0.8910
12.142429 0.8900 0.8890 0.8890 0.8890 0.8870
12.167000 0.8860 0.8850 0.8850 0.8840 0.8840
12.191429 0.8850 0.8890 0.8870 0.8870 0.8870
12.216000 0.8870 0.8870 0.8870 0.8870 0.8860
12.240429 0.8850 0.8850 0.8850 0.8850 0.8850
12.265000 0.8840 0.8820 0.8810 0.8790 0.8790
12.289429 0.8770 0.8770 0.8770 0.8770 0.8770
12.314000 0.8770 0.8760 0.8760 0.8760 0.8760
12.338429 0.8760 0.8750 0.8740 0.8710 0.8690
12.363000 0.8630 0.8580 0.8520 0.8490 0.8470
12.387429 0.8440 0.8400 0.8380 0.8370 0.8340
12.411000 0.8340 0.8320 0.8310 0.8290 0.8290
12.435429 0.8280 0.8280 0.8290 0.8310 0.8330
12.460000 0.8380 0.8400 0.8420 0.8480 0.8490
12.484429 0.8550 0.8600 0.8650 0.8680 0.8710
12.509000 0.8790 0.8850 0.8920 0.8960 0.8970
12.533429 0.8970 0.8970 0.8970 0.8980 0.9000
12.558000 0.9000 0.9050 0.9090 0.9110 0.9160
12.582429 0.9180 0.9180 0.9190 0.9190 0.9210
12.607000 0.9210 0.9220 0.9220 0.9230 0.9240
12.631429 0.9240 0.9270 0.9300 0.9330 0.9350
12.656000 0.9350 0.9370 0.9380 0.9390 0.9400
12.680429 0.9420 0.9430 0.9430 0.9440 0.9450
12.705000 0.9480 0.9480 0.9500 0.9510 0.9530
12.729429 0.9540 0.9540 0.9550 0.9550 0.9550
12.753000 0.9550 0.9560 0.9560 0.9580 0.9580
12.777429 0.9600 0.9610 0.9630 0.9630 0.9630
12.802000 0.9640 0.9640 0.9640 0.9630 0.9630
12.826429 0.9630 0.9630 0.9630 0.9630 0.9640
12.851000 0.9650 0.9650 0.9650 0.9650 0.9650
12.875429 0.9650 0.9650 0.9650 0.9650 0.9650
12.900000 0.9650 0.9650 0.9650 0.9650 0.9650
12.924429 0.9640 0.9630 0.9610 0.9610 0.9600
12.949000 0.9590 0.9590 0.9580 0.9580 0.9580
12.973429 0.9580 0.9550 0.9540 0.9530 0.9510
12.998000 0.9490 0.9490 0.9480 0.9480 0.9450
13.022429 0.9430 0.9400 0.9390 0.9380 0.9340
13.046000 0.9320 0.9290 0.9240 0.9170 0.9130
13.070429 0.9120 0.9120 0.9110 0.9110 0.9090
13.095000 0.9090 0.9050 0.9010 0.9000 0.8980
13.119429 0.8950 0.8930 0.8930 0.8920 0.8910
13.144000 0.8890 0.8870 0.8860 0.8820 0.8790
13.168429 0.8740 0.8710 0.8700 0.8690 0.8660
13.193000 0.8600 0.8600 0.8590 0.8590 0.8590
13.217429 0.8590 0.8600 0.8630 0.8660 0.8690
13.242000 0.8740 0.8790 0.8800 0.8820 0.8870
13.266429 0.8900 0.8980 0.8980 0.9000 0.9000
13.291000 0.9010 0.9030 0.9070 0.9090 0.9090
13.315429 0.9110 0.9110 0.9120 0.9130 0.9160
13.339000 0.9170 0.9170 0.9180 0.9190 0.9210
13.363429 0.9220 0.9240 0.9280 0.9280 0.9280
13.388000 0.9290 0.9290 0.9300 0.9300 0.9320
13.412429 0.9320 0.9330 0.9330 0.9330 0.9330
13.437000 0.9330 0.9330 0.9330 0.9330 0.9330
13.461429 0.9340 0.9340 0.9340 0.9350 0.9350
13.486000 0.9350 0.9350 0.9350 0.9350 0.9350
13.510429 0.9330 0.9320 0.9320 0.9320 0.9320
13.535000 0.9320 0.9320 0.9320 0.9320 0.9320
13.559429 0.9320 0.9320 0.9300 0.9290 0.9290
13.584000 0.9290 0.9300 0.9300 0.9280 0.9290
13.608429 0.9290 0.9290 0.9290 0.9290 0.9280
13.632000 0.9280 0.9280 0.9270 0.9270 0.9270
13.656429 0.9260 0.9260 0.9260 0.9260 0.9240
13.681000 0.9240 0.9240 0.9240 0.9240 0.9240
13.705429 0.9260 0.9260 0.9260 0.9260 0.9260
13.730000 0.9260 0.9260 0.9270 0.9270 0.9270
13.754429 0.9280 0.9270 0.9270 0.9270 0.9260
13.779000 0.9260 0.9240 0.9260 0.9240 0.9240
13.803429 0.9230 0.9230 0.9230 0.9230 0.9230
13.828000 0.9230 0.9230 0.9230 0.9230 0.9240
13.852429 0.9240 0.9240 0.9240 0.9240 0.9260
13.877000 0.9240 0.9240 0.9240 0.9260 0.9260
13.901429 0.9260 0.9260 0.9260 0.9260 0.9270
13.926000 0.9280 0.9290 0.9320 0.9350 0.9390
13.950429 0.9420 0.9440 0.9450 0.9480 0.9480
13.974000 0.9490 0.9490 0.9490 0.9500 0.9500
13.998429 0.9500 0.9500 0.9500 0.9530 0.9540
14.023000 0.9550 0.9550 0.9560 0.9580 0.9590
14.047429 0.9600 0.9600 0.9610 0.9610 0.9610
14.072000 0.9630 0.9640 0.9660 0.9670 0.9670
14.096429 0.9670 0.9670 0.9660 0.9660 0.9670
14.121000 0.9670 0.9670 0.9670 0.9670 0.9670
14.145429 0.9700 0.9710 0.9710 0.9720 0.9720
14.170000 0.9720 0.9720 0.9720 0.9720 0.9720
14.194429 0.9720 0.9740 0.9740 0.9740 0.9740
14.219000 0.9750 0.9750 0.9750 0.9750 0.9750
14.243429 0.9750 0.9750 0.9750 0.9750 0.9750
14.267000 0.9750 0.9760 0.9760 0.9760 0.9760
14.291429 0.9770 0.9770 0.9770 0.9770 0.9770
14.316000 0.9770 0.9770 0.9790 0.9770 0.9760
14.340429 0.9760 0.9760 0.9760 0.9760 0.9760
14.365000 0.9760 0.9760 0.9760 0.9760 0.9750
14.389429 0.9770 0.9760 0.9760 0.9760 0.9760
14.414000 0.9760 0.9750 0.9750 0.9750 0.9750
14.438429 0.9750 0.9750 0.9750 0.9750 0.9750
14.463000 0.9750 0.9740 0.9720 0.9720 0.9720
14.487429 0.9720 0.9720 0.9710 0.9710 0.9710
14.512000 0.9700 0.9690 0.9690 0.9690 0.9690
14.536429 0.9690 0.9670 0.9670 0.9670 0.9650
14.560000 0.9640 0.9630 0.9630 0.9630 0.9610
14.584429 0.9590 0.9560 0.9540 0.9510 0.9490
14.609000 0.9450 0.9450 0.9430 0.9420 0.9390
14.633429 0.9370 0.9340 0.9320 0.9280 0.9240
14.658000 0.9210 0.9190 0.9180 0.9170 0.9130
14.682429 0.9090 0.9070 0.9020 0.9010 0.9000
14.707000 0.9000 0.8980 0.8920 0.8910 0.8890
14.731429 0.8870 0.8860 0.8850 0.8850 0.8850
14.756000 0.8850 0.8840 0.8820 0.8820 0.8810
14.780429 0.8810 0.8800 0.8800 0.8800 0.8800
14.805000 0.8800 0.8800 0.8800 0.8810 0.8810
14.829429 0.8820 0.8860 0.8890 0.8900 0.8910
14.853000 0.8930 0.8980 0.9000 0.9000 0.9000
14.877429 0.9020 0.9030 0.9080 0.9090 0.9110
14.902000 0.9120 0.9120 0.9130 0.9130 0.9140
14.926429 0.9170 0.9180 0.9210 0.9220 0.9220
14.951000 0.9230 0.9230 0.9230 0.9230 0.9220
14.975429 0.9190 0.9180 0.9170 0.9130 0.9090
15.000000 0.9050 0.8980 0.8950 0.8930 0.8920
15.024429 0.8910 0.8910 0.8870 0.8840 0.8800
15.049000 0.8770 0.8760 0.8710 0.8680 0.8630
15.073429 0.8610 0.8610 0.8600 0.8600 0.8600
15.098000 0.8600 0.8610 0.8610 0.8610 0.8630
15.122429 0.8630 0.8640 0.8680 0.8690 0.8690
15.147000 0.8690 0.8690 0.8690 0.8690 0.8690
15.171429 0.8690 0.8690 0.8690 0.8690 0.8690
15.195000 0.8690 0.8700 0.8700 0.8700 0.8700
15.219429 0.8690 0.8690 0.8680 0.8680 0.8680
15.244000 0.8660 0.8650 0.8640 0.8630 0.8630
15.268429 0.8610 0.8610 0.8610 0.8600 0.8590
15.293000 0.8580 0.8580 0.8560 0.8560 0.8550
15.317429 0.8550 0.8540 0.8540 0.8530 0.8530
15.342000 0.8520 0.8500 0.8500 0.8490 0.8470
15.366429 0.8440 0.8430 0.8420 0.8400 0.8400
15.391000 0.8400 0.8390 0.8380 0.8370 0.8340
15.415429 0.8320 0.8320 0.8310 0.8310 0.8290
15.440000 0.8280 0.8280 0.8230 0.8220 0.8210
15.464429 0.8190 0.8180 0.8170 0.8160 0.8130
15.488000 0.8120 0.8110 0.8100 0.8100 0.8070
15.512429 0.8060 0.8050 0.8030 0.8030 0.8020
15.537000 0.8010 0.8010 0.8000 0.8000 0.7920
15.561429 0.7900 0.7870 0.7860 0.7860 0.7840
15.586000 0.7820 0.7810 0.7810 0.7810 0.7810
15.610429 0.7810 0.7810 0.7790 0.7790 0.7790
15.635000 0.7780 0.7760 0.7750 0.7730 0.7710
15.659429 0.7700 0.7690 0.7680 0.7650 0.7620
15.684000 0.7600 0.7590 0.7590 0.7580 0.7540
15.708429 0.7520 0.7520 0.7520 0.7520 0.7520
15.733000 0.7500 0.7500 0.7500 0.7490 0.7490
15.757429 0.7490 0.7480 0.7430 0.7410 0.7390
15.781000 0.7360 0.7340 0.7330 0.7320 0.7290
15.805429 0.7270 0.7260 0.7250 0.7230 0.7220
15.830000 0.7210 0.7210 0.7200 0.7180 0.7160
15.854429 0.7130 0.7120 0.7110 0.7100 0.7100
15.879000 0.7090 0.7090 0.7050 0.7040 0.7040
15.903429 0.7020 0.7010 0.7000 0.6920 0.6910
15.928000 0.6900 0.6890 0.6880 0.6850 0.6840
15.952429 0.6840 0.6810 0.6810 0.6800 0.6800
##END=
