##TITLE=CYCLOHEXANONE--2-CARBOXYLIC ACID, BENZYL ESTER
##JCAMP-DX=4.24
##DATA TYPE=INFRARED SPECTRUM
##CLASS=COBLENTZ III
##ORIGIN=SOUTHERN RESEARCH INSTITUTE (W.C. COBURN, JR.)
##OWNER=COBLENTZ SOCIETY
Collection (C) 2018 copyright by the U.S. Secretary of Commerce
on behalf of the United States of America. All rights reserved.
##DATE=1956/11/30
##NAMES=benzyl 2-oxocyclohexanecarboxylate
##CAS REGISTRY NO=2205-32-5
##MOLFORM=C14 H16 O3
##SOURCE REFERENCE=COBLENTZ NO. 9895
##$NIST SOURCE=COBLENTZ
##$NIST IMAGE=cob9895
##SPECTROMETER/DATA SYSTEM=PERKIN-ELMER 21 (GRATING)
##INSTRUMENT PARAMETERS=NaCl PRISM, FILTER CHANGE AT 1080 CM^-^1
##STATE=LIQUID (NEAT)
$$ PURITY - ANALYTICAL
##PATH LENGTH=CAPILLARY
##SAMPLING PROCEDURE=TRANSMISSION
##RESOLUTION=2
##DATA PROCESSING=DIGITIZED BY NIST FROM HARD COPY (FROM TWO SEGMENTS)
##XUNITS=1/CM
##YUNITS=TRANSMITTANCE
##XFACTOR=1.000000
##YFACTOR=1
##DELTAX=1.309329
##FIRSTX=614.677
##LASTX=4009.77
##FIRSTY=0.768
##MAXX=4009.77
##MINX=614.677
##MAXY=0.798
##MINY=0.126
##NPOINTS=2594
##XYDATA=(X++(Y..Y))
614.677000 0.7680 0.7680 0.7680 0.7700 0.7700
621.223645 0.7710 0.7710 0.7710 0.7710 0.7710
627.770290 0.7710 0.7710 0.7710 0.7710 0.7710
634.316935 0.7710 0.7682 0.7661 0.7651 0.7650
640.863580 0.7632 0.7621 0.7620 0.7620 0.7620
647.410225 0.7629 0.7657 0.7740 0.7794 0.7844
653.956870 0.7877 0.7889 0.7916 0.7920 0.7929
660.503515 0.7930 0.7921 0.7818 0.7766 0.7726
667.050160 0.7678 0.7653 0.7616 0.7585 0.7572
673.596805 0.7554 0.7550 0.7517 0.7461 0.7418
680.143450 0.7386 0.7348 0.7188 0.7039 0.6678
686.690095 0.6134 0.5744 0.5406 0.4597 0.4112
693.236740 0.3546 0.3385 0.3388 0.3511 0.3813
699.783385 0.4289 0.4702 0.5066 0.5768 0.6551
706.330030 0.6760 0.6760 0.6760 0.6760 0.6760
712.876675 0.6746 0.6726 0.6671 0.6532 0.6356
719.423320 0.6175 0.5982 0.5735 0.5596 0.5509
725.969965 0.5232 0.4937 0.4685 0.4259 0.4054
732.516610 0.3988 0.3921 0.3855 0.3824 0.3814
739.063255 0.3810 0.3810 0.3810 0.3810 0.3810
745.609900 0.3810 0.3810 0.3810 0.3816 0.3844
752.156545 0.4009 0.4234 0.4449 0.4673 0.4954
758.703190 0.5401 0.5688 0.5827 0.5917 0.5941
765.249835 0.5950 0.5956 0.5965 0.5981 0.6038
771.796480 0.6155 0.6290 0.6414 0.6533 0.6590
778.343125 0.6590 0.6580 0.6555 0.6505 0.6455
784.889770 0.6430 0.6395 0.6350 0.6310 0.6275
791.436415 0.6178 0.6033 0.5937 0.5881 0.5823
797.983060 0.5729 0.5610 0.5517 0.5467 0.5400
804.529705 0.5310 0.5225 0.5158 0.5104 0.5053
811.076350 0.5017 0.4992 0.4972 0.4952 0.4932
817.622995 0.4908 0.4886 0.4868 0.4834 0.4764
824.169640 0.4648 0.4534 0.4426 0.4325 0.4239
830.716285 0.4231 0.4297 0.4465 0.4666 0.4799
837.262930 0.4921 0.5008 0.5101 0.5308 0.5580
843.809575 0.5636 0.5693 0.5765 0.5861 0.5981
850.356220 0.6050 0.6075 0.6151 0.6221 0.6291
856.902865 0.6357 0.6411 0.6451 0.6491 0.6531
863.449510 0.6563 0.6570 0.6570 0.6570 0.6567
869.996155 0.6550 0.6518 0.6500 0.6461 0.6418
876.542800 0.6371 0.6333 0.6308 0.6302 0.6330
883.089445 0.6406 0.6430 0.6430 0.6430 0.6430
889.636090 0.6424 0.6388 0.6331 0.6275 0.6196
896.182735 0.6119 0.6067 0.6030 0.5912 0.5808
902.729380 0.5735 0.5707 0.5678 0.5606 0.5577
909.276025 0.5560 0.5560 0.5561 0.5570 0.5571
915.822670 0.5580 0.5582 0.5607 0.5668 0.5740
922.369315 0.5838 0.5919 0.6015 0.6071 0.6080
928.915960 0.6080 0.6080 0.6080 0.6080 0.6080
935.462605 0.6078 0.6038 0.5997 0.5948 0.5899
942.009250 0.5878 0.5828 0.5769 0.5739 0.5707
948.555895 0.5610 0.5600 0.5600 0.5600 0.5630
955.102540 0.5630 0.5630 0.5630 0.5630 0.5620
961.649185 0.5522 0.5500 0.5480 0.5412 0.5323
968.195830 0.5272 0.5241 0.5240 0.5240 0.5297
974.742475 0.5347 0.5397 0.5587 0.5628 0.5732
981.289120 0.5795 0.5837 0.5858 0.5924 0.5957
987.835765 0.5987 0.5999 0.6009 0.6010 0.6010
994.382410 0.6010 0.6001 0.5973 0.5908 0.5795
1000.929055 0.5719 0.5693 0.5690 0.5690 0.5690
1007.475700 0.5690 0.5673 0.5670 0.5628 0.5578
1014.022345 0.5512 0.5467 0.5435 0.5348 0.5257
1020.568990 0.5135 0.5021 0.4798 0.4702 0.4650
1027.115635 0.4561 0.4516 0.4526 0.4600 0.4736
1033.662280 0.4970 0.5045 0.5112 0.5138 0.5148
1040.208925 0.5150 0.5142 0.5140 0.5118 0.5103
1046.755570 0.5034 0.4885 0.4708 0.4304 0.3737
1053.302215 0.3563 0.3560 0.3560 0.3567 0.3626
1059.848860 0.3719 0.3806 0.3906 0.4030 0.4077
1066.395505 0.4087 0.4090 0.4090 0.4090 0.4077
1072.942150 0.3709 0.3500 0.3320 0.3054 0.2954
1079.488795 0.2937 0.2930 0.2949 0.2966 0.3256
1086.035440 0.3529 0.3633 0.3753 0.4031 0.4614
1092.582085 0.5105 0.5240 0.5240 0.5240 0.5234
1099.128730 0.5201 0.5180 0.5168 0.5171 0.5180
1105.675375 0.5180 0.5180 0.5186 0.5229 0.5293
1112.222020 0.5325 0.5362 0.5395 0.5400 0.5400
1118.768665 0.5400 0.5400 0.5395 0.5288 0.5124
1125.315310 0.4995 0.4880 0.4795 0.4735 0.4690
1131.861955 0.4650 0.4630 0.4625 0.4601 0.4571
1138.408600 0.4495 0.4327 0.4132 0.3970 0.3895
1144.955245 0.3876 0.3842 0.3802 0.3758 0.3713
1151.501890 0.3660 0.3599 0.3553 0.3509 0.3422
1158.048535 0.3315 0.3260 0.3210 0.3160 0.3110
1164.595180 0.3033 0.2917 0.2807 0.2698 0.2585
1171.141825 0.2473 0.2332 0.2193 0.2180 0.2180
1177.688470 0.2183 0.2256 0.2450 0.2666 0.3065
1184.235115 0.3530 0.3563 0.3597 0.3613 0.3620
1190.781760 0.3620 0.3611 0.3581 0.3545 0.3486
1197.328405 0.3394 0.3287 0.3204 0.3089 0.2913
1203.875050 0.2743 0.2587 0.2475 0.2286 0.1895
1210.421695 0.1714 0.1599 0.1433 0.1283 0.1260
1216.968340 0.1260 0.1260 0.1262 0.1279 0.1317
1223.514985 0.1353 0.1435 0.1607 0.1830 0.2056
1230.061630 0.2216 0.2311 0.2470 0.2627 0.2814
1236.608275 0.2964 0.2985 0.3022 0.3080 0.3077
1243.154920 0.3058 0.3050 0.3048 0.3037 0.3020
1249.701565 0.2995 0.2814 0.2566 0.2332 0.1805
1256.248210 0.1748 0.1585 0.1540 0.1469 0.1461
1262.794855 0.1483 0.1600 0.1702 0.1817 0.1939
1269.341500 0.2461 0.2593 0.2769 0.2988 0.3084
1275.888145 0.3131 0.3153 0.3192 0.3221 0.3230
1282.434790 0.3230 0.3230 0.3230 0.3219 0.3168
1288.981435 0.2531 0.1909 0.1859 0.1799 0.1739
1295.528080 0.1690 0.1650 0.1640 0.1650 0.1770
1302.074725 0.1849 0.2117 0.2454 0.2646 0.2942
1308.621370 0.3095 0.3245 0.3308 0.3397 0.3515
1315.168015 0.3549 0.3559 0.3636 0.3659 0.3772
1321.714660 0.3901 0.3984 0.4074 0.4080 0.4080
1328.261305 0.4062 0.4042 0.3967 0.3942 0.3940
1334.807950 0.3940 0.3958 0.3978 0.4078 0.4187
1341.354595 0.4209 0.4280 0.4290 0.4255 0.4198
1347.901240 0.4156 0.3691 0.3474 0.3323 0.3275
1354.447885 0.3270 0.3270 0.3270 0.3278 0.3346
1360.994530 0.3425 0.3505 0.3585 0.3665 0.3728
1367.541175 0.3780 0.3846 0.3923 0.4074 0.4173
1374.087820 0.4229 0.4248 0.4242 0.4225 0.4212
1380.634465 0.4195 0.4175 0.4162 0.4153 0.4128
1387.181110 0.4113 0.4095 0.4083 0.3948 0.3710
1393.727755 0.3488 0.3344 0.3224 0.3019 0.2929
1400.274400 0.2927 0.3153 0.3341 0.3450 0.3563
1406.821045 0.3669 0.3782 0.3901 0.4068 0.4230
1413.367690 0.4353 0.4410 0.4420 0.4413 0.4410
1419.914335 0.4384 0.4273 0.4182 0.4160 0.4166
1426.460980 0.4201 0.4270 0.4368 0.4422 0.4498
1433.007625 0.4613 0.4769 0.4912 0.4996 0.5038
1439.554270 0.5021 0.4959 0.4854 0.4783 0.4735
1446.100915 0.4641 0.4459 0.4219 0.4026 0.3882
1452.647560 0.3710 0.3522 0.3429 0.3425 0.3441
1459.194205 0.3461 0.3602 0.3820 0.4019 0.4208
1465.740850 0.4351 0.4481 0.4661 0.4912 0.5376
1472.287495 0.5789 0.6131 0.6526 0.6738 0.6839
1478.834140 0.6917 0.7054 0.7155 0.7160 0.7160
1485.380785 0.7155 0.7150 0.7128 0.7060 0.6935
1491.927430 0.6740 0.6537 0.6410 0.6271 0.5932
1498.474075 0.5583 0.5419 0.5250 0.5142 0.5331
1505.020720 0.5729 0.5974 0.6210 0.6448 0.6693
1511.567365 0.6928 0.7153 0.7290 0.7290 0.7290
1518.114010 0.7290 0.7290 0.7290 0.7286 0.7280
1524.660655 0.7277 0.7270 0.7263 0.7250 0.7247
1531.207300 0.7240 0.7237 0.7221 0.7194 0.7174
1537.753945 0.7145 0.7098 0.7067 0.7060 0.7060
1544.300590 0.7060 0.7054 0.7040 0.7040 0.7037
1550.847235 0.7030 0.7027 0.7020 0.7012 0.6978
1557.393880 0.6930 0.6893 0.6865 0.6829 0.6755
1563.940525 0.6738 0.6728 0.6718 0.6706 0.6682
1570.487170 0.6638 0.6574 0.6488 0.6380 0.6275
1577.033815 0.6145 0.6014 0.5871 0.5712 0.5566
1583.580460 0.5488 0.5404 0.5243 0.5072 0.4908
1590.127105 0.4781 0.4709 0.4576 0.4472 0.4340
1596.673750 0.4188 0.4019 0.3850 0.3678 0.3496
1603.220395 0.3310 0.3220 0.3122 0.2953 0.2784
1609.767040 0.2629 0.2620 0.2621 0.2630 0.2632
1616.313685 0.2665 0.2877 0.3362 0.3390 0.3391
1622.860330 0.3400 0.3401 0.3420 0.3420 0.3420
1629.406975 0.3419 0.3397 0.3320 0.3309 0.3269
1635.953620 0.3219 0.3129 0.2999 0.2889 0.2759
1642.500265 0.2510 0.2201 0.2180 0.2141 0.2101
1649.046910 0.2061 0.2021 0.2020 0.2010 0.2029
1655.593555 0.2068 0.2118 0.2158 0.2207 0.2238
1662.140200 0.2465 0.2667 0.2856 0.3047 0.3339
1668.686845 0.3462 0.3635 0.3796 0.3910 0.3992
1675.233490 0.4072 0.4116 0.4156 0.4169 0.4188
1681.780135 0.4199 0.4200 0.4200 0.4200 0.4200
1688.326780 0.4191 0.4156 0.4014 0.3819 0.3620
1694.873425 0.3454 0.3371 0.3209 0.3013 0.2640
1701.420070 0.2463 0.2342 0.2206 0.2131 0.2087
1707.966715 0.2064 0.2044 0.2040 0.2040 0.2040
1714.513360 0.2056 0.2091 0.2131 0.2148 0.2158
1721.060005 0.2175 0.2188 0.2190 0.2190 0.2182
1727.606650 0.2180 0.2165 0.2145 0.2110 0.2078
1734.153295 0.2070 0.2070 0.2063 0.2067 0.2070
1740.699940 0.2070 0.2077 0.2094 0.2107 0.2110
1747.246585 0.2131 0.2271 0.2474 0.2635 0.2781
1753.793230 0.2897 0.3010 0.3269 0.3506 0.3702
1760.339875 0.3915 0.4133 0.4365 0.4591 0.4810
1766.886520 0.5023 0.5345 0.5596 0.5747 0.5875
1773.433165 0.5970 0.6104 0.6255 0.6389 0.6506
1779.979810 0.6598 0.6665 0.6731 0.6789 0.6833
1786.526455 0.6873 0.6913 0.6959 0.6997 0.7010
1793.073100 0.7016 0.7020 0.7020 0.7025 0.7035
1799.619745 0.7056 0.7075 0.7091 0.7105 0.7115
1806.166390 0.7130 0.7150 0.7185 0.7225 0.7255
1812.713035 0.7290 0.7320 0.7350 0.7390 0.7425
1819.259680 0.7445 0.7464 0.7494 0.7529 0.7564
1825.806325 0.7594 0.7615 0.7625 0.7639 0.7654
1832.352970 0.7660 0.7664 0.7674 0.7680 0.7680
1838.899615 0.7689 0.7708 0.7728 0.7740 0.7744
1845.446260 0.7750 0.7750 0.7750 0.7750 0.7750
1851.992905 0.7746 0.7732 0.7716 0.7706 0.7700
1858.539550 0.7693 0.7680 0.7676 0.7670 0.7666
1865.086195 0.7656 0.7650 0.7643 0.7637 0.7650
1871.632840 0.7653 0.7660 0.7663 0.7670 0.7673
1878.179485 0.7680 0.7686 0.7700 0.7703 0.7713
1884.726130 0.7720 0.7729 0.7750 0.7753 0.7760
1891.272775 0.7766 0.7783 0.7793 0.7800 0.7803
1897.819420 0.7810 0.7815 0.7832 0.7842 0.7850
1904.366065 0.7855 0.7870 0.7870 0.7870 0.7872
1910.912710 0.7880 0.7880 0.7880 0.7880 0.7880
1917.459355 0.7880 0.7880 0.7880 0.7880 0.7880
1924.006000 0.7880 0.7880 0.7880 0.7878 0.7870
1930.552645 0.7870 0.7867 0.7850 0.7850 0.7849
1937.099290 0.7840 0.7835 0.7795 0.7760 0.7759
1943.645935 0.7749 0.7740 0.7738 0.7720 0.7720
1950.192580 0.7719 0.7709 0.7698 0.7679 0.7670
1956.739225 0.7669 0.7660 0.7660 0.7660 0.7660
1963.285870 0.7660 0.7661 0.7670 0.7670 0.7680
1969.832515 0.7680 0.7681 0.7702 0.7761 0.7780
1976.379160 0.7790 0.7780 0.7780 0.7790 0.7790
1982.925805 0.7790 0.7800 0.7800 0.7800 0.7800
1989.472450 0.7810 0.7810 0.7830 0.7830 0.7840
1996.019095 0.7840 0.7850 0.7850 0.7869 0.7870
2002.565740 0.7880 0.7890 0.7890 0.7909 0.7920
2009.112385 0.7930 0.7930 0.7949 0.7950 0.7950
2015.659030 0.7960 0.7960 0.7970 0.7970 0.7970
2022.205675 0.7970 0.7970 0.7970 0.7970 0.7970
2028.752320 0.7980 0.7980 0.7980 0.7980 0.7980
2035.298965 0.7980 0.7980 0.7980 0.7970 0.7970
2041.845610 0.7970 0.7970 0.7970 0.7970 0.7970
2048.392255 0.7970 0.7960 0.7960 0.7960 0.7960
2054.938900 0.7960 0.7960 0.7960 0.7960 0.7960
2061.485545 0.7960 0.7960 0.7960 0.7960 0.7960
2068.032190 0.7960 0.7960 0.7960 0.7950 0.7950
2074.578835 0.7950 0.7950 0.7950 0.7950 0.7950
2081.125480 0.7950 0.7950 0.7950 0.7950 0.7950
2087.672125 0.7950 0.7950 0.7950 0.7950 0.7950
2094.218770 0.7950 0.7950 0.7950 0.7950 0.7950
2100.765415 0.7950 0.7950 0.7950 0.7950 0.7950
2107.312060 0.7950 0.7950 0.7950 0.7950 0.7950
2113.858705 0.7950 0.7950 0.7931 0.7930 0.7930
2120.405350 0.7930 0.7930 0.7930 0.7930 0.7930
2126.951995 0.7949 0.7950 0.7950 0.7950 0.7873
2133.498640 0.7851 0.7840 0.7840 0.7850 0.7955
2140.045285 0.7970 0.7970 0.7970 0.7970 0.7970
2146.591930 0.7970 0.7970 0.7970 0.7970 0.7970
2153.138575 0.7970 0.7970 0.7970 0.7932 0.7930
2159.685220 0.7920 0.7920 0.7920 0.7920 0.7920
2166.231865 0.7920 0.7920 0.7949 0.7950 0.7950
2172.778510 0.7950 0.7950 0.7950 0.7950 0.7950
2179.325155 0.7960 0.7960 0.7950 0.7921 0.7920
2185.871800 0.7920 0.7920 0.7920 0.7910 0.7948
2192.418445 0.7950 0.7950 0.7950 0.7950 0.7950
2198.965090 0.7960 0.7960 0.7960 0.7960 0.7950
2205.511735 0.7931 0.7920 0.7920 0.7910 0.7910
2212.058380 0.7910 0.7910 0.7910 0.7910 0.7910
2218.605025 0.7910 0.7910 0.7891 0.7890 0.7890
2225.151670 0.7890 0.7890 0.7890 0.7909 0.7920
2231.698315 0.7920 0.7920 0.7930 0.7920 0.7920
2238.244960 0.7920 0.7920 0.7920 0.7920 0.7920
2244.791605 0.7920 0.7910 0.7910 0.7910 0.7910
2251.338250 0.7910 0.7910 0.7910 0.7910 0.7910
2257.884895 0.7910 0.7891 0.7871 0.7870 0.7870
2264.431540 0.7870 0.7870 0.7880 0.7880 0.7880
2270.978185 0.7880 0.7880 0.7880 0.7880 0.7880
2277.524830 0.7880 0.7880 0.7880 0.7880 0.7880
2284.071475 0.7880 0.7880 0.7880 0.7880 0.7880
2290.618120 0.7870 0.7870 0.7870 0.7870 0.7870
2297.164765 0.7870 0.7851 0.7850 0.7850 0.7850
2303.711410 0.7850 0.7850 0.7850 0.7850 0.7850
2310.258055 0.7869 0.7870 0.7870 0.7880 0.7880
2316.804700 0.7880 0.7870 0.7880 0.7909 0.7910
2323.351345 0.7910 0.7920 0.7920 0.7920 0.7920
2329.897990 0.7920 0.7920 0.7920 0.7910 0.7910
2336.444635 0.7910 0.7891 0.7890 0.7880 0.7880
2342.991280 0.7880 0.7880 0.7880 0.7880 0.7880
2349.537925 0.7870 0.7851 0.7840 0.7830 0.7830
2356.084570 0.7811 0.7810 0.7800 0.7800 0.7790
2362.631215 0.7780 0.7780 0.7780 0.7780 0.7761
2369.177860 0.7750 0.7750 0.7750 0.7750 0.7750
2375.724505 0.7750 0.7750 0.7740 0.7740 0.7740
2382.271150 0.7740 0.7750 0.7750 0.7740 0.7740
2388.817795 0.7740 0.7740 0.7740 0.7740 0.7711
2395.364440 0.7700 0.7700 0.7681 0.7670 0.7670
2401.911085 0.7660 0.7650 0.7650 0.7631 0.7620
2408.457730 0.7620 0.7620 0.7620 0.7620 0.7620
2415.004375 0.7620 0.7630 0.7649 0.7631 0.7630
2421.551020 0.7630 0.7630 0.7630 0.7630 0.7630
2428.097665 0.7620 0.7620 0.7620 0.7620 0.7620
2434.644310 0.7610 0.7610 0.7610 0.7610 0.7610
2441.190955 0.7610 0.7610 0.7610 0.7610 0.7610
2447.737600 0.7610 0.7610 0.7610 0.7591 0.7590
2454.284245 0.7590 0.7590 0.7590 0.7590 0.7590
2460.830890 0.7580 0.7580 0.7580 0.7580 0.7580
2467.377535 0.7580 0.7580 0.7570 0.7570 0.7570
2473.924180 0.7541 0.7540 0.7530 0.7530 0.7511
2480.470825 0.7500 0.7500 0.7490 0.7490 0.7490
2487.017470 0.7480 0.7480 0.7461 0.7460 0.7450
2493.564115 0.7450 0.7440 0.7440 0.7440 0.7440
2500.110760 0.7421 0.7420 0.7420 0.7410 0.7400
2506.657405 0.7400 0.7400 0.7400 0.7381 0.7380
2513.204050 0.7380 0.7380 0.7370 0.7370 0.7360
2519.750695 0.7341 0.7340 0.7340 0.7359 0.7398
2526.297340 0.7419 0.7439 0.7488 0.7509 0.7529
2532.843985 0.7530 0.7511 0.7481 0.7461 0.7450
2539.390630 0.7440 0.7440 0.7421 0.7410 0.7400
2545.937275 0.7381 0.7370 0.7341 0.7340 0.7340
2552.483920 0.7330 0.7330 0.7320 0.7320 0.7310
2559.030565 0.7291 0.7290 0.7280 0.7280 0.7270
2565.577210 0.7270 0.7270 0.7280 0.7309 0.7310
2572.123855 0.7320 0.7339 0.7359 0.7370 0.7380
2578.670500 0.7399 0.7371 0.7370 0.7360 0.7360
2585.217145 0.7341 0.7340 0.7330 0.7320 0.7310
2591.763790 0.7291 0.7290 0.7280 0.7270 0.7251
2598.310435 0.7250 0.7250 0.7240 0.7230 0.7230
2604.857080 0.7230 0.7211 0.7210 0.7210 0.7210
2611.403725 0.7210 0.7210 0.7210 0.7210 0.7191
2617.950370 0.7190 0.7180 0.7180 0.7161 0.7150
2624.497015 0.7150 0.7150 0.7150 0.7140 0.7140
2631.043660 0.7121 0.7120 0.7120 0.7120 0.7120
2637.590305 0.7120 0.7120 0.7120 0.7120 0.7120
2644.136950 0.7120 0.7120 0.7120 0.7120 0.7120
2650.683595 0.7120 0.7120 0.7120 0.7120 0.7120
2657.230240 0.7120 0.7120 0.7120 0.7120 0.7120
2663.776885 0.7120 0.7120 0.7139 0.7140 0.7140
2670.323530 0.7121 0.7110 0.7100 0.7081 0.7070
2676.870175 0.7060 0.7060 0.7060 0.7060 0.7060
2683.416820 0.7060 0.7060 0.7060 0.7060 0.7060
2689.963465 0.7060 0.7060 0.7060 0.7060 0.7041
2696.510110 0.7030 0.7030 0.7030 0.7030 0.7030
2703.056755 0.7030 0.7030 0.7030 0.7030 0.7020
2709.603400 0.7010 0.6991 0.6980 0.6970 0.6970
2716.150045 0.6970 0.6970 0.6951 0.6940 0.6940
2722.696690 0.6930 0.6930 0.6930 0.6911 0.6910
2729.243335 0.6910 0.6900 0.6871 0.6870 0.6860
2735.789980 0.6850 0.6821 0.6820 0.6810 0.6810
2742.336625 0.6810 0.6810 0.6810 0.6810 0.6800
2748.883270 0.6800 0.6800 0.6781 0.6780 0.6770
2755.429915 0.6780 0.6770 0.6770 0.6760 0.6731
2761.976560 0.6730 0.6720 0.6710 0.6710 0.6691
2768.523205 0.6690 0.6680 0.6670 0.6651 0.6640
2775.069850 0.6602 0.6610 0.6600 0.6523 0.6482
2781.616495 0.6461 0.6460 0.6403 0.6371 0.6341
2788.163140 0.6311 0.6300 0.6262 0.6183 0.6161
2794.709785 0.6141 0.6130 0.6120 0.6091 0.6071
2801.256430 0.6041 0.6011 0.5991 0.5961 0.5922
2807.803075 0.5882 0.5842 0.5792 0.5752 0.5740
2814.349720 0.5740 0.5740 0.5730 0.5701 0.5633
2820.896365 0.5620 0.5610 0.5534 0.5492 0.5480
2827.443010 0.5451 0.5412 0.5314 0.5262 0.5231
2833.989655 0.5144 0.5073 0.5022 0.4962 0.4864
2840.536300 0.4726 0.4663 0.4631 0.4553 0.4464
2847.082945 0.4393 0.4361 0.4322 0.4291 0.4252
2853.629590 0.4221 0.4210 0.4191 0.4200 0.4296
2860.176235 0.4329 0.4340 0.4359 0.4379 0.4390
2866.722880 0.4428 0.4449 0.4450 0.4460 0.4460
2873.269525 0.4470 0.4460 0.4460 0.4460 0.4460
2879.816170 0.4460 0.4460 0.4460 0.4460 0.4460
2886.362815 0.4460 0.4460 0.4460 0.4460 0.4460
2892.909460 0.4460 0.4450 0.4431 0.4420 0.4391
2899.456105 0.4380 0.4361 0.4303 0.4252 0.4202
2906.002750 0.4162 0.4112 0.4062 0.4022 0.3924
2912.549395 0.3786 0.3732 0.3682 0.3594 0.3513
2919.096040 0.3424 0.3382 0.3351 0.3321 0.3282
2925.642685 0.3261 0.3231 0.3211 0.3181 0.3180
2932.189330 0.3209 0.3220 0.3249 0.3269 0.3280
2938.735975 0.3299 0.3319 0.3339 0.3350 0.3360
2945.282620 0.3398 0.3448 0.3488 0.3528 0.3568
2951.829265 0.3608 0.3658 0.3727 0.3778 0.3847
2958.375910 0.3917 0.4016 0.4106 0.4196 0.4296
2964.922555 0.4405 0.4448 0.4469 0.4508 0.4577
2971.469200 0.4590 0.4667 0.4804 0.4963 0.5046
2978.015845 0.5107 0.5148 0.5217 0.5239 0.5278
2984.562490 0.5309 0.5320 0.5330 0.5359 0.5370
2991.109135 0.5389 0.5400 0.5410 0.5410 0.5429
2997.655780 0.5430 0.5430 0.5430 0.5430 0.5430
3004.202425 0.5430 0.5430 0.5430 0.5430 0.5411
3010.749070 0.5400 0.5390 0.5390 0.5361 0.5360
3017.295715 0.5360 0.5360 0.5331 0.5311 0.5243
3023.842360 0.5154 0.5112 0.5100 0.5090 0.5033
3030.389005 0.5011 0.4981 0.4942 0.4921 0.4901
3036.935650 0.4900 0.4900 0.4900 0.4900 0.4900
3043.482295 0.4919 0.4930 0.4959 0.4998 0.5010
3050.028940 0.5010 0.5020 0.5049 0.5050 0.5088
3056.575585 0.5100 0.5110 0.5129 0.5130 0.5140
3063.122230 0.5140 0.5140 0.5150 0.5160 0.5179
3069.668875 0.5190 0.5200 0.5200 0.5219 0.5230
3076.215520 0.5230 0.5240 0.5259 0.5308 0.5329
3082.762165 0.5359 0.5389 0.5400 0.5515 0.5539
3089.308810 0.5569 0.5580 0.5599 0.5619 0.5649
3095.855455 0.5669 0.5699 0.5738 0.5769 0.5799
3102.402100 0.5800 0.5829 0.5878 0.5899 0.5900
3108.948745 0.5910 0.5910 0.5920 0.5949 0.5998
3115.495390 0.6000 0.6010 0.6029 0.6040 0.6040
3122.042035 0.6050 0.6069 0.6070 0.6080 0.6080
3128.588680 0.6090 0.6100 0.6119 0.6139 0.6140
3135.135325 0.6159 0.6160 0.6160 0.6160 0.6160
3141.681970 0.6160 0.6141 0.6130 0.6130 0.6130
3148.228615 0.6140 0.6140 0.6140 0.6159 0.6160
3154.775260 0.6170 0.6170 0.6180 0.6199 0.6200
3161.321905 0.6181 0.6170 0.6160 0.6141 0.6140
3167.868550 0.6140 0.6159 0.6217 0.6220 0.6220
3174.415195 0.6220 0.6220 0.6220 0.6239 0.6240
3180.961840 0.6240 0.6240 0.6240 0.6240 0.6240
3187.508485 0.6240 0.6240 0.6240 0.6240 0.6240
3194.055130 0.6221 0.6239 0.6250 0.6260 0.6260
3200.601775 0.6270 0.6270 0.6289 0.6290 0.6290
3207.148420 0.6300 0.6300 0.6300 0.6310 0.6310
3213.695065 0.6310 0.6329 0.6330 0.6330 0.6340
3220.241710 0.6340 0.6340 0.6340 0.6340 0.6340
3226.788355 0.6340 0.6340 0.6340 0.6340 0.6311
3233.335000 0.6310 0.6310 0.6310 0.6310 0.6300
3239.881645 0.6271 0.6241 0.6211 0.6181 0.6170
3246.428290 0.6160 0.6160 0.6198 0.6248 0.6269
3252.974935 0.6299 0.6310 0.6310 0.6310 0.6310
3259.521580 0.6300 0.6290 0.6290 0.6290 0.6290
3266.068225 0.6290 0.6290 0.6290 0.6290 0.6290
3272.614870 0.6300 0.6310 0.6300 0.6310 0.6310
3279.161515 0.6310 0.6310 0.6310 0.6310 0.6310
3285.708160 0.6310 0.6310 0.6329 0.6330 0.6330
3292.254805 0.6330 0.6330 0.6340 0.6340 0.6350
3298.801450 0.6350 0.6369 0.6380 0.6380 0.6380
3305.348095 0.6380 0.6380 0.6390 0.6390 0.6390
3311.894740 0.6400 0.6400 0.6400 0.6419 0.6420
3318.441385 0.6420 0.6420 0.6420 0.6420 0.6420
3324.988030 0.6420 0.6420 0.6420 0.6420 0.6420
3331.534675 0.6420 0.6420 0.6420 0.6420 0.6420
3338.081320 0.6420 0.6420 0.6420 0.6420 0.6420
3344.627965 0.6420 0.6430 0.6430 0.6430 0.6440
3351.174610 0.6459 0.6460 0.6460 0.6441 0.6440
3357.721255 0.6440 0.6459 0.6460 0.6460 0.6460
3364.267900 0.6460 0.6460 0.6460 0.6460 0.6460
3370.814545 0.6460 0.6460 0.6460 0.6441 0.6440
3377.361190 0.6459 0.6479 0.6509 0.6500 0.6510
3383.907835 0.6510 0.6510 0.6510 0.6510 0.6510
3390.454480 0.6520 0.6510 0.6510 0.6510 0.6510
3397.001125 0.6510 0.6520 0.6520 0.6510 0.6510
3403.547770 0.6500 0.6500 0.6500 0.6500 0.6500
3410.094415 0.6481 0.6480 0.6480 0.6480 0.6480
3416.641060 0.6480 0.6480 0.6480 0.6480 0.6480
3423.187705 0.6480 0.6480 0.6480 0.6499 0.6481
3429.734350 0.6499 0.6510 0.6520 0.6510 0.6510
3436.280995 0.6510 0.6510 0.6520 0.6520 0.6510
3442.827640 0.6510 0.6510 0.6510 0.6500 0.6500
3449.374285 0.6500 0.6500 0.6510 0.6520 0.6520
3455.920930 0.6520 0.6539 0.6521 0.6549 0.6540
3462.467575 0.6550 0.6550 0.6560 0.6560 0.6550
3469.014220 0.6550 0.6540 0.6540 0.6540 0.6540
3475.560865 0.6540 0.6540 0.6521 0.6510 0.6510
3482.107510 0.6520 0.6539 0.6540 0.6550 0.6560
3488.654155 0.6560 0.6570 0.6570 0.6560 0.6560
3495.200800 0.6560 0.6570 0.6570 0.6589 0.6590
3501.747445 0.6600 0.6600 0.6610 0.6610 0.6629
3508.294090 0.6630 0.6640 0.6640 0.6650 0.6650
3514.840735 0.6669 0.6680 0.6690 0.6709 0.6720
3521.387380 0.6720 0.6691 0.6680 0.6680 0.6680
3527.934025 0.6680 0.6680 0.6690 0.6690 0.6709
3534.480670 0.6720 0.6739 0.6769 0.6799 0.6819
3541.027315 0.6849 0.6860 0.6860 0.6860 0.6860
3547.573960 0.6870 0.6860 0.6860 0.6860 0.6860
3554.120605 0.6860 0.6860 0.6860 0.6889 0.6900
3560.667250 0.6910 0.6929 0.6940 0.6950 0.6969
3567.213895 0.6970 0.6980 0.6990 0.7009 0.7010
3573.760540 0.7020 0.7030 0.7040 0.7040 0.7069
3580.307185 0.7080 0.7099 0.7110 0.7120 0.7139
3586.853830 0.7150 0.7160 0.7160 0.7179 0.7180
3593.400475 0.7180 0.7190 0.7190 0.7200 0.7210
3599.947120 0.7210 0.7229 0.7230 0.7230 0.7240
3606.493765 0.7240 0.7250 0.7250 0.7250 0.7269
3613.040410 0.7270 0.7270 0.7270 0.7280 0.7290
3619.587055 0.7309 0.7310 0.7320 0.7320 0.7330
3626.133700 0.7330 0.7330 0.7340 0.7340 0.7340
3632.680345 0.7359 0.7370 0.7370 0.7380 0.7399
3639.226990 0.7410 0.7410 0.7420 0.7439 0.7450
3645.773635 0.7450 0.7440 0.7440 0.7440 0.7421
3652.320280 0.7420 0.7420 0.7420 0.7420 0.7420
3658.866925 0.7420 0.7420 0.7420 0.7420 0.7420
3665.413570 0.7449 0.7460 0.7460 0.7460 0.7460
3671.960215 0.7460 0.7450 0.7460 0.7460 0.7479
3678.506860 0.7480 0.7461 0.7460 0.7460 0.7460
3685.053505 0.7460 0.7460 0.7460 0.7460 0.7460
3691.600150 0.7422 0.7363 0.7331 0.7330 0.7330
3698.146795 0.7320 0.7330 0.7330 0.7359 0.7446
3704.693440 0.7498 0.7538 0.7588 0.7619 0.7630
3711.240085 0.7630 0.7649 0.7650 0.7660 0.7660
3717.786730 0.7660 0.7660 0.7660 0.7660 0.7660
3724.333375 0.7660 0.7660 0.7660 0.7670 0.7670
3730.880020 0.7660 0.7660 0.7660 0.7660 0.7660
3737.426665 0.7660 0.7660 0.7660 0.7660 0.7660
3743.973310 0.7670 0.7680 0.7680 0.7680 0.7680
3750.519955 0.7680 0.7680 0.7680 0.7680 0.7680
3757.066600 0.7680 0.7680 0.7680 0.7680 0.7680
3763.613245 0.7680 0.7680 0.7670 0.7670 0.7670
3770.159890 0.7660 0.7650 0.7621 0.7620 0.7620
3776.706535 0.7610 0.7610 0.7610 0.7591 0.7590
3783.253180 0.7590 0.7590 0.7590 0.7590 0.7580
3789.799825 0.7580 0.7580 0.7580 0.7580 0.7580
3796.346470 0.7580 0.7590 0.7619 0.7630 0.7649
3802.893115 0.7650 0.7660 0.7660 0.7660 0.7660
3809.439760 0.7650 0.7650 0.7650 0.7650 0.7660
3815.986405 0.7660 0.7660 0.7660 0.7660 0.7660
3822.533050 0.7660 0.7660 0.7660 0.7660 0.7660
3829.079695 0.7660 0.7660 0.7650 0.7650 0.7631
3835.626340 0.7649 0.7631 0.7620 0.7620 0.7620
3842.172985 0.7620 0.7620 0.7620 0.7620 0.7620
3848.719630 0.7620 0.7620 0.7620 0.7620 0.7620
3855.266275 0.7620 0.7610 0.7620 0.7610 0.7591
3861.812920 0.7590 0.7590 0.7590 0.7590 0.7590
3868.359565 0.7580 0.7580 0.7590 0.7580 0.7580
3874.906210 0.7580 0.7580 0.7580 0.7580 0.7570
3881.452855 0.7570 0.7570 0.7570 0.7551 0.7550
3887.999500 0.7540 0.7540 0.7540 0.7540 0.7540
3894.546145 0.7530 0.7530 0.7530 0.7530 0.7540
3901.092790 0.7540 0.7550 0.7550 0.7550 0.7569
3907.639435 0.7570 0.7570 0.7570 0.7570 0.7570
3914.186080 0.7570 0.7570 0.7570 0.7570 0.7570
3920.732725 0.7570 0.7570 0.7570 0.7570 0.7570
3927.279370 0.7570 0.7551 0.7540 0.7540 0.7540
3933.826015 0.7540 0.7540 0.7530 0.7540 0.7540
3940.372660 0.7530 0.7530 0.7501 0.7481 0.7461
3946.919305 0.7450 0.7440 0.7440 0.7440 0.7440
3953.465950 0.7440 0.7440 0.7421 0.7420 0.7439
3960.012595 0.7440 0.7440 0.7459 0.7489 0.7500
3966.559240 0.7500 0.7510 0.7510 0.7529 0.7511
3973.105885 0.7510 0.7510 0.7510 0.7500 0.7500
3979.652530 0.7500 0.7500 0.7500 0.7500 0.7500
3986.199175 0.7500 0.7500 0.7490 0.7490 0.7500
3992.745820 0.7510 0.7510 0.7510 0.7510 0.7510
3999.292465 0.7500 0.7500 0.7510 0.7510 0.7510
4005.839110 0.7510 0.7510 0.7510 0.7510
##END=
