##TITLE=p-Dodecyloxybenzoic acid
##JCAMP-DX=4.24
##DATA TYPE=INFRARED SPECTRUM
##ORIGIN=EPA-IR VAPOR PHASE LIBRARY
##OWNER=SRD/NIST
Collection (C) 2018 copyright by the U.S. Secretary of Commerce
on behalf of the United States of America. All rights reserved.
##CAS REGISTRY NO=2312-15-4
##MOLFORM=C 19 H 30 O 3
##$NIST SOURCE=MSDC-IR
##STATE=gas
##XUNITS=1/CM
##YUNITS=ABSORBANCE
##XFACTOR=1.
##YFACTOR=0.001
##DELTAX=3.85796
##FIRSTX=551.7
##LASTX=4000.7
##FIRSTY=1.1648
##MAXX=4000.7
##MINX=551.688
##MAXY=0.01867
##MINY=0
##NPOINTS=895
##XYDATA=(X++(Y..Y))
551.688 1.1648 1.34 1.2661 1.5 1.79 1.71 1.68 1.41 1.2271 1.39
590.268 1.49 1.65 1.77 1.7 1.84 2.16 2.42 2.52 2.13 1.43
628.847 1.0298 0.953 0.9562 0.7279 0.5591 0.6123 0.5567 0.4751 0.5039 0.557
667.427 0.5314 0.5163 0.5366 0.6287 0.6871 0.7489 1.0798 1.58 1.72 1.54
706.006 1.44 1.45 1.2671 1.1725 1.0864 0.9909 1.0229 0.9543 0.8614 0.7336
744.586 0.7494 0.8229 0.7644 0.8724 1.2218 1.64 2.05 2.29 2.12 1.75
783.165 1.57 1.37 1.1538 0.9756 0.9603 0.9752 0.9334 0.9632 0.9173 0.8086
821.745 0.8579 0.9859 1.005 1.0428 1.297 1.66 1.79 1.68 1.45 1.1623
860.324 0.9692 0.8558 0.8211 0.8662 0.8382 0.7121 0.651 0.7567 0.7442 0.7404
898.904 0.7845 0.7438 0.7422 0.762 0.6927 0.6126 0.5886 0.6871 0.8084 0.8218
937.484 0.7833 0.6568 0.7367 0.9143 0.895 0.8456 0.8962 0.9349 0.9309 1.0746
976.063 1.34 1.34 1.39 1.46 1.49 1.52 1.61 1.93 2.24 2.47
1014.643 2.52 2.7 2.78 2.71 2.68 2.5 2.46 2.54 2.46 2.51
1053.222 2.89 3.37 3.94 4.68 5.49 6.97 8.54 8.75 7.35 5.25
1091.802 3.79 2.82 2.21 2.21 1.9 1.55 1.72 1.86 1.69 1.48
1130.381 1.6 1.72 1.78 2 2.62 3.99 6.14 9.49 13.1 13.32
1168.961 9.81 6.21 4.41 4.27 4.57 4.51 3.79 2.89 2.53 2.48
1207.540 2.55 2.46 2.68 3.32 3.71 4.24 5 5.9 7.2 8.59
1246.120 9.71 10.5 10.18 8.69 6.74 5.09 4.13 3.46 3.07 2.86
1284.699 2.77 2.85 3.12 3.46 3.64 3.55 3.27 3.1 3.15 3.25
1323.279 3.37 3.49 3.41 3.05 2.63 2.33 2.34 2.65 3.22 4.02
1361.859 4.62 4.32 3.3 2.37 1.85 1.62 1.51 1.39 1.2252 1.0921
1400.438 1.0248 1.022 1.0518 1.1628 1.35 1.4 1.2603 1.1134 1.0385 1.0438
1439.018 1.0783 1.1537 1.3136 1.48 1.65 1.81 1.91 2.06 2.23 2.25
1477.597 1.97 1.58 1.36 1.34 1.55 2.08 2.98 4.07 4.91 4.62
1516.177 3.37 2.2 1.55 1.207 0.9922 0.9212 0.934 0.895 0.8711 0.8598
1554.756 0.8955 1.0616 1.1387 1.2241 1.45 1.7 1.96 2.15 2.45 2.95
1593.336 3.73 4.98 6.53 7.58 7.25 5.67 3.9 2.66 1.87 1.35
1631.915 1.0584 0.8724 0.7041 0.6216 0.6229 0.6017 0.5226 0.471 0.5009 0.5105
1670.495 0.4662 0.4673 0.4799 0.5361 0.6043 0.6226 0.6593 0.72 0.7653 0.8102
1709.075 0.9261 1.0855 1.2229 1.2518 1.35 1.67 2.22 3 4.13 6.09
1747.654 9.66 15.11 18.67 16.02 10.08 5.95 3.91 2.81 2.12 1.62
1786.234 1.2576 1.0393 0.894 0.8152 0.7607 0.6847 0.6285 0.6532 0.6643 0.6199
1824.813 0.5728 0.5105 0.4344 0.37723 0.34551 0.319991 0.304 0.32482 0.3081 0.2884
1863.393 0.2984 0.2982 0.3408 0.33595 0.2942 0.3055 0.329574 0.34969 0.38746 0.4025
1901.972 0.39013 0.4235 0.4458 0.4346 0.4307 0.4397 0.4386 0.41182 0.35486 0.31239
1940.552 0.33431 0.329306 0.32911 0.40083 0.438 0.38142 0.35059 0.36021 0.36943 0.38804
1979.131 0.3975 0.37821 0.35597 0.35859 0.35407 0.33155 0.31513 0.2961 0.2839 0.34002
2017.711 0.36525 0.3646 0.3833 0.3336 0.2925 0.2849 0.2871 0.323136 0.34598 0.33455
2056.291 0.320441 0.33139 0.3154 0.3126 0.3099 0.2847 0.3066 0.2784 0.2822 0.328598
2094.870 0.33075 0.323768 0.31251 0.2838 0.2543 0.2513 0.2991 0.33244 0.319438 0.2992
2133.450 0.2415 0.2236 0.2745 0.31215 0.3171 0.2815 0.2576 0.2717 0.2724 0.2894
2172.029 0.2886 0.3024 0.298 0.2498 0.2581 0.267 0.2383 0.2711 0.28 0.2348
2210.609 0.2476 0.2731 0.2816 0.2932 0.2729 0.232 0.2464 0.2944 0.2986 0.2362
2249.188 0.191 0.208 0.2242 0.216 0.2393 0.2383 0.2351 0.22 0.2223 0.2481
2287.768 0.2663 0.31511 0.321623 0.2937 0.2736 0.2934 0.327414 0.322498 0.31507 0.31575
2326.347 0.2801 0.2954 0.35117 0.34995 0.2938 0.2861 0.326339 0.308 0.2846 0.2741
2364.927 0.3056 0.31578 0.2881 0.31161 0.2915 0.2464 0.2575 0.304 0.2985 0.3032
2403.507 0.309 0.278 0.2984 0.2991 0.2961 0.2705 0.2841 0.323253 0.301 0.3031
2442.086 0.2933 0.2782 0.321197 0.3024 0.262 0.2893 0.2644 0.22 0.2646 0.33686
2480.666 0.3136 0.322438 0.34031 0.36298 0.41586 0.3911 0.35105 0.2931 0.2524 0.266
2519.245 0.2619 0.2554 0.2585 0.3015 0.33776 0.33193 0.33932 0.36462 0.40881 0.4325
2557.825 0.4563 0.4759 0.41044 0.33218 0.3571 0.35041 0.31318 0.2883 0.2704 0.2849
2596.404 0.3007 0.322875 0.31898 0.3011 0.2914 0.2706 0.2887 0.2763 0.2537 0.31195
2634.984 0.37008 0.41548 0.4363 0.37998 0.34492 0.36424 0.34915 0.33889 0.319138 0.2993
2673.563 0.33065 0.38468 0.39702 0.38123 0.36143 0.35911 0.3086 0.2654 0.2697 0.2968
2712.143 0.33819 0.36941 0.40774 0.4472 0.4583 0.40416 0.34997 0.37614 0.4861 0.5178
2750.722 0.4728 0.4687 0.4941 0.4516 0.4253 0.4696 0.4733 0.5021 0.506 0.4702
2789.302 0.541 0.6144 0.6227 0.6168 0.6487 0.7195 0.7577 0.7924 0.8243 0.9646
2827.882 1.1269 1.1659 1.304 1.51 1.78 2.25 2.97 3.97 5.04 5.68
2866.461 5.64 5.18 4.58 4.15 4 3.9 3.7 3.61 3.77 4.17
2905.041 4.85 5.73 6.67 7.91 9.59 11.64 13.66 14.81 14.57 13.24
2943.620 11.44 9.65 8.12 6.94 6.12 5.64 5.29 4.68 3.85 3.01
2982.200 2.36 1.87 1.51 1.2987 1.1554 0.9918 0.9051 0.878 0.7692 0.7412
3020.779 0.6658 0.5918 0.5898 0.5637 0.506 0.40591 0.439 0.5894 0.5646 0.4791
3059.359 0.5482 0.5597 0.4206 0.4254 0.5656 0.5626 0.5472 0.5554 0.4734 0.393
3097.938 0.41959 0.41318 0.34069 0.33477 0.34649 0.4219 0.4128 0.2848 0.2809 0.35655
3136.518 0.40238 0.35919 0.3023 0.2746 0.34749 0.3448 0.2411 0.2684 0.2293 0.182
3175.098 0.212 0.2336 0.194 0.216 0.3003 0.3038 0.2762 0.2596 0.2869 0.2419
3213.677 0.155 0.159 0.245 0.2794 0.2783 0.35193 0.368 0.2546 0.206 0.145
3252.257 0.108 0.2447 0.203 0.122 0.184 0.174 0.121 0.164 0.2302 0.2308
3290.836 0.2807 0.2783 0.2209 0.206 0.15 0.207 0.2811 0.2942 0.37496 0.2929
3329.416 0.2212 0.2341 0.2685 0.209 0.207 0.216 0.2 0.2443 0.2374 0.2495
3367.995 0.155 0.075 0.168 0.2476 0.104 0.044 0.113 0.089 0.062 0.083
3406.575 0.152 0.169 0.158 0.195 0.255 0.226 0.125 0.156 0.2689 0.216
3445.154 0.02 0 0.145 0.215 0.152 0.126 0.141 0.162 0.2398 0.2291
3483.734 0.181 0.2479 0.2903 0.34083 0.4433 0.324641 0.2578 0.37986 0.39011 0.35414
3522.314 0.3088 0.2636 0.162 0.197 0.2987 0.32716 0.34077 0.2672 0.2658 0.37479
3560.893 0.4984 0.6024 0.8311 1.2624 2.21 4.02 5.66 5.13 3.04 1.51
3599.473 0.7629 0.4625 0.455 0.4591 0.35433 0.2798 0.31934 0.4251 0.34369 0.2615
3638.052 0.2642 0.2491 0.2527 0.299 0.33683 0.2652 0.2481 0.2747 0.2996 0.325026
3676.632 0.2813 0.2206 0.168 0.197 0.2949 0.36103 0.39931 0.3001 0.212 0.218
3715.211 0.214 0.2653 0.2861 0.2771 0.2984 0.2535 0.2289 0.2282 0.2914 0.33614
3753.791 0.2602 0.203 0.216 0.2602 0.2486 0.2401 0.163 0.146 0.208 0.169
3792.370 0.191 0.237 0.2253 0.171 0.188 0.3036 0.35335 0.279 0.136 0.114
3830.950 0.173 0.2613 0.3013 0.2809 0.2988 0.2789 0.2256 0.2688 0.33244 0.2259
3869.530 0.143 0.117 0.096 0.15 0.177 0.091 0.062 0.176 0.2591 0.189
3908.109 0.144 0.148 0.201 0.2215 0.194 0.2747 0.2475 0.194 0.2345 0.189
3946.689 0.107 0.184 0.2834 0.209 0.125 0.12 0.112 0.17 0.2936 0.39153
3985.268 0.3099 0.168 0.132 0.121 0.025
##END=
