##TITLE=2,2-Dimethyl-1-hexanol
##JCAMP-DX=4.24
##DATA TYPE=INFRARED SPECTRUM
##ORIGIN=NIST Mass Spectrometry Data Center
##OWNER=NIST Standard Reference Data Program
Collection (C) 2018 copyright by the U.S. Secretary of Commerce
on behalf of the United States of America. All rights reserved.
##CAS REGISTRY NO=2370-13-0
##MOLFORM=C 8 H 18 O
##$NIST SOURCE=MSDC-IR
##SPECTROMETER/DATA SYSTEM=HP-GC/MS/IRD
##STATE=gas
##XUNITS=1/CM
##YUNITS=ABSORBANCE
##XFACTOR=1.0
##YFACTOR=0.000003500
##DELTAX=4.0
##FIRSTX=550.0
##LASTX=3846.0
##FIRSTY=0.000284
##MAXX=3846
##MINX=550
##MAXY=0.035
##MINY=0
##NPOINTS=825
##XYDATA=(X++(Y..Y))
550.0 81 105 130 113 89 68 70 73 53 52
590.0 54 41 38 52 41 32 26 22 27 37
630.0 41 32 26 26 36 37 25 19 22 20
670.0 21 35 55 61 59 67 67 70 77 81
710.0 80 88 106 127 145 159 184 183 169 156
750.0 135 122 117 122 129 123 112 112 111 106
790.0 93 84 84 82 77 64 62 61 48 43
830.0 59 67 64 71 85 99 109 113 133 162
870.0 192 232 279 320 366 411 422 414 407 386
910.0 365 337 306 302 305 294 288 287 291 296
950.0 301 322 364 412 455 501 557 596 624 648
990.0 675 728 804 904 1030 1201 1450 1801 2288 2897
1030.0 3546 4118 4459 4457 4122 3557 2882 2209 1645 1224
1070.0 938 758 641 555 494 461 439 413 380 354
1110.0 335 318 315 322 342 361 382 408 439 468
1150.0 497 517 532 539 542 536 530 531 522 514
1190.0 501 485 475 467 454 436 425 424 427 430
1230.0 437 444 444 460 472 480 493 493 498 501
1270.0 507 502 493 485 473 465 457 453 448 445
1310.0 443 436 441 449 454 479 512 540 579 625
1350.0 682 764 865 987 1120 1212 1222 1202 1165 1098
1390.0 1020 929 831 730 619 525 455 396 369 371
1430.0 384 418 478 567 677 825 986 1166 1351 1492
1470.0 1560 1536 1431 1243 998 747 544 395 299 232
1510.0 188 166 143 126 124 118 103 91 78 74
1550.0 72 68 60 62 70 65 62 60 60 61
1590.0 63 65 64 59 52 53 48 46 50 49
1630.0 46 42 38 37 32 26 23 25 28 30
1670.0 25 24 22 14 16 22 18 7 7 15
1710.0 16 11 9 13 15 8 3 9 10 1
1750.0 0 6 7 6 3 1 7 15 17 14
1790.0 9 8 8 3 9 14 16 17 12 8
1830.0 8 7 6 6 7 10 13 11 10 11
1870.0 12 12 15 19 15 11 13 15 13 15
1910.0 17 12 10 19 25 23 19 18 17 21
1950.0 26 25 26 23 16 15 17 18 20 25
1990.0 25 23 22 22 23 21 24 27 29 31
2030.0 34 36 37 39 39 43 45 44 46 46
2070.0 45 44 44 43 38 35 35 32 27 27
2110.0 25 24 23 21 22 22 19 17 17 18
2150.0 22 18 17 23 25 26 25 19 17 18
2190.0 18 20 21 23 25 23 20 22 25 22
2230.0 26 24 26 28 31 33 34 32 32 31
2270.0 28 31 34 30 28 32 28 25 22 22
2310.0 25 27 26 25 24 25 28 29 30 31
2350.0 30 28 24 22 27 34 39 42 43 45
2390.0 44 40 41 46 47 46 42 37 36 39
2430.0 42 44 44 42 40 38 37 37 36 38
2470.0 39 34 33 36 35 39 41 33 31 38
2510.0 43 41 45 47 48 46 47 46 45 50
2550.0 51 54 54 54 58 64 65 64 67 73
2590.0 76 75 76 74 71 77 86 89 92 97
2630.0 100 102 103 106 110 115 123 130 136 146
2670.0 150 159 159 158 164 173 181 183 189 202
2710.0 221 239 249 265 281 295 311 318 321 328
2750.0 330 327 331 339 347 353 365 379 397 415
2790.0 444 480 504 533 566 606 653 701 760 838
2830.0 936 1063 1233 1452 1720 2061 2493 3017 3608 4216
2870.0 4761 5183 5405 5398 5241 5051 4912 4889 5007 5239
2910.0 5542 5894 6306 6790 7353 7966 8510 8843 8930 8889
2950.0 8913 9153 9590 9984 10000 9354 8061 6413 4756 3368
2990.0 2377 1741 1339 1076 903 777 681 609 554 508
3030.0 463 419 382 352 317 295 281 260 249 249
3070.0 239 226 221 212 207 202 197 200 191 184
3110.0 180 181 175 161 158 155 152 149 145 142
3150.0 135 132 134 136 127 121 123 128 130 128
3190.0 125 121 109 104 108 98 89 85 77 78
3230.0 72 69 75 64 57 59 54 53 51 44
3270.0 42 39 39 43 40 37 36 35 31 32
3310.0 40 43 39 40 47 47 41 33 33 35
3350.0 32 32 43 43 29 29 34 39 44 43
3390.0 41 38 34 31 31 27 29 41 41 39
3430.0 42 42 38 38 34 31 37 48 51 49
3470.0 42 33 36 40 43 41 39 46 43 42
3510.0 39 38 38 33 34 34 38 39 33 30
3550.0 38 32 36 38 20 25 43 42 34 33
3590.0 40 40 46 52 45 44 55 71 79 82
3630.0 92 113 147 178 217 291 404 550 692 810
3670.0 858 829 741 616 473 342 251 185 136 103
3710.0 85 80 79 72 63 55 42 47 51 42
3750.0 45 50 57 59 53 53 56 56 60 61
3790.0 62 59 60 69 65 53 60 70 73 77
3830.0 76 67 62 74 78
##END=
