##TITLE=HEXABORANE
##JCAMP-DX=4.24
##DATA TYPE=INFRARED SPECTRUM
##CLASS=COBLENTZ
##ORIGIN=KALLERY CHEMICAL COMPANY
##OWNER=COBLENTZ SOCIETY
Collection (C) 2018 copyright by the U.S. Secretary of Commerce
on behalf of the United States of America. All rights reserved.
##DATE=1960
##CAS REGISTRY NO=23777-80-2
##MOLFORM=B6 H10
##SOURCE REFERENCE=COBLENTZ NO. 828
##$NIST SOURCE=COBLENTZ
##$NIST IMAGE=cob828
##SPECTROMETER/DATA SYSTEM=Not specified, most likely a prism, grating, or hybrid spectrometer.
##STATE=VAPOR AT 15 mmHg PRESSURE; $$ RESEARCH PURITY
##PATH LENGTH=5 CM
##SAMPLING PROCEDURE=TRANSMISSION
##RESOLUTION=4
##DATA PROCESSING=DIGITIZED BY NIST FROM HARD COPY (FROM TWO SEGMENTS)
##XUNITS=1/CM
##YUNITS=TRANSMITTANCE
##XFACTOR=1.000000
##YFACTOR=1
##DELTAX=0.844476
##FIRSTX=631.105
##LASTX=3987.05
##FIRSTY=0.65
##MAXX=3987.05
##MINX=631.105
##MAXY=0.993
##MINY=0.168
##NPOINTS=3975
##XYDATA=(X++(Y..Y))
631.105000 0.6500 0.6520 0.6530 0.6530 0.6550
635.327381 0.6570 0.6580 0.6600 0.6620 0.6630
639.549762 0.6650 0.6670 0.6680 0.6700 0.6730
643.772144 0.6750 0.6780 0.6800 0.6840 0.6850
647.994525 0.6890 0.6920 0.6970 0.7000 0.7050
652.216906 0.7070 0.7090 0.7100 0.7120 0.7120
656.439287 0.7140 0.7170 0.7170 0.7190 0.7220
660.661669 0.7240 0.7260 0.7270 0.7290 0.7310
664.884050 0.7320 0.7340 0.7340 0.7340 0.7360
669.106431 0.7370 0.7390 0.7390 0.7410 0.7410
673.328812 0.7420 0.7420 0.7440 0.7460 0.7470
677.551194 0.7470 0.7490 0.7490 0.7510 0.7510
681.773575 0.7510 0.7520 0.7540 0.7560 0.7570
685.995956 0.7610 0.7640 0.7680 0.7690 0.7730
690.218337 0.7730 0.7760 0.7780 0.7810 0.7810
694.440719 0.7830 0.7830 0.7840 0.7860 0.7860
698.663100 0.7880 0.7890 0.7930 0.7940 0.7980
702.885481 0.8010 0.8030 0.8060 0.8110 0.8150
707.107862 0.8200 0.8210 0.8250 0.8280 0.8300
711.330244 0.8310 0.8350 0.8380 0.8430 0.8450
715.552625 0.8480 0.8500 0.8500 0.8530 0.8530
719.775006 0.8530 0.8530 0.8530 0.8530 0.8530
723.997387 0.8530 0.8530 0.8530 0.8520 0.8500
728.219768 0.8480 0.8450 0.8450 0.8430 0.8400
732.442150 0.8380 0.8360 0.8310 0.8310 0.8280
736.664531 0.8250 0.8250 0.8210 0.8160 0.8130
740.886912 0.8100 0.8060 0.8030 0.8000 0.7910
745.109293 0.7790 0.7730 0.7640 0.7630 0.7570
749.331675 0.7540 0.7540 0.7540 0.7560 0.7590
753.554056 0.7630 0.7660 0.7680 0.7710 0.7740
757.776437 0.7760 0.7780 0.7780 0.7830 0.7840
761.998818 0.7880 0.7930 0.7940 0.8000 0.8010
766.221200 0.8110 0.8160 0.8230 0.8280 0.8330
770.443581 0.8380 0.8430 0.8480 0.8530 0.8600
774.665962 0.8650 0.8700 0.8770 0.8800 0.8850
778.888343 0.8890 0.8920 0.8940 0.8950 0.9000
783.110725 0.9050 0.9050 0.9090 0.9140 0.9150
787.333106 0.9170 0.9220 0.9260 0.9270 0.9290
791.555487 0.9320 0.9320 0.9340 0.9360 0.9370
795.777868 0.9390 0.9410 0.9420 0.9420 0.9440
800.000249 0.9470 0.9490 0.9490 0.9510 0.9510
804.222631 0.9510 0.9510 0.9520 0.9520 0.9520
808.445012 0.9540 0.9540 0.9540 0.9560 0.9560
812.667393 0.9570 0.9570 0.9590 0.9590 0.9590
816.889774 0.9610 0.9590 0.9590 0.9590 0.9590
821.112156 0.9590 0.9590 0.9590 0.9590 0.9590
825.334537 0.9590 0.9590 0.9590 0.9590 0.9590
829.556918 0.9590 0.9590 0.9590 0.9590 0.9590
833.779299 0.9590 0.9590 0.9590 0.9570 0.9570
838.001681 0.9570 0.9560 0.9560 0.9560 0.9520
842.224062 0.9520 0.9510 0.9510 0.9490 0.9490
846.446443 0.9470 0.9460 0.9460 0.9440 0.9410
850.668824 0.9370 0.9360 0.9310 0.9310 0.9220
854.891206 0.9140 0.9120 0.9100 0.9040 0.9000
859.113587 0.8950 0.8900 0.8820 0.8770 0.8700
863.335968 0.8600 0.8520 0.8430 0.8350 0.8250
867.558349 0.8200 0.8080 0.7980 0.7940 0.7810
871.780731 0.7730 0.7660 0.7610 0.7510 0.7411
876.003112 0.7320 0.7220 0.7170 0.7120 0.7100
880.225493 0.7070 0.7070 0.7070 0.7050 0.7070
884.447874 0.7070 0.7100 0.7120 0.7140 0.7150
888.670255 0.7210 0.7240 0.7290 0.7320 0.7360
892.892637 0.7440 0.7490 0.7540 0.7660 0.7690
897.115018 0.7760 0.7810 0.7890 0.7960 0.8030
901.337399 0.8110 0.8250 0.8300 0.8350 0.8420
905.559780 0.8470 0.8520 0.8530 0.8570 0.8620
909.782162 0.8630 0.8680 0.8720 0.8770 0.8780
914.004543 0.8800 0.8820 0.8850 0.8890 0.8900
918.226924 0.8900 0.8940 0.8950 0.8950 0.8970
922.449305 0.8970 0.9000 0.9020 0.9040 0.9050
926.671687 0.9070 0.9100 0.9120 0.9140 0.9150
930.894068 0.9170 0.9190 0.9190 0.9220 0.9220
935.116449 0.9240 0.9260 0.9260 0.9270 0.9270
939.338830 0.9270 0.9290 0.9290 0.9310 0.9310
943.561212 0.9320 0.9320 0.9320 0.9320 0.9320
947.783593 0.9320 0.9320 0.9320 0.9320 0.9320
952.005974 0.9310 0.9310 0.9310 0.9290 0.9290
956.228355 0.9290 0.9290 0.9290 0.9270 0.9270
960.450736 0.9270 0.9260 0.9260 0.9260 0.9240
964.673118 0.9220 0.9220 0.9220 0.9220 0.9220
968.895499 0.9210 0.9210 0.9210 0.9210 0.9210
973.117880 0.9210 0.9210 0.9210 0.9210 0.9210
977.340261 0.9220 0.9220 0.9220 0.9220 0.9220
981.562643 0.9220 0.9240 0.9240 0.9260 0.9260
985.785024 0.9290 0.9310 0.9310 0.9320 0.9320
990.007405 0.9320 0.9320 0.9320 0.9320 0.9320
994.229786 0.9310 0.9310 0.9290 0.9270 0.9270
998.452168 0.9240 0.9210 0.9190 0.9170 0.9150
1002.674549 0.9150 0.9140 0.9100 0.9070 0.9050
1006.896930 0.9050 0.9040 0.9000 0.8970 0.8950
1011.119311 0.8950 0.8920 0.8900 0.8870 0.8850
1015.341693 0.8840 0.8820 0.8820 0.8820 0.8820
1019.564074 0.8800 0.8800 0.8800 0.8780 0.8780
1023.786455 0.8800 0.8800 0.8800 0.8800 0.8800
1028.008836 0.8820 0.8820 0.8840 0.8840 0.8850
1032.231218 0.8870 0.8870 0.8890 0.8900 0.8920
1036.453599 0.8940 0.8970 0.8970 0.9000 0.9020
1040.675980 0.9050 0.9090 0.9100 0.9140 0.9140
1044.898361 0.9140 0.9150 0.9150 0.9150 0.9150
1049.120742 0.9150 0.9150 0.9150 0.9150 0.9150
1053.343124 0.9140 0.9140 0.9120 0.9120 0.9100
1057.565505 0.9070 0.9050 0.9040 0.9040 0.9020
1061.787886 0.9000 0.8970 0.8950 0.8940 0.8920
1066.010267 0.8900 0.8890 0.8870 0.8850 0.8840
1070.232649 0.8820 0.8800 0.8780 0.8770 0.8750
1074.455030 0.8720 0.8700 0.8700 0.8680 0.8670
1078.677411 0.8670 0.8650 0.8650 0.8650 0.8650
1082.899792 0.8630 0.8630 0.8630 0.8630 0.8630
1087.122174 0.8630 0.8630 0.8630 0.8630 0.8650
1091.344555 0.8650 0.8670 0.8670 0.8680 0.8680
1095.566936 0.8700 0.8700 0.8720 0.8730 0.8750
1099.789317 0.8770 0.8780 0.8800 0.8820 0.8840
1104.011699 0.8850 0.8870 0.8890 0.8890 0.8900
1108.234080 0.8920 0.8950 0.8970 0.8990 0.8990
1112.456461 0.9000 0.9020 0.9020 0.9040 0.9040
1116.678842 0.9050 0.9070 0.9090 0.9090 0.9100
1120.901223 0.9100 0.9120 0.9120 0.9140 0.9140
1125.123605 0.9170 0.9190 0.9210 0.9210 0.9210
1129.345986 0.9220 0.9220 0.9240 0.9260 0.9260
1133.568367 0.9270 0.9270 0.9270 0.9270 0.9270
1137.790748 0.9270 0.9260 0.9260 0.9270 0.9270
1142.013130 0.9270 0.9290 0.9270 0.9270 0.9270
1146.235511 0.9270 0.9270 0.9270 0.9260 0.9260
1150.457892 0.9260 0.9260 0.9260 0.9260 0.9260
1154.680273 0.9240 0.9240 0.9240 0.9240 0.9220
1158.902655 0.9220 0.9210 0.9210 0.9210 0.9210
1163.125036 0.9210 0.9210 0.9210 0.9210 0.9210
1167.347417 0.9190 0.9190 0.9210 0.9190 0.9190
1171.569798 0.9190 0.9190 0.9190 0.9210 0.9190
1175.792180 0.9190 0.9210 0.9210 0.9190 0.9210
1180.014561 0.9210 0.9210 0.9210 0.9210 0.9210
1184.236942 0.9210 0.9210 0.9210 0.9210 0.9210
1188.459323 0.9210 0.9210 0.9210 0.9210 0.9210
1192.681705 0.9210 0.9210 0.9210 0.9210 0.9220
1196.904086 0.9220 0.9240 0.9240 0.9220 0.9220
1201.126467 0.9220 0.9210 0.9210 0.9210 0.9210
1205.348848 0.9210 0.9210 0.9210 0.9210 0.9210
1209.571229 0.9210 0.9210 0.9210 0.9210 0.9210
1213.793611 0.9210 0.9220 0.9210 0.9210 0.9210
1218.015992 0.9210 0.9190 0.9190 0.9190 0.9190
1222.238373 0.9190 0.9170 0.9170 0.9170 0.9150
1226.460754 0.9150 0.9150 0.9150 0.9150 0.9140
1230.683136 0.9140 0.9120 0.9120 0.9120 0.9120
1234.905517 0.9100 0.9070 0.9070 0.9070 0.9050
1239.127898 0.9050 0.9040 0.9020 0.9000 0.8990
1243.350279 0.8970 0.8950 0.8940 0.8920 0.8900
1247.572661 0.8870 0.8850 0.8840 0.8820 0.8800
1251.795042 0.8780 0.8770 0.8750 0.8720 0.8700
1256.017423 0.8700 0.8670 0.8630 0.8620 0.8580
1260.239804 0.8570 0.8550 0.8530 0.8530 0.8520
1264.462186 0.8500 0.8480 0.8470 0.8450 0.8450
1268.684567 0.8430 0.8430 0.8430 0.8420 0.8400
1272.906948 0.8380 0.8380 0.8380 0.8380 0.8380
1277.129329 0.8380 0.8360 0.8360 0.8360 0.8360
1281.351710 0.8360 0.8350 0.8350 0.8350 0.8350
1285.574092 0.8350 0.8330 0.8330 0.8350 0.8350
1289.796473 0.8350 0.8350 0.8360 0.8360 0.8380
1294.018854 0.8380 0.8380 0.8380 0.8380 0.8380
1298.241235 0.8380 0.8380 0.8380 0.8380 0.8380
1302.463617 0.8380 0.8380 0.8380 0.8380 0.8380
1306.685998 0.8360 0.8360 0.8360 0.8360 0.8360
1310.908379 0.8360 0.8360 0.8350 0.8350 0.8350
1315.130760 0.8350 0.8350 0.8350 0.8350 0.8350
1319.353142 0.8350 0.8350 0.8350 0.8350 0.8350
1323.575523 0.8350 0.8350 0.8350 0.8350 0.8360
1327.797904 0.8360 0.8360 0.8360 0.8360 0.8360
1332.020285 0.8360 0.8360 0.8360 0.8360 0.8360
1336.242667 0.8360 0.8360 0.8360 0.8360 0.8380
1340.465048 0.8380 0.8380 0.8380 0.8380 0.8380
1344.687429 0.8380 0.8380 0.8380 0.8380 0.8380
1348.909810 0.8360 0.8360 0.8360 0.8360 0.8360
1353.132192 0.8360 0.8350 0.8350 0.8350 0.8360
1357.354573 0.8360 0.8360 0.8360 0.8360 0.8360
1361.576954 0.8360 0.8360 0.8380 0.8400 0.8400
1365.799335 0.8420 0.8420 0.8420 0.8430 0.8430
1370.021716 0.8450 0.8450 0.8450 0.8470 0.8480
1374.244098 0.8500 0.8520 0.8520 0.8520 0.8520
1378.466479 0.8520 0.8520 0.8530 0.8550 0.8550
1382.688860 0.8550 0.8550 0.8550 0.8550 0.8550
1386.911241 0.8530 0.8530 0.8530 0.8530 0.8530
1391.133623 0.8520 0.8520 0.8520 0.8520 0.8500
1395.356004 0.8500 0.8480 0.8470 0.8450 0.8430
1399.578385 0.8430 0.8420 0.8420 0.8420 0.8400
1403.800766 0.8380 0.8350 0.8330 0.8330 0.8310
1408.023148 0.8300 0.8280 0.8280 0.8260 0.8260
1412.245529 0.8250 0.8230 0.8210 0.8200 0.8200
1416.467910 0.8180 0.8160 0.8160 0.8150 0.8130
1420.690291 0.8110 0.8100 0.8080 0.8060 0.8050
1424.912673 0.8030 0.8030 0.8010 0.8000 0.7980
1429.135054 0.7940 0.7940 0.7910 0.7890 0.7860
1433.357435 0.7830 0.7810 0.7790 0.7760 0.7740
1437.579816 0.7710 0.7680 0.7640 0.7630 0.7570
1441.802197 0.7540 0.7510 0.7470 0.7440 0.7360
1446.024579 0.7260 0.7210 0.7100 0.7070 0.7040
1450.246960 0.7000 0.6990 0.6950 0.6920 0.6850
1454.469341 0.6780 0.6680 0.6630 0.6550 0.6480
1458.691722 0.6400 0.6280 0.6230 0.6130 0.6060
1462.914104 0.5980 0.5960 0.5880 0.5810 0.5740
1467.136485 0.5680 0.5570 0.5540 0.5460 0.5370
1471.358866 0.5340 0.5260 0.5220 0.5120 0.5040
1475.581247 0.4970 0.4870 0.4840 0.4800 0.4780
1479.803629 0.4720 0.4630 0.4620 0.4580 0.4530
1484.026010 0.4500 0.4480 0.4480 0.4470 0.4470
1488.248391 0.4450 0.4450 0.4470 0.4480 0.4520
1492.470772 0.4530 0.4570 0.4650 0.4720 0.4850
1496.693154 0.4950 0.5040 0.5090 0.5190 0.5220
1500.915535 0.5310 0.5420 0.5520 0.5630 0.5810
1505.137916 0.5960 0.6259 0.6449 0.6629 0.6769
1509.360297 0.6840 0.6950 0.7050 0.7120 0.7170
1513.582679 0.7260 0.7360 0.7390 0.7490 0.7589
1517.805060 0.7640 0.7710 0.7780 0.7860 0.7960
1522.027441 0.8000 0.8050 0.8080 0.8110 0.8150
1526.249822 0.8200 0.8230 0.8250 0.8280 0.8280
1530.472203 0.8280 0.8300 0.8300 0.8300 0.8300
1534.694585 0.8300 0.8280 0.8280 0.8260 0.8250
1538.916966 0.8250 0.8230 0.8210 0.8200 0.8200
1543.139347 0.8180 0.8180 0.8160 0.8150 0.8150
1547.361728 0.8150 0.8150 0.8130 0.8130 0.8130
1551.584110 0.8130 0.8110 0.8110 0.8130 0.8130
1555.806491 0.8130 0.8150 0.8150 0.8150 0.8180
1560.028872 0.8200 0.8200 0.8210 0.8210 0.8230
1564.251253 0.8230 0.8230 0.8230 0.8230 0.8230
1568.473635 0.8230 0.8250 0.8260 0.8280 0.8310
1572.696016 0.8310 0.8380 0.8430 0.8470 0.8500
1576.918397 0.8530 0.8570 0.8600 0.8620 0.8670
1581.140778 0.8680 0.8720 0.8770 0.8780 0.8820
1585.363160 0.8840 0.8870 0.8900 0.8920 0.8990
1589.585541 0.9000 0.9020 0.9020 0.9020 0.9020
1593.807922 0.9020 0.9040 0.9050 0.9070 0.9070
1598.030303 0.9090 0.9100 0.9120 0.9140 0.9150
1602.252684 0.9150 0.9150 0.9150 0.9170 0.9170
1606.475066 0.9170 0.9190 0.9190 0.9190 0.9190
1610.697447 0.9190 0.9190 0.9190 0.9190 0.9210
1614.919828 0.9210 0.9210 0.9210 0.9210 0.9210
1619.142209 0.9210 0.9210 0.9210 0.9210 0.9210
1623.364591 0.9190 0.9190 0.9190 0.9190 0.9210
1627.586972 0.9210 0.9210 0.9210 0.9220 0.9220
1631.809353 0.9220 0.9220 0.9220 0.9240 0.9240
1636.031734 0.9260 0.9240 0.9240 0.9240 0.9240
1640.254116 0.9240 0.9240 0.9260 0.9260 0.9260
1644.476497 0.9260 0.9260 0.9270 0.9270 0.9290
1648.698878 0.9310 0.9320 0.9320 0.9320 0.9340
1652.921259 0.9340 0.9340 0.9340 0.9360 0.9360
1657.143641 0.9360 0.9360 0.9360 0.9360 0.9360
1661.366022 0.9360 0.9340 0.9340 0.9340 0.9320
1665.588403 0.9310 0.9310 0.9290 0.9290 0.9290
1669.810784 0.9270 0.9270 0.9270 0.9260 0.9220
1674.033166 0.9220 0.9190 0.9170 0.9150 0.9120
1678.255547 0.9090 0.9070 0.9050 0.9040 0.9020
1682.477928 0.8990 0.8970 0.8950 0.8920 0.8920
1686.700309 0.8900 0.8900 0.8900 0.8900 0.8900
1690.922690 0.8900 0.8920 0.8920 0.8920 0.8940
1695.145072 0.8940 0.8950 0.8950 0.8970 0.8970
1699.367453 0.8950 0.8950 0.8940 0.8940 0.8940
1703.589834 0.8940 0.8920 0.8920 0.8900 0.8900
1707.812215 0.8900 0.8900 0.8900 0.8900 0.8890
1712.034597 0.8890 0.8890 0.8890 0.8890 0.8890
1716.256978 0.8890 0.8900 0.8900 0.8900 0.8920
1720.479359 0.8920 0.8920 0.8920 0.8940 0.8920
1724.701740 0.8940 0.8950 0.8950 0.8950 0.8970
1728.924122 0.8990 0.8990 0.9000 0.9020 0.9020
1733.146503 0.9040 0.9050 0.9050 0.9090 0.9090
1737.368884 0.9120 0.9140 0.9150 0.9150 0.9190
1741.591265 0.9190 0.9190 0.9210 0.9220 0.9240
1745.813647 0.9270 0.9270 0.9290 0.9290 0.9290
1750.036028 0.9310 0.9310 0.9320 0.9320 0.9320
1754.258409 0.9340 0.9340 0.9340 0.9340 0.9360
1758.480790 0.9360 0.9360 0.9360 0.9360 0.9360
1762.703171 0.9360 0.9360 0.9360 0.9360 0.9360
1766.925553 0.9370 0.9360 0.9360 0.9340 0.9340
1771.147934 0.9340 0.9340 0.9340 0.9340 0.9340
1775.370315 0.9340 0.9340 0.9340 0.9340 0.9340
1779.592696 0.9340 0.9340 0.9340 0.9340 0.9340
1783.815078 0.9340 0.9340 0.9340 0.9340 0.9340
1788.037459 0.9340 0.9340 0.9340 0.9340 0.9340
1792.259840 0.9340 0.9340 0.9340 0.9340 0.9340
1796.482221 0.9340 0.9340 0.9340 0.9340 0.9340
1800.704603 0.9340 0.9340 0.9340 0.9340 0.9340
1804.926984 0.9340 0.9340 0.9340 0.9340 0.9340
1809.149365 0.9340 0.9340 0.9340 0.9340 0.9340
1813.371746 0.9340 0.9340 0.9340 0.9340 0.9340
1817.594128 0.9340 0.9340 0.9340 0.9340 0.9320
1821.816509 0.9340 0.9340 0.9340 0.9340 0.9340
1826.038890 0.9320 0.9320 0.9320 0.9320 0.9310
1830.261271 0.9310 0.9310 0.9290 0.9290 0.9290
1834.483653 0.9270 0.9270 0.9270 0.9270 0.9260
1838.706034 0.9260 0.9260 0.9240 0.9240 0.9220
1842.928415 0.9220 0.9220 0.9210 0.9210 0.9210
1847.150796 0.9190 0.9190 0.9170 0.9170 0.9170
1851.373177 0.9150 0.9140 0.9140 0.9140 0.9140
1855.595559 0.9140 0.9120 0.9120 0.9100 0.9100
1859.817940 0.9090 0.9090 0.9070 0.9070 0.9050
1864.040321 0.9050 0.9040 0.9040 0.9020 0.9000
1868.262702 0.9000 0.9000 0.9000 0.8990 0.8990
1872.485084 0.8990 0.8990 0.8970 0.8970 0.8950
1876.707465 0.8950 0.8940 0.8940 0.8920 0.8920
1880.929846 0.8900 0.8900 0.8890 0.8890 0.8870
1885.152227 0.8850 0.8850 0.8840 0.8840 0.8820
1889.374609 0.8820 0.8800 0.8800 0.8770 0.8770
1893.596990 0.8750 0.8730 0.8720 0.8720 0.8700
1897.819371 0.8680 0.8670 0.8670 0.8650 0.8630
1902.041752 0.8620 0.8620 0.8600 0.8580 0.8550
1906.264134 0.8530 0.8530 0.8520 0.8500 0.8500
1910.486515 0.8480 0.8470 0.8470 0.8450 0.8430
1914.708896 0.8420 0.8400 0.8360 0.8360 0.8350
1918.931277 0.8300 0.8300 0.8280 0.8260 0.8260
1923.153658 0.8260 0.8250 0.8210 0.8210 0.8200
1927.376040 0.8180 0.8180 0.8180 0.8180 0.8160
1931.598421 0.8160 0.8160 0.8150 0.8150 0.8150
1935.820802 0.8150 0.8150 0.8150 0.8150 0.8150
1940.043183 0.8150 0.8150 0.8160 0.8160 0.8160
1944.265565 0.8160 0.8180 0.8200 0.8230 0.8250
1948.487946 0.8250 0.8260 0.8280 0.8310 0.8350
1952.710327 0.8360 0.8400 0.8420 0.8450 0.8450
1956.932708 0.8470 0.8480 0.8500 0.8520 0.8520
1961.155090 0.8570 0.8620 0.8630 0.8650 0.8670
1965.377471 0.8720 0.8750 0.8770 0.8780 0.8820
1969.599852 0.8850 0.8870 0.8890 0.8920 0.8940
1973.822233 0.8970 0.8970 0.9020 0.9040 0.9070
1978.044615 0.9090 0.9090 0.9140 0.9150 0.9170
1982.266996 0.9190 0.9210 0.9220 0.9240 0.9260
1986.489377 0.9270 0.9310 0.9320 0.9320 0.9340
1990.711758 0.9370 0.9390 0.9410 0.9410 0.9440
1994.934140 0.9460 0.9460 0.9490 0.9490 0.9490
1999.156521 0.9510 0.9520 0.9525 0.9530 0.9535
2003.378902 0.9540 0.9545 0.9550 0.9555 0.9560
2007.601283 0.9563 0.9565 0.9568 0.9570 0.9570
2011.823664 0.9570 0.9570 0.9570 0.9570 0.9570
2016.046046 0.9570 0.9570 0.9570 0.9570 0.9570
2020.268427 0.9570 0.9575 0.9580 0.9585 0.9590
2024.490808 0.9590 0.9590 0.9590 0.9590 0.9595
2028.713189 0.9600 0.9605 0.9610 0.9610 0.9610
2032.935571 0.9610 0.9610 0.9610 0.9610 0.9610
2037.157952 0.9611 0.9616 0.9621 0.9626 0.9630
2041.380333 0.9630 0.9630 0.9630 0.9631 0.9633
2045.602714 0.9636 0.9638 0.9640 0.9640 0.9640
2049.825096 0.9640 0.9640 0.9640 0.9640 0.9640
2054.047477 0.9641 0.9646 0.9651 0.9656 0.9660
2058.269858 0.9660 0.9660 0.9660 0.9660 0.9660
2062.492239 0.9660 0.9660 0.9661 0.9666 0.9672
2066.714621 0.9677 0.9680 0.9680 0.9680 0.9680
2070.937002 0.9680 0.9680 0.9680 0.9680 0.9680
2075.159383 0.9680 0.9680 0.9680 0.9680 0.9680
2079.381764 0.9680 0.9680 0.9681 0.9683 0.9686
2083.604145 0.9688 0.9690 0.9690 0.9690 0.9690
2087.826527 0.9692 0.9697 0.9702 0.9707 0.9710
2092.048908 0.9710 0.9710 0.9710 0.9712 0.9717
2096.271289 0.9722 0.9727 0.9730 0.9730 0.9730
2100.493670 0.9730 0.9730 0.9730 0.9730 0.9730
2104.716052 0.9730 0.9730 0.9730 0.9730 0.9730
2108.938433 0.9730 0.9730 0.9730 0.9730 0.9730
2113.160814 0.9730 0.9730 0.9730 0.9730 0.9730
2117.383195 0.9730 0.9731 0.9734 0.9736 0.9739
2121.605577 0.9743 0.9748 0.9753 0.9758 0.9760
2125.827958 0.9760 0.9760 0.9760 0.9760 0.9760
2130.050339 0.9760 0.9760 0.9760 0.9760 0.9760
2134.272720 0.9760 0.9760 0.9760 0.9760 0.9760
2138.495102 0.9760 0.9760 0.9760 0.9760 0.9764
2142.717483 0.9769 0.9774 0.9779 0.9780 0.9780
2146.939864 0.9780 0.9780 0.9780 0.9780 0.9780
2151.162245 0.9780 0.9780 0.9780 0.9780 0.9780
2155.384627 0.9780 0.9780 0.9780 0.9780 0.9780
2159.607008 0.9780 0.9780 0.9780 0.9782 0.9784
2163.829389 0.9787 0.9789 0.9790 0.9790 0.9790
2168.051770 0.9790 0.9790 0.9790 0.9790 0.9790
2172.274151 0.9790 0.9790 0.9790 0.9790 0.9790
2176.496533 0.9790 0.9790 0.9790 0.9795 0.9800
2180.718914 0.9805 0.9810 0.9810 0.9810 0.9810
2184.941295 0.9810 0.9810 0.9810 0.9810 0.9810
2189.163676 0.9810 0.9810 0.9810 0.9810 0.9810
2193.386058 0.9810 0.9810 0.9810 0.9815 0.9820
2197.608439 0.9825 0.9830 0.9830 0.9830 0.9830
2201.830820 0.9830 0.9830 0.9830 0.9830 0.9830
2206.053201 0.9830 0.9830 0.9830 0.9830 0.9833
2210.275583 0.9835 0.9838 0.9840 0.9840 0.9840
2214.497964 0.9840 0.9840 0.9840 0.9840 0.9840
2218.720345 0.9840 0.9840 0.9840 0.9840 0.9840
2222.942726 0.9840 0.9840 0.9840 0.9841 0.9846
2227.165108 0.9851 0.9856 0.9860 0.9860 0.9860
2231.387489 0.9860 0.9860 0.9860 0.9860 0.9860
2235.609870 0.9860 0.9860 0.9860 0.9860 0.9860
2239.832251 0.9860 0.9860 0.9860 0.9860 0.9860
2244.054632 0.9860 0.9860 0.9861 0.9866 0.9871
2248.277014 0.9876 0.9880 0.9880 0.9880 0.9880
2252.499395 0.9880 0.9880 0.9880 0.9880 0.9881
2256.721776 0.9883 0.9886 0.9888 0.9890 0.9890
2260.944157 0.9890 0.9890 0.9890 0.9890 0.9890
2265.166539 0.9890 0.9892 0.9897 0.9902 0.9907
2269.388920 0.9910 0.9910 0.9910 0.9910 0.9910
2273.611301 0.9910 0.9910 0.9910 0.9912 0.9917
2277.833682 0.9922 0.9927 0.9928 0.9923 0.9918
2282.056064 0.9913 0.9912 0.9917 0.9922 0.9927
2286.278445 0.9930 0.9930 0.9930 0.9930 0.9930
2290.500826 0.9930 0.9930 0.9930 0.9928 0.9923
2294.723207 0.9918 0.9913 0.9910 0.9910 0.9910
2298.945589 0.9910 0.9912 0.9918 0.9923 0.9928
2303.167970 0.9930 0.9930 0.9930 0.9930 0.9930
2307.390351 0.9930 0.9930 0.9930 0.9930 0.9930
2311.612732 0.9930 0.9930 0.9930 0.9930 0.9930
2315.835114 0.9930 0.9927 0.9922 0.9917 0.9912
2320.057495 0.9910 0.9910 0.9910 0.9910 0.9910
2324.279876 0.9910 0.9910 0.9910 0.9910 0.9910
2328.502257 0.9910 0.9910 0.9910 0.9910 0.9910
2332.724638 0.9910 0.9910 0.9910 0.9910 0.9910
2336.947020 0.9910 0.9910 0.9910 0.9910 0.9910
2341.169401 0.9910 0.9910 0.9910 0.9910 0.9910
2345.391782 0.9910 0.9910 0.9910 0.9910 0.9910
2349.614163 0.9910 0.9910 0.9910 0.9910 0.9910
2353.836545 0.9910 0.9910 0.9910 0.9910 0.9910
2358.058926 0.9910 0.9910 0.9910 0.9910 0.9910
2362.281307 0.9910 0.9910 0.9910 0.9910 0.9910
2366.503688 0.9910 0.9910 0.9910 0.9910 0.9910
2370.726070 0.9910 0.9910 0.9910 0.9910 0.9905
2374.948451 0.9900 0.9895 0.9890 0.9890 0.9890
2379.170832 0.9890 0.9890 0.9890 0.9890 0.9890
2383.393213 0.9890 0.9890 0.9890 0.9890 0.9890
2387.615595 0.9890 0.9890 0.9890 0.9890 0.9895
2391.837976 0.9900 0.9905 0.9910 0.9910 0.9910
2396.060357 0.9910 0.9910 0.9910 0.9910 0.9910
2400.282738 0.9910 0.9910 0.9910 0.9910 0.9910
2404.505119 0.9910 0.9910 0.9910 0.9910 0.9910
2408.727501 0.9910 0.9910 0.9910 0.9910 0.9910
2412.949882 0.9910 0.9910 0.9910 0.9910 0.9910
2417.172263 0.9910 0.9910 0.9910 0.9910 0.9910
2421.394644 0.9910 0.9910 0.9910 0.9910 0.9910
2425.617026 0.9910 0.9910 0.9910 0.9910 0.9910
2429.839407 0.9910 0.9909 0.9904 0.9899 0.9894
2434.061788 0.9890 0.9890 0.9890 0.9890 0.9890
2438.284169 0.9890 0.9890 0.9890 0.9890 0.9890
2442.506551 0.9890 0.9890 0.9890 0.9890 0.9890
2446.728932 0.9890 0.9890 0.9890 0.9890 0.9890
2450.951313 0.9890 0.9890 0.9890 0.9890 0.9889
2455.173694 0.9887 0.9884 0.9882 0.9880 0.9880
2459.396076 0.9880 0.9880 0.9880 0.9880 0.9880
2463.618457 0.9880 0.9880 0.9880 0.9880 0.9880
2467.840838 0.9878 0.9873 0.9868 0.9863 0.9858
2472.063219 0.9853 0.9848 0.9843 0.9839 0.9836
2476.285601 0.9834 0.9831 0.9830 0.9830 0.9830
2480.507982 0.9830 0.9828 0.9823 0.9818 0.9813
2484.730363 0.9808 0.9803 0.9798 0.9793 0.9789
2488.952744 0.9786 0.9784 0.9781 0.9780 0.9780
2493.175125 0.9780 0.9780 0.9775 0.9765 0.9755
2497.397507 0.9745 0.9736 0.9729 0.9721 0.9714
2501.619888 0.9701 0.9683 0.9665 0.9647 0.9632
2505.842269 0.9620 0.9607 0.9595 0.9578 0.9558
2510.064650 0.9537 0.9517 0.9504 0.9494 0.9484
2514.287032 0.9474 0.9454 0.9429 0.9404 0.9379
2518.509413 0.9321 0.9246 0.9171 0.9095 0.9040
2522.731794 0.8995 0.8950 0.8905 0.8841 0.8768
2526.954175 0.8696 0.8623 0.8520 0.8402 0.8284
2531.176557 0.8166 0.7967 0.7731 0.7495 0.7260
2535.398938 0.7045 0.6838 0.6632 0.6425 0.6284
2539.621319 0.6161 0.6038 0.5916 0.5834 0.5764
2543.843700 0.5694 0.5624 0.5397 0.5131 0.4865
2548.066082 0.4600 0.4479 0.4391 0.4303 0.4215
2552.288463 0.3905 0.3546 0.3188 0.2829 0.2647
2556.510844 0.2499 0.2351 0.2203 0.2142 0.2097
2560.733225 0.2052 0.2007 0.1931 0.1851 0.1771
2564.955606 0.1691 0.1680 0.1680 0.1680 0.1680
2569.177988 0.1680 0.1680 0.1680 0.1680 0.1687
2573.400369 0.1695 0.1702 0.1710 0.1715 0.1720
2577.622750 0.1725 0.1730 0.1762 0.1794 0.1827
2581.845131 0.1860 0.1897 0.1935 0.1972 0.2010
2586.067513 0.2065 0.2120 0.2175 0.2231 0.2291
2590.289894 0.2351 0.2411 0.2473 0.2641 0.2809
2594.512275 0.2977 0.3141 0.3174 0.3206 0.3239
2598.734656 0.3276 0.3419 0.3562 0.3704 0.3851
2602.957038 0.4062 0.4274 0.4486 0.4688 0.4826
2607.179419 0.4964 0.5101 0.5272 0.5643 0.6014
2611.401800 0.6385 0.6755 0.7121 0.7487 0.7853
2615.624181 0.8193 0.8396 0.8599 0.8802 0.8970
2619.846563 0.8970 0.8970 0.8970 0.8984 0.9059
2624.068944 0.9134 0.9209 0.9276 0.9306 0.9336
2628.291325 0.9366 0.9394 0.9414 0.9434 0.9454
2632.513706 0.9475 0.9497 0.9520 0.9543 0.9561
2636.736088 0.9563 0.9566 0.9568 0.9577 0.9599
2640.958469 0.9622 0.9645 0.9662 0.9670 0.9677
2645.180850 0.9685 0.9692 0.9697 0.9702 0.9707
2649.403231 0.9712 0.9717 0.9722 0.9727 0.9731
2653.625612 0.9733 0.9736 0.9738 0.9742 0.9747
2657.847994 0.9752 0.9757 0.9760 0.9760 0.9760
2662.070375 0.9760 0.9762 0.9767 0.9772 0.9777
2666.292756 0.9783 0.9790 0.9798 0.9805 0.9810
2670.515137 0.9810 0.9810 0.9810 0.9812 0.9817
2674.737519 0.9822 0.9827 0.9831 0.9834 0.9836
2678.959900 0.9839 0.9840 0.9840 0.9840 0.9840
2683.182281 0.9843 0.9848 0.9853 0.9858 0.9860
2687.404662 0.9860 0.9860 0.9860 0.9860 0.9860
2691.627044 0.9860 0.9860 0.9863 0.9868 0.9873
2695.849425 0.9878 0.9880 0.9880 0.9880 0.9880
2700.071806 0.9880 0.9880 0.9880 0.9880 0.9880
2704.294187 0.9880 0.9880 0.9880 0.9880 0.9880
2708.516569 0.9880 0.9880 0.9880 0.9880 0.9880
2712.738950 0.9880 0.9880 0.9880 0.9880 0.9880
2716.961331 0.9882 0.9884 0.9887 0.9889 0.9890
2721.183712 0.9890 0.9890 0.9890 0.9890 0.9890
2725.406093 0.9890 0.9890 0.9890 0.9890 0.9890
2729.628475 0.9890 0.9888 0.9886 0.9883 0.9881
2733.850856 0.9880 0.9880 0.9880 0.9880 0.9876
2738.073237 0.9871 0.9866 0.9861 0.9860 0.9860
2742.295618 0.9860 0.9860 0.9860 0.9860 0.9860
2746.518000 0.9860 0.9856 0.9851 0.9846 0.9841
2750.740381 0.9840 0.9840 0.9840 0.9840 0.9838
2754.962762 0.9835 0.9833 0.9830 0.9826 0.9821
2759.185143 0.9816 0.9811 0.9810 0.9810 0.9810
2763.407525 0.9810 0.9805 0.9800 0.9795 0.9790
2767.629906 0.9790 0.9790 0.9790 0.9790 0.9790
2771.852287 0.9790 0.9790 0.9790 0.9788 0.9785
2776.074668 0.9782 0.9780 0.9775 0.9770 0.9765
2780.297050 0.9760 0.9755 0.9750 0.9745 0.9740
2784.519431 0.9737 0.9735 0.9732 0.9730 0.9725
2788.741812 0.9720 0.9715 0.9710 0.9705 0.9700
2792.964193 0.9695 0.9689 0.9677 0.9664 0.9652
2797.186575 0.9640 0.9637 0.9635 0.9632 0.9629
2801.408956 0.9614 0.9599 0.9584 0.9570 0.9567
2805.631337 0.9565 0.9562 0.9559 0.9554 0.9549
2809.853718 0.9544 0.9540 0.9540 0.9540 0.9540
2814.076099 0.9539 0.9534 0.9529 0.9524 0.9518
2818.298481 0.9511 0.9503 0.9496 0.9490 0.9490
2822.520862 0.9490 0.9490 0.9489 0.9484 0.9479
2826.743243 0.9474 0.9469 0.9467 0.9464 0.9462
2830.965624 0.9459 0.9454 0.9449 0.9444 0.9439
2835.188006 0.9434 0.9429 0.9424 0.9420 0.9420
2839.410387 0.9420 0.9420 0.9419 0.9417 0.9414
2843.632768 0.9412 0.9410 0.9410 0.9410 0.9410
2847.855149 0.9410 0.9410 0.9410 0.9410 0.9410
2852.077531 0.9410 0.9410 0.9410 0.9410 0.9410
2856.299912 0.9410 0.9410 0.9410 0.9410 0.9410
2860.522293 0.9410 0.9408 0.9403 0.9398 0.9393
2864.744674 0.9390 0.9390 0.9390 0.9390 0.9390
2868.967056 0.9390 0.9390 0.9390 0.9388 0.9383
2873.189437 0.9378 0.9372 0.9370 0.9370 0.9370
2877.411818 0.9370 0.9369 0.9366 0.9364 0.9361
2881.634199 0.9360 0.9360 0.9360 0.9360 0.9360
2885.856581 0.9360 0.9360 0.9360 0.9357 0.9352
2890.078962 0.9347 0.9342 0.9336 0.9328 0.9321
2894.301343 0.9313 0.9307 0.9302 0.9297 0.9292
2898.523724 0.9287 0.9282 0.9277 0.9272 0.9268
2902.746105 0.9266 0.9263 0.9261 0.9260 0.9260
2906.968487 0.9260 0.9260 0.9257 0.9252 0.9246
2911.190868 0.9241 0.9240 0.9240 0.9240 0.9240
2915.413249 0.9240 0.9240 0.9240 0.9240 0.9240
2919.635630 0.9240 0.9240 0.9240 0.9240 0.9240
2923.858012 0.9240 0.9240 0.9240 0.9240 0.9240
2928.080393 0.9240 0.9240 0.9240 0.9240 0.9240
2932.302774 0.9240 0.9240 0.9240 0.9240 0.9240
2936.525155 0.9240 0.9240 0.9240 0.9240 0.9240
2940.747537 0.9240 0.9240 0.9240 0.9240 0.9240
2944.969918 0.9240 0.9244 0.9249 0.9254 0.9259
2949.192299 0.9271 0.9284 0.9296 0.9309 0.9312
2953.414680 0.9315 0.9317 0.9320 0.9331 0.9344
2957.637062 0.9356 0.9369 0.9382 0.9394 0.9407
2961.859443 0.9419 0.9425 0.9430 0.9435 0.9440
2966.081824 0.9447 0.9455 0.9462 0.9470 0.9482
2970.304205 0.9494 0.9507 0.9520 0.9525 0.9530
2974.526586 0.9535 0.9540 0.9545 0.9550 0.9555
2978.748968 0.9560 0.9568 0.9575 0.9583 0.9590
2982.971349 0.9595 0.9600 0.9605 0.9610 0.9615
2987.193730 0.9620 0.9625 0.9630 0.9633 0.9635
2991.416111 0.9638 0.9640 0.9645 0.9650 0.9656
2995.638493 0.9660 0.9660 0.9660 0.9660 0.9661
2999.860874 0.9666 0.9671 0.9676 0.9680 0.9680
3004.083255 0.9680 0.9680 0.9681 0.9689 0.9696
3008.305636 0.9704 0.9710 0.9710 0.9710 0.9710
3012.528018 0.9711 0.9716 0.9721 0.9726 0.9730
3016.750399 0.9730 0.9730 0.9730 0.9730 0.9730
3020.972780 0.9730 0.9730 0.9730 0.9730 0.9730
3025.195161 0.9730 0.9730 0.9730 0.9730 0.9730
3029.417543 0.9731 0.9733 0.9736 0.9738 0.9740
3033.639924 0.9740 0.9740 0.9740 0.9740 0.9740
3037.862305 0.9740 0.9740 0.9740 0.9740 0.9740
3042.084686 0.9740 0.9740 0.9740 0.9740 0.9740
3046.307068 0.9740 0.9740 0.9740 0.9740 0.9740
3050.529449 0.9740 0.9740 0.9740 0.9740 0.9740
3054.751830 0.9740 0.9740 0.9740 0.9740 0.9740
3058.974211 0.9740 0.9740 0.9740 0.9740 0.9740
3063.196592 0.9742 0.9747 0.9752 0.9757 0.9760
3067.418974 0.9760 0.9760 0.9760 0.9758 0.9753
3071.641355 0.9748 0.9743 0.9740 0.9740 0.9740
3075.863736 0.9740 0.9740 0.9740 0.9740 0.9740
3080.086117 0.9740 0.9740 0.9740 0.9740 0.9740
3084.308499 0.9740 0.9740 0.9740 0.9740 0.9740
3088.530880 0.9740 0.9740 0.9740 0.9740 0.9740
3092.753261 0.9740 0.9740 0.9740 0.9740 0.9740
3096.975642 0.9740 0.9740 0.9740 0.9740 0.9740
3101.198024 0.9740 0.9740 0.9740 0.9738 0.9736
3105.420405 0.9733 0.9731 0.9730 0.9730 0.9730
3109.642786 0.9730 0.9730 0.9730 0.9730 0.9730
3113.865167 0.9730 0.9730 0.9730 0.9730 0.9730
3118.087549 0.9730 0.9730 0.9730 0.9726 0.9721
3122.309930 0.9716 0.9711 0.9710 0.9710 0.9710
3126.532311 0.9710 0.9710 0.9710 0.9710 0.9710
3130.754692 0.9710 0.9710 0.9710 0.9710 0.9710
3134.977073 0.9710 0.9710 0.9710 0.9706 0.9701
3139.199455 0.9696 0.9691 0.9690 0.9690 0.9690
3143.421836 0.9690 0.9688 0.9685 0.9683 0.9680
3147.644217 0.9680 0.9680 0.9680 0.9680 0.9680
3151.866598 0.9680 0.9680 0.9680 0.9680 0.9680
3156.088980 0.9680 0.9680 0.9675 0.9670 0.9665
3160.311361 0.9660 0.9660 0.9660 0.9660 0.9660
3164.533742 0.9660 0.9660 0.9660 0.9660 0.9655
3168.756123 0.9650 0.9645 0.9640 0.9640 0.9640
3172.978505 0.9640 0.9640 0.9640 0.9640 0.9640
3177.200886 0.9640 0.9645 0.9650 0.9655 0.9660
3181.423267 0.9655 0.9650 0.9644 0.9640 0.9640
3185.645648 0.9640 0.9640 0.9640 0.9640 0.9640
3189.868030 0.9640 0.9640 0.9637 0.9635 0.9632
3194.090411 0.9630 0.9630 0.9630 0.9630 0.9629
3198.312792 0.9624 0.9619 0.9614 0.9611 0.9616
3202.535173 0.9621 0.9626 0.9630 0.9630 0.9630
3206.757555 0.9630 0.9630 0.9630 0.9630 0.9630
3210.979936 0.9630 0.9630 0.9630 0.9630 0.9630
3215.202317 0.9630 0.9630 0.9630 0.9630 0.9630
3219.424698 0.9630 0.9630 0.9630 0.9630 0.9630
3223.647079 0.9630 0.9628 0.9623 0.9618 0.9613
3227.869461 0.9610 0.9610 0.9610 0.9610 0.9610
3232.091842 0.9610 0.9610 0.9610 0.9610 0.9610
3236.314223 0.9610 0.9610 0.9608 0.9603 0.9598
3240.536604 0.9593 0.9588 0.9583 0.9578 0.9573
3244.758986 0.9570 0.9570 0.9570 0.9570 0.9570
3248.981367 0.9570 0.9570 0.9570 0.9570 0.9570
3253.203748 0.9570 0.9570 0.9569 0.9566 0.9564
3257.426129 0.9561 0.9560 0.9560 0.9560 0.9560
3261.648511 0.9561 0.9564 0.9566 0.9569 0.9570
3265.870892 0.9570 0.9570 0.9570 0.9570 0.9570
3270.093273 0.9570 0.9570 0.9570 0.9570 0.9570
3274.315654 0.9570 0.9569 0.9566 0.9564 0.9561
3278.538036 0.9560 0.9560 0.9560 0.9560 0.9560
3282.760417 0.9560 0.9560 0.9560 0.9560 0.9560
3286.982798 0.9560 0.9560 0.9560 0.9560 0.9560
3291.205179 0.9560 0.9560 0.9560 0.9560 0.9560
3295.427560 0.9560 0.9560 0.9560 0.9560 0.9560
3299.649942 0.9560 0.9560 0.9560 0.9557 0.9552
3303.872323 0.9547 0.9542 0.9540 0.9540 0.9540
3308.094704 0.9540 0.9540 0.9540 0.9540 0.9540
3312.317085 0.9540 0.9540 0.9540 0.9540 0.9540
3316.539467 0.9540 0.9540 0.9540 0.9540 0.9540
3320.761848 0.9540 0.9540 0.9540 0.9540 0.9540
3324.984229 0.9540 0.9540 0.9540 0.9540 0.9540
3329.206610 0.9540 0.9540 0.9540 0.9540 0.9540
3333.428992 0.9540 0.9540 0.9540 0.9540 0.9540
3337.651373 0.9540 0.9540 0.9540 0.9540 0.9540
3341.873754 0.9540 0.9540 0.9540 0.9540 0.9540
3346.096135 0.9540 0.9540 0.9540 0.9540 0.9540
3350.318517 0.9540 0.9540 0.9540 0.9540 0.9540
3354.540898 0.9540 0.9540 0.9540 0.9540 0.9540
3358.763279 0.9540 0.9540 0.9540 0.9540 0.9540
3362.985660 0.9540 0.9540 0.9540 0.9540 0.9540
3367.208042 0.9540 0.9540 0.9540 0.9540 0.9540
3371.430423 0.9540 0.9540 0.9540 0.9540 0.9540
3375.652804 0.9540 0.9540 0.9540 0.9540 0.9539
3379.875185 0.9534 0.9529 0.9524 0.9521 0.9526
3384.097566 0.9531 0.9536 0.9540 0.9540 0.9540
3388.319948 0.9540 0.9540 0.9540 0.9540 0.9540
3392.542329 0.9540 0.9540 0.9540 0.9540 0.9541
3396.764710 0.9546 0.9551 0.9556 0.9560 0.9560
3400.987091 0.9560 0.9560 0.9560 0.9560 0.9560
3405.209473 0.9560 0.9560 0.9560 0.9560 0.9560
3409.431854 0.9560 0.9560 0.9560 0.9560 0.9560
3413.654235 0.9560 0.9560 0.9560 0.9558 0.9553
3417.876616 0.9548 0.9543 0.9540 0.9540 0.9540
3422.098998 0.9540 0.9542 0.9547 0.9552 0.9557
3426.321379 0.9560 0.9560 0.9560 0.9560 0.9560
3430.543760 0.9560 0.9560 0.9560 0.9560 0.9560
3434.766141 0.9560 0.9560 0.9560 0.9560 0.9560
3438.988523 0.9560 0.9561 0.9563 0.9566 0.9568
3443.210904 0.9570 0.9570 0.9570 0.9570 0.9569
3447.433285 0.9566 0.9564 0.9561 0.9560 0.9560
3451.655666 0.9560 0.9560 0.9560 0.9560 0.9560
3455.878047 0.9560 0.9561 0.9564 0.9566 0.9569
3460.100429 0.9573 0.9578 0.9583 0.9588 0.9590
3464.322810 0.9590 0.9590 0.9590 0.9590 0.9590
3468.545191 0.9590 0.9590 0.9590 0.9590 0.9590
3472.767572 0.9590 0.9590 0.9590 0.9590 0.9590
3476.989954 0.9587 0.9582 0.9577 0.9572 0.9576
3481.212335 0.9587 0.9597 0.9607 0.9610 0.9610
3485.434716 0.9610 0.9610 0.9610 0.9610 0.9610
3489.657097 0.9610 0.9613 0.9618 0.9623 0.9628
3493.879479 0.9630 0.9630 0.9630 0.9630 0.9630
3498.101860 0.9630 0.9630 0.9630 0.9632 0.9634
3502.324241 0.9637 0.9639 0.9640 0.9640 0.9640
3506.546622 0.9640 0.9640 0.9640 0.9640 0.9640
3510.769004 0.9640 0.9640 0.9640 0.9640 0.9640
3514.991385 0.9640 0.9640 0.9640 0.9640 0.9640
3519.213766 0.9640 0.9640 0.9644 0.9649 0.9654
3523.436147 0.9659 0.9660 0.9660 0.9660 0.9660
3527.658529 0.9660 0.9660 0.9660 0.9660 0.9664
3531.880910 0.9669 0.9674 0.9679 0.9680 0.9680
3536.103291 0.9680 0.9680 0.9680 0.9680 0.9680
3540.325672 0.9680 0.9680 0.9680 0.9680 0.9680
3544.548053 0.9682 0.9685 0.9687 0.9690 0.9690
3548.770435 0.9690 0.9690 0.9690 0.9690 0.9690
3552.992816 0.9690 0.9690 0.9690 0.9690 0.9690
3557.215197 0.9690 0.9695 0.9700 0.9705 0.9710
3561.437578 0.9710 0.9710 0.9710 0.9710 0.9710
3565.659960 0.9710 0.9710 0.9710 0.9710 0.9710
3569.882341 0.9710 0.9710 0.9715 0.9720 0.9725
3574.104722 0.9730 0.9733 0.9735 0.9738 0.9740
3578.327103 0.9740 0.9740 0.9740 0.9740 0.9740
3582.549485 0.9740 0.9740 0.9740 0.9740 0.9740
3586.771866 0.9740 0.9740 0.9740 0.9740 0.9740
3590.994247 0.9741 0.9746 0.9751 0.9756 0.9759
3595.216628 0.9754 0.9749 0.9744 0.9741 0.9746
3599.439010 0.9751 0.9756 0.9760 0.9760 0.9760
3603.661391 0.9760 0.9760 0.9760 0.9760 0.9760
3607.883772 0.9761 0.9766 0.9771 0.9776 0.9780
3612.106153 0.9780 0.9780 0.9780 0.9780 0.9780
3616.328534 0.9780 0.9780 0.9781 0.9783 0.9786
3620.550916 0.9788 0.9789 0.9787 0.9784 0.9782
3624.773297 0.9781 0.9783 0.9786 0.9788 0.9790
3628.995678 0.9790 0.9790 0.9790 0.9790 0.9790
3633.218059 0.9790 0.9790 0.9790 0.9790 0.9790
3637.440441 0.9790 0.9790 0.9790 0.9790 0.9790
3641.662822 0.9790 0.9790 0.9790 0.9790 0.9790
3645.885203 0.9790 0.9790 0.9790 0.9790 0.9790
3650.107584 0.9790 0.9790 0.9793 0.9798 0.9803
3654.329966 0.9808 0.9810 0.9810 0.9810 0.9810
3658.552347 0.9810 0.9810 0.9810 0.9810 0.9810
3662.774728 0.9810 0.9810 0.9810 0.9810 0.9810
3666.997109 0.9810 0.9810 0.9810 0.9810 0.9810
3671.219491 0.9810 0.9810 0.9810 0.9810 0.9810
3675.441872 0.9810 0.9810 0.9810 0.9810 0.9810
3679.664253 0.9810 0.9810 0.9810 0.9810 0.9810
3683.886634 0.9810 0.9810 0.9810 0.9810 0.9810
3688.109016 0.9810 0.9810 0.9810 0.9810 0.9810
3692.331397 0.9810 0.9810 0.9810 0.9810 0.9806
3696.553778 0.9801 0.9796 0.9791 0.9790 0.9790
3700.776159 0.9790 0.9790 0.9794 0.9799 0.9804
3704.998540 0.9809 0.9810 0.9810 0.9810 0.9810
3709.220922 0.9810 0.9810 0.9810 0.9810 0.9810
3713.443303 0.9810 0.9810 0.9810 0.9806 0.9801
3717.665684 0.9796 0.9791 0.9790 0.9790 0.9790
3721.888065 0.9790 0.9790 0.9790 0.9790 0.9790
3726.110447 0.9790 0.9790 0.9790 0.9790 0.9790
3730.332828 0.9790 0.9790 0.9790 0.9790 0.9790
3734.555209 0.9790 0.9790 0.9790 0.9790 0.9790
3738.777590 0.9790 0.9790 0.9790 0.9790 0.9790
3742.999972 0.9790 0.9790 0.9790 0.9790 0.9790
3747.222353 0.9790 0.9790 0.9790 0.9790 0.9790
3751.444734 0.9790 0.9790 0.9790 0.9790 0.9790
3755.667115 0.9790 0.9787 0.9785 0.9782 0.9780
3759.889497 0.9780 0.9780 0.9780 0.9780 0.9783
3764.111878 0.9785 0.9788 0.9790 0.9790 0.9790
3768.334259 0.9790 0.9790 0.9787 0.9785 0.9782
3772.556640 0.9780 0.9780 0.9780 0.9780 0.9780
3776.779021 0.9780 0.9780 0.9780 0.9779 0.9774
3781.001403 0.9769 0.9764 0.9760 0.9760 0.9760
3785.223784 0.9760 0.9760 0.9760 0.9760 0.9760
3789.446165 0.9760 0.9760 0.9760 0.9760 0.9761
3793.668546 0.9766 0.9771 0.9776 0.9779 0.9774
3797.890928 0.9769 0.9764 0.9760 0.9760 0.9760
3802.113309 0.9760 0.9760 0.9760 0.9760 0.9760
3806.335690 0.9760 0.9760 0.9760 0.9760 0.9760
3810.558071 0.9760 0.9760 0.9760 0.9760 0.9760
3814.780453 0.9760 0.9760 0.9758 0.9753 0.9748
3819.002834 0.9743 0.9740 0.9740 0.9740 0.9740
3823.225215 0.9740 0.9740 0.9740 0.9740 0.9740
3827.447596 0.9740 0.9740 0.9740 0.9740 0.9740
3831.669978 0.9740 0.9740 0.9740 0.9740 0.9740
3835.892359 0.9740 0.9740 0.9740 0.9740 0.9740
3840.114740 0.9740 0.9740 0.9740 0.9740 0.9740
3844.337121 0.9740 0.9740 0.9740 0.9740 0.9740
3848.559503 0.9740 0.9740 0.9740 0.9740 0.9740
3852.781884 0.9740 0.9740 0.9740 0.9740 0.9740
3857.004265 0.9739 0.9736 0.9734 0.9731 0.9730
3861.226646 0.9730 0.9730 0.9730 0.9732 0.9734
3865.449027 0.9737 0.9739 0.9740 0.9740 0.9740
3869.671409 0.9740 0.9740 0.9740 0.9740 0.9740
3873.893790 0.9738 0.9736 0.9733 0.9731 0.9730
3878.116171 0.9730 0.9730 0.9730 0.9730 0.9730
3882.338552 0.9730 0.9730 0.9730 0.9730 0.9730
3886.560934 0.9730 0.9730 0.9730 0.9730 0.9730
3890.783315 0.9730 0.9730 0.9730 0.9730 0.9730
3895.005696 0.9730 0.9730 0.9730 0.9730 0.9730
3899.228077 0.9730 0.9730 0.9730 0.9730 0.9730
3903.450459 0.9730 0.9730 0.9730 0.9730 0.9730
3907.672840 0.9730 0.9730 0.9730 0.9730 0.9730
3911.895221 0.9730 0.9730 0.9730 0.9730 0.9730
3916.117602 0.9730 0.9730 0.9730 0.9730 0.9730
3920.339984 0.9730 0.9730 0.9730 0.9730 0.9730
3924.562365 0.9730 0.9730 0.9730 0.9730 0.9730
3928.784746 0.9730 0.9730 0.9730 0.9725 0.9720
3933.007127 0.9715 0.9710 0.9710 0.9710 0.9710
3937.229508 0.9710 0.9715 0.9720 0.9725 0.9730
3941.451890 0.9730 0.9730 0.9730 0.9730 0.9730
3945.674271 0.9730 0.9730 0.9730 0.9730 0.9730
3949.896652 0.9730 0.9730 0.9730 0.9730 0.9730
3954.119033 0.9730 0.9733 0.9735 0.9738 0.9740
3958.341415 0.9737 0.9735 0.9732 0.9730 0.9730
3962.563796 0.9730 0.9730 0.9730 0.9730 0.9730
3966.786177 0.9730 0.9729 0.9724 0.9719 0.9714
3971.008558 0.9710 0.9710 0.9710 0.9710 0.9710
3975.230940 0.9710 0.9710 0.9710 0.9710 0.9710
3979.453321 0.9710 0.9710 0.9710 0.9710 0.9710
3983.675702 0.9710 0.9710 0.9710 0.9710 0.9710
##END=
