##TITLE=4-BENZYLOXY-3-METHOXY-BENZALDEHYDE
##JCAMP-DX=4.24
##DATA TYPE=INFRARED SPECTRUM
##CLASS=COBLENTZ
##ORIGIN=ABBOTT LABORATORIES - WASHBURN
##OWNER=COBLENTZ SOCIETY
Collection (C) 2018 copyright by the U.S. Secretary of Commerce
on behalf of the United States of America. All rights reserved.
##DATE=Not specified, most likely prior to 1970
##NAMES=4-(benzyloxy)-3-methoxybenzaldehyde
##CAS REGISTRY NO=2426-87-1
##MOLFORM=C15 H14 O3
##SOURCE REFERENCE=COBLENTZ NO. 3407
##$NIST SOURCE=COBLENTZ
##$NIST IMAGE=cob3407
##SPECTROMETER/DATA SYSTEM=PERKIN-ELMER
##STATE=LIQUID
##PATH LENGTH=CAPILLARY
##SAMPLING PROCEDURE=TRANSMISSION
##RESOLUTION=4
##DATA PROCESSING=DIGITIZED BY NIST FROM HARD COPY (FROM TWO SEGMENTS)
##XUNITS=MICROMETERS
##YUNITS=TRANSMITTANCE
##XFACTOR=1.000000
##YFACTOR=1
##DELTAX=0.006818
##FIRSTX=2.014
##LASTX=15.3713
##FIRSTY=0.947
##MAXX=15.3713
##MINX=2.014
##MAXY=0.948
##MINY=0.102052
##NPOINTS=1960
##XYDATA=(X++(Y..Y))
2.014000 0.9470 0.9470 0.9470 0.9470 0.9470
2.048092 0.9480 0.9470 0.9470 0.9470 0.9451
2.082184 0.9451 0.9480 0.9480 0.9470 0.9450
2.116276 0.9410 0.9410 0.9469 0.9470 0.9451
2.150369 0.9450 0.9432 0.9430 0.9412 0.9410
2.184461 0.9401 0.9400 0.9383 0.9380 0.9363
2.218553 0.9351 0.9359 0.9378 0.9407 0.9428
2.252645 0.9430 0.9403 0.9400 0.9400 0.9383
2.286737 0.9364 0.9376 0.9356 0.9318 0.9326
2.320829 0.9346 0.9350 0.9350 0.9373 0.9380
2.354921 0.9355 0.9350 0.9350 0.9350 0.9350
2.389013 0.9350 0.9350 0.9358 0.9360 0.9360
2.423106 0.9360 0.9353 0.9350 0.9350 0.9336
2.457198 0.9330 0.9330 0.9330 0.9330 0.9330
2.491290 0.9330 0.9330 0.9330 0.9330 0.9330
2.525382 0.9352 0.9360 0.9388 0.9400 0.9366
2.559474 0.9337 0.9330 0.9318 0.9310 0.9310
2.593566 0.9322 0.9306 0.9290 0.9290 0.9290
2.627658 0.9315 0.9330 0.9343 0.9350 0.9382
2.661751 0.9406 0.9404 0.9376 0.9360 0.9354
2.695843 0.9356 0.9360 0.9360 0.9360 0.9360
2.729935 0.9360 0.9360 0.9355 0.9350 0.9340
2.764027 0.9330 0.9330 0.9330 0.9319 0.9310
2.798119 0.9310 0.9299 0.9285 0.9280 0.9270
2.832211 0.9250 0.9236 0.9221 0.9201 0.9182
2.866303 0.9170 0.9166 0.9152 0.9132 0.9120
2.900395 0.9120 0.9120 0.9120 0.9120 0.9120
2.934488 0.9129 0.9140 0.9140 0.9132 0.9116
2.968580 0.9102 0.9076 0.9047 0.9033 0.9010
3.002672 0.8984 0.8970 0.8979 0.9006 0.9026
3.036764 0.9050 0.9078 0.9090 0.9097 0.9110
3.070856 0.9110 0.9110 0.9110 0.9113 0.9126
3.104948 0.9140 0.9135 0.9120 0.9120 0.9120
3.139040 0.9118 0.9110 0.9110 0.9110 0.9110
3.173133 0.9106 0.9090 0.9090 0.9085 0.9057
3.207225 0.9015 0.8985 0.8935 0.8908 0.8845
3.241317 0.8718 0.8535 0.8393 0.8288 0.8213
3.275409 0.8162 0.8106 0.8071 0.7998 0.7900
3.309501 0.7813 0.7748 0.7711 0.7778 0.7863
3.343593 0.7890 0.7940 0.7938 0.7923 0.7863
3.377685 0.7743 0.7613 0.7520 0.7372 0.7237
3.411777 0.7188 0.7141 0.7162 0.7231 0.7262
3.445870 0.7362 0.7523 0.7548 0.7527 0.7494
3.479962 0.7424 0.7342 0.7222 0.7083 0.6948
3.514054 0.6899 0.6871 0.6870 0.6880 0.6938
3.548146 0.7264 0.7621 0.7988 0.8299 0.8561
3.582238 0.8700 0.8830 0.8870 0.8920 0.8940
3.616330 0.8969 0.8989 0.8990 0.8971 0.8922
3.650422 0.8882 0.8871 0.8852 0.8832 0.8830
3.684515 0.8847 0.8867 0.8895 0.8942 0.8992
3.718607 0.9017 0.9038 0.9067 0.9106 0.9110
3.752699 0.9119 0.9155 0.9169 0.9205 0.9210
3.786791 0.9227 0.9230 0.9230 0.9230 0.9230
3.820883 0.9230 0.9215 0.9210 0.9210 0.9195
3.854975 0.9175 0.9170 0.9170 0.9162 0.9160
3.889067 0.9144 0.9124 0.9120 0.9136 0.9140
3.923159 0.9155 0.9167 0.9170 0.9184 0.9204
3.957252 0.9210 0.9210 0.9197 0.9170 0.9167
3.991344 0.9183 0.9190 0.9205 0.9224 0.9230
4.025436 0.9230 0.9237 0.9240 0.9254 0.9274
4.059528 0.9280 0.9280 0.9288 0.9290 0.9290
4.093620 0.9305 0.9310 0.9274 0.9246 0.9205
4.127712 0.9190 0.9203 0.9223 0.9236 0.9234
4.161804 0.9230 0.9230 0.9230 0.9248 0.9248
4.195897 0.9234 0.9217 0.9223 0.9217 0.9197
4.229989 0.9190 0.9190 0.9190 0.9221 0.9252
4.264081 0.9260 0.9260 0.9249 0.9240 0.9235
4.298173 0.9235 0.9240 0.9235 0.9220 0.9210
4.332265 0.9210 0.9199 0.9201 0.9221 0.9247
4.366357 0.9260 0.9271 0.9285 0.9290 0.9300
4.400449 0.9310 0.9296 0.9262 0.9240 0.9240
4.434541 0.9249 0.9260 0.9272 0.9298 0.9310
4.468634 0.9310 0.9297 0.9270 0.9251 0.9240
4.502726 0.9249 0.9269 0.9284 0.9290 0.9290
4.536818 0.9290 0.9290 0.9290 0.9290 0.9287
4.570910 0.9280 0.9280 0.9280 0.9280 0.9280
4.605002 0.9283 0.9287 0.9265 0.9236 0.9223
4.639094 0.9217 0.9251 0.9290 0.9269 0.9230
4.673186 0.9233 0.9246 0.9268 0.9287 0.9275
4.707279 0.9248 0.9200 0.9170 0.9183 0.9232
4.741371 0.9244 0.9260 0.9269 0.9290 0.9287
4.775463 0.9280 0.9275 0.9255 0.9250 0.9280
4.809555 0.9270 0.9238 0.9227 0.9210 0.9210
4.843647 0.9207 0.9190 0.9187 0.9169 0.9166
4.877739 0.9212 0.9231 0.9240 0.9238 0.9223
4.911831 0.9186 0.9165 0.9143 0.9157 0.9140
4.945923 0.9137 0.9119 0.9108 0.9090 0.9089
4.980016 0.9070 0.9069 0.9053 0.9120 0.9118
5.014108 0.9087 0.9039 0.9019 0.8999 0.8987
5.048200 0.8949 0.8937 0.8899 0.8877 0.8848
5.082292 0.8825 0.8778 0.8760 0.8764 0.8802
5.116384 0.8821 0.8830 0.8832 0.8850 0.8852
5.150476 0.8871 0.8882 0.8902 0.8922 0.8940
5.184568 0.8941 0.8950 0.8952 0.8970 0.8990
5.218661 0.9020 0.9040 0.9040 0.9050 0.9050
5.252753 0.9070 0.9070 0.9040 0.9020 0.9020
5.286845 0.9020 0.9020 0.9020 0.9020 0.9020
5.320937 0.9021 0.9050 0.9050 0.9038 0.8999
5.355029 0.8990 0.8991 0.9001 0.9021 0.9041
5.389121 0.9050 0.9050 0.9049 0.9040 0.9040
5.423213 0.9037 0.9000 0.9003 0.9040 0.9040
5.457305 0.9040 0.9040 0.9040 0.9038 0.9020
5.491398 0.9018 0.8999 0.8986 0.8950 0.8949
5.525490 0.8940 0.8943 0.8973 0.9007 0.9053
5.559582 0.9067 0.9049 0.9040 0.9040 0.9047
5.593674 0.9087 0.9066 0.9035 0.8999 0.8969
5.627766 0.8940 0.8920 0.8920 0.8940 0.8940
5.661858 0.8950 0.8950 0.8940 0.8920 0.8920
5.695950 0.8921 0.8940 0.8937 0.8870 0.8871
5.730043 0.8901 0.8919 0.8900 0.8898 0.8867
5.764135 0.8829 0.8819 0.8799 0.8777 0.8722
5.798227 0.8603 0.8507 0.8464 0.8371 0.8169
5.832319 0.7843 0.7379 0.7043 0.6572 0.6109
5.866411 0.5033 0.4623 0.4007 0.3221 0.2382
5.900503 0.1736 0.1496 0.1476 0.1571 0.1967
5.934595 0.2270 0.2619 0.3062 0.3243 0.3580
5.968687 0.3651 0.3891 0.4052 0.4493 0.5121
6.002780 0.5451 0.5771 0.6351 0.6685 0.6836
6.036872 0.7004 0.7125 0.7264 0.7404 0.7524
6.070964 0.7653 0.7763 0.7862 0.7942 0.7981
6.105056 0.8007 0.8114 0.8182 0.8221 0.8231
6.139148 0.8252 0.8290 0.8290 0.8291 0.8299
6.173240 0.8288 0.8264 0.8196 0.8141 0.8041
6.207332 0.7930 0.7809 0.7672 0.7444 0.7123
6.241425 0.6696 0.6027 0.4645 0.4362 0.4297
6.275517 0.4266 0.4229 0.4212 0.4096 0.3702
6.309609 0.3293 0.3375 0.3833 0.4272 0.4666
6.343701 0.5204 0.5663 0.6128 0.6621 0.7115
6.377793 0.7356 0.7625 0.7842 0.7930 0.7940
6.411885 0.7961 0.8000 0.8001 0.8060 0.8253
6.445977 0.8325 0.8423 0.8490 0.8490 0.8490
6.480069 0.8490 0.8489 0.8460 0.8461 0.8473
6.514162 0.8511 0.8520 0.8520 0.8520 0.8520
6.548254 0.8520 0.8520 0.8519 0.8508 0.8490
6.582346 0.8490 0.8488 0.8467 0.8437 0.8401
6.616438 0.8310 0.8211 0.8122 0.8041 0.7977
6.650530 0.7934 0.7724 0.7458 0.7263 0.6880
6.684622 0.6464 0.6375 0.6059 0.6050 0.6010
6.718714 0.5980 0.5927 0.4551 0.3564 0.2812
6.752807 0.1809 0.1670 0.1671 0.1788 0.2501
6.786899 0.2796 0.3233 0.3855 0.4260 0.4545
6.820991 0.4681 0.4700 0.4699 0.4663 0.4415
6.855083 0.4333 0.4226 0.4152 0.3869 0.3549
6.889175 0.3531 0.3556 0.3661 0.3831 0.3946
6.923267 0.4003 0.4032 0.4050 0.4029 0.3811
6.957359 0.3883 0.4584 0.5066 0.5347 0.5485
6.991451 0.5639 0.5993 0.6571 0.7370 0.7690
7.025544 0.7850 0.7931 0.7947 0.8016 0.8116
7.059636 0.8157 0.8207 0.8260 0.8323 0.8340
7.093728 0.8337 0.8313 0.8264 0.8219 0.8169
7.127820 0.8149 0.8099 0.8049 0.8008 0.7924
7.161912 0.7679 0.7207 0.7044 0.6763 0.6443
7.196004 0.5938 0.5548 0.5521 0.5539 0.5711
7.230096 0.5923 0.6194 0.6463 0.6520 0.6515
7.264189 0.6418 0.5907 0.5586 0.4934 0.4704
7.298281 0.4147 0.4146 0.4593 0.4657 0.4910
7.332373 0.5167 0.5262 0.5561 0.5869 0.6321
7.366465 0.6632 0.7017 0.7189 0.7361 0.7458
7.400557 0.7657 0.7786 0.7902 0.7989 0.8057
7.434649 0.8100 0.8106 0.8158 0.8221 0.8300
7.468741 0.8299 0.8249 0.8200 0.8200 0.8170
7.502833 0.8130 0.8109 0.8049 0.7939 0.7908
7.536926 0.7856 0.7765 0.7632 0.7445 0.7304
7.571018 0.7154 0.6982 0.6772 0.6540 0.6244
7.605110 0.5875 0.5646 0.5303 0.5202 0.5087
7.639202 0.5040 0.4899 0.4881 0.4902 0.4934
7.673294 0.5077 0.5149 0.5241 0.5361 0.5476
7.707386 0.5536 0.5611 0.5729 0.5822 0.5845
7.741478 0.5881 0.5890 0.5889 0.5872 0.5804
7.775570 0.5752 0.5676 0.5532 0.5228 0.5020
7.809663 0.4811 0.4550 0.4273 0.3948 0.3596
7.843755 0.3217 0.2780 0.2348 0.2193 0.1954
7.877847 0.1759 0.1713 0.1475 0.1307 0.1205
7.911939 0.1039 0.1021 0.1042 0.1118 0.1249
7.946031 0.1410 0.1590 0.1761 0.1769 0.1760
7.980123 0.1750 0.1575 0.1473 0.1348 0.1312
8.014215 0.1119 0.1110 0.1112 0.1164 0.1438
8.048308 0.1599 0.2421 0.2811 0.3166 0.3240
8.082400 0.3520 0.3880 0.4221 0.4411 0.4596
8.116492 0.4741 0.4835 0.4882 0.4906 0.4937
8.150584 0.4906 0.4812 0.4756 0.4710 0.4568
8.184676 0.4455 0.4190 0.3905 0.3717 0.3579
8.218768 0.3498 0.3399 0.3360 0.3361 0.3402
8.252860 0.3501 0.3582 0.3702 0.3867 0.4017
8.286952 0.4174 0.4273 0.4341 0.4377 0.4551
8.321045 0.4803 0.4874 0.4976 0.5126 0.5339
8.355137 0.5459 0.5579 0.5699 0.5831 0.5997
8.389229 0.6226 0.6303 0.6340 0.6335 0.6279
8.423321 0.6155 0.5899 0.5554 0.4922 0.4639
8.457413 0.4428 0.4315 0.4270 0.4283 0.4400
8.491505 0.4640 0.4880 0.5124 0.5377 0.5517
8.525597 0.5677 0.5983 0.6300 0.6422 0.6736
8.559690 0.6894 0.6975 0.7003 0.7025 0.7059
8.593782 0.7125 0.7235 0.7393 0.7484 0.7602
8.627874 0.7651 0.7691 0.7721 0.7762 0.7811
8.661966 0.7841 0.7861 0.7891 0.7931 0.7944
8.696058 0.8002 0.8031 0.8051 0.8061 0.8082
8.730150 0.8112 0.8154 0.8221 0.8234 0.8274
8.764242 0.8322 0.8340 0.8343 0.8370 0.8368
8.798334 0.8349 0.8338 0.8320 0.8322 0.8340
8.832427 0.8343 0.8372 0.8393 0.8420 0.8419
8.866519 0.8410 0.8408 0.8390 0.8390 0.8393
8.900611 0.8404 0.8363 0.8320 0.8324 0.8350
8.934703 0.8353 0.8370 0.8370 0.8369 0.8340
8.968795 0.8340 0.8340 0.8351 0.8410 0.8389
9.002887 0.8349 0.8321 0.8349 0.8320 0.8319
9.036979 0.8287 0.8232 0.8270 0.8271 0.8289
9.071072 0.8269 0.8248 0.8198 0.8147 0.8106
9.105164 0.8058 0.8028 0.7997 0.7958 0.7927
9.139256 0.7886 0.7830 0.7694 0.7607 0.7491
9.173348 0.7400 0.7298 0.7170 0.6962 0.6681
9.207440 0.6389 0.6081 0.5790 0.5470 0.5019
9.241532 0.4640 0.4364 0.4320 0.4332 0.4420
9.275624 0.4499 0.4581 0.4749 0.4889 0.4948
9.309716 0.4982 0.4923 0.4796 0.4588 0.4414
9.343809 0.4076 0.3861 0.3686 0.3597 0.3519
9.377901 0.3500 0.3501 0.3523 0.3604 0.3727
9.411993 0.3917 0.4119 0.4379 0.4658 0.4938
9.446085 0.5209 0.5489 0.5628 0.5755 0.5992
9.480177 0.6179 0.6329 0.6484 0.6717 0.6896
9.514269 0.7060 0.7167 0.7245 0.7295 0.7354
9.548361 0.7409 0.7509 0.7602 0.7622 0.7644
9.582454 0.7672 0.7696 0.7744 0.7775 0.7811
9.616546 0.7822 0.7840 0.7838 0.7820 0.7819
9.650638 0.7807 0.7787 0.7770 0.7770 0.7766
9.684730 0.7734 0.7686 0.7587 0.7498 0.7406
9.718822 0.7259 0.7241 0.7261 0.7310 0.7332
9.752914 0.7410 0.7411 0.7471 0.7532 0.7569
9.787006 0.7548 0.7519 0.7497 0.7448 0.7408
9.821098 0.7376 0.7288 0.7236 0.7157 0.7106
9.855191 0.6944 0.6868 0.6722 0.6625 0.6557
9.889283 0.6515 0.6451 0.6338 0.6318 0.6300
9.923375 0.6299 0.6288 0.6266 0.6225 0.6173
9.957467 0.6109 0.6100 0.6105 0.6150 0.6150
9.991559 0.6150 0.6150 0.6150 0.6147 0.6127
10.025651 0.6110 0.6110 0.6109 0.6097 0.6077
10.059743 0.6060 0.6058 0.6050 0.6047 0.6030
10.093836 0.6022 0.5977 0.5956 0.5928 0.5879
10.127928 0.5857 0.5789 0.5770 0.5756 0.5667
10.162020 0.5599 0.5568 0.5517 0.5425 0.5354
10.196112 0.5277 0.5226 0.5168 0.5131 0.4999
10.230204 0.4987 0.4948 0.4919 0.4898 0.4879
10.264296 0.4870 0.4870 0.4868 0.4845 0.4798
10.298388 0.4778 0.4760 0.4760 0.4760 0.4762
10.332480 0.4782 0.4802 0.4824 0.4854 0.4885
10.366573 0.4924 0.4955 0.4991 0.5003 0.5028
10.400665 0.5077 0.5126 0.5164 0.5197 0.5246
10.434757 0.5287 0.5334 0.5374 0.5471 0.5501
10.468849 0.5521 0.5551 0.5582 0.5642 0.5702
10.502941 0.5792 0.5881 0.5911 0.5964 0.6035
10.537033 0.6113 0.6171 0.6185 0.6275 0.6373
10.571125 0.6425 0.6527 0.6661 0.6687 0.6779
10.605218 0.7001 0.7127 0.7212 0.7240 0.7355
10.639310 0.7416 0.7487 0.7571 0.7592 0.7696
10.673402 0.7743 0.7774 0.7815 0.7863 0.7895
10.707494 0.7942 0.7964 0.8003 0.8033 0.8050
10.741586 0.8050 0.8045 0.8003 0.7957 0.7939
10.775678 0.7927 0.7910 0.7903 0.7848 0.7775
10.809770 0.7690 0.7629 0.7562 0.7505 0.7402
10.843862 0.7233 0.7071 0.6950 0.6825 0.6724
10.877955 0.6585 0.6462 0.6292 0.6106 0.6007
10.912047 0.5934 0.5788 0.5732 0.5534 0.5325
10.946139 0.5260 0.5260 0.5261 0.5281 0.5291
10.980231 0.5313 0.5354 0.5414 0.5473 0.5505
11.014323 0.5560 0.5655 0.5724 0.5956 0.6119
11.048415 0.6307 0.6395 0.6645 0.6795 0.6918
11.082507 0.7053 0.7164 0.7345 0.7469 0.7611
11.116600 0.7699 0.7764 0.7796 0.7851 0.7924
11.150692 0.8017 0.8110 0.8119 0.8170 0.8175
11.184784 0.8200 0.8203 0.8221 0.8231 0.8271
11.218876 0.8300 0.8300 0.8301 0.8321 0.8340
11.252968 0.8350 0.8350 0.8351 0.8390 0.8391
11.287060 0.8411 0.8424 0.8491 0.8510 0.8510
11.321152 0.8510 0.8510 0.8512 0.8542 0.8562
11.355244 0.8581 0.8594 0.8640 0.8639 0.8630
11.389337 0.8631 0.8640 0.8642 0.8662 0.8680
11.423429 0.8680 0.8680 0.8680 0.8678 0.8660
11.457521 0.8658 0.8639 0.8628 0.8610 0.8610
11.491613 0.8610 0.8607 0.8589 0.8580 0.8574
11.525705 0.8537 0.8520 0.8519 0.8507 0.8476
11.559797 0.8400 0.8350 0.8345 0.8317 0.8298
11.593889 0.8283 0.8237 0.8164 0.8126 0.8059
11.627982 0.8028 0.7978 0.7939 0.7905 0.7808
11.662074 0.7770 0.7760 0.7759 0.7740 0.7737
11.696166 0.7699 0.7690 0.7690 0.7690 0.7690
11.730258 0.7691 0.7701 0.7720 0.7722 0.7742
11.764350 0.7760 0.7761 0.7772 0.7795 0.7847
11.798442 0.7913 0.7942 0.7962 0.7980 0.7983
11.832534 0.8004 0.8033 0.8054 0.8083 0.8110
11.866626 0.8183 0.8200 0.8200 0.8203 0.8222
11.900719 0.8241 0.8300 0.8300 0.8295 0.8270
11.934811 0.8270 0.8281 0.8354 0.8440 0.8438
11.968903 0.8390 0.8392 0.8441 0.8460 0.8460
12.002995 0.8459 0.8439 0.8409 0.8390 0.8389
12.037087 0.8369 0.8347 0.8299 0.8289 0.8271
12.071179 0.8290 0.8290 0.8294 0.8350 0.8345
12.105271 0.8297 0.8266 0.8230 0.8227 0.8198
12.139364 0.8179 0.8168 0.8150 0.8150 0.8152
12.173456 0.8168 0.8150 0.8148 0.8128 0.8107
12.207548 0.8077 0.8045 0.8009 0.7994 0.7957
12.241640 0.7933 0.7886 0.7850 0.7787 0.7766
12.275732 0.7737 0.7720 0.7717 0.7700 0.7698
12.309824 0.7687 0.7670 0.7667 0.7648 0.7640
12.343916 0.7637 0.7613 0.7572 0.7528 0.7498
12.378008 0.7469 0.7449 0.7427 0.7375 0.7287
12.412101 0.7226 0.7160 0.7159 0.7140 0.7138
12.446193 0.7120 0.7120 0.7120 0.7122 0.7140
12.480285 0.7140 0.7142 0.7160 0.7158 0.7140
12.514377 0.7138 0.7119 0.7108 0.7088 0.7067
12.548469 0.7033 0.6963 0.6889 0.6791 0.6718
12.582561 0.6633 0.6583 0.6511 0.6307 0.6199
12.616653 0.6040 0.5906 0.5858 0.5700 0.5595
12.650746 0.5505 0.5154 0.5062 0.5001 0.4889
12.684838 0.4817 0.4736 0.4649 0.4577 0.4518
12.718930 0.4470 0.4458 0.4420 0.4420 0.4410
12.753022 0.4421 0.4443 0.4512 0.4564 0.4617
12.787114 0.4718 0.4841 0.5001 0.5169 0.5293
12.821206 0.5340 0.5486 0.5575 0.5648 0.5740
12.855298 0.5940 0.6038 0.6117 0.6182 0.6205
12.889390 0.6252 0.6275 0.6322 0.6340 0.6340
12.923483 0.6340 0.6338 0.6316 0.6279 0.6189
12.957575 0.6098 0.6000 0.5919 0.5817 0.5669
12.991667 0.5496 0.5172 0.5051 0.4888 0.4580
13.025759 0.4508 0.4422 0.4302 0.4179 0.4059
13.059851 0.3942 0.3848 0.3778 0.3716 0.3700
13.093943 0.3698 0.3690 0.3692 0.3701 0.3721
13.128035 0.3740 0.3740 0.3743 0.3788 0.3757
13.162128 0.3700 0.3700 0.3700 0.3706 0.3769
13.196220 0.3755 0.3696 0.3644 0.3579 0.3568
13.230312 0.3548 0.3518 0.3496 0.3446 0.3407
13.264404 0.3380 0.3382 0.3400 0.3401 0.3410
13.298496 0.3414 0.3453 0.3484 0.3524 0.3554
13.332588 0.3586 0.3634 0.3736 0.3847 0.3895
13.366680 0.3934 0.3965 0.4007 0.4055 0.4092
13.400772 0.4158 0.4205 0.4237 0.4275 0.4303
13.434865 0.4320 0.4323 0.4340 0.4340 0.4350
13.468957 0.4351 0.4371 0.4390 0.4389 0.4370
13.503049 0.4369 0.4349 0.4319 0.4299 0.4290
13.537141 0.4290 0.4291 0.4301 0.4320 0.4320
13.571233 0.4319 0.4300 0.4300 0.4302 0.4323
13.605325 0.4357 0.4425 0.4475 0.4527 0.4599
13.639417 0.4687 0.4760 0.4862 0.4985 0.5090
13.673510 0.5108 0.5243 0.5339 0.5409 0.5476
13.707602 0.5535 0.5655 0.5785 0.5971 0.6042
13.741694 0.6127 0.6231 0.6320 0.6508 0.6633
13.775786 0.6769 0.6832 0.6908 0.6963 0.7029
13.809878 0.7086 0.7173 0.7235 0.7265 0.7310
13.843970 0.7405 0.7434 0.7450 0.7451 0.7472
13.878062 0.7500 0.7502 0.7530 0.7531 0.7552
13.912154 0.7581 0.7600 0.7600 0.7602 0.7620
13.946247 0.7620 0.7618 0.7598 0.7580 0.7579
13.980339 0.7568 0.7552 0.7570 0.7573 0.7598
14.014431 0.7579 0.7570 0.7570 0.7568 0.7548
14.048523 0.7530 0.7529 0.7518 0.7496 0.7467
14.082615 0.7444 0.7410 0.7406 0.7370 0.7300
14.116707 0.7233 0.7180 0.7110 0.7031 0.6909
14.150799 0.6752 0.6693 0.6585 0.6433 0.6272
14.184892 0.6108 0.5977 0.5845 0.5727 0.5103
14.218984 0.4968 0.4918 0.4874 0.4752 0.4585
14.253076 0.4479 0.4245 0.4143 0.3995 0.3932
14.287168 0.3838 0.3808 0.3785 0.3711 0.3599
14.321260 0.3580 0.3581 0.3604 0.3652 0.3673
14.355352 0.3707 0.3777 0.3850 0.3949 0.4040
14.389444 0.4142 0.4276 0.4533 0.4758 0.4978
14.423536 0.5247 0.5369 0.5439 0.5518 0.5653
14.457629 0.5781 0.6089 0.6312 0.6473 0.6554
14.491721 0.6638 0.6704 0.6849 0.6966 0.7064
14.525813 0.7155 0.7246 0.7282 0.7297 0.7343
14.559905 0.7424 0.7539 0.7587 0.7620 0.7620
14.593997 0.7624 0.7640 0.7642 0.7650 0.7650
14.628089 0.7651 0.7670 0.7670 0.7671 0.7690
14.662181 0.7690 0.7690 0.7690 0.7690 0.7690
14.696274 0.7690 0.7690 0.7688 0.7670 0.7668
14.730366 0.7649 0.7638 0.7618 0.7598 0.7579
14.764458 0.7570 0.7570 0.7568 0.7550 0.7550
14.798550 0.7548 0.7530 0.7529 0.7517 0.7500
14.832642 0.7497 0.7480 0.7479 0.7470 0.7464
14.866734 0.7430 0.7427 0.7410 0.7410 0.7413
14.900826 0.7430 0.7430 0.7427 0.7408 0.7397
14.934918 0.7377 0.7358 0.7350 0.7348 0.7307
14.969011 0.7259 0.7239 0.7229 0.7209 0.7187
15.003103 0.7138 0.7107 0.7037 0.6983 0.6896
15.037195 0.6846 0.6797 0.6759 0.6747 0.6708
15.071287 0.6677 0.6639 0.6628 0.6608 0.6589
15.105379 0.6576 0.6535 0.6488 0.6470 0.6469
15.139471 0.6458 0.6435 0.6390 0.6393 0.6411
15.173563 0.6423 0.6440 0.6443 0.6461 0.6470
15.207656 0.6473 0.6494 0.6523 0.6543 0.6560
15.241748 0.6563 0.6580 0.6582 0.6596 0.6635
15.275840 0.6666 0.6705 0.6738 0.6780 0.6784
15.309932 0.6804 0.6820 0.6820 0.6822 0.6830
15.344024 0.6830 0.6830 0.6830 0.6830 0.6831
##END=
