##TITLE=Di-dodecylamine hydrochloride
##JCAMP-DX=4.24
##DATA TYPE=INFRARED SPECTRUM
##CLASS=COBLENTZ III
##ORIGIN=BRITISH PETROLEUM CO. LTD., ENGLAND
##OWNER=Copyright (C) 1987 by the Coblentz Society
Collection (C) 2018 copyright by the U.S. Secretary of Commerce
on behalf of the United States of America. All rights reserved.
##DATE=1972/06/28
##NAMES=N,N-didodecylamine hydrochloride
##CAS REGISTRY NO=2486-85-3
##MOLFORM=C24 H52 Cl N
##SOURCE REFERENCE=COBLENTZ NO. 9379
##$NIST SOURCE=COBLENTZ
##$NIST IMAGE=cob9379
##SPECTROMETER/DATA SYSTEM=PERKIN-ELMER 157
##STATE=SOLID (KBr DISC, 0.9% WT.)
$$ HCl RUN IN KBr MAY CONTAIN SOME HBr
$$ REF. Can. J. Spec., 18,4,101, '73 C. S. DOUSE and P. B. TOOKE
##SAMPLING PROCEDURE=TRANSMISSION
##RESOLUTION=2
##DATA PROCESSING=DIGITIZED BY COBLENTZ SOCIETY (BATCH II) FROM HARD COPY
##XUNITS=1/CM
##YUNITS=TRANSMITTANCE
##XFACTOR=1.0
##YFACTOR=1
##FIRSTX=667
##LASTX=4000
##FIRSTY=1.0073
##MAXX=4000
##MINX=667
##MAXY=1.0073
##MINY=0.0303
##NPOINTS=3334
##XYDATA=(X++(Y..Y))
667.000000 1.0073 1.0056 1.0002 0.9963 0.9953
672.000000 0.9882 0.9843 0.9834 0.9832 0.9831
677.000000 0.9830 0.9800 0.9757 0.9709 0.9663
682.000000 0.9629 0.9582 0.9508 0.9451 0.9415
687.000000 0.9348 0.9288 0.9264 0.9252 0.9239
692.000000 0.9233 0.9228 0.9209 0.9157 0.9113
697.000000 0.9077 0.9006 0.8950 0.8890 0.8808
702.000000 0.8733 0.8656 0.8559 0.8455 0.8348
707.000000 0.8209 0.8088 0.7954 0.7811 0.7649
712.000000 0.7420 0.7033 0.6723 0.6296 0.5827
717.000000 0.5174 0.4879 0.4727 0.4657 0.4657
722.000000 0.4767 0.5006 0.5245 0.5482 0.5753
727.000000 0.5949 0.6119 0.6233 0.6326 0.6402
732.000000 0.6485 0.6568 0.6645 0.6713 0.6775
737.000000 0.6826 0.6881 0.6940 0.6989 0.7030
742.000000 0.7061 0.7088 0.7103 0.7112 0.7120
747.000000 0.7119 0.7122 0.7130 0.7142 0.7158
752.000000 0.7173 0.7195 0.7222 0.7252 0.7280
757.000000 0.7297 0.7303 0.7300 0.7289 0.7275
762.000000 0.7261 0.7252 0.7242 0.7239 0.7237
767.000000 0.7239 0.7242 0.7247 0.7253 0.7262
772.000000 0.7273 0.7284 0.7295 0.7306 0.7321
777.000000 0.7339 0.7363 0.7391 0.7421 0.7450
782.000000 0.7470 0.7483 0.7491 0.7498 0.7504
787.000000 0.7508 0.7510 0.7513 0.7516 0.7524
792.000000 0.7540 0.7555 0.7574 0.7593 0.7604
797.000000 0.7616 0.7620 0.7623 0.7625 0.7627
802.000000 0.7630 0.7631 0.7631 0.7631 0.7631
807.000000 0.7631 0.7638 0.7658 0.7678 0.7688
812.000000 0.7684 0.7709 0.7670 0.7673 0.7668
817.000000 0.7641 0.7607 0.7574 0.7546 0.7520
822.000000 0.7504 0.7492 0.7487 0.7484 0.7480
827.000000 0.7476 0.7473 0.7468 0.7464 0.7458
832.000000 0.7454 0.7455 0.7457 0.7458 0.7460
837.000000 0.7462 0.7463 0.7465 0.7467 0.7470
842.000000 0.7474 0.7478 0.7481 0.7483 0.7484
847.000000 0.7484 0.7485 0.7485 0.7485 0.7485
852.000000 0.7485 0.7481 0.7479 0.7476 0.7473
857.000000 0.7471 0.7464 0.7458 0.7452 0.7446
862.000000 0.7440 0.7433 0.7427 0.7420 0.7414
867.000000 0.7408 0.7401 0.7394 0.7390 0.7386
872.000000 0.7382 0.7378 0.7372 0.7367 0.7361
877.000000 0.7356 0.7350 0.7342 0.7334 0.7326
882.000000 0.7317 0.7309 0.7297 0.7281 0.7264
887.000000 0.7243 0.7242 0.7244 0.7251 0.7263
892.000000 0.7276 0.7297 0.7318 0.7326 0.7333
897.000000 0.7335 0.7336 0.7337 0.7337 0.7338
902.000000 0.7338 0.7339 0.7340 0.7340 0.7340
907.000000 0.7341 0.7341 0.7341 0.7341 0.7340
912.000000 0.7339 0.7338 0.7337 0.7338 0.7340
917.000000 0.7343 0.7346 0.7348 0.7348 0.7348
922.000000 0.7348 0.7349 0.7354 0.7358 0.7367
927.000000 0.7377 0.7386 0.7387 0.7389 0.7391
932.000000 0.7388 0.7383 0.7379 0.7374 0.7369
937.000000 0.7365 0.7361 0.7356 0.7351 0.7345
942.000000 0.7339 0.7335 0.7327 0.7320 0.7313
947.000000 0.7305 0.7298 0.7290 0.7279 0.7267
952.000000 0.7255 0.7236 0.7216 0.7196 0.7187
957.000000 0.7181 0.7176 0.7172 0.7172 0.7170
962.000000 0.7166 0.7161 0.7155 0.7149 0.7141
967.000000 0.7111 0.7074 0.7067 0.7060 0.7052
972.000000 0.7044 0.7035 0.7026 0.7017 0.7005
977.000000 0.6995 0.6983 0.6974 0.6965 0.6955
982.000000 0.6946 0.6936 0.6926 0.6917 0.6906
987.000000 0.6897 0.6887 0.6877 0.6862 0.6844
992.000000 0.6828 0.6810 0.6787 0.6762 0.6748
997.000000 0.6738 0.6732 0.6724 0.6717 0.6708
1002.000000 0.6695 0.6680 0.6665 0.6646 0.6627
1007.000000 0.6608 0.6584 0.6560 0.6535 0.6504
1012.000000 0.6475 0.6461 0.6453 0.6441 0.6427
1017.000000 0.6403 0.6376 0.6347 0.6316 0.6297
1022.000000 0.6280 0.6262 0.6245 0.6228 0.6210
1027.000000 0.6193 0.6178 0.6164 0.6149 0.6134
1032.000000 0.6122 0.6109 0.6078 0.6038 0.6003
1037.000000 0.5973 0.5948 0.5922 0.5895 0.5862
1042.000000 0.5820 0.5785 0.5755 0.5741 0.5740
1047.000000 0.5749 0.5757 0.5793 0.5820 0.5850
1052.000000 0.5883 0.5925 0.5982 0.6042 0.6089
1057.000000 0.6115 0.6142 0.6165 0.6188 0.6211
1062.000000 0.6233 0.6256 0.6280 0.6327 0.6372
1067.000000 0.6400 0.6410 0.6421 0.6430 0.6432
1072.000000 0.6434 0.6436 0.6438 0.6439 0.6441
1077.000000 0.6466 0.6496 0.6522 0.6546 0.6563
1082.000000 0.6579 0.6593 0.6600 0.6605 0.6608
1087.000000 0.6611 0.6613 0.6615 0.6617 0.6619
1092.000000 0.6622 0.6624 0.6625 0.6625 0.6625
1097.000000 0.6626 0.6626 0.6626 0.6623 0.6618
1102.000000 0.6614 0.6610 0.6602 0.6592 0.6581
1107.000000 0.6570 0.6559 0.6544 0.6531 0.6517
1112.000000 0.6496 0.6473 0.6468 0.6464 0.6460
1117.000000 0.6456 0.6454 0.6452 0.6450 0.6451
1122.000000 0.6456 0.6463 0.6480 0.6498 0.6516
1127.000000 0.6532 0.6536 0.6539 0.6542 0.6545
1132.000000 0.6548 0.6550 0.6552 0.6554 0.6555
1137.000000 0.6556 0.6556 0.6556 0.6557 0.6557
1142.000000 0.6557 0.6558 0.6558 0.6558 0.6559
1147.000000 0.6559 0.6559 0.6559 0.6559 0.6558
1152.000000 0.6568 0.6558 0.6558 0.6558 0.6558
1157.000000 0.6557 0.6556 0.6555 0.6555 0.6554
1162.000000 0.6553 0.6552 0.6551 0.6550 0.6550
1167.000000 0.6548 0.6547 0.6546 0.6544 0.6543
1172.000000 0.6542 0.6541 0.6540 0.6538 0.6537
1177.000000 0.6536 0.6535 0.6534 0.6534 0.6534
1182.000000 0.6534 0.6534 0.6534 0.6533 0.6533
1187.000000 0.6533 0.6533 0.6533 0.6533 0.6533
1192.000000 0.6532 0.6530 0.6527 0.6526 0.6524
1197.000000 0.6522 0.6519 0.6518 0.6515 0.6513
1202.000000 0.6511 0.6509 0.6506 0.6503 0.6500
1207.000000 0.6498 0.6495 0.6492 0.6490 0.6486
1212.000000 0.6484 0.6481 0.6475 0.6470 0.6464
1217.000000 0.6459 0.6454 0.6446 0.6437 0.6428
1222.000000 0.6420 0.6409 0.6395 0.6381 0.6366
1227.000000 0.6361 0.6359 0.6358 0.6356 0.6354
1232.000000 0.6353 0.6354 0.6355 0.6353 0.6346
1237.000000 0.6339 0.6331 0.6323 0.6315 0.6305
1242.000000 0.6291 0.6277 0.6263 0.6250 0.6236
1247.000000 0.6222 0.6207 0.6192 0.6176 0.6164
1252.000000 0.6160 0.6156 0.6153 0.6149 0.6145
1257.000000 0.6143 0.6142 0.6140 0.6139 0.6138
1262.000000 0.6136 0.6136 0.6135 0.6134 0.6133
1267.000000 0.6133 0.6133 0.6133 0.6133 0.6122
1272.000000 0.6109 0.6095 0.6081 0.6066 0.6051
1277.000000 0.6036 0.6020 0.6005 0.5991 0.5976
1282.000000 0.5961 0.5947 0.5933 0.5919 0.5908
1287.000000 0.5897 0.5887 0.5872 0.5857 0.5843
1292.000000 0.5827 0.5785 0.5742 0.5722 0.5720
1297.000000 0.5717 0.5715 0.5712 0.5710 0.5707
1302.000000 0.5706 0.5705 0.5704 0.5703 0.5702
1307.000000 0.5701 0.5700 0.5699 0.5699 0.5700
1312.000000 0.5700 0.5700 0.5701 0.5702 0.5702
1317.000000 0.5703 0.5703 0.5704 0.5704 0.5705
1322.000000 0.5705 0.5706 0.5706 0.5707 0.5707
1327.000000 0.5708 0.5706 0.5689 0.5666 0.5634
1332.000000 0.5597 0.5558 0.5516 0.5476 0.5439
1337.000000 0.5401 0.5365 0.5363 0.5361 0.5359
1342.000000 0.5356 0.5355 0.5354 0.5353 0.5352
1347.000000 0.5351 0.5351 0.5350 0.5349 0.5346
1352.000000 0.5345 0.5342 0.5339 0.5326 0.5310
1357.000000 0.5286 0.5236 0.5184 0.5138 0.5114
1362.000000 0.5094 0.5084 0.5076 0.5066 0.5053
1367.000000 0.4998 0.4842 0.4687 0.4531 0.4376
1372.000000 0.4234 0.4134 0.4069 0.4038 0.4036
1377.000000 0.4044 0.4210 0.4344 0.4477 0.4611
1382.000000 0.4744 0.4877 0.5004 0.5054 0.5068
1387.000000 0.5077 0.5085 0.5089 0.5088 0.5097
1392.000000 0.5077 0.5039 0.5000 0.4961 0.4922
1397.000000 0.4884 0.4845 0.4806 0.4767 0.4678
1402.000000 0.4585 0.4510 0.4488 0.4477 0.4466
1407.000000 0.4463 0.4462 0.4461 0.4462 0.4465
1412.000000 0.4467 0.4468 0.4468 0.4468 0.4467
1417.000000 0.4464 0.4456 0.4445 0.4426 0.4405
1422.000000 0.4384 0.4368 0.4353 0.4337 0.4250
1427.000000 0.4047 0.3962 0.3863 0.3797 0.3729
1432.000000 0.3659 0.3587 0.3386 0.3239 0.3180
1437.000000 0.3121 0.3059 0.2996 0.2927 0.2612
1442.000000 0.2297 0.2229 0.2166 0.2105 0.2045
1447.000000 0.1999 0.1955 0.1911 0.1852 0.1785
1452.000000 0.1696 0.1565 0.1491 0.1429 0.1374
1457.000000 0.1324 0.1308 0.1303 0.1298 0.1295
1462.000000 0.1290 0.1285 0.1307 0.1402 0.1508
1467.000000 0.1279 0.1719 0.1824 0.1929 0.2034
1472.000000 0.2139 0.2244 0.2347 0.2399 0.2439
1477.000000 0.2469 0.2503 0.2544 0.2606 0.2671
1482.000000 0.2737 0.2866 0.3008 0.3305 0.3644
1487.000000 0.3925 0.4088 0.4184 0.4215 0.4246
1492.000000 0.4276 0.4301 0.4323 0.4345 0.4367
1497.000000 0.4386 0.4402 0.4418 0.4438 0.4555
1502.000000 0.4687 0.4698 0.4703 0.4705 0.4707
1507.000000 0.4711 0.4712 0.4713 0.4714 0.4714
1512.000000 0.4715 0.4715 0.4716 0.4716 0.4717
1517.000000 0.4717 0.4718 0.4718 0.4719 0.4719
1522.000000 0.4719 0.4720 0.4720 0.4720 0.4720
1527.000000 0.4720 0.4721 0.4721 0.4721 0.4737
1532.000000 0.4722 0.4722 0.4722 0.4722 0.4722
1537.000000 0.4722 0.4722 0.4722 0.4722 0.4722
1542.000000 0.4722 0.4722 0.4722 0.4722 0.4722
1547.000000 0.4720 0.4716 0.4713 0.4710 0.4707
1552.000000 0.4700 0.4683 0.4667 0.4650 0.4634
1557.000000 0.4619 0.4605 0.4596 0.4588 0.4582
1562.000000 0.4580 0.4577 0.4574 0.4571 0.4549
1567.000000 0.4521 0.4492 0.4454 0.4401 0.4356
1572.000000 0.4319 0.4280 0.4238 0.4205 0.4176
1577.000000 0.4150 0.4124 0.4102 0.4082 0.4061
1582.000000 0.4041 0.4025 0.4012 0.4000 0.3988
1587.000000 0.3977 0.3972 0.3971 0.3971 0.3972
1592.000000 0.3972 0.3974 0.3981 0.3980 0.3987
1597.000000 0.3997 0.4008 0.4020 0.4044 0.4081
1602.000000 0.4129 0.4233 0.4349 0.4395 0.4436
1607.000000 0.4485 0.4544 0.4593 0.4619 0.4639
1612.000000 0.4658 0.4678 0.4694 0.4707 0.4718
1617.000000 0.4732 0.4756 0.4799 0.4829 0.4843
1622.000000 0.4850 0.4854 0.4858 0.4863 0.4866
1627.000000 0.4869 0.4870 0.4871 0.4872 0.4873
1632.000000 0.4874 0.4875 0.4875 0.4878 0.4882
1637.000000 0.4886 0.4892 0.4900 0.4910 0.4919
1642.000000 0.4928 0.4937 0.4947 0.4956 0.4964
1647.000000 0.4972 0.4981 0.4982 0.4983 0.4984
1652.000000 0.4984 0.4985 0.4985 0.4986 0.4987
1657.000000 0.4987 0.4988 0.4989 0.4989 0.4989
1662.000000 0.4988 0.4988 0.4988 0.4987 0.4987
1667.000000 0.4987 0.4987 0.4986 0.4986 0.4986
1672.000000 0.4986 0.4985 0.4985 0.4984 0.4983
1677.000000 0.4981 0.4978 0.4975 0.4974 0.4971
1682.000000 0.4968 0.4966 0.4964 0.4962 0.4959
1687.000000 0.4957 0.4955 0.4952 0.4950 0.4948
1692.000000 0.4948 0.4947 0.4946 0.4945 0.4945
1697.000000 0.4944 0.4944 0.4943 0.4942 0.4942
1702.000000 0.4943 0.4945 0.4945 0.4947 0.4948
1707.000000 0.4949 0.4951 0.4952 0.4954 0.4955
1712.000000 0.4958 0.4960 0.4963 0.4965 0.4968
1717.000000 0.4969 0.4972 0.4974 0.4979 0.4984
1722.000000 0.4989 0.4995 0.5000 0.5008 0.5019
1727.000000 0.5029 0.5038 0.5044 0.5047 0.5050
1732.000000 0.5054 0.5056 0.5057 0.5057 0.5057
1737.000000 0.5058 0.5059 0.5060 0.5061 0.5061
1742.000000 0.5061 0.5062 0.5062 0.5063 0.5063
1747.000000 0.5063 0.5064 0.5064 0.5064 0.5072
1752.000000 0.5065 0.5065 0.5065 0.5066 0.5066
1757.000000 0.5067 0.5067 0.5067 0.5067 0.5067
1762.000000 0.5067 0.5067 0.5068 0.5068 0.5068
1767.000000 0.5068 0.5068 0.5068 0.5069 0.5069
1772.000000 0.5069 0.5069 0.5069 0.5069 0.5069
1777.000000 0.5067 0.5064 0.5061 0.5057 0.5054
1782.000000 0.5051 0.5048 0.5041 0.5033 0.5025
1787.000000 0.5017 0.5010 0.5006 0.5003 0.5001
1792.000000 0.4999 0.4996 0.4994 0.4992 0.4990
1797.000000 0.4990 0.4988 0.4987 0.4986 0.4985
1802.000000 0.4984 0.4983 0.4981 0.4981 0.4980
1807.000000 0.4977 0.4973 0.4968 0.4963 0.4958
1812.000000 0.4954 0.4949 0.4945 0.4943 0.4940
1817.000000 0.4938 0.4936 0.4934 0.4931 0.4929
1822.000000 0.4927 0.4925 0.4923 0.4921 0.4920
1827.000000 0.4919 0.4918 0.4916 0.4916 0.4914
1832.000000 0.4913 0.4912 0.4911 0.4909 0.4908
1837.000000 0.4907 0.4906 0.4905 0.4904 0.4902
1842.000000 0.4902 0.4900 0.4899 0.4898 0.4897
1847.000000 0.4896 0.4894 0.4894 0.4892 0.4891
1852.000000 0.4890 0.4889 0.4888 0.4887 0.4885
1857.000000 0.4884 0.4883 0.4882 0.4881 0.4880
1862.000000 0.4879 0.4879 0.4879 0.4878 0.4877
1867.000000 0.4877 0.4876 0.4876 0.4875 0.4875
1872.000000 0.4874 0.4874 0.4874 0.4873 0.4872
1877.000000 0.4871 0.4871 0.4871 0.4870 0.4870
1882.000000 0.4869 0.4868 0.4868 0.4868 0.4868
1887.000000 0.4869 0.4869 0.4869 0.4870 0.4870
1892.000000 0.4870 0.4870 0.4871 0.4871 0.4871
1897.000000 0.4872 0.4872 0.4872 0.4873 0.4873
1902.000000 0.4873 0.4874 0.4874 0.4874 0.4875
1907.000000 0.4875 0.4875 0.4875 0.4874 0.4874
1912.000000 0.4873 0.4873 0.4873 0.4872 0.4871
1917.000000 0.4871 0.4871 0.4870 0.4870 0.4869
1922.000000 0.4869 0.4869 0.4868 0.4867 0.4867
1927.000000 0.4867 0.4866 0.4866 0.4865 0.4865
1932.000000 0.4864 0.4864 0.4863 0.4862 0.4862
1937.000000 0.4861 0.4860 0.4859 0.4858 0.4857
1942.000000 0.4857 0.4856 0.4856 0.4854 0.4853
1947.000000 0.4853 0.4852 0.4851 0.4851 0.4849
1952.000000 0.4848 0.4848 0.4847 0.4846 0.4846
1957.000000 0.4844 0.4843 0.4843 0.4843 0.4842
1962.000000 0.4842 0.4841 0.4840 0.4840 0.4839
1967.000000 0.4839 0.4839 0.4838 0.4838 0.4837
1972.000000 0.4836 0.4834 0.4831 0.4827 0.4824
1977.000000 0.4820 0.4817 0.4813 0.4810 0.4806
1982.000000 0.4803 0.4799 0.4796 0.4792 0.4787
1987.000000 0.4784 0.4780 0.4776 0.4774 0.4772
1992.000000 0.4771 0.4769 0.4767 0.4765 0.4764
1997.000000 0.4762 0.4760 0.4759 0.4758 0.4756
2002.000000 0.4754 0.4753 0.4752 0.4750 0.4749
2007.000000 0.4748 0.4747 0.4745 0.4744 0.4743
2012.000000 0.4742 0.4740 0.4739 0.4738 0.4737
2017.000000 0.4735 0.4734 0.4733 0.4732 0.4731
2022.000000 0.4729 0.4728 0.4727 0.4726 0.4724
2027.000000 0.4723 0.4722 0.4721 0.4720 0.4718
2032.000000 0.4717 0.4716 0.4715 0.4714 0.4712
2037.000000 0.4711 0.4710 0.4709 0.4707 0.4706
2042.000000 0.4705 0.4704 0.4703 0.4702 0.4701
2047.000000 0.4700 0.4699 0.4698 0.4697 0.4695
2052.000000 0.4694 0.4693 0.4692 0.4691 0.4690
2057.000000 0.4689 0.4688 0.4687 0.4686 0.4685
2062.000000 0.4683 0.4682 0.4681 0.4680 0.4679
2067.000000 0.4678 0.4677 0.4676 0.4675 0.4674
2072.000000 0.4673 0.4671 0.4670 0.4669 0.4668
2077.000000 0.4667 0.4666 0.4665 0.4663 0.4663
2082.000000 0.4662 0.4661 0.4660 0.4659 0.4657
2087.000000 0.4656 0.4655 0.4654 0.4653 0.4652
2092.000000 0.4651 0.4649 0.4648 0.4648 0.4647
2097.000000 0.4646 0.4645 0.4644 0.4642 0.4641
2102.000000 0.4640 0.4639 0.4638 0.4637 0.4636
2107.000000 0.4635 0.4633 0.4632 0.4630 0.4629
2112.000000 0.4628 0.4627 0.4625 0.4624 0.4622
2117.000000 0.4621 0.4620 0.4619 0.4617 0.4616
2122.000000 0.4615 0.4614 0.4613 0.4611 0.4609
2127.000000 0.4608 0.4607 0.4605 0.4604 0.4603
2132.000000 0.4602 0.4601 0.4599 0.4597 0.4596
2137.000000 0.4594 0.4592 0.4590 0.4588 0.4586
2142.000000 0.4584 0.4582 0.4581 0.4579 0.4576
2147.000000 0.4575 0.4573 0.4571 0.4570 0.4568
2152.000000 0.4567 0.4566 0.4565 0.4565 0.4564
2157.000000 0.4563 0.4561 0.4560 0.4559 0.4557
2162.000000 0.4555 0.4553 0.4551 0.4549 0.4547
2167.000000 0.4546 0.4544 0.4541 0.4537 0.4533
2172.000000 0.4530 0.4526 0.4522 0.4518 0.4515
2177.000000 0.4512 0.4508 0.4505 0.4501 0.4497
2182.000000 0.4495 0.4494 0.4493 0.4492 0.4491
2187.000000 0.4490 0.4489 0.4488 0.4487 0.4486
2192.000000 0.4485 0.4485 0.4485 0.4486 0.4486
2197.000000 0.4487 0.4487 0.4488 0.4488 0.4488
2202.000000 0.4488 0.4488 0.4488 0.4489 0.4489
2207.000000 0.4489 0.4489 0.4489 0.4489 0.4488
2212.000000 0.4488 0.4488 0.4488 0.4487 0.4487
2217.000000 0.4486 0.4486 0.4486 0.4486 0.4485
2222.000000 0.4485 0.4484 0.4484 0.4484 0.4484
2227.000000 0.4483 0.4483 0.4482 0.4482 0.4480
2232.000000 0.4478 0.4475 0.4473 0.4470 0.4468
2237.000000 0.4465 0.4462 0.4459 0.4457 0.4454
2242.000000 0.4452 0.4448 0.4443 0.4437 0.4431
2247.000000 0.4425 0.4419 0.4412 0.4406 0.4402
2252.000000 0.4398 0.4395 0.4392 0.4389 0.4386
2257.000000 0.4383 0.4381 0.4378 0.4375 0.4373
2262.000000 0.4371 0.4370 0.4369 0.4368 0.4366
2267.000000 0.4365 0.4364 0.4363 0.4361 0.4360
2272.000000 0.4359 0.4357 0.4356 0.4355 0.4354
2277.000000 0.4352 0.4351 0.4349 0.4348 0.4347
2282.000000 0.4345 0.4343 0.4340 0.4338 0.4336
2287.000000 0.4334 0.4331 0.4327 0.4323 0.4319
2292.000000 0.4315 0.4311 0.4307 0.4303 0.4299
2297.000000 0.4296 0.4292 0.4288 0.4284 0.4280
2302.000000 0.4277 0.4273 0.4269 0.4265 0.4262
2307.000000 0.4258 0.4254 0.4250 0.4245 0.4240
2312.000000 0.4235 0.4230 0.4224 0.4218 0.4212
2317.000000 0.4205 0.4194 0.4184 0.4173 0.4163
2322.000000 0.4153 0.4142 0.4131 0.4120 0.4109
2327.000000 0.4098 0.4087 0.4076 0.4064 0.4052
2332.000000 0.4039 0.4025 0.4010 0.3996 0.3981
2337.000000 0.3967 0.3952 0.3938 0.3925 0.3911
2342.000000 0.3897 0.3884 0.3869 0.3855 0.3838
2347.000000 0.3821 0.3804 0.3787 0.3770 0.3753
2352.000000 0.3736 0.3718 0.3701 0.3684 0.3667
2357.000000 0.3650 0.3633 0.3617 0.3603 0.3589
2362.000000 0.3575 0.3561 0.3551 0.3541 0.3533
2367.000000 0.3526 0.3518 0.3511 0.3503 0.3494
2372.000000 0.3485 0.3476 0.3468 0.3459 0.3450
2377.000000 0.3441 0.3433 0.3424 0.3415 0.3406
2382.000000 0.3397 0.3388 0.3378 0.3368 0.3355
2387.000000 0.3341 0.3325 0.3305 0.3286 0.3266
2392.000000 0.3245 0.3227 0.3209 0.3189 0.3164
2397.000000 0.3140 0.3111 0.3083 0.3068 0.3056
2402.000000 0.3044 0.3032 0.3021 0.3009 0.2997
2407.000000 0.2988 0.2979 0.2970 0.2962 0.2954
2412.000000 0.2945 0.2937 0.2928 0.2920 0.2915
2417.000000 0.2912 0.2909 0.2906 0.2903 0.2900
2422.000000 0.2897 0.2895 0.2893 0.2891 0.2891
2427.000000 0.2891 0.2890 0.2890 0.2890 0.2890
2432.000000 0.2889 0.2889 0.2889 0.2889 0.2889
2437.000000 0.2889 0.2889 0.2889 0.2889 0.2889
2442.000000 0.2890 0.2890 0.2890 0.2890 0.2890
2447.000000 0.2890 0.2890 0.2891 0.2891 0.2891
2452.000000 0.2891 0.2891 0.2892 0.2892 0.2892
2457.000000 0.2892 0.2892 0.2893 0.2893 0.2893
2462.000000 0.2893 0.2893 0.2893 0.2893 0.2893
2467.000000 0.2893 0.2893 0.2893 0.2893 0.2891
2472.000000 0.2894 0.2893 0.2893 0.2892 0.2890
2477.000000 0.2889 0.2887 0.2886 0.2885 0.2883
2482.000000 0.2882 0.2880 0.2879 0.2878 0.2874
2487.000000 0.2871 0.2867 0.2863 0.2860 0.2856
2492.000000 0.2852 0.2847 0.2843 0.2839 0.2834
2497.000000 0.2829 0.2824 0.2820 0.2816 0.2811
2502.000000 0.2806 0.2801 0.2796 0.2791 0.2786
2507.000000 0.2781 0.2776 0.2771 0.2767 0.2762
2512.000000 0.2757 0.2753 0.2751 0.2748 0.2745
2517.000000 0.2742 0.2739 0.2737 0.2734 0.2731
2522.000000 0.2728 0.2726 0.2722 0.2719 0.2716
2527.000000 0.2714 0.2711 0.2709 0.2706 0.2705
2532.000000 0.2703 0.2701 0.2700 0.2698 0.2697
2537.000000 0.2695 0.2694 0.2692 0.2691 0.2689
2542.000000 0.2687 0.2686 0.2684 0.2683 0.2681
2547.000000 0.2681 0.2680 0.2679 0.2678 0.2677
2552.000000 0.2675 0.2674 0.2673 0.2672 0.2672
2557.000000 0.2671 0.2669 0.2668 0.2668 0.2667
2562.000000 0.2666 0.2664 0.2663 0.2660 0.2658
2567.000000 0.2655 0.2651 0.2647 0.2642 0.2637
2572.000000 0.2632 0.2626 0.2620 0.2614 0.2608
2577.000000 0.2602 0.2596 0.2590 0.2583 0.2577
2582.000000 0.2571 0.2564 0.2558 0.2552 0.2545
2587.000000 0.2537 0.2528 0.2520 0.2512 0.2504
2592.000000 0.2495 0.2487 0.2477 0.2468 0.2458
2597.000000 0.2446 0.2433 0.2421 0.2410 0.2399
2602.000000 0.2393 0.2391 0.2388 0.2385 0.2383
2607.000000 0.2379 0.2364 0.2350 0.2337 0.2327
2612.000000 0.2317 0.2307 0.2298 0.2288 0.2280
2617.000000 0.2271 0.2263 0.2254 0.2246 0.2238
2622.000000 0.2229 0.2221 0.2212 0.2202 0.2192
2627.000000 0.2183 0.2173 0.2164 0.2154 0.2144
2632.000000 0.2133 0.2119 0.2104 0.2087 0.2068
2637.000000 0.2049 0.2030 0.2011 0.1991 0.1960
2642.000000 0.1929 0.1899 0.1872 0.1844 0.1819
2647.000000 0.1795 0.1771 0.1749 0.1729 0.1709
2652.000000 0.1696 0.1685 0.1674 0.1663 0.1652
2657.000000 0.1641 0.1630 0.1619 0.1608 0.1598
2662.000000 0.1588 0.1578 0.1569 0.1560 0.1551
2667.000000 0.1541 0.1532 0.1523 0.1514 0.1505
2672.000000 0.1497 0.1488 0.1480 0.1474 0.1468
2677.000000 0.1464 0.1462 0.1460 0.1459 0.1458
2682.000000 0.1457 0.1447 0.1432 0.1416 0.1379
2687.000000 0.1334 0.1289 0.1261 0.1236 0.1211
2692.000000 0.1189 0.1166 0.1144 0.1124 0.1104
2697.000000 0.1084 0.1066 0.1048 0.1030 0.1016
2702.000000 0.1001 0.0987 0.0975 0.0962 0.0950
2707.000000 0.0938 0.0925 0.0913 0.0901 0.0889
2712.000000 0.0877 0.0866 0.0855 0.0845 0.0835
2717.000000 0.0825 0.0815 0.0805 0.0795 0.0785
2722.000000 0.0775 0.0766 0.0758 0.0751 0.0744
2727.000000 0.0738 0.0732 0.0725 0.0719 0.0713
2732.000000 0.0707 0.0701 0.0694 0.0688 0.0682
2737.000000 0.0675 0.0669 0.0663 0.0657 0.0652
2742.000000 0.0647 0.0642 0.0637 0.0632 0.0627
2747.000000 0.0622 0.0617 0.0611 0.0606 0.0602
2752.000000 0.0599 0.0596 0.0594 0.0591 0.0588
2757.000000 0.0586 0.0584 0.0581 0.0579 0.0577
2762.000000 0.0574 0.0572 0.0570 0.0568 0.0566
2767.000000 0.0565 0.0563 0.0562 0.0561 0.0559
2772.000000 0.0558 0.0557 0.0555 0.0554 0.0554
2777.000000 0.0553 0.0552 0.0551 0.0550 0.0549
2782.000000 0.0549 0.0548 0.0547 0.0547 0.0546
2787.000000 0.0546 0.0545 0.0544 0.0544 0.0543
2792.000000 0.0542 0.0541 0.0540 0.0539 0.0538
2797.000000 0.0537 0.0536 0.0536 0.0535 0.0534
2802.000000 0.0533 0.0532 0.0532 0.0531 0.0530
2807.000000 0.0530 0.0529 0.0528 0.0528 0.0527
2812.000000 0.0527 0.0524 0.0521 0.0517 0.0513
2817.000000 0.0509 0.0505 0.0500 0.0496 0.0492
2822.000000 0.0488 0.0484 0.0479 0.0475 0.0470
2827.000000 0.0466 0.0462 0.0457 0.0453 0.0449
2832.000000 0.0444 0.0440 0.0436 0.0431 0.0427
2837.000000 0.0423 0.0419 0.0415 0.0410 0.0406
2842.000000 0.0406 0.0405 0.0405 0.0406 0.0407
2847.000000 0.0408 0.0409 0.0410 0.0411 0.0412
2852.000000 0.0413 0.0414 0.0415 0.0416 0.0417
2857.000000 0.0418 0.0419 0.0420 0.0420 0.0421
2862.000000 0.0421 0.0422 0.0423 0.0423 0.0423
2867.000000 0.0422 0.0419 0.0416 0.0413 0.0408
2872.000000 0.0402 0.0396 0.0390 0.0383 0.0376
2877.000000 0.0370 0.0364 0.0358 0.0352 0.0347
2882.000000 0.0343 0.0339 0.0335 0.0331 0.0328
2887.000000 0.0324 0.0322 0.0319 0.0317 0.0315
2892.000000 0.0312 0.0310 0.0308 0.0307 0.0306
2897.000000 0.0305 0.0305 0.0305 0.0305 0.0304
2902.000000 0.0304 0.0304 0.0303 0.0303 0.0303
2907.000000 0.0303 0.0303 0.0303 0.0303 0.0303
2912.000000 0.0303 0.0303 0.0310 0.0303 0.0303
2917.000000 0.0303 0.0304 0.0304 0.0304 0.0305
2922.000000 0.0305 0.0306 0.0307 0.0307 0.0308
2927.000000 0.0308 0.0309 0.0309 0.0310 0.0311
2932.000000 0.0311 0.0312 0.0312 0.0313 0.0314
2937.000000 0.0314 0.0315 0.0316 0.0316 0.0317
2942.000000 0.0318 0.0320 0.0321 0.0322 0.0325
2947.000000 0.0328 0.0330 0.0333 0.0335 0.0338
2952.000000 0.0341 0.0343 0.0346 0.0348 0.0352
2957.000000 0.0355 0.0359 0.0362 0.0367 0.0372
2962.000000 0.0376 0.0384 0.0391 0.0399 0.0407
2967.000000 0.0414 0.0422 0.0430 0.0437 0.0445
2972.000000 0.0453 0.0461 0.0473 0.0484 0.0495
2977.000000 0.0517 0.0541 0.0566 0.0587 0.0600
2982.000000 0.0613 0.0626 0.0634 0.0641 0.0647
2987.000000 0.0653 0.0656 0.0660 0.0663 0.0666
2992.000000 0.0669 0.0672 0.0674 0.0677 0.0679
2997.000000 0.0682 0.0685 0.0687 0.0690 0.0693
3002.000000 0.0698 0.0703 0.0708 0.0713 0.0718
3007.000000 0.0723 0.0728 0.0749 0.0781 0.0814
3012.000000 0.0846 0.0853 0.0859 0.0865 0.0870
3017.000000 0.0876 0.0881 0.0887 0.0893 0.0899
3022.000000 0.0905 0.0912 0.0918 0.0925 0.0931
3027.000000 0.0939 0.0950 0.0961 0.0972 0.0987
3032.000000 0.1003 0.1019 0.1035 0.1063 0.1091
3037.000000 0.1119 0.1141 0.1151 0.1161 0.1172
3042.000000 0.1180 0.1187 0.1194 0.1201 0.1206
3047.000000 0.1210 0.1214 0.1218 0.1221 0.1223
3052.000000 0.1226 0.1229 0.1231 0.1234 0.1236
3057.000000 0.1238 0.1241 0.1243 0.1246 0.1249
3062.000000 0.1253 0.1256 0.1270 0.1312 0.1354
3067.000000 0.1396 0.1419 0.1423 0.1427 0.1431
3072.000000 0.1435 0.1439 0.1442 0.1445 0.1447
3077.000000 0.1448 0.1449 0.1451 0.1452 0.1453
3082.000000 0.1454 0.1455 0.1456 0.1458 0.1459
3087.000000 0.1462 0.1467 0.1472 0.1476 0.1481
3092.000000 0.1486 0.1491 0.1496 0.1501 0.1506
3097.000000 0.1511 0.1516 0.1521 0.1525 0.1530
3102.000000 0.1535 0.1539 0.1543 0.1547 0.1551
3107.000000 0.1555 0.1558 0.1562 0.1565 0.1569
3112.000000 0.1572 0.1575 0.1578 0.1581 0.1583
3117.000000 0.1586 0.1587 0.1587 0.1588 0.1588
3122.000000 0.1589 0.1589 0.1589 0.1590 0.1590
3127.000000 0.1590 0.1590 0.1591 0.1591 0.1591
3132.000000 0.1591 0.1592 0.1592 0.1592 0.1592
3137.000000 0.1593 0.1593 0.1593 0.1593 0.1594
3142.000000 0.1596 0.1598 0.1599 0.1601 0.1604
3147.000000 0.1606 0.1609 0.1612 0.1615 0.1618
3152.000000 0.1622 0.1625 0.1628 0.1632 0.1636
3157.000000 0.1639 0.1643 0.1646 0.1650 0.1653
3162.000000 0.1658 0.1662 0.1666 0.1670 0.1675
3167.000000 0.1679 0.1683 0.1687 0.1691 0.1695
3172.000000 0.1698 0.1702 0.1705 0.1709 0.1712
3177.000000 0.1716 0.1719 0.1723 0.1726 0.1729
3182.000000 0.1730 0.1731 0.1733 0.1734 0.1735
3187.000000 0.1736 0.1738 0.1739 0.1740 0.1741
3192.000000 0.1742 0.1744 0.1744 0.1744 0.1744
3197.000000 0.1745 0.1745 0.1745 0.1745 0.1745
3202.000000 0.1745 0.1745 0.1745 0.1745 0.1746
3207.000000 0.1746 0.1746 0.1746 0.1746 0.1746
3212.000000 0.1746 0.1746 0.1745 0.1745 0.1745
3217.000000 0.1745 0.1745 0.1745 0.1745 0.1745
3222.000000 0.1744 0.1744 0.1744 0.1744 0.1744
3227.000000 0.1744 0.1744 0.1744 0.1743 0.1743
3232.000000 0.1743 0.1743 0.1743 0.1742 0.1742
3237.000000 0.1742 0.1742 0.1741 0.1741 0.1741
3242.000000 0.1741 0.1740 0.1740 0.1740 0.1740
3247.000000 0.1739 0.1739 0.1738 0.1737 0.1736
3252.000000 0.1736 0.1735 0.1734 0.1734 0.1733
3257.000000 0.1733 0.1732 0.1732 0.1731 0.1730
3262.000000 0.1730 0.1729 0.1728 0.1728 0.1727
3267.000000 0.1726 0.1725 0.1725 0.1724 0.1723
3272.000000 0.1722 0.1721 0.1720 0.1719 0.1718
3277.000000 0.1717 0.1716 0.1716 0.1715 0.1714
3282.000000 0.1713 0.1712 0.1712 0.1711 0.1710
3287.000000 0.1709 0.1708 0.1707 0.1706 0.1705
3292.000000 0.1704 0.1703 0.1702 0.1701 0.1700
3297.000000 0.1700 0.1699 0.1698 0.1697 0.1696
3302.000000 0.1695 0.1694 0.1693 0.1692 0.1691
3307.000000 0.1690 0.1689 0.1689 0.1688 0.1687
3312.000000 0.1686 0.1685 0.1683 0.1682 0.1681
3317.000000 0.1680 0.1679 0.1678 0.1678 0.1677
3322.000000 0.1677 0.1676 0.1676 0.1675 0.1675
3327.000000 0.1674 0.1674 0.1673 0.1673 0.1673
3332.000000 0.1673 0.1673 0.1672 0.1672 0.1671
3337.000000 0.1671 0.1670 0.1670 0.1670 0.1670
3342.000000 0.1670 0.1669 0.1669 0.1668 0.1668
3347.000000 0.1667 0.1667 0.1667 0.1667 0.1667
3352.000000 0.1666 0.1666 0.1665 0.1665 0.1664
3357.000000 0.1664 0.1663 0.1663 0.1663 0.1662
3362.000000 0.1662 0.1661 0.1661 0.1660 0.1660
3367.000000 0.1660 0.1660 0.1660 0.1659 0.1659
3372.000000 0.1658 0.1658 0.1657 0.1657 0.1657
3377.000000 0.1656 0.1656 0.1655 0.1654 0.1654
3382.000000 0.1653 0.1652 0.1652 0.1651 0.1650
3387.000000 0.1649 0.1648 0.1647 0.1646 0.1645
3392.000000 0.1645 0.1644 0.1643 0.1643 0.1642
3397.000000 0.1641 0.1641 0.1640 0.1639 0.1639
3402.000000 0.1638 0.1638 0.1637 0.1637 0.1636
3407.000000 0.1636 0.1636 0.1636 0.1636 0.1636
3412.000000 0.1637 0.1638 0.1638 0.1639 0.1640
3417.000000 0.1641 0.1642 0.1643 0.1638 0.1644
3422.000000 0.1645 0.1646 0.1647 0.1648 0.1649
3427.000000 0.1649 0.1650 0.1651 0.1652 0.1654
3432.000000 0.1655 0.1656 0.1657 0.1659 0.1660
3437.000000 0.1662 0.1663 0.1665 0.1667 0.1668
3442.000000 0.1670 0.1672 0.1673 0.1675 0.1677
3447.000000 0.1678 0.1680 0.1682 0.1684 0.1686
3452.000000 0.1688 0.1690 0.1693 0.1695 0.1698
3457.000000 0.1700 0.1703 0.1705 0.1708 0.1710
3462.000000 0.1713 0.1715 0.1718 0.1720 0.1722
3467.000000 0.1725 0.1726 0.1728 0.1729 0.1731
3472.000000 0.1732 0.1734 0.1735 0.1737 0.1739
3477.000000 0.1740 0.1741 0.1743 0.1744 0.1745
3482.000000 0.1746 0.1746 0.1746 0.1746 0.1746
3487.000000 0.1747 0.1747 0.1747 0.1748 0.1748
3492.000000 0.1749 0.1749 0.1749 0.1749 0.1749
3497.000000 0.1750 0.1750 0.1751 0.1751 0.1751
3502.000000 0.1752 0.1752 0.1752 0.1752 0.1752
3507.000000 0.1753 0.1753 0.1753 0.1753 0.1753
3512.000000 0.1753 0.1753 0.1753 0.1753 0.1753
3517.000000 0.1753 0.1753 0.1753 0.1753 0.1753
3522.000000 0.1754 0.1754 0.1754 0.1754 0.1754
3527.000000 0.1754 0.1754 0.1754 0.1754 0.1754
3532.000000 0.1754 0.1754 0.1754 0.1754 0.1754
3537.000000 0.1754 0.1754 0.1754 0.1754 0.1754
3542.000000 0.1754 0.1754 0.1754 0.1754 0.1754
3547.000000 0.1754 0.1754 0.1754 0.1754 0.1754
3552.000000 0.1754 0.1754 0.1754 0.1754 0.1754
3557.000000 0.1754 0.1754 0.1754 0.1754 0.1754
3562.000000 0.1753 0.1753 0.1753 0.1753 0.1753
3567.000000 0.1753 0.1753 0.1753 0.1753 0.1753
3572.000000 0.1753 0.1753 0.1753 0.1753 0.1753
3577.000000 0.1753 0.1753 0.1753 0.1753 0.1753
3582.000000 0.1752 0.1752 0.1752 0.1752 0.1752
3587.000000 0.1752 0.1752 0.1752 0.1752 0.1752
3592.000000 0.1752 0.1752 0.1752 0.1752 0.1752
3597.000000 0.1752 0.1761 0.1751 0.1751 0.1751
3602.000000 0.1751 0.1750 0.1750 0.1749 0.1749
3607.000000 0.1749 0.1748 0.1748 0.1748 0.1748
3612.000000 0.1748 0.1747 0.1747 0.1747 0.1746
3617.000000 0.1746 0.1745 0.1745 0.1745 0.1745
3622.000000 0.1745 0.1745 0.1744 0.1744 0.1743
3627.000000 0.1743 0.1743 0.1742 0.1742 0.1742
3632.000000 0.1742 0.1742 0.1741 0.1741 0.1740
3637.000000 0.1739 0.1738 0.1738 0.1737 0.1736
3642.000000 0.1735 0.1734 0.1734 0.1733 0.1732
3647.000000 0.1731 0.1731 0.1730 0.1729 0.1728
3652.000000 0.1728 0.1727 0.1726 0.1725 0.1724
3657.000000 0.1722 0.1721 0.1719 0.1718 0.1716
3662.000000 0.1715 0.1714 0.1712 0.1711 0.1709
3667.000000 0.1708 0.1706 0.1705 0.1703 0.1702
3672.000000 0.1700 0.1699 0.1697 0.1696 0.1694
3677.000000 0.1693 0.1691 0.1689 0.1688 0.1686
3682.000000 0.1684 0.1683 0.1681 0.1680 0.1678
3687.000000 0.1677 0.1675 0.1674 0.1672 0.1670
3692.000000 0.1669 0.1667 0.1665 0.1664 0.1662
3697.000000 0.1661 0.1659 0.1658 0.1656 0.1655
3702.000000 0.1654 0.1652 0.1651 0.1650 0.1649
3707.000000 0.1648 0.1647 0.1646 0.1645 0.1644
3712.000000 0.1642 0.1641 0.1640 0.1639 0.1638
3717.000000 0.1637 0.1635 0.1634 0.1633 0.1632
3722.000000 0.1631 0.1630 0.1628 0.1627 0.1626
3727.000000 0.1626 0.1625 0.1624 0.1623 0.1623
3732.000000 0.1622 0.1621 0.1621 0.1620 0.1619
3737.000000 0.1618 0.1618 0.1617 0.1617 0.1616
3742.000000 0.1616 0.1615 0.1614 0.1614 0.1613
3747.000000 0.1612 0.1612 0.1611 0.1611 0.1610
3752.000000 0.1609 0.1609 0.1608 0.1608 0.1607
3757.000000 0.1606 0.1605 0.1605 0.1604 0.1604
3762.000000 0.1604 0.1603 0.1603 0.1603 0.1602
3767.000000 0.1602 0.1601 0.1601 0.1601 0.1600
3772.000000 0.1600 0.1600 0.1599 0.1599 0.1599
3777.000000 0.1598 0.1598 0.1598 0.1597 0.1597
3782.000000 0.1597 0.1596 0.1596 0.1596 0.1595
3787.000000 0.1595 0.1594 0.1594 0.1594 0.1593
3792.000000 0.1593 0.1593 0.1592 0.1592 0.1592
3797.000000 0.1591 0.1591 0.1591 0.1590 0.1590
3802.000000 0.1590 0.1590 0.1590 0.1590 0.1589
3807.000000 0.1589 0.1589 0.1588 0.1588 0.1587
3812.000000 0.1587 0.1587 0.1586 0.1586 0.1586
3817.000000 0.1585 0.1585 0.1585 0.1585 0.1585
3822.000000 0.1585 0.1584 0.1584 0.1584 0.1584
3827.000000 0.1584 0.1584 0.1583 0.1583 0.1583
3832.000000 0.1583 0.1583 0.1583 0.1582 0.1582
3837.000000 0.1582 0.1582 0.1582 0.1582 0.1581
3842.000000 0.1581 0.1581 0.1581 0.1581 0.1581
3847.000000 0.1580 0.1580 0.1580 0.1580 0.1580
3852.000000 0.1580 0.1579 0.1579 0.1579 0.1579
3857.000000 0.1579 0.1579 0.1578 0.1578 0.1578
3862.000000 0.1578 0.1578 0.1577 0.1577 0.1577
3867.000000 0.1577 0.1577 0.1577 0.1576 0.1576
3872.000000 0.1576 0.1576 0.1576 0.1576 0.1575
3877.000000 0.1575 0.1575 0.1575 0.1575 0.1575
3882.000000 0.1574 0.1574 0.1574 0.1574 0.1574
3887.000000 0.1574 0.1574 0.1574 0.1574 0.1574
3892.000000 0.1574 0.1574 0.1574 0.1574 0.1574
3897.000000 0.1574 0.1574 0.1574 0.1574 0.1573
3902.000000 0.1573 0.1573 0.1573 0.1573 0.1573
3907.000000 0.1573 0.1573 0.1573 0.1573 0.1573
3912.000000 0.1573 0.1573 0.1573 0.1573 0.1573
3917.000000 0.1573 0.1573 0.1572 0.1572 0.1572
3922.000000 0.1572 0.1572 0.1572 0.1572 0.1572
3927.000000 0.1572 0.1572 0.1572 0.1572 0.1572
3932.000000 0.1572 0.1572 0.1572 0.1572 0.1572
3937.000000 0.1572 0.1571 0.1571 0.1571 0.1571
3942.000000 0.1571 0.1571 0.1571 0.1571 0.1571
3947.000000 0.1571 0.1571 0.1571 0.1572 0.1572
3952.000000 0.1572 0.1572 0.1572 0.1572 0.1573
3957.000000 0.1573 0.1573 0.1573 0.1573 0.1573
3962.000000 0.1573 0.1573 0.1573 0.1573 0.1573
3967.000000 0.1573 0.1573 0.1574 0.1574 0.1574
3972.000000 0.1574 0.1574 0.1574 0.1575 0.1575
3977.000000 0.1575 0.1575 0.1575 0.1575 0.1576
3982.000000 0.1576 0.1576 0.1576 0.1576 0.1576
3987.000000 0.1576 0.1576 0.1576 0.1576 0.1576
3992.000000 0.1576 0.1576 0.1577 0.1577 0.1577
3997.000000 0.1577 0.1577 0.1577 0.1577
##END=
