##TITLE=9-Fluorenyl acetate
##JCAMP-DX=4.24
##DATA TYPE=INFRARED SPECTRUM
##ORIGIN=EPA-IR VAPOR PHASE LIBRARY
##OWNER=SRD/NIST
Collection (C) 2018 copyright by the U.S. Secretary of Commerce
on behalf of the United States of America. All rights reserved.
##CAS REGISTRY NO=25017-68-9
##MOLFORM=C 15 H 12 O 2
##$NIST SOURCE=MSDC-IR
##STATE=gas
##XUNITS=1/CM
##YUNITS=ABSORBANCE
##XFACTOR=1.
##YFACTOR=0.001
##DELTAX=3.85796
##FIRSTX=551.7
##LASTX=4000.7
##FIRSTY=8.87
##MAXX=4000.7
##MINX=551.688
##MAXY=0.3543
##MINY=0.000007117
##NPOINTS=895
##XYDATA=(X++(Y..Y))
551.688 8.87 5.17 3.27 2.38 2.12 2.1 2.18 2.53 2.86 3.1
590.268 3.1 2.98 3.33 3.81 4.2 4.48 5.69 8.59 11.09 11.99
628.847 10.52 8.12 7.39 7.37 7.14 6.19 5.01 4.4 4.49 4.69
667.427 4.41 3.75 3.34 3.11 3.13 3.15 3.19 3.15 3.28 3.37
706.006 3.79 4.67 7.66 13.08 22.56 34.94 51.12 74.16 103.72 126.46
744.586 108.92 78.76 63.8 53.89 39.31 24.72 14.33 7.7 5.57 4.33
783.165 3.75 3.16 3.06 3.02 3.12 3.22 3.25 2.9 2.54 2.19
821.745 2.14 2.48 3.06 3.69 4.36 5.3 6.53 7.53 7.8 7.33
860.324 6.57 6.23 6.53 6.83 6.78 6.34 5.62 4.94 4.83 5.1
898.904 5.69 6.5 7.65 9.31 11.47 13.74 14.85 13.81 11.6 9.67
937.484 8.68 8.68 8.93 9.08 9.24 9.72 11.06 13.42 16.76 20.91
976.063 25.66 29.81 32.14 32.82 33.43 36.58 43.44 53.43 64.76 75.76
1014.643 84.8 89.71 88.94 81.83 69.77 56.45 44.98 36.16 29.88 25.5
1053.222 22.31 20.25 19.28 18.9 18.72 18.37 17.68 16.99 16.38 16.25
1091.802 16.99 17.88 18.05 16.43 13.69 11.43 9.41 7.83 7.05 6.73
1130.381 6.66 6.71 6.92 7.99 10.23 12.63 13.94 13.44 12.17 11.82
1168.961 12.86 15.46 20.47 28.51 37.56 44.88 50.27 56.3 68.64 88.96
1207.540 114.19 143.32 179.27 226.49 283.26 335.49 354.3 320.59 244.2 157.58
1246.120 94.46 60.27 42.88 33.42 27.7 23.68 20.61 18.3 16.66 15.48
1284.699 14.49 13.55 12.81 12.64 13.65 16.2 19.36 21.27 20.77 17.73
1323.279 13.7 10.74 9.12 8.35 8.09 8.3 9.24 11.14 14.56 20.77
1361.859 31.39 45.45 57.16 60.01 51.93 38.23 26.31 18.67 14.3 11.86
1400.438 10.54 9.83 9.45 9.24 9.25 9.45 9.76 10.19 10.99 12.85
1439.018 17.37 25.81 37.38 47.17 48.4 39.96 26.49 15.24 11.19 10.77
1477.597 10.58 9.68 8.09 6.63 5.85 5.43 5.12 4.95 4.92 5.05
1516.177 5.2 5.21 5.06 4.86 4.67 4.46 4.19 3.98 3.87 3.87
1554.756 3.99 4.21 4.44 4.76 5.27 6.08 7.32 8.63 9.5 9.61
1593.336 9.33 9.27 9.71 10.49 11.05 10.82 9.55 7.7 5.93 4.72
1631.915 4.13 3.93 3.9 3.97 4.11 4.3 4.49 4.59 4.68 4.78
1670.495 5 5.42 6.02 6.7 7.42 8.14 8.91 9.71 10.61 11.7
1709.075 12.96 14.28 15.45 16.7 18.52 21.67 27.28 37.75 56.49 88.46
1747.654 130.26 170.67 182.8 156.71 119.16 90.42 74.5 65.98 56.98 46.43
1786.234 36.09 27.81 21.9 17.95 15.17 13.27 12.04 11.22 10.53 9.68
1824.813 8.64 7.6 6.74 6.05 5.48 5.03 4.65 4.36 4.11 3.87
1863.393 3.62 3.34 3.12 3.04 3.1 3.3 3.53 3.7 3.78 3.81
1901.972 3.99 4.36 4.67 4.69 4.39 3.94 3.66 3.71 4.25 5.33
1940.552 6.47 6.87 6.18 4.76 3.38 2.56 2.18 1.99 1.88 1.84
1979.131 1.81 1.78 1.74 1.65 1.54 1.44 1.35 1.28 1.23 1.17
2017.711 1.12 1.06 1.02 1.01 0.9884 0.9489 0.9396 0.8935 0.8279 0.7897
2056.291 0.7834 0.8114 0.8565 0.9 0.959 1.03 1.09 1.12 1.11 1.12
2094.870 1.1 1.04 0.9673 0.9228 0.8662 0.8345 0.8386 0.8457 0.9224 1.04
2133.450 1.11 1.23 1.37 1.45 1.52 1.55 1.48 1.34 1.23 1.2
2172.029 1.17 1.16 1.14 1.09 1.01 0.9076 0.8673 0.8432 0.8184 0.8117
2210.609 0.8065 0.8093 0.8157 0.834 0.8413 0.8273 0.7975 0.7666 0.7471 0.785
2249.188 0.8205 0.8489 0.8449 0.7391 0.641 0.5537 0.4549 0.4366 0.471 0.4558
2287.768 0.4888 0.5706 0.6597 0.7667 0.9159 1.07 1.13 1.08 0.9878 0.918
2326.347 0.8593 0.8147 0.8046 0.8112 0.8502 0.8806 0.8523 0.7784 0.697 0.6271
2364.927 0.5727 0.5272 0.5215 0.5237 0.5191 0.5284 0.5604 0.627 0.6742 0.7236
2403.507 0.7778 0.8131 0.827 0.8474 0.8696 0.8404 0.8525 0.908 0.9619 1.02
2442.086 1.06 1.1 1.1 1.05 1.02 0.9391 0.8328 0.7643 0.6975 0.6496
2480.666 0.6132 0.6036 0.5909 0.6202 0.6787 0.6631 0.679 0.7262 0.7074 0.6873
2519.245 0.6384 0.575 0.5414 0.5457 0.5633 0.5363 0.5036 0.4957 0.492 0.4729
2557.825 0.4581 0.3947 0.3402 0.3562 0.397 0.4262 0.4287 0.4521 0.5152 0.5877
2596.404 0.6424 0.7055 0.7047 0.702 0.7103 0.734 0.8174 0.8874 0.9284 0.8871
2634.984 0.7925 0.6975 0.5837 0.4632 0.3747 0.3541 0.3441 0.3032 0.3087 0.3682
2673.563 0.4058 0.4234 0.4211 0.3841 0.3505 0.3245 0.3717 0.4237 0.4106 0.4115
2712.143 0.4205 0.4606 0.4964 0.477 0.4706 0.5069 0.5097 0.4557 0.4129 0.347
2750.722 0.3147 0.3463 0.3791 0.3979 0.414 0.4318 0.4715 0.4968 0.4813 0.4833
2789.302 0.5174 0.557 0.5927 0.6412 0.6408 0.6286 0.6348 0.6043 0.6294 0.6492
2827.882 0.6385 0.6943 0.7396 0.7616 0.825 0.9125 0.9625 1.06 1.18 1.23
2866.461 1.31 1.5 1.72 2.04 2.42 2.73 2.85 2.73 2.52 2.39
2905.041 2.34 2.4 2.62 3.06 3.69 4.69 6.39 8.91 11.59 12.95
2943.620 11.96 9.31 6.88 5.4 4.46 3.86 3.51 3.36 3.35 3.44
2982.200 3.62 3.84 4.07 4.25 4.45 4.74 5.38 6.47 8.12 10.49
3020.779 13.7 17.58 21.28 23.74 24.77 25.41 26.64 28.09 29.1 30.04
3059.359 32.7 39.07 47.96 54.68 54.89 47.72 36.57 26.41 19.55 15.19
3097.938 12.08 9.44 7.01 5 3.53 2.64 2.22 1.93 1.73 1.61
3136.518 1.52 1.47 1.42 1.4 1.42 1.46 1.59 1.72 1.71 1.54
3175.098 1.35 1.14 0.8593 0.6637 0.477 0.3551 0.3971 0.4136 0.3607 0.3296
3213.677 0.2715 0.1766 0.1862 0.2321 0.2042 0.1825 0.1869 0.126 0.08463 0.1188
3252.257 0.1294 0.1555 0.1001 0.03695 0.03556 0.01403 0.03597 0.07567 0.08449 0.08122
3290.836 0.05912 0.08908 0.1395 0.1071 0.07515 0.09778 0.09577 0.07182 0.07571 0.06223
3329.416 0.03568 0.02834 0.04921 0.02611 0.02979 0.08317 0.0878 0.06735 0.07577 0.05511
3367.995 0.06272 0.1024 0.07245 0.02841 0.02853 0.08557 0.07933 0.1033 0.09809 0.007117
3406.575 0.03447 0.1077 0.1729 0.2062 0.1286 0.09237 0.1548 0.1449 0.09837 0.1333
3445.154 0.1983 0.2018 0.2565 0.3662 0.4467 0.4895 0.533 0.6349 0.8465 1.19
3483.734 1.49 1.75 1.94 1.88 1.61 1.31 1.03 0.8525 0.7737 0.7032
3522.314 0.5926 0.4983 0.4571 0.3769 0.3199 0.2904 0.2827 0.315 0.34 0.2936
3560.893 0.2078 0.1718 0.2068 0.1678 0.1156 0.09205 0.07544 0.1404 0.1157 0.09088
3599.473 0.09911 0.1038 0.1442 0.1343 0.1372 0.18 0.1664 0.1364 0.1244 0.1423
3638.052 0.1773 0.2258 0.2813 0.3306 0.3531 0.2865 0.2393 0.2697 0.2507 0.2253
3676.632 0.2646 0.2762 0.269 0.2941 0.3078 0.2199 0.1969 0.2469 0.2193 0.1576
3715.211 0.0955 0.09765 0.1743 0.1884 0.1457 0.1663 0.2246 0.2179 0.203 0.2128
3753.791 0.1642 0.1771 0.166 0.1288 0.19 0.2344 0.2693 0.2786 0.2434 0.2402
3792.370 0.2742 0.3111 0.3216 0.2845 0.3006 0.2655 0.193 0.2102 0.2903 0.2853
3830.950 0.1839 0.2001 0.2768 0.2698 0.1963 0.187 0.2685 0.2979 0.227 0.1724
3869.530 0.2007 0.1954 0.1836 0.2688 0.3074 0.3427 0.3928 0.3595 0.2785 0.2574
3908.109 0.2907 0.3386 0.3537 0.4059 0.4317 0.4392 0.4886 0.4205 0.3832 0.3499
3946.689 0.3065 0.3013 0.2559 0.2359 0.2253 0.1959 0.1826 0.1831 0.1665 0.229
3985.268 0.2781 0.1609 0.1244 0.2197 0.2526
##END=
