##TITLE=o-METHYL-O-(2,4,5-TRICHLOROPHENYL) METHYLPHOSPHOROAMIDOTHIOATE
##JCAMP-DX=4.24
##DATA TYPE=INFRARED SPECTRUM
##CLASS=COBLENTZ
##ORIGIN=DOW CHEMICAL COMPANY
##OWNER=COBLENTZ SOCIETY
Collection (C) 2018 copyright by the U.S. Secretary of Commerce
on behalf of the United States of America. All rights reserved.
##DATE=Not specified, most likely prior to 1970
##NAMES=O-methyl O-(2,4,5-trichlorophenyl) methylamidothiophosphate
##CAS REGISTRY NO=2591-70-0
##MOLFORM=C8 H9 Cl3 N O2 P S
##SOURCE REFERENCE=COBLENTZ NO. 3336
##$NIST SOURCE=COBLENTZ
##$NIST IMAGE=cob3336
##SPECTROMETER/DATA SYSTEM=Not specified, most likely a prism, grating, or hybrid spectrometer.
##STATE=SOLUTION (10% CCl4 FOR 3800-1333, 10% CS2 FOR 1333-440 CM^-^1)
##PATH LENGTH=0.0122 CM, 0.0122 CM
$$SPECTRAL CONTAMINATION DUE TO CCl4 AROUND 1550 CM^-^1
##SAMPLING PROCEDURE=TRANSMISSION
##RESOLUTION=4
##DATA PROCESSING=DIGITIZED BY NIST FROM HARD COPY (FROM TWO SEGMENTS)
##XUNITS=1/CM
##YUNITS=TRANSMITTANCE
##XFACTOR=1.000000
##YFACTOR=1
##DELTAX=1.218526
##FIRSTX=457.352
##LASTX=3792.46
##FIRSTY=0.746
##MAXX=3792.46
##MINX=457.352
##MAXY=1.003
##MINY=0.011
##NPOINTS=2738
##XYDATA=(X++(Y..Y))
457.352000 0.7460 0.7460 0.7480 0.7500 0.7500
463.444630 0.7500 0.7510 0.7510 0.7500 0.7500
469.537260 0.7500 0.7500 0.7500 0.7500 0.7500
475.629890 0.7500 0.7500 0.7500 0.7510 0.7570
481.722520 0.7610 0.7690 0.7740 0.7760 0.7860
487.815150 0.7930 0.7990 0.8159 0.8299 0.8370
493.907780 0.8450 0.8490 0.8510 0.8530 0.8560
500.000410 0.8580 0.8600 0.8620 0.8620 0.8620
506.093040 0.8620 0.8620 0.8620 0.8620 0.8600
512.185670 0.8580 0.8540 0.8510 0.8510 0.8411
518.278300 0.8350 0.8350 0.8320 0.8200 0.8140
524.370930 0.8120 0.8030 0.7970 0.7950 0.7880
530.463560 0.7800 0.7760 0.7740 0.7740 0.7760
536.556190 0.7780 0.7860 0.7930 0.8049 0.8179
542.648820 0.8200 0.8200 0.8180 0.8120 0.8010
548.741450 0.7970 0.7761 0.7631 0.7531 0.7480
554.834080 0.7440 0.7480 0.7570 0.7590 0.7760
560.926710 0.7949 0.8119 0.8279 0.8330 0.8509
567.019339 0.8620 0.8720 0.8750 0.8830 0.8890
573.111969 0.8930 0.8960 0.9000 0.9020 0.9020
579.204599 0.9020 0.9020 0.9020 0.9020 0.9020
585.297229 0.9000 0.9000 0.9000 0.9000 0.9000
591.389859 0.9000 0.9000 0.9000 0.9000 0.8980
597.482489 0.8980 0.8960 0.8930 0.8910 0.8870
603.575119 0.8810 0.8740 0.8640 0.8540 0.8430
609.667749 0.8280 0.8121 0.8010 0.7950 0.7930
615.760379 0.7930 0.7880 0.7840 0.7720 0.7531
621.853009 0.7381 0.7380 0.7668 0.7759 0.7760
627.945639 0.7650 0.7380 0.7230 0.7230 0.7250
634.038269 0.7250 0.7230 0.7111 0.6921 0.6642
640.130899 0.6350 0.6080 0.5890 0.5890 0.5910
646.223529 0.5950 0.6030 0.6179 0.6369 0.6688
652.316159 0.7020 0.7270 0.7400 0.7480 0.7590
658.408789 0.7690 0.7800 0.7840 0.7900 0.7930
664.501419 0.7930 0.7800 0.7760 0.7740 0.7550
670.594049 0.7341 0.6921 0.6372 0.5873 0.5383
676.686679 0.4159 0.1751 0.1870 0.4036 0.4439
682.779309 0.4440 0.3912 0.3621 0.3332 0.3578
688.871939 0.3960 0.4520 0.6668 0.6980 0.7130
694.964569 0.7399 0.7569 0.7570 0.7550 0.7500
701.057199 0.7440 0.7290 0.7150 0.7090 0.6771
707.149829 0.6431 0.5743 0.5402 0.5032 0.4255
713.242459 0.3199 0.2530 0.2250 0.2190 0.2150
719.335089 0.2170 0.2170 0.2210 0.2439 0.2669
725.427719 0.3141 0.3720 0.4500 0.6009 0.6749
731.520349 0.7289 0.7479 0.7609 0.7799 0.7949
737.612979 0.8070 0.8180 0.8300 0.8330 0.8430
743.705609 0.8430 0.8450 0.8490 0.8510 0.8530
749.798239 0.8530 0.8530 0.8510 0.8470 0.8450
755.890869 0.8450 0.8430 0.8410 0.8390 0.8370
761.983499 0.8350 0.8330 0.8330 0.8330 0.8330
768.076129 0.8330 0.8330 0.8320 0.8300 0.8220
774.168759 0.8180 0.8140 0.8120 0.8120 0.8050
780.261388 0.7950 0.7840 0.7760 0.7670 0.7590
786.354018 0.7500 0.7420 0.7270 0.7090 0.6791
792.446648 0.6541 0.6201 0.5802 0.5591 0.5361
798.539278 0.4960 0.4520 0.3830 0.3161 0.2382
804.631908 0.2151 0.1293 0.1101 0.0891 0.0701
810.724538 0.0490 0.0410 0.0410 0.0400 0.0380
816.817168 0.0320 0.0300 0.0260 0.0200 0.0170
822.909798 0.0110 0.0110 0.0110 0.0110 0.0110
829.002428 0.0130 0.0150 0.0190 0.0200 0.0220
835.095058 0.0220 0.0220 0.0240 0.0240 0.0260
841.187688 0.0280 0.0280 0.0300 0.0320 0.0380
847.280318 0.0410 0.0470 0.0470 0.0490 0.0490
853.372948 0.0470 0.0470 0.0410 0.0400 0.0380
859.465578 0.0320 0.0260 0.0260 0.0280 0.0280
865.558208 0.0300 0.0400 0.0510 0.0619 0.1028
871.650838 0.0970 0.0890 0.0800 0.0620 0.0490
877.743468 0.0380 0.0380 0.0400 0.0430 0.0470
883.836098 0.0491 0.1081 0.2360 0.2420 0.3538
889.928728 0.4368 0.5586 0.6238 0.6499 0.6918
896.021358 0.7110 0.7340 0.7550 0.7740 0.7950
902.113988 0.8120 0.8280 0.8320 0.8330 0.8509
908.206618 0.8540 0.8580 0.8640 0.8680 0.8700
914.299248 0.8700 0.8700 0.8700 0.8700 0.8680
920.391878 0.8680 0.8660 0.8620 0.8580 0.8540
926.484508 0.8530 0.8510 0.8430 0.8370 0.8320
932.577138 0.8180 0.8120 0.8010 0.7970 0.7840
938.669768 0.7630 0.7421 0.7002 0.6502 0.6042
944.762398 0.5719 0.5379 0.4500 0.3390 0.1372
950.855028 0.0991 0.0611 0.0431 0.0241 0.0200
956.947658 0.0190 0.0190 0.0190 0.0320 0.0470
963.040288 0.1268 0.1459 0.2058 0.2359 0.2628
969.132918 0.2993 0.4921 0.5970 0.6180 0.6519
975.225548 0.6939 0.7109 0.7419 0.7629 0.7819
981.318178 0.7990 0.8120 0.8180 0.8240 0.8320
987.410807 0.8330 0.8330 0.8330 0.8320 0.8320
993.503437 0.8280 0.8280 0.8260 0.8240 0.8240
999.596067 0.8220 0.8180 0.8160 0.8140 0.8110
1005.688697 0.8030 0.7970 0.7950 0.7860 0.7760
1011.781327 0.7630 0.7480 0.7420 0.7271 0.7111
1017.873957 0.7020 0.6730 0.6350 0.5910 0.5660
1023.966587 0.5401 0.5131 0.4791 0.4422 0.3873
1030.059217 0.2479 0.1710 0.1350 0.1120 0.0970
1036.151847 0.0800 0.0511 0.0450 0.0321 0.0151
1042.244477 0.0110 0.0110 0.0110 0.0110 0.0110
1048.337107 0.0110 0.0130 0.0170 0.0260 0.0340
1054.429737 0.0380 0.0411 0.1100 0.1180 0.1809
1060.522367 0.2649 0.2899 0.3159 0.3449 0.3719
1066.614997 0.3980 0.4060 0.4250 0.4270 0.4250
1072.707627 0.4170 0.4000 0.2903 0.2233 0.1543
1078.800257 0.1219 0.0869 0.0190 0.0150 0.0190
1084.892887 0.0190 0.0220 0.0489 0.1137 0.1140
1090.985517 0.1040 0.0930 0.0720 0.0550 0.0490
1097.078147 0.0450 0.0450 0.0490 0.0510 0.0550
1103.170777 0.0662 0.1350 0.1410 0.1560 0.1660
1109.263407 0.1850 0.2000 0.2040 0.2060 0.2060
1115.356037 0.2020 0.1980 0.1940 0.1830 0.1750
1121.448667 0.1580 0.1450 0.1390 0.1390 0.1460
1127.541297 0.1521 0.1880 0.2110 0.2970 0.3389
1133.633927 0.3699 0.4099 0.4668 0.5486 0.5679
1139.726557 0.6311 0.6620 0.6810 0.6920 0.7080
1145.819187 0.7150 0.7270 0.7340 0.7440 0.7569
1151.911817 0.7670 0.7690 0.7760 0.7780 0.7800
1158.004447 0.7820 0.7820 0.7840 0.7840 0.7820
1164.097077 0.7800 0.7780 0.7760 0.7760 0.7690
1170.189707 0.7610 0.7440 0.7271 0.7150 0.6831
1176.282337 0.6479 0.6139 0.5530 0.5400 0.5260
1182.374967 0.5150 0.5170 0.5260 0.5679 0.6038
1188.467597 0.6481 0.6790 0.6870 0.7460 0.7500
1194.560227 0.7780 0.7880 0.7990 0.8110 0.8180
1200.652856 0.8320 0.8390 0.8470 0.8470 0.8490
1206.745486 0.8510 0.8490 0.8490 0.8490 0.8430
1212.838116 0.8430 0.8390 0.8330 0.8330 0.8200
1218.930746 0.8110 0.7990 0.7840 0.7671 0.7511
1225.023376 0.7269 0.6939 0.6670 0.6500 0.6040
1231.116006 0.5930 0.5890 0.5820 0.5680 0.5511
1237.208636 0.5410 0.5320 0.5189 0.4290 0.3700
1243.301266 0.3180 0.2591 0.2191 0.1712 0.1461
1249.393896 0.1270 0.1240 0.1220 0.1240 0.1450
1255.486526 0.1750 0.2149 0.2359 0.2838 0.3557
1261.579156 0.4502 0.5091 0.5780 0.6080 0.6330
1267.671786 0.6460 0.6620 0.6869 0.7109 0.7419
1273.764416 0.7591 0.7800 0.7970 0.8140 0.8240
1279.857046 0.8320 0.8530 0.8640 0.8660 0.8740
1285.949676 0.8770 0.8810 0.8850 0.8910 0.8910
1292.042306 0.8930 0.8930 0.8910 0.8910 0.8890
1298.134936 0.8890 0.8890 0.8890 0.8890 0.8870
1304.227566 0.8850 0.8830 0.8810 0.8790 0.8790
1310.320196 0.8770 0.8750 0.8750 0.8770 0.8790
1316.412826 0.8790 0.8750 0.8750 0.8740 0.8720
1322.505456 0.8700 0.8680 0.8660 0.8640 0.8640
1328.598086 0.8620 0.8510 0.8390 0.8320 0.8141
1334.690716 0.7989 0.7779 0.7480 0.7269 0.6520
1340.783346 0.5641 0.5450 0.5241 0.4582 0.3544
1346.875976 0.2317 0.1329 0.0929 0.0510 0.0490
1352.968606 0.0510 0.1668 0.2817 0.3737 0.4786
1359.061236 0.5891 0.6220 0.6220 0.6160 0.6060
1365.153866 0.5950 0.5780 0.5571 0.5411 0.5261
1371.246496 0.4879 0.4520 0.4290 0.4020 0.3830
1377.339126 0.3740 0.3680 0.3720 0.3790 0.3949
1383.431756 0.4080 0.4190 0.4380 0.4500 0.4710
1389.524386 0.4790 0.5030 0.5509 0.5660 0.5909
1395.617016 0.6180 0.6330 0.6500 0.6600 0.7000
1401.709646 0.7170 0.7250 0.7290 0.7420 0.7500
1407.802276 0.7590 0.7630 0.7690 0.7780 0.7780
1413.894905 0.7800 0.7800 0.7800 0.7860 0.7860
1419.987535 0.7860 0.7840 0.7820 0.7780 0.7760
1426.080165 0.7700 0.7650 0.7610 0.7510 0.7420
1432.172795 0.7360 0.7300 0.7250 0.7130 0.6810
1438.265425 0.6540 0.6350 0.5722 0.5431 0.5131
1444.358055 0.4709 0.4269 0.3679 0.3219 0.2570
1450.450685 0.1900 0.1411 0.0891 0.0531 0.0321
1456.543315 0.0130 0.0130 0.0130 0.0130 0.0130
1462.635945 0.0150 0.0150 0.0190 0.0320 0.1137
1468.728575 0.1273 0.2131 0.2590 0.2900 0.3030
1474.821205 0.3160 0.3240 0.3300 0.3320 0.3390
1480.913835 0.3510 0.3580 0.3640 0.3720 0.3790
1487.006465 0.3890 0.3980 0.4040 0.4249 0.4479
1493.099095 0.4520 0.4581 0.4790 0.5030 0.5150
1499.191725 0.5570 0.5780 0.5950 0.6100 0.6180
1505.284355 0.6310 0.6370 0.6410 0.6410 0.6430
1511.376985 0.6430 0.6450 0.6450 0.6430 0.6410
1517.469615 0.6370 0.6350 0.6330 0.6310 0.6290
1523.562245 0.6270 0.6180 0.6080 0.6030 0.5970
1529.654875 0.5910 0.5780 0.5640 0.5550 0.5490
1535.747505 0.5430 0.5360 0.5240 0.5011 0.4801
1541.840135 0.4710 0.4580 0.4480 0.4370 0.4350
1547.932765 0.4310 0.4270 0.4270 0.4230 0.4230
1554.025395 0.4250 0.4250 0.4270 0.4440 0.4770
1560.118025 0.4820 0.4880 0.5189 0.5260 0.5340
1566.210655 0.5620 0.5740 0.5800 0.5800 0.5740
1572.303285 0.5740 0.5680 0.5530 0.5380 0.5240
1578.395915 0.5188 0.4669 0.4370 0.4370 0.4460
1584.488545 0.4790 0.5619 0.6029 0.6180 0.6539
1590.581175 0.6941 0.7151 0.7360 0.7440 0.7610
1596.673805 0.7700 0.7860 0.8010 0.8160 0.8299
1602.766435 0.8430 0.8540 0.8620 0.8750 0.8830
1608.859065 0.8930 0.9040 0.9160 0.9230 0.9330
1614.951695 0.9350 0.9370 0.9420 0.9460 0.9480
1621.044325 0.9520 0.9560 0.9590 0.9590 0.9610
1627.136954 0.9650 0.9670 0.9670 0.9670 0.9710
1633.229584 0.9750 0.9790 0.9790 0.9800 0.9800
1639.322214 0.9820 0.9840 0.9860 0.9840 0.9840
1645.414844 0.9840 0.9820 0.9820 0.9820 0.9820
1651.507474 0.9800 0.9790 0.9750 0.9750 0.9750
1657.600104 0.9730 0.9710 0.9690 0.9670 0.9650
1663.692734 0.9630 0.9610 0.9590 0.9590 0.9580
1669.785364 0.9580 0.9580 0.9560 0.9520 0.9520
1675.877994 0.9520 0.9500 0.9500 0.9500 0.9500
1681.970624 0.9540 0.9560 0.9560 0.9560 0.9580
1688.063254 0.9580 0.9590 0.9590 0.9590 0.9590
1694.155884 0.9590 0.9590 0.9590 0.9590 0.9590
1700.248514 0.9590 0.9610 0.9610 0.9590 0.9610
1706.341144 0.9630 0.9630 0.9610 0.9610 0.9590
1712.433774 0.9590 0.9590 0.9590 0.9580 0.9560
1718.526404 0.9560 0.9540 0.9520 0.9480 0.9460
1724.619034 0.9460 0.9440 0.9440 0.9440 0.9440
1730.711664 0.9440 0.9440 0.9440 0.9440 0.9460
1736.804294 0.9460 0.9440 0.9440 0.9440 0.9460
1742.896924 0.9480 0.9500 0.9500 0.9560 0.9580
1748.989554 0.9590 0.9610 0.9650 0.9710 0.9750
1755.082184 0.9790 0.9790 0.9790 0.9750 0.9750
1761.174814 0.9750 0.9750 0.9770 0.9770 0.9790
1767.267444 0.9790 0.9790 0.9790 0.9800 0.9800
1773.360074 0.9790 0.9790 0.9790 0.9790 0.9770
1779.452704 0.9770 0.9770 0.9790 0.9770 0.9770
1785.545334 0.9770 0.9750 0.9770 0.9790 0.9770
1791.637964 0.9770 0.9750 0.9730 0.9710 0.9710
1797.730594 0.9710 0.9710 0.9690 0.9690 0.9690
1803.823224 0.9690 0.9710 0.9710 0.9710 0.9730
1809.915854 0.9730 0.9750 0.9750 0.9730 0.9730
1816.008484 0.9730 0.9730 0.9750 0.9770 0.9790
1822.101114 0.9800 0.9790 0.9790 0.9790 0.9770
1828.193744 0.9770 0.9770 0.9770 0.9800 0.9800
1834.286373 0.9790 0.9790 0.9770 0.9750 0.9730
1840.379003 0.9710 0.9710 0.9690 0.9690 0.9690
1846.471633 0.9690 0.9690 0.9670 0.9670 0.9670
1852.564263 0.9650 0.9630 0.9630 0.9610 0.9610
1858.656893 0.9610 0.9610 0.9630 0.9630 0.9630
1864.749523 0.9650 0.9650 0.9650 0.9650 0.9650
1870.842153 0.9650 0.9650 0.9650 0.9670 0.9670
1876.934783 0.9670 0.9670 0.9670 0.9690 0.9710
1883.027413 0.9710 0.9730 0.9730 0.9730 0.9730
1889.120043 0.9750 0.9790 0.9800 0.9800 0.9790
1895.212673 0.9790 0.9790 0.9790 0.9790 0.9790
1901.305303 0.9790 0.9790 0.9790 0.9790 0.9790
1907.397933 0.9790 0.9790 0.9770 0.9770 0.9790
1913.490563 0.9800 0.9820 0.9820 0.9820 0.9820
1919.583193 0.9820 0.9820 0.9820 0.9820 0.9820
1925.675823 0.9820 0.9820 0.9800 0.9800 0.9800
1931.768453 0.9800 0.9800 0.9800 0.9800 0.9800
1937.861083 0.9800 0.9800 0.9800 0.9820 0.9820
1943.953713 0.9820 0.9820 0.9820 0.9820 0.9820
1950.046343 0.9820 0.9820 0.9790 0.9790 0.9790
1956.138973 0.9790 0.9790 0.9770 0.9770 0.9750
1962.231603 0.9750 0.9730 0.9710 0.9690 0.9690
1968.324233 0.9670 0.9670 0.9670 0.9690 0.9710
1974.416863 0.9710 0.9730 0.9750 0.9770 0.9770
1980.509493 0.9790 0.9790 0.9800 0.9800 0.9800
1986.602123 0.9800 0.9800 0.9800 0.9800 0.9800
1992.694753 0.9800 0.9790 0.9790 0.9650 0.9670
1998.787383 0.9670 0.9690 0.9690 0.9690 0.9690
2004.880013 0.9690 0.9690 0.9690 0.9690 0.9690
2010.972643 0.9690 0.9690 0.9700 0.9710 0.9730
2017.065273 0.9750 0.9760 0.9770 0.9770 0.9770
2023.157903 0.9770 0.9770 0.9785 0.9800 0.9800
2029.250533 0.9800 0.9795 0.9790 0.9780 0.9770
2035.343163 0.9770 0.9770 0.9780 0.9790 0.9780
2041.435793 0.9770 0.9770 0.9770 0.9770 0.9770
2047.528422 0.9770 0.9770 0.9770 0.9770 0.9780
2053.621052 0.9790 0.9790 0.9790 0.9790 0.9790
2059.713682 0.9790 0.9790 0.9790 0.9790 0.9790
2065.806312 0.9790 0.9790 0.9790 0.9790 0.9790
2071.898942 0.9795 0.9800 0.9800 0.9800 0.9800
2077.991572 0.9800 0.9800 0.9800 0.9800 0.9800
2084.084202 0.9800 0.9800 0.9800 0.9800 0.9800
2090.176832 0.9800 0.9800 0.9800 0.9810 0.9820
2096.269462 0.9820 0.9820 0.9820 0.9820 0.9820
2102.362092 0.9820 0.9820 0.9820 0.9820 0.9820
2108.454722 0.9820 0.9820 0.9820 0.9820 0.9820
2114.547352 0.9820 0.9820 0.9820 0.9820 0.9820
2120.639982 0.9820 0.9820 0.9820 0.9820 0.9820
2126.732612 0.9820 0.9820 0.9820 0.9820 0.9820
2132.825242 0.9820 0.9820 0.9820 0.9820 0.9820
2138.917872 0.9820 0.9820 0.9820 0.9820 0.9820
2145.010502 0.9820 0.9820 0.9820 0.9819 0.9809
2151.103132 0.9800 0.9800 0.9800 0.9800 0.9800
2157.195762 0.9800 0.9800 0.9800 0.9800 0.9800
2163.288392 0.9800 0.9795 0.9790 0.9790 0.9790
2169.381022 0.9790 0.9790 0.9795 0.9800 0.9800
2175.473652 0.9798 0.9773 0.9750 0.9750 0.9750
2181.566282 0.9750 0.9750 0.9750 0.9750 0.9750
2187.658912 0.9750 0.9750 0.9750 0.9750 0.9750
2193.751542 0.9750 0.9752 0.9772 0.9790 0.9790
2199.844172 0.9790 0.9790 0.9790 0.9790 0.9790
2205.936802 0.9790 0.9790 0.9790 0.9790 0.9790
2212.029432 0.9790 0.9790 0.9790 0.9790 0.9790
2218.122062 0.9790 0.9789 0.9779 0.9769 0.9759
2224.214692 0.9750 0.9750 0.9750 0.9750 0.9749
2230.307322 0.9739 0.9730 0.9730 0.9730 0.9730
2236.399952 0.9730 0.9730 0.9730 0.9730 0.9730
2242.492582 0.9730 0.9729 0.9719 0.9710 0.9710
2248.585212 0.9710 0.9710 0.9709 0.9699 0.9689
2254.677842 0.9679 0.9670 0.9670 0.9670 0.9670
2260.770471 0.9669 0.9659 0.9649 0.9639 0.9630
2266.863101 0.9630 0.9629 0.9619 0.9609 0.9599
2272.955731 0.9590 0.9590 0.9590 0.9590 0.9590
2279.048361 0.9590 0.9590 0.9590 0.9589 0.9584
2285.140991 0.9579 0.9569 0.9560 0.9560 0.9561
2291.233621 0.9571 0.9580 0.9580 0.9577 0.9557
2297.326251 0.9540 0.9540 0.9540 0.9540 0.9540
2303.418881 0.9540 0.9540 0.9540 0.9540 0.9540
2309.511511 0.9541 0.9551 0.9561 0.9571 0.9582
2315.604141 0.9597 0.9613 0.9633 0.9651 0.9661
2321.696771 0.9671 0.9681 0.9690 0.9690 0.9689
2327.789401 0.9679 0.9670 0.9670 0.9673 0.9693
2333.882031 0.9713 0.9733 0.9751 0.9761 0.9769
2339.974661 0.9759 0.9750 0.9750 0.9748 0.9738
2346.067291 0.9728 0.9718 0.9710 0.9710 0.9710
2352.159921 0.9710 0.9713 0.9733 0.9751 0.9761
2358.252551 0.9771 0.9781 0.9790 0.9790 0.9790
2364.345181 0.9790 0.9782 0.9732 0.9685 0.9655
2370.437811 0.9630 0.9630 0.9643 0.9723 0.9791
2376.530441 0.9796 0.9800 0.9800 0.9802 0.9812
2382.623071 0.9820 0.9820 0.9820 0.9820 0.9820
2388.715701 0.9820 0.9820 0.9820 0.9820 0.9820
2394.808331 0.9820 0.9820 0.9820 0.9820 0.9820
2400.900961 0.9820 0.9822 0.9832 0.9838 0.9828
2406.993591 0.9820 0.9820 0.9820 0.9820 0.9820
2413.086221 0.9820 0.9820 0.9820 0.9820 0.9820
2419.178851 0.9820 0.9820 0.9820 0.9820 0.9820
2425.271481 0.9820 0.9820 0.9820 0.9820 0.9820
2431.364111 0.9820 0.9820 0.9820 0.9820 0.9820
2437.456741 0.9820 0.9820 0.9820 0.9818 0.9808
2443.549371 0.9799 0.9794 0.9790 0.9790 0.9790
2449.642001 0.9790 0.9790 0.9790 0.9790 0.9790
2455.734631 0.9788 0.9778 0.9770 0.9770 0.9770
2461.827261 0.9770 0.9770 0.9770 0.9768 0.9758
2467.919891 0.9750 0.9750 0.9748 0.9738 0.9726
2474.012520 0.9706 0.9688 0.9678 0.9670 0.9670
2480.105150 0.9670 0.9670 0.9670 0.9670 0.9670
2486.197780 0.9670 0.9672 0.9682 0.9690 0.9690
2492.290410 0.9692 0.9702 0.9710 0.9710 0.9712
2498.383040 0.9722 0.9730 0.9730 0.9734 0.9754
2504.475670 0.9772 0.9782 0.9790 0.9790 0.9790
2510.568300 0.9790 0.9790 0.9790 0.9790 0.9790
2516.660930 0.9790 0.9790 0.9790 0.9790 0.9790
2522.753560 0.9790 0.9790 0.9790 0.9790 0.9790
2528.846190 0.9790 0.9790 0.9788 0.9778 0.9772
2534.938820 0.9782 0.9790 0.9790 0.9790 0.9790
2541.031450 0.9791 0.9796 0.9805 0.9825 0.9842
2547.124080 0.9852 0.9860 0.9860 0.9860 0.9860
2553.216710 0.9860 0.9860 0.9860 0.9860 0.9860
2559.309340 0.9860 0.9855 0.9835 0.9817 0.9807
2565.401970 0.9800 0.9800 0.9800 0.9800 0.9800
2571.494600 0.9800 0.9800 0.9800 0.9800 0.9800
2577.587230 0.9800 0.9800 0.9800 0.9800 0.9800
2583.679860 0.9800 0.9800 0.9800 0.9800 0.9800
2589.772490 0.9800 0.9800 0.9800 0.9800 0.9800
2595.865120 0.9800 0.9800 0.9800 0.9800 0.9800
2601.957750 0.9800 0.9800 0.9808 0.9838 0.9860
2608.050380 0.9860 0.9860 0.9860 0.9863 0.9873
2614.143010 0.9880 0.9880 0.9880 0.9880 0.9880
2620.235640 0.9880 0.9880 0.9880 0.9880 0.9880
2626.328270 0.9880 0.9880 0.9880 0.9880 0.9883
2632.420900 0.9893 0.9900 0.9900 0.9900 0.9900
2638.513530 0.9900 0.9900 0.9900 0.9900 0.9900
2644.606160 0.9900 0.9900 0.9900 0.9900 0.9900
2650.698790 0.9900 0.9900 0.9900 0.9900 0.9897
2656.791420 0.9887 0.9880 0.9880 0.9877 0.9867
2662.884050 0.9854 0.9834 0.9817 0.9807 0.9800
2668.976680 0.9800 0.9800 0.9800 0.9800 0.9800
2675.069310 0.9800 0.9800 0.9800 0.9800 0.9800
2681.161939 0.9800 0.9803 0.9813 0.9820 0.9820
2687.254569 0.9820 0.9820 0.9820 0.9820 0.9820
2693.347199 0.9820 0.9820 0.9820 0.9820 0.9820
2699.439829 0.9820 0.9820 0.9820 0.9820 0.9820
2705.532459 0.9820 0.9820 0.9820 0.9820 0.9820
2711.625089 0.9820 0.9820 0.9817 0.9807 0.9800
2717.717719 0.9800 0.9800 0.9800 0.9800 0.9800
2723.810349 0.9798 0.9793 0.9790 0.9790 0.9790
2729.902979 0.9790 0.9790 0.9790 0.9790 0.9790
2735.995609 0.9787 0.9777 0.9767 0.9757 0.9750
2742.088239 0.9750 0.9750 0.9750 0.9750 0.9750
2748.180869 0.9750 0.9750 0.9747 0.9737 0.9730
2754.273499 0.9730 0.9730 0.9730 0.9730 0.9730
2760.366129 0.9727 0.9717 0.9710 0.9710 0.9707
2766.458759 0.9697 0.9690 0.9690 0.9687 0.9677
2772.551389 0.9670 0.9670 0.9667 0.9657 0.9650
2778.644019 0.9650 0.9646 0.9636 0.9626 0.9616
2784.736649 0.9607 0.9597 0.9590 0.9590 0.9588
2790.829279 0.9583 0.9577 0.9567 0.9557 0.9547
2796.921909 0.9533 0.9513 0.9493 0.9473 0.9445
2803.014539 0.9399 0.9366 0.9356 0.9346 0.9336
2809.107169 0.9323 0.9303 0.9279 0.9249 0.9207
2815.199799 0.9142 0.9070 0.8985 0.8882 0.8747
2821.292429 0.8582 0.8363 0.8190 0.8105 0.8050
2827.385059 0.8050 0.8125 0.8325 0.8510 0.8670
2833.477689 0.8800 0.8880 0.8930 0.8930 0.8873
2839.570319 0.8718 0.8565 0.8415 0.8190 0.7836
2845.662949 0.7625 0.7665 0.7779 0.8024 0.8279
2851.755579 0.8552 0.8793 0.8983 0.9113 0.9148
2857.848209 0.9185 0.9225 0.9261 0.9291 0.9310
2863.940839 0.9310 0.9310 0.9310 0.9306 0.9296
2870.033469 0.9286 0.9276 0.9259 0.9229 0.9201
2876.126099 0.9175 0.9160 0.9160 0.9156 0.9146
2882.218729 0.9099 0.8994 0.8893 0.8798 0.8728
2888.311359 0.8698 0.8620 0.8465 0.8322 0.8197
2894.403988 0.8087 0.8002 0.7950 0.7950 0.7973
2900.496618 0.8034 0.8080 0.8105 0.8128 0.8148
2906.589248 0.8160 0.8160 0.8152 0.8132 0.8106
2912.681878 0.8071 0.8030 0.7980 0.7950 0.7950
2918.774508 0.7936 0.7901 0.7864 0.7824 0.7796
2924.867138 0.7786 0.7776 0.7766 0.7745 0.7710
2930.959768 0.7673 0.7633 0.7575 0.7490 0.7409
2937.052398 0.7334 0.7187 0.6938 0.6563 0.6008
2943.145028 0.5456 0.4906 0.4539 0.4440 0.4427
2949.237658 0.4544 0.4861 0.5446 0.5870 0.6080
2955.330288 0.6228 0.6293 0.6406 0.6586 0.6853
2961.422918 0.7238 0.7532 0.7702 0.7804 0.7814
2967.515548 0.7828 0.7848 0.7879 0.7924 0.7963
2973.608178 0.7993 0.8023 0.8053 0.8074 0.8084
2979.700808 0.8086 0.8076 0.8066 0.8056 0.8050
2985.793438 0.8050 0.8050 0.8050 0.8050 0.8050
2991.886068 0.8054 0.8064 0.8074 0.8084 0.8096
2997.978698 0.8112 0.8125 0.8135 0.8145 0.8154
3004.071328 0.8160 0.8160 0.8156 0.8146 0.8140
3010.163958 0.8140 0.8140 0.8140 0.8140 0.8140
3016.256588 0.8140 0.8140 0.8149 0.8169 0.8211
3022.349218 0.8282 0.8364 0.8459 0.8535 0.8590
3028.441848 0.8650 0.8715 0.8796 0.8896 0.8980
3034.534478 0.9045 0.9105 0.9160 0.9204 0.9234
3040.627108 0.9268 0.9308 0.9339 0.9359 0.9372
3046.719738 0.9377 0.9380 0.9380 0.9380 0.9380
3052.812368 0.9380 0.9380 0.9380 0.9380 0.9380
3058.904998 0.9380 0.9373 0.9358 0.9350 0.9350
3064.997628 0.9345 0.9335 0.9325 0.9315 0.9310
3071.090258 0.9310 0.9310 0.9310 0.9315 0.9325
3077.182888 0.9330 0.9330 0.9325 0.9315 0.9300
3083.275518 0.9280 0.9246 0.9196 0.9153 0.9118
3089.368148 0.9036 0.8901 0.8750 0.8580 0.8440
3095.460778 0.8334 0.8280 0.8280 0.8344 0.8474
3101.553408 0.8631 0.8816 0.8993 0.9163 0.9265
3107.646037 0.9295 0.9366 0.9481 0.9552 0.9577
3113.738667 0.9619 0.9679 0.9715 0.9725 0.9735
3119.831297 0.9745 0.9755 0.9765 0.9770 0.9770
3125.923927 0.9778 0.9793 0.9800 0.9800 0.9800
3132.016557 0.9800 0.9805 0.9815 0.9825 0.9835
3138.109187 0.9845 0.9855 0.9860 0.9860 0.9865
3144.201817 0.9875 0.9880 0.9880 0.9885 0.9895
3150.294447 0.9900 0.9900 0.9905 0.9915 0.9920
3156.387077 0.9920 0.9920 0.9920 0.9920 0.9920
3162.479707 0.9920 0.9920 0.9920 0.9920 0.9925
3168.572337 0.9935 0.9940 0.9940 0.9940 0.9940
3174.664967 0.9935 0.9925 0.9920 0.9920 0.9920
3180.757597 0.9920 0.9920 0.9920 0.9920 0.9920
3186.850227 0.9920 0.9920 0.9920 0.9920 0.9920
3192.942857 0.9920 0.9915 0.9905 0.9900 0.9900
3199.035487 0.9900 0.9900 0.9900 0.9900 0.9900
3205.128117 0.9900 0.9895 0.9885 0.9880 0.9880
3211.220747 0.9869 0.9849 0.9840 0.9840 0.9835
3217.313377 0.9825 0.9820 0.9820 0.9815 0.9805
3223.406007 0.9797 0.9792 0.9785 0.9775 0.9770
3229.498637 0.9770 0.9770 0.9770 0.9770 0.9770
3235.591267 0.9765 0.9755 0.9750 0.9750 0.9734
3241.683897 0.9703 0.9673 0.9643 0.9619 0.9599
3247.776527 0.9590 0.9590 0.9587 0.9582 0.9574
3253.869157 0.9564 0.9538 0.9498 0.9474 0.9465
3259.961787 0.9449 0.9429 0.9401 0.9366 0.9344
3266.054417 0.9334 0.9324 0.9314 0.9293 0.9263
3272.147047 0.9224 0.9179 0.9149 0.9129 0.9114
3278.239677 0.9104 0.9077 0.9038 0.8995 0.8950
3284.332307 0.8919 0.8899 0.8884 0.8874 0.8847
3290.424937 0.8807 0.8770 0.8735 0.8703 0.8673
3296.517567 0.8643 0.8613 0.8594 0.8584 0.8560
3302.610197 0.8525 0.8493 0.8463 0.8433 0.8403
3308.702827 0.8390 0.8390 0.8384 0.8374 0.8364
3314.795457 0.8354 0.8350 0.8350 0.8344 0.8334
3320.888086 0.8330 0.8330 0.8330 0.8330 0.8330
3326.980716 0.8330 0.8330 0.8330 0.8336 0.8346
3333.073346 0.8362 0.8382 0.8396 0.8406 0.8422
3339.165976 0.8442 0.8462 0.8482 0.8505 0.8530
3345.258606 0.8546 0.8556 0.8566 0.8576 0.8592
3351.351236 0.8612 0.8638 0.8668 0.8686 0.8696
3357.443866 0.8706 0.8716 0.8729 0.8744 0.8762
3363.536496 0.8782 0.8796 0.8806 0.8816 0.8826
3369.629126 0.8830 0.8830 0.8824 0.8814 0.8804
3375.721756 0.8794 0.8790 0.8790 0.8784 0.8774
3381.814386 0.8761 0.8746 0.8734 0.8724 0.8708
3387.907016 0.8688 0.8655 0.8615 0.8578 0.8543
3393.999646 0.8486 0.8417 0.8356 0.8301 0.8243
3400.092276 0.8183 0.8095 0.7990 0.7898 0.7813
3406.184906 0.7755 0.7715 0.7697 0.7692 0.7693
3412.277536 0.7698 0.7719 0.7749 0.7760 0.7760
3418.370166 0.7754 0.7744 0.7727 0.7707 0.7665
3424.462796 0.7610 0.7439 0.7199 0.6963 0.6728
3430.555426 0.6628 0.6608 0.6338 0.5919 0.5543
3436.648056 0.5193 0.4843 0.4494 0.4270 0.4115
3442.740686 0.4060 0.4060 0.4201 0.4421 0.4923
3448.833316 0.5582 0.6002 0.6287 0.6572 0.6857
3454.925946 0.7113 0.7352 0.7656 0.7995 0.8312
3461.018576 0.8616 0.8868 0.9093 0.9305 0.9510
3467.111206 0.9583 0.9588 0.9649 0.9739 0.9780
3473.203836 0.9795 0.9826 0.9866 0.9886 0.9896
3479.296466 0.9900 0.9900 0.9913 0.9933 0.9953
3485.389096 0.9973 0.9987 0.9997 1.0000 1.0000
3491.481726 1.0000 1.0000 1.0000 1.0000 1.0003
3497.574356 1.0008 1.0010 1.0010 1.0010 1.0010
3503.666986 1.0010 1.0010 1.0010 1.0010 1.0010
3509.759616 1.0010 1.0007 1.0002 1.0000 1.0000
3515.852246 1.0000 1.0000 1.0000 1.0000 1.0000
3521.944876 1.0000 1.0000 1.0000 1.0000 1.0000
3528.037505 1.0000 1.0000 1.0000 1.0000 1.0000
3534.130135 1.0000 1.0000 1.0000 1.0000 1.0000
3540.222765 1.0000 1.0000 1.0000 1.0000 1.0000
3546.315395 1.0000 1.0000 1.0000 1.0000 1.0000
3552.408025 1.0003 1.0008 1.0010 1.0010 1.0010
3558.500655 1.0010 1.0017 1.0027 1.0030 1.0030
3564.593285 1.0030 1.0030 1.0030 1.0030 1.0023
3570.685915 1.0013 1.0010 1.0010 1.0010 1.0010
3576.778545 1.0010 1.0010 1.0010 1.0010 1.0010
3582.871175 1.0010 1.0006 1.0001 1.0004 1.0009
3588.963805 1.0010 1.0010 1.0017 1.0027 1.0023
3595.056435 1.0013 1.0010 1.0010 1.0010 1.0010
3601.149065 1.0007 1.0002 1.0000 1.0000 1.0000
3607.241695 1.0000 1.0000 1.0000 1.0000 1.0000
3613.334325 1.0000 1.0000 1.0000 1.0000 1.0000
3619.426955 1.0000 1.0000 1.0000 1.0000 1.0000
3625.519585 1.0000 1.0000 1.0000 1.0000 0.9993
3631.612215 0.9983 0.9980 0.9980 0.9980 0.9980
3637.704845 0.9980 0.9980 0.9987 0.9997 1.0000
3643.797475 1.0000 1.0000 1.0000 1.0000 1.0000
3649.890105 1.0000 1.0000 1.0000 1.0000 0.9993
3655.982735 0.9983 0.9987 0.9997 1.0000 1.0000
3662.075365 1.0000 1.0000 1.0000 1.0000 1.0000
3668.167995 1.0000 1.0000 1.0000 1.0000 1.0000
3674.260625 1.0004 1.0009 1.0006 1.0001 1.0000
3680.353255 1.0000 1.0000 1.0000 1.0000 1.0000
3686.445885 1.0000 1.0000 1.0000 1.0000 1.0000
3692.538515 1.0000 0.9993 0.9983 0.9980 0.9980
3698.631145 0.9980 0.9980 0.9980 0.9980 0.9972
3704.723775 0.9962 0.9960 0.9960 0.9960 0.9960
3710.816405 0.9960 0.9960 0.9960 0.9960 0.9960
3716.909035 0.9960 0.9960 0.9960 0.9968 0.9978
3723.001665 0.9980 0.9980 0.9980 0.9980 0.9980
3729.094295 0.9980 0.9980 0.9980 0.9980 0.9980
3735.186925 0.9980 0.9980 0.9980 0.9980 0.9980
3741.279554 0.9980 0.9988 0.9998 1.0000 1.0000
3747.372184 1.0000 1.0000 1.0000 1.0000 1.0000
3753.464814 1.0000 1.0000 1.0000 0.9992 0.9982
3759.557444 0.9972 0.9962 0.9952 0.9942 0.9932
3765.650074 0.9922 0.9928 0.9938 0.9956 0.9976
3771.742704 0.9980 0.9980 0.9972 0.9962 0.9952
3777.835334 0.9942 0.9948 0.9958 0.9960 0.9960
3783.927964 0.9968 0.9978 0.9988 0.9998 0.9992
3790.020594 0.9982 0.9988 0.9998
##END=
