##TITLE=N-FORMYLPIPERIDINE
##JCAMP-DX=4.24
##DATA TYPE=INFRARED SPECTRUM
##CLASS=COBLENTZ
##ORIGIN=ABBOTT LABORATORIES - WASHBURN
##OWNER=COBLENTZ SOCIETY
Collection (C) 2018 copyright by the U.S. Secretary of Commerce
on behalf of the United States of America. All rights reserved.
##DATE=Not specified, most likely prior to 1970
##NAMES=1-piperidinecarbaldehyde
##CAS REGISTRY NO=2591-86-8
##MOLFORM=C6 H11 N O
##SOURCE REFERENCE=COBLENTZ NO. 3456
##$NIST SOURCE=COBLENTZ
##$NIST IMAGE=cob3456
##SPECTROMETER/DATA SYSTEM=PERKIN-ELMER
##STATE=LIQUID
##PATH LENGTH=CAPILLARY
##SAMPLING PROCEDURE=TRANSMISSION
##RESOLUTION=4
##DATA PROCESSING=DIGITIZED BY NIST FROM HARD COPY (FROM TWO SEGMENTS)
##XUNITS=MICROMETERS
##YUNITS=TRANSMITTANCE
##XFACTOR=1.000000
##YFACTOR=1
##DELTAX=0.006793
##FIRSTX=2.058
##LASTX=15.447
##FIRSTY=0.889
##MAXX=15.447
##MINX=2.058
##MAXY=0.919
##MINY=0.16
##NPOINTS=1972
##XYDATA=(X++(Y..Y))
2.058000 0.8890 0.8890 0.8890 0.8900 0.8920
2.091965 0.8920 0.8920 0.8920 0.8900 0.8900
2.125930 0.8900 0.8900 0.8900 0.8900 0.8900
2.159895 0.8900 0.8920 0.8920 0.8939 0.8940
2.193860 0.8940 0.8940 0.8940 0.8940 0.8940
2.227825 0.8940 0.8921 0.8920 0.8920 0.8901
2.261790 0.8900 0.8900 0.8890 0.8871 0.8870
2.295755 0.8851 0.8840 0.8840 0.8821 0.8820
2.329720 0.8820 0.8820 0.8820 0.8820 0.8820
2.363685 0.8839 0.8840 0.8849 0.8850 0.8850
2.397650 0.8869 0.8889 0.8890 0.8890 0.8890
2.431615 0.8899 0.8900 0.8900 0.8900 0.8919
2.465580 0.8920 0.8920 0.8939 0.8921 0.8920
2.499545 0.8901 0.8900 0.8900 0.8891 0.8872
2.533510 0.8870 0.8870 0.8888 0.8899 0.8918
2.567475 0.8920 0.8938 0.8940 0.8940 0.8958
2.601440 0.8960 0.8960 0.8969 0.8970 0.8970
2.635405 0.8970 0.8970 0.8970 0.8970 0.8970
2.669370 0.8970 0.8961 0.8960 0.8942 0.8940
2.703335 0.8922 0.8920 0.8902 0.8891 0.8890
2.737300 0.8827 0.8802 0.8791 0.8754 0.8723
2.771265 0.8702 0.8682 0.8671 0.8652 0.8632
2.805230 0.8603 0.8556 0.8515 0.8484 0.8498
2.839195 0.8544 0.8550 0.8506 0.8500 0.8500
2.873160 0.8509 0.8527 0.8547 0.8576 0.8623
2.907125 0.8673 0.8680 0.8680 0.8680 0.8637
2.941090 0.8630 0.8665 0.8696 0.8700 0.8700
2.975055 0.8700 0.8640 0.8605 0.8600 0.8583
3.009020 0.8580 0.8580 0.8640 0.8692 0.8717
3.042985 0.8728 0.8747 0.8767 0.8770 0.8787
3.076950 0.8790 0.8800 0.8820 0.8840 0.8869
3.110915 0.8890 0.8890 0.8890 0.8890 0.8890
3.144880 0.8870 0.8870 0.8870 0.8841 0.8821
3.178845 0.8820 0.8820 0.8820 0.8801 0.8819
3.212810 0.8801 0.8800 0.8790 0.8790 0.8790
3.246775 0.8771 0.8770 0.8770 0.8751 0.8731
3.280740 0.8720 0.8720 0.8682 0.8651 0.8602
3.314705 0.8467 0.8270 0.8014 0.7717 0.7249
3.348670 0.6459 0.5822 0.5610 0.5421 0.4722
3.382635 0.4614 0.4610 0.4853 0.5094 0.5231
3.416600 0.5823 0.5954 0.6100 0.6400 0.6420
3.450565 0.6216 0.6005 0.5879 0.5805 0.5754
3.484530 0.5517 0.5240 0.5220 0.6754 0.7110
3.518495 0.7369 0.7482 0.7728 0.7841 0.8032
3.552460 0.8151 0.8252 0.8287 0.8308 0.8328
3.586425 0.8330 0.8330 0.8339 0.8376 0.8425
3.620390 0.8475 0.8507 0.8555 0.8596 0.8663
3.654355 0.8679 0.8698 0.8700 0.8727 0.8748
3.688320 0.8750 0.8750 0.8750 0.8750 0.8705
3.722285 0.8700 0.8700 0.8700 0.8700 0.8718
3.756250 0.8764 0.8770 0.8788 0.8816 0.8846
3.790215 0.8850 0.8868 0.8870 0.8887 0.8899
3.824180 0.8935 0.8940 0.8879 0.8870 0.8870
3.858145 0.8870 0.8870 0.8887 0.8890 0.8899
3.892110 0.8891 0.8899 0.8935 0.8957 0.8943
3.926075 0.8923 0.8903 0.8891 0.8890 0.8898
3.960040 0.8934 0.8940 0.8940 0.8940 0.8965
3.994005 0.8970 0.8945 0.8923 0.8903 0.8900
4.027970 0.8875 0.8853 0.8850 0.8850 0.8867
4.061935 0.8895 0.8917 0.8920 0.8937 0.8940
4.095900 0.8940 0.8940 0.8920 0.8900 0.8900
4.129865 0.8900 0.8890 0.8871 0.8870 0.8870
4.163830 0.8870 0.8870 0.8889 0.8900 0.8900
4.197795 0.8919 0.8920 0.8939 0.8959 0.8970
4.231760 0.8989 0.8990 0.8990 0.8990 0.8971
4.265725 0.8970 0.8961 0.8960 0.8941 0.8940
4.299690 0.8921 0.8920 0.8920 0.8920 0.8901
4.333655 0.8891 0.8871 0.8851 0.8850 0.8841
4.367620 0.8840 0.8840 0.8840 0.8840 0.8849
4.401585 0.8869 0.8870 0.8870 0.8870 0.8870
4.435550 0.8851 0.8869 0.8851 0.8850 0.8850
4.469515 0.8850 0.8850 0.8841 0.8840 0.8840
4.503480 0.8840 0.8840 0.8840 0.8840 0.8849
4.537445 0.8850 0.8868 0.8870 0.8888 0.8890
4.571410 0.8899 0.8900 0.8918 0.8920 0.8902
4.605375 0.8891 0.8890 0.8899 0.8900 0.8891
4.639340 0.8890 0.8890 0.8899 0.8900 0.8900
4.673305 0.8900 0.8891 0.8890 0.8872 0.8870
4.707270 0.8870 0.8870 0.8870 0.8870 0.8844
4.741235 0.8840 0.8840 0.8840 0.8823 0.8820
4.775200 0.8820 0.8820 0.8820 0.8820 0.8820
4.809165 0.8837 0.8840 0.8823 0.8820 0.8837
4.843130 0.8849 0.8850 0.8850 0.8867 0.8870
4.877095 0.8870 0.8887 0.8890 0.8890 0.8873
4.911060 0.8870 0.8853 0.8850 0.8841 0.8840
4.945025 0.8823 0.8803 0.8800 0.8800 0.8800
4.978990 0.8800 0.8817 0.8820 0.8820 0.8838
5.012955 0.8840 0.8840 0.8848 0.8883 0.8890
5.046920 0.8850 0.8840 0.8840 0.8840 0.8847
5.080885 0.8864 0.8891 0.8900 0.8893 0.8890
5.114850 0.8896 0.8900 0.8900 0.8894 0.8878
5.148815 0.8859 0.8844 0.8829 0.8810 0.8800
5.182780 0.8800 0.8809 0.8829 0.8840 0.8844
5.216745 0.8850 0.8858 0.8878 0.8890 0.8890
5.250710 0.8890 0.8890 0.8890 0.8890 0.8885
5.284675 0.8870 0.8870 0.8870 0.8870 0.8870
5.318640 0.8866 0.8848 0.8837 0.8816 0.8790
5.352605 0.8790 0.8790 0.8790 0.8790 0.8790
5.386570 0.8800 0.8820 0.8820 0.8839 0.8840
5.420535 0.8849 0.8850 0.8850 0.8850 0.8850
5.454500 0.8841 0.8823 0.8820 0.8820 0.8804
5.488465 0.8792 0.8774 0.8755 0.8750 0.8765
5.522430 0.8784 0.8790 0.8790 0.8777 0.8744
5.556395 0.8730 0.8730 0.8730 0.8754 0.8770
5.590360 0.8731 0.8689 0.8680 0.8675 0.8650
5.624325 0.8625 0.8611 0.8569 0.8521 0.8506
5.658290 0.8500 0.8504 0.8510 0.8517 0.8523
5.692255 0.8510 0.8507 0.8494 0.8474 0.8452
5.726220 0.8430 0.8421 0.8377 0.8308 0.8215
5.760185 0.8181 0.8129 0.8066 0.8029 0.7930
5.794150 0.7737 0.7502 0.7403 0.7280 0.7041
5.828115 0.6734 0.6370 0.6035 0.5584 0.5351
5.862080 0.5125 0.4291 0.3741 0.3450 0.3045
5.896045 0.2628 0.2249 0.1991 0.1714 0.1612
5.930010 0.1600 0.1646 0.1690 0.1759 0.1830
5.963975 0.1921 0.2067 0.2235 0.2349 0.2399
5.997940 0.2636 0.2959 0.3252 0.3578 0.4022
6.031905 0.4338 0.4528 0.4848 0.5216 0.5570
6.065870 0.5944 0.6245 0.6533 0.6863 0.7071
6.099835 0.7173 0.7259 0.7334 0.7473 0.7627
6.133800 0.7719 0.7796 0.7920 0.8047 0.8130
6.167765 0.8167 0.8195 0.8212 0.8234 0.8297
6.201730 0.8332 0.8340 0.8339 0.8330 0.8330
6.235695 0.8327 0.8286 0.8243 0.8291 0.8310
6.269660 0.8310 0.8360 0.8389 0.8438 0.8497
6.303625 0.8528 0.8557 0.8578 0.8598 0.8617
6.337590 0.8646 0.8667 0.8678 0.8680 0.8680
6.371555 0.8680 0.8695 0.8715 0.8720 0.8727
6.405520 0.8730 0.8744 0.8763 0.8770 0.8770
6.439485 0.8745 0.8730 0.8742 0.8773 0.8790
6.473450 0.8768 0.8750 0.8750 0.8750 0.8750
6.507415 0.8759 0.8770 0.8779 0.8794 0.8808
6.541380 0.8808 0.8783 0.8763 0.8750 0.8744
6.575345 0.8736 0.8750 0.8744 0.8730 0.8728
6.609310 0.8715 0.8696 0.8678 0.8663 0.8628
6.643275 0.8617 0.8600 0.8598 0.8578 0.8560
6.677240 0.8558 0.8529 0.8510 0.8499 0.8480
6.711205 0.8440 0.8362 0.8292 0.8223 0.8192
6.745170 0.8107 0.8009 0.7956 0.7863 0.7644
6.779135 0.7450 0.7181 0.6951 0.6846 0.6775
6.813100 0.6706 0.6615 0.6472 0.6286 0.6026
6.847065 0.5686 0.5463 0.5311 0.5041 0.4769
6.881030 0.4576 0.4379 0.4151 0.3903 0.3670
6.914995 0.3554 0.3540 0.3520 0.3485 0.3479
6.948960 0.3545 0.3760 0.3984 0.4128 0.4337
6.982925 0.4651 0.5076 0.5473 0.6040 0.6234
7.016890 0.6365 0.6434 0.6571 0.6710 0.6700
7.050855 0.6668 0.6660 0.6633 0.6484 0.6305
7.084820 0.6201 0.6009 0.5859 0.5750 0.5564
7.118785 0.5495 0.5424 0.5308 0.5260 0.5260
7.152750 0.5310 0.5661 0.5910 0.6231 0.6454
7.186715 0.6853 0.7365 0.7605 0.7760 0.7806
7.220680 0.7810 0.7859 0.7870 0.7823 0.7787
7.254645 0.7742 0.7693 0.7615 0.7533 0.7482
7.288610 0.7470 0.7530 0.7605 0.7681 0.7741
7.322575 0.7814 0.7891 0.7937 0.7978 0.8000
7.356540 0.7984 0.7950 0.7925 0.7877 0.7816
7.390505 0.7755 0.7661 0.7639 0.7708 0.7816
7.424470 0.7939 0.8006 0.8101 0.8215 0.8345
7.458435 0.8380 0.8380 0.8388 0.8417 0.8445
7.492400 0.8469 0.8500 0.8496 0.8473 0.8428
7.526365 0.8360 0.8362 0.8383 0.8414 0.8464
7.560330 0.8511 0.8532 0.8581 0.8600 0.8600
7.594295 0.8600 0.8600 0.8600 0.8600 0.8600
7.628260 0.8582 0.8580 0.8563 0.8551 0.8533
7.662225 0.8530 0.8514 0.8502 0.8500 0.8485
7.696190 0.8450 0.8433 0.8394 0.8352 0.8319
7.730155 0.8276 0.8201 0.8029 0.7782 0.7533
7.764120 0.7255 0.7025 0.6843 0.6645 0.6380
7.798085 0.6204 0.6240 0.6407 0.6576 0.6695
7.832050 0.6826 0.6974 0.7060 0.7017 0.6878
7.866015 0.6691 0.6518 0.6367 0.6197 0.5979
7.899980 0.5730 0.5526 0.5370 0.5328 0.5274
7.933945 0.5214 0.5167 0.5061 0.5020 0.5054
7.967910 0.5315 0.5699 0.5893 0.6417 0.6943
8.001875 0.7127 0.7256 0.7424 0.7641 0.7778
8.035840 0.7917 0.7978 0.8065 0.8098 0.8118
8.069805 0.8156 0.8204 0.8210 0.8218 0.8253
8.103770 0.8260 0.8228 0.8212 0.8195 0.8175
8.137735 0.8148 0.8111 0.8043 0.7985 0.7889
8.171700 0.7790 0.7662 0.7470 0.7198 0.6863
8.205665 0.6515 0.6239 0.5990 0.5735 0.5547
8.239630 0.5409 0.5196 0.4916 0.4751 0.4717
8.273595 0.4678 0.4650 0.4702 0.4964 0.5536
8.307560 0.6197 0.6601 0.6788 0.6989 0.7164
8.341525 0.7350 0.7599 0.7739 0.7853 0.7956
8.375490 0.8068 0.8159 0.8252 0.8322 0.8396
8.409455 0.8434 0.8464 0.8501 0.8513 0.8550
8.443420 0.8550 0.8561 0.8580 0.8580 0.8580
8.477385 0.8580 0.8580 0.8580 0.8598 0.8618
8.511350 0.8620 0.8620 0.8620 0.8620 0.8620
8.545315 0.8620 0.8604 0.8600 0.8600 0.8585
8.579280 0.8529 0.8503 0.8500 0.8507 0.8523
8.613245 0.8543 0.8556 0.8572 0.8592 0.8600
8.647210 0.8600 0.8600 0.8586 0.8580 0.8580
8.681175 0.8580 0.8561 0.8525 0.8504 0.8477
8.715140 0.8432 0.8371 0.8302 0.8218 0.8094
8.749105 0.7961 0.7705 0.7375 0.7147 0.6957
8.783070 0.6860 0.6908 0.7026 0.7155 0.7306
8.817035 0.7471 0.7625 0.7718 0.7772 0.7803
8.851000 0.7789 0.7706 0.7598 0.7464 0.7327
8.884965 0.7110 0.6879 0.6569 0.6244 0.5976
8.918930 0.5698 0.5494 0.5425 0.5357 0.5310
8.952895 0.5322 0.5772 0.5969 0.6410 0.6651
8.986860 0.6868 0.7085 0.7302 0.7501 0.7689
9.020825 0.7754 0.7880 0.7959 0.8052 0.8127
9.054790 0.8219 0.8279 0.8321 0.8352 0.8375
9.088755 0.8416 0.8437 0.8454 0.8473 0.8493
9.122720 0.8506 0.8522 0.8542 0.8556 0.8583
9.156685 0.8600 0.8611 0.8625 0.8630 0.8630
9.190650 0.8630 0.8639 0.8659 0.8674 0.8680
9.224615 0.8688 0.8700 0.8700 0.8700 0.8700
9.258580 0.8700 0.8700 0.8694 0.8680 0.8677
9.292545 0.8670 0.8665 0.8650 0.8650 0.8646
9.326510 0.8630 0.8633 0.8650 0.8650 0.8650
9.360475 0.8652 0.8670 0.8671 0.8680 0.8680
9.394440 0.8680 0.8700 0.8720 0.8701 0.8700
9.428405 0.8700 0.8681 0.8680 0.8698 0.8700
9.462370 0.8717 0.8703 0.8683 0.8680 0.8680
9.496335 0.8696 0.8685 0.8680 0.8680 0.8680
9.530300 0.8680 0.8680 0.8680 0.8673 0.8657
9.564265 0.8637 0.8630 0.8630 0.8630 0.8613
9.598230 0.8572 0.8529 0.8510 0.8505 0.8480
9.632195 0.8403 0.8317 0.8246 0.8130 0.7980
9.666160 0.7781 0.7504 0.7227 0.7026 0.6792
9.700125 0.6552 0.6429 0.6380 0.6437 0.6642
9.734090 0.6853 0.7095 0.7311 0.7571 0.7711
9.768055 0.7788 0.7947 0.8051 0.8126 0.8175
9.802020 0.8223 0.8261 0.8270 0.8271 0.8290
9.835985 0.8290 0.8310 0.8310 0.8291 0.8243
9.869950 0.8221 0.8211 0.8192 0.8163 0.8125
9.903915 0.8051 0.8023 0.7979 0.7930 0.7849
9.937880 0.7776 0.7684 0.7548 0.7423 0.7318
9.971845 0.7192 0.7088 0.7027 0.6925 0.6701
10.005810 0.6326 0.6057 0.5919 0.5813 0.5742
10.039775 0.5693 0.5670 0.5711 0.5989 0.6356
10.073740 0.6593 0.6791 0.6942 0.7127 0.7383
10.107705 0.7614 0.7779 0.7850 0.7930 0.7999
10.141670 0.8128 0.8220 0.8304 0.8353 0.8400
10.175635 0.8442 0.8495 0.8556 0.8588 0.8629
10.209600 0.8675 0.8703 0.8721 0.8730 0.8730
10.243565 0.8732 0.8753 0.8790 0.8789 0.8770
10.277530 0.8750 0.8750 0.8750 0.8769 0.8789
10.311495 0.8771 0.8770 0.8752 0.8732 0.8721
10.345460 0.8703 0.8683 0.8672 0.8638 0.8607
10.379425 0.8569 0.8552 0.8469 0.8346 0.8246
10.413390 0.8151 0.8086 0.8024 0.7987 0.7980
10.447355 0.8005 0.8080 0.8202 0.8306 0.8390
10.481320 0.8468 0.8516 0.8555 0.8624 0.8675
10.515285 0.8698 0.8742 0.8783 0.8800 0.8800
10.549250 0.8773 0.8745 0.8780 0.8823 0.8876
10.583215 0.8890 0.8893 0.8900 0.8892 0.8870
10.617180 0.8870 0.8870 0.8870 0.8874 0.8895
10.651145 0.8923 0.8937 0.8920 0.8918 0.8899
10.685110 0.8890 0.8891 0.8902 0.8960 0.8960
10.719075 0.8920 0.8920 0.8852 0.8850 0.8887
10.753040 0.8918 0.8938 0.8922 0.8920 0.8920
10.787005 0.8903 0.8900 0.8892 0.8834 0.8804
10.820970 0.8830 0.8862 0.8870 0.8870 0.8870
10.854935 0.8856 0.8830 0.8800 0.8777 0.8770
10.888900 0.8746 0.8712 0.8671 0.8611 0.8564
10.922865 0.8513 0.8403 0.8310 0.8251 0.8159
10.956830 0.8064 0.8011 0.8000 0.8016 0.8052
10.990795 0.8107 0.8206 0.8308 0.8413 0.8505
11.024760 0.8578 0.8628 0.8658 0.8685 0.8707
11.058725 0.8745 0.8800 0.8808 0.8840 0.8842
11.092690 0.8853 0.8870 0.8870 0.8872 0.8890
11.126655 0.8890 0.8890 0.8890 0.8900 0.8920
11.160620 0.8920 0.8959 0.8960 0.8969 0.8988
11.194585 0.9008 0.9019 0.9020 0.9011 0.8993
11.228550 0.8990 0.8990 0.8974 0.8970 0.8985
11.262515 0.8990 0.9005 0.9017 0.8999 0.8990
11.296480 0.8990 0.8970 0.8966 0.8970 0.8970
11.330445 0.8970 0.8970 0.8970 0.8970 0.8970
11.364410 0.8965 0.8950 0.8940 0.8940 0.8931
11.398375 0.8920 0.8920 0.8928 0.8932 0.8912
11.432340 0.8900 0.8900 0.8897 0.8884 0.8870
11.466305 0.8864 0.8850 0.8850 0.8850 0.8850
11.500270 0.8850 0.8850 0.8848 0.8833 0.8799
11.534235 0.8787 0.8765 0.8729 0.8716 0.8680
11.568200 0.8679 0.8668 0.8620 0.8600 0.8550
11.602165 0.8482 0.8365 0.8275 0.8195 0.8098
11.636130 0.7964 0.7906 0.7709 0.7578 0.7443
11.670095 0.7362 0.7286 0.7231 0.7150 0.7107
11.704060 0.7115 0.7215 0.7286 0.7377 0.7499
11.738025 0.7573 0.7636 0.7704 0.7823 0.7910
11.771990 0.7995 0.8086 0.8142 0.8231 0.8390
11.805955 0.8506 0.8555 0.8604 0.8653 0.8703
11.839920 0.8756 0.8794 0.8816 0.8859 0.8894
11.873885 0.8900 0.8897 0.8890 0.8884 0.8870
11.907850 0.8864 0.8850 0.8855 0.8875 0.8890
11.941815 0.8892 0.8900 0.8900 0.8900 0.8900
11.975780 0.8900 0.8900 0.8900 0.8902 0.8921
12.009745 0.8940 0.8939 0.8900 0.8900 0.8900
12.043710 0.8919 0.8939 0.8921 0.8938 0.8940
12.077675 0.8958 0.8969 0.8987 0.9007 0.9010
12.111640 0.9018 0.9020 0.9020 0.9012 0.8995
12.145605 0.8975 0.8963 0.8960 0.8967 0.8970
12.179570 0.8983 0.9003 0.9042 0.9060 0.9036
12.213535 0.9014 0.8987 0.8965 0.8960 0.8960
12.247500 0.8960 0.8950 0.8916 0.8890 0.8894
12.281465 0.8909 0.8920 0.8920 0.8920 0.8927
12.315430 0.8947 0.8960 0.8970 0.8990 0.8984
12.349395 0.8970 0.8970 0.8970 0.8979 0.9010
12.383360 0.9012 0.9020 0.9027 0.9063 0.9080
12.417325 0.9080 0.9080 0.9078 0.9061 0.9081
12.451290 0.9092 0.9130 0.9140 0.9190 0.9190
12.485255 0.9180 0.9161 0.9132 0.9084 0.9062
12.519220 0.9042 0.8970 0.8926 0.8903 0.8834
12.553185 0.8739 0.8680 0.8631 0.8605 0.8600
12.587150 0.8585 0.8580 0.8580 0.8594 0.8613
12.621115 0.8640 0.8669 0.8692 0.8700 0.8712
12.655080 0.8737 0.8761 0.8786 0.8811 0.8830
12.689045 0.8855 0.8880 0.8895 0.8900 0.8909
12.723010 0.8920 0.8908 0.8890 0.8890 0.8890
12.756975 0.8890 0.8890 0.8893 0.8900 0.8906
12.790940 0.8915 0.8897 0.8885 0.8870 0.8866
12.824905 0.8854 0.8870 0.8870 0.8870 0.8870
12.858870 0.8872 0.8890 0.8890 0.8890 0.8890
12.892835 0.8900 0.8900 0.8900 0.8890 0.8890
12.926800 0.8852 0.8850 0.8822 0.8847 0.8850
12.960765 0.8850 0.8850 0.8850 0.8883 0.8898
12.994730 0.8900 0.8876 0.8870 0.8870 0.8870
13.028695 0.8870 0.8870 0.8870 0.8870 0.8837
13.062660 0.8801 0.8790 0.8796 0.8812 0.8837
13.096625 0.8850 0.8850 0.8850 0.8860 0.8870
13.130590 0.8870 0.8861 0.8850 0.8859 0.8861
13.164555 0.8850 0.8850 0.8850 0.8846 0.8833
13.198520 0.8810 0.8784 0.8776 0.8793 0.8805
13.232485 0.8820 0.8825 0.8840 0.8840 0.8840
13.266450 0.8836 0.8817 0.8800 0.8796 0.8770
13.300415 0.8772 0.8790 0.8789 0.8770 0.8769
13.334380 0.8750 0.8770 0.8770 0.8750 0.8750
13.368345 0.8731 0.8730 0.8730 0.8730 0.8765
13.402310 0.8787 0.8773 0.8753 0.8750 0.8734
13.436275 0.8722 0.8720 0.8705 0.8700 0.8685
13.470240 0.8673 0.8670 0.8677 0.8693 0.8700
13.504205 0.8700 0.8688 0.8674 0.8658 0.8650
13.538170 0.8650 0.8661 0.8686 0.8700 0.8700
13.572135 0.8690 0.8680 0.8675 0.8661 0.8642
13.606100 0.8630 0.8630 0.8637 0.8650 0.8650
13.640065 0.8650 0.8650 0.8650 0.8650 0.8650
13.674030 0.8650 0.8650 0.8646 0.8630 0.8628
13.707995 0.8620 0.8622 0.8629 0.8620 0.8618
13.741960 0.8600 0.8600 0.8598 0.8560 0.8549
13.775925 0.8530 0.8530 0.8530 0.8530 0.8549
13.809890 0.8550 0.8559 0.8578 0.8562 0.8551
13.843855 0.8472 0.8460 0.8518 0.8530 0.8530
13.877820 0.8530 0.8515 0.8503 0.8500 0.8486
13.911785 0.8480 0.8466 0.8460 0.8460 0.8447
13.945750 0.8434 0.8430 0.8430 0.8430 0.8430
13.979715 0.8430 0.8435 0.8440 0.8435 0.8430
14.013680 0.8421 0.8410 0.8419 0.8421 0.8410
14.047645 0.8402 0.8386 0.8373 0.8353 0.8337
14.081610 0.8333 0.8340 0.8346 0.8365 0.8380
14.115575 0.8375 0.8353 0.8330 0.8322 0.8286
14.149540 0.8273 0.8290 0.8290 0.8288 0.8270
14.183505 0.8272 0.8290 0.8289 0.8270 0.8260
14.217470 0.8240 0.8240 0.8240 0.8221 0.8220
14.251435 0.8211 0.8219 0.8220 0.8220 0.8211
14.285400 0.8210 0.8193 0.8190 0.8174 0.8162
14.319365 0.8144 0.8140 0.8140 0.8140 0.8154
14.353330 0.8167 0.8170 0.8170 0.8183 0.8177
14.387295 0.8164 0.8160 0.8148 0.8129 0.8120
14.421260 0.8104 0.8090 0.8080 0.8060 0.8045
14.455225 0.8040 0.8040 0.8031 0.8020 0.8012
14.489190 0.7992 0.7980 0.7980 0.7980 0.7980
14.523155 0.7980 0.7980 0.7977 0.7959 0.7928
14.557120 0.7922 0.7930 0.7930 0.7928 0.7917
14.591085 0.7897 0.7880 0.7880 0.7882 0.7898
14.625050 0.7880 0.7880 0.7880 0.7880 0.7880
14.659015 0.7880 0.7870 0.7851 0.7831 0.7811
14.692980 0.7801 0.7800 0.7782 0.7763 0.7760
14.726945 0.7735 0.7713 0.7702 0.7700 0.7700
14.760910 0.7708 0.7710 0.7710 0.7710 0.7703
14.794875 0.7672 0.7646 0.7633 0.7636 0.7640
14.828840 0.7622 0.7610 0.7598 0.7584 0.7569
14.862805 0.7560 0.7560 0.7560 0.7560 0.7560
14.896770 0.7551 0.7540 0.7531 0.7520 0.7520
14.930735 0.7520 0.7516 0.7503 0.7483 0.7467
14.964700 0.7454 0.7440 0.7435 0.7417 0.7396
14.998665 0.7348 0.7329 0.7276 0.7216 0.7197
15.032630 0.7176 0.7143 0.7098 0.7077 0.7048
15.066595 0.7029 0.7009 0.6998 0.6948 0.6880
15.100560 0.6830 0.6810 0.6810 0.6782 0.6761
15.134525 0.6724 0.6612 0.6573 0.6544 0.6506
15.168490 0.6492 0.6457 0.6329 0.6284 0.6172
15.202455 0.6102 0.6045 0.5986 0.5927 0.5861
15.236420 0.5813 0.5767 0.5717 0.5681 0.5639
15.270385 0.5608 0.5588 0.5580 0.5580 0.5580
15.304350 0.5591 0.5600 0.5610 0.5634 0.5673
15.338315 0.5718 0.5762 0.5811 0.5860 0.5929
15.372280 0.5997 0.6021 0.6071 0.6140 0.6160
15.406245 0.6172 0.6203 0.6221 0.6252 0.6265
15.440210 0.6284 0.6296
##END=
