##TITLE=o-BUTYL, o-(2,4,5-TRICHLOROPHENYL)PHOSPHOR AMIDOTHIOATE
##JCAMP-DX=4.24
##DATA TYPE=INFRARED SPECTRUM
##CLASS=COBLENTZ
##ORIGIN=DOW CHEMICAL COMPANY
##OWNER=COBLENTZ SOCIETY
Collection (C) 2018 copyright by the U.S. Secretary of Commerce
on behalf of the United States of America. All rights reserved.
##DATE=Not specified, most likely prior to 1970
##NAMES=O-butyl O-(2,4,5-trichlorophenyl) amidothiophosphate
##CAS REGISTRY NO=2591-68-6
##MOLFORM=C10 H13 Cl3 N O2 P S
##SOURCE REFERENCE=COBLENTZ NO. 1010
##$NIST SOURCE=COBLENTZ
##$NIST IMAGE=cob1010
##SPECTROMETER/DATA SYSTEM=Not specified, most likely a prism, grating, or hybrid spectrometer.
##STATE=SOLUTION (10% CCl4 FOR 3800-1330, 10% CS2 FOR 1330-450 CM^-^1)
##PATH LENGTH=0.0119 CM, 0.0115 CM
##SAMPLING PROCEDURE=TRANSMISSION
##RESOLUTION=4
##DATA PROCESSING=DIGITIZED BY NIST FROM HARD COPY (FROM TWO SEGMENTS)
##XUNITS=1/CM
##YUNITS=TRANSMITTANCE
##XFACTOR=1.000000
##YFACTOR=1
##DELTAX=1.140688
##FIRSTX=453.232
##LASTX=3781.76
##FIRSTY=0.755
##MAXX=3781.76
##MINX=453.232
##MAXY=1.03
##MINY=0.005
##NPOINTS=2919
##XYDATA=(X++(Y..Y))
453.232000 0.7550 0.7550 0.7570 0.7590 0.7590
458.935441 0.7610 0.7620 0.7640 0.7640 0.7660
464.638882 0.7660 0.7660 0.7660 0.7680 0.7690
470.342323 0.7710 0.7710 0.7710 0.7750 0.7760
476.045763 0.7820 0.7840 0.7890 0.7890 0.7910
481.749204 0.7920 0.7920 0.7960 0.8069 0.8100
487.452645 0.8120 0.8140 0.8190 0.8260 0.8310
493.156086 0.8400 0.8460 0.8490 0.8530 0.8530
498.859527 0.8580 0.8610 0.8670 0.8670 0.8690
504.562968 0.8700 0.8700 0.8720 0.8740 0.8740
510.266408 0.8740 0.8760 0.8760 0.8760 0.8760
515.969849 0.8760 0.8760 0.8760 0.8760 0.8760
521.673290 0.8740 0.8720 0.8670 0.8670 0.8650
527.376731 0.8610 0.8580 0.8471 0.8460 0.8440
533.080172 0.8300 0.8280 0.8240 0.8190 0.8150
538.783613 0.8140 0.8120 0.8120 0.8140 0.8210
544.487054 0.8300 0.8460 0.8470 0.8510 0.8530
550.190494 0.8530 0.8490 0.8400 0.8301 0.8141
555.893935 0.8000 0.7890 0.7730 0.7620 0.7530
561.597376 0.7391 0.7380 0.7390 0.7450 0.7480
567.300817 0.7680 0.7710 0.7820 0.7940 0.8100
573.004258 0.8459 0.8560 0.8859 0.8860 0.8880
578.707699 0.8970 0.9070 0.9090 0.9130 0.9150
584.411139 0.9160 0.9220 0.9230 0.9230 0.9230
590.114580 0.9230 0.9230 0.9230 0.9270 0.9300
595.818021 0.9300 0.9300 0.9300 0.9300 0.9300
601.521462 0.9290 0.9270 0.9250 0.9230 0.9180
607.224903 0.9180 0.9110 0.9060 0.9040 0.8970
612.928344 0.8720 0.8630 0.8560 0.8510 0.8330
618.631785 0.7961 0.7920 0.7820 0.7432 0.7132
624.335225 0.6810 0.6810 0.6990 0.7000 0.7249
630.038666 0.7360 0.7549 0.7530 0.7301 0.7151
635.742107 0.6879 0.6260 0.5710 0.5061 0.4840
641.445548 0.4840 0.4970 0.5319 0.5589 0.5839
647.148989 0.6260 0.6690 0.6880 0.7040 0.7160
652.852430 0.7300 0.7380 0.7390 0.7390 0.7380
658.555870 0.7390 0.7530 0.7620 0.7820 0.7890
664.259311 0.8000 0.8010 0.8030 0.8010 0.8000
669.962752 0.7960 0.7800 0.7530 0.7390 0.7360
675.666193 0.7200 0.5666 0.4635 0.3576 0.2516
681.369634 0.2511 0.3640 0.3870 0.4349 0.5158
687.073075 0.5160 0.4582 0.4461 0.4142 0.4140
692.776516 0.4531 0.6120 0.6669 0.7039 0.7529
698.479956 0.7759 0.7959 0.7960 0.7920 0.7870
704.183397 0.7840 0.7750 0.7610 0.7500 0.7250
709.886838 0.7060 0.6861 0.5983 0.5154 0.4762
715.590279 0.4189 0.3520 0.3290 0.3270 0.3290
721.293720 0.3519 0.3819 0.3959 0.4577 0.4968
726.997161 0.5321 0.5960 0.6030 0.6030 0.5980
732.700601 0.5761 0.5571 0.5411 0.5291 0.5290
738.404042 0.5320 0.5500 0.5590 0.6099 0.6699
744.107483 0.6929 0.7040 0.7229 0.7449 0.7619
749.810924 0.7730 0.7780 0.7850 0.7920 0.8000
755.514365 0.8070 0.8100 0.8259 0.8330 0.8459
761.217806 0.8510 0.8540 0.8580 0.8600 0.8600
766.921247 0.8580 0.8560 0.8540 0.8530 0.8510
772.624687 0.8470 0.8420 0.8350 0.8280 0.8260
778.328128 0.8150 0.8080 0.8000 0.7751 0.7551
784.031569 0.7380 0.7270 0.7110 0.6900 0.6700
789.735010 0.6490 0.6420 0.5982 0.5751 0.5680
795.438451 0.5550 0.5380 0.5150 0.5110 0.4950
801.141892 0.4970 0.5110 0.5180 0.5270 0.5360
806.845332 0.5610 0.5840 0.5910 0.5920 0.5910
812.548773 0.5890 0.5840 0.5730 0.5621 0.5361
818.252214 0.5150 0.4970 0.4540 0.3871 0.3640
823.955655 0.3391 0.2543 0.2301 0.1763 0.1482
829.659096 0.0880 0.0810 0.0700 0.0670 0.0630
835.362537 0.0610 0.0610 0.0630 0.0650 0.0720
841.065978 0.0790 0.0950 0.0990 0.1020 0.1090
846.769418 0.1150 0.1250 0.1479 0.1689 0.1869
852.472859 0.2050 0.2100 0.2260 0.2470 0.2690
858.176300 0.2880 0.2920 0.3060 0.3299 0.3390
863.879741 0.3500 0.3760 0.4330 0.4560 0.4720
869.583182 0.4720 0.4650 0.4580 0.4421 0.4171
875.286623 0.3849 0.3459 0.2720 0.1981 0.0972
880.990063 0.0970 0.0990 0.1000 0.1199 0.1518
886.693504 0.1981 0.2540 0.2970 0.3500 0.3869
892.396945 0.4139 0.4150 0.4190 0.4210 0.4210
898.100386 0.4240 0.4420 0.4540 0.4740 0.4920
903.803827 0.5110 0.5289 0.5300 0.5300 0.5290
909.507268 0.5270 0.5230 0.5220 0.5180 0.5070
915.210709 0.5060 0.4950 0.4830 0.4691 0.4531
920.914149 0.4330 0.4080 0.3850 0.3620 0.3410
926.617590 0.3221 0.2991 0.2791 0.2561 0.2262
932.321031 0.2080 0.2000 0.1870 0.1840 0.1760
938.024472 0.1750 0.1730 0.1620 0.1570 0.1480
943.727913 0.1380 0.1250 0.0790 0.0600 0.0400
949.431354 0.0190 0.0140 0.0100 0.0100 0.0100
955.134794 0.0120 0.0120 0.0150 0.0240 0.0330
960.838235 0.0420 0.0490 0.0669 0.0859 0.1059
966.541676 0.1320 0.1380 0.1380 0.1340 0.1290
972.245117 0.1160 0.0951 0.0920 0.0900 0.0900
977.948558 0.0920 0.0930 0.0950 0.0970 0.0990
983.651999 0.1000 0.1020 0.1060 0.1090 0.1150
989.355440 0.1160 0.1290 0.1380 0.1430 0.1450
995.058880 0.1530 0.1610 0.1660 0.1760 0.1939
1000.762321 0.2030 0.2080 0.2120 0.2120 0.2170
1006.465762 0.2210 0.2260 0.2330 0.2370 0.2380
1012.169203 0.2420 0.2440 0.2400 0.2240 0.2120
1017.872644 0.1940 0.1731 0.1481 0.0773 0.0611
1023.576085 0.0530 0.0510 0.0510 0.0510 0.0530
1029.279525 0.0580 0.0610 0.0720 0.0760 0.0899
1034.982966 0.1020 0.1070 0.1130 0.1220 0.1250
1040.686407 0.1460 0.1590 0.1660 0.1730 0.1849
1046.389848 0.2120 0.2280 0.2700 0.3160 0.3549
1052.093289 0.3839 0.4079 0.4080 0.4070 0.3732
1057.796730 0.3460 0.3150 0.2840 0.2530 0.2530
1063.500171 0.2720 0.3059 0.3339 0.3589 0.3779
1069.203611 0.3850 0.4000 0.4210 0.4630 0.4830
1074.907052 0.4840 0.4830 0.4740 0.4541 0.2540
1080.610493 0.1958 0.0839 0.0300 0.0300 0.0650
1086.313934 0.0999 0.1708 0.2418 0.3127 0.3837
1092.017375 0.4493 0.6171 0.6600 0.7020 0.7340
1097.720816 0.7570 0.7889 0.7980 0.8080 0.8259
1103.424256 0.8310 0.8350 0.8370 0.8350 0.8330
1109.127697 0.8300 0.8260 0.8230 0.8071 0.7911
1114.831138 0.7690 0.7430 0.7220 0.6760 0.6560
1120.534579 0.6071 0.5182 0.4333 0.3712 0.2993
1126.238020 0.2210 0.2210 0.2400 0.2900 0.4228
1131.941461 0.4609 0.4949 0.5319 0.5589 0.6376
1137.644902 0.6700 0.6921 0.7520 0.7640 0.7910
1143.348342 0.7940 0.7940 0.7910 0.7910 0.7890
1149.051783 0.7870 0.7870 0.7940 0.8050 0.8260
1154.755224 0.8600 0.8720 0.8880 0.9039 0.9110
1160.458665 0.9160 0.9200 0.9230 0.9220 0.9220
1166.162106 0.9200 0.9220 0.9230 0.9290 0.9380
1171.865547 0.9460 0.9620 0.9690 0.9760 0.9840
1177.568987 0.9850 0.9840 0.9780 0.9780 0.9760
1183.272428 0.9780 0.9800 0.9840 0.9920 0.9940
1188.975869 0.9960 0.9960 0.9980 1.0000 1.0010
1194.679310 1.0010 1.0030 1.0030 1.0030 1.0030
1200.382751 1.0010 1.0010 0.9980 0.9960 0.9940
1206.086192 0.9920 0.9920 0.9910 0.9890 0.9870
1211.789633 0.9850 0.9840 0.9750 0.9621 0.9610
1217.493073 0.9569 0.9270 0.9230 0.9180 0.9040
1223.196514 0.8860 0.8610 0.8371 0.8151 0.7712
1228.899955 0.7360 0.7179 0.6810 0.6600 0.6330
1234.603396 0.6070 0.5820 0.5551 0.5430 0.5291
1240.306837 0.4839 0.4379 0.3609 0.2860 0.2610
1246.010278 0.2420 0.2380 0.2380 0.2420 0.2530
1251.713718 0.2691 0.2930 0.3090 0.3360 0.3820
1257.417159 0.4399 0.4739 0.5039 0.5389 0.5709
1263.120600 0.6531 0.6830 0.7060 0.7220 0.7390
1268.824041 0.7530 0.7680 0.7760 0.8099 0.8419
1274.527482 0.8610 0.8690 0.8840 0.8930 0.9090
1280.230923 0.9130 0.9230 0.9360 0.9410 0.9430
1285.934364 0.9460 0.9500 0.9520 0.9520 0.9500
1291.637804 0.9480 0.9460 0.9430 0.9430 0.9380
1297.341245 0.9360 0.9320 0.9320 0.9320 0.9300
1303.044686 0.9300 0.9320 0.9320 0.9340 0.9340
1308.748127 0.9360 0.9360 0.9380 0.9390 0.9480
1314.451568 0.9520 0.9550 0.9570 0.9590 0.9590
1320.155009 0.9590 0.9590 0.9570 0.9550 0.9520
1325.858449 0.9480 0.9430 0.9390 0.9360 0.9340
1331.561890 0.9320 0.9250 0.9090 0.8930 0.8760
1337.265331 0.8690 0.8630 0.8460 0.8241 0.7613
1342.968772 0.7059 0.6759 0.6009 0.4990 0.3891
1348.672213 0.2831 0.0614 0.0610 0.1019 0.1408
1354.375654 0.1592 0.2532 0.3661 0.5060 0.6079
1360.079095 0.6539 0.7268 0.7908 0.8508 0.8759
1365.782535 0.8970 0.9060 0.9090 0.9150 0.9150
1371.485976 0.9180 0.9180 0.9180 0.9160 0.9130
1377.189417 0.9090 0.9060 0.8930 0.8700 0.8420
1382.892858 0.8030 0.8030 0.8140 0.8300 0.8459
1388.596299 0.8560 0.8650 0.8690 0.8740 0.8840
1394.299740 0.8840 0.8920 0.8970 0.9040 0.9130
1400.003180 0.9230 0.9270 0.9300 0.9360 0.9410
1405.706621 0.9410 0.9410 0.9390 0.9390 0.9390
1411.410062 0.9380 0.9380 0.9360 0.9360 0.9320
1417.113503 0.9270 0.9270 0.9230 0.9200 0.9160
1422.816944 0.9130 0.9090 0.9060 0.9040 0.8950
1428.520385 0.8920 0.8860 0.8760 0.8561 0.8301
1434.223826 0.8120 0.8100 0.8080 0.8080 0.8080
1439.927266 0.8050 0.7960 0.7890 0.7571 0.7391
1445.630707 0.6999 0.6688 0.5959 0.5149 0.4300
1451.334148 0.3320 0.0653 0.0460 0.0280 0.0081
1457.037589 0.0070 0.0050 0.0050 0.0070 0.0070
1462.741030 0.0120 0.0190 0.0489 0.0610 0.0809
1468.444471 0.1001 0.1362 0.2011 0.2900 0.3390
1474.147911 0.3570 0.3750 0.3760 0.3910 0.3980
1479.851352 0.4080 0.4190 0.4300 0.4380 0.4380
1485.554793 0.4490 0.4600 0.4700 0.4830 0.5069
1491.258234 0.5450 0.5570 0.5680 0.5800 0.5920
1496.961675 0.6070 0.6380 0.6460 0.6560 0.6670
1502.665116 0.6760 0.6830 0.6840 0.6840 0.6810
1508.368557 0.6790 0.6760 0.6740 0.6670 0.6580
1514.071997 0.6490 0.6370 0.6240 0.6140 0.6080
1519.775438 0.6010 0.5940 0.5391 0.5380 0.5360
1525.478879 0.5109 0.4829 0.4610 0.4370 0.4150
1531.182320 0.3680 0.3161 0.2671 0.1762 0.1341
1536.885761 0.1340 0.1460 0.1520 0.1690 0.1940
1542.589202 0.2030 0.2070 0.2140 0.2300 0.2440
1548.292642 0.2511 0.2670 0.2860 0.3040 0.3180
1553.996083 0.3380 0.3380 0.3250 0.3270 0.3908
1559.699524 0.4370 0.4510 0.4600 0.4720 0.4840
1565.402965 0.5160 0.5290 0.5340 0.5659 0.5710
1571.106406 0.5780 0.5800 0.5800 0.5760 0.5710
1576.809847 0.5550 0.5530 0.5450 0.5151 0.4831
1582.513288 0.4831 0.5060 0.5070 0.5360 0.5520
1588.216728 0.5920 0.6459 0.6739 0.7019 0.7269
1593.920169 0.7341 0.7550 0.7680 0.7800 0.7920
1599.623610 0.8080 0.8240 0.8460 0.8610 0.8770
1605.327051 0.8790 0.8881 0.9070 0.9130 0.9180
1611.030492 0.9290 0.9410 0.9480 0.9570 0.9680
1616.733933 0.9690 0.9730 0.9760 0.9800 0.9820
1622.437373 0.9840 0.9870 0.9890 0.9910 0.9940
1628.140814 0.9960 0.9960 0.9980 1.0000 1.0010
1633.844255 1.0050 1.0070 1.0080 1.0100 1.0150
1639.547696 1.0150 1.0170 1.0210 1.0230 1.0240
1645.251137 1.0280 1.0300 1.0300 1.0280 1.0280
1650.954578 1.0280 1.0240 1.0190 1.0170 1.0170
1656.658019 1.0170 1.0150 1.0150 1.0140 1.0100
1662.361459 1.0100 1.0080 1.0070 1.0050 1.0030
1668.064900 1.0050 1.0050 1.0030 1.0030 1.0010
1673.768341 0.9980 1.0000 1.0000 1.0010 1.0010
1679.471782 1.0010 1.0010 1.0010 1.0050 1.0070
1685.175223 1.0100 1.0070 1.0070 1.0070 1.0070
1690.878664 1.0100 1.0100 1.0120 1.0140 1.0140
1696.582104 1.0150 1.0140 1.0140 1.0140 1.0120
1702.285545 1.0140 1.0140 1.0150 1.0150 1.0140
1707.988986 1.0140 1.0120 1.0120 1.0100 1.0120
1713.692427 1.0120 1.0100 1.0100 1.0080 1.0070
1719.395868 1.0070 1.0050 1.0050 0.9980 0.9960
1725.099309 0.9960 0.9940 0.9940 0.9940 0.9920
1730.802750 0.9870 0.9780 0.9760 0.9750 0.9750
1736.506190 0.9750 0.9730 0.9730 0.9750 0.9780
1742.209631 0.9800 0.9840 0.9850 0.9920 0.9960
1747.913072 0.9980 1.0000 1.0050 1.0070 1.0070
1753.616513 1.0070 1.0120 1.0140 1.0150 1.0150
1759.319954 1.0150 1.0170 1.0150 1.0150 1.0140
1765.023395 1.0120 1.0120 1.0120 1.0120 1.0150
1770.726835 1.0150 1.0150 1.0150 1.0120 1.0120
1776.430276 1.0100 1.0100 1.0080 1.0080 1.0100
1782.133717 1.0100 1.0120 1.0120 1.0100 1.0100
1787.837158 1.0080 1.0070 1.0030 1.0050 1.0050
1793.540599 1.0050 1.0050 1.0030 1.0030 1.0050
1799.244040 1.0050 1.0010 1.0010 0.9980 0.9960
1804.947481 0.9960 0.9960 0.9980 1.0000 1.0010
1810.650921 1.0030 1.0010 1.0010 1.0000 1.0010
1816.354362 1.0030 1.0030 1.0030 1.0030 1.0010
1822.057803 1.0000 1.0000 1.0010 1.0010 1.0010
1827.761244 1.0030 1.0050 1.0050 1.0070 1.0070
1833.464685 1.0070 1.0080 1.0080 1.0070 1.0070
1839.168126 1.0070 1.0070 1.0070 1.0050 1.0050
1844.871566 1.0070 1.0080 1.0080 1.0080 1.0080
1850.575007 1.0080 1.0080 1.0080 1.0080 1.0080
1856.278448 1.0080 1.0080 1.0070 1.0050 1.0030
1861.981889 1.0030 1.0050 1.0070 1.0080 1.0120
1867.685330 1.0120 1.0070 1.0050 1.0050 1.0070
1873.388771 1.0080 1.0120 1.0120 1.0140 1.0140
1879.092212 1.0150 1.0140 1.0140 1.0120 1.0150
1884.795652 1.0150 1.0150 1.0150 1.0170 1.0170
1890.499093 1.0170 1.0170 1.0190 1.0190 1.0210
1896.202534 1.0190 1.0190 1.0210 1.0210 1.0210
1901.905975 1.0210 1.0210 1.0210 1.0210 1.0210
1907.609416 1.0210 1.0210 1.0210 1.0210 1.0210
1913.312857 1.0210 1.0210 1.0190 1.0190 1.0190
1919.016297 1.0190 1.0190 1.0190 1.0210 1.0190
1924.719738 1.0210 1.0210 1.0210 1.0230 1.0230
1930.423179 1.0230 1.0230 1.0230 1.0230 1.0230
1936.126620 1.0230 1.0210 1.0190 1.0170 1.0190
1941.830061 1.0190 1.0190 1.0190 1.0190 1.0190
1947.533502 1.0170 1.0190 1.0210 1.0240 1.0230
1953.236943 1.0190 1.0190 1.0170 1.0170 1.0170
1958.940383 1.0170 1.0170 1.0170 1.0170 1.0170
1964.643824 1.0170 1.0170 1.0170 1.0170 1.0150
1970.347265 1.0150 1.0140 1.0140 1.0150 1.0170
1976.050706 1.0190 1.0190 1.0190 1.0190 1.0190
1981.754147 1.0190 1.0190 1.0190 1.0190 1.0190
1987.457588 1.0190 1.0190 1.0190 1.0170 1.0170
1993.161028 1.0170 1.0170 1.0170 1.0170 1.0170
1998.864469 1.0170 1.0150 1.0150 1.0150 1.0145
2004.567910 1.0140 1.0140 1.0140 1.0130 1.0120
2010.271351 1.0120 1.0120 1.0110 1.0100 1.0100
2015.974792 1.0100 1.0090 1.0080 1.0080 1.0080
2021.678233 1.0075 1.0070 1.0070 1.0070 1.0075
2027.381674 1.0080 1.0080 1.0080 1.0080 1.0080
2033.085114 1.0080 1.0080 1.0090 1.0100 1.0100
2038.788555 1.0100 1.0100 1.0100 1.0100 1.0100
2044.491996 1.0110 1.0120 1.0130 1.0140 1.0145
2050.195437 1.0150 1.0150 1.0150 1.0145 1.0140
2055.898878 1.0140 1.0140 1.0140 1.0140 1.0140
2061.602319 1.0140 1.0130 1.0120 1.0120 1.0120
2067.305759 1.0131 1.0140 1.0145 1.0151 1.0161
2073.009200 1.0170 1.0170 1.0170 1.0170 1.0170
2078.712641 1.0170 1.0170 1.0170 1.0170 1.0170
2084.416082 1.0169 1.0154 1.0140 1.0140 1.0140
2090.119523 1.0140 1.0140 1.0140 1.0140 1.0140
2095.822964 1.0140 1.0145 1.0151 1.0161 1.0170
2101.526405 1.0170 1.0171 1.0181 1.0190 1.0190
2107.229845 1.0190 1.0190 1.0190 1.0190 1.0190
2112.933286 1.0190 1.0189 1.0179 1.0170 1.0170
2118.636727 1.0169 1.0159 1.0150 1.0150 1.0152
2124.340168 1.0172 1.0190 1.0190 1.0189 1.0179
2130.043609 1.0170 1.0170 1.0170 1.0170 1.0171
2135.747050 1.0181 1.0190 1.0190 1.0190 1.0190
2141.450490 1.0190 1.0190 1.0190 1.0190 1.0189
2147.153931 1.0179 1.0170 1.0170 1.0170 1.0170
2152.857372 1.0170 1.0170 1.0170 1.0170 1.0170
2158.560813 1.0170 1.0170 1.0170 1.0170 1.0170
2164.264254 1.0169 1.0159 1.0150 1.0150 1.0150
2169.967695 1.0150 1.0150 1.0150 1.0149 1.0144
2175.671136 1.0137 1.0117 1.0100 1.0100 1.0099
2181.374576 1.0089 1.0080 1.0080 1.0082 1.0092
2187.078017 1.0102 1.0112 1.0120 1.0120 1.0122
2192.781458 1.0132 1.0144 1.0169 1.0185 1.0150
2198.484899 1.0120 1.0120 1.0120 1.0120 1.0122
2204.188340 1.0132 1.0140 1.0140 1.0140 1.0140
2209.891781 1.0140 1.0140 1.0140 1.0140 1.0143
2215.595221 1.0158 1.0170 1.0170 1.0170 1.0170
2221.298662 1.0170 1.0170 1.0172 1.0182 1.0188
2227.002103 1.0178 1.0170 1.0170 1.0170 1.0170
2232.705544 1.0172 1.0182 1.0190 1.0190 1.0188
2238.408985 1.0178 1.0170 1.0170 1.0172 1.0182
2244.112426 1.0190 1.0190 1.0183 1.0148 1.0118
2249.815867 1.0108 1.0102 1.0112 1.0122 1.0132
2255.519307 1.0140 1.0140 1.0138 1.0128 1.0120
2261.222748 1.0120 1.0116 1.0096 1.0079 1.0074
2266.926189 1.0066 1.0046 1.0030 1.0030 1.0030
2272.629630 1.0030 1.0030 1.0030 1.0028 1.0018
2278.333071 1.0007 0.9992 0.9978 0.9968 0.9960
2284.036512 0.9960 0.9958 0.9948 0.9938 0.9928
2289.739952 0.9919 0.9914 0.9908 0.9898 0.9888
2295.443393 0.9878 0.9867 0.9857 0.9850 0.9850
2301.146834 0.9850 0.9850 0.9853 0.9863 0.9870
2306.850275 0.9870 0.9872 0.9882 0.9892 0.9902
2312.553716 0.9911 0.9916 0.9920 0.9920 0.9922
2318.257157 0.9933 0.9943 0.9953 0.9960 0.9960
2323.960598 0.9963 0.9973 0.9980 0.9980 0.9983
2329.664038 0.9993 1.0000 1.0000 1.0000 1.0000
2335.367479 1.0000 1.0000 1.0001 1.0006 1.0010
2341.070920 1.0010 1.0010 1.0010 1.0010 1.0010
2346.774361 1.0013 1.0023 1.0030 1.0030 1.0030
2352.477802 1.0030 1.0030 1.0030 1.0033 1.0043
2358.181243 1.0050 1.0050 1.0050 1.0050 1.0053
2363.884683 1.0063 1.0070 1.0070 1.0070 1.0070
2369.588124 1.0070 1.0070 1.0072 1.0076 1.0080
2375.291565 1.0080 1.0080 1.0080 1.0080 1.0080
2380.995006 1.0086 1.0106 1.0120 1.0120 1.0114
2386.698447 1.0094 1.0090 1.0120 1.0140 1.0140
2392.401888 1.0140 1.0140 1.0140 1.0140 1.0140
2398.105329 1.0140 1.0140 1.0140 1.0140 1.0140
2403.808769 1.0137 1.0127 1.0117 1.0107 1.0100
2409.512210 1.0100 1.0096 1.0087 1.0080 1.0080
2415.215651 1.0080 1.0080 1.0080 1.0080 1.0080
2420.919092 1.0080 1.0083 1.0093 1.0100 1.0100
2426.622533 1.0103 1.0113 1.0120 1.0120 1.0120
2432.325974 1.0120 1.0120 1.0120 1.0120 1.0120
2438.029414 1.0124 1.0134 1.0136 1.0126 1.0120
2443.732855 1.0120 1.0120 1.0120 1.0120 1.0120
2449.436296 1.0125 1.0140 1.0150 1.0150 1.0141
2455.139737 1.0115 1.0100 1.0100 1.0096 1.0086
2460.843178 1.0078 1.0073 1.0066 1.0056 1.0050
2466.546619 1.0050 1.0050 1.0050 1.0046 1.0036
2472.250060 1.0020 0.9995 0.9980 0.9980 0.9980
2477.953500 0.9980 0.9976 0.9966 0.9964 0.9974
2483.656941 0.9980 0.9980 0.9980 0.9980 0.9980
2489.360382 0.9980 0.9976 0.9966 0.9960 0.9960
2495.063823 0.9960 0.9960 0.9960 0.9960 0.9960
2500.767264 0.9960 0.9960 0.9960 0.9960 0.9960
2506.470705 0.9960 0.9960 0.9960 0.9960 0.9964
2512.174145 0.9974 0.9980 0.9980 0.9980 0.9980
2517.877586 0.9980 0.9980 0.9984 0.9994 1.0000
2523.581027 1.0000 1.0000 1.0000 0.9996 0.9986
2529.284468 0.9984 0.9994 1.0000 1.0000 1.0002
2534.987909 1.0007 1.0014 1.0024 1.0034 1.0044
2540.691350 1.0050 1.0050 1.0054 1.0064 1.0070
2546.394791 1.0070 1.0070 1.0070 1.0070 1.0070
2552.098231 1.0070 1.0070 1.0070 1.0070 1.0072
2557.801672 1.0077 1.0080 1.0080 1.0089 1.0109
2563.505113 1.0120 1.0120 1.0120 1.0120 1.0120
2569.208554 1.0120 1.0115 1.0105 1.0095 1.0085
2574.911995 1.0080 1.0080 1.0078 1.0073 1.0070
2580.615436 1.0070 1.0070 1.0070 1.0070 1.0070
2586.318876 1.0070 1.0070 1.0070 1.0070 1.0070
2592.022317 1.0070 1.0065 1.0055 1.0050 1.0050
2597.725758 1.0055 1.0065 1.0073 1.0077 1.0085
2603.429199 1.0095 1.0105 1.0115 1.0120 1.0120
2609.132640 1.0125 1.0135 1.0143 1.0148 1.0150
2614.836081 1.0150 1.0150 1.0150 1.0150 1.0150
2620.539522 1.0150 1.0150 1.0150 1.0150 1.0150
2626.242962 1.0150 1.0150 1.0150 1.0150 1.0150
2631.946403 1.0150 1.0150 1.0150 1.0150 1.0150
2637.649844 1.0150 1.0155 1.0165 1.0170 1.0170
2643.353285 1.0170 1.0170 1.0170 1.0170 1.0165
2649.056726 1.0155 1.0150 1.0150 1.0147 1.0142
2654.760167 1.0135 1.0125 1.0120 1.0120 1.0109
2660.463607 1.0089 1.0080 1.0080 1.0077 1.0072
2666.167048 1.0070 1.0070 1.0070 1.0070 1.0070
2671.870489 1.0070 1.0065 1.0055 1.0050 1.0050
2677.573930 1.0050 1.0050 1.0039 1.0019 1.0002
2683.277371 0.9986 0.9980 0.9980 0.9974 0.9964
2688.980812 0.9966 0.9976 0.9980 0.9980 0.9986
2694.684253 0.9996 1.0000 1.0000 1.0009 1.0024
2700.387693 1.0036 1.0046 1.0056 1.0066 1.0070
2706.091134 1.0070 1.0070 1.0070 1.0070 1.0070
2711.794575 1.0064 1.0054 1.0044 1.0034 1.0030
2717.498016 1.0030 1.0024 1.0014 1.0010 1.0010
2723.201457 1.0010 1.0010 1.0007 1.0002 0.9982
2728.904898 0.9952 0.9940 0.9940 0.9946 0.9956
2734.608338 0.9960 0.9960 0.9960 0.9960 0.9954
2740.311779 0.9944 0.9940 0.9940 0.9946 0.9956
2746.015220 0.9966 0.9976 0.9986 0.9996 1.0000
2751.718661 1.0000 1.0000 1.0000 1.0000 1.0000
2757.422102 1.0000 1.0000 1.0003 1.0008 1.0010
2763.125543 1.0010 1.0007 1.0002 1.0000 1.0000
2768.828984 0.9994 0.9984 0.9986 0.9996 1.0000
2774.532424 1.0000 0.9993 0.9983 0.9980 0.9980
2780.235865 0.9973 0.9964 0.9947 0.9927 0.9917
2785.939306 0.9912 0.9910 0.9910 0.9904 0.9894
2791.642747 0.9884 0.9874 0.9864 0.9854 0.9840
2797.346188 0.9825 0.9800 0.9770 0.9743 0.9718
2803.049629 0.9703 0.9693 0.9690 0.9690 0.9687
2808.753069 0.9682 0.9673 0.9663 0.9660 0.9660
2814.456510 0.9660 0.9660 0.9653 0.9643 0.9630
2820.159951 0.9615 0.9603 0.9593 0.9576 0.9556
2825.863392 0.9543 0.9533 0.9520 0.9505 0.9469
2831.566833 0.9424 0.9386 0.9351 0.9302 0.9247
2837.270274 0.9175 0.9095 0.8988 0.8868 0.8823
2842.973715 0.8813 0.8817 0.8827 0.8834 0.8839
2848.677155 0.8836 0.8831 0.8809 0.8779 0.8745
2854.380596 0.8710 0.8682 0.8657 0.8527 0.8352
2860.084037 0.8057 0.7712 0.7529 0.7414 0.7170
2865.787478 0.6871 0.6688 0.6548 0.6379 0.6199
2871.490919 0.6015 0.5831 0.5664 0.5504 0.5460
2877.194360 0.5460 0.5968 0.6667 0.6925 0.7015
2882.897800 0.7232 0.7497 0.7563 0.7553 0.7466
2888.601241 0.7349 0.7223 0.7093 0.7034 0.6999
2894.304682 0.6968 0.6938 0.6926 0.6921 0.6920
2900.008123 0.6920 0.6920 0.6920 0.6920 0.6920
2905.711564 0.6913 0.6903 0.6878 0.6848 0.6829
2911.415005 0.6814 0.6795 0.6775 0.6770 0.6770
2917.118446 0.6759 0.6744 0.6690 0.6625 0.6537
2922.821886 0.6442 0.6286 0.6111 0.5906 0.5691
2928.525327 0.5236 0.4706 0.4504 0.4404 0.4380
2934.228768 0.4380 0.4533 0.4728 0.4841 0.4931
2939.932209 0.4966 0.4986 0.5017 0.5052 0.5107
2945.635650 0.5167 0.5145 0.5100 0.4961 0.4796
2951.339091 0.4463 0.4083 0.3860 0.3680 0.3478
2957.042531 0.3270 0.3061 0.2851 0.2645 0.2440
2962.745972 0.2239 0.2039 0.2000 0.2000 0.2325
2968.449413 0.2730 0.2822 0.2837 0.3152 0.3542
2974.152854 0.3996 0.4466 0.4880 0.5280 0.5789
2979.856295 0.6326 0.6721 0.7086 0.7331 0.7551
2985.559736 0.7763 0.7973 0.8199 0.8429 0.8564
2991.263177 0.8679 0.8774 0.8864 0.8929 0.8989
2996.966617 0.9037 0.9082 0.9119 0.9154 0.9206
3002.670058 0.9261 0.9283 0.9298 0.9300 0.9300
3008.373499 0.9300 0.9300 0.9300 0.9300 0.9300
3014.076940 0.9300 0.9308 0.9318 0.9328 0.9338
3019.780381 0.9357 0.9377 0.9401 0.9426 0.9468
3025.483822 0.9514 0.9520 0.9520 0.9524 0.9529
3031.187262 0.9530 0.9530 0.9530 0.9530 0.9526
3036.890703 0.9521 0.9520 0.9520 0.9520 0.9520
3042.594144 0.9511 0.9501 0.9479 0.9454 0.9433
3048.297585 0.9412 0.9397 0.9382 0.9371 0.9361
3054.001026 0.9334 0.9304 0.9287 0.9272 0.9261
3059.704467 0.9251 0.9241 0.9231 0.9226 0.9221
3065.407908 0.9220 0.9220 0.9220 0.9220 0.9224
3071.111348 0.9230 0.9230 0.9230 0.9239 0.9249
3076.814789 0.9250 0.9250 0.9250 0.9250 0.9237
3082.518230 0.9222 0.9211 0.9201 0.9075 0.8935
3088.221671 0.8808 0.8683 0.8621 0.8566 0.8433
3093.925112 0.8291 0.8280 0.8280 0.8482 0.8702
3099.628553 0.8890 0.9075 0.9150 0.9215 0.9225
3105.331993 0.9230 0.9280 0.9335 0.9395 0.9455
3111.035434 0.9501 0.9546 0.9550 0.9550 0.9569
3116.738875 0.9589 0.9604 0.9619 0.9629 0.9639
3122.442316 0.9649 0.9659 0.9660 0.9660 0.9660
3128.145757 0.9660 0.9669 0.9679 0.9680 0.9680
3133.849198 0.9685 0.9690 0.9690 0.9690 0.9690
3139.552639 0.9690 0.9690 0.9690 0.9690 0.9690
3145.256079 0.9690 0.9690 0.9685 0.9680 0.9680
3150.959520 0.9680 0.9670 0.9660 0.9660 0.9660
3156.662961 0.9641 0.9621 0.9620 0.9620 0.9615
3162.366402 0.9610 0.9600 0.9590 0.9580 0.9570
3168.069843 0.9560 0.9550 0.9550 0.9550 0.9540
3173.773284 0.9530 0.9525 0.9520 0.9510 0.9500
3179.476724 0.9490 0.9480 0.9465 0.9450 0.9440
3185.180165 0.9430 0.9405 0.9380 0.9370 0.9360
3190.883606 0.9350 0.9340 0.9340 0.9340 0.9330
3196.587047 0.9320 0.9310 0.9300 0.9275 0.9250
3202.290488 0.9235 0.9220 0.9210 0.9200 0.9190
3207.993929 0.9180 0.9155 0.9130 0.9110 0.9090
3213.697370 0.9075 0.9059 0.9014 0.8970 0.8970
3219.400810 0.8970 0.8945 0.8920 0.8900 0.8880
3225.104251 0.8860 0.8840 0.8805 0.8770 0.8755
3230.807692 0.8739 0.8719 0.8699 0.8674 0.8649
3236.511133 0.8614 0.8579 0.8559 0.8540 0.8535
3242.214574 0.8530 0.8520 0.8509 0.8489 0.8468
3247.918015 0.8408 0.8349 0.8324 0.8300 0.8290
3253.621455 0.8280 0.8280 0.8276 0.8196 0.8120
3259.324896 0.8120 0.8119 0.8094 0.8068 0.8039
3265.028337 0.8009 0.7984 0.7959 0.7934 0.7909
3270.731778 0.7879 0.7849 0.7834 0.7819 0.7799
3276.435219 0.7778 0.7753 0.7728 0.7703 0.7678
3282.138660 0.7643 0.7608 0.7578 0.7547 0.7502
3287.842101 0.7459 0.7444 0.7429 0.7419 0.7409
3293.545541 0.7399 0.7390 0.7385 0.7379 0.7369
3299.248982 0.7359 0.7349 0.7340 0.7340 0.7340
3304.952423 0.7340 0.7340 0.7340 0.7341 0.7351
3310.655864 0.7360 0.7360 0.7361 0.7371 0.7380
3316.359305 0.7385 0.7391 0.7401 0.7410 0.7410
3322.062746 0.7412 0.7432 0.7450 0.7450 0.7449
3327.766186 0.7439 0.7430 0.7430 0.7429 0.7419
3333.469627 0.7410 0.7410 0.7410 0.7410 0.7409
3339.173068 0.7399 0.7390 0.7390 0.7388 0.7373
3344.876509 0.7359 0.7349 0.7340 0.7340 0.7337
3350.579950 0.7317 0.7297 0.7272 0.7248 0.7233
3356.283391 0.7211 0.7136 0.7062 0.7003 0.6946
3361.986832 0.6911 0.6874 0.6829 0.6769 0.6602
3367.690272 0.6428 0.6213 0.6020 0.5950 0.5870
3373.393713 0.5735 0.5594 0.5419 0.5245 0.5075
3379.097154 0.4905 0.4730 0.4555 0.4386 0.4216
3384.800595 0.4051 0.3910 0.3910 0.3929 0.4060
3390.504036 0.4191 0.4316 0.4443 0.4577 0.4707
3396.207477 0.4812 0.5022 0.5756 0.6429 0.6789
3401.910917 0.7139 0.7439 0.7721 0.7911 0.8077
3407.614358 0.8116 0.8152 0.8162 0.8170 0.8170
3413.317799 0.8168 0.8158 0.8147 0.8132 0.8118
3419.021240 0.8108 0.8098 0.8088 0.8075 0.8050
3424.724681 0.8022 0.7977 0.7925 0.7845 0.7771
3430.428122 0.7721 0.7674 0.7639 0.7603 0.7562
3436.131563 0.7508 0.7403 0.7318 0.7308 0.7299
3441.835003 0.7294 0.7277 0.7212 0.7148 0.7088
3447.538444 0.7033 0.6998 0.6963 0.6928 0.6902
3453.241885 0.6912 0.6904 0.6824 0.6751 0.6705
3458.945326 0.6655 0.6590 0.6532 0.6497 0.6452
3464.648767 0.6372 0.6292 0.6212 0.6133 0.6058
3470.352208 0.5982 0.5902 0.5810 0.5675 0.5545
3476.055648 0.5430 0.5328 0.5273 0.5196 0.5039
3481.759089 0.4918 0.4908 0.4902 0.4912 0.4930
3487.462530 0.4970 0.5002 0.5012 0.5042 0.5132
3493.165971 0.5214 0.5274 0.5373 0.5593 0.5886
3498.869412 0.6410 0.6884 0.7194 0.7441 0.7486
3504.572853 0.7613 0.7968 0.8306 0.8596 0.8834
3510.276294 0.8924 0.8994 0.9009 0.9032 0.9077
3515.979734 0.9124 0.9179 0.9250 0.9365 0.9454
3521.683175 0.9469 0.9483 0.9493 0.9504 0.9519
3527.386616 0.9536 0.9556 0.9573 0.9583 0.9594
3533.090057 0.9609 0.9626 0.9646 0.9663 0.9673
3538.793498 0.9681 0.9686 0.9693 0.9703 0.9713
3544.496939 0.9723 0.9733 0.9743 0.9751 0.9756
3550.200379 0.9763 0.9773 0.9783 0.9793 0.9803
3555.903820 0.9813 0.9820 0.9820 0.9823 0.9833
3561.607261 0.9840 0.9840 0.9840 0.9840 0.9841
3567.310702 0.9846 0.9850 0.9850 0.9853 0.9863
3573.014143 0.9870 0.9870 0.9870 0.9870 0.9873
3578.717584 0.9883 0.9890 0.9890 0.9890 0.9890
3584.421025 0.9890 0.9890 0.9890 0.9890 0.9890
3590.124465 0.9890 0.9890 0.9890 0.9890 0.9890
3595.827906 0.9890 0.9890 0.9890 0.9890 0.9890
3601.531347 0.9890 0.9893 0.9903 0.9910 0.9910
3607.234788 0.9910 0.9910 0.9910 0.9910 0.9910
3612.938229 0.9910 0.9907 0.9897 0.9890 0.9890
3618.641670 0.9890 0.9890 0.9890 0.9890 0.9890
3624.345110 0.9890 0.9890 0.9890 0.9886 0.9876
3630.048551 0.9870 0.9870 0.9870 0.9870 0.9870
3635.751992 0.9870 0.9866 0.9856 0.9850 0.9850
3641.455433 0.9850 0.9850 0.9850 0.9850 0.9850
3647.158874 0.9850 0.9850 0.9850 0.9850 0.9850
3652.862315 0.9848 0.9843 0.9840 0.9840 0.9836
3658.565756 0.9826 0.9820 0.9820 0.9816 0.9806
3664.269196 0.9800 0.9800 0.9800 0.9800 0.9800
3669.972637 0.9800 0.9800 0.9800 0.9800 0.9800
3675.676078 0.9800 0.9800 0.9804 0.9814 0.9820
3681.379519 0.9820 0.9820 0.9820 0.9820 0.9820
3687.082960 0.9820 0.9820 0.9824 0.9834 0.9840
3692.786401 0.9840 0.9842 0.9847 0.9850 0.9850
3698.489841 0.9854 0.9864 0.9870 0.9870 0.9870
3704.193282 0.9870 0.9874 0.9884 0.9890 0.9890
3709.896723 0.9894 0.9904 0.9910 0.9910 0.9910
3715.600164 0.9910 0.9912 0.9917 0.9920 0.9920
3721.303605 0.9924 0.9934 0.9940 0.9940 0.9944
3727.007046 0.9954 0.9960 0.9960 0.9964 0.9974
3732.710487 0.9980 0.9980 0.9980 0.9980 0.9980
3738.413927 0.9980 0.9980 0.9980 0.9975 0.9965
3744.117368 0.9960 0.9960 0.9956 0.9946 0.9936
3749.820809 0.9926 0.9918 0.9913 0.9910 0.9910
3755.524250 0.9905 0.9895 0.9890 0.9890 0.9890
3761.227691 0.9890 0.9890 0.9890 0.9895 0.9905
3766.931132 0.9910 0.9910 0.9912 0.9917 0.9925
3772.634572 0.9935 0.9940 0.9940 0.9940 0.9940
3778.338013 0.9940 0.9940 0.9940 0.9940
##END=
