##TITLE=2,3-Benzofuran
##JCAMP-DX=4.24
##DATA TYPE=INFRARED SPECTRUM
##ORIGIN=NIST Mass Spectrometry Data Center
##OWNER=NIST Standard Reference Data Program
Collection (C) 2018 copyright by the U.S. Secretary of Commerce
on behalf of the United States of America. All rights reserved.
##CAS REGISTRY NO=271-89-6
##MOLFORM=C 8 H 6 O
##$NIST SOURCE=MSDC-IR
##SPECTROMETER/DATA SYSTEM=HP-GC/MS/IRD
##STATE=gas
##XUNITS=1/CM
##YUNITS=ABSORBANCE
##XFACTOR=1.0
##YFACTOR=0.000012100
##DELTAX=4.0
##FIRSTX=550.0
##LASTX=3846.0
##FIRSTY=0.000508
##MAXX=3846
##MINX=550
##MAXY=0.121
##MINY=0
##NPOINTS=825
##XYDATA=(X++(Y..Y))
550.0 42 24 13 10 9 9 9 21 34 31
590.0 26 40 73 113 116 115 110 105 76 41
630.0 21 10 5 11 18 20 21 25 26 15
670.0 19 21 15 11 27 43 65 78 135 230
710.0 407 699 1255 2068 3214 4268 4920 6183 9693 10000
750.0 7049 6670 6329 5430 4250 2730 1699 1158 789 517
790.0 326 223 162 140 123 110 105 115 128 129
830.0 144 192 252 355 527 794 958 888 854 919
870.0 832 547 310 234 264 330 329 292 339 383
910.0 324 254 220 221 262 225 176 169 157 138
950.0 103 71 60 60 60 58 64 79 100 134
990.0 207 310 392 476 565 655 776 968 1261 1522
1030.0 1418 1201 1435 1474 1046 661 414 267 180 138
1070.0 122 130 166 247 385 586 831 1014 1007 1016
1110.0 1242 1458 1612 1704 1588 1567 1711 1619 1326 1074
1150.0 941 907 1044 1363 1675 1779 1755 1703 1568 1261
1190.0 801 426 212 115 85 80 89 117 187 347
1230.0 707 1352 2148 2692 3006 3276 3384 3028 2081 1254
1270.0 866 596 337 184 120 98 91 95 107 129
1310.0 161 206 253 289 332 392 442 429 384 374
1350.0 357 284 214 178 135 91 63 48 43 47
1390.0 54 70 105 145 181 214 252 299 354 416
1430.0 520 774 1277 1986 2498 2616 2597 2565 2451 1828
1470.0 1118 789 726 767 718 572 449 383 341 313
1510.0 298 331 413 520 644 776 853 790 730 749
1550.0 661 502 418 422 483 551 609 677 728 718
1590.0 670 616 579 577 558 503 446 387 324 255
1630.0 180 119 83 70 75 89 113 139 157 162
1670.0 162 165 174 188 214 254 294 313 303 274
1710.0 232 178 125 90 72 64 63 61 64 76
1750.0 100 129 161 184 190 187 190 183 157 125
1790.0 108 106 107 107 103 94 84 69 48 35
1830.0 31 34 46 60 72 78 84 89 95 102
1870.0 114 133 158 172 167 163 165 150 124 110
1910.0 113 131 151 160 158 148 130 99 60 33
1950.0 20 15 14 15 15 18 23 27 30 29
1990.0 33 35 34 33 30 28 29 30 32 35
2030.0 36 40 40 41 44 50 61 68 63 61
2070.0 64 57 40 27 21 23 26 28 28 29
2110.0 31 32 30 23 24 27 27 27 30 35
2150.0 41 44 43 40 38 32 23 17 19 20
2190.0 24 25 24 24 24 28 32 33 32 31
2230.0 33 34 38 42 46 48 46 47 51 50
2270.0 45 39 33 31 30 31 33 35 34 34
2310.0 35 36 39 36 32 30 32 31 29 28
2350.0 27 26 25 24 20 17 16 17 23 27
2390.0 26 27 28 27 27 28 26 25 25 26
2430.0 27 26 23 25 29 30 32 35 40 46
2470.0 50 54 54 49 42 39 39 40 38 35
2510.0 34 32 31 29 24 20 23 20 16 15
2550.0 19 25 31 32 33 35 35 33 29 24
2590.0 17 17 16 14 17 21 21 24 25 25
2630.0 30 34 36 40 41 46 53 57 58 56
2670.0 58 56 51 49 42 35 33 32 29 32
2710.0 32 31 32 31 25 19 16 14 11 12
2750.0 14 13 13 11 9 5 9 13 14 13
2790.0 12 14 16 16 15 15 16 14 9 2
2830.0 0 1 0 0 5 12 14 15 16 17
2870.0 19 19 17 13 13 13 15 19 24 27
2910.0 30 35 41 44 42 44 50 55 57 56
2950.0 50 45 39 30 25 24 21 20 19 20
2990.0 27 32 35 43 58 83 116 159 224 318
3030.0 437 565 672 752 873 1042 1179 1273 1394 1536
3070.0 1641 1667 1626 1559 1396 1167 999 877 711 525
3110.0 375 274 211 168 144 130 115 100 101 115
3150.0 126 131 126 115 101 76 48 34 28 21
3190.0 20 23 17 14 17 16 16 17 16 15
3230.0 12 13 12 10 9 8 9 11 10 10
3270.0 11 10 11 10 8 10 10 13 16 12
3310.0 12 11 10 11 11 11 8 5 5 5
3350.0 9 6 0 5 14 15 10 8 8 12
3390.0 13 10 9 8 9 9 8 9 6 10
3430.0 10 9 9 10 14 13 9 11 10 10
3470.0 11 16 18 15 16 19 20 17 12 10
3510.0 11 11 8 11 10 5 5 6 12 15
3550.0 13 12 12 13 16 17 17 20 20 19
3590.0 19 17 17 16 20 27 21 18 20 23
3630.0 21 16 19 18 17 21 19 16 15 21
3670.0 24 19 20 21 23 25 25 23 18 19
3710.0 23 20 15 19 21 16 23 24 19 17
3750.0 19 27 27 26 20 17 20 23 21 21
3790.0 23 24 19 18 23 21 21 24 25 24
3830.0 18 19 19 21 23
##END=
