##TITLE=3,5-Bis(trifluoromethyl)benzonitrile
##JCAMP-DX=4.24
##DATA TYPE=INFRARED SPECTRUM
##ORIGIN=EPA-IR VAPOR PHASE LIBRARY
##OWNER=SRD/NIST
Collection (C) 2018 copyright by the U.S. Secretary of Commerce
on behalf of the United States of America. All rights reserved.
##CAS REGISTRY NO=27126-93-8
##MOLFORM=C 9 H 3 F 6 N
##$NIST SOURCE=MSDC-IR
##STATE=gas
##XUNITS=1/CM
##YUNITS=ABSORBANCE
##XFACTOR=1.
##YFACTOR=0.001
##DELTAX=1.92898
##FIRSTX=549.8
##LASTX=4000.7
##FIRSTY=2.909
##MAXX=4000.7
##MINX=549.759
##MAXY=1.09677
##MINY=0
##NPOINTS=1790
##XYDATA=(X++(Y..Y))
549.759 2.909 2.449 2.569 2.659 2.289 2.259 2.099 1.849 1.769 1.499
569.049 1.709 2.509 2.249 1.709 1.699 1.929 2.209 2.049 1.579 1.0876
588.339 1.3262 1.629 1.2275 1.1802 1.2128 1.3301 1.589 1.3468 1.409 1.689
607.628 1.779 1.499 1.599 2.339 3.329 4.489 6.149 7.619 8.459 9.329
626.918 9.589 8.649 7.109 5.789 4.489 3.809 3.319 2.629 2.399 2.389
646.208 2.389 2.109 2.359 2.449 2.479 2.939 3.029 3.089 3.489 3.759
665.498 4.259 5.009 5.809 7.179 10.689 18.319 35.099 65.379 100.489 118.109
684.787 126.849 129.539 121.189 107.549 81.049 61.149 59.099 64.009 60.129 48.619
704.077 40.469 34.239 27.429 20.969 17.069 16.449 19.639 26.169 34.379 39.549
723.367 39.729 40.129 41.069 36.039 25.889 16.819 10.339 6.309 4.269 3.309
742.657 2.779 2.449 2.539 2.629 2.309 2.239 2.079 1.579 1.629 1.709
761.947 1.3055 1.3279 1.619 1.609 1.639 1.939 2.469 2.739 2.579 2.579
781.236 2.649 2.439 2.399 2.739 2.949 2.579 2.639 2.879 2.809 2.899
800.526 3.189 3.449 3.859 4.689 5.099 4.999 4.959 5.249 5.119 4.899
819.816 5.239 4.939 5.409 5.569 5.599 6.879 7.969 9.229 10.659 12.159
839.106 14.659 19.509 27.049 36.829 45.849 50.679 52.289 50.089 44.359 34.939
858.395 22.619 13.649 9.559 7.589 6.809 6.829 7.169 7.999 9.429 11.929
877.685 15.479 20.429 26.869 35.099 44.779 53.159 59.049 64.819 72.189 78.749
896.975 83.099 87.069 94.229 108.439 126.989 125.469 96.589 71.759 57.389 43.249
916.265 29.839 19.869 13.559 9.919 8.079 7.059 6.119 5.209 4.819 4.399
935.555 4.129 3.829 3.579 3.499 3.579 3.799 3.829 3.899 3.739 3.499
954.844 3.339 3.289 3.229 2.909 2.659 2.529 2.629 2.499 2.319 2.329
974.134 2.149 1.949 2.099 2.379 2.689 2.859 3.059 3.289 3.649 3.979
993.424 4.069 4.269 4.689 4.979 4.959 5.329 5.629 5.689 5.799 5.699
1012.714 5.439 4.689 3.869 3.779 3.759 3.619 3.459 3.469 3.449 3.269
1032.003 3.449 3.849 4.189 4.569 5.049 5.309 5.369 5.139 5.399 5.729
1051.293 5.559 5.429 5.329 4.939 4.359 4.579 4.849 4.949 5.239 5.439
1070.583 5.769 5.929 6.199 6.999 7.239 7.179 7.569 7.679 8.279 9.019
1089.873 9.939 12.219 14.949 17.319 20.199 25.329 31.999 40.479 49.669 57.239
1109.163 63.649 67.309 67.339 62.789 54.299 44.929 38.769 36.109 35.729 37.499
1128.452 39.759 41.709 44.689 49.699 57.299 68.359 84.069 106.759 137.869 181.719
1147.742 240.409 315.009 410.389 525.009 652.189 783.779 906.639 998.429 1026.03 966.869
1167.032 845.899 717.279 602.079 508.289 462.029 479.759 550.799 649.179 733.679 772.289
1186.322 772.419 743.579 680.269 594.509 508.369 435.969 374.389 316.389 261.219 207.189
1205.611 159.529 126.099 104.109 90.109 82.449 79.039 77.299 76.579 76.429 75.129
1224.901 71.199 65.229 59.369 53.739 49.269 46.699 45.519 44.939 44.849 45.909
1244.191 47.279 48.559 50.429 52.509 55.369 59.269 64.709 72.089 82.239 96.979
1263.481 117.559 147.019 192.819 267.359 384.959 552.219 751.369 934.969 1055.52 1096.77
1282.771 1070.89 976.719 803.459 559.989 336.179 200.169 136.079 103.819 82.889 66.999
1302.060 54.659 45.479 38.779 34.159 31.139 29.159 27.759 26.849 26.049 24.999
1321.350 24.069 23.489 23.279 23.399 23.769 24.379 25.079 25.909 26.879 28.199
1340.640 30.359 33.459 37.729 43.529 50.959 60.179 71.439 84.539 99.179 115.729
1359.930 134.579 155.719 178.659 201.999 224.009 243.409 256.789 258.939 247.409 225.019
1379.219 195.449 160.519 122.349 87.689 61.999 45.589 36.079 30.399 26.349 22.639
1398.509 19.089 16.099 13.949 12.399 11.159 10.339 9.729 9.209 8.909 8.899
1417.799 9.099 9.379 9.669 9.849 9.949 10.039 10.169 10.309 10.359 10.539
1437.089 11.119 12.089 13.689 15.749 18.109 20.679 23.099 25.029 25.929 25.349
1456.378 23.869 22.119 19.979 17.579 15.099 12.769 11.119 9.999 9.029 8.099
1475.668 7.479 6.909 6.219 5.419 4.729 4.289 3.839 3.449 3.189 2.949
1494.958 2.859 2.799 2.699 2.769 2.979 3.029 3.039 3.129 3.149 3.309
1514.248 3.349 3.279 3.329 3.309 3.129 2.889 2.699 2.689 2.729 2.699
1533.538 2.749 2.759 2.739 2.789 2.919 3.079 3.179 3.339 3.449 3.569
1552.827 3.679 3.729 3.679 3.449 3.199 3.089 2.969 2.959 3.179 3.429
1572.117 3.499 3.469 3.419 3.189 2.989 2.809 2.629 2.729 2.799 2.769
1591.407 2.789 3.029 3.459 3.749 4.179 4.939 5.939 7.219 8.559 10.019
1610.697 11.689 13.239 14.199 14.579 14.339 13.129 11.439 9.779 8.429 7.419
1629.986 6.489 5.659 5.099 4.759 4.399 4.139 3.979 3.939 3.869 3.509
1649.276 3.189 2.989 2.869 2.679 2.509 2.479 2.479 2.569 2.429 2.229
1668.566 2.169 1.959 1.769 1.659 1.609 1.689 1.849 1.919 2.029 2.129
1687.856 2.159 2.289 2.379 2.589 2.789 2.899 2.879 2.879 2.869 2.759
1707.146 2.679 2.539 2.409 2.299 2.129 1.949 1.859 1.829 1.889 1.989
1726.435 2.069 2.039 2.029 2.099 2.129 2.089 1.959 1.879 1.839 1.759
1745.725 1.719 1.709 1.739 1.809 1.839 1.859 1.939 1.999 2.029 2.099
1765.015 2.039 1.899 1.869 1.809 1.779 1.829 1.959 2.129 2.189 2.169
1784.305 2.139 2.189 2.219 2.199 2.209 2.309 2.359 2.189 2.249 2.479
1803.594 2.679 2.929 3.329 3.879 4.559 5.499 6.769 8.319 9.849 11.269
1822.884 12.459 13.159 12.949 12.229 11.289 10.039 8.909 8.049 7.609 7.619
1842.174 7.889 8.119 7.969 7.549 6.869 5.969 4.989 3.989 3.159 2.579
1861.464 2.269 1.959 1.779 1.769 1.759 1.789 1.769 1.699 1.719 1.809
1880.754 1.929 1.969 1.969 1.969 1.869 1.699 1.559 1.569 1.619 1.579
1900.043 1.539 1.569 1.699 1.779 1.659 1.609 1.559 1.3822 1.2881 1.2513
1919.333 1.1743 1.1244 1.0295 0.9631 0.8621 0.7753 0.8431 0.8335 0.7841 0.7752
1938.623 0.8893 0.9709 0.9717 1.1058 1.1308 1.1682 1.291 1.2631 1.2061 1.2424
1957.913 1.1643 1.1006 1.0861 0.9917 0.8898 0.8497 0.8199 0.7259 0.7434 0.8239
1977.202 0.8024 0.8077 0.8956 0.9525 1.0173 1.097 1.1459 1.2224 1.3534 1.579
1996.492 1.739 1.859 2.069 2.269 2.389 2.469 2.489 2.459 2.349 2.119
2015.782 1.829 1.719 1.629 1.479 1.409 1.3365 1.409 1.609 1.719 1.749
2035.072 1.699 1.699 1.739 1.659 1.649 1.649 1.649 1.619 1.479 1.489
2054.362 1.559 1.549 1.519 1.509 1.449 1.3386 1.3217 1.399 1.479 1.459
2073.651 1.2976 1.2307 1.261 1.3351 1.3069 1.2792 1.3643 1.3506 1.2134 1.0585
2092.941 0.999 1.0231 0.9843 0.9007 0.9852 1.0199 0.9495 0.9658 0.9184 0.8674
2112.231 0.8332 0.805 0.9365 1.0922 1.1385 1.2192 1.2276 1.2288 1.3016 1.3559
2131.521 1.2977 1.1724 1.2037 1.1876 0.9381 0.724 0.7369 0.7417 0.6229 0.6109
2150.810 0.6954 0.7164 0.7038 0.7344 0.7478 0.79 0.9115 0.9997 1.1211 1.2008
2170.100 1.195 1.217 1.2613 1.2333 1.0641 0.9329 0.8926 0.88 0.8917 0.8662
2189.390 0.885 0.9095 0.8512 0.7953 0.9106 0.9936 1.0358 1.1398 1.3142 1.439
2208.680 1.499 1.509 1.599 1.859 2.009 2.039 2.099 2.149 2.269 2.409
2227.970 2.369 2.339 2.269 2.189 2.279 2.299 2.219 2.309 2.379 2.339
2247.259 2.369 2.479 2.549 2.579 2.759 2.939 3.019 3.009 3.109 3.129
2266.549 3.139 3.169 3.089 3.089 3.089 3.049 2.969 3.029 3.199 3.269
2285.839 3.239 3.359 3.569 3.579 3.619 3.729 3.829 3.809 3.699 3.729
2305.129 3.849 3.929 3.849 3.739 3.679 3.559 3.419 3.289 3.039 2.829
2324.418 2.819 2.709 2.699 2.749 2.769 2.839 2.889 2.939 2.949 2.939
2343.708 2.979 2.979 2.929 2.869 2.869 2.879 2.749 2.749 2.829 2.749
2362.998 2.659 2.809 2.769 2.799 2.959 2.919 2.889 2.849 2.869 2.789
2382.288 2.689 2.599 2.489 2.349 2.189 1.999 1.929 1.829 1.699 1.619
2401.578 1.529 1.439 1.399 1.479 1.569 1.529 1.439 1.3365 1.2064 1.2724
2420.867 1.399 1.429 1.519 1.539 1.489 1.599 1.679 1.639 1.609 1.609
2440.157 1.549 1.559 1.719 1.659 1.559 1.589 1.409 1.3785 1.479 1.439
2459.447 1.449 1.389 1.3791 1.419 1.389 1.3075 1.2796 1.1225 0.9715 1.0085
2478.737 0.8987 0.8321 0.8629 0.7929 0.725 0.633 0.6108 0.5887 0.5393 0.6822
2498.026 0.8511 0.7802 0.7048 0.739 0.671 0.6704 0.8724 0.9409 0.8147 0.7537
2517.316 0.8517 0.8685 0.7837 0.7168 0.7692 0.9113 0.9595 1.0432 1.1014 1.1632
2536.606 1.3685 1.429 1.439 1.449 1.399 1.469 1.519 1.499 1.499 1.509
2555.896 1.439 1.569 1.569 1.449 1.499 1.419 1.3428 1.2697 1.0646 0.791
2575.186 0.7624 0.7742 0.6188 0.5951 0.5235 0.5664 0.7665 0.7111 0.6428 0.6555
2594.475 0.6974 0.7893 0.7021 0.6424 0.6925 0.7467 0.7992 0.7623 0.7743 0.8821
2613.765 0.9662 0.9827 1.0606 0.9821 0.9935 1.2146 1.1153 0.9519 0.9919 1.1033
2633.055 1.2886 1.479 1.519 1.509 1.579 1.589 1.489 1.439 1.469 1.479
2652.345 1.3339 1.2771 1.2538 0.9715 0.8718 1.0233 0.9607 0.8476 0.7694 0.5582
2671.634 0.5377 0.5144 0.4721 0.45534 0.3749 0.40144 0.5522 0.627 0.5571 0.5371
2690.924 0.47692 0.4062 0.45777 0.48023 0.4308 0.3773 0.41653 0.5956 0.6437 0.6642
2710.214 0.6656 0.6254 0.6083 0.5456 0.5666 0.5803 0.4391 0.389089 0.48765 0.4917
2729.504 0.48091 0.5806 0.6231 0.5886 0.6322 0.5954 0.5056 0.5046 0.46077 0.44783
2748.794 0.3709 0.41394 0.44819 0.41784 0.3782 0.3413 0.43193 0.48369 0.5584 0.6102
2768.083 0.5474 0.5033 0.46326 0.42683 0.6592 0.7881 0.7072 0.6617 0.5921 0.6333
2787.373 0.5954 0.5445 0.45742 0.41442 0.5354 0.6067 0.5638 0.506 0.48252 0.5362
2806.663 0.6174 0.6284 0.6041 0.635 0.6468 0.5957 0.5033 0.398464 0.5417 0.5227
2825.953 0.4307 0.4899 0.5426 0.5192 0.45246 0.3056 0.235 0.44016 0.6084 0.44736
2845.242 0.252 0.3574 0.3207 0.178 0.3128 0.5374 0.548 0.6072 0.6904 0.7342
2864.532 0.7158 0.5636 0.5779 0.4741 0.2949 0.24 0.3729 0.533 0.6165 0.6613
2883.822 0.713 0.8393 0.7917 0.8371 0.9616 0.8668 0.7708 0.9212 0.9971 1.0345
2903.112 1.2465 1.1836 1.0131 0.9488 0.9296 0.9531 0.9981 1.0135 0.9552 0.9271
2922.401 0.7623 0.8091 1.0116 0.9942 0.8757 0.7802 0.756 0.7057 0.7789 0.7312
2941.691 0.7191 0.7874 0.7359 0.702 0.8242 0.889 0.7909 0.821 0.9081 0.8673
2960.981 0.8858 0.8827 0.84 0.8057 0.8368 1.057 1.1768 1.3065 1.459 1.599
2980.271 1.509 1.419 1.569 1.649 1.529 1.469 1.599 1.509 1.2446 1.1146
2999.561 0.949 0.7834 0.8484 0.898 0.7374 0.746 0.7293 0.5689 0.5736 0.4653
3018.850 0.3196 0.390945 0.46824 0.45174 0.41476 0.5628 0.77 0.7364 0.6989 0.635
3038.140 0.6996 0.9922 1.221 1.2438 1.0462 0.8046 0.9434 1.2571 1.3666 1.3618
3057.430 1.499 1.479 1.2706 1.2886 1.3286 1.2706 1.569 1.839 1.829 1.889
3076.720 1.999 2.119 2.469 3.109 3.949 5.019 5.749 6.239 6.639 6.769
3096.009 6.489 5.919 5.079 3.999 3.039 2.449 2.059 1.729 1.609 1.449
3115.299 1.2034 1.1797 0.9499 0.7352 0.8315 0.6554 0.5648 0.8702 0.9712 0.9122
3134.589 0.9927 0.917 0.6338 0.5333 0.5309 0.45704 0.5331 0.6544 0.7787 0.6998
3153.879 0.5882 0.5213 0.48163 0.5904 0.5291 0.38176 0.45894 0.42856 0.3783 0.5766
3173.169 0.5151 0.4942 0.6118 0.4995 0.47076 0.5174 0.45533 0.40061 0.5083 0.5724
3192.458 0.742 0.6828 0.45666 0.45662 0.5091 0.5879 0.5404 0.395255 0.5131 0.5459
3211.748 0.46412 0.5551 0.40251 0.325 0.398831 0.3217 0.259 0.2986 0.256 0.3258
3231.038 0.211 0.177 0.3148 0.38129 0.4971 0.3772 0.3218 0.3563 0.5537 0.6111
3250.328 0.3572 0.3706 0.46873 0.5214 0.38309 0.325 0.48439 0.3294 0.203 0.5379
3269.617 0.5982 0.44876 0.3656 0.233 0.186 0.3522 0.5028 0.3251 0.112 0.174
3288.907 0.44443 0.5532 0.37989 0.209 0.3351 0.40004 0.4077 0.46979 0.48523 0.282
3308.197 0.056 0.203 0.3206 0.41532 0.5927 0.6191 0.5453 0.3584 0.3533 0.38531
3327.487 0.334 0.398329 0.3634 0.40374 0.4278 0.5573 0.6252 0.5113 0.4913 0.2936
3346.777 0.221 0.252 0.124 0.224 0.39978 0.3669 0.3786 0.5182 0.43681 0.3216
3366.066 0.504 0.41667 0.38387 0.43781 0.3104 0.42356 0.523 0.5647 0.41177 0.5271
3385.356 0.8112 0.5692 0.44725 0.5495 0.5634 0.5576 0.5323 0.5671 0.6568 0.5544
3404.646 0.5097 0.6555 0.6272 0.5806 0.858 0.9469 0.7473 0.592 0.7424 0.8358
3423.936 0.8638 1.0411 0.9899 0.8237 0.7761 0.7235 0.8681 0.9532 0.6453 0.4975
3443.225 0.5477 0.47507 0.40449 0.6941 0.6476 0.41277 0.44435 0.42783 0.3732 0.536
3462.515 0.6852 0.6757 0.6896 0.6303 0.6473 0.6481 0.5391 0.6678 0.6256 0.397902
3481.805 0.46419 0.361 0.41531 0.5014 0.42267 0.5003 0.42195 0.42529 0.44108 0.257
3501.095 0.187 0.3458 0.5829 0.7184 0.6372 0.5748 0.38068 0.4909 0.5369 0.268
3520.385 0.40081 0.5417 0.5578 0.5244 0.3647 0.40791 0.6912 0.6616 0.44855 0.3383
3539.674 0.4068 0.46574 0.5088 0.4949 0.3652 0.3654 0.41589 0.39514 0.38397 0.4197
3558.964 0.3386 0.2909 0.3418 0.394629 0.6196 0.7304 0.5825 0.5122 0.201 0.281
3578.254 0.5545 0.40723 0.3043 0.3759 0.3135 0.3137 0.42303 0.3424 0.3358 0.42587
3597.544 0.5327 0.6119 0.5404 0.5039 0.5529 0.6203 0.43413 0.3232 0.5684 0.5588
3616.833 0.5272 0.5937 0.5699 0.5783 0.5523 0.389905 0.5546 0.6445 0.40535 0.26
3636.123 0.3272 0.516 0.6325 0.5725 0.5464 0.5687 0.47523 0.5259 0.5309 0.47917
3655.413 0.40637 0.5245 0.5692 0.6743 0.7099 0.40482 0.38527 0.6693 0.754 0.6443
3674.703 0.6098 0.6219 0.5346 0.3517 0.39103 0.391786 0.48327 0.5035 0.3467 0.48746
3693.993 0.6437 0.6919 0.737 0.6256 0.6213 0.6777 0.5338 0.43325 0.41641 0.5529
3713.282 0.6111 0.39828 0.3968 0.41388 0.272 0.367 0.3347 0.47848 0.6226 0.6061
3732.572 0.5027 0.3741 0.494 0.394243 0.3477 0.45379 0.285 0.265 0.394568 0.2917
3751.862 0.288 0.43456 0.5758 0.5432 0.40592 0.249 0.48059 0.649 0.37 0.46676
3771.152 0.3507 0.102 0.339 0.42146 0.5165 0.592 0.3668 0.46253 0.5418 0.43935
3790.441 0.5291 0.6194 0.618 0.7153 0.7029 0.5879 0.5131 0.6225 0.6481 0.6535
3809.731 0.5556 0.5288 0.6021 0.3242 0.41534 0.53 0.44756 0.7494 0.7053 0.3157
3829.021 0.265 0.5223 0.5482 0.3011 0.226 0.117 0.204 0.37 0.46195 0.42206
3848.311 0.47508 0.5882 0.5193 0.288 0.191 0.226 0.241 0.4236 0.5538 0.389715
3867.601 0.398775 0.6028 0.238 0 0.184 0.242 0.268 0.287 0.43206 0.274
3886.890 0.075 0.235 0.233 0.262 0.262 0.3052 0.3318 0.43043 0.53 0.40703
3906.180 0.377 0.3282 0.216 0.43112 0.5065 0.518 0.5448 0.45947 0.4937 0.45218
3925.470 0.45533 0.3084 0.227 0.38181 0.5169 0.5829 0.7931 0.7444 0.46681 0.5553
3944.760 0.5813 0.4666 0.3736 0.3762 0.46992 0.394415 0.3336 0.3627 0.47904 0.5518
3964.049 0.39939 0.3011 0.5379 0.7728 0.7514 0.6688 0.7322 0.7538 0.6724 0.7399
3983.339 0.6967 0.6374 0.5824 0.6269 0.9089 0.973 0.7832 0.6583 0.6434 0.46496
##END=
