##TITLE=PHOSPHONOUS ACID, PHENYL-, DIBUTYL ESTER
##JCAMP-DX=4.24
##DATA TYPE=INFRARED SPECTRUM
##CLASS=COBLENTZ
##ORIGIN=TENNESSEE EASTMAN COMPANY, RESEARCH LABORATORIES
##OWNER=COBLENTZ SOCIETY
Collection (C) 2018 copyright by the U.S. Secretary of Commerce
on behalf of the United States of America. All rights reserved.
##DATE=Not specified, most likely prior to 1970
##NAMES=dibutyl phenylphosphonite
##CAS REGISTRY NO=3030-90-8
##MOLFORM=C14 H23 O2 P
##SOURCE REFERENCE=COBLENTZ NO. 614
##$NIST SOURCE=COBLENTZ
##$NIST IMAGE=cob614
##SPECTROMETER/DATA SYSTEM=Not specified, most likely a prism, grating, or hybrid spectrometer.
##PATH LENGTH=SMEAR
##SAMPLING PROCEDURE=TRANSMISSION
##RESOLUTION=4
##DATA PROCESSING=DIGITIZED BY NIST FROM HARD COPY
##XUNITS=MICROMETERS
##YUNITS=TRANSMITTANCE
##XFACTOR=1.000000
##YFACTOR=1
##DELTAX=000.006670
##FIRSTX=2.039
##LASTX=16.0144
##FIRSTY=0.898
##MAXX=16.0144
##MINX=2.039
##MAXY=0.949
##MINY=0.218
##NPOINTS=2096
##XYDATA=(X++(Y..Y))
2.039000 0.8980 0.8980 0.8980 0.8980 0.8980
2.072368 0.8980 0.8980 0.8980 0.8980 0.8980
2.106000 0.8980 0.8980 0.8980 0.8980 0.8980
2.139368 0.8980 0.8980 0.8980 0.8980 0.8980
2.173000 0.8980 0.8980 0.8980 0.8980 0.8980
2.206368 0.8980 0.8980 0.8960 0.8960 0.8960
2.240000 0.8960 0.8960 0.8960 0.8960 0.8960
2.273368 0.8960 0.8960 0.8960 0.8960 0.8960
2.306000 0.8960 0.8960 0.8960 0.8960 0.8960
2.339368 0.8960 0.8960 0.8960 0.8960 0.8960
2.373000 0.8960 0.8960 0.8960 0.8960 0.8960
2.406368 0.8960 0.8960 0.8960 0.8960 0.8960
2.440000 0.8960 0.8960 0.8960 0.8960 0.8960
2.473368 0.8980 0.8980 0.8980 0.8980 0.8980
2.506000 0.8980 0.8980 0.8980 0.8980 0.8980
2.539368 0.8980 0.8980 0.8980 0.8990 0.8990
2.573000 0.9010 0.8990 0.8990 0.8990 0.8990
2.606368 0.8990 0.8990 0.8990 0.8990 0.8990
2.640000 0.8980 0.8980 0.8960 0.8960 0.8940
2.673368 0.8940 0.8940 0.8940 0.8940 0.8940
2.707000 0.8940 0.8940 0.8940 0.8940 0.8940
2.740368 0.8940 0.8940 0.8940 0.8940 0.8940
2.773000 0.8960 0.8960 0.8960 0.8960 0.8960
2.806368 0.8960 0.8960 0.8960 0.8960 0.8960
2.840000 0.8960 0.8960 0.8960 0.8960 0.8960
2.873368 0.8940 0.8940 0.8940 0.8940 0.8930
2.907000 0.8930 0.8930 0.8930 0.8930 0.8930
2.940368 0.8930 0.8930 0.8930 0.8940 0.8940
2.973000 0.8940 0.8980 0.8980 0.8980 0.8990
3.006368 0.8990 0.9010 0.9010 0.9030 0.9040
3.040000 0.9080 0.9090 0.9110 0.9140 0.9160
3.073368 0.9160 0.9180 0.9180 0.9180 0.9180
3.107000 0.9180 0.9180 0.9180 0.9180 0.9180
3.140368 0.9160 0.9160 0.9140 0.9140 0.9140
3.173000 0.9140 0.9140 0.9140 0.9140 0.9160
3.206368 0.9160 0.9160 0.9140 0.9140 0.9130
3.240000 0.9110 0.9040 0.8980 0.8790 0.8280
3.273368 0.7740 0.7720 0.7760 0.7790 0.7960
3.307000 0.8160 0.8190 0.8210 0.8180 0.7920
3.340368 0.7520 0.7370 0.7210 0.6090 0.5190
3.374000 0.4290 0.3380 0.2480 0.2470 0.2470
3.407368 0.2930 0.3520 0.3930 0.3970 0.4420
3.440000 0.4840 0.5050 0.5020 0.4840 0.4640
3.473368 0.4290 0.4290 0.4370 0.5720 0.6420
3.507000 0.7010 0.7210 0.7760 0.7910 0.8030
3.540368 0.8140 0.8310 0.8540 0.8590 0.8660
3.574000 0.8730 0.8780 0.8810 0.8860 0.8890
3.607368 0.8930 0.8980 0.9010 0.9010 0.8990
3.640000 0.8990 0.8990 0.8960 0.8960 0.8910
3.673368 0.8890 0.8890 0.8890 0.8890 0.8910
3.707000 0.8940 0.8990 0.9010 0.9030 0.9030
3.740368 0.9030 0.9040 0.9040 0.9060 0.9060
3.774000 0.9090 0.9090 0.9110 0.9160 0.9190
3.807368 0.9190 0.9210 0.9210 0.9210 0.9210
3.840000 0.9210 0.9210 0.9210 0.9210 0.9210
3.873368 0.9230 0.9230 0.9240 0.9240 0.9240
3.907000 0.9240 0.9260 0.9260 0.9280 0.9280
3.940368 0.9290 0.9290 0.9310 0.9310 0.9290
3.974000 0.9290 0.9310 0.9330 0.9330 0.9340
4.007368 0.9360 0.9360 0.9360 0.9360 0.9360
4.041000 0.9380 0.9380 0.9380 0.9390 0.9390
4.074368 0.9390 0.9390 0.9390 0.9390 0.9390
4.107000 0.9390 0.9390 0.9410 0.9410 0.9410
4.140368 0.9410 0.9410 0.9410 0.9410 0.9390
4.174000 0.9390 0.9390 0.9390 0.9390 0.9380
4.207368 0.9360 0.9360 0.9360 0.9380 0.9410
4.241000 0.9480 0.9480 0.9490 0.9490 0.9410
4.274368 0.9310 0.9210 0.9160 0.9110 0.9040
4.307000 0.9010 0.8940 0.8890 0.8830 0.8790
4.340368 0.8780 0.8790 0.8910 0.8940 0.9030
4.374000 0.9090 0.9160 0.9210 0.9260 0.9290
4.407368 0.9330 0.9360 0.9390 0.9390 0.9390
4.441000 0.9390 0.9410 0.9410 0.9410 0.9410
4.474368 0.9410 0.9410 0.9410 0.9410 0.9410
4.508000 0.9410 0.9410 0.9410 0.9410 0.9410
4.541368 0.9410 0.9410 0.9410 0.9410 0.9410
4.574000 0.9410 0.9410 0.9410 0.9410 0.9410
4.607368 0.9410 0.9410 0.9410 0.9410 0.9410
4.641000 0.9410 0.9410 0.9410 0.9410 0.9410
4.674368 0.9410 0.9410 0.9410 0.9430 0.9430
4.708000 0.9430 0.9430 0.9430 0.9430 0.9430
4.741368 0.9430 0.9430 0.9430 0.9430 0.9430
4.774000 0.9430 0.9430 0.9430 0.9430 0.9430
4.807368 0.9430 0.9430 0.9430 0.9430 0.9430
4.841000 0.9430 0.9430 0.9430 0.9430 0.9430
4.874368 0.9430 0.9430 0.9430 0.9430 0.9430
4.908000 0.9430 0.9430 0.9430 0.9430 0.9430
4.941368 0.9430 0.9430 0.9430 0.9430 0.9430
4.974000 0.9430 0.9430 0.9430 0.9430 0.9410
5.007368 0.9410 0.9410 0.9410 0.9390 0.9380
5.041000 0.9340 0.9330 0.9330 0.9310 0.9280
5.074368 0.9210 0.9190 0.9190 0.9190 0.9190
5.108000 0.9190 0.9190 0.9210 0.9210 0.9210
5.141368 0.9230 0.9230 0.9230 0.9260 0.9330
5.175000 0.9340 0.9380 0.9390 0.9430 0.9410
5.208368 0.9380 0.9340 0.9330 0.9290 0.9280
5.241000 0.9260 0.9210 0.9190 0.9180 0.9180
5.274368 0.9180 0.9190 0.9180 0.9160 0.9160
5.308000 0.9180 0.9180 0.9210 0.9290 0.9360
5.341368 0.9410 0.9430 0.9410 0.9380 0.9340
5.375000 0.9330 0.9310 0.9310 0.9310 0.9310
5.408368 0.9330 0.9340 0.9360 0.9340 0.9290
5.441000 0.9230 0.9210 0.9210 0.9210 0.9190
5.474368 0.9180 0.9160 0.9110 0.9080 0.9090
5.508000 0.9090 0.9140 0.9140 0.9160 0.9180
5.541368 0.9190 0.9190 0.9190 0.9190 0.9210
5.575000 0.9210 0.9210 0.9190 0.9190 0.9180
5.608368 0.9180 0.9180 0.9210 0.9210 0.9210
5.641000 0.9140 0.9090 0.9010 0.8990 0.9010
5.674368 0.9080 0.9140 0.9180 0.9190 0.9210
5.708000 0.9210 0.9210 0.9190 0.9160 0.9130
5.741368 0.9140 0.9140 0.9140 0.9130 0.9080
5.775000 0.9040 0.9030 0.9040 0.9090 0.9210
5.808368 0.9240 0.9280 0.9390 0.9390 0.9290
5.842000 0.9090 0.9080 0.9090 0.9230 0.9340
5.875368 0.9360 0.9360 0.9340 0.9280 0.9080
5.908000 0.8940 0.8930 0.8940 0.9110 0.9280
5.941368 0.9290 0.9280 0.9160 0.8960 0.8940
5.975000 0.8940 0.8940 0.8940 0.8940 0.8960
6.008368 0.9130 0.9140 0.8960 0.8960 0.8980
6.042000 0.9230 0.9360 0.9380 0.9380 0.9360
6.075368 0.9230 0.8980 0.8930 0.8930 0.8960
6.108000 0.9240 0.9340 0.9340 0.9310 0.9160
6.141368 0.9160 0.9190 0.9240 0.9280 0.9290
6.175000 0.9290 0.9260 0.9240 0.9230 0.9210
6.208368 0.9190 0.9180 0.9160 0.9180 0.9180
6.242000 0.9160 0.9130 0.9090 0.9010 0.8980
6.275368 0.8830 0.8790 0.8810 0.8930 0.8990
6.309000 0.9180 0.9260 0.9280 0.9280 0.9260
6.342368 0.9210 0.9110 0.9080 0.9080 0.9090
6.375000 0.9180 0.9260 0.9330 0.9280 0.9190
6.408368 0.9130 0.9040 0.8980 0.8880 0.8890
6.442000 0.9080 0.9240 0.9310 0.9310 0.9240
6.475368 0.9080 0.8910 0.8880 0.8880 0.8880
6.509000 0.8910 0.9010 0.9040 0.9130 0.9160
6.542368 0.9160 0.9110 0.9030 0.8890 0.8860
6.575000 0.8830 0.8830 0.8840 0.8930 0.9030
6.608368 0.8980 0.8680 0.8630 0.8630 0.8660
6.642000 0.8740 0.8760 0.8760 0.8740 0.8710
6.675368 0.8690 0.8630 0.8510 0.8340 0.8080
6.709000 0.7620 0.7540 0.7520 0.7490 0.7460
6.742368 0.7410 0.7360 0.7290 0.7090 0.6760
6.775000 0.6170 0.5990 0.5970 0.5940 0.5920
6.808368 0.5890 0.5870 0.5870 0.5890 0.5940
6.842000 0.6020 0.6160 0.6320 0.6570 0.6760
6.875368 0.6990 0.7170 0.7220 0.7220 0.7220
6.909000 0.7190 0.7020 0.6890 0.6540 0.5990
6.942368 0.5850 0.5850 0.5940 0.6570 0.7110
6.976000 0.7410 0.7860 0.7970 0.8060 0.8130
7.009368 0.8410 0.8440 0.8460 0.8480 0.8480
7.042000 0.8490 0.8540 0.8580 0.8680 0.8730
7.075368 0.8730 0.8740 0.8740 0.8740 0.8730
7.109000 0.8690 0.8660 0.8630 0.8580 0.8490
7.142368 0.8310 0.8080 0.7840 0.7690 0.7610
7.176000 0.7560 0.7490 0.7340 0.7070 0.6870
7.209368 0.6620 0.6390 0.6290 0.6260 0.6240
7.242000 0.6260 0.6270 0.6310 0.6420 0.6870
7.275368 0.7120 0.7440 0.7860 0.7970 0.8080
7.309000 0.8130 0.8310 0.8410 0.8530 0.8540
7.342368 0.8590 0.8610 0.8630 0.8660 0.8690
7.376000 0.8740 0.8760 0.8760 0.8780 0.8790
7.409368 0.8810 0.8830 0.8840 0.8860 0.8880
7.442000 0.8880 0.8860 0.8840 0.8810 0.8790
7.475368 0.8730 0.8710 0.8680 0.8680 0.8680
7.509000 0.8690 0.8710 0.8710 0.8710 0.8710
7.542368 0.8730 0.8730 0.8740 0.8760 0.8780
7.576000 0.8780 0.8780 0.8790 0.8790 0.8760
7.609368 0.8630 0.8560 0.8510 0.8440 0.8340
7.643000 0.8290 0.8230 0.8210 0.8180 0.8110
7.676368 0.8090 0.8090 0.8110 0.8130 0.8160
7.709000 0.8190 0.8240 0.8280 0.8330 0.8380
7.742368 0.8390 0.8390 0.8390 0.8390 0.8390
7.776000 0.8380 0.8340 0.8310 0.8280 0.8240
7.809368 0.8210 0.8180 0.8140 0.8080 0.8010
7.843000 0.7940 0.7820 0.7760 0.7710 0.7640
7.876368 0.7560 0.7510 0.7460 0.7320 0.7120
7.909000 0.7010 0.6920 0.6810 0.6670 0.6560
7.942368 0.6460 0.6370 0.6290 0.6240 0.6190
7.976000 0.6160 0.6160 0.6090 0.6010 0.5920
8.009368 0.5820 0.5800 0.5800 0.5790 0.5770
8.043000 0.5770 0.5770 0.5790 0.5850 0.5890
8.076368 0.5950 0.6040 0.6160 0.6220 0.6270
8.110000 0.6340 0.6440 0.6540 0.6690 0.6840
8.143368 0.7010 0.7210 0.7420 0.7610 0.7720
8.176000 0.7840 0.7920 0.8010 0.8030 0.8180
8.209368 0.8290 0.8330 0.8360 0.8390 0.8410
8.243000 0.8410 0.8440 0.8480 0.8510 0.8540
8.276368 0.8560 0.9060 0.9180 0.9180 0.9130
8.310000 0.8980 0.8780 0.8710 0.8680 0.8690
8.343368 0.8690 0.8690 0.8690 0.8690 0.8690
8.376000 0.8690 0.8690 0.8680 0.8680 0.8660
8.409368 0.8640 0.8630 0.8610 0.8590 0.8580
8.443000 0.8540 0.8510 0.8490 0.8490 0.8490
8.476368 0.8490 0.8490 0.8490 0.8510 0.8510
8.510000 0.8510 0.8490 0.8490 0.8490 0.8440
8.543368 0.8360 0.8290 0.8240 0.8230 0.8190
8.576000 0.8160 0.8140 0.8130 0.8080 0.7970
8.609368 0.7960 0.7920 0.7890 0.7870 0.7840
8.643000 0.7810 0.7760 0.7710 0.7660 0.7560
8.676368 0.7540 0.7490 0.7440 0.7390 0.7390
8.710000 0.7390 0.7410 0.7440 0.7490 0.7520
8.743368 0.7520 0.7510 0.7490 0.7460 0.7340
8.777000 0.7190 0.6960 0.6570 0.6420 0.6240
8.810368 0.6110 0.6020 0.6010 0.6010 0.6040
8.843000 0.6060 0.6110 0.6140 0.6220 0.6290
8.876368 0.6340 0.6360 0.6370 0.6390 0.6410
8.910000 0.6420 0.6420 0.6420 0.6440 0.6440
8.943368 0.6440 0.6440 0.6440 0.6470 0.6470
8.977000 0.6490 0.6490 0.6470 0.6410 0.6370
9.010368 0.6320 0.6190 0.6120 0.6060 0.5990
9.043000 0.5950 0.5850 0.5800 0.5800 0.5800
9.076368 0.5820 0.5850 0.5950 0.6140 0.6220
9.110000 0.6320 0.6370 0.6390 0.6390 0.6390
9.143368 0.6390 0.6390 0.6360 0.6310 0.6220
9.177000 0.6120 0.5990 0.5820 0.5600 0.5370
9.210368 0.5120 0.5020 0.4920 0.4690 0.4440
9.243000 0.4190 0.3930 0.3700 0.3500 0.3350
9.276368 0.3230 0.3130 0.3030 0.2950 0.2920
9.310000 0.2750 0.2700 0.2630 0.2580 0.2570
9.343368 0.2570 0.2570 0.2570 0.2580 0.2600
9.377000 0.2620 0.2700 0.2750 0.2780 0.2930
9.410368 0.3100 0.3250 0.3380 0.3530 0.3670
9.444000 0.3800 0.3920 0.4020 0.4190 0.4240
9.477368 0.4240 0.4240 0.4220 0.4150 0.4000
9.510000 0.3920 0.3800 0.3720 0.3600 0.3480
9.543368 0.3370 0.3270 0.3200 0.3170 0.3100
9.577000 0.3100 0.3100 0.3080 0.3070 0.3030
9.610368 0.3020 0.3000 0.2970 0.2870 0.2770
9.644000 0.2700 0.2630 0.2530 0.2500 0.2470
9.677368 0.2400 0.2370 0.2300 0.2250 0.2200
9.710000 0.2180 0.2180 0.2180 0.2180 0.2180
9.743368 0.2180 0.2180 0.2180 0.2200 0.2230
9.777000 0.2280 0.2330 0.2370 0.2420 0.2450
9.810368 0.2530 0.2570 0.2600 0.2650 0.2680
9.844000 0.2720 0.2770 0.2820 0.2850 0.2920
9.877368 0.2970 0.3050 0.3120 0.3170 0.3180
9.911000 0.3180 0.3180 0.3180 0.3180 0.3180
9.944368 0.3170 0.3170 0.3130 0.3130 0.3120
9.977000 0.3100 0.3080 0.3080 0.3080 0.3080
10.010368 0.3100 0.3100 0.3100 0.3100 0.3100
10.044000 0.3100 0.3100 0.3100 0.3100 0.3100
10.077368 0.3100 0.3100 0.3100 0.3100 0.3120
10.111000 0.3130 0.3150 0.3170 0.3200 0.3250
10.144368 0.3300 0.3370 0.3420 0.3470 0.3520
10.177000 0.3550 0.3550 0.3550 0.3550 0.3530
10.210368 0.3430 0.3370 0.3280 0.3200 0.3100
10.244000 0.3020 0.2920 0.2820 0.2730 0.2630
10.277368 0.2550 0.2520 0.2480 0.2430 0.2380
10.311000 0.2350 0.2320 0.2300 0.2300 0.2280
10.344368 0.2270 0.2250 0.2250 0.2250 0.2230
10.377000 0.2230 0.2230 0.2230 0.2230 0.2230
10.410368 0.2220 0.2220 0.2220 0.2220 0.2220
10.444000 0.2220 0.2230 0.2230 0.2230 0.2250
10.477368 0.2270 0.2280 0.2320 0.2370 0.2450
10.511000 0.2600 0.2700 0.2800 0.2920 0.3050
10.544368 0.3180 0.3320 0.3470 0.3620 0.3770
10.578000 0.3930 0.4100 0.4270 0.4440 0.4620
10.611368 0.4800 0.4990 0.5350 0.5490 0.5620
10.644000 0.5720 0.5920 0.6040 0.6160 0.6260
10.677368 0.6360 0.6460 0.6560 0.6640 0.6720
10.711000 0.6820 0.6910 0.6990 0.7060 0.7160
10.744368 0.7220 0.7240 0.7260 0.7270 0.7290
10.778000 0.7320 0.7340 0.7360 0.7370 0.7390
10.811368 0.7410 0.7410 0.7420 0.7440 0.7470
10.844000 0.7490 0.7510 0.7520 0.7540 0.7560
10.877368 0.7570 0.7590 0.7610 0.7620 0.7640
10.911000 0.7660 0.7670 0.7670 0.7670 0.7670
10.944368 0.7660 0.7640 0.7610 0.7560 0.7510
10.978000 0.7470 0.7440 0.7440 0.7410 0.7310
11.011368 0.7170 0.7090 0.7090 0.7070 0.7070
11.044000 0.7070 0.7070 0.7070 0.7090 0.7120
11.077368 0.7170 0.7220 0.7260 0.7310 0.7320
11.111000 0.7360 0.7370 0.7370 0.7390 0.7370
11.144368 0.7370 0.7370 0.7360 0.7340 0.7290
11.178000 0.7260 0.7210 0.7160 0.7090 0.7020
11.211368 0.6940 0.6860 0.6760 0.6660 0.6560
11.245000 0.6440 0.6320 0.6190 0.6040 0.5900
11.278368 0.5740 0.5570 0.5450 0.5240 0.5140
11.311000 0.5000 0.4940 0.4870 0.4720 0.4640
11.344368 0.4500 0.4470 0.4420 0.4390 0.4350
11.378000 0.4320 0.4300 0.4320 0.4340 0.4400
11.411368 0.4470 0.4550 0.4640 0.4720 0.4770
11.445000 0.4850 0.4970 0.5240 0.5390 0.5520
11.478368 0.5670 0.5790 0.5870 0.5970 0.6060
11.511000 0.6110 0.6220 0.6320 0.6410 0.6490
11.544368 0.6570 0.6660 0.6790 0.6920 0.6960
11.578000 0.6990 0.7060 0.7110 0.7190 0.7270
11.611368 0.7310 0.7370 0.7420 0.7460 0.7490
11.645000 0.7570 0.7610 0.7660 0.7690 0.7720
11.678368 0.7740 0.7770 0.7790 0.7820 0.7860
11.712000 0.7890 0.7940 0.7940 0.7960 0.7960
11.745368 0.7970 0.7990 0.8010 0.8010 0.8030
11.778000 0.8030 0.8030 0.8040 0.8040 0.8040
11.811368 0.8060 0.8080 0.8080 0.8090 0.8090
11.845000 0.8090 0.8110 0.8110 0.8110 0.8110
11.878368 0.8110 0.8110 0.8090 0.8080 0.8060
11.912000 0.8060 0.8040 0.8040 0.8040 0.8040
11.945368 0.8030 0.8030 0.8010 0.8010 0.8010
11.978000 0.8010 0.8010 0.7990 0.8010 0.8010
12.011368 0.8010 0.8030 0.8010 0.8010 0.8010
12.045000 0.8010 0.8010 0.7970 0.7960 0.7940
12.078368 0.7940 0.7920 0.7920 0.7910 0.7910
12.112000 0.7890 0.7870 0.7860 0.7840 0.7820
12.145368 0.7820 0.7770 0.7740 0.7690 0.7670
12.178000 0.7640 0.7620 0.7590 0.7560 0.7520
12.211368 0.7510 0.7510 0.7490 0.7470 0.7460
12.245000 0.7420 0.7410 0.7390 0.7370 0.7370
12.278368 0.7360 0.7320 0.7270 0.7240 0.7220
12.312000 0.7190 0.7160 0.7120 0.7090 0.7040
12.345368 0.7040 0.7010 0.6990 0.6970 0.6920
12.379000 0.6910 0.6890 0.6870 0.6840 0.6810
12.412368 0.6790 0.6790 0.6790 0.6790 0.6790
12.445000 0.6770 0.6760 0.6740 0.6710 0.6710
12.478368 0.6670 0.6640 0.6610 0.6570 0.6540
12.512000 0.6470 0.6420 0.6410 0.6360 0.6320
12.545368 0.6290 0.6240 0.6210 0.6120 0.6070
12.579000 0.6040 0.6020 0.6010 0.5940 0.5920
12.612368 0.5800 0.5750 0.5740 0.5700 0.5670
12.645000 0.5600 0.5490 0.5440 0.5370 0.5340
12.678368 0.5270 0.5170 0.5100 0.5020 0.5000
12.712000 0.4990 0.4970 0.4940 0.4850 0.4770
12.745368 0.4740 0.4700 0.4670 0.4650 0.4640
12.779000 0.4640 0.4620 0.4620 0.4600 0.4600
12.812368 0.4590 0.4590 0.4570 0.4570 0.4570
12.845000 0.4570 0.4570 0.4570 0.4570 0.4570
12.878368 0.4590 0.4590 0.4620 0.4640 0.4650
12.912000 0.4670 0.4700 0.4740 0.4770 0.4800
12.945368 0.4840 0.4890 0.4950 0.4990 0.5040
12.979000 0.5090 0.5140 0.5190 0.5220 0.5270
13.012368 0.5300 0.5350 0.5390 0.5450 0.5470
13.046000 0.5470 0.5490 0.5490 0.5500 0.5520
13.079368 0.5540 0.5550 0.5550 0.5550 0.5550
13.112000 0.5540 0.5520 0.5490 0.5470 0.5440
13.145368 0.5370 0.5300 0.5220 0.5120 0.5020
13.179000 0.4970 0.4920 0.4820 0.4720 0.4600
13.212368 0.4490 0.4350 0.4200 0.3980 0.3900
13.246000 0.3750 0.3650 0.3580 0.3520 0.3470
13.279368 0.3420 0.3400 0.3370 0.3370 0.3380
13.312000 0.3420 0.3500 0.3530 0.3620 0.3700
13.345368 0.3770 0.3950 0.3970 0.4040 0.4140
13.379000 0.4270 0.4420 0.4550 0.4690 0.4790
13.412368 0.4870 0.4940 0.4970 0.4990 0.5040
13.446000 0.5090 0.5120 0.5190 0.5220 0.5250
13.479368 0.5270 0.5270 0.5270 0.5270 0.5270
13.513000 0.5270 0.5290 0.5290 0.5290 0.5290
13.546368 0.5290 0.5300 0.5300 0.5300 0.5300
13.579000 0.5300 0.5320 0.5340 0.5340 0.5340
13.612368 0.5340 0.5350 0.5350 0.5350 0.5350
13.646000 0.5370 0.5370 0.5390 0.5390 0.5370
13.679368 0.5370 0.5370 0.5370 0.5370 0.5370
13.713000 0.5370 0.5350 0.5340 0.5320 0.5290
13.746368 0.5270 0.5270 0.5270 0.5270 0.5240
13.779000 0.5220 0.5200 0.5190 0.5150 0.5150
13.812368 0.5140 0.5140 0.5120 0.5140 0.5140
13.846000 0.5150 0.5150 0.5190 0.5190 0.5200
13.879368 0.5200 0.5220 0.5250 0.5270 0.5270
13.913000 0.5270 0.5290 0.5290 0.5290 0.5300
13.946368 0.5300 0.5300 0.5300 0.5300 0.5300
13.979000 0.5300 0.5290 0.5290 0.5290 0.5270
14.012368 0.5240 0.5240 0.5220 0.5200 0.5170
14.046000 0.5120 0.5120 0.5090 0.5070 0.5040
14.079368 0.5000 0.5000 0.4990 0.4870 0.4800
14.113000 0.4750 0.4650 0.4590 0.4520 0.4420
14.146368 0.4320 0.4200 0.4100 0.3980 0.3850
14.180000 0.3730 0.3620 0.3520 0.3420 0.3320
14.213368 0.3230 0.3150 0.3080 0.3070 0.3050
14.246000 0.3030 0.3030 0.3030 0.3030 0.3050
14.279368 0.3050 0.3050 0.3070 0.3070 0.3100
14.313000 0.3130 0.3270 0.3350 0.3400 0.3450
14.346368 0.3530 0.3570 0.3650 0.3720 0.3780
14.380000 0.3930 0.3950 0.4050 0.4140 0.4200
14.413368 0.4370 0.4490 0.4640 0.4690 0.4740
14.446000 0.4850 0.4970 0.5200 0.5270 0.5400
14.479368 0.5500 0.5590 0.5690 0.5790 0.5900
14.513000 0.6040 0.6190 0.6310 0.6440 0.6490
14.546368 0.6570 0.6620 0.6720 0.6840 0.6910
14.580000 0.6970 0.7010 0.7060 0.7120 0.7190
14.613368 0.7270 0.7290 0.7310 0.7340 0.7360
14.646000 0.7390 0.7420 0.7460 0.7490 0.7540
14.679368 0.7570 0.7570 0.7590 0.7590 0.7610
14.713000 0.7620 0.7640 0.7660 0.7660 0.7670
14.746368 0.7670 0.7670 0.7690 0.7690 0.7710
14.780000 0.7720 0.7720 0.7740 0.7740 0.7740
14.813368 0.7760 0.7760 0.7760 0.7760 0.7760
14.847000 0.7760 0.7760 0.7760 0.7760 0.7760
14.880368 0.7760 0.7760 0.7760 0.7760 0.7740
14.913000 0.7740 0.7740 0.7740 0.7740 0.7740
14.946368 0.7720 0.7720 0.7720 0.7720 0.7720
14.980000 0.7760 0.7760 0.7760 0.7790 0.7790
15.013368 0.7810 0.7810 0.7820 0.7820 0.7820
15.047000 0.7840 0.7860 0.7870 0.7890 0.7890
15.080368 0.7910 0.7910 0.7910 0.7890 0.7910
15.113000 0.7910 0.7910 0.7920 0.7910 0.7910
15.146368 0.7910 0.7910 0.7910 0.7890 0.7890
15.180000 0.7890 0.7890 0.7890 0.7890 0.7890
15.213368 0.7890 0.7890 0.7890 0.7890 0.7910
15.247000 0.7890 0.7890 0.7890 0.7890 0.7890
15.280368 0.7890 0.7870 0.7870 0.7870 0.7870
15.314000 0.7860 0.7860 0.7840 0.7810 0.7810
15.347368 0.7790 0.7790 0.7770 0.7770 0.7740
15.380000 0.7740 0.7740 0.7740 0.7740 0.7740
15.413368 0.7720 0.7720 0.7740 0.7720 0.7720
15.447000 0.7720 0.7720 0.7710 0.7710 0.7710
15.480368 0.7690 0.7690 0.7670 0.7660 0.7660
15.514000 0.7640 0.7640 0.7620 0.7620 0.7620
15.547368 0.7610 0.7610 0.7590 0.7570 0.7570
15.580000 0.7560 0.7540 0.7540 0.7540 0.7520
15.613368 0.7520 0.7510 0.7510 0.7510 0.7490
15.647000 0.7470 0.7460 0.7460 0.7440 0.7440
15.680368 0.7420 0.7420 0.7410 0.7390 0.7390
15.714000 0.7370 0.7360 0.7340 0.7340 0.7320
15.747368 0.7310 0.7290 0.7290 0.7270 0.7270
15.780000 0.7270 0.7270 0.7260 0.7240 0.7240
15.813368 0.7220 0.7210 0.7190 0.7170 0.7170
15.847000 0.7160 0.7140 0.7120 0.7110 0.7090
15.880368 0.7090 0.7070 0.7060 0.7060 0.7060
15.914000 0.7060 0.7040 0.7040 0.7040 0.7040
15.947368 0.7040 0.7040 0.7010 0.7010 0.7010
15.981000 0.6990 0.6990 0.6990 0.6970 0.6990
16.014368 0.6990
##END=
