##TITLE=Diethylhydroxymethyl phosphonate
##JCAMP-DX=4.24
##DATA TYPE=INFRARED SPECTRUM
##ORIGIN=EPA-IR VAPOR PHASE LIBRARY
##OWNER=SRD/NIST
Collection (C) 2018 copyright by the U.S. Secretary of Commerce
on behalf of the United States of America. All rights reserved.
##CAS REGISTRY NO=3084-40-0
##MOLFORM=C 5 H 13 O 4 P
##$NIST SOURCE=MSDC-IR
##STATE=gas
##XUNITS=1/CM
##YUNITS=ABSORBANCE
##XFACTOR=1.
##YFACTOR=0.001
##DELTAX=3.85796
##FIRSTX=501.5
##LASTX=4000.7
##FIRSTY=4.22
##MAXX=4000.7
##MINX=501.534
##MAXY=0.08114
##MINY=0.0001283
##NPOINTS=908
##XYDATA=(X++(Y..Y))
501.534 4.22 4.45 4.82 5.21 5.73 6.37 6.97 7.42 7.66 7.68
540.114 7.36 6.67 5.81 4.85 3.91 3.07 2.39 1.93 1.6 1.34
578.693 1.14 1.04 0.9765 0.9143 0.9036 0.8783 0.8191 0.7546 0.7272 0.7119
617.273 0.7476 0.7957 0.7573 0.7265 0.7629 0.7872 0.7833 0.7852 0.7895 0.8442
655.852 0.9198 0.9714 1 1.09 1.18 1.33 1.52 1.67 1.85 2.05
694.432 2.2 2.3 2.38 2.44 2.5 2.51 2.51 2.44 2.34 2.29
733.011 2.23 2.23 2.42 2.74 3.18 3.87 4.8 6.02 7.56 9.26
771.591 10.95 12.31 13.07 13.07 12.33 11.14 9.93 8.89 7.96 7.16
810.170 6.45 5.74 4.99 4.31 3.75 3.31 3 2.79 2.67 2.66
848.750 2.77 2.99 3.32 3.79 4.4 4.97 5.32 5.35 5.11 4.65
887.330 4.19 3.93 3.9 4.05 4.35 4.81 5.41 6.2 7.25 8.72
925.909 10.73 13.37 16.75 20.93 25.7 30.53 34.69 37.47 38.33 37.23
964.489 34.45 30.53 26.13 21.84 18.11 15.22 13.3 12.34 12.27 13.08
1003.068 14.85 17.86 22.39 28.65 36.87 46.64 56.95 66.75 74.85 79.93
1041.648 81.14 78.78 73.96 67.63 60.62 53.89 48.02 42.8 37.67 32.59
1080.227 27.99 24.32 21.8 20.25 19.06 17.8 16.3 14.52 12.72 11.19
1118.807 9.99 9.12 8.53 8.13 7.93 7.87 7.9 7.96 7.99 8.05
1157.387 8.12 8.06 7.92 7.67 7.29 6.81 6.19 5.57 4.98 4.46
1195.966 4.03 3.69 3.51 3.43 3.41 3.48 3.72 4.08 4.59 5.34
1234.546 6.54 8.49 11.26 14.83 18.92 23.04 26.3 27.76 27.36 25.68
1273.125 23.3 20.69 18.29 16.34 14.85 13.61 12.35 11.02 9.66 8.28
1311.705 6.96 5.82 4.87 4.11 3.54 3.15 2.9 2.75 2.71 2.76
1350.284 2.92 3.19 3.56 4.02 4.52 5.07 5.56 5.91 6.35 6.84
1388.864 7.2 7.25 6.93 6.3 5.39 4.41 3.65 3.21 3.04 3.08
1427.443 3.28 3.55 3.77 3.86 3.76 3.49 3.13 2.76 2.47 2.27
1466.023 2.12 1.99 1.9 1.81 1.71 1.61 1.51 1.38 1.28 1.18
1504.603 1.07 0.9687 0.9044 0.8358 0.766 0.7168 0.6679 0.6227 0.592 0.5402
1543.182 0.5028 0.4824 0.4679 0.4454 0.4144 0.418 0.4142 0.3995 0.3865 0.374
1581.762 0.3614 0.3625 0.3695 0.3528 0.3444 0.356 0.3468 0.3304 0.3356 0.3317
1620.341 0.336 0.3432 0.351 0.3675 0.3749 0.3874 0.407 0.4266 0.4257 0.4324
1658.921 0.4385 0.4296 0.4173 0.4194 0.425 0.4172 0.4023 0.414 0.4289 0.4198
1697.500 0.4234 0.4437 0.4567 0.4726 0.5101 0.5393 0.5658 0.6023 0.6316 0.6402
1736.080 0.646 0.663 0.6839 0.6721 0.6489 0.6512 0.6395 0.6276 0.6119 0.5933
1774.659 0.5978 0.6024 0.615 0.6214 0.6269 0.6438 0.6551 0.6736 0.7041 0.7226
1813.239 0.742 0.754 0.7619 0.7666 0.7611 0.7704 0.7652 0.748 0.7354 0.7053
1851.819 0.6638 0.6372 0.6077 0.5627 0.5233 0.5021 0.488 0.4548 0.43 0.4157
1890.398 0.3841 0.3582 0.3322 0.3156 0.3111 0.3104 0.3021 0.2899 0.2773 0.2679
1928.978 0.2647 0.2572 0.2521 0.2466 0.2422 0.2386 0.2167 0.1992 0.204 0.201
1967.557 0.1994 0.1996 0.1989 0.193 0.2015 0.2121 0.2101 0.1975 0.1899 0.1805
2006.137 0.182 0.1919 0.1884 0.183 0.1803 0.1894 0.1985 0.21 0.212 0.2237
2044.716 0.2476 0.2522 0.2562 0.2794 0.3016 0.3112 0.3216 0.3359 0.3397 0.3212
2083.296 0.3052 0.3051 0.295 0.2584 0.239 0.2367 0.2225 0.2179 0.2111 0.2066
2121.875 0.204 0.1949 0.1797 0.1713 0.1756 0.1754 0.1792 0.1694 0.17 0.1822
2160.455 0.1632 0.1535 0.1563 0.1596 0.1485 0.1382 0.1505 0.1553 0.148 0.1369
2199.035 0.151 0.1549 0.1495 0.1684 0.1811 0.1665 0.1445 0.1444 0.1418 0.1387
2237.614 0.1387 0.1449 0.1563 0.1566 0.1516 0.1506 0.1551 0.1616 0.1687 0.1685
2276.194 0.1667 0.1521 0.1406 0.1435 0.1529 0.156 0.1514 0.1591 0.1707 0.1867
2314.773 0.1929 0.2067 0.2107 0.2001 0.2035 0.2101 0.2013 0.1964 0.2148 0.2245
2353.353 0.2018 0.1768 0.1726 0.1767 0.1759 0.1613 0.1613 0.1649 0.1656 0.1674
2391.932 0.162 0.1639 0.1713 0.1764 0.1823 0.194 0.2064 0.2158 0.2203 0.2084
2430.512 0.2249 0.2535 0.2515 0.2435 0.2433 0.2394 0.228 0.2248 0.2284 0.219
2469.092 0.204 0.2109 0.2082 0.1888 0.1732 0.1705 0.179 0.1904 0.1993 0.2071
2507.671 0.2019 0.1918 0.1927 0.1935 0.1861 0.1869 0.1969 0.1971 0.1898 0.1894
2546.251 0.1849 0.1517 0.1436 0.1518 0.1549 0.159 0.1474 0.141 0.1312 0.1434
2584.830 0.1649 0.1595 0.1472 0.1359 0.1319 0.1304 0.1283 0.1476 0.1622 0.1514
2623.410 0.1472 0.1391 0.1451 0.1653 0.1623 0.152 0.1491 0.1491 0.1557 0.1654
2661.989 0.1863 0.1826 0.1567 0.1628 0.1692 0.1671 0.1831 0.1847 0.1942 0.2135
2700.569 0.2234 0.2374 0.2429 0.2587 0.2872 0.3408 0.3857 0.4107 0.4371 0.4586
2739.148 0.4769 0.4804 0.4806 0.4871 0.5031 0.5119 0.5414 0.5826 0.6068 0.6375
2777.728 0.666 0.6823 0.6972 0.7046 0.6896 0.688 0.7174 0.7612 0.7999 0.824
2816.308 0.881 0.9539 1.02 1.09 1.19 1.33 1.48 1.64 1.81 1.95
2854.887 2.05 2.18 2.34 2.55 2.83 3.18 3.59 3.99 4.38 4.84
2893.467 5.37 5.95 6.6 7.27 7.83 8.14 8.17 8.06 8.07 8.37
2932.046 8.99 9.74 10.27 10.46 10.26 9.76 9.22 8.95 9.07 9.55
2970.626 10.33 11.47 12.78 13.92 14.59 14.48 13.59 12.1 10.37 8.78
3009.205 7.45 6.34 5.35 4.51 3.79 3.17 2.66 2.23 1.86 1.59
3047.785 1.41 1.22 1.05 0.9554 0.8755 0.7713 0.6979 0.644 0.5869 0.5634
3086.364 0.5337 0.509 0.487 0.4676 0.4785 0.4947 0.4642 0.4295 0.4339 0.4308
3124.944 0.4126 0.3884 0.3877 0.3775 0.3584 0.375 0.3501 0.3326 0.3434 0.3264
3163.524 0.3449 0.3585 0.3345 0.3346 0.334 0.3145 0.3102 0.2963 0.2874 0.3206
3202.103 0.321 0.3052 0.3292 0.3448 0.3196 0.2983 0.311 0.3221 0.3007 0.2746
3240.683 0.2769 0.2585 0.2218 0.1993 0.1779 0.1714 0.1888 0.2052 0.2299 0.2554
3279.262 0.2151 0.1598 0.1492 0.1473 0.1457 0.1418 0.1416 0.1757 0.1878 0.1875
3317.842 0.2137 0.235 0.2335 0.2169 0.1984 0.1816 0.2117 0.2362 0.194 0.1812
3356.421 0.2037 0.204 0.1885 0.2052 0.2252 0.2047 0.2223 0.2252 0.1992 0.1906
3395.001 0.2245 0.2334 0.2242 0.2307 0.2021 0.1932 0.1905 0.2081 0.2227 0.2076
3433.580 0.2208 0.2409 0.2225 0.2214 0.2325 0.2356 0.2369 0.2517 0.2673 0.2498
3472.160 0.2455 0.2624 0.2734 0.2944 0.3277 0.3249 0.3451 0.4161 0.4617 0.4976
3510.740 0.5423 0.539 0.5615 0.6015 0.5841 0.5524 0.5384 0.5643 0.6051 0.6224
3549.319 0.6589 0.6948 0.7389 0.8312 0.9901 1.23 1.52 1.88 2.27 2.65
3587.899 2.94 3.02 2.85 2.56 2.22 1.9 1.64 1.45 1.4 1.45
3626.478 1.55 1.69 1.84 1.95 2 1.93 1.74 1.5 1.27 1.12
3665.058 1 0.9027 0.837 0.76 0.7022 0.645 0.6078 0.5768 0.5275 0.4847
3703.637 0.4409 0.3976 0.3793 0.3822 0.3661 0.3552 0.3317 0.3187 0.2884 0.249
3742.217 0.2903 0.302 0.2581 0.2647 0.2533 0.2323 0.24 0.2499 0.2639 0.2441
3780.797 0.2471 0.2804 0.3001 0.279 0.2404 0.2326 0.2261 0.2346 0.2251 0.2058
3819.376 0.2166 0.2624 0.2815 0.2538 0.232 0.2612 0.2957 0.2408 0.2056 0.2008
3857.956 0.2054 0.227 0.2045 0.1889 0.215 0.2228 0.2073 0.2161 0.2205 0.2121
3896.535 0.2157 0.2346 0.2456 0.2273 0.2396 0.2474 0.2763 0.2935 0.2673 0.2568
3935.115 0.2559 0.2537 0.2479 0.2691 0.2837 0.282 0.2969 0.2997 0.2797 0.2879
3973.694 0.3075 0.3212 0.3239 0.2977 0.2959 0.2907 0.3067 0.3312
##END=
