##TITLE=TETRA-N-BUTYL AMMONIUM IODIDE
$$ E.K. NO. 4702
##JCAMP-DX=4.24
##DATA TYPE=INFRARED SPECTRUM
##CLASS=COBLENTZ
##ORIGIN=DOW CHEMICAL COMPANY
##OWNER=COBLENTZ SOCIETY
Collection (C) 2018 copyright by the U.S. Secretary of Commerce
on behalf of the United States of America. All rights reserved.
##DATE=Not specified, most likely prior to 1970
##NAMES=tetrabutyl-.lambda.<5>-azane hydroiodide
##CAS REGISTRY NO=311-28-4
##MOLFORM=C16 H36 I N
##SOURCE REFERENCE=COBLENTZ NO. 1874
##$NIST SOURCE=COBLENTZ
##$NIST IMAGE=cob1874
##SPECTROMETER/DATA SYSTEM=Not specified, most likely a prism, grating, or hybrid spectrometer.
##STATE=SOLID (MINERAL OIL MULL)
##PATH LENGTH=
$$SPECTRAL CONTAMINATION DUE TO OIL AROUND 2900, 1450, 1380 CM^-^1
##SAMPLING PROCEDURE=TRANSMISSION
##RESOLUTION=4
##DATA PROCESSING=DIGITIZED BY NIST FROM HARD COPY
##XUNITS=MICROMETERS
##YUNITS=TRANSMITTANCE
##XFACTOR=1.000000
##YFACTOR=1
##DELTAX=000.006836
##FIRSTX=2.041
##LASTX=15.9453
##FIRSTY=0.609
##MAXX=15.9453
##MINX=2.041
##MAXY=0.906
##MINY=0.032
##NPOINTS=2035
##XYDATA=(X++(Y..Y))
2.041000 0.6090 0.6100 0.6120 0.6140 0.6140
2.075196 0.6160 0.6160 0.6190 0.6190 0.6170
2.109000 0.6120 0.6050 0.6020 0.5930 0.5920
2.143196 0.5920 0.5920 0.5920 0.5920 0.5920
2.178000 0.5900 0.5870 0.5850 0.5830 0.5810
2.212196 0.5800 0.5730 0.5690 0.5590 0.5560
2.246000 0.5520 0.5490 0.5460 0.5440 0.5440
2.280196 0.5440 0.5440 0.5460 0.5490 0.5520
2.314000 0.5540 0.5540 0.5590 0.5610 0.5630
2.348196 0.5640 0.5640 0.5660 0.5680 0.5690
2.383000 0.5690 0.5730 0.5760 0.5800 0.5810
2.417196 0.5850 0.5880 0.5930 0.5980 0.6050
2.451000 0.6100 0.6140 0.6190 0.6220 0.6240
2.485196 0.6260 0.6270 0.6310 0.6330 0.6330
2.520000 0.6340 0.6340 0.6340 0.6340 0.6360
2.554196 0.6380 0.6390 0.6390 0.6410 0.6450
2.588000 0.6480 0.6510 0.6550 0.6550 0.6560
2.622196 0.6560 0.6580 0.6580 0.6580 0.6600
2.656000 0.6600 0.6630 0.6700 0.6720 0.6740
2.690196 0.6750 0.6770 0.6790 0.6790 0.6800
2.725000 0.6820 0.6840 0.6860 0.6890 0.6890
2.759196 0.6920 0.6960 0.6990 0.7030 0.7080
2.793000 0.7090 0.7110 0.7130 0.7150 0.7150
2.827196 0.7160 0.7160 0.7180 0.7180 0.7200
2.861000 0.7210 0.7230 0.7230 0.7250 0.7250
2.895196 0.7250 0.7260 0.7260 0.7280 0.7300
2.930000 0.7300 0.7330 0.7330 0.7350 0.7350
2.964196 0.7370 0.7370 0.7380 0.7380 0.7380
2.998000 0.7400 0.7400 0.7400 0.7400 0.7400
3.032196 0.7400 0.7380 0.7380 0.7350 0.7320
3.066000 0.7280 0.7250 0.7160 0.7110 0.7040
3.100196 0.7030 0.6990 0.6990 0.6970 0.6970
3.135000 0.6970 0.6970 0.6970 0.6970 0.6970
3.169196 0.6970 0.6970 0.6970 0.6960 0.6840
3.203000 0.6740 0.6720 0.6680 0.6650 0.6580
3.237196 0.6500 0.6430 0.6340 0.6220 0.6090
3.271000 0.5920 0.5730 0.5510 0.5180 0.4910
3.305196 0.4640 0.4240 0.3700 0.3310 0.2900
3.340000 0.1860 0.1170 0.0810 0.0520 0.0390
3.374196 0.0370 0.0390 0.0440 0.0470 0.0490
3.408000 0.0490 0.0510 0.0510 0.0510 0.0520
3.442196 0.0580 0.0610 0.0680 0.0710 0.0830
3.477000 0.1020 0.1380 0.2210 0.2960 0.3320
3.511196 0.3720 0.4190 0.4500 0.4740 0.4910
3.545000 0.5060 0.5170 0.5270 0.5340 0.5400
3.579196 0.5470 0.5520 0.5520 0.5560 0.5540
3.613000 0.5540 0.5490 0.5420 0.5390 0.5370
3.647196 0.5370 0.5390 0.5520 0.5580 0.5640
3.682000 0.5710 0.5760 0.5780 0.5800 0.5800
3.716196 0.5810 0.5830 0.5870 0.5880 0.5920
3.750000 0.5930 0.5950 0.5970 0.5980 0.6000
3.784196 0.6000 0.6050 0.6090 0.6120 0.6160
3.818000 0.6190 0.6240 0.6290 0.6310 0.6330
3.852196 0.6390 0.6430 0.6460 0.6500 0.6510
3.887000 0.6530 0.6580 0.6600 0.6630 0.6720
3.921196 0.6740 0.6790 0.6800 0.6820 0.6840
3.955000 0.6870 0.6890 0.6910 0.6920 0.6920
3.989196 0.6940 0.6960 0.6970 0.6990 0.6990
4.023000 0.6990 0.7010 0.7010 0.7010 0.6990
4.057196 0.6970 0.6970 0.6960 0.6960 0.6960
4.092000 0.6960 0.6940 0.6940 0.6920 0.6920
4.126196 0.6910 0.6910 0.6910 0.6910 0.6910
4.160000 0.6910 0.6910 0.6910 0.6910 0.6940
4.194196 0.6970 0.7010 0.7040 0.7060 0.7090
4.229000 0.7110 0.7130 0.7130 0.7160 0.7200
4.263196 0.7210 0.7230 0.7250 0.7280 0.7280
4.297000 0.7280 0.7280 0.7280 0.7280 0.7250
4.331196 0.7230 0.7200 0.7180 0.7180 0.7180
4.365000 0.7180 0.7180 0.7180 0.7200 0.7230
4.399196 0.7230 0.7260 0.7280 0.7280 0.7320
4.434000 0.7320 0.7350 0.7380 0.7380 0.7380
4.468196 0.7380 0.7380 0.7370 0.7370 0.7350
4.502000 0.7350 0.7350 0.7350 0.7350 0.7330
4.536196 0.7320 0.7320 0.7320 0.7320 0.7350
4.570000 0.7380 0.7380 0.7380 0.7400 0.7440
4.604196 0.7500 0.7520 0.7520 0.7540 0.7540
4.639000 0.7540 0.7540 0.7550 0.7550 0.7550
4.673196 0.7550 0.7570 0.7570 0.7610 0.7610
4.707000 0.7610 0.7610 0.7620 0.7620 0.7620
4.741196 0.7620 0.7620 0.7620 0.7660 0.7670
4.775000 0.7670 0.7670 0.7670 0.7670 0.7690
4.809196 0.7690 0.7690 0.7690 0.7690 0.7690
4.844000 0.7690 0.7710 0.7730 0.7740 0.7760
4.878196 0.7780 0.7780 0.7790 0.7810 0.7810
4.912000 0.7830 0.7840 0.7840 0.7860 0.7860
4.946196 0.7860 0.7880 0.7880 0.7910 0.7910
4.980000 0.7950 0.7950 0.7960 0.7960 0.7980
5.014196 0.7980 0.8000 0.8000 0.8000 0.8000
5.049000 0.8000 0.8030 0.8030 0.8050 0.8070
5.083196 0.8070 0.8070 0.8070 0.8080 0.8080
5.117000 0.8080 0.8080 0.8080 0.8080 0.8080
5.151196 0.8080 0.8080 0.8080 0.8080 0.8100
5.186000 0.8100 0.8100 0.8100 0.8100 0.8100
5.220196 0.8100 0.8100 0.8100 0.8100 0.8100
5.254000 0.8100 0.8120 0.8120 0.8130 0.8170
5.288196 0.8170 0.8170 0.8170 0.8200 0.8200
5.322000 0.8200 0.8200 0.8220 0.8220 0.8220
5.356196 0.8220 0.8220 0.8220 0.8200 0.8200
5.391000 0.8200 0.8220 0.8220 0.8250 0.8270
5.425196 0.8270 0.8270 0.8270 0.8270 0.8270
5.459000 0.8270 0.8270 0.8270 0.8270 0.8290
5.493196 0.8290 0.8290 0.8290 0.8290 0.8290
5.527000 0.8290 0.8270 0.8270 0.8290 0.8290
5.561196 0.8310 0.8310 0.8310 0.8310 0.8310
5.596000 0.8310 0.8320 0.8320 0.8320 0.8320
5.630196 0.8320 0.8320 0.8320 0.8340 0.8320
5.664000 0.8320 0.8320 0.8310 0.8310 0.8290
5.698196 0.8290 0.8290 0.8310 0.8310 0.8310
5.732000 0.8310 0.8320 0.8320 0.8320 0.8340
5.766196 0.8340 0.8340 0.8340 0.8340 0.8320
5.801000 0.8310 0.8310 0.8290 0.8290 0.8310
5.835196 0.8310 0.8290 0.8290 0.8270 0.8270
5.869000 0.8270 0.8270 0.8270 0.8270 0.8270
5.903196 0.8270 0.8270 0.8270 0.8270 0.8290
5.938000 0.8290 0.8310 0.8320 0.8320 0.8320
5.972196 0.8320 0.8320 0.8320 0.8320 0.8320
6.006000 0.8320 0.8310 0.8290 0.8290 0.8310
6.040196 0.8310 0.8340 0.8370 0.8390 0.8390
6.074000 0.8390 0.8390 0.8390 0.8390 0.8390
6.108196 0.8370 0.8370 0.8370 0.8370 0.8370
6.143000 0.8340 0.8340 0.8340 0.8340 0.8340
6.177196 0.8360 0.8360 0.8360 0.8360 0.8360
6.211000 0.8360 0.8360 0.8360 0.8340 0.8340
6.245196 0.8340 0.8320 0.8320 0.8310 0.8310
6.279000 0.8310 0.8310 0.8310 0.8290 0.8290
6.313196 0.8270 0.8270 0.8250 0.8240 0.8240
6.348000 0.8220 0.8200 0.8190 0.8150 0.8130
6.382196 0.8120 0.8100 0.8100 0.8080 0.8070
6.416000 0.8020 0.8000 0.7980 0.7950 0.7910
6.450196 0.7900 0.7900 0.7900 0.7900 0.7900
6.484000 0.7900 0.7880 0.7860 0.7840 0.7810
6.518196 0.7780 0.7780 0.7730 0.7710 0.7690
6.553000 0.7670 0.7660 0.7620 0.7610 0.7590
6.587196 0.7570 0.7570 0.7540 0.7520 0.7500
6.621000 0.7490 0.7470 0.7420 0.7380 0.7320
6.655196 0.7230 0.7110 0.6970 0.6770 0.6630
6.689000 0.6500 0.6160 0.5730 0.5180 0.4650
6.723196 0.4190 0.3680 0.3320 0.2960 0.2490
6.758000 0.2040 0.1480 0.1000 0.0340 0.0320
6.792196 0.0340 0.0400 0.0460 0.0490 0.0520
6.826000 0.0540 0.0590 0.0660 0.0750 0.0850
6.860196 0.1020 0.1220 0.1480 0.1790 0.2090
6.895000 0.2490 0.2760 0.3080 0.3780 0.4140
6.929196 0.4520 0.4860 0.5200 0.5490 0.5630
6.963000 0.5690 0.5800 0.5950 0.5970 0.6000
6.997196 0.6070 0.6090 0.6100 0.6100 0.6090
7.031000 0.6070 0.5950 0.5780 0.5590 0.5390
7.065196 0.5220 0.5100 0.4960 0.4820 0.4650
7.100000 0.4570 0.4530 0.4520 0.4520 0.4550
7.134196 0.4550 0.4590 0.4620 0.4640 0.4670
7.168000 0.4670 0.4600 0.3970 0.3560 0.3370
7.202196 0.3290 0.3200 0.2840 0.2350 0.2150
7.236000 0.2110 0.2150 0.2420 0.2760 0.2980
7.270196 0.3220 0.3650 0.3820 0.3970 0.4060
7.305000 0.4090 0.4400 0.4810 0.5250 0.5460
7.339196 0.5690 0.5830 0.5950 0.6100 0.6210
7.373000 0.6220 0.6310 0.6360 0.6430 0.6500
7.407196 0.6510 0.6550 0.6550 0.6600 0.6620
7.441000 0.6630 0.6630 0.6620 0.6550 0.6450
7.475196 0.6270 0.6160 0.6000 0.5900 0.5710
7.510000 0.5660 0.5610 0.5580 0.5580 0.5610
7.544196 0.5750 0.5920 0.5970 0.6070 0.6190
7.578000 0.6260 0.6330 0.6340 0.6450 0.6530
7.612196 0.6630 0.6860 0.6990 0.7060 0.7150
7.646000 0.7250 0.7320 0.7370 0.7400 0.7450
7.680196 0.7490 0.7500 0.7520 0.7520 0.7520
7.715000 0.7520 0.7520 0.7520 0.7540 0.7550
7.749196 0.7570 0.7610 0.7620 0.7660 0.7670
7.783000 0.7690 0.7690 0.7710 0.7730 0.7740
7.817196 0.7740 0.7760 0.7780 0.7780 0.7810
7.852000 0.7810 0.7830 0.7830 0.7830 0.7830
7.886196 0.7810 0.7810 0.7810 0.7830 0.7830
7.920000 0.7860 0.7880 0.7880 0.7880 0.7880
7.954196 0.7860 0.7740 0.7660 0.7620 0.7570
7.988000 0.7500 0.7420 0.7300 0.7180 0.7010
8.022196 0.6940 0.6940 0.6960 0.7030 0.7180
8.057000 0.7400 0.7520 0.7690 0.7810 0.7910
8.091196 0.8020 0.8100 0.8150 0.8200 0.8220
8.125000 0.8270 0.8290 0.8290 0.8310 0.8320
8.159196 0.8320 0.8340 0.8360 0.8360 0.8370
8.193000 0.8390 0.8410 0.8430 0.8430 0.8440
8.227196 0.8440 0.8460 0.8460 0.8480 0.8480
8.262000 0.8490 0.8490 0.8490 0.8510 0.8530
8.296196 0.8530 0.8530 0.8530 0.8530 0.8530
8.330000 0.8530 0.8510 0.8480 0.8440 0.8360
8.364196 0.8290 0.8220 0.8150 0.8050 0.7930
8.398000 0.7760 0.7640 0.7540 0.7440 0.7330
8.432196 0.7280 0.7250 0.7210 0.7200 0.7200
8.467000 0.7180 0.7150 0.7040 0.6940 0.6740
8.501196 0.6620 0.6480 0.6050 0.5930 0.5690
8.535000 0.5490 0.5300 0.5270 0.5270 0.5340
8.569196 0.5580 0.5830 0.5950 0.6220 0.6620
8.604000 0.7380 0.7610 0.7780 0.7830 0.7900
8.638196 0.7960 0.8030 0.8080 0.8150 0.8200
8.672000 0.8250 0.8290 0.8310 0.8360 0.8390
8.706196 0.8430 0.8460 0.8490 0.8510 0.8530
8.740000 0.8580 0.8610 0.8630 0.8650 0.8650
8.774196 0.8660 0.8660 0.8680 0.8680 0.8700
8.809000 0.8700 0.8700 0.8720 0.8720 0.8720
8.843196 0.8720 0.8720 0.8700 0.8680 0.8660
8.877000 0.8610 0.8600 0.8560 0.8510 0.8430
8.911196 0.8270 0.8120 0.7980 0.7780 0.7570
8.945000 0.7370 0.7030 0.6680 0.6430 0.6170
8.979196 0.5780 0.5490 0.5230 0.4570 0.4410
9.014000 0.4400 0.4430 0.4590 0.4760 0.4880
9.048196 0.6100 0.6650 0.7130 0.7320 0.7500
9.082000 0.7670 0.7840 0.8000 0.8030 0.8130
9.116196 0.8200 0.8240 0.8290 0.8320 0.8360
9.150000 0.8390 0.8410 0.8430 0.8430 0.8440
9.184196 0.8440 0.8460 0.8460 0.8440 0.8440
9.219000 0.8430 0.8410 0.8390 0.8370 0.8310
9.253196 0.8270 0.8200 0.8120 0.8020 0.7950
9.287000 0.7830 0.7670 0.7520 0.7450 0.7320
9.321196 0.7150 0.6970 0.6860 0.6670 0.6620
9.355000 0.6560 0.6460 0.6450 0.6450 0.6460
9.389196 0.6550 0.6600 0.6650 0.6700 0.6700
9.424000 0.6680 0.6680 0.6670 0.6630 0.6600
9.458196 0.6580 0.6600 0.6870 0.7010 0.7150
9.492000 0.7300 0.7470 0.7660 0.7860 0.8000
9.526196 0.8050 0.8170 0.8250 0.8270 0.8290
9.561000 0.8290 0.8290 0.8290 0.8270 0.8270
9.595196 0.8220 0.8020 0.7810 0.7660 0.7520
9.629000 0.7400 0.7260 0.7090 0.6840 0.6680
9.663196 0.6530 0.6090 0.5850 0.5490 0.5400
9.697000 0.5400 0.5440 0.5590 0.5810 0.6100
9.731196 0.6410 0.7090 0.7420 0.7690 0.7900
9.766000 0.8030 0.8100 0.8170 0.8250 0.8310
9.800196 0.8370 0.8430 0.8440 0.8460 0.8480
9.834000 0.8490 0.8510 0.8540 0.8580 0.8610
9.868196 0.8630 0.8630 0.8650 0.8650 0.8630
9.902000 0.8630 0.8610 0.8580 0.8560 0.8510
9.936196 0.8480 0.8440 0.8360 0.8290 0.8200
9.971000 0.8100 0.8020 0.7900 0.7780 0.7640
10.005196 0.7470 0.7280 0.7040 0.6940 0.6790
10.039000 0.6670 0.6550 0.6380 0.6220 0.6040
10.073196 0.5950 0.5880 0.5850 0.5850 0.5900
10.107000 0.5980 0.6140 0.6330 0.6550 0.6920
10.141196 0.7060 0.7280 0.7380 0.7470 0.7540
10.176000 0.7610 0.7670 0.7740 0.7810 0.7880
10.210196 0.7950 0.8030 0.8080 0.8120 0.8170
10.244000 0.8200 0.8250 0.8290 0.8310 0.8320
10.278196 0.8340 0.8340 0.8370 0.8390 0.8410
10.313000 0.8410 0.8440 0.8460 0.8460 0.8480
10.347196 0.8490 0.8510 0.8510 0.8530 0.8540
10.381000 0.8560 0.8600 0.8600 0.8610 0.8610
10.415196 0.8610 0.8630 0.8630 0.8630 0.8630
10.449000 0.8650 0.8650 0.8650 0.8650 0.8660
10.483196 0.8660 0.8660 0.8660 0.8660 0.8660
10.518000 0.8660 0.8660 0.8680 0.8680 0.8680
10.552196 0.8680 0.8660 0.8660 0.8660 0.8650
10.586000 0.8630 0.8630 0.8610 0.8600 0.8600
10.620196 0.8580 0.8580 0.8580 0.8560 0.8530
10.654000 0.8490 0.8480 0.8430 0.8370 0.8320
10.688196 0.8250 0.8190 0.8120 0.8030 0.7930
10.723000 0.7830 0.7670 0.7590 0.7400 0.7320
10.757196 0.7130 0.6800 0.6670 0.6510 0.6260
10.791000 0.5980 0.5680 0.5250 0.4760 0.4350
10.825196 0.4180 0.4010 0.3990 0.4010 0.4190
10.859000 0.4450 0.4810 0.5230 0.5680 0.6120
10.893196 0.6500 0.6910 0.7090 0.7250 0.7380
10.928000 0.7450 0.7490 0.7500 0.7520 0.7520
10.962196 0.7520 0.7520 0.7500 0.7500 0.7500
10.996000 0.7490 0.7490 0.7490 0.7490 0.7490
11.030196 0.7470 0.7420 0.7350 0.7210 0.7040
11.064000 0.6790 0.6680 0.6580 0.6480 0.6190
11.098196 0.5870 0.5510 0.5150 0.4770 0.4410
11.133000 0.4110 0.3830 0.3630 0.3410 0.3390
11.167196 0.3390 0.3490 0.3870 0.4140 0.4470
11.201000 0.4840 0.5220 0.5580 0.5850 0.5930
11.235196 0.5980 0.6000 0.6000 0.5980 0.5900
11.270000 0.5780 0.5640 0.5490 0.5350 0.5200
11.304196 0.5050 0.4910 0.4790 0.4670 0.4550
11.338000 0.4500 0.4480 0.4500 0.4600 0.4840
11.372196 0.5030 0.5300 0.5460 0.5850 0.6170
11.406000 0.6450 0.6860 0.7030 0.7180 0.7330
11.440196 0.7490 0.7640 0.7740 0.7830 0.7910
11.475000 0.7980 0.8050 0.8100 0.8190 0.8250
11.509196 0.8310 0.8360 0.8370 0.8410 0.8460
11.543000 0.8490 0.8530 0.8580 0.8580 0.8610
11.577196 0.8630 0.8650 0.8680 0.8700 0.8720
11.611000 0.8720 0.8730 0.8730 0.8750 0.8770
11.645196 0.8770 0.8770 0.8770 0.8780 0.8780
11.680000 0.8800 0.8800 0.8800 0.8820 0.8820
11.714196 0.8830 0.8830 0.8830 0.8830 0.8850
11.748000 0.8850 0.8850 0.8850 0.8850 0.8850
11.782196 0.8870 0.8870 0.8890 0.8890 0.8890
11.816000 0.8890 0.8890 0.8900 0.8920 0.8920
11.850196 0.8940 0.8940 0.8950 0.8970 0.8970
11.885000 0.8990 0.8990 0.8990 0.8990 0.9010
11.919196 0.9010 0.9010 0.9010 0.9010 0.9010
11.953000 0.9010 0.9010 0.9020 0.9020 0.9020
11.987196 0.9020 0.9020 0.9020 0.9040 0.9040
12.021000 0.9040 0.9040 0.9040 0.9040 0.9040
12.055196 0.9040 0.9040 0.9040 0.9040 0.9040
12.090000 0.9060 0.9060 0.9060 0.9060 0.9060
12.124196 0.9060 0.9060 0.9060 0.9060 0.9060
12.158000 0.9060 0.9060 0.9060 0.9060 0.9060
12.192196 0.9060 0.9040 0.9040 0.9040 0.9040
12.227000 0.9040 0.9020 0.9020 0.9020 0.9020
12.261196 0.9020 0.9010 0.9010 0.8990 0.8970
12.295000 0.8970 0.8950 0.8940 0.8940 0.8920
12.329196 0.8920 0.8900 0.8890 0.8870 0.8870
12.363000 0.8850 0.8800 0.8800 0.8770 0.8750
12.397196 0.8720 0.8700 0.8650 0.8610 0.8580
12.432000 0.8540 0.8490 0.8460 0.8430 0.8390
12.466196 0.8360 0.8320 0.8290 0.8290 0.8270
12.500000 0.8220 0.8200 0.8190 0.8150 0.8120
12.534196 0.8120 0.8100 0.8100 0.8080 0.8080
12.568000 0.8100 0.8130 0.8190 0.8220 0.8290
12.602196 0.8340 0.8410 0.8480 0.8540 0.8610
12.637000 0.8680 0.8680 0.8720 0.8750 0.8770
12.671196 0.8770 0.8770 0.8780 0.8780 0.8780
12.705000 0.8780 0.8780 0.8780 0.8780 0.8800
12.739196 0.8800 0.8820 0.8820 0.8820 0.8820
12.773000 0.8820 0.8820 0.8820 0.8820 0.8820
12.807196 0.8820 0.8820 0.8800 0.8800 0.8780
12.842000 0.8770 0.8750 0.8730 0.8730 0.8730
12.876196 0.8730 0.8730 0.8730 0.8730 0.8730
12.910000 0.8730 0.8720 0.8700 0.8700 0.8700
12.944196 0.8700 0.8700 0.8680 0.8680 0.8680
12.979000 0.8680 0.8680 0.8680 0.8680 0.8680
13.013196 0.8660 0.8660 0.8660 0.8660 0.8660
13.047000 0.8660 0.8660 0.8660 0.8660 0.8660
13.081196 0.8660 0.8660 0.8660 0.8650 0.8650
13.115000 0.8650 0.8630 0.8630 0.8610 0.8610
13.149196 0.8580 0.8580 0.8560 0.8540 0.8530
13.184000 0.8510 0.8490 0.8480 0.8460 0.8460
13.218196 0.8440 0.8410 0.8370 0.8360 0.8320
13.252000 0.8310 0.8290 0.8290 0.8250 0.8220
13.286196 0.8190 0.8150 0.8130 0.8100 0.8070
13.320000 0.8020 0.7980 0.7960 0.7930 0.7900
13.354196 0.7830 0.7780 0.7730 0.7640 0.7570
13.389000 0.7540 0.7470 0.7400 0.7320 0.7210
13.423196 0.7090 0.6960 0.6820 0.6670 0.6580
13.457000 0.6500 0.6310 0.6140 0.5930 0.5730
13.491196 0.5520 0.5320 0.5100 0.4940 0.4790
13.525000 0.4600 0.4480 0.4300 0.4160 0.4110
13.559196 0.4070 0.4040 0.4020 0.4020 0.4060
13.594000 0.4140 0.4230 0.4280 0.4740 0.4840
13.628196 0.5050 0.5100 0.5290 0.5540 0.5760
13.662000 0.5880 0.6070 0.6210 0.6340 0.6430
13.696196 0.6510 0.6580 0.6650 0.6750 0.6790
13.730000 0.6800 0.6840 0.6860 0.6870 0.6910
13.764196 0.6920 0.6940 0.6940 0.6960 0.6970
13.799000 0.7010 0.7040 0.7060 0.7080 0.7090
13.833196 0.7110 0.7160 0.7210 0.7230 0.7260
13.867000 0.7300 0.7330 0.7370 0.7400 0.7440
13.901196 0.7470 0.7500 0.7540 0.7550 0.7570
13.936000 0.7610 0.7640 0.7690 0.7710 0.7730
13.970196 0.7730 0.7740 0.7760 0.7780 0.7780
14.004000 0.7790 0.7810 0.7810 0.7830 0.7840
14.038196 0.7840 0.7860 0.7860 0.7860 0.7860
14.072000 0.7880 0.7880 0.7880 0.7910 0.7910
14.106196 0.7910 0.7910 0.7910 0.7910 0.7910
14.141000 0.7930 0.7930 0.7930 0.7930 0.7930
14.175196 0.7930 0.7930 0.7930 0.7930 0.7930
14.209000 0.7930 0.7930 0.7910 0.7910 0.7930
14.243196 0.7910 0.7900 0.7900 0.7900 0.7880
14.277000 0.7880 0.7880 0.7880 0.7880 0.7860
14.311196 0.7860 0.7860 0.7840 0.7840 0.7830
14.346000 0.7830 0.7830 0.7810 0.7810 0.7790
14.380196 0.7790 0.7790 0.7790 0.7780 0.7780
14.414000 0.7760 0.7760 0.7740 0.7730 0.7730
14.448196 0.7710 0.7690 0.7690 0.7690 0.7690
14.482000 0.7670 0.7670 0.7660 0.7660 0.7660
14.516196 0.7640 0.7640 0.7620 0.7620 0.7610
14.551000 0.7610 0.7570 0.7570 0.7570 0.7570
14.585196 0.7550 0.7540 0.7520 0.7520 0.7500
14.619000 0.7500 0.7490 0.7490 0.7470 0.7470
14.653196 0.7450 0.7450 0.7450 0.7440 0.7440
14.688000 0.7420 0.7420 0.7400 0.7380 0.7370
14.722196 0.7370 0.7350 0.7350 0.7350 0.7330
14.756000 0.7330 0.7320 0.7300 0.7300 0.7280
14.790196 0.7280 0.7280 0.7260 0.7250 0.7210
14.824000 0.7200 0.7180 0.7160 0.7160 0.7160
14.858196 0.7150 0.7110 0.7110 0.7090 0.7080
14.893000 0.7060 0.7040 0.7040 0.7030 0.7030
14.927196 0.7010 0.7010 0.6990 0.6990 0.6970
14.961000 0.6970 0.6970 0.6960 0.6960 0.6940
14.995196 0.6940 0.6920 0.6910 0.6910 0.6890
15.029000 0.6870 0.6860 0.6820 0.6800 0.6800
15.063196 0.6790 0.6770 0.6770 0.6770 0.6740
15.098000 0.6740 0.6720 0.6720 0.6700 0.6680
15.132196 0.6670 0.6670 0.6670 0.6650 0.6620
15.166000 0.6600 0.6600 0.6580 0.6560 0.6550
15.200196 0.6530 0.6510 0.6500 0.6500 0.6480
15.234000 0.6480 0.6460 0.6460 0.6450 0.6430
15.268196 0.6430 0.6410 0.6390 0.6380 0.6380
15.303000 0.6360 0.6360 0.6340 0.6340 0.6330
15.337196 0.6310 0.6290 0.6270 0.6270 0.6260
15.371000 0.6240 0.6220 0.6210 0.6210 0.6170
15.405196 0.6160 0.6160 0.6140 0.6120 0.6100
15.439000 0.6100 0.6090 0.6070 0.6050 0.6040
15.473196 0.6040 0.6000 0.6000 0.5980 0.5970
15.508000 0.5950 0.5920 0.5920 0.5900 0.5900
15.542196 0.5880 0.5870 0.5830 0.5810 0.5810
15.576000 0.5800 0.5760 0.5760 0.5750 0.5730
15.610196 0.5710 0.5690 0.5690 0.5690 0.5680
15.645000 0.5660 0.5640 0.5640 0.5630 0.5610
15.679196 0.5590 0.5580 0.5560 0.5560 0.5540
15.713000 0.5540 0.5520 0.5520 0.5510 0.5490
15.747196 0.5490 0.5470 0.5470 0.5460 0.5460
15.781000 0.5460 0.5440 0.5420 0.5420 0.5400
15.815196 0.5390 0.5370 0.5370 0.5350 0.5350
15.850000 0.5340 0.5320 0.5320 0.5320 0.5340
15.884196 0.5340 0.5350 0.5350 0.5370 0.5390
15.918000 0.5400 0.5440 0.5470 0.5510 0.5470
##END=
