##TITLE=Ethylthiocarbamic acid, 2-formylhydrazide
##JCAMP-DX=4.24
$$ By DXEDIT 1.05 (RS McDonald)
##DATA TYPE=INFRARED SPECTRUM
##CLASS=COBLENTZ II
##ORIGIN=DOW CHEMICAL COMPANY
##OWNER=COPYRIGHT (C) 1988 by COBLENTZ SOCIETY INC.
Collection (C) 2018 copyright by the U.S. Secretary of Commerce
on behalf of the United States of America. All rights reserved.
##DATE=1965/02/05
##NAMES=N-ethyl-2-formylhydrazinecarbothioamide
##CAS REGISTRY NO=31409-15-1
##MOLFORM=C4 H9 N3 O S
##MP=154-155 C
##SOURCE REFERENCE=COBLENTZ NO. 06066
##$NIST SOURCE=COBLENTZ
##$NIST IMAGE=cob6066
##SPECTROMETER/DATA SYSTEM=DOW KBr FOREPRISM-GRATING
##INSTRUMENT PARAMETERS=BLAZED AT 3.5, 12.0, 20.0 MICRON AND CHANGED AT 5.0, 7.5, 14.9 MICRON
##STATE=SOLID (SPLIT MULL)
##SAMPLING PROCEDURE=TRANSMISSION
##RESOLUTION=2
##DATA PROCESSING=DIGITIZED BY COBLENTZ SOCIETY (BATCH I) FROM HARD COPY
##XUNITS=1/CM
##YUNITS=TRANSMITTANCE
##XFACTOR=1
##YFACTOR=1
##DELTAX=1
##FIRSTX=3800
##LASTX=456
##FIRSTY=0.7911
##MAXX=3800
##MINX=456
##MAXY=0.8756
##MINY=0.0287
##NPOINTS=3345
##XYDATA=(X++(Y..Y))
3800.000000 0.7911 0.7911 0.7911 0.7911 0.7912
3795.000000 0.7914 0.7915 0.7915 0.7917 0.7918
3790.000000 0.7918 0.7918 0.7919 0.7921 0.7921
3785.000000 0.7922 0.7924 0.7925 0.7925 0.7926
3780.000000 0.7928 0.7928 0.7928 0.7930 0.7931
3775.000000 0.7932 0.7933 0.7934 0.7935 0.7936
3770.000000 0.7937 0.7937 0.7938 0.7939 0.7940
3765.000000 0.7941 0.7942 0.7943 0.7944 0.7945
3760.000000 0.7946 0.7947 0.7948 0.7949 0.7950
3755.000000 0.7951 0.7951 0.7953 0.7954 0.7955
3750.000000 0.7956 0.7957 0.7958 0.7958 0.7960
3745.000000 0.7961 0.7961 0.7961 0.7962 0.7964
3740.000000 0.7965 0.7965 0.7967 0.7968 0.7968
3735.000000 0.7969 0.7971 0.7971 0.7974 0.7975
3730.000000 0.7975 0.7976 0.7978 0.7980 0.7981
3725.000000 0.7982 0.7983 0.7984 0.7986 0.7987
3720.000000 0.7988 0.7989 0.7991 0.7992 0.7993
3715.000000 0.7994 0.7996 0.7997 0.7998 0.7999
3710.000000 0.8000 0.8001 0.8003 0.8004 0.8006
3705.000000 0.8007 0.8008 0.8010 0.8011 0.8012
3700.000000 0.8015 0.8015 0.8018 0.8018 0.8019
3695.000000 0.8021 0.8022 0.8024 0.8025 0.8026
3690.000000 0.8028 0.8030 0.8032 0.8033 0.8035
3685.000000 0.8036 0.8037 0.8038 0.8039 0.8040
3680.000000 0.8041 0.8042 0.8044 0.8045 0.8046
3675.000000 0.8047 0.8048 0.8049 0.8050 0.8051
3670.000000 0.8051 0.8053 0.8054 0.8055 0.8056
3665.000000 0.8057 0.8058 0.8058 0.8060 0.8061
3660.000000 0.8061 0.8062 0.8064 0.8065 0.8065
3655.000000 0.8065 0.8065 0.8065 0.8067 0.8067
3650.000000 0.8068 0.8068 0.8068 0.8068 0.8068
3645.000000 0.8068 0.8069 0.8069 0.8069 0.8069
3640.000000 0.8071 0.8071 0.8071 0.8071 0.8072
3635.000000 0.8074 0.8075 0.8075 0.8076 0.8078
3630.000000 0.8078 0.8080 0.8081 0.8082 0.8083
3625.000000 0.8084 0.8085 0.8086 0.8088 0.8089
3620.000000 0.8090 0.8090 0.8091 0.8092 0.8093
3615.000000 0.8094 0.8095 0.8095 0.8096 0.8097
3610.000000 0.8098 0.8099 0.8100 0.8100 0.8101
3605.000000 0.8101 0.8103 0.8104 0.8105 0.8106
3600.000000 0.8107 0.8108 0.8108 0.8110 0.8111
3595.000000 0.8111 0.8111 0.8111 0.8111 0.8111
3590.000000 0.8111 0.8111 0.8111 0.8111 0.8111
3585.000000 0.8101 0.8092 0.8082 0.8072 0.8058
3580.000000 0.8046 0.8028 0.8012 0.7999 0.7985
3575.000000 0.7985 0.7985 0.7985 0.7985 0.8004
3570.000000 0.8024 0.8037 0.8050 0.8061 0.8075
3565.000000 0.8083 0.8091 0.8098 0.8105 0.8105
3560.000000 0.8105 0.8105 0.8104 0.8103 0.8103
3555.000000 0.8101 0.8101 0.8101 0.8100 0.8099
3550.000000 0.8099 0.8099 0.8100 0.8100 0.8101
3545.000000 0.8101 0.8101 0.8101 0.8103 0.8103
3540.000000 0.8103 0.8103 0.8104 0.8104 0.8105
3535.000000 0.8105 0.8106 0.8106 0.8107 0.8107
3530.000000 0.8108 0.8108 0.8108 0.8110 0.8111
3525.000000 0.8114 0.8115 0.8117 0.8118 0.8121
3520.000000 0.8122 0.8125 0.8126 0.8128 0.8130
3515.000000 0.8132 0.8134 0.8136 0.8138 0.8139
3510.000000 0.8141 0.8143 0.8145 0.8147 0.8149
3505.000000 0.8150 0.8151 0.8154 0.8156 0.8158
3500.000000 0.8160 0.8161 0.8165 0.8167 0.8169
3495.000000 0.8171 0.8175 0.8176 0.8180 0.8182
3490.000000 0.8184 0.8186 0.8189 0.8191 0.8194
3485.000000 0.8196 0.8199 0.8201 0.8204 0.8206
3480.000000 0.8208 0.8210 0.8213 0.8215 0.8217
3475.000000 0.8218 0.8218 0.8220 0.8221 0.8223
3470.000000 0.8224 0.8225 0.8227 0.8228 0.8230
3465.000000 0.8231 0.8232 0.8233 0.8235 0.8236
3460.000000 0.8238 0.8239 0.8240 0.8241 0.8243
3455.000000 0.8244 0.8246 0.8247 0.8248 0.8249
3450.000000 0.8251 0.8252 0.8253 0.8254 0.8255
3445.000000 0.8256 0.8257 0.8258 0.8260 0.8261
3440.000000 0.8262 0.8263 0.8264 0.8265 0.8266
3435.000000 0.8267 0.8268 0.8270 0.8271 0.8271
3430.000000 0.8273 0.8273 0.8274 0.8274 0.8274
3425.000000 0.8274 0.8275 0.8275 0.8275 0.8274
3420.000000 0.8273 0.8271 0.8271 0.8270 0.8268
3415.000000 0.8267 0.8266 0.8264 0.8262 0.8260
3410.000000 0.8258 0.8256 0.8283 0.8252 0.8251
3405.000000 0.8249 0.8247 0.8242 0.8238 0.8233
3400.000000 0.8228 0.8223 0.8218 0.8212 0.8207
3395.000000 0.8201 0.8195 0.8188 0.8182 0.8175
3390.000000 0.8168 0.8162 0.8157 0.8150 0.8144
3385.000000 0.8137 0.8131 0.8125 0.8118 0.8111
3380.000000 0.8104 0.8095 0.8087 0.8078 0.8069
3375.000000 0.8061 0.8053 0.8044 0.8036 0.8025
3370.000000 0.8015 0.8003 0.7991 0.7978 0.7967
3365.000000 0.7954 0.7942 0.7930 0.7918 0.7906
3360.000000 0.7894 0.7878 0.7865 0.7842 0.7819
3355.000000 0.7797 0.7774 0.7751 0.7728 0.7705
3350.000000 0.7682 0.7641 0.7600 0.7558 0.7518
3345.000000 0.7478 0.7438 0.7403 0.7368 0.7339
3340.000000 0.7311 0.7282 0.7254 0.7225 0.7197
3335.000000 0.7160 0.7124 0.7086 0.7048 0.7010
3330.000000 0.6971 0.6933 0.6895 0.6839 0.6784
3325.000000 0.6708 0.6634 0.6472 0.6312 0.5993
3320.000000 0.5675 0.5602 0.5530 0.5477 0.5424
3315.000000 0.5370 0.5316 0.5246 0.5176 0.5094
3310.000000 0.5012 0.4709 0.4406 0.4228 0.4050
3305.000000 0.3872 0.3694 0.3516 0.3338 0.3160
3300.000000 0.2982 0.2803 0.2625 0.2447 0.2269
3295.000000 0.2203 0.2137 0.2107 0.2077 0.2060
3290.000000 0.1990 0.2027 0.2011 0.2004 0.2004
3285.000000 0.2004 0.2013 0.2055 0.2098 0.2170
3280.000000 0.2242 0.2363 0.2484 0.2614 0.2743
3275.000000 0.2831 0.2920 0.3093 0.3266 0.3448
3270.000000 0.3629 0.3724 0.3818 0.3893 0.3968
3265.000000 0.4027 0.4087 0.4146 0.4205 0.4257
3260.000000 0.4309 0.4359 0.4409 0.4441 0.4474
3255.000000 0.4497 0.4520 0.4542 0.4565 0.4588
3250.000000 0.4610 0.4631 0.4651 0.4666 0.4681
3245.000000 0.4696 0.4710 0.4725 0.4740 0.4751
3240.000000 0.4762 0.4773 0.4784 0.4795 0.4807
3235.000000 0.4812 0.4820 0.4824 0.4829 0.4833
3230.000000 0.4838 0.4842 0.4847 0.4851 0.4856
3225.000000 0.4859 0.4862 0.4865 0.4868 0.4870
3220.000000 0.4873 0.4875 0.4878 0.4880 0.4881
3215.000000 0.4881 0.4879 0.4877 0.4875 0.4873
3210.000000 0.4871 0.4869 0.4867 0.4865 0.4862
3205.000000 0.4858 0.4854 0.4847 0.4840 0.4833
3200.000000 0.4826 0.4819 0.4812 0.4794 0.4776
3195.000000 0.4754 0.4732 0.4710 0.4688 0.4660
3190.000000 0.4635 0.4606 0.4577 0.4548 0.4519
3185.000000 0.4485 0.4452 0.4406 0.4360 0.4314
3180.000000 0.4268 0.4223 0.4178 0.4134 0.4091
3175.000000 0.4047 0.4003 0.3962 0.3921 0.3882
3170.000000 0.3843 0.3806 0.3770 0.3740 0.3710
3165.000000 0.3686 0.3662 0.3644 0.3627 0.3612
3160.000000 0.3600 0.3589 0.3578 0.3571 0.3564
3155.000000 0.3566 0.3568 0.3571 0.3573 0.3576
3150.000000 0.3577 0.3589 0.3598 0.3609 0.3621
3145.000000 0.3639 0.3657 0.3675 0.3693 0.3710
3140.000000 0.3729 0.3750 0.3774 0.3797 0.3821
3135.000000 0.3844 0.3868 0.3891 0.3914 0.3938
3130.000000 0.3960 0.3993 0.4025 0.4066 0.4107
3125.000000 0.4147 0.4188 0.4229 0.4270 0.4342
3120.000000 0.4414 0.4499 0.4585 0.4641 0.4698
3115.000000 0.4743 0.4789 0.4834 0.4879 0.4924
3110.000000 0.4970 0.5010 0.5052 0.5091 0.5130
3105.000000 0.5164 0.5199 0.5219 0.5239 0.5259
3100.000000 0.5279 0.5299 0.5319 0.5333 0.5348
3095.000000 0.5362 0.5377 0.5391 0.5406 0.5416
3090.000000 0.5426 0.5435 0.5445 0.5454 0.5462
3085.000000 0.5472 0.5482 0.5491 0.5500 0.5508
3080.000000 0.5517 0.5523 0.5529 0.5535 0.5541
3075.000000 0.5547 0.5553 0.5560 0.5569 0.5578
3070.000000 0.5588 0.5598 0.5608 0.5618 0.5628
3065.000000 0.5637 0.5647 0.5658 0.5669 0.5680
3060.000000 0.5691 0.5702 0.5712 0.5724 0.5735
3055.000000 0.5746 0.5757 0.5776 0.5795 0.5814
3050.000000 0.5834 0.5851 0.5868 0.5883 0.5898
3045.000000 0.5912 0.5929 0.5944 0.5959 0.5971
3040.000000 0.5983 0.5995 0.6007 0.6019 0.6032
3035.000000 0.6044 0.6057 0.6062 0.6067 0.6072
3030.000000 0.6078 0.6083 0.6088 0.6092 0.6097
3025.000000 0.6098 0.6099 0.6099 0.6099 0.6098
3020.000000 0.6098 0.6097 0.6096 0.6092 0.6088
3015.000000 0.6080 0.6072 0.6064 0.6056 0.6048
3010.000000 0.6040 0.6027 0.6015 0.5998 0.5982
3005.000000 0.5965 0.5948 0.5931 0.5915 0.5881
3000.000000 0.5847 0.5809 0.5772 0.5734 0.5696
2995.000000 0.5621 0.5546 0.5488 0.5430 0.5387
2990.000000 0.5345 0.5302 0.5260 0.5223 0.5187
2985.000000 0.5153 0.5120 0.5081 0.5043 0.4970
2980.000000 0.4898 0.4747 0.4062 0.4392 0.4189
2975.000000 0.4131 0.4074 0.4070 0.4066 0.4097
2970.000000 0.4127 0.4224 0.4321 0.4450 0.4579
2965.000000 0.4682 0.4785 0.4857 0.4929 0.4985
2960.000000 0.5041 0.5085 0.5129 0.5170 0.5212
2955.000000 0.5241 0.5270 0.5299 0.5328 0.5352
2950.000000 0.5376 0.5398 0.5421 0.5440 0.5460
2945.000000 0.5470 0.5480 0.5481 0.5482 0.5482
2940.000000 0.5483 0.5475 0.5467 0.5454 0.5441
2935.000000 0.5419 0.5398 0.5397 0.5397 0.5396
2930.000000 0.5396 0.5396 0.5397 0.5398 0.5400
2925.000000 0.5405 0.5410 0.5418 0.5426 0.5434
2920.000000 0.5443 0.5456 0.5469 0.5482 0.5495
2915.000000 0.5508 0.5522 0.5535 0.5548 0.5560
2910.000000 0.5575 0.5589 0.5604 0.5618 0.5633
2905.000000 0.5647 0.5662 0.5677 0.5692 0.5706
2900.000000 0.5721 0.5735 0.5750 0.5764 0.5779
2895.000000 0.5794 0.5809 0.5823 0.5838 0.5859
2890.000000 0.5881 0.5904 0.5928 0.5951 0.5975
2885.000000 0.5998 0.6021 0.6044 0.6068 0.6085
2880.000000 0.6102 0.6110 0.6119 0.6129 0.6139
2875.000000 0.6149 0.6159 0.6169 0.6179 0.6188
2870.000000 0.6198 0.6208 0.6218 0.6233 0.6249
2865.000000 0.6269 0.6290 0.6310 0.6331 0.6351
2860.000000 0.6372 0.6392 0.6411 0.6430 0.6448
2855.000000 0.6464 0.6481 0.6497 0.6514 0.6531
2850.000000 0.6548 0.6564 0.6581 0.6597 0.6614
2845.000000 0.6631 0.6648 0.6664 0.6681 0.6691
2840.000000 0.6701 0.6712 0.6724 0.6734 0.6745
2835.000000 0.6756 0.6767 0.6776 0.6788 0.6798
2830.000000 0.6808 0.6819 0.6831 0.6841 0.6851
2825.000000 0.6862 0.6874 0.6884 0.6895 0.6905
2820.000000 0.6915 0.6926 0.6938 0.6948 0.6958
2815.000000 0.6965 0.6974 0.6982 0.6990 0.6998
2810.000000 0.7006 0.7014 0.7021 0.7030 0.7038
2805.000000 0.7046 0.7054 0.7061 0.7069 0.7078
2800.000000 0.7086 0.7094 0.7101 0.7110 0.7118
2795.000000 0.7125 0.7134 0.7142 0.7150 0.7157
2790.000000 0.7164 0.7171 0.7178 0.7186 0.7193
2785.000000 0.7200 0.7208 0.7215 0.7221 0.7228
2780.000000 0.7237 0.7244 0.7251 0.7258 0.7265
2775.000000 0.7272 0.7280 0.7287 0.7295 0.7301
2770.000000 0.7308 0.7315 0.7322 0.7330 0.7337
2765.000000 0.7343 0.7350 0.7356 0.7362 0.7369
2760.000000 0.7376 0.7383 0.7390 0.7396 0.7403
2755.000000 0.7410 0.7417 0.7422 0.7430 0.7436
2750.000000 0.7443 0.7450 0.7457 0.7462 0.7469
2745.000000 0.7475 0.7483 0.7490 0.7497 0.7503
2740.000000 0.7510 0.7515 0.7522 0.7530 0.7537
2735.000000 0.7543 0.7550 0.7556 0.7562 0.7569
2730.000000 0.7576 0.7581 0.7585 0.7588 0.7591
2725.000000 0.7593 0.7596 0.7598 0.7601 0.7604
2720.000000 0.7607 0.7607 0.7608 0.7608 0.7608
2715.000000 0.7608 0.7608 0.7608 0.7610 0.7611
2710.000000 0.7615 0.7618 0.7621 0.7622 0.7625
2705.000000 0.7628 0.7632 0.7634 0.7637 0.7640
2700.000000 0.7643 0.7645 0.7648 0.7651 0.7654
2695.000000 0.7656 0.7658 0.7661 0.7665 0.7667
2690.000000 0.7669 0.7672 0.7675 0.7678 0.7682
2685.000000 0.7685 0.7688 0.7691 0.7695 0.7698
2680.000000 0.7701 0.7705 0.7708 0.7711 0.7715
2675.000000 0.7718 0.7721 0.7725 0.7728 0.7732
2670.000000 0.7735 0.7738 0.7742 0.7745 0.7749
2665.000000 0.7751 0.7755 0.7758 0.7761 0.7765
2660.000000 0.7768 0.7771 0.7775 0.7778 0.7781
2655.000000 0.7783 0.7786 0.7789 0.7792 0.7795
2650.000000 0.7798 0.7800 0.7803 0.7806 0.7808
2645.000000 0.7811 0.7814 0.7817 0.7819 0.7822
2640.000000 0.7825 0.7828 0.7831 0.7834 0.7837
2635.000000 0.7839 0.7842 0.7845 0.7848 0.7850
2630.000000 0.7853 0.7856 0.7858 0.7861 0.7865
2625.000000 0.7867 0.7869 0.7871 0.7874 0.7875
2620.000000 0.7878 0.7881 0.7883 0.7885 0.7888
2615.000000 0.7890 0.7892 0.7894 0.7896 0.7898
2610.000000 0.7901 0.7903 0.7905 0.7907 0.7910
2605.000000 0.7911 0.7914 0.7915 0.7918 0.7921
2600.000000 0.7922 0.7925 0.7928 0.7930 0.7932
2595.000000 0.7934 0.7937 0.7939 0.7941 0.7943
2590.000000 0.7946 0.7948 0.7950 0.7951 0.7955
2585.000000 0.7957 0.7958 0.7961 0.7962 0.7965
2580.000000 0.7967 0.7968 0.7971 0.7972 0.7975
2575.000000 0.7976 0.7978 0.7981 0.7983 0.7985
2570.000000 0.7987 0.7989 0.7991 0.7993 0.7995
2565.000000 0.7997 0.7999 0.8001 0.8003 0.8005
2560.000000 0.8007 0.8008 0.8011 0.8012 0.8015
2555.000000 0.8017 0.8018 0.8021 0.8022 0.8025
2550.000000 0.8026 0.8028 0.8031 0.8033 0.8035
2545.000000 0.8037 0.8039 0.8041 0.8043 0.8044
2540.000000 0.8045 0.8046 0.8047 0.8048 0.8049
2535.000000 0.8050 0.8051 0.8051 0.8053 0.8054
2530.000000 0.8056 0.8057 0.8058 0.8058 0.8060
2525.000000 0.8061 0.8061 0.8062 0.8064 0.8065
2520.000000 0.8067 0.8068 0.8068 0.8069 0.8071
2515.000000 0.8071 0.8072 0.8072 0.8074 0.8074
2510.000000 0.8075 0.8075 0.8075 0.8075 0.8076
2505.000000 0.8076 0.8078 0.8078 0.8078 0.8078
2500.000000 0.8078 0.8078 0.8080 0.8080 0.8081
2495.000000 0.8081 0.8081 0.8081 0.8082 0.8082
2490.000000 0.8083 0.8083 0.8084 0.8084 0.8085
2485.000000 0.8085 0.8085 0.8085 0.8086 0.8086
2480.000000 0.8087 0.8087 0.8088 0.8088 0.8088
2475.000000 0.8088 0.8089 0.8089 0.8090 0.8090
2470.000000 0.8091 0.8091 0.8091 0.8091 0.8092
2465.000000 0.8092 0.8093 0.8093 0.8093 0.8093
2460.000000 0.8094 0.8094 0.8095 0.8095 0.8095
2455.000000 0.8095 0.8096 0.8096 0.8096 0.8096
2450.000000 0.8097 0.8097 0.8098 0.8098 0.8098
2445.000000 0.8098 0.8099 0.8099 0.8099 0.8099
2440.000000 0.8100 0.8100 0.8101 0.8101 0.8101
2435.000000 0.8101 0.8101 0.8101 0.8103 0.8103
2430.000000 0.8103 0.8103 0.8104 0.8104 0.8104
2425.000000 0.8104 0.8105 0.8105 0.8106 0.8106
2420.000000 0.8106 0.8106 0.8107 0.8107 0.8108
2415.000000 0.8108 0.8108 0.8108 0.8108 0.8108
2410.000000 0.8110 0.8110 0.8111 0.8111 0.8111
2405.000000 0.8111 0.8111 0.8111 0.8112 0.8112
2400.000000 0.8112 0.8112 0.8114 0.8114 0.8115
2395.000000 0.8115 0.8115 0.8115 0.8117 0.8117
2390.000000 0.8118 0.8118 0.8118 0.8118 0.8119
2385.000000 0.8119 0.8121 0.8121 0.8121 0.8121
2380.000000 0.8122 0.8122 0.8124 0.8124 0.8125
2375.000000 0.8125 0.8125 0.8126 0.8128 0.8128
2370.000000 0.8130 0.8131 0.8131 0.8131 0.8130
2365.000000 0.8128 0.8128 0.8126 0.8125 0.8125
2360.000000 0.8124 0.8122 0.8121 0.8119 0.8118
2355.000000 0.8118 0.8117 0.8115 0.8115 0.8114
2350.000000 0.8112 0.8111 0.8110 0.8110 0.8110
2345.000000 0.8110 0.8111 0.8111 0.8111 0.8111
2340.000000 0.8111 0.8111 0.8112 0.8112 0.8114
2335.000000 0.8114 0.8115 0.8115 0.8115 0.8115
2330.000000 0.8115 0.8115 0.8115 0.8115 0.8115
2325.000000 0.8114 0.8114 0.8114 0.8114 0.8112
2320.000000 0.8112 0.8111 0.8111 0.8108 0.8107
2315.000000 0.8104 0.8101 0.8100 0.8098 0.8096
2310.000000 0.8094 0.8091 0.8089 0.8089 0.8089
2305.000000 0.8089 0.8092 0.8094 0.8097 0.8099
2300.000000 0.8101 0.8104 0.8107 0.8108 0.8111
2295.000000 0.8114 0.8117 0.8118 0.8121 0.8125
2290.000000 0.8130 0.8134 0.8138 0.8142 0.8146
2285.000000 0.8150 0.8155 0.8158 0.8162 0.8167
2280.000000 0.8171 0.8175 0.8178 0.8183 0.8188
2275.000000 0.8192 0.8196 0.8200 0.8204 0.8208
2270.000000 0.8212 0.8215 0.8218 0.8221 0.8225
2265.000000 0.8228 0.8231 0.8234 0.8237 0.8240
2260.000000 0.8243 0.8246 0.8249 0.8252 0.8255
2255.000000 0.8258 0.8261 0.8264 0.8267 0.8270
2250.000000 0.8273 0.8275 0.8278 0.8281 0.8284
2245.000000 0.8287 0.8290 0.8293 0.8296 0.8299
2240.000000 0.8302 0.8305 0.8308 0.8311 0.8314
2235.000000 0.8317 0.8320 0.8323 0.8325 0.8328
2230.000000 0.8331 0.8333 0.8336 0.8338 0.8341
2225.000000 0.8343 0.8346 0.8348 0.8351 0.8353
2220.000000 0.8356 0.8358 0.8361 0.8363 0.8366
2215.000000 0.8368 0.8371 0.8373 0.8375 0.8378
2210.000000 0.8381 0.8383 0.8386 0.8388 0.8391
2205.000000 0.8393 0.8396 0.8398 0.8401 0.8403
2200.000000 0.8406 0.8408 0.8411 0.8413 0.8416
2195.000000 0.8418 0.8421 0.8423 0.8425 0.8425
2190.000000 0.8428 0.8430 0.8432 0.8434 0.8436
2185.000000 0.8437 0.8439 0.8441 0.8443 0.8445
2180.000000 0.8447 0.8449 0.8451 0.8452 0.8454
2175.000000 0.8456 0.8458 0.8460 0.8462 0.8464
2170.000000 0.8466 0.8467 0.8468 0.8471 0.8473
2165.000000 0.8475 0.8477 0.8478 0.8481 0.8482
2160.000000 0.8484 0.8486 0.8488 0.8490 0.8492
2155.000000 0.8494 0.8496 0.8497 0.8499 0.8501
2150.000000 0.8504 0.8506 0.8508 0.8510 0.8512
2145.000000 0.8514 0.8516 0.8518 0.8520 0.8521
2140.000000 0.8524 0.8525 0.8528 0.8530 0.8532
2135.000000 0.8534 0.8536 0.8538 0.8540 0.8542
2130.000000 0.8545 0.8547 0.8549 0.8551 0.8553
2125.000000 0.8555 0.8557 0.8559 0.8561 0.8563
2120.000000 0.8565 0.8567 0.8568 0.8570 0.8571
2115.000000 0.8571 0.8573 0.8573 0.8574 0.8574
2110.000000 0.8575 0.8575 0.8575 0.8575 0.8577
2105.000000 0.8577 0.8578 0.8578 0.8578 0.8580
2100.000000 0.8581 0.8581 0.8582 0.8582 0.8583
2095.000000 0.8583 0.8584 0.8584 0.8585 0.8585
2090.000000 0.8586 0.8586 0.8587 0.8587 0.8588
2085.000000 0.8588 0.8589 0.8589 0.8590 0.8590
2080.000000 0.8591 0.8591 0.8592 0.8592 0.8593
2075.000000 0.8593 0.8594 0.8594 0.8595 0.8595
2070.000000 0.8596 0.8596 0.8597 0.8597 0.8598
2065.000000 0.8598 0.8599 0.8599 0.8599 0.8598
2060.000000 0.8598 0.8598 0.8598 0.8597 0.8597
2055.000000 0.8596 0.8596 0.8596 0.8596 0.8595
2050.000000 0.8595 0.8595 0.8595 0.8594 0.8594
2045.000000 0.8593 0.8593 0.8593 0.8593 0.8592
2040.000000 0.8592 0.8592 0.8592 0.8591 0.8591
2035.000000 0.8590 0.8590 0.8590 0.8590 0.8589
2030.000000 0.8589 0.8588 0.8588 0.8588 0.8588
2025.000000 0.8587 0.8587 0.8587 0.8587 0.8587
2020.000000 0.8587 0.8587 0.8588 0.8588 0.8588
2015.000000 0.8588 0.8588 0.8588 0.8589 0.8589
2010.000000 0.8589 0.8589 0.8589 0.8589 0.8590
2005.000000 0.8590 0.8590 0.8592 0.8594 0.8600
2000.000000 0.8607 0.8614 0.8620 0.8627 0.8634
1995.000000 0.8642 0.8650 0.8658 0.8666 0.8674
1990.000000 0.8677 0.8678 0.8682 0.8684 0.8687
1985.000000 0.8690 0.8692 0.8695 0.8698 0.8700
1980.000000 0.8703 0.8704 0.8705 0.8706 0.8707
1975.000000 0.8708 0.8709 0.8711 0.8712 0.8713
1970.000000 0.8714 0.8715 0.8716 0.8717 0.8718
1965.000000 0.8718 0.8720 0.8721 0.8721 0.8724
1960.000000 0.8724 0.8723 0.8723 0.8721 0.8721
1955.000000 0.8721 0.8721 0.8720 0.8720 0.8718
1950.000000 0.8718 0.8718 0.8718 0.8717 0.8717
1945.000000 0.8716 0.8716 0.8715 0.8715 0.8714
1940.000000 0.8714 0.8713 0.8713 0.8712 0.8712
1935.000000 0.8711 0.8711 0.8711 0.8711 0.8711
1930.000000 0.8711 0.8711 0.8711 0.8711 0.8711
1925.000000 0.8711 0.8711 0.8711 0.8711 0.8711
1920.000000 0.8711 0.8712 0.8713 0.8714 0.8715
1915.000000 0.8717 0.8718 0.8718 0.8720 0.8721
1910.000000 0.8721 0.8723 0.8724 0.8725 0.8725
1905.000000 0.8727 0.8728 0.8730 0.8731 0.8732
1900.000000 0.8733 0.8734 0.8735 0.8736 0.8737
1895.000000 0.8738 0.8739 0.8741 0.8742 0.8743
1890.000000 0.8744 0.8745 0.8746 0.8747 0.8749
1885.000000 0.8750 0.8751 0.8752 0.8753 0.8754
1880.000000 0.8756 0.8756 0.8755 0.8755 0.8754
1875.000000 0.8754 0.8753 0.8753 0.8752 0.8752
1870.000000 0.8751 0.8751 0.8750 0.8750 0.8749
1865.000000 0.8749 0.8748 0.8748 0.8748 0.8748
1860.000000 0.8748 0.8748 0.8748 0.8748 0.8749
1855.000000 0.8749 0.8749 0.8749 0.8749 0.8749
1850.000000 0.8750 0.8750 0.8750 0.8750 0.8750
1845.000000 0.8750 0.8750 0.8750 0.8750 0.8750
1840.000000 0.8749 0.8748 0.8747 0.8746 0.8745
1835.000000 0.8744 0.8743 0.8742 0.8741 0.8741
1830.000000 0.8740 0.8739 0.8738 0.8737 0.8736
1825.000000 0.8735 0.8734 0.8734 0.8735 0.8735
1820.000000 0.8736 0.8736 0.8737 0.8737 0.8738
1815.000000 0.8738 0.8739 0.8739 0.8740 0.8740
1810.000000 0.8740 0.8739 0.8739 0.8738 0.8737
1805.000000 0.8736 0.8735 0.8734 0.8733 0.8732
1800.000000 0.8731 0.8730 0.8728 0.8728 0.8727
1795.000000 0.8725 0.8725 0.8724 0.8723 0.8721
1790.000000 0.8721 0.8720 0.8718 0.8718 0.8716
1785.000000 0.8715 0.8714 0.8713 0.8712 0.8711
1780.000000 0.8710 0.8709 0.8708 0.8707 0.8706
1775.000000 0.8705 0.8703 0.8699 0.8696 0.8693
1770.000000 0.8690 0.8687 0.8684 0.8680 0.8677
1765.000000 0.8674 0.8671 0.8668 0.8664 0.8661
1760.000000 0.8658 0.8655 0.8652 0.8647 0.8642
1755.000000 0.8638 0.8633 0.8628 0.8624 0.8618
1750.000000 0.8615 0.8610 0.8603 0.8597 0.8591
1745.000000 0.8584 0.8578 0.8571 0.8565 0.8559
1740.000000 0.8553 0.8544 0.8532 0.8518 0.8507
1735.000000 0.8494 0.8481 0.8468 0.8456 0.8440
1730.000000 0.8423 0.8406 0.8389 0.8371 0.8355
1725.000000 0.8338 0.8321 0.8299 0.8277 0.8255
1720.000000 0.8234 0.8212 0.8188 0.8160 0.8131
1715.000000 0.8103 0.8075 0.8046 0.8018 0.7985
1710.000000 0.7935 0.7885 0.7835 0.7782 0.7683
1705.000000 0.7584 0.7478 0.7355 0.7231 0.7078
1700.000000 0.6917 0.6694 0.6447 0.6312 0.6178
1695.000000 0.6044 0.5638 0.5496 0.5108 0.4688
1690.000000 0.4253 0.3818 0.3384 0.2949 0.2515
1685.000000 0.2080 0.1644 0.1211 0.0776 0.0376
1680.000000 0.0310 0.0291 0.0304 0.0287 0.0348
1675.000000 0.0425 0.0539 0.0675 0.1415 0.1904
1670.000000 0.2394 0.2884 0.3374 0.4022 0.4360
1665.000000 0.4712 0.4939 0.5147 0.5328 0.5459
1660.000000 0.5616 0.5741 0.5832 0.5880 0.5899
1655.000000 0.5919 0.5926 0.5933 0.5939 0.5944
1650.000000 0.5947 0.5988 0.6203 0.6370 0.6461
1645.000000 0.6551 0.6633 0.6700 0.6767 0.6814
1640.000000 0.6854 0.6895 0.6926 0.6953 0.6978
1635.000000 0.7005 0.7022 0.7035 0.7047 0.7058
1630.000000 0.7071 0.7083 0.7094 0.7104 0.7114
1625.000000 0.7125 0.7138 0.7155 0.7171 0.7189
1620.000000 0.7208 0.7228 0.7248 0.7267 0.7287
1615.000000 0.7306 0.7318 0.7332 0.7345 0.7356
1610.000000 0.7361 0.7368 0.7371 0.7374 0.7376
1605.000000 0.7346 0.7372 0.7368 0.7361 0.7349
1600.000000 0.7334 0.7318 0.7303 0.7288 0.7271
1595.000000 0.7245 0.7215 0.7184 0.7153 0.7121
1590.000000 0.7091 0.7042 0.6993 0.6943 0.6894
1585.000000 0.6821 0.6734 0.6646 0.6544 0.6437
1580.000000 0.6331 0.6230 0.6129 0.6003 0.5873
1575.000000 0.5740 0.5604 0.5398 0.5029 0.4728
1570.000000 0.4423 0.4118 0.3814 0.3509 0.3205
1565.000000 0.2900 0.2667 0.2642 0.2660 0.2739
1560.000000 0.2905 0.3071 0.3237 0.3403 0.3568
1555.000000 0.3734 0.3902 0.4068 0.4234 0.4441
1550.000000 0.4515 0.4546 0.4575 0.4610 0.4649
1545.000000 0.4695 0.4758 0.4948 0.5137 0.5326
1540.000000 0.5515 0.5705 0.5862 0.5937 0.6008
1535.000000 0.6036 0.6046 0.6068 0.6053 0.6053
1530.000000 0.6007 0.5909 0.5776 0.5642 0.5518
1525.000000 0.5399 0.5310 0.5227 0.5162 0.5114
1520.000000 0.5070 0.5044 0.5044 0.5044 0.5067
1515.000000 0.5191 0.5339 0.5553 0.5786 0.5895
1510.000000 0.5989 0.6068 0.6158 0.6215 0.6251
1505.000000 0.6260 0.6268 0.6306 0.6273 0.6242
1500.000000 0.6143 0.6000 0.5843 0.5667 0.5505
1495.000000 0.5390 0.5288 0.5225 0.5199 0.5186
1490.000000 0.5186 0.5205 0.5254 0.5327 0.5426
1485.000000 0.5530 0.5712 0.5925 0.6197 0.6302
1480.000000 0.6378 0.6472 0.6491 0.6508 0.6521
1475.000000 0.6535 0.6547 0.6561 0.6578 0.6653
1470.000000 0.6742 0.6846 0.6939 0.7011 0.7058
1465.000000 0.7104 0.7140 0.7164 0.7182 0.7197
1460.000000 0.7210 0.7234 0.7233 0.7232 0.7238
1455.000000 0.7238 0.7238 0.7233 0.7226 0.7211
1450.000000 0.7193 0.7175 0.7158 0.7149 0.7142
1445.000000 0.7135 0.7148 0.7128 0.7178 0.7218
1440.000000 0.7261 0.7301 0.7342 0.7382 0.7406
1435.000000 0.7425 0.7444 0.7451 0.7454 0.7465
1430.000000 0.7471 0.7471 0.7471 0.7471 0.7460
1425.000000 0.7444 0.7428 0.7401 0.7365 0.7328
1420.000000 0.7294 0.7258 0.7199 0.7137 0.7074
1415.000000 0.7017 0.6960 0.6901 0.6834 0.6765
1410.000000 0.6676 0.6592 0.6534 0.6515 0.6521
1405.000000 0.6507 0.6536 0.6615 0.6707 0.6807
1400.000000 0.6898 0.6919 0.6932 0.6935 0.6953
1395.000000 0.6918 0.6901 0.6871 0.6840 0.6692
1390.000000 0.6501 0.5855 0.5168 0.4481 0.3794
1385.000000 0.3107 0.3060 0.3040 0.3135 0.3530
1380.000000 0.3924 0.4319 0.4712 0.5107 0.5502
1375.000000 0.5896 0.6079 0.6176 0.6323 0.6468
1370.000000 0.6645 0.6760 0.6850 0.6901 0.6940
1365.000000 0.6967 0.6989 0.7000 0.7011 0.7021
1360.000000 0.7018 0.7003 0.7015 0.7010 0.6998
1355.000000 0.6986 0.6974 0.6955 0.6932 0.6908
1350.000000 0.6885 0.6861 0.6831 0.6801 0.6771
1345.000000 0.6760 0.6747 0.6742 0.6740 0.6739
1340.000000 0.6737 0.6735 0.6735 0.6735 0.6735
1335.000000 0.6718 0.6694 0.6653 0.6580 0.6506
1330.000000 0.6425 0.6339 0.6177 0.6028 0.5915
1325.000000 0.5803 0.5631 0.5418 0.5215 0.4991
1320.000000 0.4984 0.5002 0.4995 0.5135 0.5245
1315.000000 0.5454 0.5601 0.5715 0.5840 0.5950
1310.000000 0.6037 0.6101 0.6115 0.6123 0.6130
1305.000000 0.6142 0.6138 0.6117 0.6090 0.6057
1300.000000 0.6024 0.5991 0.5959 0.5927 0.5894
1295.000000 0.5862 0.5815 0.5760 0.5715 0.5695
1290.000000 0.5691 0.5676 0.5687 0.5696 0.5726
1285.000000 0.5769 0.5818 0.5867 0.5920 0.5987
1280.000000 0.6047 0.6096 0.6144 0.6192 0.6241
1275.000000 0.6306 0.6320 0.6333 0.6369 0.6345
1270.000000 0.6349 0.6331 0.6301 0.6262 0.6224
1265.000000 0.6191 0.6174 0.6162 0.6169 0.6265
1260.000000 0.6380 0.6496 0.6599 0.6692 0.6785
1255.000000 0.6868 0.6933 0.6997 0.7060 0.7118
1250.000000 0.7165 0.7211 0.7256 0.7301 0.7345
1245.000000 0.7381 0.7415 0.7451 0.7472 0.7491
1240.000000 0.7508 0.7525 0.7543 0.7561 0.7578
1235.000000 0.7594 0.7610 0.7621 0.7630 0.7669
1230.000000 0.7636 0.7635 0.7635 0.7634 0.7628
1225.000000 0.7618 0.7607 0.7596 0.7578 0.7557
1220.000000 0.7535 0.7512 0.7475 0.7430 0.7385
1215.000000 0.7331 0.7261 0.7194 0.7058 0.6865
1210.000000 0.6651 0.6511 0.6428 0.6347 0.6210
1205.000000 0.6006 0.5801 0.5597 0.5393 0.5189
1200.000000 0.4985 0.4781 0.4577 0.4415 0.4352
1195.000000 0.4298 0.4293 0.4285 0.4289 0.4289
1190.000000 0.4475 0.4641 0.4779 0.4924 0.5130
1185.000000 0.5296 0.5407 0.5519 0.5631 0.5738
1180.000000 0.5845 0.5952 0.6056 0.6157 0.6258
1175.000000 0.6356 0.6411 0.6468 0.6545 0.6584
1170.000000 0.6611 0.6631 0.6648 0.6655 0.6662
1165.000000 0.6672 0.6649 0.6604 0.6556 0.6485
1160.000000 0.6408 0.6334 0.6262 0.6189 0.6003
1155.000000 0.5826 0.5650 0.5473 0.5459 0.5420
1150.000000 0.5662 0.5854 0.6046 0.6238 0.6430
1145.000000 0.6587 0.6725 0.6808 0.6890 0.6969
1140.000000 0.7049 0.7121 0.7188 0.7251 0.7292
1135.000000 0.7340 0.7371 0.7388 0.7394 0.7398
1130.000000 0.7397 0.7435 0.7386 0.7371 0.7345
1125.000000 0.7318 0.7284 0.7242 0.7199 0.7151
1120.000000 0.7094 0.7048 0.7019 0.7000 0.6987
1115.000000 0.6978 0.6980 0.6983 0.7062 0.7106
1110.000000 0.7147 0.7188 0.7228 0.7269 0.7311
1105.000000 0.7355 0.7401 0.7447 0.7492 0.7532
1100.000000 0.7564 0.7597 0.7628 0.7661 0.7689
1095.000000 0.7715 0.7740 0.7765 0.7792 0.7814
1090.000000 0.7835 0.7856 0.7876 0.7882 0.7884
1085.000000 0.7885 0.7886 0.7885 0.7883 0.7881
1080.000000 0.7875 0.7868 0.7861 0.7856 0.7844
1075.000000 0.7832 0.7819 0.7796 0.7767 0.7700
1070.000000 0.7624 0.7539 0.7468 0.7093 0.6703
1065.000000 0.6312 0.6179 0.6190 0.6338 0.6600
1060.000000 0.6862 0.7125 0.7388 0.7525 0.7604
1055.000000 0.7674 0.7718 0.7764 0.7810 0.7848
1050.000000 0.7880 0.7911 0.7942 0.7968 0.7988
1045.000000 0.8003 0.8015 0.8028 0.8042 0.8046
1040.000000 0.8049 0.8050 0.8050 0.8044 0.8037
1035.000000 0.8024 0.8011 0.7995 0.7969 0.7947
1030.000000 0.7933 0.7930 0.7928 0.7944 0.7978
1025.000000 0.8012 0.8068 0.8126 0.8168 0.8185
1020.000000 0.8197 0.8198 0.8200 0.8162 0.8097
1015.000000 0.8034 0.7976 0.7928 0.7908 0.7912
1010.000000 0.7917 0.7921 0.7928 0.7987 0.8025
1005.000000 0.8062 0.8101 0.8137 0.8161 0.8185
1000.000000 0.8209 0.8230 0.8240 0.8249 0.8258
995.000000 0.8268 0.8277 0.8285 0.8289 0.8293
990.000000 0.8297 0.8301 0.8305 0.8306 0.8307
985.000000 0.8306 0.8304 0.8302 0.8301 0.8299
980.000000 0.8298 0.8293 0.8289 0.8285 0.8281
975.000000 0.8275 0.8271 0.8268 0.8263 0.8259
970.000000 0.8253 0.8248 0.8242 0.8236 0.8231
965.000000 0.8224 0.8212 0.8199 0.8187 0.8175
960.000000 0.8165 0.8155 0.8147 0.8144 0.8141
955.000000 0.8138 0.8143 0.8151 0.8160 0.8168
950.000000 0.8176 0.8184 0.8191 0.8197 0.8247
945.000000 0.8211 0.8218 0.8225 0.8232 0.8239
940.000000 0.8246 0.8252 0.8257 0.8261 0.8265
935.000000 0.8270 0.8274 0.8278 0.8283 0.8288
930.000000 0.8292 0.8297 0.8301 0.8306 0.8310
925.000000 0.8314 0.8318 0.8323 0.8328 0.8332
920.000000 0.8336 0.8339 0.8343 0.8347 0.8351
915.000000 0.8355 0.8359 0.8363 0.8367 0.8370
910.000000 0.8374 0.8377 0.8380 0.8384 0.8387
905.000000 0.8391 0.8391 0.8389 0.8387 0.8385
900.000000 0.8383 0.8381 0.8373 0.8364 0.8355
895.000000 0.8346 0.8347 0.8352 0.8357 0.8362
890.000000 0.8367 0.8371 0.8378 0.8385 0.8392
885.000000 0.8399 0.8398 0.8397 0.8397 0.8396
880.000000 0.8395 0.8395 0.8390 0.8384 0.8377
875.000000 0.8371 0.8365 0.8355 0.8342 0.8328
870.000000 0.8315 0.8301 0.8287 0.8274 0.8257
865.000000 0.8239 0.8221 0.8198 0.8158 0.8118
860.000000 0.8074 0.7969 0.7871 0.7793 0.7712
855.000000 0.7599 0.7483 0.7294 0.6482 0.6349
850.000000 0.6251 0.6258 0.6255 0.6276 0.6483
845.000000 0.6708 0.6922 0.7111 0.7485 0.7592
840.000000 0.7698 0.7781 0.7860 0.7918 0.7971
835.000000 0.8021 0.8065 0.8101 0.8137 0.8172
830.000000 0.8198 0.8218 0.8231 0.8243 0.8254
825.000000 0.8265 0.8267 0.8268 0.8250 0.8232
820.000000 0.8204 0.8168 0.8130 0.8086 0.8047
815.000000 0.8021 0.7995 0.7972 0.7965 0.7954
810.000000 0.7961 0.7976 0.8007 0.8037 0.8067
805.000000 0.8098 0.8128 0.8151 0.8171 0.8190
800.000000 0.8210 0.8228 0.8231 0.8235 0.8239
795.000000 0.8240 0.8231 0.8221 0.8208 0.8180
790.000000 0.8154 0.8141 0.8128 0.8115 0.8101
785.000000 0.8087 0.8072 0.8072 0.8072 0.8072
780.000000 0.8074 0.8075 0.8075 0.8076 0.8076
775.000000 0.8081 0.8087 0.8094 0.8100 0.8107
770.000000 0.8114 0.8124 0.8135 0.8145 0.8156
765.000000 0.8164 0.8168 0.8171 0.8175 0.8178
760.000000 0.8183 0.8187 0.8188 0.8189 0.8190
755.000000 0.8191 0.8187 0.8174 0.8161 0.8148
750.000000 0.8124 0.8095 0.8065 0.8037 0.8008
745.000000 0.7978 0.7954 0.7930 0.7906 0.7883
740.000000 0.7858 0.7835 0.7811 0.7788 0.7764
735.000000 0.7732 0.7696 0.7661 0.7625 0.7565
730.000000 0.7487 0.7432 0.7384 0.7337 0.7301
725.000000 0.7267 0.7232 0.7218 0.7228 0.7221
720.000000 0.7261 0.7362 0.7432 0.7487 0.7543
715.000000 0.7594 0.7625 0.7656 0.7687 0.7708
710.000000 0.7728 0.7749 0.7765 0.7775 0.7785
705.000000 0.7794 0.7803 0.7812 0.7822 0.7833
700.000000 0.7843 0.7854 0.7864 0.7874 0.7884
695.000000 0.7891 0.7896 0.7900 0.7905 0.7910
690.000000 0.7912 0.7915 0.7918 0.7921 0.7925
685.000000 0.7928 0.7932 0.7933 0.7934 0.7935
680.000000 0.7937 0.7938 0.7939 0.7934 0.7930
675.000000 0.7925 0.7919 0.7914 0.7904 0.7894
670.000000 0.7884 0.7876 0.7872 0.7883 0.7864
665.000000 0.7860 0.7856 0.7851 0.7847 0.7840
660.000000 0.7834 0.7828 0.7821 0.7815 0.7810
655.000000 0.7804 0.7798 0.7791 0.7780 0.7765
650.000000 0.7753 0.7739 0.7725 0.7711 0.7698
645.000000 0.7678 0.7656 0.7634 0.7611 0.7591
640.000000 0.7568 0.7542 0.7511 0.7482 0.7451
635.000000 0.7401 0.7344 0.7299 0.7253 0.7208
630.000000 0.7168 0.7128 0.7099 0.7075 0.7067
625.000000 0.7060 0.7053 0.7046 0.7035 0.7021
620.000000 0.7010 0.6998 0.6986 0.6972 0.6961
615.000000 0.6949 0.6930 0.6911 0.6892 0.6872
610.000000 0.6854 0.6833 0.6812 0.6793 0.6772
605.000000 0.6757 0.6740 0.6724 0.6708 0.6691
600.000000 0.6672 0.6654 0.6636 0.6618 0.6605
595.000000 0.6594 0.6584 0.6574 0.6558 0.6544
590.000000 0.6524 0.6461 0.6393 0.6320 0.6223
585.000000 0.6117 0.6036 0.5957 0.5852 0.5722
580.000000 0.5634 0.5554 0.5615 0.5612 0.5626
575.000000 0.5709 0.5839 0.5966 0.6062 0.6160
570.000000 0.6258 0.6406 0.6535 0.6637 0.6725
565.000000 0.6784 0.6843 0.6890 0.6918 0.6949
560.000000 0.6978 0.7006 0.7022 0.7041 0.7058
555.000000 0.7075 0.7085 0.7093 0.7101 0.7101
550.000000 0.7097 0.7093 0.7089 0.7085 0.7081
545.000000 0.7076 0.7072 0.7067 0.7060 0.7054
540.000000 0.7047 0.7040 0.7034 0.7026 0.7021
535.000000 0.7015 0.7008 0.7003 0.6993 0.6984
530.000000 0.6976 0.6971 0.6967 0.6961 0.6957
525.000000 0.6951 0.6951 0.6953 0.6955 0.6956
520.000000 0.6958 0.6958 0.6961 0.6961 0.6964
515.000000 0.6965 0.6967 0.6968 0.6974 0.7008
510.000000 0.6984 0.6989 0.6994 0.6999 0.7011
505.000000 0.7025 0.7041 0.7056 0.7069 0.7085
500.000000 0.7100 0.7114 0.7125 0.7138 0.7150
495.000000 0.7161 0.7172 0.7185 0.7197 0.7208
490.000000 0.7219 0.7232 0.7246 0.7260 0.7275
485.000000 0.7289 0.7304 0.7318 0.7332 0.7342
480.000000 0.7351 0.7361 0.7369 0.7380 0.7389
475.000000 0.7390 0.7381 0.7371 0.7362 0.7331
470.000000 0.7292 0.7251 0.7212 0.7169 0.7126
465.000000 0.7084 0.7042 0.7006 0.6978 0.6951
460.000000 0.6925 0.6898 0.6875 0.6857 0.6839
##END=
