##TITLE=P-PHENYLENEDIAMINE, N,N'-DIETHYL-N,N'-DIPHENYL-
##JCAMP-DX=4.24
##DATA TYPE=INFRARED SPECTRUM
##CLASS=COBLENTZ
##ORIGIN=TENNESSEE EASTMAN COMPANY, RESEARCH LABORATORIES
##OWNER=COBLENTZ SOCIETY
Collection (C) 2018 copyright by the U.S. Secretary of Commerce
on behalf of the United States of America. All rights reserved.
##DATE=1960
##NAMES=N<1>,N<4>-diethyl-N<1>,N<4>-diphenyl-1,4-benzenediamine
##CAS REGISTRY NO=31910-10-8
##MOLFORM=C22 H24 N2
##SOURCE REFERENCE=COBLENTZ NO. 764
##$NIST SOURCE=COBLENTZ
##$NIST IMAGE=cob764
##SPECTROMETER/DATA SYSTEM=Not specified, most likely a prism, grating, or hybrid spectrometer.
##STATE=SOLID (KBr PELLET)
##SAMPLING PROCEDURE=TRANSMISSION
##RESOLUTION=4
##DATA PROCESSING=DIGITIZED BY NIST FROM HARD COPY
##XUNITS=MICROMETERS
##YUNITS=TRANSMITTANCE
##XFACTOR=1.000000
##YFACTOR=1
##DELTAX=000.006835
##FIRSTX=2.014
##LASTX=16.0117
##FIRSTY=0.785
##MAXX=16.0117
##MINX=2.014
##MAXY=0.998
##MINY=0.02
##NPOINTS=2049
##XYDATA=(X++(Y..Y))
2.014000 0.7850 0.7850 0.7850 0.7850 0.7870
2.048191 0.7890 0.7890 0.7890 0.7910 0.7920
2.082000 0.7920 0.7920 0.7940 0.7940 0.7960
2.116191 0.7960 0.7960 0.7970 0.7970 0.7970
2.150000 0.7990 0.7990 0.8010 0.8010 0.8010
2.184191 0.8040 0.8040 0.8060 0.8060 0.8080
2.219000 0.8080 0.8090 0.8090 0.8110 0.8110
2.253191 0.8130 0.8150 0.8160 0.8180 0.8180
2.287000 0.8200 0.8200 0.8200 0.8210 0.8210
2.321191 0.8230 0.8230 0.8230 0.8250 0.8250
2.355000 0.8250 0.8250 0.8270 0.8270 0.8280
2.389191 0.8280 0.8280 0.8300 0.8300 0.8300
2.424000 0.8320 0.8320 0.8320 0.8320 0.8320
2.458191 0.8320 0.8320 0.8320 0.8330 0.8330
2.492000 0.8350 0.8370 0.8370 0.8390 0.8400
2.526191 0.8420 0.8420 0.8440 0.8450 0.8470
2.560000 0.8470 0.8470 0.8470 0.8450 0.8440
2.594191 0.8440 0.8450 0.8470 0.8470 0.8470
2.629000 0.8470 0.8490 0.8510 0.8520 0.8540
2.663191 0.8560 0.8560 0.8560 0.8560 0.8560
2.697000 0.8560 0.8560 0.8560 0.8560 0.8560
2.731191 0.8560 0.8560 0.8560 0.8560 0.8560
2.766000 0.8540 0.8520 0.8510 0.8510 0.8490
2.800191 0.8470 0.8470 0.8450 0.8440 0.8420
2.834000 0.8400 0.8390 0.8390 0.8390 0.8390
2.868191 0.8390 0.8390 0.8390 0.8390 0.8390
2.902000 0.8390 0.8390 0.8390 0.8390 0.8390
2.936191 0.8400 0.8420 0.8450 0.8470 0.8470
2.971000 0.8490 0.8490 0.8520 0.8540 0.8570
3.005191 0.8590 0.8610 0.8630 0.8640 0.8660
3.039000 0.8680 0.8680 0.8680 0.8690 0.8710
3.073191 0.8710 0.8730 0.8730 0.8750 0.8780
3.107000 0.8800 0.8810 0.8810 0.8810 0.8830
3.141191 0.8830 0.8830 0.8850 0.8860 0.8860
3.176000 0.8860 0.8880 0.8880 0.8880 0.8850
3.210191 0.8830 0.8780 0.8690 0.8640 0.8560
3.244000 0.8470 0.8400 0.8300 0.8250 0.8210
3.278191 0.8200 0.8180 0.8200 0.8370 0.8490
3.312000 0.8520 0.8490 0.8110 0.7150 0.6280
3.346191 0.6280 0.6400 0.7610 0.7970 0.7890
3.381000 0.7750 0.7480 0.7460 0.7650 0.8060
3.415191 0.8040 0.7990 0.7630 0.7270 0.7220
3.449000 0.7270 0.7940 0.8300 0.8520 0.8690
3.483191 0.8760 0.8810 0.8860 0.8900 0.8930
3.517000 0.8970 0.9000 0.9040 0.9050 0.9070
3.551191 0.9090 0.9090 0.9100 0.9120 0.9160
3.586000 0.9170 0.9170 0.9170 0.9190 0.9190
3.620191 0.9190 0.9170 0.9190 0.9210 0.9210
3.654000 0.9210 0.9220 0.9260 0.9240 0.9260
3.688191 0.9280 0.9280 0.9290 0.9290 0.9260
3.722000 0.9260 0.9220 0.9220 0.9210 0.9210
3.756191 0.9210 0.9220 0.9260 0.9260 0.9260
3.791000 0.9280 0.9240 0.9240 0.9260 0.9260
3.825191 0.9280 0.9260 0.9260 0.9260 0.9260
3.859000 0.9260 0.9260 0.9260 0.9260 0.9260
3.893191 0.9260 0.9260 0.9260 0.9260 0.9260
3.927000 0.9260 0.9260 0.9280 0.9280 0.9280
3.961191 0.9290 0.9290 0.9310 0.9310 0.9330
3.996000 0.9340 0.9340 0.9360 0.9360 0.9380
4.030191 0.9380 0.9380 0.9380 0.9360 0.9360
4.064000 0.9380 0.9380 0.9400 0.9400 0.9410
4.098191 0.9400 0.9410 0.9430 0.9430 0.9450
4.132000 0.9450 0.9450 0.9450 0.9450 0.9450
4.166191 0.9450 0.9450 0.9450 0.9450 0.9450
4.201000 0.9450 0.9460 0.9460 0.9500 0.9520
4.235191 0.9530 0.9530 0.9530 0.9520 0.9520
4.269000 0.9500 0.9500 0.9500 0.9480 0.9480
4.303191 0.9450 0.9410 0.9410 0.9410 0.9400
4.338000 0.9400 0.9410 0.9430 0.9450 0.9450
4.372191 0.9480 0.9500 0.9500 0.9530 0.9530
4.406000 0.9500 0.9500 0.9500 0.9500 0.9500
4.440191 0.9500 0.9500 0.9500 0.9520 0.9520
4.474000 0.9530 0.9570 0.9570 0.9580 0.9580
4.508191 0.9580 0.9580 0.9600 0.9580 0.9580
4.543000 0.9580 0.9570 0.9570 0.9570 0.9570
4.577191 0.9570 0.9570 0.9570 0.9600 0.9580
4.611000 0.9580 0.9580 0.9580 0.9580 0.9620
4.645191 0.9620 0.9600 0.9580 0.9580 0.9580
4.679000 0.9580 0.9600 0.9620 0.9620 0.9600
4.713191 0.9600 0.9600 0.9600 0.9600 0.9600
4.748000 0.9600 0.9600 0.9600 0.9600 0.9600
4.782191 0.9600 0.9600 0.9600 0.9640 0.9640
4.816000 0.9640 0.9620 0.9600 0.9600 0.9600
4.850191 0.9600 0.9600 0.9600 0.9600 0.9600
4.884000 0.9600 0.9600 0.9600 0.9600 0.9600
4.918191 0.9600 0.9600 0.9600 0.9600 0.9600
4.953000 0.9600 0.9620 0.9620 0.9650 0.9670
4.987191 0.9720 0.9720 0.9740 0.9700 0.9670
5.021000 0.9640 0.9640 0.9640 0.9640 0.9640
5.055191 0.9640 0.9620 0.9620 0.9600 0.9580
5.089000 0.9550 0.9520 0.9480 0.9410 0.9360
5.123191 0.9310 0.9190 0.9090 0.9000 0.8980
5.158000 0.8980 0.8980 0.9000 0.9090 0.9120
5.192191 0.9190 0.9280 0.9360 0.9450 0.9480
5.226000 0.9480 0.9480 0.9500 0.9520 0.9530
5.260191 0.9520 0.9530 0.9550 0.9530 0.9550
5.294000 0.9550 0.9570 0.9570 0.9570 0.9570
5.328191 0.9570 0.9570 0.9570 0.9570 0.9570
5.363000 0.9570 0.9580 0.9580 0.9570 0.9570
5.397191 0.9530 0.9520 0.9460 0.9450 0.9430
5.431000 0.9430 0.9410 0.9400 0.9360 0.9340
5.465191 0.9340 0.9340 0.9360 0.9460 0.9500
5.499000 0.9530 0.9530 0.9530 0.9530 0.9530
5.533191 0.9520 0.9520 0.9480 0.9450 0.9430
5.568000 0.9410 0.9410 0.9410 0.9430 0.9430
5.602191 0.9430 0.9430 0.9410 0.9410 0.9410
5.636000 0.9400 0.9400 0.9400 0.9430 0.9500
5.670191 0.9530 0.9530 0.9570 0.9570 0.9530
5.705000 0.9520 0.9460 0.9410 0.9400 0.9400
5.739191 0.9400 0.9400 0.9380 0.9340 0.9330
5.773000 0.9310 0.9340 0.9400 0.9410 0.9400
5.807191 0.9380 0.9340 0.9290 0.9280 0.9290
5.841000 0.9310 0.9340 0.9340 0.9340 0.9330
5.875191 0.9260 0.9170 0.9090 0.9070 0.9040
5.910000 0.9020 0.9020 0.9020 0.8900 0.8860
5.944191 0.8810 0.8730 0.8730 0.8810 0.8920
5.978000 0.9020 0.9040 0.9040 0.9040 0.9040
6.012191 0.9020 0.9020 0.9020 0.9020 0.9020
6.046000 0.9020 0.9020 0.9000 0.8980 0.8970
6.080191 0.8950 0.8920 0.8900 0.8880 0.8830
6.115000 0.8680 0.8490 0.8440 0.8400 0.8280
6.149191 0.8110 0.7990 0.7770 0.7630 0.7530
6.183000 0.7390 0.7150 0.6780 0.6180 0.5340
6.217191 0.4760 0.4160 0.2580 0.0870 0.0830
6.251000 0.0870 0.1660 0.2220 0.3210 0.4100
6.285191 0.4810 0.6470 0.6590 0.6590 0.6550
6.320000 0.6090 0.5990 0.5990 0.6380 0.7530
6.354191 0.7940 0.8090 0.8110 0.8130 0.8200
6.388000 0.8330 0.8510 0.8610 0.8760 0.8850
6.422191 0.8880 0.8920 0.8980 0.8980 0.8930
6.456000 0.8860 0.8800 0.8690 0.8660 0.8640
6.490191 0.8590 0.8520 0.8450 0.8370 0.8180
6.525000 0.8060 0.7800 0.7430 0.6950 0.6350
6.559191 0.5650 0.5250 0.4860 0.3970 0.2990
6.593000 0.1360 0.0340 0.0200 0.0220 0.0370
6.627191 0.0630 0.0680 0.0710 0.0780 0.0920
6.661000 0.1130 0.1450 0.1910 0.2510 0.3270
6.695191 0.4220 0.4880 0.6300 0.6720 0.7020
6.730000 0.7240 0.7380 0.7480 0.7500 0.7440
6.764191 0.7260 0.7220 0.7220 0.7290 0.7430
6.798000 0.7550 0.7600 0.7580 0.7480 0.7220
6.832191 0.7170 0.7170 0.7550 0.7800 0.7870
6.866000 0.7890 0.7920 0.7960 0.7960 0.7970
6.900191 0.8150 0.8400 0.8520 0.8640 0.8760
6.935000 0.8920 0.8980 0.9050 0.9100 0.9120
6.969191 0.9120 0.9160 0.9160 0.9190 0.9210
7.003000 0.9220 0.9220 0.9220 0.9220 0.9210
7.037191 0.9210 0.9190 0.9170 0.9090 0.8970
7.072000 0.8880 0.8710 0.8540 0.8400 0.8200
7.106191 0.8180 0.8180 0.8210 0.8390 0.8400
7.140000 0.8420 0.8440 0.8400 0.8270 0.8200
7.174191 0.8110 0.7970 0.7770 0.7430 0.6930
7.208000 0.6230 0.5590 0.5270 0.4930 0.4290
7.242191 0.3730 0.3320 0.3090 0.2720 0.2670
7.277000 0.2670 0.2770 0.3760 0.4260 0.4960
7.311191 0.6180 0.6780 0.7150 0.7440 0.7580
7.345000 0.7680 0.7700 0.7700 0.7670 0.7340
7.379191 0.7170 0.6910 0.6300 0.6010 0.5490
7.413000 0.5180 0.4880 0.4050 0.3610 0.3590
7.447191 0.3590 0.3970 0.4940 0.6350 0.6600
7.482000 0.6760 0.6900 0.7070 0.7240 0.7430
7.516191 0.7610 0.7770 0.7970 0.8200 0.8370
7.550000 0.8420 0.8540 0.8570 0.8610 0.8640
7.584191 0.8640 0.8660 0.8660 0.8640 0.8630
7.618000 0.8570 0.8470 0.8270 0.8040 0.7800
7.652191 0.7440 0.7000 0.6600 0.6260 0.6110
7.687000 0.5990 0.5990 0.6140 0.6740 0.7030
7.721191 0.7390 0.7550 0.7670 0.7800 0.7840
7.755000 0.7840 0.7820 0.7750 0.7510 0.7390
7.789191 0.6780 0.6540 0.6250 0.5590 0.5220
7.823000 0.4820 0.3800 0.3180 0.2380 0.2070
7.857191 0.2070 0.2100 0.2650 0.3350 0.4190
7.892000 0.4640 0.4910 0.5440 0.5780 0.5830
7.926191 0.5870 0.5950 0.6130 0.6310 0.6500
7.960000 0.6690 0.6880 0.7070 0.7240 0.7380
7.994191 0.7500 0.7560 0.7560 0.7510 0.7340
8.028000 0.7100 0.6780 0.6400 0.5990 0.5100
8.062191 0.4770 0.4430 0.3490 0.3320 0.3300
8.097000 0.3370 0.4140 0.5920 0.6620 0.7120
8.131191 0.7500 0.7750 0.7920 0.8080 0.8210
8.165000 0.8390 0.8450 0.8490 0.8610 0.8690
8.199191 0.8760 0.8810 0.8860 0.8900 0.8970
8.233000 0.9020 0.9070 0.9090 0.9100 0.9100
8.267191 0.9100 0.9120 0.9210 0.9410 0.9410
8.302000 0.9290 0.9020 0.8980 0.8970 0.8930
8.336191 0.8810 0.8520 0.8250 0.7990 0.7730
8.370000 0.7500 0.7480 0.7460 0.7500 0.7970
8.404191 0.8130 0.8330 0.8450 0.8510 0.8610
8.438000 0.8680 0.8730 0.8780 0.8800 0.8830
8.472191 0.8850 0.8880 0.8920 0.8920 0.8920
8.507000 0.8920 0.8900 0.8880 0.8850 0.8760
8.541191 0.8690 0.8610 0.8540 0.8450 0.8390
8.575000 0.8270 0.8080 0.7920 0.7700 0.7600
8.609191 0.7600 0.7610 0.7870 0.8160 0.8390
8.644000 0.8540 0.8630 0.8690 0.8730 0.8780
8.678191 0.8830 0.8850 0.8830 0.8830 0.8800
8.712000 0.8750 0.8610 0.8490 0.8280 0.8030
8.746191 0.7800 0.7460 0.7050 0.6570 0.6350
8.780000 0.6130 0.5900 0.5830 0.5890 0.6020
8.814191 0.6280 0.6690 0.6960 0.7190 0.7410
8.849000 0.7580 0.7730 0.7850 0.7940 0.7990
8.883191 0.8010 0.8030 0.8060 0.8090 0.8150
8.917000 0.8180 0.8200 0.8210 0.8210 0.8230
8.951191 0.8230 0.8210 0.8180 0.7770 0.7320
8.985000 0.6900 0.6450 0.6010 0.5950 0.5300
9.019191 0.4770 0.4220 0.4140 0.4140 0.4340
9.054000 0.4940 0.6380 0.6860 0.7080 0.7240
9.088191 0.7270 0.7260 0.7020 0.6690 0.6670
9.122000 0.6690 0.6950 0.7460 0.7840 0.8130
9.156191 0.8280 0.8350 0.8370 0.8370 0.8350
9.190000 0.8270 0.8090 0.7850 0.7700 0.7700
9.224191 0.7730 0.7910 0.8010 0.8210 0.8320
9.259000 0.8450 0.8490 0.8520 0.8560 0.8570
9.293191 0.8560 0.8560 0.8510 0.8450 0.8350
9.327000 0.8270 0.8160 0.8040 0.7920 0.7750
9.361191 0.7460 0.7190 0.7150 0.7120 0.7190
9.395000 0.7480 0.7800 0.7960 0.8230 0.8370
9.429191 0.8470 0.8570 0.8660 0.8750 0.8800
9.464000 0.8880 0.8920 0.8950 0.8950 0.8970
9.498191 0.8950 0.8970 0.8980 0.8970 0.8980
9.532000 0.8980 0.8980 0.8980 0.8980 0.8980
9.566191 0.8980 0.8980 0.8980 0.9000 0.9000
9.600000 0.8980 0.8980 0.8980 0.8930 0.8800
9.634191 0.8680 0.8510 0.8270 0.8090 0.7920
9.669000 0.7770 0.7730 0.7700 0.7730 0.7990
9.703191 0.8210 0.8320 0.8490 0.8570 0.8590
9.737000 0.8630 0.8680 0.8690 0.8690 0.8710
9.771191 0.8690 0.8540 0.8420 0.8150 0.7770
9.805000 0.7380 0.7050 0.7000 0.7050 0.7390
9.839191 0.7870 0.8150 0.8420 0.8610 0.8690
9.874000 0.8750 0.8780 0.8810 0.8850 0.8880
9.908191 0.8900 0.8950 0.8980 0.9000 0.9020
9.942000 0.9020 0.9040 0.9050 0.9050 0.9050
9.976191 0.9070 0.9070 0.9070 0.9050 0.9040
10.011000 0.8950 0.8830 0.8630 0.8300 0.8030
10.045191 0.7730 0.7500 0.7270 0.7240 0.7260
10.079000 0.7510 0.7870 0.8150 0.8400 0.8560
10.113191 0.8640 0.8730 0.8810 0.8880 0.8950
10.147000 0.8980 0.8980 0.8980 0.8980 0.8980
10.181191 0.8970 0.8980 0.8980 0.8980 0.8980
10.216000 0.8980 0.9000 0.9020 0.9040 0.9040
10.250191 0.9050 0.9050 0.9070 0.9090 0.9090
10.284000 0.9090 0.9090 0.9090 0.9090 0.9090
10.318191 0.9090 0.9100 0.9100 0.9100 0.9100
10.352000 0.9100 0.9100 0.9100 0.9100 0.9070
10.386191 0.9070 0.9050 0.9050 0.9050 0.9070
10.421000 0.9070 0.9090 0.9090 0.9090 0.9100
10.455191 0.9100 0.9100 0.9120 0.9160 0.9170
10.489000 0.9190 0.9190 0.9210 0.9220 0.9260
10.523191 0.9280 0.9280 0.9290 0.9310 0.9330
10.557000 0.9330 0.9340 0.9340 0.9340 0.9340
10.591191 0.9330 0.9330 0.9340 0.9340 0.9340
10.626000 0.9340 0.9340 0.9330 0.9330 0.9310
10.660191 0.9290 0.9280 0.9280 0.9280 0.9260
10.694000 0.9240 0.9220 0.9210 0.9190 0.9170
10.728191 0.9100 0.9090 0.9090 0.9070 0.9070
10.762000 0.9070 0.9070 0.9090 0.9100 0.9160
10.796191 0.9240 0.9260 0.9280 0.9310 0.9310
10.831000 0.9360 0.9360 0.9380 0.9400 0.9400
10.865191 0.9410 0.9410 0.9410 0.9410 0.9410
10.899000 0.9410 0.9410 0.9400 0.9400 0.9380
10.933191 0.9380 0.9380 0.9380 0.9380 0.9380
10.967000 0.9360 0.9340 0.9340 0.9340 0.9340
11.001191 0.9340 0.9340 0.9360 0.9360 0.9360
11.036000 0.9360 0.9380 0.9360 0.9380 0.9380
11.070191 0.9380 0.9380 0.9380 0.9380 0.9400
11.104000 0.9400 0.9400 0.9400 0.9410 0.9410
11.138191 0.9410 0.9400 0.9400 0.9400 0.9400
11.172000 0.9400 0.9380 0.9380 0.9340 0.9290
11.206191 0.9240 0.9190 0.9170 0.9140 0.9120
11.241000 0.9120 0.9120 0.9120 0.9140 0.9160
11.275191 0.9190 0.9210 0.9220 0.9260 0.9290
11.309000 0.9290 0.9330 0.9330 0.9340 0.9340
11.343191 0.9330 0.9340 0.9340 0.9340 0.9340
11.377000 0.9360 0.9340 0.9360 0.9360 0.9340
11.411191 0.9330 0.9310 0.9290 0.9240 0.9210
11.446000 0.9140 0.9050 0.8980 0.8860 0.8730
11.480191 0.8590 0.8490 0.8440 0.8400 0.8390
11.514000 0.8350 0.8350 0.8330 0.8320 0.8330
11.548191 0.8450 0.8560 0.8680 0.8800 0.8860
11.583000 0.8950 0.9070 0.9170 0.9240 0.9260
11.617191 0.9260 0.9280 0.9290 0.9290 0.9290
11.651000 0.9310 0.9310 0.9330 0.9330 0.9330
11.685191 0.9330 0.9330 0.9330 0.9330 0.9310
11.719000 0.9280 0.9260 0.9210 0.9140 0.9100
11.753191 0.9020 0.8900 0.8750 0.8590 0.8400
11.788000 0.8270 0.8110 0.8010 0.8010 0.8080
11.822191 0.8090 0.8250 0.8390 0.8510 0.8640
11.856000 0.8750 0.8860 0.8970 0.9040 0.9100
11.890191 0.9140 0.9170 0.9220 0.9240 0.9280
11.924000 0.9280 0.9280 0.9280 0.9280 0.9280
11.958191 0.9290 0.9280 0.9280 0.9280 0.9290
11.993000 0.9290 0.9290 0.9280 0.9260 0.9260
12.027191 0.9240 0.9220 0.9210 0.9170 0.9120
12.061000 0.9090 0.9070 0.9070 0.9050 0.9050
12.095191 0.9050 0.9050 0.9090 0.9100 0.9120
12.129000 0.9140 0.9160 0.9170 0.9190 0.9190
12.163191 0.9220 0.9240 0.9220 0.9260 0.9280
12.198000 0.9330 0.9360 0.9360 0.9380 0.9400
12.232191 0.9410 0.9410 0.9410 0.9410 0.9430
12.266000 0.9410 0.9430 0.9450 0.9430 0.9450
12.300191 0.9450 0.9450 0.9450 0.9460 0.9460
12.334000 0.9480 0.9480 0.9480 0.9460 0.9460
12.368191 0.9480 0.9480 0.9480 0.9480 0.9480
12.403000 0.9480 0.9460 0.9460 0.9450 0.9430
12.437191 0.9410 0.9410 0.9410 0.9400 0.9400
12.471000 0.9400 0.9400 0.9400 0.9380 0.9380
12.505191 0.9340 0.9340 0.9340 0.9330 0.9330
12.539000 0.9310 0.9290 0.9280 0.9220 0.9170
12.573191 0.9120 0.9100 0.9040 0.8950 0.8830
12.608000 0.8680 0.8540 0.8370 0.8210 0.8060
12.642191 0.7890 0.7580 0.7170 0.6910 0.6690
12.676000 0.6360 0.6140 0.6040 0.5970 0.5940
12.710191 0.5950 0.5990 0.6140 0.6550 0.6880
12.744000 0.7170 0.7360 0.7560 0.7750 0.7920
12.778191 0.8080 0.8210 0.8330 0.8450 0.8570
12.813000 0.8660 0.8760 0.8850 0.8920 0.8980
12.847191 0.9040 0.9100 0.9120 0.9140 0.9160
12.881000 0.9190 0.9210 0.9220 0.9240 0.9240
12.915191 0.9260 0.9290 0.9280 0.9290 0.9310
12.950000 0.9310 0.9310 0.9310 0.9310 0.9310
12.984191 0.9310 0.9310 0.9310 0.9290 0.9280
13.018000 0.9280 0.9240 0.9220 0.9210 0.9190
13.052191 0.9170 0.9140 0.9100 0.9090 0.9040
13.086000 0.9000 0.8930 0.8850 0.8780 0.8680
13.120191 0.8570 0.8450 0.8300 0.8130 0.7910
13.155000 0.7600 0.7310 0.7030 0.6760 0.6420
13.189191 0.5990 0.5460 0.5130 0.4790 0.3930
13.223000 0.3510 0.2970 0.2530 0.2000 0.1550
13.257191 0.1360 0.1190 0.1130 0.1060 0.1060
13.291000 0.1090 0.1470 0.1660 0.2240 0.2700
13.325191 0.3200 0.3730 0.4280 0.4810 0.5830
13.360000 0.6300 0.6690 0.6980 0.7140 0.7320
13.394191 0.7510 0.7730 0.7940 0.8110 0.8280
13.428000 0.8390 0.8440 0.8540 0.8610 0.8690
13.462191 0.8760 0.8830 0.8900 0.8950 0.9020
13.496000 0.9050 0.9100 0.9160 0.9190 0.9210
13.530191 0.9240 0.9260 0.9280 0.9290 0.9310
13.565000 0.9340 0.9360 0.9400 0.9430 0.9450
13.599191 0.9520 0.9530 0.9550 0.9550 0.9570
13.633000 0.9580 0.9600 0.9620 0.9620 0.9640
13.667191 0.9670 0.9690 0.9700 0.9690 0.9720
13.701000 0.9740 0.9760 0.9760 0.9770 0.9770
13.735191 0.9810 0.9810 0.9840 0.9860 0.9860
13.770000 0.9880 0.9890 0.9890 0.9890 0.9890
13.804191 0.9890 0.9890 0.9910 0.9910 0.9910
13.838000 0.9910 0.9910 0.9910 0.9910 0.9930
13.872191 0.9930 0.9930 0.9930 0.9930 0.9930
13.906000 0.9930 0.9930 0.9930 0.9930 0.9930
13.940191 0.9930 0.9930 0.9930 0.9930 0.9930
13.975000 0.9930 0.9930 0.9930 0.9930 0.9930
14.009191 0.9930 0.9930 0.9930 0.9930 0.9930
14.043000 0.9930 0.9930 0.9940 0.9930 0.9930
14.077191 0.9930 0.9930 0.9930 0.9930 0.9930
14.111000 0.9930 0.9930 0.9930 0.9930 0.9910
14.145191 0.9890 0.9880 0.9840 0.9820 0.9770
14.180000 0.9700 0.9650 0.9580 0.9520 0.9430
14.214191 0.9360 0.9280 0.9170 0.9050 0.8920
14.248000 0.8780 0.8610 0.8400 0.8180 0.7920
14.282191 0.7630 0.7410 0.7140 0.6930 0.6740
14.317000 0.6470 0.6180 0.5990 0.5900 0.5680
14.351191 0.5540 0.5420 0.5320 0.5250 0.5220
14.385000 0.5200 0.5200 0.5220 0.5540 0.5800
14.419191 0.6040 0.6250 0.6470 0.6690 0.6930
14.453000 0.7140 0.7310 0.7500 0.7700 0.7920
14.487191 0.8210 0.8350 0.8490 0.8640 0.8810
14.522000 0.8970 0.9100 0.9220 0.9310 0.9340
14.556191 0.9430 0.9500 0.9580 0.9640 0.9650
14.590000 0.9670 0.9700 0.9720 0.9740 0.9770
14.624191 0.9790 0.9810 0.9820 0.9840 0.9860
14.658000 0.9880 0.9910 0.9910 0.9910 0.9910
14.692191 0.9910 0.9910 0.9910 0.9930 0.9930
14.727000 0.9930 0.9930 0.9940 0.9940 0.9960
14.761191 0.9960 0.9960 0.9960 0.9980 0.9980
14.795000 0.9980 0.9980 0.9980 0.9980 0.9980
14.829191 0.9980 0.9980 0.9980 0.9980 0.9980
14.863000 0.9980 0.9980 0.9980 0.9980 0.9980
14.897191 0.9980 0.9980 0.9980 0.9960 0.9940
14.932000 0.9940 0.9930 0.9930 0.9890 0.9890
14.966191 0.9880 0.9810 0.9770 0.9760 0.9720
15.000000 0.9700 0.9700 0.9700 0.9720 0.9720
15.034191 0.9740 0.9740 0.9760 0.9770 0.9790
15.068000 0.9820 0.9840 0.9880 0.9890 0.9890
15.102191 0.9910 0.9910 0.9930 0.9930 0.9930
15.137000 0.9930 0.9930 0.9930 0.9930 0.9930
15.171191 0.9930 0.9930 0.9930 0.9930 0.9930
15.205000 0.9930 0.9930 0.9930 0.9930 0.9910
15.239191 0.9890 0.9880 0.9880 0.9880 0.9860
15.273000 0.9860 0.9860 0.9840 0.9820 0.9790
15.307191 0.9790 0.9770 0.9760 0.9740 0.9720
15.342000 0.9700 0.9690 0.9670 0.9650 0.9650
15.376191 0.9640 0.9600 0.9580 0.9570 0.9530
15.410000 0.9500 0.9500 0.9460 0.9450 0.9410
15.444191 0.9410 0.9400 0.9400 0.9360 0.9340
15.478000 0.9340 0.9330 0.9330 0.9310 0.9290
15.512191 0.9280 0.9280 0.9240 0.9220 0.9210
15.547000 0.9190 0.9190 0.9190 0.9170 0.9160
15.581191 0.9140 0.9140 0.9140 0.9120 0.9090
15.615000 0.9090 0.9090 0.9090 0.9070 0.9070
15.649191 0.9050 0.9020 0.9000 0.9000 0.8980
15.683000 0.8950 0.8930 0.8920 0.8880 0.8860
15.717191 0.8830 0.8800 0.8780 0.8780 0.8760
15.752000 0.8750 0.8730 0.8710 0.8690 0.8660
15.786191 0.8640 0.8630 0.8610 0.8570 0.8520
15.820000 0.8520 0.8510 0.8470 0.8440 0.8400
15.854191 0.8390 0.8350 0.8350 0.8330 0.8300
15.889000 0.8280 0.8250 0.8230 0.8200 0.8180
15.923191 0.8160 0.8130 0.8090 0.8060 0.8030
15.957000 0.8030 0.8010 0.8010 0.7990 0.7990
15.991191 0.7990 0.7970 0.7970 0.7970
##END=
