##TITLE=2-(3-Chlorophenoxy)thioacetamide
##JCAMP-DX=4.24
##DATA TYPE=INFRARED SPECTRUM
##ORIGIN=EPA-IR VAPOR PHASE LIBRARY
##OWNER=SRD/NIST
Collection (C) 2018 copyright by the U.S. Secretary of Commerce
on behalf of the United States of America. All rights reserved.
##CAS REGISTRY NO=35370-95-7
##MOLFORM=C 8 H 8 Cl N O S
##$NIST SOURCE=MSDC-IR
##STATE=gas
##XUNITS=1/CM
##YUNITS=ABSORBANCE
##XFACTOR=1.
##YFACTOR=0.001
##DELTAX=1.92898
##FIRSTX=549.8
##LASTX=4000.7
##FIRSTY=4.385
##MAXX=4000.7
##MINX=549.759
##MAXY=0.145475
##MINY=0
##NPOINTS=1790
##XYDATA=(X++(Y..Y))
549.759 4.385 4.335 4.275 4.415 4.295 4.785 5.065 5.135 5.145 4.955
569.049 4.875 4.175 3.705 4.125 4.395 3.835 4.205 4.855 4.705 4.265
588.339 4.085 4.065 3.735 4.565 4.725 4.065 4.005 3.935 4.495 4.675
607.628 4.435 4.005 3.735 3.885 3.855 3.255 2.595 3.135 3.655 3.205
626.918 2.975 3.175 2.165 1.955 2.175 1.825 1.795 2.185 2.555 2.655
646.208 2.695 2.605 2.555 2.645 2.825 3.145 3.365 3.705 4.225 4.555
665.498 5.775 7.325 8.395 9.395 10.715 12.195 13.765 15.005 15.045 14.075
684.787 13.095 12.025 10.785 9.715 8.485 7.305 6.515 5.825 4.965 4.295
704.077 3.905 3.645 3.465 2.715 2.405 2.645 2.425 2.135 1.805 1.825
723.367 2.345 2.465 2.015 1.965 1.855 1.525 1.985 2.545 2.885 3.425
742.657 3.475 3.645 4.105 4.365 5.005 6.115 7.335 9.155 10.915 12.755
761.947 14.955 16.905 18.725 19.965 21.215 22.155 22.025 21.155 19.345 16.955
781.236 14.375 11.835 10.365 9.165 7.515 6.655 6.345 6.125 6.345 6.055
800.526 5.745 5.975 6.095 5.945 6.115 6.265 6.015 5.835 5.855 5.635
819.816 4.995 4.675 4.715 5.005 5.685 6.165 6.815 7.325 8.175 9.245
839.106 10.545 12.425 14.205 15.975 17.915 20.025 21.635 22.915 24.385 25.155
858.395 24.975 24.645 24.035 23.335 22.325 20.885 19.415 18.425 17.855 17.085
877.685 16.465 16.565 16.925 16.585 16.505 17.785 18.535 18.485 18.735 18.885
896.975 18.795 18.515 17.775 17.245 16.445 15.475 14.535 13.625 13.115 12.675
916.265 12.535 12.545 12.445 12.615 12.885 13.065 12.945 12.975 13.385 13.645
935.555 14.095 14.935 15.415 15.585 16.235 16.885 17.245 17.855 18.715 19.935
954.844 21.435 22.395 22.695 23.345 24.145 24.285 24.495 25.205 25.685 26.115
974.134 26.685 26.655 26.925 27.255 27.645 28.875 30.145 30.645 31.575 32.655
993.424 33.465 34.415 34.635 35.355 36.625 38.225 40.245 42.575 45.045 48.785
1012.714 53.225 56.045 59.135 62.675 65.865 69.165 71.065 71.665 71.775 69.935
1032.003 67.525 65.015 61.735 58.645 54.945 49.805 44.615 40.185 35.675 30.965
1051.293 27.365 24.875 21.995 20.505 20.305 19.795 20.325 21.895 22.735 23.805
1070.583 25.055 26.255 27.135 26.595 25.685 23.875 23.525 24.175 24.095 24.865
1089.873 26.255 26.535 25.465 24.235 23.445 23.245 22.555 21.255 18.425 15.445
1109.163 13.965 12.065 8.915 7.425 8.025 7.215 6.665 6.875 6.365 5.525
1128.452 5.855 5.875 5.305 5.575 4.825 4.725 5.385 5.215 5.905 6.225
1147.742 6.385 6.955 7.475 7.795 7.945 8.475 8.475 8.425 8.295 7.975
1167.032 7.915 7.445 7.115 7.645 8.715 9.145 9.205 9.845 10.835 13.295
1186.322 15.945 17.415 20.675 25.295 29.785 35.595 43.355 49.635 55.195 62.145
1205.611 65.925 68.155 69.205 69.475 68.795 66.145 64.645 62.755 60.555 59.125
1224.901 56.105 53.785 53.855 53.015 51.505 51.845 52.535 52.885 52.125 51.125
1244.191 49.695 46.625 43.375 40.405 37.995 36.885 36.695 38.785 42.265 45.475
1263.481 48.825 51.595 53.005 52.745 51.845 49.435 46.355 43.575 40.465 37.875
1282.771 36.235 34.775 34.185 34.175 33.715 33.575 33.045 31.215 28.905 26.285
1302.060 23.575 21.105 18.975 17.295 16.285 15.555 14.985 14.945 15.095 15.385
1321.350 16.035 16.695 17.545 18.545 19.525 20.665 21.835 23.215 24.715 26.275
1340.640 27.795 29.045 30.015 30.675 30.995 30.905 30.605 30.355 30.065 29.795
1359.930 29.625 29.385 29.045 28.705 28.615 29.035 30.015 31.905 34.945 39.145
1379.219 44.895 51.955 60.115 68.705 76.615 82.255 84.315 82.715 77.825 70.285
1398.509 60.715 50.615 42.245 35.695 30.715 27.315 25.105 23.725 23.105 23.125
1417.799 23.775 25.095 26.645 28.105 29.455 30.665 31.625 32.085 32.195 31.985
1437.089 31.575 31.345 31.105 30.705 29.755 28.315 26.885 25.385 23.845 22.995
1456.378 23.025 23.705 25.485 28.525 32.715 38.305 44.855 51.245 56.955 61.605
1475.668 64.325 65.245 63.755 59.715 54.065 47.445 40.535 33.895 27.385 21.835
1494.958 17.285 13.725 11.515 9.975 8.985 8.085 7.195 6.985 6.755 6.365
1514.248 6.275 6.295 6.305 6.305 6.485 6.845 6.975 7.115 7.425 7.765
1533.538 8.055 8.325 8.525 8.905 9.545 10.045 10.725 11.465 12.305 13.165
1552.827 14.365 16.145 18.025 20.465 23.565 26.855 30.955 36.195 42.415 49.785
1572.117 58.435 67.945 79.425 92.605 105.645 118.155 128.625 137.055 142.655 145.475
1591.407 145.205 142.365 137.065 128.355 116.765 103.055 88.115 73.145 59.665 48.425
1610.697 39.865 33.195 27.915 23.605 20.185 17.335 14.995 13.225 11.685 10.245
1629.986 9.055 8.125 7.495 7.045 6.555 6.095 5.705 5.365 4.965 4.645
1649.276 4.485 4.095 3.905 3.945 3.845 3.555 3.315 3.265 3.225 3.225
1668.566 2.965 2.655 2.545 2.465 2.565 2.715 2.625 2.455 2.215 2.085
1687.856 2.015 2.015 2.095 2.235 2.255 2.105 2.185 2.225 2.185 2.245
1707.146 2.205 2.125 2.325 2.375 2.275 2.255 2.285 2.515 2.605 2.465
1726.435 2.455 2.525 2.555 2.385 2.205 2.225 2.165 2.185 2.215 2.295
1745.725 2.295 2.095 2.295 2.575 2.535 2.425 2.375 2.255 2.165 2.215
1765.015 2.145 2.035 2.055 2.005 1.855 1.885 1.865 1.875 1.875 1.975
1784.305 1.995 1.835 1.765 1.735 1.575 1.595 1.745 1.745 1.715 1.665
1803.594 1.715 1.675 1.625 1.625 1.685 1.755 1.685 1.705 1.835 1.865
1822.884 1.885 1.985 2.045 2.145 2.215 2.295 2.295 2.255 2.235 2.195
1842.174 2.175 2.005 1.845 1.945 1.945 1.835 1.745 1.635 1.495 1.475
1861.464 1.575 1.615 1.615 1.645 1.685 1.635 1.565 1.575 1.555 1.625
1880.754 1.695 1.815 1.955 1.745 1.555 1.655 1.715 1.675 1.675 1.625
1900.043 1.685 1.705 1.745 1.885 1.985 2.205 2.385 2.425 2.395 2.405
1919.333 2.385 2.415 2.295 2.135 2.065 1.965 1.825 1.615 1.535 1.475
1938.623 1.295 1.205 1.235 1.325 1.395 1.295 1.1267 1.1215 1.245 1.315
1957.913 1.255 1.0251 1.0502 1.215 1.215 1.175 1.235 1.295 1.295 1.185
1977.202 1.205 1.345 1.395 1.395 1.295 1.315 1.365 1.405 1.595 1.535
1996.492 1.345 1.415 1.445 1.345 1.285 1.445 1.595 1.615 1.585 1.455
2015.782 1.395 1.575 1.685 1.695 1.735 1.705 1.855 1.895 1.765 1.685
2035.072 1.775 1.825 1.865 1.905 1.935 1.945 1.905 1.975 2.075 2.065
2054.362 1.975 2.065 2.045 1.925 1.845 1.755 1.825 1.865 1.945 1.905
2073.651 1.805 1.925 1.885 1.655 1.545 1.685 1.845 1.735 1.625 1.635
2092.941 1.595 1.575 1.715 1.635 1.395 1.455 1.625 1.605 1.645 1.665
2112.231 1.585 1.605 1.445 1.415 1.505 1.485 1.495 1.405 1.375 1.395
2131.521 1.485 1.535 1.495 1.605 1.475 1.365 1.575 1.675 1.545 1.465
2150.810 1.455 1.485 1.675 1.595 1.575 1.505 1.335 1.495 1.635 1.555
2170.100 1.395 1.405 1.335 1.265 1.365 1.525 1.595 1.425 1.405 1.415
2189.390 1.345 1.395 1.395 1.325 1.315 1.415 1.465 1.375 1.345 1.235
2208.680 1.1046 1.265 1.305 1.1225 1.0314 0.8553 0.7543 0.9306 0.9164 0.8531
2227.970 1.1222 1.155 1.1018 1.0507 1.103 1.1146 1.1145 1.1267 1.0051 1.0767
2247.259 1.145 1.0557 0.9933 0.9437 0.9321 0.9849 1.0207 1.0688 1.205 1.305
2266.549 1.1136 1.0851 1.185 1.275 1.305 1.255 1.335 1.305 1.235 1.265
2285.839 1.245 1.195 1.0294 1.028 1.1054 0.9961 0.9805 1.113 1.1233 1.1228
2305.129 1.215 1.155 1.245 1.445 1.525 1.415 1.365 1.625 1.585 1.515
2324.418 1.625 1.415 1.175 1.1199 1.285 1.305 1.175 1.305 1.325 1.255
2343.708 1.0949 1.08 1.265 1.0619 0.9018 0.9999 0.9269 0.9433 0.9854 0.7904
2362.998 0.8135 1.0137 1.059 1.0603 1.0458 1.145 1.245 1.195 1.225 1.245
2382.288 1.285 1.185 1.0393 1.165 1.305 1.315 1.315 1.285 1.0809 1.265
2401.578 1.325 1.245 1.315 1.225 1.1245 1.0957 1.325 1.535 1.535 1.395
2420.867 1.255 1.285 1.455 1.465 1.425 1.495 1.305 1.1307 1.255 1.575
2440.157 1.715 1.505 1.245 1.325 1.485 1.335 1.405 1.555 1.725 1.945
2459.447 1.815 1.635 1.545 1.495 1.395 1.195 1.305 1.545 1.775 1.625
2478.737 1.315 1.505 1.465 1.365 1.355 1.315 1.385 1.485 1.585 1.425
2498.026 1.385 1.475 1.295 1.365 1.625 1.665 1.535 1.425 1.385 1.255
2517.316 1.245 1.235 1.0743 0.9999 1.165 1.185 1.0382 0.9465 0.8737 0.85
2536.606 0.9571 0.9962 0.92 0.991 1.0238 1.0787 1.155 1.155 1.165 1.265
2555.896 1.205 0.9743 0.9759 0.9204 0.9976 1.235 1.235 1.0952 1.064 1.0753
2575.186 1.059 1.205 1.295 1.135 1.0283 1.165 1.0815 0.8863 0.908 0.866
2594.475 1.0778 1.0116 0.8276 1.0031 0.9734 1.0376 0.9668 0.7533 0.959 1.235
2613.765 0.9672 0.8438 0.9351 0.8958 0.8934 0.9131 1.0823 1.0252 0.78 0.7504
2633.055 0.8083 0.8695 0.8304 0.7439 0.7992 1.0495 1.0361 0.7741 0.6052 0.5166
2652.345 0.6892 0.8736 0.8867 1.0761 1.1272 0.9657 0.8674 0.8393 1.0473 1.09
2671.634 1.1007 1.135 1.0578 1.0253 0.8735 0.8061 0.9544 0.9815 1.0146 1.265
2690.924 1.175 0.9417 1.0648 0.9522 1.165 1.445 1.375 1.1108 0.8182 0.9485
2710.214 1.0875 1.195 1.0018 0.9944 1.255 1.235 1.275 1.575 1.675 1.625
2729.504 1.395 1.305 1.525 1.605 1.585 1.505 1.325 1.405 1.545 1.625
2748.794 1.665 1.385 0.9683 0.8358 1.0163 1.0257 0.9047 0.8051 0.7476 0.7275
2768.083 0.8231 0.7708 0.6758 0.6538 0.7007 0.8799 0.877 0.8397 1.0099 1.084
2787.373 0.948 0.807 0.8325 0.9194 1.0245 1.205 1.225 1.0834 1.0276 0.9754
2806.663 0.9054 1.112 0.9812 0.7408 0.8519 0.7826 0.7296 0.8565 0.8878 0.7864
2825.953 0.7851 0.8441 0.9634 1.355 1.475 1.465 1.255 1.1327 1.555 1.485
2845.242 1.225 1.132 1.1268 1.405 1.695 1.665 1.555 1.455 1.525 1.595
2864.532 1.415 1.435 1.655 1.945 1.935 1.855 1.995 1.875 1.725 1.645
2883.822 1.735 2.015 1.585 1.565 2.145 1.985 1.875 2.045 2.015 2.105
2903.112 2.275 2.245 2.175 2.355 2.595 2.435 2.205 2.205 2.445 2.805
2922.401 2.965 3.105 3.415 3.625 4.015 4.235 4.295 4.645 4.705 4.465
2941.691 4.485 4.875 5.185 5.265 5.315 5.155 5.155 5.145 4.715 4.235
2960.981 4.035 3.865 3.655 3.265 3.175 2.985 2.525 2.405 2.335 2.255
2980.271 2.245 2.235 2.255 2.135 1.855 1.915 2.145 1.935 1.595 1.645
2999.561 1.635 1.505 1.535 1.265 1.235 1.385 1.405 1.735 1.795 1.785
3018.850 1.715 1.585 1.795 1.895 1.885 2.195 2.315 2.295 2.275 2.125
3038.140 2.035 2.085 2.185 2.015 1.925 2.065 2.255 2.615 2.695 2.385
3057.430 2.265 2.515 3.015 3.275 3.485 3.925 3.855 4.045 4.605 4.715
3076.720 4.995 5.255 5.225 5.425 5.535 5.495 5.225 4.765 4.285 3.855
3096.009 3.525 3.265 2.975 2.545 2.315 2.135 1.935 1.685 1.575 1.325
3115.299 1.0704 1.295 1.295 1.185 1.0997 1.0524 0.9841 1.0795 1.135 0.8242
3134.589 0.5435 0.7604 1.054 0.8207 0.7798 1.0952 1.455 1.525 1.385 1.495
3153.879 1.205 0.8158 1.185 1.285 1.215 0.8234 0.7469 1.275 1.245 0.9291
3173.169 0.9234 1.315 1.485 1.605 1.465 1.275 1.076 0.9808 1.145 0.8937
3192.458 0.8806 0.7886 0.5719 0.93 1.395 1.235 0.9171 1.175 1.145 1.0233
3211.748 0.983 0.6064 0.4598 0.5404 0.694 0.856 1.0406 1.245 1.0959 0.8034
3231.038 1.0002 0.8999 0.4701 0.8216 1.0233 0.7884 0.5593 0.8348 0.7829 0.5674
3250.328 0.7324 0.3447 0.364 0.6702 0.6711 0.5699 0.4118 0.3788 0.4279 0.2698
3269.617 0.2352 0.2882 0.2482 0.5049 0.5141 0.5889 0.6507 0.5662 0.5832 0.5673
3288.907 0.655 0.4083 0.6614 0.7732 0.4092 0.4778 0.692 0.6472 0.3875 0.5029
3308.197 1.0494 1.425 1.365 1.0233 0.8002 1.0799 1.126 0.7376 0.8669 0.9415
3327.487 0.79 1.215 1.685 1.725 1.435 0.9572 0.8997 1.165 1.375 1.585
3346.777 1.335 1.625 2.245 2.275 1.895 1.875 2.375 2.725 3.395 3.995
3366.066 4.265 4.645 5.165 6.085 7.125 8.145 9.575 11.245 12.985 15.065
3385.356 17.195 19.615 22.395 25.095 27.565 29.245 30.555 31.045 30.335 28.545
3404.646 25.665 22.165 18.565 15.175 12.165 9.695 8.095 6.975 6.415 5.565
3423.936 4.385 4.115 3.705 3.545 3.535 3.055 2.645 2.465 2.255 2.295
3443.225 2.565 2.115 1.795 2.085 2.245 2.325 2.285 2.225 2.045 1.795
3462.515 1.735 2.005 2.485 2.925 3.125 3.185 3.395 3.925 4.155 4.395
3481.805 4.785 5.435 6.345 7.025 7.555 8.195 9.075 9.985 11.085 11.985
3501.095 13.225 14.745 16.105 17.075 18.245 20.535 23.475 26.035 28.975 31.945
3520.385 34.055 34.905 33.795 31.245 27.345 22.085 16.705 12.405 8.915 6.515
3539.674 5.105 4.115 3.675 3.325 2.535 2.155 2.275 2.295 2.305 1.815
3558.964 1.575 1.855 1.495 0.8558 0.8809 1.077 1.155 1.625 1.685 1.335
3578.254 1.0199 1.0333 1.195 1.0131 0.8413 1.165 1.325 1.0945 1.245 1.475
3597.544 1.175 1.0278 1.0406 0.971 1.175 1.585 1.395 1.245 1.335 1.355
3616.833 1.485 0.8962 0.5964 0.8827 0.6899 0.7144 1.1016 1.0251 0.9593 0.5663
3636.123 0.2641 0.7985 1.185 1.235 1.305 1.345 0.9848 0.9552 1.415 1.305
3655.413 1.0778 0.9185 1.0227 1.093 1.0949 1.025 0.9596 0.9103 1.0252 1.0782
3674.703 0.8447 0.8544 0.8478 0.6623 0.8425 0.8415 0.3221 0.4702 0.6111 0.5353
3693.993 0.7487 0.6379 0.5305 0.3574 0.5299 1.185 1.225 1.0282 0.9624 0.8888
3713.282 0.7874 1.0246 1.245 0.8374 0.7207 1.0019 0.74 0.2655 0.0897 0.3846
3732.572 0.5478 0.7224 1.225 1.135 1.0001 1.024 0.7395 0.6445 0.6818 0.4338
3751.862 0.2449 0.12534 0.4841 0.9235 0.727 0.5478 0.8672 1.1065 0.6356 0.53
3771.152 0.9292 0.8485 0.7795 0.9722 0.8088 0.701 0.8261 0.9521 0.8851 0.7372
3790.441 0.7327 0.7504 0.5879 0.3997 0.3485 0.4194 0.3921 0.4567 0.5081 0.20961
3809.731 0.5572 0.8334 1.0287 1.0546 1.145 1.1178 0.6871 0.9639 1.0479 1.135
3829.021 1.495 1.295 1.083 0.8379 0.4583 0.6305 1.155 1.0798 0.7191 0.4686
3848.311 0.4674 0.4079 0.14538 0.419 0.6759 0.5221 0.4624 0.5936 0.675 0.8934
3867.601 0.5676 0.375 0.5127 0.5464 0.9072 0.9818 0.8192 0.569 0.21418 0.2946
3886.890 0.718 0.86 0.7497 0.7035 0.7336 0.8518 0.8329 0.9184 1.1296 1.0808
3906.180 1.455 1.335 0.786 0.6129 0.4091 0.331 0.4317 0.7927 0.9775 1.0312
3925.470 1.0389 0.9228 1.1234 0.5648 0 0.3995 0.8465 1.165 0.9941 1.101
3944.760 1.405 1.355 1.225 1.0278 0.9654 0.7686 0.5184 0.5209 0.9014 1.275
3964.049 1.0273 0.6047 0.6493 0.7436 0.8617 0.9519 0.7715 0.6217 0.4386 0.5717
3983.339 0.5553 0.3897 0.5031 0.8969 0.9575 1.165 1.1227 0.627 0.8873 1.02
##END=
