##TITLE=VALERIC ACID, 3-HYDROXY-2,2,4-TRIMETHYL-
##JCAMP-DX=4.24
##DATA TYPE=INFRARED SPECTRUM
##CLASS=COBLENTZ
##ORIGIN=TENNESSEE EASTMAN COMPANY, RESEARCH LABORATORIES
##OWNER=COBLENTZ SOCIETY
Collection (C) 2018 copyright by the U.S. Secretary of Commerce
on behalf of the United States of America. All rights reserved.
##DATE=Not specified, most likely prior to 1970
##NAMES=3-hydroxy-2,2,4-trimethylpentanoic acid
##CAS REGISTRY NO=35763-45-2
##MOLFORM=C8 H16 O3
##MP=95-98 C
##SOURCE REFERENCE=COBLENTZ NO. 1594
##$NIST SOURCE=COBLENTZ
##$NIST IMAGE=cob1594
##SPECTROMETER/DATA SYSTEM=Not specified, most likely a prism, grating, or hybrid spectrometer.
##STATE=SOLID (KBr PELLET)
##SAMPLING PROCEDURE=TRANSMISSION
##RESOLUTION=4
##DATA PROCESSING=DIGITIZED BY NIST FROM HARD COPY
##XUNITS=MICROMETERS
##YUNITS=TRANSMITTANCE
##XFACTOR=1.000000
##YFACTOR=1
##DELTAX=000.006826
##FIRSTX=2.027
##LASTX=15.9793
##FIRSTY=0.548
##MAXX=15.9793
##MINX=2.027
##MAXY=0.977
##MINY=0.042
##NPOINTS=2045
##XYDATA=(X++(Y..Y))
2.027000 0.5480 0.5500 0.5520 0.5520 0.5520
2.061146 0.5540 0.5590 0.5590 0.5620 0.5670
2.096000 0.5690 0.5690 0.5710 0.5720 0.5720
2.130146 0.5740 0.5760 0.5780 0.5790 0.5810
2.164000 0.5840 0.5860 0.5880 0.5880 0.5900
2.198146 0.5930 0.5950 0.5980 0.6000 0.6000
2.232000 0.6000 0.6020 0.6020 0.6020 0.6030
2.266146 0.6030 0.6050 0.6070 0.6070 0.6100
2.300000 0.6120 0.6170 0.6200 0.6220 0.6220
2.334146 0.6240 0.6240 0.6240 0.6240 0.6270
2.369000 0.6270 0.6270 0.6310 0.6340 0.6360
2.403146 0.6380 0.6380 0.6390 0.6390 0.6390
2.437000 0.6410 0.6410 0.6440 0.6460 0.6460
2.471146 0.6480 0.6500 0.6500 0.6500 0.6500
2.505000 0.6510 0.6530 0.6550 0.6560 0.6580
2.539146 0.6600 0.6620 0.6630 0.6650 0.6670
2.573000 0.6670 0.6680 0.6680 0.6680 0.6700
2.607146 0.6700 0.6700 0.6720 0.6720 0.6720
2.642000 0.6740 0.6750 0.6770 0.6770 0.6790
2.676146 0.6790 0.6790 0.6800 0.6800 0.6840
2.710000 0.6860 0.6860 0.6860 0.6860 0.6860
2.744146 0.6860 0.6860 0.6840 0.6820 0.6800
2.778000 0.6750 0.6720 0.6620 0.6560 0.6440
2.812146 0.6310 0.6200 0.6050 0.5980 0.5860
2.846000 0.5660 0.5360 0.5090 0.4690 0.3750
2.880146 0.3600 0.2910 0.2160 0.1490 0.0970
2.915000 0.0940 0.0970 0.1540 0.2210 0.2430
2.949146 0.3560 0.4130 0.4440 0.4800 0.4850
2.983000 0.5090 0.5330 0.5400 0.5540 0.5710
3.017146 0.5900 0.6000 0.6050 0.6190 0.6270
3.051000 0.6340 0.6380 0.6410 0.6440 0.6480
3.085146 0.6500 0.6480 0.6460 0.6440 0.6390
3.119000 0.6340 0.6310 0.6270 0.6240 0.6140
3.153146 0.6080 0.6000 0.5840 0.5740 0.5670
3.188000 0.5640 0.5600 0.5570 0.5550 0.5520
3.222146 0.5480 0.5400 0.5360 0.5300 0.5230
3.256000 0.5120 0.4930 0.4870 0.4780 0.4640
3.290146 0.4520 0.4390 0.4300 0.4150 0.4030
3.324000 0.3750 0.3430 0.2550 0.2290 0.1690
3.358146 0.1680 0.1710 0.1850 0.2000 0.2100
3.392000 0.2120 0.2170 0.2310 0.2520 0.2620
3.426146 0.2770 0.2960 0.3050 0.3130 0.3190
3.461000 0.3270 0.3340 0.3490 0.3770 0.3890
3.495146 0.4080 0.4080 0.4040 0.4010 0.3940
3.529000 0.3840 0.3820 0.3820 0.3840 0.3850
3.563146 0.3940 0.4010 0.4030 0.4060 0.4080
3.597000 0.4160 0.4210 0.4320 0.4400 0.4520
3.631146 0.4560 0.4570 0.4610 0.4630 0.4680
3.666000 0.4710 0.4760 0.4810 0.4830 0.4850
3.700146 0.4850 0.4850 0.4850 0.4810 0.4760
3.734000 0.4710 0.4690 0.4660 0.4610 0.4520
3.768146 0.4420 0.4320 0.4250 0.4180 0.4090
3.802000 0.4060 0.4030 0.4030 0.4010 0.4010
3.836146 0.4030 0.4060 0.4130 0.4180 0.4210
3.870000 0.4330 0.4370 0.4400 0.4450 0.4450
3.904146 0.4470 0.4470 0.4470 0.4510 0.4570
3.939000 0.4760 0.4950 0.5060 0.5140 0.5260
3.973146 0.5310 0.5430 0.5540 0.5600 0.5760
4.007000 0.5880 0.5930 0.6020 0.6080 0.6120
4.041146 0.6190 0.6240 0.6360 0.6440 0.6510
4.075000 0.6550 0.6620 0.6670 0.6740 0.6800
4.109146 0.6870 0.6960 0.7040 0.7130 0.7200
4.143000 0.7230 0.7300 0.7340 0.7390 0.7420
4.177146 0.7460 0.7490 0.7530 0.7560 0.7650
4.212000 0.7680 0.7710 0.7730 0.7750 0.7770
4.246146 0.7780 0.7800 0.7800 0.7820 0.7820
4.280000 0.7830 0.7870 0.7920 0.7940 0.7950
4.314146 0.8010 0.8020 0.8060 0.8130 0.8160
4.348000 0.8210 0.8210 0.8230 0.8260 0.8300
4.382146 0.8310 0.8330 0.8370 0.8380 0.8400
4.416000 0.8420 0.8420 0.8430 0.8430 0.8430
4.450146 0.8430 0.8450 0.8450 0.8450 0.8450
4.485000 0.8450 0.8450 0.8450 0.8470 0.8490
4.519146 0.8490 0.8490 0.8500 0.8500 0.8520
4.553000 0.8520 0.8540 0.8540 0.8570 0.8610
4.587146 0.8640 0.8640 0.8640 0.8640 0.8640
4.621000 0.8640 0.8620 0.8620 0.8620 0.8620
4.655146 0.8620 0.8640 0.8640 0.8640 0.8640
4.689000 0.8640 0.8640 0.8640 0.8640 0.8640
4.723146 0.8640 0.8640 0.8640 0.8640 0.8640
4.758000 0.8640 0.8640 0.8640 0.8690 0.8710
4.792146 0.8730 0.8730 0.8730 0.8730 0.8730
4.826000 0.8730 0.8730 0.8730 0.8730 0.8730
4.860146 0.8730 0.8730 0.8710 0.8710 0.8710
4.894000 0.8690 0.8690 0.8690 0.8690 0.8690
4.928146 0.8690 0.8690 0.8690 0.8690 0.8690
4.962000 0.8690 0.8690 0.8690 0.8690 0.8690
4.996146 0.8690 0.8710 0.8710 0.8730 0.8730
5.031000 0.8710 0.8690 0.8640 0.8640 0.8620
5.065146 0.8620 0.8620 0.8610 0.8610 0.8610
5.099000 0.8610 0.8610 0.8610 0.8590 0.8590
5.133146 0.8570 0.8570 0.8550 0.8550 0.8540
5.167000 0.8540 0.8540 0.8540 0.8520 0.8500
5.201146 0.8500 0.8490 0.8470 0.8470 0.8450
5.235000 0.8430 0.8430 0.8420 0.8420 0.8420
5.269146 0.8420 0.8420 0.8400 0.8380 0.8370
5.304000 0.8370 0.8350 0.8330 0.8330 0.8330
5.338146 0.8330 0.8330 0.8330 0.8330 0.8330
5.372000 0.8310 0.8310 0.8300 0.8300 0.8280
5.406146 0.8280 0.8260 0.8260 0.8260 0.8250
5.440000 0.8250 0.8230 0.8230 0.8230 0.8230
5.474146 0.8230 0.8210 0.8190 0.8180 0.8180
5.509000 0.8160 0.8160 0.8140 0.8130 0.8130
5.543146 0.8130 0.8110 0.8110 0.8090 0.8090
5.577000 0.8070 0.8070 0.8060 0.8040 0.8040
5.611146 0.8020 0.8010 0.7990 0.7970 0.7970
5.645000 0.7950 0.7920 0.7870 0.7850 0.7830
5.679146 0.7710 0.7650 0.7530 0.7420 0.7300
5.713000 0.7200 0.7160 0.7110 0.6860 0.6680
5.747146 0.6510 0.6500 0.5910 0.5470 0.5330
5.782000 0.5040 0.4800 0.3360 0.3010 0.2650
5.816146 0.2290 0.1380 0.0900 0.0610 0.0490
5.850000 0.0480 0.0420 0.0420 0.0540 0.0750
5.884146 0.0990 0.1400 0.1850 0.2310 0.2840
5.918000 0.3340 0.3610 0.3720 0.4160 0.4210
5.952146 0.5300 0.5350 0.6120 0.6580 0.6740
5.986000 0.6790 0.6920 0.7130 0.7280 0.7470
6.020146 0.7560 0.7630 0.7700 0.7800 0.7850
6.055000 0.7900 0.8020 0.8060 0.8110 0.8210
6.089146 0.8250 0.8280 0.8350 0.8420 0.8420
6.123000 0.8490 0.8490 0.8500 0.8540 0.8550
6.157146 0.8570 0.8610 0.8620 0.8620 0.8670
6.191000 0.8690 0.8710 0.8730 0.8740 0.8780
6.225146 0.8790 0.8810 0.8810 0.8830 0.8850
6.259000 0.8850 0.8900 0.8930 0.8970 0.8980
6.293146 0.9000 0.9000 0.9020 0.9070 0.9070
6.328000 0.9070 0.9070 0.9030 0.9020 0.9020
6.362146 0.9020 0.9020 0.9050 0.9070 0.9070
6.396000 0.9070 0.9070 0.9070 0.9070 0.9050
6.430146 0.9030 0.9020 0.9000 0.8980 0.8930
6.464000 0.8910 0.8900 0.8900 0.8880 0.8850
6.498146 0.8780 0.8710 0.8710 0.8660 0.8660
6.532000 0.8640 0.8640 0.8640 0.8660 0.8660
6.566146 0.8670 0.8730 0.8740 0.8830 0.8850
6.601000 0.8860 0.8880 0.8910 0.8910 0.8910
6.635146 0.8900 0.8900 0.8900 0.8900 0.8880
6.669000 0.8880 0.8860 0.8850 0.8660 0.8640
6.703146 0.8490 0.8470 0.7970 0.7180 0.7160
6.737000 0.6740 0.6140 0.5790 0.5710 0.5550
6.771146 0.5520 0.5500 0.5500 0.5500 0.5550
6.805000 0.5590 0.5600 0.5590 0.5590 0.5600
6.839146 0.5670 0.5810 0.5980 0.6190 0.6320
6.874000 0.6480 0.6550 0.6600 0.6770 0.6910
6.908146 0.7040 0.7200 0.7470 0.7540 0.7630
6.942000 0.7650 0.7700 0.7780 0.7780 0.7800
6.976146 0.7820 0.7830 0.7920 0.8010 0.8020
7.010000 0.8040 0.8070 0.8070 0.8090 0.8110
7.044146 0.8130 0.8140 0.8160 0.8160 0.8160
7.078000 0.8130 0.8070 0.8040 0.7900 0.7800
7.112146 0.7730 0.7580 0.7440 0.7130 0.7010
7.147000 0.6840 0.6700 0.6580 0.6460 0.6320
7.181146 0.6000 0.5670 0.5620 0.5620 0.5640
7.215000 0.5910 0.6120 0.6320 0.6360 0.6380
7.249146 0.6390 0.6430 0.6550 0.6750 0.6980
7.283000 0.7270 0.7490 0.7700 0.7780 0.7830
7.317146 0.7890 0.7900 0.7900 0.7900 0.7900
7.352000 0.7900 0.7920 0.8040 0.8110 0.8160
7.386146 0.8210 0.8250 0.8280 0.8250 0.8230
7.420000 0.8210 0.8140 0.8020 0.7940 0.7850
7.454146 0.7630 0.7530 0.7230 0.7130 0.6860
7.488000 0.6630 0.5760 0.5140 0.4390 0.3960
7.522146 0.3550 0.3190 0.2890 0.2880 0.2910
7.556000 0.3220 0.3600 0.3920 0.4640 0.5280
7.590146 0.5450 0.5840 0.6190 0.6360 0.6500
7.625000 0.6530 0.6600 0.6650 0.6800 0.6870
7.659146 0.6980 0.7080 0.7250 0.7420 0.7540
7.693000 0.7610 0.7610 0.7590 0.7560 0.7400
7.727146 0.7230 0.7130 0.6890 0.6550 0.6290
7.761000 0.5960 0.5710 0.5210 0.4850 0.4470
7.795146 0.4110 0.3820 0.3510 0.3410 0.3320
7.829000 0.3220 0.3130 0.3220 0.3480 0.3610
7.863146 0.4150 0.4490 0.4850 0.4920 0.5520
7.898000 0.5740 0.5930 0.6050 0.6170 0.6360
7.932146 0.6500 0.6630 0.6700 0.6860 0.6910
7.966000 0.6940 0.6940 0.6940 0.6910 0.6790
8.000146 0.6630 0.6500 0.6410 0.6310 0.6240
8.034000 0.6190 0.6150 0.6140 0.6120 0.6120
8.068146 0.6290 0.6390 0.6500 0.6560 0.6720
8.102000 0.6800 0.6920 0.7010 0.7060 0.7160
8.136146 0.7250 0.7340 0.7400 0.7440 0.7470
8.171000 0.7470 0.7470 0.7470 0.7470 0.7340
8.205146 0.7220 0.7080 0.6960 0.6800 0.6720
8.239000 0.6650 0.6580 0.6560 0.6600 0.6700
8.273146 0.6840 0.7010 0.7150 0.7300 0.7440
8.307000 0.7610 0.7990 0.7990 0.7970 0.7950
8.341146 0.7920 0.7920 0.7940 0.7970 0.7990
8.375000 0.7990 0.7990 0.7990 0.7950 0.7870
8.409146 0.7710 0.7700 0.7590 0.7440 0.7270
8.444000 0.7110 0.6430 0.6290 0.6070 0.5880
8.478146 0.5810 0.5790 0.5790 0.5900 0.6020
8.512000 0.6270 0.6460 0.6510 0.6600 0.6630
8.546146 0.6630 0.6580 0.6140 0.5900 0.5620
8.580000 0.5350 0.5070 0.5060 0.4540 0.3580
8.614146 0.3410 0.3070 0.2930 0.2740 0.2740
8.648000 0.2770 0.2930 0.3120 0.3200 0.3340
8.682146 0.4560 0.4950 0.5450 0.5810 0.6100
8.717000 0.6560 0.6910 0.7060 0.7180 0.7530
8.751146 0.7700 0.7820 0.7870 0.7970 0.8020
8.785000 0.8130 0.8160 0.8190 0.8250 0.8280
8.819146 0.8300 0.8300 0.8280 0.8260 0.8230
8.853000 0.8210 0.8190 0.8180 0.8160 0.8160
8.887146 0.8160 0.8160 0.8180 0.8190 0.8190
8.922000 0.8210 0.8230 0.8250 0.8260 0.8260
8.956146 0.8300 0.8350 0.8400 0.8430 0.8490
8.990000 0.8490 0.8500 0.8520 0.8570 0.8690
9.024146 0.8710 0.8730 0.8760 0.8780 0.8790
9.058000 0.8810 0.8830 0.8850 0.8850 0.8830
9.092146 0.8830 0.8810 0.8790 0.8740 0.8710
9.126000 0.8660 0.8570 0.8520 0.8490 0.8430
9.160146 0.8420 0.8420 0.8420 0.8430 0.8520
9.195000 0.8590 0.8610 0.8660 0.8710 0.8760
9.229146 0.8850 0.8860 0.8910 0.8930 0.8950
9.263000 0.8970 0.8980 0.9000 0.9000 0.9000
9.297146 0.9000 0.9000 0.9000 0.9000 0.9000
9.331000 0.9000 0.9000 0.9000 0.9000 0.9000
9.365146 0.9000 0.8980 0.8980 0.8980 0.8980
9.399000 0.8980 0.8970 0.8950 0.8930 0.8930
9.433146 0.8910 0.8900 0.8850 0.8850 0.8790
9.468000 0.8730 0.8730 0.8670 0.8660 0.8610
9.502146 0.8570 0.8540 0.8540 0.8520 0.8500
9.536000 0.8420 0.8350 0.8310 0.8250 0.8210
9.570146 0.8140 0.8040 0.7970 0.7830 0.7590
9.604000 0.7300 0.7010 0.6700 0.6680 0.6620
9.638146 0.6070 0.5860 0.5420 0.4710 0.4270
9.672000 0.3910 0.3240 0.2890 0.2460 0.2120
9.706146 0.2000 0.1680 0.1560 0.1470 0.1420
9.741000 0.1400 0.1420 0.1500 0.1710 0.1930
9.775146 0.2120 0.2570 0.2880 0.3170 0.3460
9.809000 0.3750 0.4040 0.4300 0.5380 0.5600
9.843146 0.6030 0.6190 0.6460 0.6580 0.6750
9.877000 0.6870 0.6980 0.7010 0.7060 0.7080
9.911146 0.7080 0.7010 0.6960 0.6920 0.6890
9.945000 0.6870 0.6870 0.6890 0.6920 0.6960
9.979146 0.6990 0.7100 0.7130 0.7160 0.7130
10.014000 0.6990 0.6770 0.6580 0.6310 0.5960
10.048146 0.5590 0.5160 0.4730 0.4320 0.3920
10.082000 0.3580 0.3480 0.3320 0.3310 0.3310
10.116146 0.3410 0.3730 0.3990 0.4300 0.4630
10.150000 0.4800 0.4850 0.5430 0.5640 0.5780
10.184146 0.5960 0.6170 0.6410 0.6630 0.6840
10.218000 0.7030 0.7150 0.7180 0.7250 0.7370
10.252146 0.7440 0.7470 0.7530 0.7530 0.7580
10.287000 0.7580 0.7580 0.7580 0.7580 0.7560
10.321146 0.7540 0.7530 0.7420 0.7340 0.7220
10.355000 0.7080 0.6990 0.6820 0.6720 0.6560
10.389146 0.6480 0.6410 0.6340 0.6290 0.6240
10.423000 0.6220 0.6220 0.6220 0.6220 0.6260
10.457146 0.6360 0.6440 0.6530 0.6740 0.6840
10.491000 0.6920 0.6940 0.6960 0.6990 0.7010
10.525146 0.7010 0.6990 0.6940 0.6840 0.6740
10.560000 0.6580 0.6360 0.6220 0.6030 0.5910
10.594146 0.5840 0.5790 0.5740 0.5740 0.5740
10.628000 0.6020 0.6120 0.6220 0.6290 0.6560
10.662146 0.6700 0.6860 0.7060 0.7110 0.7220
10.696000 0.7370 0.7390 0.7400 0.7420 0.7530
10.730146 0.7540 0.7540 0.7540 0.7540 0.7540
10.765000 0.7530 0.7530 0.7530 0.7510 0.7400
10.799146 0.7350 0.7320 0.7300 0.7320 0.7340
10.833000 0.7420 0.7470 0.7510 0.7530 0.7540
10.867146 0.7560 0.7580 0.7610 0.7630 0.7650
10.901000 0.7680 0.7680 0.7700 0.7710 0.7710
10.935146 0.7730 0.7750 0.7750 0.7750 0.7750
10.969000 0.7750 0.7750 0.7750 0.7750 0.7750
11.003146 0.7750 0.7730 0.7710 0.7710 0.7710
11.038000 0.7700 0.7700 0.7700 0.7680 0.7680
11.072146 0.7660 0.7660 0.7650 0.7650 0.7650
11.106000 0.7650 0.7630 0.7630 0.7610 0.7610
11.140146 0.7590 0.7590 0.7590 0.7590 0.7590
11.174000 0.7590 0.7590 0.7610 0.7630 0.7650
11.208146 0.7660 0.7660 0.7680 0.7700 0.7730
11.242000 0.7750 0.7770 0.7780 0.7800 0.7800
11.276146 0.7830 0.7850 0.7870 0.7870 0.7890
11.311000 0.7890 0.7920 0.7920 0.7920 0.7920
11.345146 0.7920 0.7900 0.7870 0.7780 0.7700
11.379000 0.7580 0.7460 0.7300 0.7160 0.6990
11.413146 0.6840 0.6720 0.6650 0.6630 0.6630
11.447000 0.6620 0.6620 0.6630 0.6700 0.6800
11.481146 0.6870 0.6990 0.7080 0.7160 0.7270
11.515000 0.7340 0.7510 0.7630 0.7710 0.7800
11.549146 0.7850 0.7940 0.8020 0.8110 0.8130
11.584000 0.8210 0.8280 0.8330 0.8350 0.8400
11.618146 0.8490 0.8520 0.8540 0.8540 0.8590
11.652000 0.8670 0.8710 0.8730 0.8760 0.8790
11.686146 0.8810 0.8830 0.8850 0.8850 0.8860
11.720000 0.8860 0.8860 0.8880 0.8880 0.8880
11.754146 0.8880 0.8900 0.8910 0.8950 0.8970
11.788000 0.9000 0.9000 0.9000 0.9020 0.9020
11.822146 0.9020 0.9020 0.9000 0.9000 0.9000
11.857000 0.9000 0.8970 0.8910 0.8860 0.8780
11.891146 0.8710 0.8620 0.8550 0.8430 0.8400
11.925000 0.8350 0.8280 0.8230 0.8140 0.8110
11.959146 0.8040 0.8010 0.7990 0.8010 0.8010
11.993000 0.8060 0.8110 0.8180 0.8230 0.8300
12.027146 0.8370 0.8430 0.8520 0.8590 0.8660
12.061000 0.8710 0.8810 0.8810 0.8850 0.8880
12.095146 0.8910 0.8970 0.9000 0.9000 0.9020
12.130000 0.9030 0.9070 0.9100 0.9140 0.9140
12.164146 0.9150 0.9150 0.9170 0.9190 0.9190
12.198000 0.9210 0.9220 0.9240 0.9260 0.9270
12.232146 0.9290 0.9310 0.9310 0.9330 0.9330
12.266000 0.9360 0.9360 0.9380 0.9380 0.9390
12.300146 0.9390 0.9410 0.9410 0.9430 0.9450
12.334000 0.9460 0.9460 0.9480 0.9480 0.9500
12.368146 0.9500 0.9510 0.9510 0.9530 0.9530
12.403000 0.9550 0.9550 0.9570 0.9580 0.9600
12.437146 0.9620 0.9620 0.9620 0.9650 0.9650
12.471000 0.9670 0.9670 0.9690 0.9690 0.9690
12.505146 0.9690 0.9690 0.9690 0.9690 0.9690
12.539000 0.9690 0.9690 0.9690 0.9690 0.9690
12.573146 0.9690 0.9690 0.9690 0.9700 0.9700
12.608000 0.9700 0.9700 0.9700 0.9720 0.9720
12.642146 0.9720 0.9720 0.9720 0.9740 0.9740
12.676000 0.9740 0.9740 0.9740 0.9750 0.9750
12.710146 0.9750 0.9750 0.9750 0.9750 0.9750
12.744000 0.9770 0.9770 0.9770 0.9770 0.9770
12.778146 0.9770 0.9770 0.9740 0.9740 0.9720
12.812000 0.9700 0.9690 0.9620 0.9600 0.9580
12.846146 0.9530 0.9510 0.9500 0.9480 0.9450
12.881000 0.9450 0.9430 0.9430 0.9430 0.9430
12.915146 0.9450 0.9450 0.9450 0.9460 0.9460
12.949000 0.9460 0.9460 0.9460 0.9460 0.9450
12.983146 0.9450 0.9450 0.9410 0.9390 0.9340
13.017000 0.9290 0.9220 0.9170 0.9100 0.9050
13.051146 0.8980 0.8950 0.8900 0.8900 0.8880
13.085000 0.8880 0.8880 0.8880 0.8880 0.8910
13.119146 0.8980 0.9030 0.9100 0.9170 0.9240
13.154000 0.9310 0.9340 0.9390 0.9430 0.9460
13.188146 0.9500 0.9510 0.9510 0.9550 0.9580
13.222000 0.9600 0.9600 0.9620 0.9630 0.9630
13.256146 0.9630 0.9630 0.9650 0.9650 0.9650
13.290000 0.9670 0.9670 0.9670 0.9690 0.9690
13.324146 0.9690 0.9690 0.9700 0.9700 0.9720
13.358000 0.9740 0.9740 0.9750 0.9750 0.9770
13.392146 0.9770 0.9770 0.9770 0.9770 0.9770
13.427000 0.9770 0.9770 0.9770 0.9770 0.9770
13.461146 0.9770 0.9770 0.9770 0.9770 0.9770
13.495000 0.9770 0.9770 0.9770 0.9770 0.9770
13.529146 0.9770 0.9770 0.9770 0.9770 0.9770
13.563000 0.9770 0.9770 0.9770 0.9770 0.9770
13.597146 0.9770 0.9770 0.9770 0.9750 0.9750
13.631000 0.9750 0.9750 0.9750 0.9750 0.9750
13.665146 0.9740 0.9740 0.9740 0.9740 0.9720
13.700000 0.9720 0.9720 0.9720 0.9720 0.9720
13.734146 0.9720 0.9720 0.9720 0.9720 0.9720
13.768000 0.9720 0.9720 0.9720 0.9720 0.9720
13.802146 0.9720 0.9720 0.9720 0.9720 0.9720
13.836000 0.9720 0.9720 0.9720 0.9720 0.9720
13.870146 0.9720 0.9720 0.9720 0.9720 0.9720
13.904000 0.9720 0.9720 0.9720 0.9700 0.9700
13.938146 0.9700 0.9690 0.9690 0.9690 0.9690
13.973000 0.9670 0.9670 0.9670 0.9670 0.9670
14.007146 0.9670 0.9650 0.9650 0.9630 0.9630
14.041000 0.9620 0.9620 0.9620 0.9620 0.9600
14.075146 0.9600 0.9600 0.9600 0.9600 0.9600
14.109000 0.9580 0.9580 0.9580 0.9580 0.9580
14.143146 0.9580 0.9580 0.9570 0.9570 0.9570
14.177000 0.9570 0.9570 0.9570 0.9550 0.9550
14.211146 0.9550 0.9550 0.9550 0.9550 0.9530
14.246000 0.9530 0.9550 0.9550 0.9550 0.9550
14.280146 0.9550 0.9550 0.9550 0.9550 0.9550
14.314000 0.9550 0.9510 0.9510 0.9510 0.9500
14.348146 0.9480 0.9480 0.9460 0.9460 0.9450
14.382000 0.9450 0.9430 0.9410 0.9390 0.9390
14.416146 0.9380 0.9340 0.9340 0.9330 0.9330
14.451000 0.9310 0.9310 0.9310 0.9290 0.9260
14.485146 0.9240 0.9220 0.9190 0.9190 0.9170
14.519000 0.9150 0.9140 0.9120 0.9100 0.9090
14.553146 0.9050 0.9030 0.9020 0.9020 0.8980
14.587000 0.8980 0.8930 0.8880 0.8850 0.8810
14.621146 0.8710 0.8640 0.8610 0.8540 0.8500
14.655000 0.8420 0.8380 0.8330 0.8250 0.8230
14.689146 0.8160 0.8060 0.8010 0.7900 0.7780
14.724000 0.7700 0.7610 0.7510 0.7420 0.7300
14.758146 0.7180 0.7100 0.6790 0.6740 0.6500
14.792000 0.6480 0.6380 0.6320 0.6020 0.5830
14.826146 0.5640 0.5600 0.5540 0.5430 0.5330
14.860000 0.5260 0.5190 0.5160 0.5140 0.5120
14.894146 0.5120 0.5120 0.5140 0.5190 0.5300
14.928000 0.5360 0.5430 0.5500 0.5600 0.5710
14.962146 0.5810 0.6000 0.6070 0.6240 0.6360
14.997000 0.6480 0.6630 0.6820 0.7010 0.7100
15.031146 0.7230 0.7350 0.7350 0.7530 0.7650
15.065000 0.7680 0.7730 0.7800 0.7820 0.7900
15.099146 0.7940 0.7990 0.8010 0.8010 0.8020
15.133000 0.8020 0.8040 0.8040 0.8060 0.8070
15.167146 0.8090 0.8110 0.8130 0.8130 0.8130
15.201000 0.8130 0.8140 0.8140 0.8140 0.8140
15.235146 0.8140 0.8140 0.8140 0.8140 0.8140
15.270000 0.8140 0.8140 0.8140 0.8130 0.8110
15.304146 0.8090 0.8090 0.8090 0.8070 0.8060
15.338000 0.8020 0.8020 0.8010 0.7990 0.7990
15.372146 0.7990 0.7970 0.7950 0.7940 0.7920
15.406000 0.7920 0.7920 0.7920 0.7920 0.7920
15.440146 0.7900 0.7900 0.7890 0.7870 0.7870
15.474000 0.7850 0.7850 0.7830 0.7820 0.7820
15.508146 0.7800 0.7780 0.7780 0.7780 0.7780
15.543000 0.7770 0.7770 0.7770 0.7770 0.7750
15.577146 0.7730 0.7730 0.7710 0.7700 0.7700
15.611000 0.7680 0.7660 0.7660 0.7650 0.7650
15.645146 0.7630 0.7630 0.7630 0.7630 0.7630
15.679000 0.7610 0.7590 0.7590 0.7590 0.7560
15.713146 0.7560 0.7560 0.7540 0.7540 0.7540
15.747000 0.7530 0.7530 0.7510 0.7510 0.7490
15.781146 0.7490 0.7470 0.7470 0.7470 0.7470
15.816000 0.7440 0.7440 0.7400 0.7400 0.7400
15.850146 0.7390 0.7390 0.7370 0.7350 0.7350
15.884000 0.7350 0.7340 0.7320 0.7300 0.7300
15.918146 0.7280 0.7270 0.7250 0.7250 0.7250
15.952000 0.7230 0.7220 0.7230 0.7230 0.7230
##END=
