##TITLE=4-PIPERIDINOL, 2,2,6,6-TETRAMETHYL-, 1-OXIDE
##JCAMP-DX=4.24
##DATA TYPE=INFRARED SPECTRUM
##CLASS=COBLENTZ III
##ORIGIN=WESTERN REGIONAL RES. USDA
##OWNER=COBLENTZ SOCIETY
Collection (C) 2018 copyright by the U.S. Secretary of Commerce
on behalf of the United States of America. All rights reserved.
##DATE=1967/02/17
##NAMES=2,2,6,6-tetramethyl-1,4-piperidinediol
##CAS REGISTRY NO=3637-10-3
##MOLFORM=C9 H19 N O2
##SOURCE REFERENCE=COBLENTZ NO. 10428
##$NIST SOURCE=COBLENTZ
##$NIST IMAGE=cob10428
##SPECTROMETER/DATA SYSTEM=CARY 90 (GRATING)
##INSTRUMENT PARAMETERS=GRATING CHANGES AT 3000, 2000, 1200 CM^-^1
##STATE=SOLUTION (10% IN CCl4 FOR 4000-1310, LESS THAN 10% IN CS2 FOR 1310-450 CM^-^1) VS. AIR
##PATH LENGTH=0.010, 0.011 CM
$$SPECTRAL CONTAMINATION DUE TO CCl4 AROUND 1550, AND CS2 AROUND 850 CM^-^1
##SAMPLING PROCEDURE=TRANSMISSION
##RESOLUTION=4
##DATA PROCESSING=DIGITIZED BY NIST FROM HARD COPY (FROM TWO SEGMENTS)
##XUNITS=1/CM
##YUNITS=TRANSMITTANCE
##XFACTOR=1.000000
##YFACTOR=1
##DELTAX=0.916906
##FIRSTX=449.513
##LASTX=3969.51
##FIRSTY=0.436
##MAXX=3969.51
##MINX=449.513
##MAXY=0.917
##MINY=0.115
##NPOINTS=3840
##XYDATA=(X++(Y..Y))
449.513000 0.4360 0.4390 0.4410 0.4440 0.4460
454.097528 0.4480 0.4360 0.4390 0.4410 0.4440
458.682056 0.4460 0.4480 0.4490 0.4520 0.4540
463.266585 0.4550 0.4570 0.4580 0.4640 0.4720
467.851113 0.4730 0.4760 0.4770 0.4810 0.4860
472.435641 0.4900 0.4950 0.4980 0.5010 0.5020
477.020169 0.5040 0.5060 0.5090 0.5110 0.5120
481.604698 0.5140 0.5170 0.5190 0.5190 0.5220
486.189226 0.5280 0.5310 0.5350 0.5380 0.5410
490.773754 0.5430 0.5440 0.5440 0.5450 0.5460
495.358282 0.5490 0.5510 0.5520 0.5540 0.5540
499.942811 0.5580 0.5610 0.5660 0.5690 0.5710
504.527339 0.5740 0.5760 0.5760 0.5770 0.5780
509.111867 0.5810 0.5820 0.5830 0.5840 0.5840
513.696395 0.5850 0.5860 0.5870 0.5870 0.5890
518.280923 0.5910 0.5930 0.5940 0.5950 0.5980
522.865452 0.5990 0.6000 0.6010 0.6030 0.6050
527.449980 0.6060 0.6060 0.6070 0.6070 0.6090
532.034508 0.6090 0.6110 0.6140 0.6150 0.6230
536.619036 0.6270 0.6320 0.6330 0.6350 0.6350
541.203565 0.6350 0.6350 0.6360 0.6380 0.6380
545.788093 0.6380 0.6380 0.6390 0.6390 0.6390
550.372621 0.6400 0.6400 0.6400 0.6400 0.6400
554.957149 0.6400 0.6400 0.6400 0.6400 0.6410
559.541678 0.6410 0.6420 0.6430 0.6440 0.6460
564.126206 0.6480 0.6520 0.6540 0.6570 0.6590
568.710734 0.6580 0.6540 0.6480 0.6410 0.6360
573.295262 0.5991 0.5860 0.5860 0.5969 0.6129
577.879790 0.6250 0.6320 0.6470 0.6520 0.6580
582.464319 0.6600 0.6630 0.6660 0.6700 0.6750
587.048847 0.6790 0.6810 0.6830 0.6840 0.6860
591.633375 0.6860 0.6870 0.6890 0.6910 0.6940
596.217903 0.6950 0.6960 0.6990 0.7000 0.7020
600.802432 0.7020 0.7030 0.7040 0.7040 0.7050
605.386960 0.7070 0.7110 0.7110 0.7120 0.7120
609.971488 0.7130 0.7130 0.7140 0.7150 0.7160
614.556016 0.7160 0.7180 0.7180 0.7190 0.7190
619.140545 0.7200 0.7200 0.7210 0.7210 0.7220
623.725073 0.7220 0.7230 0.7230 0.7230 0.7230
628.309601 0.7240 0.7260 0.7260 0.7270 0.7270
632.894129 0.7280 0.7280 0.7280 0.7270 0.7270
637.478658 0.7270 0.7260 0.7260 0.7240 0.7220
642.063186 0.7210 0.7210 0.7190 0.7180 0.7150
646.647714 0.7140 0.7120 0.7110 0.7100 0.7080
651.232242 0.7070 0.7070 0.7050 0.7030 0.6990
655.816770 0.6970 0.6950 0.6940 0.6950 0.6980
660.401299 0.7020 0.7040 0.7060 0.7110 0.7160
664.985827 0.7200 0.7230 0.7260 0.7280 0.7290
669.570355 0.7290 0.7300 0.7310 0.7310 0.7320
674.154883 0.7340 0.7340 0.7340 0.7310 0.7230
678.739412 0.7180 0.7150 0.7050 0.6860 0.6541
683.323940 0.6360 0.6210 0.6210 0.6359 0.6599
687.908468 0.6650 0.6680 0.6900 0.7120 0.7220
692.492996 0.7300 0.7370 0.7430 0.7470 0.7500
697.077525 0.7520 0.7540 0.7560 0.7590 0.7600
701.662053 0.7610 0.7620 0.7630 0.7640 0.7650
706.246581 0.7670 0.7680 0.7690 0.7690 0.7700
710.831109 0.7700 0.7720 0.7730 0.7750 0.7760
715.415637 0.7760 0.7760 0.7770 0.7770 0.7790
720.000166 0.7790 0.7790 0.7800 0.7800 0.7810
724.584694 0.7810 0.7830 0.7830 0.7840 0.7850
729.169222 0.7850 0.7850 0.7860 0.7860 0.7870
733.753750 0.7870 0.7880 0.7890 0.7890 0.7890
738.338279 0.7890 0.7910 0.7910 0.7920 0.7930
742.922807 0.7940 0.7950 0.7950 0.7960 0.7970
747.507335 0.7970 0.7970 0.7990 0.7990 0.7990
752.091863 0.7990 0.8000 0.8000 0.8000 0.8000
756.676392 0.8000 0.8000 0.8000 0.8000 0.8000
761.260920 0.8000 0.8000 0.8000 0.8010 0.8010
765.845448 0.8010 0.8010 0.8010 0.8010 0.8020
770.429976 0.8020 0.8030 0.8030 0.8030 0.8030
775.014504 0.8030 0.8030 0.8030 0.8030 0.8030
779.599033 0.8030 0.8030 0.8030 0.8020 0.8020
784.183561 0.8020 0.8020 0.8020 0.8010 0.7990
788.768089 0.7990 0.7970 0.7970 0.7970 0.7970
793.352617 0.7970 0.7970 0.7970 0.7990 0.7990
797.937146 0.7990 0.8000 0.8010 0.8010 0.8010
802.521674 0.8010 0.8010 0.8010 0.8020 0.8020
807.106202 0.8020 0.8010 0.8010 0.8010 0.8000
811.690730 0.7970 0.7970 0.7960 0.7960 0.7960
816.275259 0.7970 0.7990 0.7990 0.8000 0.8000
820.859787 0.8010 0.8020 0.8020 0.8030 0.8030
825.444315 0.8040 0.8040 0.8040 0.8040 0.8040
830.028843 0.8040 0.8030 0.8020 0.8020 0.8000
834.613371 0.8000 0.7990 0.7970 0.7960 0.7940
839.197900 0.7920 0.7890 0.7860 0.7840 0.7790
843.782428 0.7760 0.7700 0.7630 0.7470 0.7370
848.366956 0.7280 0.7180 0.7080 0.6980 0.6900
852.951484 0.6830 0.6760 0.6720 0.6650 0.6630
857.536013 0.6600 0.6590 0.6600 0.6630 0.6650
862.120541 0.6660 0.6670 0.6700 0.6720 0.6750
866.705069 0.6790 0.6810 0.6820 0.6840 0.6870
871.289597 0.6890 0.6910 0.6950 0.6990 0.7040
875.874126 0.7080 0.7120 0.7150 0.7190 0.7220
880.458654 0.7260 0.7290 0.7320 0.7370 0.7400
885.043182 0.7440 0.7470 0.7500 0.7510 0.7540
889.627710 0.7590 0.7610 0.7640 0.7680 0.7710
894.212238 0.7750 0.7770 0.7790 0.7830 0.7840
898.796767 0.7850 0.7850 0.7840 0.7810 0.7790
903.381295 0.7461 0.7360 0.6992 0.6970 0.6980
907.965823 0.7080 0.7190 0.7290 0.7400 0.7510
912.550351 0.7610 0.7789 0.7909 0.7970 0.8010
917.134880 0.8030 0.8070 0.8070 0.8090 0.8100
921.719408 0.8100 0.8110 0.8110 0.8120 0.8120
926.303936 0.8130 0.8130 0.8130 0.8120 0.8120
930.888464 0.8100 0.8080 0.8070 0.8040 0.8030
935.472993 0.8020 0.8000 0.7970 0.7960 0.7940
940.057521 0.7920 0.7910 0.7890 0.7910 0.7930
944.642049 0.7990 0.8000 0.8020 0.8030 0.8040
949.226577 0.8070 0.8080 0.8080 0.8080 0.8080
953.811105 0.8070 0.8070 0.8050 0.8040 0.8020
958.395634 0.7970 0.7940 0.7890 0.7850 0.7810
962.980162 0.7780 0.7750 0.7690 0.7680 0.7690
967.564690 0.7730 0.7760 0.7800 0.7840 0.7930
972.149218 0.7990 0.8020 0.8040 0.8070 0.8090
976.733747 0.8110 0.8120 0.8130 0.8130 0.8130
981.318275 0.8130 0.8130 0.8130 0.8130 0.8120
985.902803 0.8110 0.8070 0.8030 0.7990 0.7930
990.487331 0.7870 0.7750 0.7390 0.7340 0.7340
995.071860 0.7450 0.7520 0.7570 0.7709 0.7780
999.656388 0.7840 0.7860 0.7910 0.7960 0.7990
1004.240916 0.8000 0.8010 0.8010 0.8020 0.8020
1008.825444 0.8020 0.8020 0.8020 0.8020 0.8020
1013.409973 0.8020 0.8020 0.8010 0.8010 0.8000
1017.994501 0.7970 0.7940 0.7910 0.7870 0.7850
1022.579029 0.7830 0.7790 0.7750 0.7690 0.7620
1027.163557 0.7470 0.7370 0.7260 0.7160 0.7150
1031.748085 0.7100 0.7050 0.7030 0.7040 0.7110
1036.332614 0.7180 0.7240 0.7290 0.7360 0.7370
1040.917142 0.7380 0.7370 0.7360 0.7151 0.6841
1045.501670 0.6429 0.5310 0.5000 0.4920 0.4770
1050.086198 0.4770 0.4930 0.5089 0.5379 0.5509
1054.670727 0.5570 0.5740 0.5900 0.5930 0.5970
1059.255255 0.5990 0.6030 0.6110 0.6190 0.6279
1063.839783 0.6400 0.6510 0.6640 0.6710 0.6780
1068.424311 0.6920 0.7069 0.7229 0.7320 0.7429
1073.008840 0.7470 0.7520 0.7600 0.7670 0.7720
1077.593368 0.7770 0.7780 0.7780 0.7790 0.7780
1082.177896 0.7750 0.7690 0.7610 0.7321 0.7300
1086.762424 0.7320 0.7459 0.7480 0.7510 0.7639
1091.346952 0.7710 0.7770 0.7800 0.7840 0.7860
1095.931481 0.7880 0.7910 0.7930 0.7940 0.7950
1100.516009 0.7960 0.7970 0.7990 0.7990 0.8000
1105.100537 0.8010 0.8010 0.8010 0.8020 0.8020
1109.685065 0.8030 0.8030 0.8040 0.8040 0.8050
1114.269594 0.8070 0.8080 0.8080 0.8080 0.8090
1118.854122 0.8090 0.8090 0.8090 0.8090 0.8090
1123.438650 0.8090 0.8080 0.8080 0.8080 0.8070
1128.023178 0.8070 0.8070 0.8050 0.8050 0.8030
1132.607707 0.8010 0.8000 0.8000 0.7990 0.7990
1137.192235 0.7960 0.7930 0.7910 0.7880 0.7860
1141.776763 0.7840 0.7830 0.7800 0.7780 0.7760
1146.361291 0.7730 0.7710 0.7680 0.7680 0.7650
1150.945819 0.7630 0.7600 0.7570 0.7500 0.7460
1155.530348 0.7440 0.7400 0.7390 0.7370 0.7320
1160.114876 0.7280 0.7220 0.7180 0.7110 0.7050
1164.699404 0.6990 0.6940 0.6870 0.6800 0.6740
1169.283932 0.6620 0.6550 0.6480 0.6420 0.6301
1173.868461 0.6170 0.6130 0.6030 0.5810 0.5810
1178.452989 0.5860 0.5910 0.5940 0.5990 0.6030
1183.037517 0.6140 0.6220 0.6330 0.6420 0.6520
1187.622045 0.6620 0.6680 0.6740 0.6889 0.7029
1192.206574 0.7120 0.7230 0.7400 0.7500 0.7530
1196.791102 0.7550 0.7590 0.7620 0.7640 0.7670
1201.375630 0.7690 0.7720 0.7770 0.7810 0.7870
1205.960158 0.7930 0.7950 0.7990 0.8010 0.8020
1210.544686 0.8020 0.7990 0.7930 0.7870 0.7790
1215.129215 0.7720 0.7600 0.7480 0.7311 0.7181
1219.713743 0.7070 0.7050 0.7070 0.7140 0.7210
1224.298271 0.7320 0.7380 0.7440 0.7450 0.7450
1228.882799 0.7420 0.7400 0.7380 0.7350 0.7310
1233.467328 0.7280 0.7240 0.7200 0.7140 0.7080
1238.051856 0.7000 0.6910 0.6800 0.6511 0.6340
1242.636384 0.6131 0.5921 0.5910 0.5920 0.6079
1247.220912 0.6230 0.6380 0.6560 0.6650 0.6730
1251.805441 0.6899 0.7030 0.7120 0.7180 0.7210
1256.389969 0.7220 0.7230 0.7240 0.7260 0.7290
1260.974497 0.7300 0.7350 0.7420 0.7460 0.7500
1265.559025 0.7520 0.7530 0.7550 0.7560 0.7590
1270.143553 0.7620 0.7650 0.7650 0.7670 0.7680
1274.728082 0.7680 0.7680 0.7680 0.7680 0.7680
1279.312610 0.7690 0.7690 0.7690 0.7690 0.7690
1283.897138 0.7690 0.7690 0.7690 0.7690 0.7690
1288.481666 0.7690 0.7690 0.7690 0.7690 0.7690
1293.066195 0.7690 0.7690 0.7690 0.7680 0.7680
1297.650723 0.7680 0.7680 0.7680 0.7680 0.7680
1302.235251 0.7670 0.7670 0.7670 0.7670 0.7670
1306.819779 0.7670 0.7650 0.7640 0.7630 0.7630
1311.404308 0.7630 0.7620 0.7610 0.7600 0.7590
1315.988836 0.7570 0.7550 0.7550 0.7440 0.7380
1320.573364 0.7320 0.7270 0.7180 0.7040 0.6890
1325.157892 0.6780 0.6571 0.6401 0.6251 0.6111
1329.742420 0.5820 0.5670 0.5490 0.5280 0.4861
1334.326949 0.4820 0.4820 0.4890 0.4930 0.5000
1338.911477 0.5010 0.5010 0.5070 0.5090 0.5130
1343.496005 0.5150 0.5130 0.5110 0.4931 0.4860
1348.080533 0.4820 0.4770 0.4660 0.4470 0.4280
1352.665062 0.4150 0.4120 0.4080 0.3990 0.3881
1357.249590 0.3730 0.2950 0.2750 0.2360 0.2360
1361.834118 0.2530 0.2690 0.3198 0.3389 0.3559
1366.418646 0.3930 0.4150 0.4370 0.4730 0.4840
1371.003175 0.4860 0.4651 0.4441 0.4022 0.3721
1375.587703 0.3600 0.3440 0.3440 0.3830 0.4060
1380.172231 0.4280 0.4579 0.4700 0.4949 0.5199
1384.756759 0.5750 0.5910 0.6060 0.6090 0.6100
1389.341288 0.6130 0.6140 0.6170 0.6220 0.6300
1393.925816 0.6430 0.6550 0.6650 0.6700 0.6730
1398.510344 0.6810 0.6890 0.6950 0.7000 0.7060
1403.094872 0.7120 0.7180 0.7220 0.7230 0.7240
1407.679400 0.7240 0.7240 0.7230 0.7220 0.7210
1412.263929 0.7210 0.7190 0.7160 0.7120 0.7080
1416.848457 0.7040 0.7000 0.6980 0.6950 0.6920
1421.432985 0.6910 0.6890 0.6870 0.6860 0.6840
1426.017513 0.6820 0.6750 0.6720 0.6630 0.6600
1430.602042 0.6510 0.6350 0.6350 0.6510 0.6520
1435.186570 0.6510 0.6490 0.6470 0.6420 0.6380
1439.771098 0.6350 0.6340 0.6350 0.6420 0.6430
1444.355626 0.6430 0.6420 0.6340 0.6250 0.6180
1448.940155 0.6100 0.6030 0.5970 0.5820 0.5730
1453.524683 0.5630 0.3976 0.3691 0.2963 0.2851
1458.109211 0.2850 0.3090 0.3310 0.3340 0.3360
1462.693739 0.3410 0.3430 0.3530 0.3729 0.4088
1467.278267 0.4260 0.4420 0.4560 0.4710 0.4880
1471.862796 0.4970 0.5060 0.5279 0.5509 0.5769
1476.447324 0.5910 0.6050 0.6330 0.6630 0.6750
1481.031852 0.6880 0.7099 0.7259 0.7399 0.7460
1485.616380 0.7520 0.7600 0.7680 0.7730 0.7750
1490.200909 0.7770 0.7800 0.7830 0.7840 0.7850
1494.785437 0.7850 0.7830 0.7790 0.7770 0.7750
1499.369965 0.7720 0.7710 0.7690 0.7680 0.7650
1503.954493 0.7640 0.7610 0.7470 0.7440 0.7430
1508.539022 0.7400 0.7350 0.7280 0.7260 0.7240
1513.123550 0.7190 0.7140 0.7100 0.7050 0.7040
1517.708078 0.6980 0.6950 0.6920 0.6890 0.6840
1522.292606 0.6810 0.6790 0.6760 0.6660 0.6620
1526.877134 0.6570 0.6540 0.6470 0.6420 0.6350
1531.461663 0.6300 0.6250 0.6180 0.6140 0.6070
1536.046191 0.6010 0.5811 0.5700 0.5580 0.5471
1540.630719 0.5370 0.5290 0.5170 0.4930 0.4870
1545.215247 0.4860 0.4860 0.4850 0.4850 0.4840
1549.799776 0.4840 0.4820 0.4820 0.4840 0.4940
1554.384304 0.5010 0.5070 0.5150 0.5210 0.5260
1558.968832 0.5290 0.5330 0.5380 0.5470 0.5600
1563.553360 0.5769 0.5820 0.5850 0.5920 0.5970
1568.137889 0.6020 0.6060 0.6130 0.6170 0.6230
1572.722417 0.6280 0.6340 0.6380 0.6410 0.6430
1577.306945 0.6460 0.6470 0.6470 0.6490 0.6510
1581.891473 0.6520 0.6550 0.6590 0.6620 0.6640
1586.476001 0.6640 0.6660 0.6680 0.6700 0.6720
1591.060530 0.6790 0.6840 0.6880 0.6910 0.6980
1595.645058 0.7050 0.7100 0.7210 0.7280 0.7350
1600.229586 0.7400 0.7480 0.7530 0.7560 0.7669
1604.814114 0.7710 0.7780 0.7880 0.7950 0.8010
1609.398643 0.8050 0.8100 0.8160 0.8210 0.8280
1613.983171 0.8320 0.8340 0.8350 0.8360 0.8430
1618.567699 0.8490 0.8530 0.8580 0.8610 0.8640
1623.152227 0.8660 0.8680 0.8690 0.8710 0.8710
1627.736756 0.8720 0.8730 0.8730 0.8750 0.8760
1632.321284 0.8760 0.8770 0.8780 0.8810 0.8830
1636.905812 0.8850 0.8860 0.8860 0.8880 0.8890
1641.490340 0.8890 0.8900 0.8900 0.8910 0.8910
1646.074868 0.8920 0.8920 0.8930 0.8940 0.8960
1650.659397 0.8970 0.8970 0.8970 0.8980 0.8980
1655.243925 0.8980 0.8990 0.8990 0.8990 0.9000
1659.828453 0.9000 0.9000 0.9010 0.9010 0.9010
1664.412981 0.9010 0.9010 0.9020 0.9020 0.9020
1668.997510 0.9020 0.9020 0.9020 0.9020 0.9020
1673.582038 0.9020 0.9020 0.9020 0.9040 0.9040
1678.166566 0.9050 0.9050 0.9050 0.9060 0.9060
1682.751094 0.9060 0.9060 0.9070 0.9070 0.9080
1687.335623 0.9090 0.9100 0.9120 0.9120 0.9120
1691.920151 0.9100 0.9100 0.9090 0.9090 0.9080
1696.504679 0.9070 0.9070 0.9070 0.9080 0.9080
1701.089207 0.9080 0.9080 0.9090 0.9090 0.9090
1705.673736 0.9090 0.9100 0.9100 0.9100 0.9120
1710.258264 0.9120 0.9120 0.9120 0.9120 0.9120
1714.842792 0.9090 0.9090 0.9090 0.9090 0.9080
1719.427320 0.9080 0.9080 0.9080 0.9080 0.9080
1724.011848 0.9080 0.9080 0.9080 0.9080 0.9080
1728.596377 0.9090 0.9090 0.9090 0.9090 0.9100
1733.180905 0.9100 0.9100 0.9100 0.9100 0.9100
1737.765433 0.9100 0.9100 0.9100 0.9100 0.9100
1742.349961 0.9100 0.9100 0.9100 0.9100 0.9100
1746.934490 0.9100 0.9100 0.9100 0.9100 0.9100
1751.519018 0.9100 0.9100 0.9100 0.9100 0.9100
1756.103546 0.9100 0.9100 0.9100 0.9120 0.9120
1760.688074 0.9120 0.9120 0.9120 0.9130 0.9130
1765.272603 0.9130 0.9130 0.9130 0.9140 0.9140
1769.857131 0.9140 0.9140 0.9140 0.9150 0.9150
1774.441659 0.9150 0.9150 0.9150 0.9160 0.9160
1779.026187 0.9160 0.9160 0.9160 0.9160 0.9160
1783.610715 0.9160 0.9160 0.9160 0.9160 0.9160
1788.195244 0.9160 0.9160 0.9160 0.9160 0.9160
1792.779772 0.9160 0.9160 0.9160 0.9160 0.9150
1797.364300 0.9150 0.9150 0.9150 0.9150 0.9150
1801.948828 0.9140 0.9140 0.9140 0.9140 0.9140
1806.533357 0.9140 0.9140 0.9140 0.9140 0.9140
1811.117885 0.9140 0.9140 0.9140 0.9140 0.9140
1815.702413 0.9140 0.9140 0.9140 0.9140 0.9140
1820.286941 0.9140 0.9140 0.9130 0.9130 0.9130
1824.871470 0.9130 0.9120 0.9120 0.9120 0.9120
1829.455998 0.9120 0.9100 0.9100 0.9100 0.9100
1834.040526 0.9100 0.9100 0.9100 0.9100 0.9100
1838.625054 0.9100 0.9100 0.9100 0.9100 0.9100
1843.209582 0.9100 0.9100 0.9100 0.9100 0.9100
1847.794111 0.9100 0.9100 0.9100 0.9100 0.9100
1852.378639 0.9100 0.9100 0.9090 0.9090 0.9090
1856.963167 0.9090 0.9090 0.9090 0.9090 0.9090
1861.547695 0.9090 0.9090 0.9090 0.9090 0.9090
1866.132224 0.9090 0.9090 0.9090 0.9090 0.9090
1870.716752 0.9090 0.9100 0.9100 0.9100 0.9100
1875.301280 0.9100 0.9100 0.9100 0.9100 0.9120
1879.885808 0.9120 0.9120 0.9130 0.9130 0.9130
1884.470337 0.9130 0.9140 0.9140 0.9140 0.9150
1889.054865 0.9150 0.9150 0.9150 0.9160 0.9160
1893.639393 0.9160 0.9170 0.9170 0.9170 0.9170
1898.223921 0.9170 0.9170 0.9170 0.9170 0.9170
1902.808449 0.9170 0.9170 0.9170 0.9170 0.9170
1907.392978 0.9170 0.9170 0.9170 0.9170 0.9170
1911.977506 0.9170 0.9170 0.9170 0.9170 0.9170
1916.562034 0.9170 0.9170 0.9170 0.9170 0.9170
1921.146562 0.9170 0.9170 0.9170 0.9170 0.9170
1925.731091 0.9170 0.9170 0.9170 0.9170 0.9170
1930.315619 0.9170 0.9170 0.9160 0.9160 0.9160
1934.900147 0.9160 0.9160 0.9160 0.9160 0.9160
1939.484675 0.9160 0.9160 0.9160 0.9160 0.9160
1944.069204 0.9160 0.9160 0.9160 0.9160 0.9160
1948.653732 0.9150 0.9150 0.9150 0.9150 0.9150
1953.238260 0.9140 0.9140 0.9140 0.9140 0.9140
1957.822788 0.9130 0.9130 0.9130 0.9130 0.9130
1962.407316 0.9130 0.9120 0.9120 0.9120 0.9120
1966.991845 0.9120 0.9100 0.9100 0.9100 0.9100
1971.576373 0.9100 0.9090 0.9090 0.9090 0.9080
1976.160901 0.9080 0.9080 0.9080 0.9070 0.9070
1980.745429 0.9070 0.9070 0.9060 0.9060 0.9060
1985.329958 0.9060 0.9050 0.9050 0.9050 0.9050
1989.914486 0.9040 0.9040 0.9040 0.9020 0.9020
1994.499014 0.9020 0.9020 0.9010 0.9010 0.9010
1999.083542 0.9010 0.9000 0.9000 0.9000 0.9000
2003.668071 0.9000 0.9000 0.9000 0.8995 0.8990
2008.252599 0.8990 0.8990 0.8990 0.8990 0.8990
2012.837127 0.8989 0.8984 0.8980 0.8980 0.8980
2017.421655 0.8980 0.8979 0.8973 0.8970 0.8970
2022.006183 0.8970 0.8970 0.8970 0.8970 0.8968
2026.590712 0.8963 0.8960 0.8960 0.8960 0.8960
2031.175240 0.8960 0.8960 0.8955 0.8945 0.8940
2035.759768 0.8940 0.8940 0.8940 0.8940 0.8940
2040.344296 0.8937 0.8932 0.8930 0.8930 0.8930
2044.928825 0.8930 0.8926 0.8921 0.8920 0.8920
2049.513353 0.8920 0.8920 0.8920 0.8920 0.8916
2054.097881 0.8911 0.8910 0.8910 0.8910 0.8910
2058.682409 0.8910 0.8910 0.8910 0.8910 0.8905
2063.266938 0.8900 0.8900 0.8900 0.8900 0.8900
2067.851466 0.8900 0.8900 0.8900 0.8899 0.8894
2072.435994 0.8890 0.8890 0.8890 0.8890 0.8890
2077.020522 0.8890 0.8890 0.8890 0.8889 0.8884
2081.605051 0.8880 0.8880 0.8880 0.8880 0.8880
2086.189579 0.8880 0.8880 0.8880 0.8876 0.8866
2090.774107 0.8860 0.8860 0.8860 0.8860 0.8860
2095.358635 0.8860 0.8860 0.8860 0.8857 0.8852
2099.943163 0.8850 0.8850 0.8850 0.8850 0.8850
2104.527692 0.8850 0.8850 0.8850 0.8850 0.8850
2109.112220 0.8846 0.8841 0.8840 0.8840 0.8840
2113.696748 0.8840 0.8840 0.8840 0.8840 0.8840
2118.281276 0.8836 0.8830 0.8830 0.8830 0.8830
2122.865805 0.8830 0.8830 0.8830 0.8825 0.8820
2127.450333 0.8820 0.8820 0.8820 0.8820 0.8820
2132.034861 0.8820 0.8820 0.8819 0.8814 0.8810
2136.619389 0.8810 0.8810 0.8810 0.8810 0.8810
2141.203918 0.8810 0.8810 0.8809 0.8803 0.8800
2145.788446 0.8800 0.8800 0.8800 0.8800 0.8800
2150.372974 0.8796 0.8786 0.8780 0.8780 0.8780
2154.957502 0.8780 0.8780 0.8780 0.8780 0.8780
2159.542030 0.8777 0.8772 0.8770 0.8770 0.8770
2164.126559 0.8770 0.8770 0.8770 0.8767 0.8762
2168.711087 0.8760 0.8760 0.8760 0.8760 0.8760
2173.295615 0.8760 0.8760 0.8760 0.8760 0.8760
2177.880143 0.8760 0.8760 0.8760 0.8760 0.8760
2182.464672 0.8760 0.8760 0.8760 0.8760 0.8760
2187.049200 0.8760 0.8760 0.8760 0.8760 0.8760
2191.633728 0.8760 0.8760 0.8760 0.8754 0.8750
2196.218256 0.8750 0.8751 0.8756 0.8760 0.8760
2200.802785 0.8760 0.8760 0.8760 0.8760 0.8760
2205.387313 0.8760 0.8760 0.8760 0.8760 0.8760
2209.971841 0.8760 0.8760 0.8760 0.8760 0.8760
2214.556369 0.8760 0.8758 0.8753 0.8750 0.8750
2219.140897 0.8750 0.8750 0.8750 0.8750 0.8750
2223.725426 0.8750 0.8750 0.8750 0.8750 0.8750
2228.309954 0.8750 0.8750 0.8750 0.8750 0.8750
2232.894482 0.8750 0.8743 0.8732 0.8730 0.8730
2237.479010 0.8730 0.8730 0.8730 0.8730 0.8730
2242.063539 0.8730 0.8730 0.8730 0.8730 0.8730
2246.648067 0.8730 0.8730 0.8730 0.8730 0.8730
2251.232595 0.8730 0.8730 0.8730 0.8730 0.8730
2255.817123 0.8730 0.8729 0.8724 0.8720 0.8720
2260.401652 0.8719 0.8714 0.8710 0.8710 0.8708
2264.986180 0.8698 0.8690 0.8690 0.8689 0.8684
2269.570708 0.8680 0.8680 0.8678 0.8673 0.8670
2274.155236 0.8670 0.8670 0.8670 0.8668 0.8663
2278.739764 0.8658 0.8653 0.8650 0.8650 0.8647
2283.324293 0.8642 0.8640 0.8640 0.8637 0.8632
2287.908821 0.8630 0.8630 0.8624 0.8613 0.8607
2292.493349 0.8602 0.8593 0.8583 0.8576 0.8571
2297.077877 0.8562 0.8552 0.8550 0.8550 0.8542
2301.662406 0.8532 0.8526 0.8521 0.8516 0.8511
2306.246934 0.8505 0.8500 0.8500 0.8500 0.8495
2310.831462 0.8490 0.8490 0.8490 0.8490 0.8490
2315.415990 0.8490 0.8490 0.8495 0.8500 0.8500
2320.000519 0.8500 0.8500 0.8500 0.8500 0.8500
2324.585047 0.8500 0.8501 0.8506 0.8510 0.8510
2329.169575 0.8511 0.8516 0.8520 0.8520 0.8522
2333.754103 0.8527 0.8530 0.8530 0.8534 0.8544
2338.338631 0.8550 0.8550 0.8552 0.8557 0.8560
2342.923160 0.8560 0.8563 0.8568 0.8570 0.8570
2347.507688 0.8573 0.8578 0.8583 0.8588 0.8590
2352.092216 0.8590 0.8590 0.8590 0.8590 0.8590
2356.676744 0.8590 0.8590 0.8590 0.8590 0.8594
2361.261273 0.8599 0.8600 0.8600 0.8604 0.8609
2365.845801 0.8610 0.8610 0.8619 0.8629 0.8630
2370.430329 0.8630 0.8635 0.8640 0.8640 0.8640
2375.014857 0.8640 0.8640 0.8640 0.8640 0.8640
2379.599386 0.8640 0.8634 0.8630 0.8630 0.8630
2384.183914 0.8630 0.8630 0.8630 0.8628 0.8618
2388.768442 0.8610 0.8610 0.8610 0.8610 0.8610
2393.352970 0.8610 0.8608 0.8603 0.8600 0.8600
2397.937498 0.8600 0.8600 0.8600 0.8600 0.8600
2402.522027 0.8600 0.8598 0.8593 0.8590 0.8590
2407.106555 0.8590 0.8590 0.8590 0.8590 0.8590
2411.691083 0.8590 0.8590 0.8590 0.8590 0.8590
2416.275611 0.8590 0.8590 0.8590 0.8590 0.8590
2420.860140 0.8590 0.8590 0.8590 0.8590 0.8590
2425.444668 0.8594 0.8599 0.8600 0.8600 0.8600
2430.029196 0.8600 0.8604 0.8610 0.8610 0.8610
2434.613724 0.8610 0.8610 0.8620 0.8630 0.8630
2439.198253 0.8630 0.8630 0.8630 0.8635 0.8640
2443.782781 0.8640 0.8640 0.8640 0.8640 0.8640
2448.367309 0.8640 0.8640 0.8641 0.8646 0.8650
2452.951837 0.8650 0.8650 0.8650 0.8650 0.8650
2457.536366 0.8652 0.8657 0.8660 0.8660 0.8660
2462.120894 0.8660 0.8660 0.8660 0.8662 0.8667
2466.705422 0.8670 0.8670 0.8670 0.8670 0.8670
2471.289950 0.8670 0.8673 0.8678 0.8680 0.8680
2475.874478 0.8680 0.8680 0.8680 0.8680 0.8683
2480.459007 0.8688 0.8686 0.8681 0.8680 0.8680
2485.043535 0.8680 0.8680 0.8680 0.8680 0.8676
2489.628063 0.8671 0.8670 0.8670 0.8670 0.8670
2494.212591 0.8670 0.8670 0.8665 0.8660 0.8660
2498.797120 0.8660 0.8660 0.8660 0.8655 0.8650
2503.381648 0.8650 0.8650 0.8650 0.8649 0.8644
2507.966176 0.8640 0.8640 0.8640 0.8640 0.8639
2512.550704 0.8634 0.8630 0.8630 0.8630 0.8630
2517.135233 0.8630 0.8630 0.8627 0.8617 0.8610
2521.719761 0.8610 0.8608 0.8603 0.8600 0.8600
2526.304289 0.8600 0.8600 0.8598 0.8593 0.8590
2530.888817 0.8590 0.8587 0.8582 0.8580 0.8580
2535.473345 0.8577 0.8572 0.8570 0.8570 0.8570
2540.057874 0.8570 0.8570 0.8570 0.8570 0.8570
2544.642402 0.8574 0.8579 0.8580 0.8580 0.8580
2549.226930 0.8580 0.8580 0.8580 0.8584 0.8589
2553.811458 0.8590 0.8590 0.8590 0.8590 0.8590
2558.395987 0.8590 0.8590 0.8590 0.8590 0.8590
2562.980515 0.8590 0.8590 0.8585 0.8580 0.8580
2567.565043 0.8580 0.8574 0.8570 0.8570 0.8569
2572.149571 0.8564 0.8560 0.8560 0.8560 0.8560
2576.734100 0.8560 0.8560 0.8560 0.8560 0.8560
2581.318628 0.8560 0.8560 0.8560 0.8558 0.8553
2585.903156 0.8550 0.8550 0.8550 0.8550 0.8550
2590.487684 0.8550 0.8550 0.8550 0.8550 0.8550
2595.072212 0.8550 0.8550 0.8550 0.8550 0.8550
2599.656741 0.8550 0.8544 0.8534 0.8530 0.8530
2604.241269 0.8530 0.8530 0.8530 0.8530 0.8526
2608.825797 0.8521 0.8520 0.8520 0.8516 0.8511
2613.410325 0.8510 0.8510 0.8506 0.8501 0.8500
2617.994854 0.8500 0.8500 0.8500 0.8500 0.8500
2622.579382 0.8500 0.8500 0.8505 0.8510 0.8510
2627.163910 0.8510 0.8510 0.8510 0.8510 0.8510
2631.748438 0.8510 0.8510 0.8510 0.8510 0.8510
2636.332967 0.8510 0.8510 0.8510 0.8510 0.8510
2640.917495 0.8510 0.8510 0.8510 0.8508 0.8503
2645.502023 0.8500 0.8500 0.8498 0.8493 0.8488
2650.086551 0.8483 0.8480 0.8480 0.8478 0.8473
2654.671079 0.8465 0.8455 0.8447 0.8442 0.8437
2659.255608 0.8432 0.8430 0.8430 0.8427 0.8422
2663.840136 0.8417 0.8412 0.8407 0.8402 0.8397
2668.424664 0.8391 0.8390 0.8390 0.8390 0.8390
2673.009192 0.8382 0.8372 0.8370 0.8370 0.8370
2677.593721 0.8370 0.8370 0.8370 0.8365 0.8360
2682.178249 0.8360 0.8360 0.8360 0.8360 0.8360
2686.762777 0.8360 0.8360 0.8360 0.8360 0.8360
2691.347305 0.8360 0.8360 0.8360 0.8360 0.8360
2695.931834 0.8360 0.8360 0.8360 0.8360 0.8360
2700.516362 0.8360 0.8359 0.8354 0.8350 0.8350
2705.100890 0.8350 0.8350 0.8350 0.8350 0.8348
2709.685418 0.8343 0.8340 0.8340 0.8340 0.8340
2714.269946 0.8342 0.8347 0.8350 0.8350 0.8350
2718.854475 0.8350 0.8353 0.8358 0.8360 0.8360
2723.439003 0.8360 0.8360 0.8363 0.8368 0.8370
2728.023531 0.8370 0.8370 0.8370 0.8377 0.8387
2732.608059 0.8390 0.8390 0.8394 0.8399 0.8404
2737.192588 0.8409 0.8414 0.8419 0.8420 0.8420
2741.777116 0.8420 0.8420 0.8425 0.8430 0.8430
2746.361644 0.8430 0.8430 0.8430 0.8435 0.8440
2750.946172 0.8440 0.8440 0.8440 0.8440 0.8440
2755.530701 0.8440 0.8440 0.8440 0.8440 0.8440
2760.115229 0.8440 0.8439 0.8434 0.8430 0.8430
2764.699757 0.8430 0.8430 0.8430 0.8430 0.8428
2769.284285 0.8423 0.8420 0.8420 0.8420 0.8420
2773.868814 0.8418 0.8413 0.8408 0.8403 0.8400
2778.453342 0.8400 0.8397 0.8392 0.8390 0.8390
2783.037870 0.8384 0.8374 0.8370 0.8370 0.8367
2787.622398 0.8362 0.8360 0.8360 0.8357 0.8352
2792.206926 0.8343 0.8333 0.8326 0.8321 0.8320
2796.791455 0.8320 0.8316 0.8311 0.8302 0.8292
2801.375983 0.8290 0.8290 0.8286 0.8281 0.8275
2805.960511 0.8270 0.8270 0.8270 0.8265 0.8260
2810.545039 0.8255 0.8250 0.8240 0.8230 0.8219
2815.129568 0.8210 0.8205 0.8199 0.8189 0.8179
2819.714096 0.8174 0.8169 0.8164 0.8159 0.8154
2824.298624 0.8148 0.8138 0.8129 0.8124 0.8115
2828.883152 0.8094 0.8074 0.8054 0.8035 0.8020
2833.467681 0.8006 0.7996 0.7986 0.7976 0.7966
2838.052209 0.7956 0.7945 0.7935 0.7925 0.7915
2842.636737 0.7900 0.7880 0.7859 0.7839 0.7813
2847.221265 0.7783 0.7749 0.7713 0.7637 0.7535
2851.805793 0.7454 0.7383 0.7277 0.7156 0.7055
2856.390322 0.6964 0.6754 0.6500 0.6313 0.6145
2860.974850 0.5938 0.5720 0.5606 0.5514 0.5449
2865.559378 0.5388 0.5367 0.5351 0.5341 0.5331
2870.143906 0.5320 0.5310 0.5305 0.5300 0.5295
2874.728435 0.5290 0.5295 0.5301 0.5321 0.5344
2879.312963 0.5395 0.5445 0.5490 0.5533 0.5553
2883.897491 0.5566 0.5540 0.5513 0.5477 0.5436
2888.482019 0.5375 0.5304 0.5202 0.5124 0.5104
2893.066548 0.5069 0.5003 0.4950 0.4919 0.4881
2897.651076 0.4831 0.4788 0.4758 0.4731 0.4711
2902.235604 0.4672 0.4611 0.4520 0.4398 0.4287
2906.820132 0.4186 0.4140 0.4140 0.4146 0.4156
2911.404660 0.4163 0.4168 0.4189 0.4220 0.4267
2915.989189 0.4322 0.4347 0.4357 0.4349 0.4334
2920.573717 0.4205 0.4036 0.3896 0.3765 0.3530
2925.158245 0.3271 0.3132 0.3015 0.2912 0.2811
2929.742773 0.2578 0.2329 0.2184 0.2047 0.1901
2934.327302 0.1754 0.1666 0.1580 0.1499 0.1420
2938.911830 0.1409 0.1400 0.1405 0.1419 0.1505
2943.496358 0.1591 0.1677 0.1757 0.1803 0.1851
2948.080886 0.1912 0.2013 0.2261 0.2508 0.2751
2952.665415 0.2975 0.3142 0.3309 0.3476 0.3667
2957.249943 0.3908 0.4090 0.4171 0.4252 0.4333
2961.834471 0.4382 0.4387 0.4388 0.4383 0.4250
2966.418999 0.3976 0.3672 0.3337 0.2987 0.2622
2971.003527 0.2350 0.2152 0.1845 0.1460 0.1260
2975.588056 0.1178 0.1150 0.1150 0.1271 0.1449
2980.172584 0.1532 0.1578 0.1665 0.1766 0.1860
2984.757112 0.1951 0.2078 0.2215 0.2352 0.2489
2989.341640 0.2489 0.2463 0.2442 0.2422 0.2397
2993.926169 0.2371 0.2370 0.2370 0.2434 0.2500
2998.510697 0.2556 0.2618 0.2922 0.3227 0.3531
3003.095225 0.3829 0.4068 0.4305 0.4539 0.4767
3007.679753 0.4965 0.5162 0.5360 0.5550 0.5709
3012.264282 0.5867 0.6024 0.6204 0.6447 0.6648
3016.848810 0.6744 0.6839 0.6930 0.7041 0.7188
3021.433338 0.7321 0.7433 0.7518 0.7564 0.7609
3026.017866 0.7655 0.7714 0.7791 0.7862 0.7928
3030.602394 0.7976 0.8006 0.8045 0.8091 0.8131
3035.186923 0.8166 0.8189 0.8204 0.8220 0.8235
3039.771451 0.8247 0.8257 0.8270 0.8286 0.8305
3044.355979 0.8325 0.8338 0.8348 0.8354 0.8359
3048.940507 0.8377 0.8397 0.8404 0.8409 0.8423
3053.525036 0.8438 0.8445 0.8450 0.8459 0.8470
3058.109564 0.8475 0.8480 0.8480 0.8480 0.8485
3062.694092 0.8490 0.8495 0.8500 0.8505 0.8510
3067.278620 0.8510 0.8511 0.8516 0.8521 0.8526
3071.863149 0.8530 0.8530 0.8532 0.8542 0.8550
3076.447677 0.8550 0.8551 0.8556 0.8560 0.8560
3081.032205 0.8562 0.8567 0.8570 0.8570 0.8572
3085.616733 0.8577 0.8580 0.8580 0.8580 0.8580
3090.201261 0.8580 0.8580 0.8580 0.8580 0.8580
3094.785790 0.8580 0.8580 0.8580 0.8580 0.8580
3099.370318 0.8580 0.8580 0.8580 0.8580 0.8580
3103.954846 0.8580 0.8580 0.8580 0.8576 0.8571
3108.539374 0.8570 0.8570 0.8570 0.8570 0.8570
3113.123903 0.8570 0.8566 0.8561 0.8560 0.8560
3117.708431 0.8560 0.8560 0.8560 0.8560 0.8555
3122.292959 0.8550 0.8550 0.8550 0.8540 0.8530
3126.877487 0.8530 0.8530 0.8525 0.8520 0.8520
3131.462016 0.8519 0.8514 0.8510 0.8510 0.8509
3136.046544 0.8504 0.8499 0.8494 0.8490 0.8490
3140.631072 0.8489 0.8483 0.8480 0.8480 0.8478
3145.215600 0.8473 0.8470 0.8470 0.8466 0.8456
3149.800129 0.8450 0.8450 0.8448 0.8443 0.8438
3154.384657 0.8432 0.8427 0.8422 0.8417 0.8412
3158.969185 0.8407 0.8402 0.8397 0.8392 0.8384
3163.553713 0.8373 0.8367 0.8362 0.8357 0.8351
3168.138241 0.8343 0.8333 0.8326 0.8321 0.8316
3172.722770 0.8311 0.8302 0.8292 0.8286 0.8281
3177.307298 0.8271 0.8261 0.8251 0.8241 0.8235
3181.891826 0.8230 0.8220 0.8210 0.8200 0.8190
3186.476354 0.8185 0.8180 0.8175 0.8170 0.8165
3191.060883 0.8159 0.8143 0.8129 0.8124 0.8119
3195.645411 0.8114 0.8109 0.8104 0.8099 0.8094
3200.229939 0.8089 0.8084 0.8079 0.8074 0.8067
3204.814467 0.8057 0.8048 0.8043 0.8038 0.8033
3209.398996 0.8028 0.8023 0.8018 0.8013 0.8005
3213.983524 0.7995 0.7985 0.7975 0.7965 0.7955
3218.568052 0.7947 0.7942 0.7934 0.7924 0.7911
3223.152580 0.7896 0.7887 0.7882 0.7873 0.7863
3227.737108 0.7857 0.7851 0.7843 0.7833 0.7822
3232.321637 0.7812 0.7802 0.7792 0.7782 0.7772
3236.906165 0.7753 0.7733 0.7721 0.7711 0.7701
3241.490693 0.7691 0.7681 0.7671 0.7656 0.7641
3246.075221 0.7630 0.7620 0.7610 0.7600 0.7584
3250.659750 0.7569 0.7554 0.7537 0.7507 0.7479
3255.244278 0.7469 0.7459 0.7448 0.7437 0.7416
3259.828806 0.7396 0.7376 0.7353 0.7323 0.7292
3264.413334 0.7262 0.7233 0.7207 0.7180 0.7150
3268.997863 0.7121 0.7096 0.7072 0.7052 0.7036
3273.582391 0.7026 0.7016 0.7006 0.7000 0.7000
3278.166919 0.6980 0.6940 0.6899 0.6859 0.6826
3282.751447 0.6801 0.6772 0.6742 0.6705 0.6665
3287.335975 0.6640 0.6625 0.6607 0.6586 0.6569
3291.920504 0.6554 0.6535 0.6515 0.6499 0.6483
3296.505032 0.6460 0.6435 0.6410 0.6384 0.6346
3301.089560 0.6305 0.6273 0.6243 0.6213 0.6182
3305.674088 0.6161 0.6141 0.6111 0.6081 0.6065
3310.258617 0.6050 0.6024 0.5999 0.5974 0.5949
3314.843145 0.5928 0.5906 0.5866 0.5826 0.5796
3319.427673 0.5765 0.5735 0.5699 0.5644 0.5588
3324.012201 0.5532 0.5480 0.5439 0.5400 0.5365
3328.596730 0.5335 0.5320 0.5308 0.5303 0.5296
3333.181258 0.5286 0.5268 0.5238 0.5210 0.5184
3337.765786 0.5156 0.5126 0.5105 0.5095 0.5090
3342.350314 0.5090 0.5066 0.5020 0.4986 0.4960
3346.934842 0.4929 0.4894 0.4867 0.4847 0.4820
3351.519371 0.4790 0.4777 0.4772 0.4745 0.4709
3356.103899 0.4674 0.4638 0.4603 0.4567 0.4548
3360.688427 0.4533 0.4497 0.4456 0.4437 0.4422
3365.272955 0.4375 0.4325 0.4302 0.4281 0.4271
3369.857484 0.4260 0.4255 0.4250 0.4194 0.4139
3374.442012 0.4103 0.4068 0.4032 0.3999 0.3983
3379.026540 0.3970 0.3970 0.3963 0.3918 0.3875
3383.611068 0.3844 0.3812 0.3771 0.3738 0.3728
3388.195597 0.3714 0.3688 0.3669 0.3663 0.3639
3392.780125 0.3573 0.3514 0.3468 0.3430 0.3405
3397.364653 0.3378 0.3347 0.3326 0.3315 0.3301
3401.949181 0.3280 0.3260 0.3240 0.3217 0.3192
3406.533709 0.3166 0.3141 0.3121 0.3106 0.3091
3411.118238 0.3075 0.3060 0.3045 0.3033 0.3023
3415.702766 0.3016 0.3011 0.3003 0.2993 0.2979
3420.287294 0.2963 0.2956 0.2951 0.2946 0.2941
3424.871822 0.2936 0.2931 0.2926 0.2920 0.2920
3429.456351 0.2920 0.2915 0.2910 0.2910 0.2910
3434.040879 0.2910 0.2910 0.2910 0.2910 0.2915
3438.625407 0.2920 0.2920 0.2921 0.2931 0.2943
3443.209935 0.2968 0.2992 0.3008 0.3021 0.3026
3447.794464 0.3031 0.3036 0.3046 0.3072 0.3096
3452.378992 0.3116 0.3138 0.3163 0.3188 0.3214
3456.963520 0.3237 0.3258 0.3282 0.3312 0.3338
3461.548048 0.3359 0.3392 0.3444 0.3472 0.3478
3466.132577 0.3485 0.3495 0.3508 0.3523 0.3550
3470.717105 0.3586 0.3624 0.3665 0.3718 0.3779
3475.301633 0.3833 0.3883 0.3934 0.3985 0.4021
3479.886161 0.4052 0.4090 0.4131 0.4171 0.4212
3484.470689 0.4252 0.4293 0.4342 0.4393 0.4417
3489.055218 0.4438 0.4485 0.4535 0.4605 0.4675
3493.639746 0.4746 0.4817 0.4859 0.4900 0.4935
3498.224274 0.4971 0.5001 0.5032 0.5068 0.5105
3502.808802 0.5161 0.5214 0.5244 0.5279 0.5340
3507.393331 0.5403 0.5479 0.5545 0.5570 0.5597
3511.977859 0.5627 0.5667 0.5733 0.5789 0.5819
3516.562387 0.5848 0.5873 0.5901 0.5931 0.5973
3521.146915 0.6034 0.6084 0.6120 0.6151 0.6176
3525.731444 0.6237 0.6338 0.6412 0.6458 0.6490
3530.315972 0.6511 0.6534 0.6559 0.6587 0.6618
3534.900500 0.6645 0.6671 0.6752 0.6863 0.6931
3539.485028 0.6976 0.7008 0.7033 0.7055 0.7075
3544.069556 0.7118 0.7169 0.7247 0.7333 0.7366
3548.654085 0.7387 0.7420 0.7455 0.7482 0.7507
3553.238613 0.7524 0.7539 0.7573 0.7609 0.7654
3557.823141 0.7699 0.7735 0.7771 0.7806 0.7841
3562.407669 0.7877 0.7911 0.7926 0.7941 0.7951
3566.992198 0.7965 0.8006 0.8045 0.8075 0.8103
3571.576726 0.8118 0.8136 0.8161 0.8183 0.8193
3576.161254 0.8201 0.8206 0.8215 0.8230 0.8242
3580.745782 0.8247 0.8250 0.8250 0.8248 0.8243
3585.330311 0.8234 0.8219 0.8201 0.8181 0.8165
3589.914839 0.8155 0.8140 0.8119 0.8099 0.8079
3594.499367 0.8059 0.8038 0.8018 0.7998 0.7968
3599.083895 0.7932 0.7900 0.7870 0.7833 0.7792
3603.668423 0.7744 0.7694 0.7606 0.7505 0.7441
3608.252952 0.7390 0.7339 0.7289 0.7238 0.7187
3612.837480 0.7128 0.7067 0.7060 0.7060 0.7129
3617.422008 0.7205 0.7286 0.7367 0.7404 0.7440
3622.006536 0.7475 0.7514 0.7691 0.7864 0.7940
3626.591065 0.8023 0.8160 0.8285 0.8331 0.8376
3631.175593 0.8417 0.8460 0.8515 0.8564 0.8584
3635.760121 0.8603 0.8619 0.8633 0.8643 0.8656
3640.344649 0.8676 0.8696 0.8717 0.8732 0.8737
3644.929178 0.8740 0.8740 0.8742 0.8747 0.8752
3649.513706 0.8757 0.8760 0.8760 0.8760 0.8760
3654.098234 0.8760 0.8760 0.8760 0.8760 0.8757
3658.682762 0.8752 0.8750 0.8750 0.8747 0.8742
3663.267290 0.8737 0.8732 0.8730 0.8730 0.8726
3667.851819 0.8721 0.8720 0.8720 0.8720 0.8720
3672.436347 0.8720 0.8720 0.8724 0.8729 0.8730
3677.020875 0.8730 0.8735 0.8740 0.8745 0.8750
3681.605403 0.8750 0.8750 0.8755 0.8760 0.8765
3686.189932 0.8770 0.8770 0.8771 0.8786 0.8800
3690.774460 0.8800 0.8801 0.8806 0.8811 0.8816
3695.358988 0.8821 0.8826 0.8831 0.8836 0.8841
3699.943516 0.8846 0.8850 0.8850 0.8852 0.8857
3704.528045 0.8863 0.8874 0.8882 0.8887 0.8892
3709.112573 0.8897 0.8900 0.8900 0.8902 0.8907
3713.697101 0.8912 0.8917 0.8920 0.8920 0.8923
3718.281629 0.8928 0.8930 0.8930 0.8930 0.8930
3722.866157 0.8933 0.8938 0.8940 0.8940 0.8940
3727.450686 0.8940 0.8940 0.8940 0.8936 0.8931
3732.035214 0.8930 0.8930 0.8926 0.8921 0.8920
3736.619742 0.8920 0.8916 0.8911 0.8910 0.8910
3741.204270 0.8910 0.8910 0.8905 0.8900 0.8900
3745.788799 0.8900 0.8895 0.8890 0.8890 0.8890
3750.373327 0.8885 0.8880 0.8880 0.8880 0.8880
3754.957855 0.8878 0.8868 0.8860 0.8860 0.8859
3759.542383 0.8854 0.8850 0.8850 0.8850 0.8850
3764.126912 0.8850 0.8850 0.8850 0.8850 0.8850
3768.711440 0.8850 0.8848 0.8843 0.8840 0.8840
3773.295968 0.8840 0.8840 0.8840 0.8840 0.8840
3777.880496 0.8840 0.8840 0.8840 0.8840 0.8840
3782.465024 0.8843 0.8848 0.8850 0.8850 0.8850
3787.049553 0.8850 0.8853 0.8858 0.8860 0.8860
3791.634081 0.8860 0.8860 0.8860 0.8860 0.8868
3796.218609 0.8878 0.8884 0.8889 0.8894 0.8899
3800.803137 0.8900 0.8900 0.8905 0.8910 0.8910
3805.387666 0.8910 0.8915 0.8920 0.8920 0.8920
3809.972194 0.8920 0.8920 0.8920 0.8920 0.8920
3814.556722 0.8920 0.8920 0.8920 0.8920 0.8920
3819.141250 0.8920 0.8920 0.8920 0.8920 0.8920
3823.725779 0.8919 0.8914 0.8910 0.8910 0.8910
3828.310307 0.8910 0.8910 0.8910 0.8910 0.8910
3832.894835 0.8910 0.8910 0.8910 0.8910 0.8910
3837.479363 0.8910 0.8910 0.8910 0.8910 0.8910
3842.063892 0.8910 0.8910 0.8910 0.8910 0.8910
3846.648420 0.8910 0.8910 0.8910 0.8910 0.8910
3851.232948 0.8910 0.8910 0.8910 0.8910 0.8910
3855.817476 0.8910 0.8910 0.8910 0.8910 0.8910
3860.402004 0.8910 0.8910 0.8910 0.8910 0.8910
3864.986533 0.8910 0.8910 0.8910 0.8910 0.8910
3869.571061 0.8915 0.8920 0.8920 0.8920 0.8920
3874.155589 0.8920 0.8920 0.8920 0.8920 0.8920
3878.740117 0.8920 0.8921 0.8926 0.8930 0.8930
3883.324646 0.8930 0.8930 0.8930 0.8930 0.8930
3887.909174 0.8930 0.8930 0.8930 0.8930 0.8930
3892.493702 0.8932 0.8937 0.8940 0.8940 0.8940
3897.078230 0.8940 0.8940 0.8940 0.8940 0.8940
3901.662759 0.8940 0.8940 0.8945 0.8955 0.8960
3906.247287 0.8960 0.8960 0.8960 0.8960 0.8960
3910.831815 0.8960 0.8960 0.8963 0.8968 0.8970
3915.416343 0.8970 0.8970 0.8970 0.8970 0.8970
3920.000871 0.8974 0.8979 0.8980 0.8980 0.8980
3924.585400 0.8980 0.8980 0.8980 0.8980 0.8980
3929.169928 0.8985 0.8990 0.8990 0.8990 0.8990
3933.754456 0.8990 0.8990 0.8990 0.8990 0.8990
3938.338984 0.8995 0.9000 0.9000 0.9000 0.9000
3942.923513 0.9000 0.9000 0.9001 0.9006 0.9010
3947.508041 0.9010 0.9010 0.9010 0.9010 0.9010
3952.092569 0.9012 0.9017 0.9020 0.9020 0.9020
3956.677097 0.9020 0.9024 0.9034 0.9040 0.9040
3961.261626 0.9040 0.9040 0.9042 0.9047 0.9050
3965.846154 0.9050 0.9050 0.9050 0.9053 0.9058
##END=
