##TITLE=.beta.-Phenylethyl methacrylate
##JCAMP-DX=4.24
##DATA TYPE=INFRARED SPECTRUM
##ORIGIN=EPA-IR VAPOR PHASE LIBRARY
##OWNER=SRD/NIST
Collection (C) 2018 copyright by the U.S. Secretary of Commerce
on behalf of the United States of America. All rights reserved.
##CAS REGISTRY NO=3683-12-3
##MOLFORM=C 12 H 14 O 2
##$NIST SOURCE=MSDC-IR
##STATE=gas
##XUNITS=1/CM
##YUNITS=ABSORBANCE
##XFACTOR=1.
##YFACTOR=0.001
##DELTAX=1.92898
##FIRSTX=549.8
##LASTX=4000.7
##FIRSTY=1.895
##MAXX=4000.7
##MINX=549.759
##MAXY=0.362635
##MINY=0
##NPOINTS=1790
##XYDATA=(X++(Y..Y))
549.759 1.895 1.835 2.115 2.525 2.815 3.485 4.245 4.925 5.585 6.005
569.049 5.995 6.085 6.075 5.535 4.885 4.325 4.145 3.995 3.775 3.895
588.339 3.835 3.945 4.285 4.265 4.335 4.385 4.295 4.165 4.045 4.015
607.628 3.915 3.885 3.645 3.255 3.085 2.955 2.785 2.845 2.835 2.705
626.918 2.725 2.815 3.035 3.305 3.635 3.945 4.225 4.605 4.935 5.285
646.208 5.695 5.995 6.095 6.255 6.525 6.685 6.735 6.775 6.895 7.145
665.498 7.475 7.805 8.405 9.075 9.975 11.225 12.425 13.995 15.755 17.805
684.787 20.345 23.265 26.765 30.385 33.635 36.145 37.465 37.385 36.015 33.705
704.077 30.805 28.005 25.545 23.335 21.475 20.175 19.285 18.535 18.015 17.585
723.367 17.465 17.665 18.185 18.925 19.745 20.955 22.665 24.675 26.665 28.125
742.657 28.795 28.595 27.345 25.145 22.365 19.295 16.395 14.305 12.555 11.065
761.947 10.105 9.285 8.405 7.535 6.755 6.235 5.795 5.365 5.065 4.875
781.236 4.675 4.575 4.625 4.945 5.505 5.945 6.335 6.905 7.605 8.345
800.526 9.215 10.265 11.415 12.285 13.155 13.965 14.295 14.245 13.955 13.405
819.816 12.535 11.705 10.875 10.055 9.385 8.685 8.065 7.605 7.015 6.465
839.106 6.035 5.655 5.425 5.125 5.015 4.785 4.465 4.515 4.475 4.465
858.395 4.595 4.595 4.675 4.515 4.215 4.075 3.845 3.775 3.815 3.785
877.685 3.725 3.635 3.605 3.615 3.745 3.705 3.745 4.065 4.245 4.485
896.975 4.835 5.205 5.615 5.995 6.325 6.745 7.105 7.585 8.425 9.295
916.265 10.305 11.615 13.205 15.115 17.255 19.525 22.105 24.695 27.185 29.385
935.555 30.685 31.345 31.075 29.775 27.815 25.335 22.715 20.055 17.565 15.685
954.844 13.975 12.425 11.405 10.765 10.235 9.995 10.045 10.185 10.435 10.925
974.134 11.665 12.575 13.715 15.105 16.615 18.075 19.455 20.645 21.805 22.605
993.424 23.035 23.315 23.375 23.415 23.405 23.735 25.025 26.925 28.905 31.155
1012.714 32.995 34.075 34.285 33.305 31.475 29.295 27.715 26.945 25.975 24.475
1032.003 23.215 22.225 21.015 19.635 18.285 17.525 17.145 17.065 17.065 16.795
1051.293 16.445 15.975 15.355 14.505 13.795 13.145 12.525 12.115 11.755 11.795
1070.583 11.995 12.005 12.225 12.555 12.645 12.715 12.865 12.685 12.735 12.915
1089.873 12.725 12.505 12.575 12.625 13.025 13.835 14.415 15.015 15.835 16.765
1109.163 17.755 18.715 20.075 21.755 23.715 26.305 29.405 32.845 36.825 41.865
1128.452 48.325 56.145 65.675 77.505 91.915 109.505 130.865 156.345 185.595 218.775
1147.742 254.545 288.965 319.805 344.235 358.905 362.635 354.875 336.615 310.965 281.155
1167.032 249.695 219.355 191.225 165.885 144.295 126.385 111.715 99.465 89.255 80.895
1186.322 73.835 67.695 62.225 57.315 53.135 49.385 45.645 42.515 39.995 37.575
1205.611 35.225 33.135 31.245 29.385 27.685 26.095 24.895 23.735 22.495 21.165
1224.901 19.695 18.385 17.045 15.905 15.095 14.225 13.355 12.835 12.655 12.355
1244.191 12.205 12.215 12.235 12.355 12.725 13.155 13.645 14.295 14.915 15.825
1263.481 16.955 18.455 20.205 22.085 24.255 26.835 29.965 33.905 38.925 45.125
1282.771 52.655 61.445 70.725 79.735 87.405 92.895 95.775 95.955 93.865 90.095
1302.060 85.735 82.265 80.815 81.945 85.225 89.295 92.735 94.175 92.665 87.905
1321.350 80.165 70.045 58.705 47.775 38.545 31.555 26.545 22.955 20.435 18.545
1340.640 17.065 15.935 15.025 14.265 13.605 13.035 12.565 12.185 11.855 11.645
1359.930 11.535 11.485 11.545 11.715 12.005 12.365 12.855 13.395 13.965 14.535
1379.219 15.105 15.705 16.235 16.725 17.135 17.525 17.945 18.495 19.275 20.205
1398.509 21.375 22.755 24.045 25.105 25.735 25.775 25.185 24.175 22.845 21.265
1417.799 19.765 18.525 17.665 17.135 16.895 16.965 17.265 17.755 18.425 19.215
1437.089 20.085 21.065 22.135 23.295 24.635 26.105 27.785 29.635 31.415 32.915
1456.378 33.925 34.345 34.195 33.425 32.065 30.195 28.135 26.085 24.005 21.965
1475.668 20.125 18.315 16.725 15.555 14.795 14.575 14.955 15.935 17.575 19.455
1494.958 20.915 21.435 20.895 19.645 17.645 14.785 11.605 9.095 7.495 6.485
1514.248 5.815 5.405 5.145 4.895 4.695 4.575 4.475 4.405 4.415 4.305
1533.538 4.215 4.155 4.065 4.015 3.945 3.835 3.795 3.755 3.715 3.685
1552.827 3.685 3.705 3.745 3.865 3.975 4.075 4.195 4.295 4.455 4.695
1572.117 4.975 5.235 5.475 5.795 6.105 6.445 6.905 7.395 7.925 8.535
1591.407 9.185 9.905 10.675 11.405 12.075 12.635 12.995 13.145 13.055 12.795
1610.697 12.375 11.935 11.675 11.555 11.615 11.845 12.185 12.655 13.295 14.105
1629.986 15.065 15.925 16.705 17.375 17.665 17.625 17.185 16.355 15.135 13.655
1649.276 12.105 10.705 9.515 8.565 7.875 7.355 6.935 6.655 6.555 6.565
1668.566 6.645 6.725 6.875 7.135 7.445 7.785 8.195 8.665 9.215 9.825
1687.856 10.465 11.145 11.885 12.675 13.495 14.385 15.435 16.715 18.185 20.095
1707.146 22.475 25.445 29.185 33.785 39.505 46.625 55.515 65.875 78.375 92.985
1726.435 109.285 126.475 143.325 157.935 169.595 177.235 179.355 175.595 166.355 152.655
1745.725 136.125 118.095 100.135 83.445 68.845 56.665 46.455 38.315 31.835 26.705
1765.015 22.755 19.725 17.385 15.625 14.235 13.225 12.495 11.925 11.495 11.225
1784.305 11.035 10.855 10.735 10.615 10.425 10.105 9.645 9.135 8.535 7.815
1803.594 7.115 6.465 5.865 5.355 4.935 4.575 4.265 3.995 3.735 3.545
1822.884 3.415 3.325 3.215 3.095 3.005 2.975 3.015 2.985 2.985 3.045
1842.174 3.115 3.245 3.305 3.425 3.625 3.765 3.925 4.115 4.365 4.605
1861.464 4.825 5.065 5.235 5.375 5.525 5.585 5.695 5.795 5.835 5.785
1880.754 5.605 5.365 5.045 4.725 4.385 4.005 3.655 3.365 3.125 2.905
1900.043 2.745 2.605 2.515 2.525 2.475 2.405 2.385 2.385 2.415 2.465
1919.333 2.515 2.575 2.665 2.735 2.845 3.005 3.135 3.275 3.415 3.465
1938.623 3.495 3.505 3.545 3.585 3.625 3.695 3.745 3.725 3.655 3.545
1957.913 3.385 3.205 2.995 2.775 2.645 2.525 2.475 2.515 2.585 2.585
1977.202 2.525 2.515 2.535 2.555 2.515 2.495 2.485 2.415 2.345 2.325
1996.492 2.255 2.125 2.035 1.965 1.825 1.695 1.645 1.615 1.525 1.455
2015.782 1.445 1.345 1.2391 1.2457 1.2439 1.177 1.1767 1.2215 1.1628 1.1219
2035.072 1.1026 1.0903 1.0767 1.0579 1.0678 1.0642 1.0958 1.1074 1.0985 1.1236
2054.362 1.1594 1.1797 1.2142 1.2309 1.2155 1.2019 1.2026 1.2016 1.185 1.2154
2073.651 1.2419 1.2048 1.233 1.2661 1.2302 1.2152 1.2458 1.2218 1.2074 1.2514
2092.941 1.2489 1.275 1.315 1.295 1.2721 1.275 1.2326 1.2054 1.2144 1.1567
2112.231 1.0891 1.0353 1.0609 1.0691 1.0517 1.0907 1.0718 1.0716 1.1038 1.1098
2131.521 1.0982 1.1348 1.177 1.144 1.1262 1.1079 1.1081 1.1547 1.1601 1.0973
2150.810 1.0737 1.06 1.0461 1.0626 1.0008 0.9313 0.9227 0.8952 0.863 0.8603
2170.100 0.8495 0.8246 0.8215 0.8046 0.7703 0.7709 0.7475 0.7425 0.7495 0.7186
2189.390 0.7229 0.7266 0.6987 0.6731 0.7075 0.7582 0.7301 0.764 0.8353 0.8211
2208.680 0.778 0.7091 0.7087 0.7877 0.8356 0.8044 0.736 0.7458 0.7913 0.7803
2227.970 0.7773 0.8172 0.8574 0.8397 0.7929 0.8168 0.8672 0.8651 0.7957 0.7505
2247.259 0.8216 0.8681 0.8333 0.8443 0.8236 0.7697 0.7505 0.7187 0.6522 0.6708
2266.549 0.7751 0.8016 0.7775 0.7734 0.783 0.7621 0.7693 0.823 0.8361 0.8497
2285.839 0.9382 1.0017 1.0551 1.1241 1.1603 1.2203 1.2749 1.285 1.2632 1.295
2305.129 1.345 1.345 1.385 1.465 1.555 1.585 1.525 1.495 1.435 1.375
2324.418 1.335 1.305 1.285 1.2216 1.2148 1.1878 1.1624 1.1851 1.1159 1.069
2343.708 1.1019 1.0874 1.0437 0.9617 0.883 0.8788 0.8915 0.886 0.8324 0.7991
2362.998 0.7709 0.7542 0.7549 0.732 0.7421 0.744 0.7105 0.704 0.6718 0.5857
2382.288 0.5518 0.5406 0.5767 0.6141 0.5856 0.5694 0.6132 0.6527 0.6501 0.6603
2401.578 0.6435 0.5974 0.5858 0.5341 0.5286 0.5446 0.6002 0.6725 0.5868 0.5761
2420.867 0.6757 0.6705 0.6575 0.6956 0.7172 0.6954 0.6826 0.6615 0.594 0.6157
2440.157 0.6809 0.686 0.6419 0.6065 0.6056 0.68 0.7363 0.6997 0.6669 0.6478
2459.447 0.6695 0.6737 0.674 0.6666 0.6594 0.6324 0.5832 0.5498 0.5647 0.6243
2478.737 0.6299 0.5737 0.54 0.5687 0.5812 0.5406 0.4838 0.457 0.467 0.4557
2498.026 0.4123 0.4455 0.4336 0.3973 0.4423 0.4437 0.4405 0.4759 0.5132 0.4918
2517.316 0.3878 0.3982 0.4698 0.4534 0.4328 0.4442 0.3935 0.3777 0.4746 0.5259
2536.606 0.5348 0.5428 0.5231 0.5118 0.59 0.658 0.6289 0.5578 0.5515 0.6208
2555.896 0.5886 0.587 0.6635 0.6941 0.6796 0.657 0.6412 0.6247 0.6477 0.6547
2575.186 0.6275 0.6048 0.6171 0.6412 0.6575 0.627 0.6353 0.7089 0.7072 0.6966
2594.475 0.7265 0.6955 0.6377 0.6648 0.735 0.7433 0.7092 0.6233 0.5908 0.6495
2613.765 0.6566 0.6417 0.6214 0.5588 0.5479 0.5648 0.5664 0.6158 0.6633 0.5906
2633.055 0.5578 0.6121 0.5425 0.5467 0.6099 0.5751 0.5541 0.5583 0.5694 0.552
2652.345 0.5845 0.5748 0.576 0.5878 0.5932 0.612 0.5598 0.5846 0.6089 0.5797
2671.634 0.5575 0.5706 0.6043 0.6233 0.6588 0.6528 0.6052 0.5999 0.6154 0.5801
2690.924 0.5927 0.6456 0.606 0.6477 0.6873 0.6517 0.6407 0.6622 0.656 0.5899
2710.214 0.5715 0.662 0.6982 0.646 0.6019 0.6238 0.6991 0.7561 0.8329 0.9131
2729.504 0.9471 0.9693 1.002 1.0762 1.1512 1.1656 1.2048 1.2733 1.305 1.305
2748.794 1.335 1.365 1.425 1.395 1.355 1.365 1.405 1.315 1.1526 1.1403
2768.083 1.1792 1.1913 1.26 1.295 1.2035 1.1942 1.315 1.405 1.385 1.365
2787.373 1.395 1.395 1.395 1.505 1.475 1.375 1.455 1.565 1.605 1.595
2806.663 1.615 1.625 1.715 1.735 1.715 1.835 1.935 2.055 2.255 2.315
2825.953 2.385 2.575 2.805 3.015 3.175 3.395 3.665 3.975 4.325 4.605
2845.242 4.805 5.205 5.575 5.735 6.055 6.435 6.695 6.895 7.015 7.135
2864.532 7.365 7.645 7.785 7.925 8.135 8.435 8.635 8.845 9.095 9.205
2883.822 9.435 9.835 10.105 10.415 10.985 11.645 12.275 12.835 13.475 14.045
2903.112 14.535 15.165 15.875 16.505 17.125 17.895 18.745 19.615 20.525 21.515
2922.401 22.505 23.405 24.285 25.255 26.265 27.515 28.875 30.095 31.045 31.695
2941.691 32.135 32.135 31.805 31.435 31.305 31.695 32.465 33.515 34.785 35.975
2960.981 37.135 38.125 38.695 38.785 38.395 37.585 36.345 35.035 33.965 33.215
2980.271 33.015 33.035 32.875 32.355 31.425 30.105 28.415 26.365 24.315 22.635
2999.561 21.245 20.085 19.325 18.785 18.235 17.825 17.535 17.565 17.895 18.615
3018.850 19.895 21.415 23.265 25.555 27.835 30.045 32.165 33.845 34.625 34.445
3038.140 33.445 31.585 29.015 26.115 23.425 21.245 19.645 18.625 18.215 18.125
3057.430 18.505 19.555 21.075 23.185 25.745 28.155 30.045 30.935 30.805 29.795
3076.720 27.975 25.495 22.845 20.735 19.195 18.205 17.565 16.985 16.345 15.705
3096.009 15.145 14.605 14.175 13.925 13.715 13.405 12.995 12.425 11.605 10.345
3115.299 9.065 7.775 6.405 5.225 4.365 3.695 3.145 2.795 2.435 2.325
3134.589 2.205 1.845 1.775 1.785 1.625 1.535 1.485 1.375 1.2293 1.1968
3153.879 1.285 1.2293 1.1032 1.0666 1.1382 1.1379 1.157 1.0767 0.8852 0.8906
3173.169 0.8502 0.7951 0.7528 0.6663 0.5275 0.4997 0.5703 0.6414 0.5744 0.4918
3192.458 0.4224 0.31693 0.3882 0.4833 0.47 0.4801 0.4811 0.4032 0.5171 0.5627
3211.748 0.4736 0.502 0.5113 0.433 0.36377 0.385 0.4056 0.388 0.4474 0.5258
3231.038 0.6203 0.5462 0.35866 0.2574 0.2297 0.35637 0.33777 0.35279 0.441 0.4288
3250.328 0.4224 0.30822 0.29714 0.3806 0.4853 0.5139 0.36209 0.34065 0.394 0.3857
3269.617 0.3913 0.4894 0.5759 0.531 0.4536 0.34797 0.34297 0.33391 0.32988 0.28525
3288.907 0.2975 0.3278 0.34614 0.4372 0.3849 0.3804 0.3961 0.3856 0.3059 0.26741
3308.197 0.36398 0.4065 0.404 0.32445 0.269 0.3888 0.36581 0.2264 0.3072 0.388
3327.487 0.36533 0.30997 0.30889 0.34918 0.422 0.5456 0.5268 0.379 0.27385 0.2253
3346.777 0.36957 0.5319 0.4279 0.4944 0.5768 0.4916 0.4091 0.4795 0.6018 0.5058
3366.066 0.35706 0.5232 0.6809 0.4948 0.4688 0.54 0.4758 0.4337 0.4106 0.37064
3385.356 0.4111 0.5081 0.4619 0.35099 0.32941 0.4386 0.4952 0.31372 0.3462 0.6114
3404.646 0.645 0.5764 0.4863 0.4531 0.5434 0.5373 0.4475 0.4632 0.5332 0.5893
3423.936 0.6982 0.7841 0.7814 0.6924 0.7279 1.0085 1.1225 1.1025 1.2257 1.335
3443.225 1.445 1.625 1.895 2.075 2.065 1.995 1.975 2.155 2.225 1.975
3462.515 1.815 1.765 1.705 1.545 1.505 1.515 1.2327 1.0425 1.0226 0.9547
3481.805 0.9201 0.8031 0.6882 0.8203 0.8964 0.8221 0.7381 0.6641 0.6534 0.5796
3501.095 0.5376 0.5808 0.4828 0.3951 0.4079 0.3917 0.33576 0.3924 0.4571 0.3779
3520.385 0.4455 0.4788 0.36014 0.26658 0.135 0.105 0.27227 0.30507 0.2462 0.34575
3539.674 0.34268 0.32464 0.2149 0.2158 0.32251 0.1995 0.2107 0.2624 0.17 0.2113
3558.964 0.2458 0.146 0.104 0.173 0.1936 0.26633 0.31034 0.157 0.1876 0.31017
3578.254 0.26824 0.2036 0.1856 0.164 0.163 0.1776 0.037 0 0.139 0.2624
3597.544 0.36045 0.37152 0.2648 0.117 0.089 0.2085 0.458 0.3888 0.211 0.34562
3616.833 0.33679 0.30903 0.35107 0.2507 0.277658 0.278011 0.17 0.32067 0.4313 0.34114
3636.123 0.282559 0.3803 0.4043 0.29639 0.274886 0.34178 0.5237 0.5013 0.4819 0.5799
3655.413 0.5203 0.5663 0.6186 0.6236 0.4897 0.35275 0.36969 0.4183 0.4067 0.4138
3674.703 0.4393 0.3738 0.2894 0.29213 0.3825 0.4204 0.3854 0.283901 0.1839 0.1872
3693.993 0.2245 0.284938 0.30976 0.34229 0.36753 0.4478 0.4732 0.4003 0.36621 0.3544
3713.282 0.4485 0.493 0.4441 0.3915 0.4411 0.4561 0.36032 0.35386 0.37246 0.26735
3732.572 0.2187 0.30326 0.29636 0.32875 0.31383 0.27368 0.33257 0.34369 0.31629 0.2422
3751.862 0.174 0.125 0.27371 0.29622 0.30912 0.5043 0.4067 0.31105 0.3754 0.31569
3771.152 0.3934 0.5048 0.37393 0.2648 0.4052 0.34036 0.1975 0.3314 0.4139 0.35255
3790.441 0.34555 0.30028 0.2257 0.36104 0.4783 0.35931 0.166 0.069 0.074 0.144
3809.731 0.35624 0.5863 0.5562 0.4119 0.5485 0.6498 0.5026 0.35462 0.2594 0.1987
3829.021 0.151 0.2302 0.4422 0.5238 0.34959 0.4022 0.4856 0.36263 0.31903 0.4019
3848.311 0.37308 0.4404 0.4982 0.32644 0.28802 0.36391 0.3801 0.4031 0.3977 0.33751
3867.601 0.2294 0.282386 0.439 0.4433 0.36878 0.1972 0.118 0.173 0.1842 0.31706
3886.890 0.4172 0.4036 0.3788 0.32334 0.4245 0.4011 0.4354 0.4568 0.30842 0.28272
3906.180 0.30503 0.29356 0.30594 0.3783 0.5593 0.6412 0.54 0.543 0.4815 0.4623
3925.470 0.37319 0.34641 0.5492 0.6021 0.5652 0.4076 0.34216 0.32242 0.3653 0.4126
3944.760 0.4396 0.5001 0.495 0.4365 0.32978 0.35707 0.4756 0.5876 0.4691 0.4644
3964.049 0.6211 0.6019 0.5423 0.5868 0.6212 0.6001 0.6869 0.6746 0.5951 0.5155
3983.339 0.6996 0.8543 0.6599 0.6209 0.6274 0.6326 0.6048 0.508 0.5738 0.6982
##END=
