##TITLE=LAURIC ACID, PENTACHLOROPHENYL ESTER
##JCAMP-DX=4.24
##DATA TYPE=INFRARED SPECTRUM
##CLASS=COBLENTZ III
##ORIGIN=WYANDOTTE CHEMICALS CORP.
##OWNER=COBLENTZ SOCIETY
Collection (C) 2018 copyright by the U.S. Secretary of Commerce
on behalf of the United States of America. All rights reserved.
##DATE=Not specified, most likely prior to 1977
##NAMES=2,3,4,5,6-pentachlorophenyl laurate
##CAS REGISTRY NO=3772-94-9
##MOLFORM=C18 H23 Cl5 O2
##SOURCE REFERENCE=COBLENTZ NO. 9820
##$NIST SOURCE=COBLENTZ
##$NIST IMAGE=cob9820
##SPECTROMETER/DATA SYSTEM=BAIRD (PRISM)
##INSTRUMENT PARAMETERS=NaCl PRISM
##STATE=SOLUTION (CCl4 FOR 2-10.5 MICRONS, CS2 FOR 10.5-16 MICRONS) VS. 0.005 CM SOLVENT
##PATH LENGTH=0.010 CM, 0.010 CM
##SAMPLING PROCEDURE=TRANSMISSION
##RESOLUTION=4
##DATA PROCESSING=DIGITIZED BY NIST FROM HARD COPY
##XUNITS=MICROMETERS
##YUNITS=TRANSMITTANCE
##XFACTOR=1.000000
##YFACTOR=1
##DELTAX=000.004904
##FIRSTX=2.019
##LASTX=15.9852
##FIRSTY=0.953
##MAXX=15.9852
##MINX=2.019
##MAXY=0.985
##MINY=0.019
##NPOINTS=2849
##XYDATA=(X++(Y..Y))
2.019000 0.9530 0.9540 0.9540 0.9540 0.9540
2.043528 0.9540 0.9540 0.9540 0.9540 0.9550
2.068000 0.9550 0.9550 0.9550 0.9550 0.9550
2.092528 0.9550 0.9550 0.9550 0.9570 0.9570
2.117000 0.9570 0.9570 0.9570 0.9570 0.9570
2.141528 0.9570 0.9570 0.9570 0.9570 0.9570
2.166000 0.9550 0.9550 0.9540 0.9540 0.9540
2.190528 0.9530 0.9530 0.9520 0.9520 0.9520
2.215000 0.9510 0.9510 0.9490 0.9490 0.9490
2.239528 0.9490 0.9490 0.9490 0.9490 0.9510
2.264000 0.9510 0.9510 0.9510 0.9510 0.9510
2.288528 0.9520 0.9520 0.9530 0.9530 0.9530
2.313000 0.9530 0.9540 0.9550 0.9550 0.9550
2.337528 0.9570 0.9570 0.9580 0.9580 0.9580
2.362000 0.9590 0.9590 0.9600 0.9600 0.9600
2.386528 0.9620 0.9620 0.9630 0.9630 0.9630
2.412000 0.9640 0.9640 0.9640 0.9640 0.9640
2.436528 0.9640 0.9650 0.9650 0.9650 0.9650
2.461000 0.9660 0.9660 0.9660 0.9660 0.9660
2.485528 0.9660 0.9680 0.9680 0.9680 0.9680
2.510000 0.9690 0.9690 0.9690 0.9690 0.9690
2.534528 0.9700 0.9700 0.9700 0.9700 0.9700
2.559000 0.9700 0.9710 0.9710 0.9710 0.9730
2.583528 0.9730 0.9730 0.9730 0.9740 0.9740
2.608000 0.9740 0.9740 0.9750 0.9750 0.9750
2.632528 0.9750 0.9750 0.9750 0.9750 0.9760
2.657000 0.9760 0.9760 0.9760 0.9760 0.9760
2.681528 0.9760 0.9770 0.9770 0.9770 0.9770
2.706000 0.9770 0.9770 0.9770 0.9770 0.9760
2.730528 0.9760 0.9760 0.9750 0.9730 0.9700
2.755000 0.9700 0.9650 0.9590 0.9540 0.9440
2.779528 0.9430 0.9420 0.9400 0.9380 0.9370
2.804000 0.9360 0.9360 0.9360 0.9370 0.9370
2.828528 0.9380 0.9400 0.9410 0.9430 0.9440
2.853000 0.9460 0.9480 0.9490 0.9510 0.9520
2.877528 0.9520 0.9510 0.9510 0.9490 0.9490
2.902000 0.9480 0.9480 0.9480 0.9470 0.9470
2.926528 0.9470 0.9470 0.9460 0.9460 0.9460
2.951000 0.9460 0.9460 0.9470 0.9480 0.9480
2.975528 0.9490 0.9490 0.9510 0.9510 0.9510
3.000000 0.9520 0.9520 0.9520 0.9530 0.9530
3.024528 0.9530 0.9540 0.9540 0.9540 0.9540
3.049000 0.9530 0.9530 0.9530 0.9520 0.9520
3.073528 0.9510 0.9510 0.9490 0.9490 0.9480
3.098000 0.9480 0.9470 0.9460 0.9460 0.9440
3.122528 0.9430 0.9430 0.9420 0.9420 0.9410
3.147000 0.9380 0.9370 0.9360 0.9330 0.9310
3.171528 0.9290 0.9270 0.9270 0.9260 0.9250
3.196000 0.9240 0.9220 0.9200 0.9180 0.9130
3.220528 0.9090 0.9050 0.9030 0.8990 0.8980
3.245000 0.8970 0.8960 0.8930 0.8930 0.8890
3.269528 0.8830 0.8760 0.8670 0.8560 0.8440
3.294000 0.8300 0.8200 0.7970 0.7600 0.7130
3.318528 0.6580 0.5990 0.5340 0.4660 0.4000
3.343000 0.3340 0.2750 0.2200 0.1360 0.1110
3.367528 0.0990 0.0830 0.0680 0.0520 0.0510
3.392000 0.0520 0.0900 0.1280 0.1660 0.1850
3.416528 0.2040 0.2420 0.2790 0.3190 0.3410
3.441000 0.3520 0.3540 0.3520 0.2950 0.2660
3.465528 0.2240 0.2040 0.1830 0.2010 0.2200
3.490000 0.2560 0.2930 0.3300 0.3630 0.5040
3.514528 0.5950 0.6630 0.7160 0.7510 0.7770
3.539000 0.7920 0.8000 0.8050 0.8100 0.8160
3.563528 0.8270 0.8440 0.8490 0.8530 0.8550
3.588000 0.8580 0.8600 0.8630 0.8660 0.8700
3.612528 0.8740 0.8760 0.8800 0.8820 0.8850
3.638000 0.8870 0.8870 0.8880 0.8890 0.8890
3.662528 0.8910 0.8910 0.8920 0.8930 0.8930
3.687000 0.8940 0.8940 0.8940 0.8960 0.8960
3.711528 0.8960 0.8960 0.8960 0.8960 0.8970
3.736000 0.8980 0.8990 0.8990 0.9000 0.9020
3.760528 0.9030 0.9040 0.9080 0.9090 0.9100
3.785000 0.9130 0.9140 0.9150 0.9180 0.9200
3.809528 0.9210 0.9220 0.9240 0.9250 0.9250
3.834000 0.9260 0.9270 0.9270 0.9290 0.9290
3.858528 0.9300 0.9300 0.9310 0.9310 0.9320
3.883000 0.9330 0.9330 0.9330 0.9350 0.9350
3.907528 0.9350 0.9360 0.9360 0.9360 0.9370
3.932000 0.9380 0.9380 0.9380 0.9380 0.9380
3.956528 0.9380 0.9380 0.9380 0.9380 0.9370
3.981000 0.9360 0.9360 0.9350 0.9350 0.9330
4.005528 0.9320 0.9320 0.9320 0.9320 0.9320
4.030000 0.9320 0.9330 0.9330 0.9330 0.9350
4.054528 0.9360 0.9370 0.9380 0.9380 0.9380
4.079000 0.9380 0.9370 0.9360 0.9360 0.9350
4.103528 0.9350 0.9360 0.9370 0.9400 0.9400
4.128000 0.9410 0.9410 0.9420 0.9420 0.9430
4.152528 0.9430 0.9430 0.9440 0.9440 0.9460
4.177000 0.9470 0.9480 0.9490 0.9490 0.9510
4.201528 0.9510 0.9520 0.9520 0.9510 0.9490
4.226000 0.9480 0.9470 0.9460 0.9460 0.9470
4.250528 0.9480 0.9490 0.9520 0.9530 0.9540
4.275000 0.9550 0.9570 0.9580 0.9580 0.9590
4.299528 0.9590 0.9600 0.9600 0.9620 0.9640
4.324000 0.9660 0.9690 0.9730 0.9740 0.9740
4.348528 0.9750 0.9750 0.9760 0.9760 0.9760
4.373000 0.9760 0.9760 0.9750 0.9750 0.9740
4.397528 0.9730 0.9710 0.9690 0.9680 0.9660
4.422000 0.9650 0.9650 0.9650 0.9650 0.9650
4.446528 0.9660 0.9660 0.9680 0.9680 0.9680
4.471000 0.9680 0.9680 0.9680 0.9680 0.9680
4.495528 0.9680 0.9680 0.9680 0.9680 0.9680
4.520000 0.9690 0.9690 0.9690 0.9690 0.9690
4.544528 0.9700 0.9700 0.9700 0.9700 0.9730
4.569000 0.9730 0.9730 0.9730 0.9730 0.9740
4.593528 0.9740 0.9740 0.9740 0.9740 0.9750
4.618000 0.9750 0.9750 0.9750 0.9760 0.9760
4.642528 0.9760 0.9760 0.9770 0.9770 0.9770
4.667000 0.9770 0.9790 0.9790 0.9790 0.9800
4.691528 0.9800 0.9800 0.9800 0.9800 0.9810
4.716000 0.9810 0.9810 0.9810 0.9810 0.9810
4.740528 0.9820 0.9820 0.9820 0.9820 0.9820
4.765000 0.9820 0.9820 0.9820 0.9820 0.9820
4.789528 0.9840 0.9840 0.9840 0.9840 0.9840
4.814000 0.9840 0.9840 0.9840 0.9840 0.9840
4.838528 0.9840 0.9840 0.9840 0.9840 0.9850
4.864000 0.9840 0.9850 0.9850 0.9820 0.9840
4.888528 0.9840 0.9820 0.9820 0.9820 0.9820
4.913000 0.9820 0.9820 0.9820 0.9820 0.9820
4.937528 0.9820 0.9820 0.9810 0.9810 0.9810
4.962000 0.9800 0.9800 0.9790 0.9760 0.9750
4.986528 0.9750 0.9750 0.9750 0.9760 0.9760
5.011000 0.9770 0.9770 0.9790 0.9790 0.9790
5.035528 0.9790 0.9790 0.9770 0.9760 0.9760
5.060000 0.9750 0.9730 0.9690 0.9650 0.9620
5.084528 0.9600 0.9590 0.9590 0.9600 0.9600
5.109000 0.9600 0.9620 0.9630 0.9630 0.9630
5.133528 0.9630 0.9630 0.9640 0.9640 0.9640
5.158000 0.9640 0.9640 0.9640 0.9640 0.9630
5.182528 0.9630 0.9620 0.9620 0.9620 0.9620
5.207000 0.9620 0.9620 0.9630 0.9640 0.9640
5.231528 0.9660 0.9660 0.9680 0.9680 0.9680
5.256000 0.9690 0.9690 0.9700 0.9700 0.9700
5.280528 0.9700 0.9700 0.9700 0.9700 0.9700
5.305000 0.9690 0.9690 0.9680 0.9660 0.9650
5.329528 0.9650 0.9630 0.9630 0.9620 0.9620
5.354000 0.9620 0.9600 0.9600 0.9590 0.9570
5.378528 0.9570 0.9550 0.9540 0.9540 0.9510
5.403000 0.9480 0.9470 0.9430 0.9430 0.9410
5.427528 0.9400 0.9380 0.9370 0.9350 0.9350
5.452000 0.9330 0.9330 0.9320 0.9320 0.9310
5.476528 0.9290 0.9260 0.9240 0.9210 0.9160
5.501000 0.9100 0.9000 0.8890 0.8750 0.8550
5.525528 0.8320 0.8150 0.7870 0.7490 0.7040
5.550000 0.6520 0.5950 0.5340 0.4700 0.4070
5.574528 0.3430 0.2820 0.2240 0.0640 0.0500
5.599000 0.0340 0.0340 0.0550 0.0750 0.0960
5.623528 0.1180 0.1820 0.2450 0.2890 0.3330
5.648000 0.3780 0.4190 0.5470 0.6320 0.6830
5.672528 0.7130 0.7340 0.7560 0.7920 0.8040
5.697000 0.8120 0.8210 0.8270 0.8330 0.8380
5.721528 0.8430 0.8470 0.8520 0.8550 0.8600
5.746000 0.8650 0.8670 0.8690 0.8700 0.8710
5.770528 0.8720 0.8750 0.8760 0.8770 0.8800
5.795000 0.8820 0.8850 0.8870 0.8880 0.8890
5.819528 0.8930 0.8960 0.8970 0.8980 0.8990
5.844000 0.9020 0.9030 0.9030 0.9040 0.9040
5.868528 0.9040 0.9030 0.8970 0.8960 0.8930
5.893000 0.8910 0.8910 0.8890 0.8890 0.8890
5.917528 0.8890 0.8890 0.8890 0.8890 0.8880
5.942000 0.8880 0.8880 0.8870 0.8870 0.8870
5.966528 0.8870 0.8850 0.8850 0.8820 0.8800
5.991000 0.8770 0.8750 0.8740 0.8740 0.8760
6.015528 0.8850 0.8870 0.8960 0.8970 0.9020
6.040000 0.9030 0.9030 0.9040 0.9050 0.9050
6.064528 0.9070 0.9080 0.9090 0.9090 0.9100
6.089000 0.9100 0.9100 0.9090 0.9080 0.9070
6.113528 0.9050 0.9040 0.9040 0.9030 0.9030
6.139000 0.9020 0.9020 0.9000 0.8990 0.8980
6.163528 0.8960 0.8940 0.8920 0.8920 0.8910
6.188000 0.8880 0.8860 0.8810 0.8770 0.8720
6.212528 0.8650 0.8600 0.8560 0.8540 0.8530
6.237000 0.8500 0.8470 0.8450 0.8380 0.8360
6.261528 0.8340 0.8330 0.8330 0.8320 0.8280
6.286000 0.8270 0.8210 0.8140 0.8110 0.8090
6.310528 0.8080 0.8050 0.8040 0.8030 0.8000
6.335000 0.7980 0.7950 0.7930 0.7880 0.7830
6.359528 0.7770 0.7710 0.7620 0.7510 0.7440
6.384000 0.7370 0.7310 0.7280 0.7280 0.7290
6.408528 0.7310 0.7340 0.7380 0.7420 0.7450
6.433000 0.7480 0.7510 0.7550 0.7590 0.7620
6.457528 0.7670 0.7720 0.7770 0.7810 0.7860
6.482000 0.7900 0.7950 0.8010 0.8060 0.8120
6.506528 0.8190 0.8260 0.8330 0.8410 0.8490
6.531000 0.8580 0.8650 0.8700 0.8750 0.8750
6.555528 0.8770 0.8800 0.8810 0.8830 0.8850
6.580000 0.8880 0.8880 0.8890 0.8890 0.8910
6.604528 0.8910 0.8910 0.8910 0.8910 0.8890
6.629000 0.8890 0.8890 0.8870 0.8850 0.8800
6.653528 0.8750 0.8700 0.8690 0.8670 0.8640
6.678000 0.8600 0.8550 0.8440 0.8370 0.8310
6.702528 0.8230 0.8160 0.8060 0.7930 0.7720
6.727000 0.7460 0.7110 0.6670 0.6110 0.5290
6.751528 0.5260 0.4550 0.4020 0.3810 0.3610
6.776000 0.3590 0.3580 0.3590 0.3850 0.3920
6.800528 0.4000 0.4090 0.4190 0.4350 0.4430
6.825000 0.4540 0.4710 0.4810 0.4910 0.5020
6.849528 0.5170 0.5190 0.5200 0.5180 0.5180
6.874000 0.5170 0.5150 0.5150 0.5170 0.5180
6.898528 0.5200 0.5230 0.5240 0.5260 0.5280
6.923000 0.5250 0.5190 0.5120 0.4950 0.4700
6.947528 0.4440 0.4200 0.3940 0.3700 0.3440
6.972000 0.3200 0.2950 0.2940 0.2950 0.3090
6.996528 0.3210 0.3330 0.3470 0.3640 0.3780
7.021000 0.3820 0.3860 0.3870 0.3930 0.3980
7.045528 0.4080 0.4160 0.4250 0.4320 0.4400
7.070000 0.4440 0.4480 0.4510 0.4520 0.4540
7.094528 0.4550 0.4570 0.4570 0.4360 0.4200
7.119000 0.3920 0.3630 0.3280 0.2900 0.2500
7.143528 0.2100 0.1360 0.1060 0.0830 0.0740
7.168000 0.0620 0.0510 0.0460 0.0410 0.0400
7.192528 0.0410 0.0460 0.0510 0.0570 0.0660
7.217000 0.0770 0.0890 0.1030 0.1180 0.1340
7.241528 0.1500 0.1660 0.1800 0.1930 0.1940
7.266000 0.1910 0.1790 0.1610 0.1320 0.1030
7.290528 0.0850 0.0750 0.0630 0.0510 0.0390
7.315000 0.0260 0.0250 0.0260 0.0480 0.0700
7.339528 0.0920 0.1140 0.1360 0.1580 0.1800
7.365000 0.1910 0.2020 0.2210 0.2710 0.3160
7.389528 0.3550 0.3890 0.4200 0.4460 0.4690
7.414000 0.4900 0.5070 0.5220 0.5350 0.5470
7.438528 0.5570 0.5670 0.5770 0.5880 0.5970
7.463000 0.6080 0.6170 0.6230 0.6290 0.6330
7.487528 0.6350 0.6380 0.6410 0.6440 0.6460
7.512000 0.6470 0.6500 0.6510 0.6540 0.6550
7.536528 0.6550 0.6540 0.6520 0.6510 0.6470
7.561000 0.6440 0.6400 0.6380 0.6350 0.6330
7.585528 0.6300 0.6280 0.6230 0.6170 0.6100
7.610000 0.6060 0.6050 0.6000 0.5950 0.5900
7.634528 0.5850 0.5800 0.5770 0.5750 0.5740
7.659000 0.5740 0.5770 0.5800 0.5830 0.5880
7.683528 0.5910 0.5940 0.5960 0.6000 0.6050
7.708000 0.6110 0.6170 0.6240 0.6270 0.6300
7.732528 0.6330 0.6360 0.6350 0.6300 0.6230
7.757000 0.6140 0.6060 0.5940 0.5850 0.5810
7.781528 0.5740 0.5730 0.5730 0.5750 0.5940
7.806000 0.6160 0.6250 0.6340 0.6410 0.6470
7.830528 0.6520 0.6570 0.6610 0.6630 0.6660
7.855000 0.6670 0.6670 0.6680 0.6710 0.6710
7.879528 0.6720 0.6720 0.6710 0.6680 0.6670
7.904000 0.6650 0.6600 0.6510 0.6350 0.6240
7.928528 0.6180 0.6140 0.6120 0.6080 0.6060
7.953000 0.6020 0.6020 0.6010 0.6000 0.5990
7.977528 0.5990 0.5970 0.5960 0.5960 0.5950
8.002000 0.5950 0.5950 0.5950 0.5960 0.5960
8.026528 0.5990 0.6080 0.6100 0.6110 0.6110
8.051000 0.6110 0.6100 0.6080 0.6060 0.6060
8.075528 0.6030 0.6020 0.6000 0.5960 0.5940
8.100000 0.5900 0.5860 0.5830 0.5790 0.5740
8.124528 0.5680 0.5630 0.5580 0.5560 0.5520
8.149000 0.5500 0.5470 0.5440 0.5390 0.5310
8.173528 0.5280 0.5240 0.5220 0.5180 0.5150
8.198000 0.5130 0.5120 0.5110 0.5110 0.5090
8.222528 0.5080 0.5070 0.5030 0.4980 0.4950
8.247000 0.4920 0.4910 0.4910 0.4910 0.4910
8.271528 0.4910 0.4900 0.4870 0.4820 0.4770
8.296000 0.4710 0.4650 0.4590 0.4550 0.4540
8.320528 0.4520 0.4490 0.4480 0.4470 0.4470
8.345000 0.4470 0.4470 0.4480 0.4490 0.4510
8.369528 0.4520 0.4520 0.4530 0.4530 0.4540
8.394000 0.4540 0.4540 0.4530 0.4530 0.4520
8.418528 0.4510 0.4490 0.4480 0.4470 0.4460
8.443000 0.4430 0.4420 0.4400 0.4380 0.4360
8.467528 0.4350 0.4320 0.4310 0.4300 0.4290
8.492000 0.4270 0.4260 0.4250 0.4240 0.4240
8.516528 0.4240 0.4250 0.4270 0.4350 0.4400
8.541000 0.4460 0.4510 0.4550 0.4590 0.4640
8.565528 0.4680 0.4710 0.4740 0.4770 0.4800
8.591000 0.4820 0.4850 0.4860 0.4880 0.4900
8.615528 0.4920 0.4930 0.4950 0.4960 0.4970
8.640000 0.5000 0.5010 0.5020 0.5030 0.5040
8.664528 0.5060 0.5040 0.5030 0.4980 0.4920
8.689000 0.4870 0.4820 0.4760 0.4710 0.4640
8.713528 0.4570 0.4480 0.4380 0.4270 0.4140
8.738000 0.3980 0.3890 0.3880 0.3880 0.3880
8.762528 0.3890 0.3910 0.3910 0.3910 0.3910
8.787000 0.3890 0.3480 0.3370 0.3210 0.3150
8.811528 0.2950 0.2840 0.2730 0.2710 0.2700
8.836000 0.2700 0.2700 0.2710 0.2730 0.2780
8.860528 0.2860 0.2940 0.3010 0.3090 0.3170
8.885000 0.3250 0.3320 0.3410 0.3480 0.3560
8.909528 0.3640 0.3710 0.3800 0.3870 0.3930
8.934000 0.4000 0.4090 0.4110 0.4110 0.4100
8.958528 0.4070 0.4040 0.3940 0.3870 0.3660
8.983000 0.3450 0.3250 0.3050 0.2860 0.2670
9.007528 0.2490 0.2310 0.2150 0.1820 0.1670
9.032000 0.1520 0.1390 0.1250 0.1120 0.1010
9.056528 0.0900 0.0790 0.0690 0.0610 0.0530
9.081000 0.0460 0.0390 0.0340 0.0310 0.0280
9.105528 0.0250 0.0230 0.0220 0.0200 0.0200
9.130000 0.0190 0.0190 0.0200 0.0200 0.0220
9.154528 0.0220 0.0230 0.0240 0.0250 0.0260
9.179000 0.0260 0.0290 0.0300 0.0310 0.0330
9.203528 0.0340 0.0350 0.0360 0.0390 0.0400
9.228000 0.0420 0.0440 0.0510 0.0560 0.0610
9.252528 0.0670 0.0730 0.0790 0.0850 0.0920
9.277000 0.1000 0.1070 0.1160 0.1230 0.1320
9.301528 0.1410 0.1500 0.1600 0.1680 0.1780
9.326000 0.1890 0.1940 0.1990 0.2090 0.2200
9.350528 0.2290 0.2400 0.2510 0.2610 0.2720
9.375000 0.2830 0.2940 0.3050 0.3160 0.3270
9.399528 0.3380 0.3480 0.3590 0.3700 0.3810
9.424000 0.3910 0.4000 0.4110 0.4210 0.4310
9.448528 0.4410 0.4490 0.4590 0.4680 0.4760
9.473000 0.4850 0.4920 0.5000 0.5070 0.5140
9.497528 0.5220 0.5280 0.5330 0.5400 0.5460
9.522000 0.5520 0.5580 0.5630 0.5680 0.5730
9.546528 0.5770 0.5800 0.5840 0.5880 0.5910
9.571000 0.5950 0.5990 0.6010 0.6050 0.6080
9.595528 0.6110 0.6140 0.6180 0.6210 0.6240
9.620000 0.6290 0.6330 0.6360 0.6410 0.6460
9.644528 0.6510 0.6570 0.6620 0.6680 0.6710
9.669000 0.6720 0.6740 0.6740 0.6770 0.6780
9.693528 0.6790 0.6820 0.6830 0.6840 0.6850
9.718000 0.6870 0.6880 0.6890 0.6900 0.6910
9.742528 0.6930 0.6930 0.6930 0.6930 0.6910
9.767000 0.6910 0.6900 0.6890 0.6890 0.6890
9.791528 0.6880 0.6880 0.6870 0.6850 0.6820
9.817000 0.6820 0.6800 0.6790 0.6780 0.6770
9.841528 0.6770 0.6770 0.6770 0.6770 0.6780
9.866000 0.6780 0.6780 0.6790 0.6800 0.6820
9.890528 0.6820 0.6830 0.6840 0.6840 0.6850
9.915000 0.6870 0.6890 0.6900 0.6910 0.6910
9.939528 0.6910 0.6930 0.6930 0.6930 0.6940
9.964000 0.6940 0.6940 0.6940 0.6940 0.6940
9.988528 0.6930 0.6930 0.6930 0.6930 0.6910
10.013000 0.6900 0.6900 0.6880 0.6870 0.6830
10.037528 0.6800 0.6770 0.6720 0.6660 0.6630
10.062000 0.6600 0.6550 0.6490 0.6430 0.6360
10.086528 0.6290 0.6220 0.6160 0.6080 0.6010
10.111000 0.5950 0.5880 0.5800 0.5770 0.5750
10.135528 0.5770 0.5790 0.5810 0.5860 0.5910
10.160000 0.5960 0.6000 0.6060 0.6120 0.6180
10.184528 0.6240 0.6300 0.6380 0.6450 0.6520
10.209000 0.6580 0.6660 0.6740 0.6820 0.6890
10.233528 0.6960 0.7040 0.7110 0.7180 0.7240
10.258000 0.7320 0.7380 0.7450 0.7510 0.7570
10.282528 0.7620 0.7670 0.7720 0.7750 0.7750
10.307000 0.7770 0.7790 0.7820 0.7840 0.7870
10.331528 0.7890 0.7920 0.7940 0.7970 0.8000
10.356000 0.8010 0.8010 0.8030 0.8030 0.8030
10.380528 0.8040 0.8040 0.8040 0.8050 0.8050
10.405000 0.8050 0.8050 0.8060 0.8060 0.8060
10.429528 0.8080 0.8080 0.8080 0.8090 0.8090
10.454000 0.8090 0.8090 0.8090 0.8090 0.8090
10.478528 0.8090 0.8080 0.8080 0.8080 0.8060
10.503000 0.8060 0.8060 0.8060 0.8050 0.8050
10.527528 0.8050 0.8040 0.8030 0.8030 0.8010
10.552000 0.8000 0.8000 0.7990 0.7990 0.7980
10.576528 0.7980 0.7940 0.7930 0.7920 0.7900
10.601000 0.7890 0.7880 0.7870 0.7870 0.7860
10.625528 0.7840 0.7830 0.7820 0.7810 0.7790
10.650000 0.7780 0.7770 0.7760 0.7750 0.7730
10.674528 0.7720 0.7720 0.7710 0.7700 0.7680
10.699000 0.7670 0.7660 0.7650 0.7640 0.7620
10.723528 0.7610 0.7600 0.7590 0.7570 0.7570
10.748000 0.7560 0.7550 0.7510 0.7500 0.7490
10.772528 0.7490 0.7480 0.7450 0.7430 0.7400
10.797000 0.7370 0.7320 0.7290 0.7280 0.7270
10.821528 0.7260 0.7260 0.7240 0.7230 0.7230
10.846000 0.7220 0.7210 0.7210 0.7200 0.7200
10.870528 0.7200 0.7200 0.7200 0.7200 0.7180
10.895000 0.7180 0.7180 0.7180 0.7180 0.7170
10.919528 0.7170 0.7170 0.7170 0.7160 0.7160
10.944000 0.7160 0.7150 0.7130 0.7130 0.7120
10.968528 0.7110 0.7100 0.7090 0.7090 0.7070
10.993000 0.7070 0.7050 0.7020 0.6980 0.6960
11.017528 0.6910 0.6890 0.6870 0.6850 0.6840
11.043000 0.6790 0.6760 0.6710 0.6670 0.6650
11.067528 0.6630 0.6610 0.6560 0.6470 0.6430
11.092000 0.6380 0.6320 0.6250 0.6190 0.6140
11.116528 0.6070 0.6010 0.5950 0.5890 0.5840
11.141000 0.5780 0.5720 0.5670 0.5610 0.5560
11.165528 0.5510 0.5460 0.5420 0.5390 0.5350
11.190000 0.5280 0.5180 0.5070 0.4970 0.4910
11.214528 0.4880 0.4860 0.4840 0.4790 0.4710
11.239000 0.4660 0.4640 0.4600 0.4580 0.4520
11.263528 0.4470 0.4440 0.4420 0.4420 0.4410
11.288000 0.4380 0.4370 0.4360 0.4360 0.4360
11.312528 0.4360 0.4360 0.4360 0.4360 0.4360
11.337000 0.4360 0.4360 0.4360 0.4360 0.4360
11.361528 0.4360 0.4370 0.4370 0.4380 0.4380
11.386000 0.4410 0.4420 0.4460 0.4460 0.4480
11.410528 0.4490 0.4510 0.4530 0.4540 0.4550
11.435000 0.4550 0.4550 0.4550 0.4550 0.4550
11.459528 0.4550 0.4540 0.4540 0.4530 0.4530
11.484000 0.4520 0.4510 0.4490 0.4480 0.4470
11.508528 0.4470 0.4460 0.4440 0.4430 0.4420
11.533000 0.4410 0.4410 0.4400 0.4370 0.4350
11.557528 0.4300 0.4260 0.4240 0.4210 0.4190
11.582000 0.4100 0.4080 0.4040 0.4000 0.3970
11.606528 0.3930 0.3890 0.3880 0.3880 0.3890
11.631000 0.3890 0.3910 0.3910 0.3930 0.3990
11.655528 0.4020 0.4040 0.4140 0.4240 0.4330
11.680000 0.4430 0.4520 0.4620 0.4700 0.4800
11.704528 0.4880 0.4970 0.5070 0.5150 0.5240
11.729000 0.5330 0.5410 0.5480 0.5570 0.5660
11.753528 0.5730 0.5810 0.5890 0.5960 0.6030
11.778000 0.6110 0.6170 0.6240 0.6300 0.6380
11.802528 0.6440 0.6500 0.6560 0.6610 0.6670
11.827000 0.6720 0.6780 0.6830 0.6880 0.6910
11.851528 0.6960 0.7000 0.7040 0.7070 0.7110
11.876000 0.7130 0.7170 0.7200 0.7220 0.7230
11.900528 0.7240 0.7260 0.7260 0.7270 0.7280
11.925000 0.7280 0.7310 0.7320 0.7320 0.7320
11.949528 0.7330 0.7330 0.7330 0.7320 0.7310
11.974000 0.7280 0.7270 0.7260 0.7230 0.7210
11.998528 0.7200 0.7180 0.7170 0.7160 0.7130
12.023000 0.7100 0.7060 0.7020 0.6960 0.6900
12.047528 0.6830 0.6770 0.6680 0.6600 0.6490
12.072000 0.6390 0.6280 0.6170 0.6060 0.5960
12.096528 0.5850 0.5770 0.5670 0.5630 0.5610
12.121000 0.5590 0.5590 0.5610 0.5620 0.5680
12.145528 0.5740 0.5800 0.5880 0.5990 0.6050
12.170000 0.6110 0.6120 0.6230 0.6340 0.6390
12.194528 0.6440 0.6490 0.6510 0.6550 0.6600
12.219000 0.6610 0.6630 0.6710 0.6740 0.6760
12.243528 0.6760 0.6770 0.6770 0.6780 0.6780
12.268000 0.6790 0.6820 0.6830 0.6850 0.6870
12.292528 0.6890 0.6890 0.6910 0.6940 0.6960
12.318000 0.6980 0.6980 0.6990 0.6990 0.6980
12.342528 0.6980 0.6960 0.6950 0.6950 0.6940
12.367000 0.6930 0.6890 0.6850 0.6820 0.6770
12.391528 0.6730 0.6690 0.6660 0.6610 0.6570
12.416000 0.6540 0.6500 0.6450 0.6400 0.6360
12.440528 0.6320 0.6250 0.6210 0.6140 0.6070
12.465000 0.6010 0.5940 0.5850 0.5810 0.5780
12.489528 0.5730 0.5680 0.5630 0.5570 0.5500
12.514000 0.5460 0.5460 0.5450 0.5440 0.5420
12.538528 0.5410 0.5400 0.5370 0.5350 0.5310
12.563000 0.5300 0.5290 0.5290 0.5280 0.5280
12.587528 0.5260 0.5260 0.5250 0.5250 0.5240
12.612000 0.5240 0.5230 0.5220 0.5200 0.5200
12.636528 0.5190 0.5190 0.5180 0.5180 0.5170
12.661000 0.5150 0.5130 0.5110 0.5060 0.5040
12.685528 0.5030 0.5020 0.5010 0.5000 0.4980
12.710000 0.4950 0.4930 0.4910 0.4880 0.4880
12.734528 0.4870 0.4860 0.4850 0.4840 0.4820
12.759000 0.4810 0.4790 0.4770 0.4760 0.4760
12.783528 0.4750 0.4710 0.4700 0.4700 0.4690
12.808000 0.4690 0.4680 0.4680 0.4680 0.4690
12.832528 0.4700 0.4710 0.4730 0.4740 0.4750
12.857000 0.4770 0.4820 0.4880 0.4930 0.5000
12.881528 0.5040 0.5110 0.5150 0.5220 0.5260
12.906000 0.5330 0.5370 0.5420 0.5470 0.5520
12.930528 0.5570 0.5610 0.5640 0.5680 0.5720
12.955000 0.5740 0.5770 0.5790 0.5800 0.5810
12.979528 0.5810 0.5830 0.5830 0.5840 0.5810
13.004000 0.5750 0.5670 0.5620 0.5570 0.5560
13.028528 0.5570 0.5620 0.5670 0.5690 0.5730
13.053000 0.5770 0.5830 0.5890 0.5950 0.6030
13.077528 0.6110 0.6190 0.6280 0.6350 0.6440
13.102000 0.6510 0.6580 0.6660 0.6720 0.6770
13.126528 0.6820 0.6840 0.6850 0.6900 0.6950
13.151000 0.7000 0.7040 0.7060 0.7100 0.7120
13.175528 0.7150 0.7160 0.7170 0.7180 0.7180
13.200000 0.7180 0.7180 0.7200 0.7200 0.7200
13.224528 0.7200 0.7200 0.7200 0.7200 0.7200
13.249000 0.7200 0.7200 0.7210 0.7210 0.7220
13.273528 0.7220 0.7230 0.7230 0.7230 0.7230
13.298000 0.7230 0.7230 0.7230 0.7230 0.7230
13.322528 0.7230 0.7230 0.7230 0.7220 0.7220
13.347000 0.7210 0.7180 0.7180 0.7170 0.7170
13.371528 0.7160 0.7160 0.7150 0.7150 0.7130
13.396000 0.7120 0.7120 0.7110 0.7100 0.7100
13.420528 0.7090 0.7070 0.7070 0.7050 0.7040
13.445000 0.7020 0.7020 0.7020 0.7000 0.7000
13.469528 0.6990 0.6990 0.6980 0.6950 0.6930
13.494000 0.6900 0.6890 0.6880 0.6880 0.6850
13.518528 0.6840 0.6830 0.6790 0.6780 0.6760
13.544000 0.6720 0.6690 0.6670 0.6660 0.6620
13.568528 0.6610 0.6600 0.6570 0.6560 0.6550
13.593000 0.6540 0.6510 0.6490 0.6450 0.6430
13.617528 0.6400 0.6360 0.6330 0.6290 0.6250
13.642000 0.6220 0.6180 0.6130 0.6100 0.6050
13.666528 0.6000 0.5950 0.5900 0.5850 0.5790
13.691000 0.5730 0.5670 0.5610 0.5550 0.5480
13.715528 0.5410 0.5340 0.5260 0.5190 0.5120
13.740000 0.5030 0.4950 0.4860 0.4770 0.4680
13.764528 0.4590 0.4490 0.4400 0.4290 0.4190
13.789000 0.4080 0.3970 0.3860 0.3740 0.3610
13.813528 0.3490 0.3370 0.3230 0.3100 0.2970
13.838000 0.2830 0.2680 0.2540 0.2430 0.2340
13.862528 0.2270 0.2200 0.2150 0.2090 0.2040
13.887000 0.1880 0.1840 0.1820 0.1780 0.1740
13.911528 0.1720 0.1680 0.1650 0.1630 0.1620
13.936000 0.1620 0.1620 0.1620 0.1630 0.1650
13.960528 0.1670 0.1680 0.1710 0.1720 0.1740
13.985000 0.1790 0.1820 0.1840 0.1930 0.1980
14.009528 0.2010 0.2100 0.2180 0.2270 0.2350
14.034000 0.2450 0.2540 0.2640 0.2730 0.2830
14.058528 0.2930 0.3030 0.3120 0.3230 0.3330
14.083000 0.3430 0.3540 0.3640 0.3750 0.3850
14.107528 0.3960 0.4050 0.4160 0.4260 0.4370
14.132000 0.4470 0.4570 0.4680 0.4770 0.4870
14.156528 0.4970 0.5070 0.5170 0.5260 0.5360
14.181000 0.5450 0.5530 0.5630 0.5720 0.5800
14.205528 0.5880 0.5960 0.6030 0.6110 0.6180
14.230000 0.6250 0.6330 0.6390 0.6450 0.6510
14.254528 0.6560 0.6610 0.6660 0.6710 0.6740
14.279000 0.6830 0.6910 0.6910 0.6940 0.6980
14.303528 0.7000 0.7040 0.7070 0.7100 0.7130
14.328000 0.7160 0.7200 0.7200 0.7270 0.7310
14.352528 0.7340 0.7380 0.7400 0.7450 0.7490
14.377000 0.7530 0.7560 0.7590 0.7610 0.7640
14.401528 0.7650 0.7660 0.7670 0.7710 0.7730
14.426000 0.7770 0.7780 0.7790 0.7810 0.7820
14.450528 0.7830 0.7840 0.7860 0.7870 0.7880
14.475000 0.7890 0.7900 0.7920 0.7930 0.7940
14.499528 0.7970 0.7980 0.7990 0.8000 0.8000
14.524000 0.8030 0.8030 0.8050 0.8090 0.8110
14.548528 0.8140 0.8160 0.8170 0.8190 0.8200
14.573000 0.8200 0.8210 0.8210 0.8210 0.8220
14.597528 0.8220 0.8220 0.8230 0.8230 0.8230
14.622000 0.8250 0.8250 0.8250 0.8260 0.8260
14.646528 0.8260 0.8260 0.8270 0.8270 0.8270
14.671000 0.8280 0.8280 0.8280 0.8300 0.8300
14.695528 0.8300 0.8310 0.8310 0.8310 0.8310
14.720000 0.8310 0.8310 0.8310 0.8310 0.8310
14.744528 0.8310 0.8310 0.8310 0.8310 0.8310
14.770000 0.8310 0.8310 0.8310 0.8310 0.8310
14.794528 0.8310 0.8310 0.8310 0.8310 0.8310
14.819000 0.8310 0.8310 0.8310 0.8310 0.8310
14.843528 0.8310 0.8310 0.8310 0.8310 0.8310
14.868000 0.8310 0.8310 0.8310 0.8310 0.8310
14.892528 0.8310 0.8310 0.8310 0.8310 0.8310
14.917000 0.8310 0.8310 0.8300 0.8300 0.8300
14.941528 0.8280 0.8280 0.8280 0.8270 0.8270
14.966000 0.8270 0.8260 0.8250 0.8230 0.8210
14.990528 0.8200 0.8170 0.8160 0.8140 0.8120
15.015000 0.8100 0.8080 0.8060 0.8040 0.8010
15.039528 0.8000 0.7990 0.7980 0.7970 0.7970
15.064000 0.7970 0.7970 0.7970 0.7980 0.7990
15.088528 0.8040 0.8060 0.8090 0.8090 0.8100
15.113000 0.8110 0.8110 0.8120 0.8140 0.8140
15.137528 0.8140 0.8140 0.8140 0.8140 0.8140
15.162000 0.8120 0.8120 0.8120 0.8120 0.8120
15.186528 0.8120 0.8110 0.8110 0.8110 0.8110
15.211000 0.8110 0.8110 0.8100 0.8100 0.8090
15.235528 0.8090 0.8080 0.8050 0.8030 0.8000
15.260000 0.8000 0.7990 0.7980 0.7970 0.7950
15.284528 0.7940 0.7940 0.7900 0.7880 0.7860
15.309000 0.7840 0.7840 0.7830 0.7810 0.7790
15.333528 0.7770 0.7760 0.7750 0.7720 0.7720
15.358000 0.7710 0.7710 0.7700 0.7680 0.7670
15.382528 0.7670 0.7660 0.7650 0.7640 0.7640
15.407000 0.7620 0.7610 0.7590 0.7570 0.7560
15.431528 0.7540 0.7530 0.7500 0.7490 0.7480
15.456000 0.7460 0.7450 0.7440 0.7430 0.7430
15.480528 0.7420 0.7400 0.7400 0.7400 0.7420
15.505000 0.7420 0.7420 0.7430 0.7430 0.7430
15.529528 0.7440 0.7440 0.7450 0.7480 0.7490
15.554000 0.7500 0.7530 0.7540 0.7550 0.7570
15.578528 0.7590 0.7600 0.7600 0.7620 0.7620
15.603000 0.7620 0.7620 0.7640 0.7640 0.7640
15.627528 0.7640 0.7650 0.7650 0.7650 0.7660
15.652000 0.7670 0.7670 0.7670 0.7670 0.7670
15.676528 0.7670 0.7680 0.7680 0.7680 0.7680
15.701000 0.7680 0.7680 0.7680 0.7680 0.7680
15.725528 0.7700 0.7700 0.7700 0.7700 0.7700
15.750000 0.7710 0.7710 0.7710 0.7710 0.7710
15.774528 0.7710 0.7710 0.7700 0.7700 0.7680
15.799000 0.7680 0.7670 0.7670 0.7660 0.7660
15.823528 0.7650 0.7650 0.7640 0.7640 0.7620
15.848000 0.7620 0.7620 0.7610 0.7610 0.7610
15.872528 0.7610 0.7610 0.7600 0.7600 0.7600
15.897000 0.7600 0.7600 0.7590 0.7590 0.7590
15.921528 0.7590 0.7590 0.7590 0.7590 0.7590
15.946000 0.7570 0.7570 0.7560 0.7550 0.7550
15.970528 0.7540 0.7530 0.7530 0.7530
##END=
