##TITLE=CYCLOBUTANECARBOXYLIC ACID, 2-DIMETHYLAMINO-3,3-DIMETHYL, METHYL ESTER
##JCAMP-DX=4.24
##DATA TYPE=INFRARED SPECTRUM
##CLASS=COBLENTZ
##ORIGIN=TENNESSEE EASTMAN COMPANY, RESEARCH LABORATORIES
##OWNER=COBLENTZ SOCIETY
Collection (C) 2018 copyright by the U.S. Secretary of Commerce
on behalf of the United States of America. All rights reserved.
##DATE=Not specified, most likely prior to 1970
##NAMES=methyl 2-(dimethylamino)-3,3-dimethylcyclobutanecarboxylate
##CAS REGISTRY NO=3854-82-8
##MOLFORM=C10 H19 N O2
##BP=69-74 C AT 4.8-6.4 mmHg
##SOURCE REFERENCE=COBLENTZ NO. 1845
##$NIST SOURCE=COBLENTZ
##$NIST IMAGE=cob1845
##SPECTROMETER/DATA SYSTEM=Not specified, most likely a prism, grating, or hybrid spectrometer.
##STATE=LIQUID
##PATH LENGTH=0.0030 CM
##SAMPLING PROCEDURE=TRANSMISSION
##RESOLUTION=4
##DATA PROCESSING=DIGITIZED BY NIST FROM HARD COPY
##XUNITS=MICROMETERS
##YUNITS=TRANSMITTANCE
##XFACTOR=1.000000
##YFACTOR=1
##DELTAX=000.006816
##FIRSTX=2.068
##LASTX=16.0071
##FIRSTY=0.989
##MAXX=16.0071
##MINX=2.068
##MAXY=0.989
##MINY=0.015
##NPOINTS=2046
##XYDATA=(X++(Y..Y))
2.068000 0.9890 0.9890 0.9890 0.9870 0.9870
2.102097 0.9870 0.9890 0.9890 0.9890 0.9890
2.136000 0.9890 0.9890 0.9890 0.9890 0.9890
2.170097 0.9890 0.9860 0.9810 0.9740 0.9620
2.204000 0.9480 0.9310 0.9240 0.9220 0.9210
2.238097 0.9220 0.9220 0.9270 0.9290 0.9290
2.273000 0.9310 0.9330 0.9330 0.9330 0.9330
2.307097 0.9330 0.9330 0.9330 0.9330 0.9330
2.341000 0.9330 0.9330 0.9330 0.9330 0.9330
2.375097 0.9330 0.9330 0.9330 0.9340 0.9360
2.409000 0.9360 0.9380 0.9380 0.9390 0.9390
2.443097 0.9410 0.9410 0.9430 0.9450 0.9460
2.477000 0.9500 0.9500 0.9510 0.9530 0.9530
2.511097 0.9530 0.9530 0.9530 0.9530 0.9530
2.545000 0.9530 0.9530 0.9530 0.9530 0.9550
2.579097 0.9570 0.9570 0.9570 0.9580 0.9580
2.613000 0.9580 0.9600 0.9600 0.9620 0.9630
2.647097 0.9630 0.9630 0.9630 0.9630 0.9630
2.682000 0.9630 0.9630 0.9630 0.9630 0.9630
2.716097 0.9620 0.9620 0.9580 0.9580 0.9570
2.750000 0.9570 0.9570 0.9580 0.9580 0.9580
2.784097 0.9580 0.9580 0.9580 0.9580 0.9580
2.818000 0.9580 0.9580 0.9580 0.9550 0.9460
2.852097 0.9380 0.9240 0.9100 0.9020 0.9020
2.886000 0.9090 0.9210 0.9260 0.9290 0.9290
2.920097 0.9310 0.9310 0.9330 0.9330 0.9330
2.954000 0.9340 0.9340 0.9340 0.9340 0.9360
2.988097 0.9360 0.9360 0.9380 0.9380 0.9380
3.022000 0.9380 0.9360 0.9360 0.9360 0.9360
3.056097 0.9360 0.9340 0.9330 0.9310 0.9290
3.091000 0.9270 0.9210 0.9210 0.9190 0.9140
3.125097 0.9090 0.9050 0.9050 0.9030 0.9030
3.159000 0.9030 0.9030 0.9030 0.9030 0.9030
3.193097 0.9030 0.9020 0.8980 0.8910 0.8900
3.227000 0.8830 0.8730 0.8660 0.8490 0.8280
3.261097 0.8010 0.7610 0.6910 0.6530 0.5300
3.295000 0.4810 0.4320 0.2790 0.2450 0.0200
3.329097 0.0150 0.0180 0.0200 0.0420 0.0700
3.363000 0.0990 0.1440 0.1760 0.1860 0.2210
3.397097 0.2220 0.2220 0.2220 0.2220 0.2190
3.431000 0.1800 0.1810 0.2070 0.2500 0.3190
3.465097 0.3370 0.3370 0.3240 0.1610 0.1350
3.500000 0.1350 0.1590 0.2410 0.2830 0.2860
3.534097 0.2710 0.2000 0.1250 0.0990 0.0990
3.568000 0.1300 0.2050 0.2410 0.2810 0.3340
3.602097 0.4630 0.5430 0.5710 0.5980 0.6260
3.636000 0.6560 0.6860 0.7160 0.7440 0.7710
3.670097 0.7970 0.8160 0.8280 0.8330 0.8400
3.704000 0.8490 0.8500 0.8520 0.8520 0.8550
3.738097 0.8570 0.8590 0.8590 0.8590 0.8590
3.772000 0.8610 0.8670 0.8740 0.8810 0.8910
3.806097 0.9020 0.9120 0.9190 0.9210 0.9220
3.840000 0.9260 0.9270 0.9290 0.9290 0.9290
3.874097 0.9290 0.9310 0.9330 0.9330 0.9330
3.908000 0.9330 0.9330 0.9330 0.9330 0.9330
3.942097 0.9330 0.9330 0.9330 0.9330 0.9330
3.977000 0.9330 0.9330 0.9330 0.9310 0.9290
4.011097 0.9270 0.9260 0.9260 0.9270 0.9290
4.045000 0.9340 0.9390 0.9390 0.9430 0.9460
4.079097 0.9460 0.9450 0.9450 0.9430 0.9390
4.113000 0.9390 0.9390 0.9390 0.9390 0.9390
4.147097 0.9390 0.9410 0.9390 0.9390 0.9390
4.181000 0.9390 0.9390 0.9390 0.9390 0.9390
4.215097 0.9390 0.9390 0.9380 0.9380 0.9340
4.249000 0.9330 0.9310 0.9290 0.9290 0.9260
4.283097 0.9260 0.9260 0.9260 0.9270 0.9270
4.317000 0.9290 0.9290 0.9360 0.9410 0.9450
4.351097 0.9500 0.9510 0.9550 0.9580 0.9580
4.386000 0.9580 0.9510 0.9510 0.9510 0.9510
4.420097 0.9510 0.9510 0.9550 0.9550 0.9550
4.454000 0.9570 0.9570 0.9570 0.9580 0.9580
4.488097 0.9580 0.9580 0.9580 0.9580 0.9580
4.522000 0.9580 0.9580 0.9580 0.9580 0.9580
4.556097 0.9580 0.9580 0.9580 0.9570 0.9570
4.590000 0.9550 0.9480 0.9430 0.9410 0.9410
4.624097 0.9410 0.9360 0.9290 0.9290 0.9240
4.658000 0.9220 0.9210 0.9190 0.9150 0.9090
4.692097 0.9090 0.9090 0.9100 0.9140 0.9140
4.726000 0.9150 0.9150 0.9170 0.9170 0.9170
4.760097 0.9170 0.9170 0.9170 0.9190 0.9190
4.795000 0.9190 0.9190 0.9210 0.9210 0.9210
4.829097 0.9220 0.9220 0.9240 0.9240 0.9260
4.863000 0.9260 0.9270 0.9290 0.9290 0.9310
4.897097 0.9310 0.9310 0.9310 0.9330 0.9330
4.931000 0.9330 0.9330 0.9330 0.9330 0.9330
4.965097 0.9330 0.9330 0.9330 0.9330 0.9330
4.999000 0.9330 0.9330 0.9330 0.9340 0.9340
5.033097 0.9360 0.9360 0.9360 0.9360 0.9380
5.067000 0.9380 0.9390 0.9390 0.9410 0.9410
5.101097 0.9410 0.9390 0.9390 0.9390 0.9360
5.135000 0.9340 0.9330 0.9340 0.9360 0.9390
5.169097 0.9430 0.9430 0.9430 0.9430 0.9430
5.204000 0.9410 0.9390 0.9390 0.9380 0.9380
5.238097 0.9380 0.9390 0.9390 0.9390 0.9410
5.272000 0.9410 0.9410 0.9410 0.9430 0.9430
5.306097 0.9410 0.9390 0.9380 0.9380 0.9380
5.340000 0.9360 0.9340 0.9330 0.9310 0.9310
5.374097 0.9310 0.9270 0.9270 0.9240 0.9210
5.408000 0.9210 0.9190 0.9170 0.9120 0.9100
5.442097 0.9070 0.9050 0.9020 0.9000 0.8970
5.476000 0.8950 0.8930 0.8880 0.8790 0.8690
5.510097 0.8620 0.8540 0.8370 0.8280 0.8190
5.544000 0.8130 0.8040 0.7970 0.7890 0.7780
5.578097 0.7650 0.7510 0.7340 0.7130 0.6870
5.612000 0.6580 0.6260 0.5930 0.5540 0.5060
5.646097 0.4780 0.4490 0.3820 0.2980 0.1980
5.681000 0.1350 0.0940 0.0200 0.0150 0.0150
5.715097 0.0170 0.0180 0.0200 0.0220 0.0270
5.749000 0.0340 0.0490 0.0700 0.1080 0.1450
5.783097 0.1830 0.2210 0.2570 0.2950 0.3320
5.817000 0.3700 0.4080 0.4750 0.4930 0.5360
5.851097 0.5540 0.5660 0.5760 0.5860 0.6020
5.885000 0.6200 0.6270 0.6360 0.6480 0.6630
5.919097 0.6840 0.7100 0.7280 0.7420 0.7530
5.953000 0.7590 0.7650 0.7700 0.7730 0.7780
5.987097 0.7850 0.7940 0.8010 0.8040 0.8070
6.021000 0.8090 0.8090 0.8090 0.8070 0.8070
6.055097 0.8070 0.8090 0.8110 0.8140 0.8210
6.090000 0.8210 0.8210 0.8210 0.8210 0.8210
6.124097 0.8250 0.8260 0.8260 0.8260 0.8260
6.158000 0.8280 0.8280 0.8280 0.8300 0.8330
6.192097 0.8380 0.8470 0.8500 0.8520 0.8520
6.226000 0.8520 0.8550 0.8590 0.8590 0.8570
6.260097 0.8570 0.8570 0.8570 0.8610 0.8610
6.294000 0.8590 0.8540 0.8490 0.8430 0.8420
6.328097 0.8400 0.8400 0.8400 0.8400 0.8400
6.362000 0.8380 0.8380 0.8280 0.8210 0.8210
6.396097 0.8210 0.8210 0.8280 0.8310 0.8310
6.430000 0.8280 0.8230 0.8140 0.8090 0.8060
6.464097 0.8020 0.8060 0.8070 0.8130 0.8180
6.499000 0.8180 0.8140 0.8130 0.8040 0.7970
6.533097 0.7900 0.7900 0.7900 0.7920 0.7920
6.567000 0.7900 0.7890 0.7830 0.7750 0.7650
6.601097 0.7560 0.7470 0.7460 0.7460 0.7400
6.635000 0.7250 0.7100 0.7030 0.6890 0.6680
6.669097 0.6410 0.6200 0.6070 0.5720 0.5400
6.703000 0.5020 0.4880 0.4750 0.3960 0.3290
6.737097 0.2570 0.1860 0.1830 0.0990 0.0780
6.771000 0.0770 0.0720 0.0460 0.0420 0.0460
6.805097 0.0540 0.0660 0.0680 0.0700 0.0730
6.839000 0.0750 0.0770 0.0820 0.0900 0.0990
6.873097 0.1060 0.1080 0.1080 0.0970 0.0890
6.907000 0.0890 0.0870 0.0850 0.0870 0.1230
6.941097 0.1680 0.2160 0.2740 0.2960 0.3670
6.976000 0.4090 0.4200 0.4850 0.5400 0.5780
7.010097 0.6240 0.6340 0.6380 0.6410 0.6460
7.044000 0.6500 0.6550 0.6560 0.6560 0.6560
7.078097 0.6500 0.6480 0.6410 0.6380 0.6290
7.112000 0.6170 0.6000 0.5830 0.5280 0.5140
7.146097 0.4730 0.4320 0.4030 0.3430 0.2640
7.180000 0.2040 0.1980 0.1810 0.1730 0.1560
7.214097 0.1230 0.0990 0.0870 0.0850 0.0870
7.248000 0.0990 0.1140 0.1350 0.1610 0.1680
7.282097 0.1680 0.1680 0.1570 0.1450 0.1380
7.316000 0.1400 0.1540 0.1850 0.2040 0.2430
7.350097 0.2590 0.2840 0.3170 0.3240 0.3580
7.385000 0.3680 0.3700 0.3750 0.4090 0.4090
7.419097 0.3990 0.3650 0.3340 0.2910 0.2480
7.453000 0.2090 0.1740 0.1740 0.1780 0.2000
7.487097 0.2280 0.2550 0.2890 0.3130 0.3390
7.521000 0.3790 0.3990 0.4280 0.4390 0.4560
7.555097 0.4690 0.4880 0.5120 0.5240 0.5400
7.589000 0.5570 0.5710 0.5790 0.5840 0.5880
7.623097 0.5880 0.5880 0.5880 0.5880 0.5780
7.657000 0.5550 0.5430 0.5300 0.5020 0.4850
7.691097 0.4680 0.4230 0.3730 0.3190 0.2640
7.725000 0.1860 0.1440 0.1200 0.1040 0.1010
7.759097 0.1040 0.1160 0.1350 0.1490 0.1490
7.794000 0.1380 0.1320 0.1250 0.1160 0.1130
7.828097 0.1090 0.1080 0.1080 0.1080 0.1080
7.862000 0.1080 0.1080 0.1090 0.1090 0.1090
7.896097 0.1090 0.1130 0.1180 0.1180 0.1260
7.930000 0.1420 0.1610 0.1830 0.2090 0.2310
7.964097 0.2530 0.2690 0.2930 0.3100 0.3240
7.998000 0.3370 0.3510 0.3600 0.3680 0.3770
8.032097 0.3770 0.3790 0.3790 0.3770 0.3730
8.066000 0.3630 0.3480 0.3240 0.3030 0.2720
8.100097 0.2530 0.1930 0.1590 0.1280 0.1020
8.134000 0.0840 0.0750 0.0700 0.0660 0.0660
8.168097 0.0650 0.0630 0.0630 0.0610 0.0610
8.203000 0.0600 0.0600 0.0600 0.0600 0.0600
8.237097 0.0600 0.0580 0.0510 0.0480 0.0440
8.271000 0.0410 0.0370 0.0360 0.0320 0.0320
8.305097 0.0300 0.0300 0.0300 0.0290 0.0290
8.339000 0.0270 0.0250 0.0220 0.0200 0.0180
8.373097 0.0170 0.0170 0.0180 0.0200 0.0200
8.407000 0.0200 0.0180 0.0180 0.0180 0.0170
8.441097 0.0170 0.0170 0.0170 0.0170 0.0170
8.475000 0.0180 0.0240 0.0290 0.0390 0.0560
8.509097 0.0650 0.0840 0.0990 0.1140 0.1300
8.543000 0.1380 0.1470 0.1470 0.1380 0.1260
8.577097 0.1080 0.0940 0.0750 0.0560 0.0370
8.611000 0.0340 0.0290 0.0270 0.0290 0.0290
8.645097 0.0440 0.0560 0.0680 0.0780 0.0850
8.680000 0.0870 0.0890 0.0890 0.0890 0.0900
8.714097 0.1020 0.1200 0.1420 0.1640 0.1930
8.748000 0.2340 0.2740 0.3050 0.3310 0.3510
8.782097 0.3730 0.3940 0.4200 0.4510 0.4870
8.816000 0.4990 0.5210 0.5280 0.5400 0.5540
8.850097 0.5620 0.5670 0.5710 0.5740 0.5780
8.884000 0.5780 0.5790 0.5810 0.5810 0.5810
8.918097 0.5810 0.5780 0.5640 0.5540 0.5430
8.952000 0.5280 0.5160 0.5040 0.5000 0.4950
8.986097 0.4880 0.4850 0.4810 0.4830 0.4930
9.020000 0.5090 0.5230 0.5310 0.5430 0.5480
9.054097 0.5500 0.5480 0.5330 0.5140 0.5060
9.089000 0.4950 0.4780 0.4760 0.4760 0.4780
9.123097 0.4800 0.5230 0.5350 0.5480 0.5520
9.157000 0.5500 0.5430 0.5260 0.5060 0.5000
9.191097 0.4930 0.4680 0.4330 0.3970 0.3630
9.225000 0.3390 0.3270 0.2670 0.2330 0.2070
9.259097 0.1970 0.1800 0.1780 0.1780 0.1800
9.293000 0.1950 0.2090 0.2380 0.2690 0.2840
9.327097 0.3070 0.3290 0.3530 0.3750 0.3960
9.361000 0.4130 0.4230 0.4330 0.4470 0.4570
9.395097 0.4590 0.4610 0.4590 0.4520 0.4470
9.429000 0.4330 0.4210 0.4040 0.3750 0.3480
9.463097 0.3250 0.2930 0.2480 0.2070 0.1680
9.498000 0.1350 0.1090 0.0890 0.0730 0.0560
9.532097 0.0490 0.0490 0.0490 0.0490 0.0540
9.566000 0.0580 0.0680 0.0730 0.0800 0.0940
9.600097 0.1010 0.1080 0.1140 0.1230 0.1780
9.634000 0.1970 0.2190 0.2550 0.2830 0.3130
9.668097 0.3460 0.3610 0.4080 0.4330 0.4540
9.702000 0.4880 0.5300 0.5540 0.5720 0.5900
9.736097 0.6030 0.6140 0.6240 0.6340 0.6430
9.770000 0.6480 0.6510 0.6550 0.6560 0.6600
9.804097 0.6680 0.6740 0.6750 0.6790 0.6790
9.838000 0.6820 0.6870 0.6890 0.6910 0.7010
9.872097 0.7100 0.7160 0.7200 0.7220 0.7270
9.907000 0.7320 0.7350 0.7400 0.7470 0.7470
9.941097 0.7490 0.7490 0.7510 0.7510 0.7510
9.975000 0.7510 0.7490 0.7470 0.7420 0.7390
10.009097 0.7340 0.7250 0.7160 0.7040 0.6960
10.043000 0.6840 0.6720 0.6600 0.6530 0.6460
10.077097 0.6410 0.6390 0.6410 0.6550 0.6650
10.111000 0.6790 0.6860 0.7030 0.7150 0.7220
10.145097 0.7440 0.7530 0.7650 0.7710 0.7800
10.179000 0.7890 0.7940 0.7990 0.8040 0.8110
10.213097 0.8180 0.8250 0.8280 0.8280 0.8300
10.247000 0.8310 0.8330 0.8330 0.8350 0.8380
10.281097 0.8380 0.8380 0.8380 0.8380 0.8350
10.315000 0.8330 0.8310 0.8280 0.8280 0.8230
10.349097 0.8190 0.8180 0.8110 0.8040 0.7920
10.384000 0.7890 0.7800 0.7630 0.7460 0.7280
10.418097 0.7110 0.6920 0.6700 0.6480 0.6200
10.452000 0.5880 0.5600 0.5430 0.5190 0.4950
10.486097 0.4610 0.4450 0.4160 0.3990 0.3960
10.520000 0.3940 0.3910 0.3910 0.3990 0.4300
10.554097 0.4490 0.4780 0.5230 0.5430 0.5620
10.588000 0.5840 0.6070 0.6360 0.6680 0.6820
10.622097 0.6990 0.7040 0.7160 0.7280 0.7350
10.656000 0.7420 0.7470 0.7490 0.7510 0.7510
10.690097 0.7490 0.7460 0.7390 0.7280 0.7080
10.724000 0.6840 0.6600 0.6310 0.6020 0.5690
10.758097 0.5350 0.5040 0.4970 0.4880 0.4680
10.793000 0.4610 0.4590 0.4610 0.4730 0.4760
10.827097 0.4930 0.5230 0.5360 0.5470 0.5570
10.861000 0.5670 0.5760 0.5840 0.5950 0.6100
10.895097 0.6260 0.6360 0.6510 0.6670 0.6840
10.929000 0.6960 0.7130 0.7250 0.7400 0.7460
10.963097 0.7490 0.7510 0.7560 0.7560 0.7560
10.997000 0.7540 0.7440 0.7370 0.7230 0.7060
11.031097 0.6820 0.6560 0.6310 0.6020 0.5760
11.065000 0.5500 0.5260 0.5230 0.5210 0.5210
11.099097 0.5280 0.5480 0.5710 0.6080 0.6310
11.133000 0.6460 0.6630 0.6720 0.6940 0.7060
11.167097 0.7200 0.7300 0.7370 0.7440 0.7470
11.202000 0.7510 0.7530 0.7530 0.7510 0.7490
11.236097 0.7490 0.7460 0.7370 0.7340 0.7300
11.270000 0.7280 0.7250 0.7180 0.7180 0.7160
11.304097 0.7130 0.7110 0.7040 0.7010 0.6980
11.338000 0.6920 0.6910 0.6910 0.6890 0.6870
11.372097 0.6890 0.6960 0.7010 0.7060 0.7110
11.406000 0.7160 0.7220 0.7250 0.7280 0.7300
11.440097 0.7300 0.7280 0.7280 0.7280 0.7270
11.474000 0.7220 0.7200 0.7150 0.7150 0.7160
11.508097 0.7200 0.7280 0.7320 0.7390 0.7470
11.542000 0.7590 0.7700 0.7800 0.7850 0.7970
11.576097 0.8040 0.8090 0.8140 0.8210 0.8260
11.611000 0.8310 0.8350 0.8380 0.8400 0.8400
11.645097 0.8420 0.8470 0.8490 0.8500 0.8520
11.679000 0.8520 0.8570 0.8590 0.8610 0.8620
11.713097 0.8620 0.8640 0.8640 0.8640 0.8640
11.747000 0.8640 0.8640 0.8640 0.8640 0.8620
11.781097 0.8620 0.8610 0.8570 0.8540 0.8500
11.815000 0.8470 0.8420 0.8380 0.8330 0.8300
11.849097 0.8280 0.8230 0.8110 0.8020 0.7950
11.883000 0.7850 0.7750 0.7590 0.7460 0.7300
11.917097 0.7030 0.6940 0.6580 0.6480 0.6030
11.951000 0.5840 0.5520 0.5280 0.5040 0.4970
11.985097 0.4900 0.4780 0.4680 0.4590 0.4490
12.019000 0.4450 0.4440 0.4450 0.4490 0.4560
12.053097 0.4710 0.4830 0.4950 0.5160 0.5300
12.088000 0.5450 0.5620 0.5660 0.5930 0.6000
12.122097 0.6150 0.6240 0.6360 0.6510 0.6650
12.156000 0.6790 0.6870 0.6990 0.7080 0.7200
12.190097 0.7250 0.7400 0.7460 0.7540 0.7650
12.224000 0.7700 0.7730 0.7780 0.7850 0.7920
12.258097 0.7990 0.8010 0.8040 0.8110 0.8130
12.292000 0.8180 0.8180 0.8190 0.8210 0.8230
12.326097 0.8260 0.8260 0.8280 0.8300 0.8300
12.360000 0.8310 0.8310 0.8330 0.8350 0.8350
12.394097 0.8370 0.8370 0.8370 0.8350 0.8350
12.428000 0.8330 0.8310 0.8300 0.8280 0.8250
12.462097 0.8190 0.8180 0.8130 0.8020 0.8010
12.497000 0.7990 0.7920 0.7830 0.7780 0.7730
12.531097 0.7680 0.7610 0.7580 0.7540 0.7510
12.565000 0.7490 0.7470 0.7470 0.7470 0.7470
12.599097 0.7470 0.7490 0.7510 0.7530 0.7580
12.633000 0.7630 0.7710 0.7820 0.7900 0.7990
12.667097 0.8010 0.8090 0.8130 0.8190 0.8230
12.701000 0.8260 0.8300 0.8330 0.8370 0.8400
12.735097 0.8420 0.8450 0.8470 0.8490 0.8500
12.769000 0.8500 0.8550 0.8570 0.8570 0.8590
12.803097 0.8590 0.8610 0.8610 0.8620 0.8640
12.837000 0.8640 0.8640 0.8660 0.8660 0.8660
12.871097 0.8660 0.8670 0.8670 0.8670 0.8670
12.906000 0.8670 0.8670 0.8670 0.8670 0.8670
12.940097 0.8670 0.8690 0.8690 0.8690 0.8690
12.974000 0.8690 0.8710 0.8710 0.8710 0.8710
13.008097 0.8710 0.8710 0.8710 0.8710 0.8710
13.042000 0.8710 0.8710 0.8710 0.8710 0.8710
13.076097 0.8710 0.8710 0.8710 0.8710 0.8710
13.110000 0.8710 0.8710 0.8710 0.8690 0.8690
13.144097 0.8690 0.8690 0.8690 0.8690 0.8690
13.178000 0.8690 0.8670 0.8660 0.8660 0.8640
13.212097 0.8610 0.8590 0.8570 0.8570 0.8550
13.246000 0.8540 0.8520 0.8520 0.8500 0.8490
13.280097 0.8470 0.8450 0.8450 0.8430 0.8420
13.315000 0.8380 0.8330 0.8310 0.8280 0.8280
13.349097 0.8280 0.8260 0.8250 0.8210 0.8180
13.383000 0.8160 0.8140 0.8140 0.8130 0.8130
13.417097 0.8110 0.8090 0.8090 0.8090 0.8070
13.451000 0.8070 0.8070 0.8070 0.8070 0.8070
13.485097 0.8070 0.8070 0.8070 0.8070 0.8070
13.519000 0.8070 0.8070 0.8070 0.8070 0.8070
13.553097 0.8070 0.8070 0.8070 0.8070 0.8070
13.587000 0.8070 0.8070 0.8070 0.8060 0.8060
13.621097 0.8040 0.8020 0.8020 0.8020 0.8020
13.655000 0.8020 0.8020 0.8020 0.8020 0.8010
13.689097 0.8010 0.8010 0.8010 0.8010 0.8010
13.723000 0.8010 0.8010 0.8010 0.8010 0.8010
13.757097 0.8010 0.8010 0.7990 0.7990 0.7970
13.792000 0.7970 0.7950 0.7940 0.7920 0.7900
13.826097 0.7900 0.7890 0.7870 0.7820 0.7820
13.860000 0.7800 0.7800 0.7780 0.7780 0.7770
13.894097 0.7770 0.7710 0.7710 0.7700 0.7680
13.928000 0.7660 0.7580 0.7530 0.7490 0.7460
13.962097 0.7390 0.7320 0.7320 0.7280 0.7230
13.996000 0.7200 0.7130 0.7060 0.6960 0.6840
14.030097 0.6790 0.6680 0.6620 0.6510 0.6480
14.064000 0.6390 0.6310 0.6270 0.6200 0.6140
14.098097 0.6080 0.6070 0.6030 0.6000 0.5960
14.132000 0.5950 0.5930 0.5910 0.5910 0.5900
14.166097 0.5900 0.5900 0.5910 0.5910 0.5910
14.201000 0.5930 0.5950 0.5960 0.5980 0.6000
14.235097 0.6020 0.6020 0.6050 0.6050 0.6070
14.269000 0.6100 0.6120 0.6140 0.6140 0.6170
14.303097 0.6170 0.6220 0.6260 0.6270 0.6310
14.337000 0.6340 0.6390 0.6410 0.6410 0.6440
14.371097 0.6460 0.6510 0.6550 0.6560 0.6580
14.405000 0.6600 0.6620 0.6670 0.6680 0.6700
14.439097 0.6720 0.6770 0.6750 0.6770 0.6790
14.473000 0.6800 0.6800 0.6820 0.6840 0.6860
14.507097 0.6870 0.6870 0.6870 0.6870 0.6890
14.541000 0.6890 0.6890 0.6890 0.6910 0.6910
14.575097 0.6910 0.6910 0.6910 0.6920 0.6920
14.610000 0.6940 0.6940 0.6940 0.6940 0.6940
14.644097 0.6940 0.6940 0.6960 0.6960 0.6960
14.678000 0.6960 0.6960 0.6960 0.6960 0.6960
14.712097 0.6960 0.6960 0.6960 0.6960 0.6960
14.746000 0.6940 0.6940 0.6940 0.6940 0.6940
14.780097 0.6920 0.6910 0.6910 0.6910 0.6890
14.814000 0.6890 0.6870 0.6870 0.6870 0.6870
14.848097 0.6870 0.6860 0.6840 0.6820 0.6770
14.882000 0.6770 0.6720 0.6700 0.6700 0.6680
14.916097 0.6670 0.6630 0.6630 0.6620 0.6620
14.950000 0.6600 0.6580 0.6580 0.6580 0.6560
14.984097 0.6560 0.6560 0.6560 0.6550 0.6550
15.019000 0.6530 0.6530 0.6530 0.6510 0.6510
15.053097 0.6500 0.6500 0.6500 0.6500 0.6500
15.087000 0.6480 0.6480 0.6460 0.6460 0.6440
15.121097 0.6430 0.6410 0.6410 0.6390 0.6380
15.155000 0.6380 0.6340 0.6340 0.6320 0.6310
15.189097 0.6310 0.6290 0.6290 0.6270 0.6270
15.223000 0.6260 0.6240 0.6200 0.6190 0.6170
15.257097 0.6140 0.6140 0.6140 0.6140 0.6140
15.291000 0.6120 0.6080 0.6070 0.6070 0.6050
15.325097 0.6050 0.6020 0.6020 0.6020 0.6000
15.359000 0.6000 0.5980 0.5980 0.5980 0.5960
15.393097 0.5960 0.5950 0.5950 0.5930 0.5910
15.427000 0.5900 0.5900 0.5900 0.5880 0.5880
15.461097 0.5860 0.5860 0.5860 0.5830 0.5830
15.496000 0.5830 0.5830 0.5830 0.5830 0.5830
15.530097 0.5830 0.5810 0.5790 0.5780 0.5760
15.564000 0.5760 0.5720 0.5710 0.5690 0.5690
15.598097 0.5670 0.5640 0.5640 0.5620 0.5620
15.632000 0.5600 0.5590 0.5590 0.5590 0.5590
15.666097 0.5590 0.5570 0.5570 0.5570 0.5540
15.700000 0.5540 0.5540 0.5520 0.5520 0.5500
15.734097 0.5480 0.5480 0.5480 0.5480 0.5470
15.768000 0.5470 0.5450 0.5450 0.5450 0.5450
15.802097 0.5450 0.5450 0.5450 0.5450 0.5450
15.836000 0.5430 0.5420 0.5400 0.5400 0.5400
15.870097 0.5380 0.5380 0.5380 0.5360 0.5360
15.905000 0.5360 0.5360 0.5330 0.5330 0.5310
15.939097 0.5310 0.5310 0.5310 0.5300 0.5300
15.973000 0.5300 0.5300 0.5300 0.5300 0.5240
16.007097 0.5300
##END=
