##TITLE=2-THIOUREA, 1-ETHYL-1-PHENYL-
##JCAMP-DX=4.24
##DATA TYPE=INFRARED SPECTRUM
##CLASS=COBLENTZ III
##ORIGIN=DOW CHEMICAL COMPANY
##OWNER=COBLENTZ SOC.
Collection (C) 2018 copyright by the U.S. Secretary of Commerce
on behalf of the United States of America. All rights reserved.
##DATE=1965/12/16
##NAMES=N-ethyl-N-phenylthiourea
##CAS REGISTRY NO=3955-58-6
##MOLFORM=C9 H12 N2 S
##SOURCE REFERENCE=COBLENTZ NO. 06574
##$NIST SOURCE=COBLENTZ
##$NIST IMAGE=cob6574
##SPECTROMETER/DATA SYSTEM=DOW KBr FOREPRISM-GRATING
##INSTRUMENT PARAMETERS=BLAZED AT 3.5, 12.0, 20.0 MICRON AND CHANGED AT 5.0, 7.5, 14.9 MICRON
##STATE=SOLID (SPLIT MULL)
##SAMPLING PROCEDURE=TRANSMISSION
##RESOLUTION=2
##DATA PROCESSING=DIGITIZED BY COBLENTZ SOCIETY (BATCH I) FROM HARD COPY
##XUNITS=1/CM
##YUNITS=TRANSMITTANCE
##XLABEL=Wavenumbers (cm-1)
##YLABEL=% Transmission
##XFACTOR=1
##YFACTOR=1
##DELTAX=1
##FIRSTX=455
##LASTX=3800
##FIRSTY=0.633
##MAXX=3800
##MINX=455
##MAXY=0.8644
##MINY=0.0499
##NPOINTS=3346
##XYDATA=(X++(Y..Y))
455.000000 0.6330 0.6312 0.6326 0.6275 0.6253
460.000000 0.6228 0.6203 0.6179 0.6156 0.6133
465.000000 0.6110 0.6088 0.6058 0.6027 0.5996
470.000000 0.5960 0.5923 0.5885 0.5847 0.5809
475.000000 0.5772 0.5735 0.5698 0.5660 0.5618
480.000000 0.5574 0.5529 0.5485 0.5438 0.5390
485.000000 0.5342 0.5287 0.5219 0.5151 0.4998
490.000000 0.4762 0.4487 0.4064 0.3950 0.3832
495.000000 0.3768 0.3755 0.3755 0.3723 0.3774
500.000000 0.3796 0.3850 0.3906 0.3995 0.4090
505.000000 0.4223 0.4386 0.4578 0.4691 0.4814
510.000000 0.5132 0.5445 0.5585 0.5707 0.5849
515.000000 0.5997 0.6101 0.6168 0.6210 0.6252
520.000000 0.6289 0.6326 0.6357 0.6382 0.6391
525.000000 0.6396 0.6415 0.6393 0.6385 0.6376
530.000000 0.6357 0.6335 0.6309 0.6275 0.6237
535.000000 0.6178 0.6034 0.5940 0.5858 0.5754
540.000000 0.5637 0.5243 0.4790 0.4336 0.4288
545.000000 0.4279 0.4291 0.4542 0.5028 0.5515
550.000000 0.6002 0.6415 0.6680 0.6769 0.6821
555.000000 0.6851 0.6901 0.6956 0.7001 0.7046
560.000000 0.7075 0.7101 0.7128 0.7155 0.7184
565.000000 0.7214 0.7244 0.7272 0.7301 0.7308
570.000000 0.7308 0.7298 0.7293 0.7284 0.7253
575.000000 0.7221 0.7185 0.7130 0.7075 0.6945
580.000000 0.6789 0.6740 0.6733 0.6803 0.6889
585.000000 0.7021 0.7144 0.7544 0.7591 0.7608
590.000000 0.7622 0.7633 0.7643 0.7651 0.7660
595.000000 0.7668 0.7675 0.7683 0.7690 0.7697
600.000000 0.7705 0.7711 0.7731 0.7708 0.7706
605.000000 0.7704 0.7698 0.7678 0.7657 0.7603
610.000000 0.7537 0.7401 0.7336 0.7333 0.7298
615.000000 0.7383 0.7558 0.7703 0.7734 0.7735
620.000000 0.7736 0.7719 0.7725 0.7711 0.7696
625.000000 0.7675 0.7655 0.7628 0.7593 0.7551
630.000000 0.7401 0.7253 0.7103 0.6954 0.6804
635.000000 0.6654 0.6505 0.6355 0.6312 0.6309
640.000000 0.6393 0.6660 0.6926 0.7194 0.7461
645.000000 0.7696 0.7714 0.7714 0.7714 0.7707
650.000000 0.7699 0.7689 0.7675 0.7660 0.7644
655.000000 0.7626 0.7608 0.7592 0.7571 0.7546
660.000000 0.7521 0.7496 0.7458 0.7421 0.7308
665.000000 0.7115 0.7074 0.7048 0.7035 0.6891
670.000000 0.6706 0.6519 0.6335 0.6179 0.6020
675.000000 0.5787 0.5554 0.5451 0.5455 0.5867
680.000000 0.6675 0.7076 0.7071 0.7049 0.7041
685.000000 0.7015 0.6928 0.6858 0.6789 0.6700
690.000000 0.6586 0.6432 0.6310 0.6195 0.6059
695.000000 0.5739 0.5152 0.4516 0.3880 0.3244
700.000000 0.3122 0.3150 0.3905 0.4870 0.5835
705.000000 0.6165 0.6154 0.5743 0.5359 0.4975
710.000000 0.4887 0.5593 0.6589 0.7531 0.7604
715.000000 0.7611 0.7574 0.7515 0.7456 0.7439
720.000000 0.7450 0.7476 0.7499 0.7530 0.7551
725.000000 0.7578 0.7608 0.7639 0.7680 0.7726
730.000000 0.7774 0.7798 0.7808 0.7818 0.7828
735.000000 0.7825 0.7825 0.7825 0.7825 0.7838
740.000000 0.7861 0.7890 0.7921 0.7943 0.7957
745.000000 0.7971 0.7987 0.8001 0.8008 0.8015
750.000000 0.8018 0.8022 0.8015 0.8007 0.7994
755.000000 0.7972 0.7935 0.7896 0.7857 0.7818
760.000000 0.7737 0.7641 0.7418 0.7226 0.7062
765.000000 0.6910 0.6658 0.6451 0.5915 0.5121
770.000000 0.4326 0.3532 0.3102 0.3099 0.3904
775.000000 0.5205 0.6506 0.7112 0.7633 0.7751
780.000000 0.7888 0.8099 0.8257 0.8300 0.8306
785.000000 0.8306 0.8295 0.8292 0.8278 0.8266
790.000000 0.8255 0.8239 0.8223 0.8206 0.8189
795.000000 0.8171 0.8151 0.8131 0.8108 0.8084
800.000000 0.8049 0.8001 0.7950 0.7892 0.7832
805.000000 0.7769 0.7700 0.7621 0.7546 0.7471
810.000000 0.7350 0.7201 0.7026 0.6465 0.6012
815.000000 0.5558 0.5105 0.4652 0.4391 0.4379
820.000000 0.4387 0.4662 0.5234 0.5805 0.6042
825.000000 0.6121 0.6196 0.6239 0.6277 0.6508
830.000000 0.6850 0.7192 0.7534 0.7831 0.7887
835.000000 0.7932 0.7976 0.8010 0.8017 0.8035
840.000000 0.7841 0.7721 0.7600 0.7505 0.7493
845.000000 0.7571 0.7775 0.7981 0.8172 0.8261
850.000000 0.8318 0.8365 0.8387 0.8394 0.8397
855.000000 0.8399 0.8402 0.8405 0.8406 0.8395
860.000000 0.8371 0.8336 0.8328 0.8328 0.8332
865.000000 0.8332 0.8332 0.8332 0.8332 0.8331
870.000000 0.8328 0.8325 0.8321 0.8318 0.8315
875.000000 0.8310 0.8304 0.8299 0.8293 0.8287
880.000000 0.8277 0.8267 0.8258 0.8248 0.8238
885.000000 0.8228 0.8218 0.8209 0.8199 0.8189
890.000000 0.8183 0.8178 0.8172 0.8168 0.8164
895.000000 0.8158 0.8154 0.8150 0.8146 0.8143
900.000000 0.8139 0.8134 0.8128 0.8124 0.8118
905.000000 0.8112 0.8106 0.8088 0.8068 0.8051
910.000000 0.8025 0.7993 0.7982 0.7974 0.7965
915.000000 0.7918 0.7871 0.7818 0.7750 0.7656
920.000000 0.7625 0.7625 0.7655 0.7678 0.7687
925.000000 0.7684 0.7681 0.7675 0.7668 0.7660
930.000000 0.7635 0.7555 0.7360 0.7217 0.7074
935.000000 0.6931 0.6787 0.6562 0.6551 0.6571
940.000000 0.6711 0.7124 0.7557 0.7682 0.7746
945.000000 0.7790 0.7818 0.7832 0.7841 0.7842
950.000000 0.7851 0.7833 0.7825 0.7815 0.7804
955.000000 0.7793 0.7783 0.7772 0.7760 0.7745
960.000000 0.7728 0.7703 0.7672 0.7642 0.7591
965.000000 0.7535 0.7476 0.7418 0.7351 0.7326
970.000000 0.7326 0.7319 0.7400 0.7475 0.7514
975.000000 0.7532 0.7528 0.7522 0.7512 0.7499
980.000000 0.7481 0.7456 0.7425 0.7391 0.7349
985.000000 0.7294 0.7237 0.7175 0.7115 0.7026
990.000000 0.6925 0.6758 0.6508 0.6235 0.5962
995.000000 0.5689 0.5416 0.5143 0.4897 0.4876
1000.000000 0.4862 0.5240 0.5771 0.6302 0.6833
1005.000000 0.7065 0.7049 0.7039 0.6961 0.6401
1010.000000 0.5767 0.5172 0.5169 0.5302 0.5551
1015.000000 0.5800 0.6049 0.6298 0.6547 0.6568
1020.000000 0.6568 0.6555 0.6292 0.5925 0.5557
1025.000000 0.5190 0.4822 0.4546 0.4547 0.4699
1030.000000 0.5603 0.6349 0.6497 0.6585 0.6658
1035.000000 0.6732 0.6794 0.6855 0.6895 0.6935
1040.000000 0.6975 0.7018 0.7061 0.7105 0.7143
1045.000000 0.7178 0.7214 0.7249 0.7281 0.7311
1050.000000 0.7342 0.7367 0.7386 0.7405 0.7425
1055.000000 0.7433 0.7440 0.7448 0.7464 0.7444
1060.000000 0.7442 0.7438 0.7426 0.7415 0.7387
1065.000000 0.7342 0.7275 0.7118 0.6847 0.6574
1070.000000 0.6302 0.6139 0.6130 0.6118 0.6373
1075.000000 0.6615 0.6621 0.6578 0.6530 0.6482
1080.000000 0.6499 0.6564 0.6695 0.6803 0.7015
1085.000000 0.7317 0.7345 0.7360 0.7364 0.7367
1090.000000 0.7371 0.7375 0.7365 0.7361 0.7358
1095.000000 0.7337 0.7308 0.7280 0.7243 0.7195
1100.000000 0.7149 0.7101 0.7056 0.7010 0.6947
1105.000000 0.6882 0.6804 0.6710 0.6622 0.6545
1110.000000 0.6144 0.5691 0.5238 0.4785 0.4331
1115.000000 0.3878 0.3873 0.3857 0.4009 0.4607
1120.000000 0.5206 0.5805 0.6403 0.6819 0.6937
1125.000000 0.7015 0.7082 0.7150 0.7221 0.7295
1130.000000 0.7381 0.7451 0.7485 0.7504 0.7475
1135.000000 0.7464 0.7450 0.7433 0.7415 0.7397
1140.000000 0.7401 0.7412 0.7433 0.7448 0.7454
1145.000000 0.7454 0.7453 0.7447 0.7441 0.7428
1150.000000 0.7415 0.7398 0.7378 0.7347 0.7314
1155.000000 0.7306 0.7307 0.7310 0.7321 0.7343
1160.000000 0.7381 0.7421 0.7444 0.7448 0.7447
1165.000000 0.7428 0.7378 0.7318 0.7265 0.7197
1170.000000 0.7107 0.7000 0.6869 0.6758 0.6690
1175.000000 0.6654 0.6625 0.6604 0.6518 0.6392
1180.000000 0.6218 0.6054 0.5976 0.5935 0.5925
1185.000000 0.5925 0.5920 0.5993 0.6033 0.6123
1190.000000 0.6275 0.6428 0.6533 0.6591 0.6656
1195.000000 0.6730 0.6795 0.6845 0.6881 0.6904
1200.000000 0.6928 0.6950 0.6965 0.6980 0.6993
1205.000000 0.6997 0.7000 0.7004 0.7003 0.7003
1210.000000 0.6999 0.6990 0.6981 0.6972 0.6954
1215.000000 0.6935 0.6915 0.6892 0.6861 0.6828
1220.000000 0.6795 0.6753 0.6710 0.6665 0.6583
1225.000000 0.6525 0.6515 0.6515 0.6515 0.6530
1230.000000 0.6581 0.6695 0.6828 0.6837 0.6837
1235.000000 0.6842 0.6828 0.6814 0.6798 0.6781
1240.000000 0.6746 0.6711 0.6669 0.6630 0.6589
1245.000000 0.6549 0.6504 0.6458 0.6415 0.6378
1250.000000 0.6340 0.6303 0.6265 0.6228 0.6194
1255.000000 0.6160 0.6129 0.6096 0.6062 0.6029
1260.000000 0.5995 0.5962 0.5931 0.5905 0.5879
1265.000000 0.5844 0.5790 0.5732 0.5658 0.5616
1270.000000 0.5606 0.5601 0.5609 0.5622 0.5627
1275.000000 0.5627 0.5617 0.5606 0.5586 0.5566
1280.000000 0.5544 0.5514 0.5485 0.5425 0.5371
1285.000000 0.5328 0.5285 0.5225 0.5160 0.4994
1290.000000 0.4622 0.4249 0.3992 0.3954 0.3953
1295.000000 0.3962 0.3946 0.4062 0.4266 0.4618
1300.000000 0.4970 0.5323 0.5675 0.5856 0.5912
1305.000000 0.5917 0.5918 0.5918 0.5918 0.5974
1310.000000 0.6071 0.6151 0.6232 0.6323 0.6392
1315.000000 0.6425 0.6454 0.6447 0.6448 0.6438
1320.000000 0.6417 0.6396 0.6378 0.6362 0.6348
1325.000000 0.6276 0.6200 0.6125 0.6050 0.5975
1330.000000 0.5899 0.5824 0.5749 0.5674 0.5598
1335.000000 0.5530 0.5504 0.5464 0.5420 0.5390
1340.000000 0.5360 0.5316 0.5268 0.5203 0.5138
1345.000000 0.5028 0.4919 0.4816 0.4706 0.4283
1350.000000 0.3832 0.3812 0.3818 0.3964 0.4301
1355.000000 0.4638 0.4975 0.5253 0.5281 0.5282
1360.000000 0.5286 0.5223 0.5160 0.5084 0.5028
1365.000000 0.4960 0.4876 0.4776 0.4639 0.4429
1370.000000 0.4107 0.2443 0.2284 0.2313 0.2390
1375.000000 0.2779 0.3169 0.3341 0.3339 0.3318
1380.000000 0.2843 0.2305 0.1767 0.1229 0.0892
1385.000000 0.0650 0.0579 0.0566 0.0566 0.0570
1390.000000 0.0999 0.1466 0.1932 0.2399 0.2866
1395.000000 0.3409 0.3686 0.3937 0.4226 0.4428
1400.000000 0.4603 0.4778 0.4954 0.5129 0.5304
1405.000000 0.5467 0.5531 0.5568 0.5575 0.5571
1410.000000 0.5571 0.5555 0.5525 0.5450 0.5356
1415.000000 0.5109 0.4764 0.4418 0.4183 0.4175
1420.000000 0.4190 0.5360 0.5353 0.5262 0.5171
1425.000000 0.5124 0.5137 0.5422 0.6085 0.6362
1430.000000 0.6384 0.6390 0.6374 0.6342 0.6253
1435.000000 0.6172 0.6114 0.6032 0.5910 0.5686
1440.000000 0.5503 0.5177 0.4893 0.4740 0.4145
1445.000000 0.3549 0.2954 0.2743 0.2765 0.2839
1450.000000 0.3046 0.3253 0.3459 0.3666 0.3874
1455.000000 0.4054 0.4062 0.4044 0.3832 0.3470
1460.000000 0.3109 0.2748 0.2387 0.2026 0.1665
1465.000000 0.1303 0.0942 0.0581 0.0504 0.0499
1470.000000 0.0502 0.0506 0.0771 0.1061 0.1352
1475.000000 0.1642 0.1932 0.2222 0.2512 0.2802
1480.000000 0.3092 0.3206 0.3221 0.3190 0.3089
1485.000000 0.2682 0.2275 0.1867 0.1460 0.1082
1490.000000 0.1022 0.1004 0.0986 0.1310 0.2397
1495.000000 0.3482 0.4569 0.5656 0.6901 0.7065
1500.000000 0.7178 0.7290 0.7404 0.7524 0.7657
1505.000000 0.7726 0.7790 0.7846 0.7898 0.7949
1510.000000 0.7998 0.8043 0.8089 0.8133 0.8175
1515.000000 0.8202 0.8218 0.8236 0.8225 0.8221
1520.000000 0.8215 0.8204 0.8192 0.8165 0.8133
1525.000000 0.8096 0.8058 0.8025 0.7993 0.7955
1530.000000 0.7912 0.7868 0.7858 0.7853 0.7856
1535.000000 0.7867 0.7876 0.7887 0.7901 0.7911
1540.000000 0.7918 0.7925 0.7928 0.7928 0.7928
1545.000000 0.7926 0.7925 0.7921 0.7908 0.7897
1550.000000 0.7885 0.7867 0.7848 0.7830 0.7808
1555.000000 0.7788 0.7765 0.7744 0.7722 0.7694
1560.000000 0.7658 0.7625 0.7590 0.7554 0.7515
1565.000000 0.7476 0.7422 0.7362 0.7297 0.7215
1570.000000 0.7135 0.7050 0.6961 0.6874 0.6788
1575.000000 0.6701 0.6614 0.6518 0.6422 0.6133
1580.000000 0.5965 0.5705 0.5426 0.5277 0.5162
1585.000000 0.5021 0.4875 0.4730 0.4614 0.4239
1590.000000 0.3870 0.3500 0.3132 0.2763 0.2394
1595.000000 0.2025 0.1657 0.1288 0.1109 0.1132
1600.000000 0.1737 0.2946 0.4153 0.5360 0.6121
1605.000000 0.6267 0.6472 0.6480 0.6481 0.6468
1610.000000 0.6437 0.6343 0.6120 0.5897 0.5674
1615.000000 0.5451 0.5228 0.5005 0.4782 0.4559
1620.000000 0.4109 0.3534 0.2961 0.2387 0.1812
1625.000000 0.1238 0.0748 0.0736 0.0737 0.0960
1630.000000 0.1799 0.2637 0.3476 0.4314 0.5153
1635.000000 0.5992 0.6306 0.6447 0.6651 0.6949
1640.000000 0.7068 0.7186 0.7444 0.7551 0.7651
1645.000000 0.7725 0.7800 0.7880 0.7965 0.8118
1650.000000 0.8228 0.8285 0.8314 0.8342 0.8370
1655.000000 0.8398 0.8421 0.8445 0.8468 0.8492
1660.000000 0.8515 0.8527 0.8539 0.8551 0.8563
1665.000000 0.8578 0.8591 0.8598 0.8599 0.8598
1670.000000 0.8597 0.8594 0.8594 0.8594 0.8593
1675.000000 0.8589 0.8585 0.8580 0.8575 0.8574
1680.000000 0.8571 0.8570 0.8568 0.8567 0.8568
1685.000000 0.8568 0.8571 0.8575 0.8581 0.8593
1690.000000 0.8608 0.8623 0.8632 0.8642 0.8643
1695.000000 0.8643 0.8644 0.8641 0.8638 0.8636
1700.000000 0.8633 0.8631 0.8628 0.8628 0.8625
1705.000000 0.8624 0.8620 0.8617 0.8614 0.8611
1710.000000 0.8608 0.8604 0.8599 0.8595 0.8591
1715.000000 0.8586 0.8582 0.8578 0.8574 0.8571
1720.000000 0.8568 0.8567 0.8565 0.8562 0.8559
1725.000000 0.8553 0.8547 0.8542 0.8536 0.8530
1730.000000 0.8525 0.8518 0.8514 0.8510 0.8505
1735.000000 0.8500 0.8496 0.8491 0.8487 0.8482
1740.000000 0.8477 0.8473 0.8468 0.8464 0.8456
1745.000000 0.8446 0.8435 0.8425 0.8415 0.8393
1750.000000 0.8366 0.8355 0.8345 0.8349 0.8361
1755.000000 0.8366 0.8371 0.8377 0.8384 0.8391
1760.000000 0.8393 0.8395 0.8397 0.8399 0.8400
1765.000000 0.8400 0.8399 0.8398 0.8396 0.8395
1770.000000 0.8393 0.8390 0.8386 0.8382 0.8377
1775.000000 0.8373 0.8368 0.8364 0.8360 0.8356
1780.000000 0.8352 0.8348 0.8344 0.8340 0.8337
1785.000000 0.8333 0.8328 0.8325 0.8321 0.8318
1790.000000 0.8314 0.8311 0.8309 0.8306 0.8303
1795.000000 0.8300 0.8298 0.8295 0.8292 0.8289
1800.000000 0.8284 0.8278 0.8275 0.8270 0.8258
1805.000000 0.8239 0.8218 0.8199 0.8175 0.8151
1810.000000 0.8126 0.8105 0.8106 0.8112 0.8126
1815.000000 0.8145 0.8157 0.8168 0.8178 0.8194
1820.000000 0.8205 0.8214 0.8221 0.8231 0.8240
1825.000000 0.8247 0.8246 0.8245 0.8241 0.8238
1830.000000 0.8234 0.8228 0.8223 0.8217 0.8211
1835.000000 0.8208 0.8208 0.8211 0.8214 0.8217
1840.000000 0.8220 0.8223 0.8225 0.8225 0.8225
1845.000000 0.8221 0.8218 0.8213 0.8208 0.8203
1850.000000 0.8198 0.8192 0.8189 0.8185 0.8181
1855.000000 0.8176 0.8174 0.8169 0.8168 0.8168
1860.000000 0.8167 0.8165 0.8165 0.8162 0.8158
1865.000000 0.8153 0.8149 0.8144 0.8138 0.8130
1870.000000 0.8121 0.8111 0.8104 0.8095 0.8087
1875.000000 0.8078 0.8068 0.8055 0.8043 0.8030
1880.000000 0.8018 0.7994 0.7961 0.7958 0.7956
1885.000000 0.7955 0.7954 0.7954 0.7961 0.7975
1890.000000 0.7997 0.8015 0.8015 0.8015 0.8018
1895.000000 0.8021 0.8024 0.8025 0.8026 0.8028
1900.000000 0.8028 0.8026 0.8011 0.7993 0.7988
1905.000000 0.7982 0.7983 0.7987 0.8001 0.8021
1910.000000 0.8026 0.8031 0.8031 0.8031 0.8031
1915.000000 0.8021 0.8015 0.8011 0.8011 0.8019
1920.000000 0.8019 0.8019 0.8012 0.7995 0.7980
1925.000000 0.7976 0.7972 0.7969 0.7967 0.7965
1930.000000 0.7965 0.7964 0.7962 0.7958 0.7951
1935.000000 0.7944 0.7938 0.7931 0.7924 0.7918
1940.000000 0.7911 0.7904 0.7905 0.7905 0.7905
1945.000000 0.7905 0.7905 0.7903 0.7901 0.7900
1950.000000 0.7898 0.7890 0.7874 0.7858 0.7845
1955.000000 0.7835 0.7824 0.7838 0.7928 0.7995
1960.000000 0.8004 0.7893 0.7751 0.7747 0.7746
1965.000000 0.7754 0.7775 0.7808 0.7825 0.7837
1970.000000 0.7841 0.7840 0.7840 0.7838 0.7831
1975.000000 0.7822 0.7815 0.7806 0.7796 0.7786
1980.000000 0.7775 0.7767 0.7757 0.7748 0.7748
1985.000000 0.7748 0.7749 0.7751 0.7751 0.7754
1990.000000 0.7756 0.7757 0.7758 0.7761 0.7765
1995.000000 0.7772 0.7781 0.7792 0.7803 0.7814
2000.000000 0.7819 0.7821 0.7821 0.7821 0.7819
2005.000000 0.7819 0.7819 0.7818 0.7818 0.7818
2010.000000 0.7818 0.7818 0.7819 0.7821 0.7824
2015.000000 0.7825 0.7828 0.7828 0.7828 0.7825
2020.000000 0.7821 0.7817 0.7812 0.7808 0.7803
2025.000000 0.7795 0.7788 0.7781 0.7774 0.7765
2030.000000 0.7757 0.7749 0.7741 0.7733 0.7725
2035.000000 0.7717 0.7708 0.7701 0.7695 0.7688
2040.000000 0.7681 0.7674 0.7667 0.7661 0.7655
2045.000000 0.7649 0.7644 0.7638 0.7633 0.7626
2050.000000 0.7621 0.7615 0.7611 0.7606 0.7601
2055.000000 0.7595 0.7590 0.7586 0.7582 0.7581
2060.000000 0.7581 0.7580 0.7580 0.7585 0.7591
2065.000000 0.7601 0.7612 0.7625 0.7637 0.7646
2070.000000 0.7656 0.7657 0.7658 0.7661 0.7660
2075.000000 0.7660 0.7657 0.7654 0.7651 0.7648
2080.000000 0.7645 0.7642 0.7640 0.7637 0.7635
2085.000000 0.7632 0.7628 0.7625 0.7622 0.7619
2090.000000 0.7617 0.7612 0.7608 0.7605 0.7601
2095.000000 0.7598 0.7595 0.7591 0.7588 0.7584
2100.000000 0.7580 0.7575 0.7571 0.7568 0.7564
2105.000000 0.7560 0.7556 0.7551 0.7548 0.7544
2110.000000 0.7540 0.7536 0.7533 0.7528 0.7525
2115.000000 0.7521 0.7518 0.7515 0.7511 0.7508
2120.000000 0.7504 0.7500 0.7497 0.7493 0.7490
2125.000000 0.7486 0.7483 0.7478 0.7475 0.7471
2130.000000 0.7468 0.7465 0.7461 0.7458 0.7455
2135.000000 0.7451 0.7449 0.7446 0.7443 0.7440
2140.000000 0.7437 0.7434 0.7431 0.7428 0.7425
2145.000000 0.7421 0.7418 0.7415 0.7412 0.7410
2150.000000 0.7407 0.7404 0.7401 0.7399 0.7396
2155.000000 0.7393 0.7390 0.7387 0.7384 0.7381
2160.000000 0.7378 0.7372 0.7368 0.7364 0.7358
2165.000000 0.7354 0.7350 0.7345 0.7340 0.7335
2170.000000 0.7330 0.7325 0.7321 0.7315 0.7311
2175.000000 0.7305 0.7300 0.7294 0.7289 0.7283
2180.000000 0.7278 0.7271 0.7267 0.7261 0.7255
2185.000000 0.7249 0.7244 0.7243 0.7242 0.7241
2190.000000 0.7241 0.7240 0.7240 0.7240 0.7241
2195.000000 0.7242 0.7243 0.7243 0.7244 0.7245
2200.000000 0.7246 0.7247 0.7248 0.7249 0.7249
2205.000000 0.7248 0.7247 0.7245 0.7244 0.7242
2210.000000 0.7241 0.7239 0.7238 0.7234 0.7230
2215.000000 0.7225 0.7219 0.7214 0.7208 0.7204
2220.000000 0.7199 0.7194 0.7189 0.7184 0.7178
2225.000000 0.7172 0.7167 0.7161 0.7155 0.7149
2230.000000 0.7143 0.7137 0.7131 0.7125 0.7119
2235.000000 0.7115 0.7110 0.7105 0.7100 0.7095
2240.000000 0.7090 0.7085 0.7080 0.7075 0.7069
2245.000000 0.7064 0.7058 0.7054 0.7049 0.7044
2250.000000 0.7039 0.7034 0.7028 0.7024 0.7018
2255.000000 0.7014 0.7008 0.7004 0.6999 0.6994
2260.000000 0.6989 0.6984 0.6980 0.6975 0.6969
2265.000000 0.6965 0.6960 0.6955 0.6950 0.6945
2270.000000 0.6940 0.6935 0.6930 0.6925 0.6919
2275.000000 0.6915 0.6911 0.6906 0.6901 0.6897
2280.000000 0.6893 0.6889 0.6885 0.6880 0.6875
2285.000000 0.6869 0.6865 0.6861 0.6856 0.6851
2290.000000 0.6846 0.6842 0.6838 0.6833 0.6828
2295.000000 0.6825 0.6821 0.6817 0.6812 0.6808
2300.000000 0.6805 0.6803 0.6801 0.6799 0.6797
2305.000000 0.6795 0.6793 0.6791 0.6790 0.6788
2310.000000 0.6787 0.6786 0.6785 0.6783 0.6781
2315.000000 0.6778 0.6778 0.6775 0.6775 0.6772
2320.000000 0.6771 0.6771 0.6769 0.6768 0.6767
2325.000000 0.6765 0.6764 0.6762 0.6761 0.6760
2330.000000 0.6758 0.6757 0.6756 0.6755 0.6754
2335.000000 0.6751 0.6751 0.6749 0.6748 0.6746
2340.000000 0.6745 0.6743 0.6741 0.6739 0.6738
2345.000000 0.6736 0.6735 0.6733 0.6731 0.6728
2350.000000 0.6728 0.6725 0.6725 0.6722 0.6721
2355.000000 0.6718 0.6718 0.6715 0.6715 0.6712
2360.000000 0.6711 0.6710 0.6708 0.6706 0.6705
2365.000000 0.6703 0.6701 0.6699 0.6698 0.6696
2370.000000 0.6694 0.6692 0.6690 0.6688 0.6686
2375.000000 0.6684 0.6682 0.6680 0.6678 0.6675
2380.000000 0.6675 0.6672 0.6671 0.6668 0.6667
2385.000000 0.6664 0.6661 0.6658 0.6657 0.6654
2390.000000 0.6651 0.6649 0.6647 0.6644 0.6642
2395.000000 0.6639 0.6637 0.6634 0.6632 0.6628
2400.000000 0.6626 0.6624 0.6621 0.6619 0.6618
2405.000000 0.6615 0.6614 0.6611 0.6610 0.6608
2410.000000 0.6606 0.6604 0.6601 0.6600 0.6598
2415.000000 0.6596 0.6594 0.6592 0.6590 0.6588
2420.000000 0.6586 0.6584 0.6582 0.6580 0.6578
2425.000000 0.6578 0.6576 0.6575 0.6575 0.6572
2430.000000 0.6571 0.6571 0.6569 0.6568 0.6568
2435.000000 0.6567 0.6565 0.6564 0.6562 0.6561
2440.000000 0.6561 0.6560 0.6558 0.6558 0.6557
2445.000000 0.6556 0.6555 0.6554 0.6553 0.6551
2450.000000 0.6551 0.6550 0.6549 0.6548 0.6547
2455.000000 0.6546 0.6545 0.6544 0.6544 0.6543
2460.000000 0.6542 0.6541 0.6540 0.6539 0.6538
2465.000000 0.6537 0.6536 0.6535 0.6534 0.6533
2470.000000 0.6532 0.6530 0.6528 0.6528 0.6526
2475.000000 0.6525 0.6524 0.6522 0.6521 0.6521
2480.000000 0.6519 0.6518 0.6517 0.6515 0.6515
2485.000000 0.6512 0.6511 0.6511 0.6510 0.6508
2490.000000 0.6508 0.6506 0.6505 0.6504 0.6503
2495.000000 0.6501 0.6500 0.6498 0.6496 0.6493
2500.000000 0.6491 0.6489 0.6487 0.6484 0.6482
2505.000000 0.6478 0.6476 0.6475 0.6472 0.6469
2510.000000 0.6468 0.6465 0.6462 0.6460 0.6458
2515.000000 0.6456 0.6454 0.6451 0.6449 0.6446
2520.000000 0.6444 0.6442 0.6440 0.6437 0.6435
2525.000000 0.6432 0.6430 0.6428 0.6425 0.6422
2530.000000 0.6421 0.6418 0.6415 0.6414 0.6411
2535.000000 0.6408 0.6407 0.6405 0.6403 0.6400
2540.000000 0.6398 0.6396 0.6394 0.6391 0.6389
2545.000000 0.6387 0.6385 0.6382 0.6380 0.6378
2550.000000 0.6376 0.6374 0.6372 0.6369 0.6367
2555.000000 0.6365 0.6362 0.6360 0.6358 0.6356
2560.000000 0.6354 0.6351 0.6349 0.6345 0.6342
2565.000000 0.6338 0.6334 0.6330 0.6327 0.6323
2570.000000 0.6319 0.6315 0.6312 0.6308 0.6304
2575.000000 0.6300 0.6297 0.6293 0.6290 0.6286
2580.000000 0.6282 0.6278 0.6275 0.6271 0.6267
2585.000000 0.6262 0.6260 0.6256 0.6252 0.6248
2590.000000 0.6245 0.6240 0.6236 0.6232 0.6228
2595.000000 0.6224 0.6220 0.6216 0.6212 0.6208
2600.000000 0.6204 0.6200 0.6196 0.6194 0.6192
2605.000000 0.6190 0.6188 0.6186 0.6184 0.6183
2610.000000 0.6183 0.6183 0.6184 0.6185 0.6186
2615.000000 0.6186 0.6187 0.6187 0.6188 0.6188
2620.000000 0.6188 0.6187 0.6187 0.6186 0.6185
2625.000000 0.6184 0.6184 0.6183 0.6182 0.6181
2630.000000 0.6181 0.6180 0.6179 0.6178 0.6178
2635.000000 0.6177 0.6176 0.6174 0.6173 0.6172
2640.000000 0.6171 0.6169 0.6168 0.6167 0.6166
2645.000000 0.6164 0.6162 0.6162 0.6160 0.6159
2650.000000 0.6158 0.6156 0.6155 0.6152 0.6150
2655.000000 0.6146 0.6143 0.6140 0.6137 0.6133
2660.000000 0.6130 0.6127 0.6124 0.6120 0.6117
2665.000000 0.6114 0.6110 0.6107 0.6104 0.6100
2670.000000 0.6096 0.6091 0.6087 0.6083 0.6079
2675.000000 0.6075 0.6071 0.6067 0.6062 0.6059
2680.000000 0.6055 0.6051 0.6047 0.6043 0.6039
2685.000000 0.6035 0.6031 0.6027 0.6024 0.6021
2690.000000 0.6018 0.6015 0.6012 0.6009 0.6006
2695.000000 0.6003 0.6000 0.5997 0.5994 0.5991
2700.000000 0.5989 0.5986 0.5983 0.5980 0.5977
2705.000000 0.5974 0.5971 0.5967 0.5964 0.5960
2710.000000 0.5957 0.5953 0.5950 0.5946 0.5942
2715.000000 0.5938 0.5935 0.5931 0.5928 0.5924
2720.000000 0.5921 0.5917 0.5914 0.5910 0.5907
2725.000000 0.5902 0.5898 0.5893 0.5888 0.5883
2730.000000 0.5878 0.5873 0.5868 0.5862 0.5858
2735.000000 0.5853 0.5848 0.5843 0.5838 0.5833
2740.000000 0.5828 0.5823 0.5818 0.5814 0.5810
2745.000000 0.5806 0.5802 0.5798 0.5794 0.5790
2750.000000 0.5787 0.5783 0.5779 0.5775 0.5771
2755.000000 0.5767 0.5762 0.5759 0.5755 0.5751
2760.000000 0.5747 0.5743 0.5739 0.5735 0.5731
2765.000000 0.5727 0.5723 0.5719 0.5715 0.5710
2770.000000 0.5707 0.5703 0.5699 0.5695 0.5691
2775.000000 0.5687 0.5683 0.5679 0.5676 0.5672
2780.000000 0.5669 0.5665 0.5662 0.5659 0.5656
2785.000000 0.5653 0.5651 0.5648 0.5645 0.5642
2790.000000 0.5640 0.5637 0.5634 0.5631 0.5628
2795.000000 0.5625 0.5623 0.5620 0.5617 0.5617
2800.000000 0.5617 0.5617 0.5617 0.5616 0.5615
2805.000000 0.5612 0.5610 0.5609 0.5608 0.5606
2810.000000 0.5604 0.5602 0.5601 0.5598 0.5596
2815.000000 0.5592 0.5589 0.5585 0.5582 0.5578
2820.000000 0.5574 0.5570 0.5567 0.5560 0.5555
2825.000000 0.5549 0.5544 0.5538 0.5532 0.5526
2830.000000 0.5520 0.5514 0.5508 0.5500 0.5492
2835.000000 0.5484 0.5476 0.5468 0.5460 0.5452
2840.000000 0.5444 0.5435 0.5426 0.5414 0.5403
2845.000000 0.5391 0.5379 0.5367 0.5355 0.5343
2850.000000 0.5332 0.5314 0.5297 0.5274 0.5251
2855.000000 0.5228 0.5205 0.5192 0.5179 0.5167
2860.000000 0.5156 0.5145 0.5134 0.5134 0.5135
2865.000000 0.5139 0.5143 0.5150 0.5157 0.5168
2870.000000 0.5179 0.5187 0.5196 0.5197 0.5198
2875.000000 0.5198 0.5198 0.5197 0.5196 0.5195
2880.000000 0.5194 0.5193 0.5192 0.5191 0.5190
2885.000000 0.5189 0.5188 0.5185 0.5182 0.5178
2890.000000 0.5175 0.5171 0.5168 0.5160 0.5155
2895.000000 0.5144 0.5134 0.5123 0.5112 0.5102
2900.000000 0.5092 0.5080 0.5069 0.5057 0.5046
2905.000000 0.5034 0.5022 0.5010 0.4999 0.4980
2910.000000 0.4960 0.4941 0.4921 0.4898 0.4875
2915.000000 0.4851 0.4828 0.4795 0.4762 0.4690
2920.000000 0.4619 0.4460 0.4302 0.4289 0.4276
2925.000000 0.4276 0.4277 0.4279 0.4281 0.4281
2930.000000 0.4281 0.4308 0.4328 0.4353 0.4379
2935.000000 0.4400 0.4421 0.4437 0.4454 0.4462
2940.000000 0.4471 0.4471 0.4471 0.4471 0.4472
2945.000000 0.4486 0.4500 0.4554 0.4608 0.4627
2950.000000 0.4646 0.4649 0.4653 0.4652 0.4680
2955.000000 0.4624 0.4597 0.4562 0.4530 0.4497
2960.000000 0.4464 0.4430 0.4397 0.4388 0.4379
2965.000000 0.4380 0.4381 0.4298 0.4215 0.4127
2970.000000 0.4040 0.3986 0.3932 0.3932 0.3934
2975.000000 0.3955 0.3927 0.4030 0.4086 0.4140
2980.000000 0.4195 0.4232 0.4269 0.4273 0.4277
2985.000000 0.4282 0.4288 0.4299 0.4310 0.4380
2990.000000 0.4450 0.4537 0.4624 0.4710 0.4798
2995.000000 0.4884 0.4971 0.5025 0.5138 0.5084
3000.000000 0.5089 0.5092 0.5092 0.5092 0.5089
3005.000000 0.5084 0.5079 0.5073 0.5068 0.5059
3010.000000 0.5050 0.5041 0.5032 0.5020 0.5009
3015.000000 0.4997 0.4986 0.4971 0.4957 0.4941
3020.000000 0.4925 0.4909 0.4894 0.4878 0.4862
3025.000000 0.4846 0.4830 0.4814 0.4799 0.4791
3030.000000 0.4784 0.4779 0.4775 0.4770 0.4765
3035.000000 0.4760 0.4756 0.4751 0.4746 0.4743
3040.000000 0.4741 0.4738 0.4735 0.4732 0.4730
3045.000000 0.4716 0.4702 0.4684 0.4667 0.4650
3050.000000 0.4633 0.4616 0.4600 0.4584 0.4568
3055.000000 0.4552 0.4536 0.4521 0.4507 0.4498
3060.000000 0.4490 0.4482 0.4474 0.4466 0.4458
3065.000000 0.4451 0.4445 0.4438 0.4432 0.4430
3070.000000 0.4428 0.4426 0.4424 0.4422 0.4420
3075.000000 0.4418 0.4416 0.4414 0.4412 0.4410
3080.000000 0.4410 0.4408 0.4407 0.4406 0.4405
3085.000000 0.4403 0.4402 0.4401 0.4400 0.4394
3090.000000 0.4389 0.4383 0.4378 0.4373 0.4368
3095.000000 0.4362 0.4357 0.4351 0.4346 0.4340
3100.000000 0.4334 0.4322 0.4310 0.4299 0.4288
3105.000000 0.4276 0.4265 0.4253 0.4241 0.4229
3110.000000 0.4218 0.4206 0.4195 0.4180 0.4166
3115.000000 0.4150 0.4134 0.4118 0.4102 0.4086
3120.000000 0.4070 0.4054 0.4039 0.4023 0.4007
3125.000000 0.3989 0.3972 0.3948 0.3924 0.3900
3130.000000 0.3877 0.3853 0.3829 0.3805 0.3780
3135.000000 0.3757 0.3732 0.3708 0.3684 0.3659
3140.000000 0.3634 0.3604 0.3575 0.3546 0.3516
3145.000000 0.3488 0.3459 0.3412 0.3364 0.3302
3150.000000 0.3239 0.3172 0.3106 0.3034 0.2962
3155.000000 0.2888 0.2815 0.2714 0.2613 0.2470
3160.000000 0.2327 0.2208 0.2089 0.2008 0.1928
3165.000000 0.1858 0.1787 0.1727 0.1667 0.1626
3170.000000 0.1585 0.1555 0.1526 0.1518 0.1510
3175.000000 0.1507 0.1481 0.1511 0.1517 0.1645
3180.000000 0.1775 0.1975 0.2176 0.2376 0.2577
3185.000000 0.2777 0.2978 0.3178 0.3379 0.3536
3190.000000 0.3693 0.3706 0.3718 0.3727 0.3734
3195.000000 0.3737 0.3764 0.3741 0.3742 0.3743
3200.000000 0.3744 0.3737 0.3730 0.3718 0.3709
3205.000000 0.3684 0.3659 0.3605 0.3550 0.3488
3210.000000 0.3427 0.3364 0.3303 0.3241 0.3179
3215.000000 0.3117 0.3055 0.2993 0.2931 0.2869
3220.000000 0.2807 0.2778 0.2749 0.2749 0.2750
3225.000000 0.2753 0.2757 0.2815 0.2874 0.2935
3230.000000 0.2999 0.3061 0.3124 0.3134 0.3156
3235.000000 0.3141 0.3138 0.3135 0.3134 0.3092
3240.000000 0.3049 0.3003 0.2957 0.2911 0.2866
3245.000000 0.2820 0.2774 0.2728 0.2682 0.2635
3250.000000 0.2590 0.2544 0.2498 0.2452 0.2407
3255.000000 0.2361 0.2315 0.2269 0.2223 0.2176
3260.000000 0.2129 0.2098 0.2067 0.2019 0.1971
3265.000000 0.1915 0.1859 0.1822 0.1785 0.1761
3270.000000 0.1736 0.1729 0.1721 0.1713 0.1704
3275.000000 0.1706 0.1707 0.1709 0.1691 0.1714
3280.000000 0.1718 0.1723 0.1729 0.1743 0.1758
3285.000000 0.1781 0.1804 0.1834 0.1866 0.1893
3290.000000 0.1921 0.1961 0.2001 0.2054 0.2108
3295.000000 0.2172 0.2235 0.2307 0.2378 0.2449
3300.000000 0.2520 0.2581 0.2643 0.2694 0.2746
3305.000000 0.2797 0.2848 0.2899 0.2951 0.3020
3310.000000 0.3089 0.3161 0.3234 0.3318 0.3404
3315.000000 0.3474 0.3544 0.3574 0.3604 0.3629
3320.000000 0.3654 0.3664 0.3674 0.3682 0.3690
3325.000000 0.3691 0.3692 0.3693 0.3693 0.3693
3330.000000 0.3693 0.3691 0.3690 0.3688 0.3687
3335.000000 0.3682 0.3677 0.3666 0.3658 0.3646
3340.000000 0.3634 0.3620 0.3606 0.3590 0.3575
3345.000000 0.3557 0.3540 0.3514 0.3491 0.3460
3350.000000 0.3432 0.3402 0.3373 0.3337 0.3302
3355.000000 0.3262 0.3222 0.3182 0.3142 0.3093
3360.000000 0.3045 0.2996 0.2947 0.2898 0.2850
3365.000000 0.2799 0.2748 0.2697 0.2647 0.2588
3370.000000 0.2530 0.2467 0.2405 0.2319 0.2234
3375.000000 0.2143 0.2052 0.1960 0.1869 0.1777
3380.000000 0.1685 0.1595 0.1504 0.1419 0.1334
3385.000000 0.1329 0.1328 0.1327 0.1284 0.1333
3390.000000 0.1338 0.1351 0.1364 0.1464 0.1565
3395.000000 0.1756 0.1946 0.2137 0.2328 0.2519
3400.000000 0.2710 0.2901 0.3092 0.3226 0.3359
3405.000000 0.3424 0.3489 0.3632 0.3777 0.3862
3410.000000 0.3948 0.4142 0.4336 0.4494 0.4652
3415.000000 0.4826 0.5001 0.5088 0.5175 0.5216
3420.000000 0.5257 0.5288 0.5320 0.5341 0.5362
3425.000000 0.5367 0.5372 0.5377 0.5382 0.5386
3430.000000 0.5391 0.5393 0.5394 0.5395 0.5394
3435.000000 0.5394 0.5394 0.5393 0.5393 0.5392
3440.000000 0.5392 0.5391 0.5391 0.5390 0.5390
3445.000000 0.5389 0.5389 0.5388 0.5387 0.5386
3450.000000 0.5386 0.5385 0.5385 0.5383 0.5382
3455.000000 0.5378 0.5375 0.5371 0.5367 0.5362
3460.000000 0.5360 0.5356 0.5352 0.5348 0.5345
3465.000000 0.5341 0.5337 0.5333 0.5330 0.5326
3470.000000 0.5322 0.5318 0.5315 0.5310 0.5307
3475.000000 0.5303 0.5300 0.5296 0.5292 0.5288
3480.000000 0.5285 0.5281 0.5277 0.5273 0.5270
3485.000000 0.5266 0.5262 0.5258 0.5255 0.5251
3490.000000 0.5247 0.5243 0.5240 0.5235 0.5231
3495.000000 0.5227 0.5223 0.5218 0.5214 0.5210
3500.000000 0.5206 0.5201 0.5197 0.5193 0.5189
3505.000000 0.5184 0.5180 0.5176 0.5172 0.5167
3510.000000 0.5162 0.5159 0.5155 0.5151 0.5147
3515.000000 0.5143 0.5139 0.5135 0.5131 0.5127
3520.000000 0.5124 0.5120 0.5116 0.5112 0.5108
3525.000000 0.5104 0.5101 0.5097 0.5093 0.5089
3530.000000 0.5085 0.5081 0.5078 0.5074 0.5070
3535.000000 0.5066 0.5062 0.5058 0.5055 0.5051
3540.000000 0.5047 0.5044 0.5041 0.5038 0.5035
3545.000000 0.5032 0.5029 0.5026 0.5023 0.5020
3550.000000 0.5017 0.5014 0.5010 0.5008 0.5005
3555.000000 0.5003 0.5001 0.5001 0.5001 0.5000
3560.000000 0.5000 0.5000 0.5000 0.5000 0.5000
3565.000000 0.5000 0.5000 0.4993 0.4986 0.4977
3570.000000 0.4969 0.4960 0.4952 0.4943 0.4934
3575.000000 0.4928 0.4922 0.4920 0.4918 0.4916
3580.000000 0.4914 0.4912 0.4910 0.4910 0.4910
3585.000000 0.4910 0.4910 0.4910 0.4910 0.4910
3590.000000 0.4910 0.4910 0.4910 0.4910 0.4910
3595.000000 0.4910 0.4910 0.4907 0.4905 0.4902
3600.000000 0.4900 0.4898 0.4896 0.4893 0.4891
3605.000000 0.4889 0.4887 0.4884 0.4882 0.4879
3610.000000 0.4877 0.4875 0.4873 0.4870 0.4868
3615.000000 0.4866 0.4864 0.4860 0.4859 0.4856
3620.000000 0.4854 0.4852 0.4850 0.4847 0.4845
3625.000000 0.4843 0.4841 0.4838 0.4836 0.4833
3630.000000 0.4831 0.4828 0.4826 0.4823 0.4821
3635.000000 0.4818 0.4816 0.4812 0.4810 0.4808
3640.000000 0.4805 0.4802 0.4800 0.4797 0.4795
3645.000000 0.4792 0.4790 0.4787 0.4785 0.4782
3650.000000 0.4779 0.4776 0.4774 0.4771 0.4769
3655.000000 0.4766 0.4764 0.4760 0.4758 0.4755
3660.000000 0.4753 0.4750 0.4748 0.4745 0.4742
3665.000000 0.4738 0.4735 0.4731 0.4727 0.4723
3670.000000 0.4720 0.4716 0.4712 0.4709 0.4706
3675.000000 0.4702 0.4698 0.4694 0.4691 0.4687
3680.000000 0.4684 0.4680 0.4677 0.4673 0.4669
3685.000000 0.4665 0.4662 0.4658 0.4655 0.4651
3690.000000 0.4647 0.4643 0.4640 0.4636 0.4633
3695.000000 0.4629 0.4626 0.4623 0.4620 0.4617
3700.000000 0.4614 0.4610 0.4608 0.4604 0.4601
3705.000000 0.4598 0.4595 0.4592 0.4589 0.4586
3710.000000 0.4583 0.4579 0.4576 0.4573 0.4570
3715.000000 0.4567 0.4564 0.4560 0.4558 0.4555
3720.000000 0.4552 0.4548 0.4545 0.4542 0.4539
3725.000000 0.4536 0.4533 0.4530 0.4528 0.4525
3730.000000 0.4523 0.4520 0.4518 0.4516 0.4514
3735.000000 0.4510 0.4509 0.4506 0.4504 0.4502
3740.000000 0.4500 0.4497 0.4495 0.4493 0.4491
3745.000000 0.4488 0.4486 0.4483 0.4481 0.4479
3750.000000 0.4477 0.4474 0.4472 0.4469 0.4467
3755.000000 0.4465 0.4462 0.4460 0.4458 0.4455
3760.000000 0.4453 0.4451 0.4449 0.4446 0.4444
3765.000000 0.4442 0.4440 0.4437 0.4435 0.4432
3770.000000 0.4430 0.4428 0.4426 0.4423 0.4421
3775.000000 0.4418 0.4416 0.4412 0.4410 0.4408
3780.000000 0.4406 0.4403 0.4401 0.4398 0.4396
3785.000000 0.4393 0.4391 0.4388 0.4386 0.4383
3790.000000 0.4381 0.4378 0.4376 0.4373 0.4371
3795.000000 0.4368 0.4366 0.4362 0.4360 0.4359
3800.000000 0.4358
##END=
