##TITLE=ISOPROPYL, Alpha-CHLORO PROPIONATE
##JCAMP-DX=4.24
##DATA TYPE=INFRARED SPECTRUM
##CLASS=COBLENTZ
##ORIGIN=DOW CHEMICAL COMPANY
##OWNER=COBLENTZ SOCIETY
Collection (C) 2018 copyright by the U.S. Secretary of Commerce
on behalf of the United States of America. All rights reserved.
##DATE=Not specified, most likely prior to 1970
##NAMES=isopropyl 2-chloropropanoate
##CAS REGISTRY NO=40058-87-5
##MOLFORM=C6 H11 Cl O2
##SOURCE REFERENCE=COBLENTZ NO. 23
##$NIST SOURCE=COBLENTZ
##$NIST IMAGE=cob23
##SPECTROMETER/DATA SYSTEM=Not specified, most likely a prism, grating, or hybrid spectrometer.
##STATE=SOLUTION (10% CCl4 FOR 2.5-7.5, 10% CS2 FOR 7.5-16 MICRONS)
##PATH LENGTH=0.01 CM, 0.01 CM
$$SPECTRAL CONTAMINATION DUE TO CCl4 AROUND 1550 CM^-^1 AND DUE TO AN IMPURITY AROUNFD 790 CM^-^1
##SAMPLING PROCEDURE=TRANSMISSION
##RESOLUTION=4
##DATA PROCESSING=DIGITIZED BY NIST FROM HARD COPY
##XUNITS=MICROMETERS
##YUNITS=TRANSMITTANCE
##XFACTOR=1.000000
##YFACTOR=1
##DELTAX=000.006682
##FIRSTX=2.011
##LASTX=15.9224
##FIRSTY=0.867
##MAXX=15.9224
##MINX=2.011
##MAXY=0.873
##MINY=0.033
##NPOINTS=2083
##XYDATA=(X++(Y..Y))
2.011000 0.8670 0.8670 0.8670 0.8670 0.8670
2.044424 0.8670 0.8670 0.8650 0.8620 0.8620
2.078000 0.8620 0.8620 0.8620 0.8620 0.8620
2.111424 0.8620 0.8620 0.8620 0.8620 0.8620
2.145000 0.8620 0.8620 0.8620 0.8630 0.8630
2.178424 0.8630 0.8630 0.8630 0.8650 0.8650
2.212000 0.8650 0.8650 0.8650 0.8630 0.8630
2.245424 0.8600 0.8530 0.8500 0.8480 0.8450
2.278000 0.8450 0.8430 0.8430 0.8430 0.8450
2.311424 0.8450 0.8450 0.8450 0.8450 0.8450
2.345000 0.8480 0.8480 0.8480 0.8500 0.8500
2.378424 0.8500 0.8500 0.8520 0.8520 0.8500
2.412000 0.8500 0.8500 0.8500 0.8480 0.8480
2.445424 0.8480 0.8470 0.8470 0.8470 0.8470
2.479000 0.8480 0.8480 0.8520 0.8530 0.8530
2.512424 0.8530 0.8580 0.8630 0.8630 0.8680
2.546000 0.8680 0.8680 0.8700 0.8720 0.8730
2.579424 0.8730 0.8730 0.8730 0.8730 0.8730
2.612000 0.8730 0.8730 0.8730 0.8730 0.8730
2.645424 0.8730 0.8730 0.8730 0.8730 0.8730
2.679000 0.8730 0.8730 0.8730 0.8730 0.8730
2.712424 0.8730 0.8700 0.8630 0.8580 0.8530
2.746000 0.8500 0.8430 0.8420 0.8420 0.8400
2.779424 0.8400 0.8350 0.8330 0.8320 0.8250
2.813000 0.8200 0.8130 0.8080 0.8020 0.8000
2.846424 0.7920 0.7890 0.7840 0.7790 0.7740
2.880000 0.7690 0.7650 0.7620 0.7570 0.7520
2.913424 0.7490 0.7440 0.7440 0.7420 0.7400
2.947000 0.7400 0.7400 0.7400 0.7390 0.7350
2.980424 0.7320 0.7300 0.7250 0.7200 0.7170
3.013000 0.7120 0.7070 0.6990 0.6970 0.6920
3.046424 0.6910 0.6890 0.6870 0.6860 0.6820
3.080000 0.6760 0.6710 0.6670 0.6610 0.6570
3.113424 0.6520 0.6490 0.6470 0.6410 0.6390
3.147000 0.6370 0.6320 0.6320 0.6290 0.6270
3.180424 0.6270 0.6260 0.6260 0.6260 0.6260
3.214000 0.6260 0.6260 0.6260 0.6240 0.6220
3.247424 0.6210 0.6210 0.6210 0.6190 0.6190
3.281000 0.6190 0.6170 0.6170 0.6170 0.6160
3.314424 0.6120 0.6110 0.6040 0.5960 0.5810
3.347000 0.5590 0.5190 0.4680 0.4000 0.3570
3.380424 0.2890 0.2600 0.2570 0.2600 0.2950
3.414000 0.3470 0.3780 0.4080 0.4100 0.4150
3.447424 0.4210 0.4260 0.4380 0.4580 0.4880
3.481000 0.5110 0.5280 0.5330 0.5380 0.5480
3.514424 0.5510 0.5580 0.5760 0.5880 0.6110
3.548000 0.6140 0.6320 0.6520 0.6590 0.6690
3.581424 0.6770 0.6860 0.6940 0.6970 0.7090
3.615000 0.7150 0.7220 0.7270 0.7320 0.7370
3.648424 0.7390 0.7390 0.7390 0.7390 0.7370
3.682000 0.7370 0.7390 0.7400 0.7420 0.7440
3.715424 0.7440 0.7440 0.7450 0.7450 0.7450
3.748000 0.7450 0.7470 0.7450 0.7450 0.7440
3.781424 0.7420 0.7420 0.7420 0.7400 0.7400
3.815000 0.7400 0.7400 0.7400 0.7400 0.7400
3.848424 0.7440 0.7440 0.7450 0.7490 0.7520
3.882000 0.7520 0.7540 0.7590 0.7600 0.7620
3.915424 0.7620 0.7620 0.7620 0.7620 0.7620
3.949000 0.7620 0.7640 0.7640 0.7640 0.7640
3.982424 0.7690 0.7690 0.7720 0.7750 0.7770
4.016000 0.7790 0.7800 0.7840 0.7890 0.7920
4.049424 0.7990 0.8000 0.8020 0.8020 0.8020
4.082000 0.8020 0.8020 0.8020 0.8050 0.8120
4.115424 0.8150 0.8200 0.8220 0.8230 0.8250
4.149000 0.8250 0.8270 0.8280 0.8300 0.8300
4.182424 0.8320 0.8320 0.8330 0.8330 0.8350
4.216000 0.8350 0.8370 0.8400 0.8400 0.8420
4.249424 0.8430 0.8430 0.8450 0.8480 0.8480
4.283000 0.8480 0.8480 0.8480 0.8480 0.8480
4.316424 0.8480 0.8430 0.8430 0.8420 0.8420
4.350000 0.8400 0.8380 0.8350 0.8330 0.8330
4.383424 0.8330 0.8350 0.8350 0.8400 0.8430
4.416000 0.8430 0.8450 0.8470 0.8470 0.8480
4.449424 0.8500 0.8500 0.8500 0.8520 0.8520
4.483000 0.8530 0.8580 0.8580 0.8630 0.8630
4.516424 0.8650 0.8650 0.8650 0.8670 0.8680
4.550000 0.8680 0.8700 0.8700 0.8700 0.8700
4.583424 0.8700 0.8720 0.8700 0.8700 0.8700
4.617000 0.8700 0.8700 0.8700 0.8700 0.8700
4.650424 0.8700 0.8700 0.8700 0.8700 0.8700
4.684000 0.8700 0.8700 0.8700 0.8680 0.8680
4.717424 0.8680 0.8680 0.8680 0.8680 0.8680
4.751000 0.8680 0.8680 0.8680 0.8680 0.8700
4.784424 0.8700 0.8700 0.8720 0.8700 0.8680
4.817000 0.8680 0.8680 0.8680 0.8680 0.8680
4.850424 0.8680 0.8670 0.8630 0.8580 0.8570
4.884000 0.8570 0.8570 0.8570 0.8570 0.8580
4.917424 0.8580 0.8620 0.8620 0.8620 0.8620
4.951000 0.8620 0.8620 0.8620 0.8620 0.8620
4.984424 0.8600 0.8600 0.8600 0.8580 0.8570
5.018000 0.8530 0.8520 0.8520 0.8520 0.8500
5.051424 0.8500 0.8480 0.8500 0.8500 0.8500
5.085000 0.8520 0.8520 0.8520 0.8520 0.8500
5.118424 0.8500 0.8520 0.8520 0.8520 0.8550
5.151000 0.8570 0.8580 0.8580 0.8580 0.8570
5.184424 0.8550 0.8520 0.8520 0.8520 0.8520
5.218000 0.8520 0.8520 0.8500 0.8500 0.8480
5.251424 0.8480 0.8470 0.8480 0.8470 0.8470
5.285000 0.8480 0.8470 0.8470 0.8470 0.8450
5.318424 0.8450 0.8430 0.8430 0.8430 0.8430
5.352000 0.8420 0.8420 0.8420 0.8420 0.8420
5.385424 0.8400 0.8400 0.8380 0.8330 0.8320
5.419000 0.8280 0.8280 0.8270 0.8270 0.8270
5.452424 0.8230 0.8220 0.8200 0.8120 0.8100
5.486000 0.8070 0.8000 0.8000 0.7990 0.7900
5.519424 0.7870 0.7820 0.7770 0.7700 0.7670
5.552000 0.7620 0.7600 0.7570 0.7550 0.7470
5.585424 0.7340 0.7270 0.7090 0.6990 0.6770
5.619000 0.6520 0.6370 0.6190 0.5990 0.5510
5.652424 0.5180 0.4580 0.4010 0.3520 0.2990
5.686000 0.2800 0.1990 0.1490 0.1290 0.1070
5.719424 0.0980 0.0790 0.0680 0.0590 0.0490
5.753000 0.0480 0.0410 0.0380 0.0380 0.0360
5.786424 0.0330 0.0330 0.0330 0.0410 0.0440
5.820000 0.0490 0.0510 0.0580 0.0710 0.0840
5.853424 0.0990 0.1190 0.1570 0.2070 0.2490
5.886000 0.2800 0.3080 0.3250 0.3680 0.4000
5.919424 0.4180 0.4680 0.5010 0.5380 0.5680
5.953000 0.5890 0.6020 0.6170 0.6310 0.6390
5.986424 0.6590 0.6710 0.6890 0.7040 0.7090
6.020000 0.7190 0.7270 0.7300 0.7370 0.7420
6.053424 0.7440 0.7440 0.7470 0.7490 0.7520
6.087000 0.7520 0.7550 0.7600 0.7620 0.7620
6.120424 0.7640 0.7670 0.7690 0.7690 0.7690
6.154000 0.7690 0.7670 0.7670 0.7550 0.7470
6.187424 0.7390 0.7190 0.6990 0.6870 0.6770
6.220000 0.6720 0.6720 0.6720 0.6710 0.6690
6.253424 0.6620 0.6610 0.6510 0.6490 0.6310
6.287000 0.6220 0.6120 0.6020 0.5990 0.5990
6.320424 0.5910 0.5890 0.5880 0.5830 0.5810
6.354000 0.5780 0.5730 0.5660 0.5590 0.5560
6.387424 0.5540 0.5460 0.5430 0.5290 0.5230
6.421000 0.5140 0.5010 0.4910 0.4780 0.4680
6.454424 0.4580 0.4530 0.4510 0.4530 0.4580
6.488000 0.4600 0.4680 0.4780 0.4800 0.4980
6.521424 0.5080 0.5180 0.5290 0.5410 0.5510
6.555000 0.5590 0.5680 0.5710 0.5760 0.5810
6.588424 0.5890 0.5980 0.6010 0.6160 0.6240
6.621000 0.6310 0.6360 0.6390 0.6460 0.6510
6.654424 0.6570 0.6670 0.6810 0.6940 0.6990
6.688000 0.7070 0.7120 0.7190 0.7290 0.7300
6.721424 0.7370 0.7370 0.7370 0.7320 0.7270
6.755000 0.7250 0.7190 0.6990 0.6960 0.6270
6.788424 0.5930 0.5560 0.5380 0.5180 0.4860
6.822000 0.4510 0.4500 0.4500 0.4500 0.4500
6.855424 0.4480 0.4160 0.3880 0.3470 0.3120
6.889000 0.2900 0.2790 0.2770 0.2790 0.2920
6.922424 0.3080 0.3570 0.4000 0.4300 0.4610
6.955000 0.4980 0.5180 0.5530 0.5760 0.5910
6.988424 0.6020 0.6070 0.6170 0.6270 0.6270
7.022000 0.6260 0.6260 0.6240 0.6220 0.6220
7.055424 0.6210 0.6190 0.6190 0.6210 0.6220
7.089000 0.6270 0.6310 0.6370 0.6410 0.6460
7.122424 0.6490 0.6510 0.6510 0.6510 0.6490
7.156000 0.6410 0.6320 0.6210 0.5940 0.5640
7.189424 0.5430 0.4960 0.4480 0.4000 0.3600
7.223000 0.3320 0.3150 0.3050 0.2720 0.2340
7.256424 0.2240 0.2090 0.2020 0.2020 0.2050
7.290000 0.2100 0.2450 0.2940 0.3330 0.3570
7.323424 0.3980 0.4060 0.4100 0.4150 0.4180
7.356000 0.4180 0.4200 0.4210 0.4260 0.4350
7.389424 0.4480 0.4600 0.4710 0.4910 0.5000
7.423000 0.5080 0.5110 0.5130 0.5130 0.5080
7.456424 0.5000 0.4850 0.4650 0.4460 0.4250
7.490000 0.4060 0.3880 0.3750 0.3670 0.3570
7.523424 0.3480 0.3280 0.3180 0.3130 0.3020
7.557000 0.3020 0.3120 0.3120 0.3250 0.3330
7.590424 0.3420 0.3580 0.3680 0.3780 0.3880
7.624000 0.3980 0.4060 0.4060 0.4060 0.4000
7.657424 0.3980 0.3980 0.3950 0.3900 0.3870
7.690000 0.3800 0.3770 0.3670 0.3580 0.3500
7.723424 0.3480 0.3370 0.3270 0.3170 0.3080
7.757000 0.2990 0.2840 0.2800 0.2590 0.2440
7.790424 0.2200 0.1990 0.1790 0.1520 0.1370
7.824000 0.1190 0.1060 0.0930 0.0860 0.0840
7.857424 0.0830 0.0830 0.0860 0.0890 0.0940
7.891000 0.1090 0.1270 0.1370 0.1540 0.1670
7.924424 0.1770 0.1870 0.1990 0.1990 0.2000
7.958000 0.2000 0.2020 0.1990 0.1910 0.1860
7.991424 0.1770 0.1710 0.1620 0.1560 0.1490
8.024000 0.1470 0.1470 0.1470 0.1420 0.1420
8.057424 0.1490 0.1570 0.1620 0.1790 0.1990
8.091000 0.2190 0.2490 0.2690 0.3000 0.3180
8.124424 0.3400 0.3600 0.3780 0.3980 0.4010
8.158000 0.4180 0.4300 0.4380 0.4480 0.4510
8.191424 0.4530 0.4510 0.4500 0.4480 0.4400
8.225000 0.4310 0.4180 0.4080 0.3850 0.3670
8.258424 0.3500 0.3380 0.3220 0.3080 0.2990
8.292000 0.2890 0.2790 0.2690 0.2620 0.2590
8.325424 0.2490 0.2370 0.2270 0.2150 0.2000
8.359000 0.1970 0.1790 0.1710 0.1640 0.1470
8.392424 0.1290 0.1110 0.0980 0.0940 0.0860
8.425000 0.0780 0.0730 0.0690 0.0660 0.0610
8.458424 0.0590 0.0590 0.0580 0.0580 0.0580
8.492000 0.0590 0.0610 0.0690 0.0740 0.0790
8.525424 0.0890 0.1010 0.1090 0.1260 0.1390
8.559000 0.1560 0.1740 0.1910 0.1990 0.2200
8.592424 0.2390 0.2570 0.2850 0.2970 0.3150
8.626000 0.3270 0.3380 0.3500 0.3670 0.3780
8.659424 0.3900 0.3980 0.4100 0.4180 0.4180
8.693000 0.4180 0.4160 0.4080 0.4000 0.3770
8.726424 0.3570 0.3480 0.3420 0.3300 0.3300
8.759000 0.3320 0.3400 0.3450 0.3570 0.3720
8.792424 0.3870 0.3980 0.4030 0.4110 0.4130
8.826000 0.4100 0.4060 0.4030 0.4010 0.3980
8.859424 0.3920 0.3870 0.3830 0.3830 0.3820
8.893000 0.3870 0.3870 0.3830 0.3830 0.3820
8.926424 0.3780 0.3700 0.3580 0.3500 0.3370
8.960000 0.3170 0.3070 0.2850 0.2570 0.2370
8.993424 0.2150 0.1670 0.1490 0.1170 0.0980
9.027000 0.0760 0.0630 0.0490 0.0430 0.0390
9.060424 0.0360 0.0340 0.0360 0.0380 0.0410
9.094000 0.0440 0.0510 0.0680 0.0780 0.0880
9.127424 0.1010 0.1270 0.1390 0.1590 0.1990
9.160000 0.2100 0.2420 0.2500 0.2550 0.2790
9.193424 0.2940 0.3000 0.3100 0.3120 0.3130
9.227000 0.3120 0.3100 0.3000 0.2890 0.2790
9.260424 0.2670 0.2570 0.2490 0.2390 0.2290
9.294000 0.2190 0.2100 0.1990 0.1870 0.1790
9.327424 0.1690 0.1610 0.1470 0.1420 0.1410
9.361000 0.1410 0.1470 0.1540 0.1620 0.1770
9.394424 0.1990 0.2170 0.2370 0.2440 0.2470
9.428000 0.2490 0.2520 0.2520 0.2520 0.2570
9.461424 0.2620 0.2620 0.2790 0.2990 0.3180
9.494000 0.3480 0.3680 0.4010 0.4480 0.4880
9.527424 0.5290 0.5510 0.5810 0.6010 0.6270
9.561000 0.6310 0.6510 0.6660 0.6740 0.6870
9.594424 0.6990 0.7090 0.7270 0.7370 0.7420
9.628000 0.7450 0.7470 0.7500 0.7520 0.7570
9.661424 0.7640 0.7670 0.7700 0.7720 0.7800
9.695000 0.7820 0.7820 0.7840 0.7870 0.7890
9.728424 0.7900 0.7900 0.7920 0.7940 0.7950
9.762000 0.7970 0.7970 0.7970 0.7970 0.7970
9.795424 0.7950 0.7970 0.7970 0.7970 0.7970
9.829000 0.7950 0.7940 0.7940 0.7920 0.7920
9.862424 0.7920 0.7900 0.7890 0.7840 0.7800
9.895000 0.7770 0.7720 0.7670 0.7620 0.7570
9.928424 0.7500 0.7400 0.7320 0.7270 0.7170
9.962000 0.7000 0.6960 0.6820 0.6660 0.6520
9.995424 0.6340 0.5990 0.5780 0.5540 0.5290
10.029000 0.5110 0.5000 0.4780 0.4660 0.4480
10.062424 0.4380 0.4280 0.4260 0.4210 0.4210
10.096000 0.4230 0.4260 0.4310 0.4400 0.4530
10.129424 0.4610 0.4730 0.4880 0.5010 0.5130
10.163000 0.5310 0.5490 0.5540 0.5760 0.5910
10.196424 0.6010 0.6170 0.6360 0.6510 0.6660
10.229000 0.6670 0.6860 0.6970 0.7070 0.7150
10.262424 0.7270 0.7370 0.7390 0.7450 0.7500
10.296000 0.7570 0.7600 0.7600 0.7670 0.7700
10.329424 0.7720 0.7720 0.7770 0.7770 0.7790
10.363000 0.7790 0.7790 0.7790 0.7790 0.7790
10.396424 0.7790 0.7790 0.7750 0.7750 0.7740
10.430000 0.7740 0.7720 0.7720 0.7700 0.7690
10.463424 0.7670 0.7620 0.7600 0.7600 0.7590
10.497000 0.7520 0.7490 0.7470 0.7400 0.7350
10.530424 0.7300 0.7270 0.7200 0.7170 0.7100
10.563000 0.7070 0.6970 0.6920 0.6920 0.6840
10.596424 0.6770 0.6670 0.6570 0.6570 0.6470
10.630000 0.6390 0.6290 0.6260 0.6110 0.6020
10.663424 0.5990 0.5840 0.5690 0.5630 0.5580
10.697000 0.5490 0.5390 0.5310 0.5260 0.5180
10.730424 0.5080 0.4980 0.4760 0.4580 0.4360
10.764000 0.4110 0.3980 0.3900 0.3670 0.3480
10.797424 0.3320 0.3180 0.3120 0.3080 0.3100
10.831000 0.3130 0.3170 0.3230 0.3420 0.3570
10.864424 0.3770 0.3980 0.4110 0.4450 0.4660
10.898000 0.4850 0.5000 0.5160 0.5290 0.5510
10.931424 0.5560 0.5680 0.5780 0.5880 0.5990
10.964000 0.6010 0.6110 0.6170 0.6260 0.6320
10.997424 0.6390 0.6520 0.6620 0.6660 0.6720
11.031000 0.6770 0.6790 0.6810 0.6870 0.6910
11.064424 0.6970 0.6990 0.6990 0.7000 0.7000
11.098000 0.7090 0.7090 0.7100 0.7100 0.7120
11.131424 0.7140 0.7140 0.7150 0.7150 0.7140
11.165000 0.7140 0.7140 0.7140 0.7140 0.7120
11.198424 0.7100 0.7070 0.7000 0.6990 0.6970
11.232000 0.6870 0.6790 0.6710 0.6590 0.6520
11.265424 0.6470 0.6310 0.6270 0.6170 0.6010
11.298000 0.5910 0.5790 0.5660 0.5580 0.5480
11.331424 0.5380 0.5280 0.5230 0.5160 0.5130
11.365000 0.5110 0.5090 0.5090 0.5130 0.5190
11.398424 0.5240 0.5290 0.5380 0.5480 0.5580
11.432000 0.5680 0.5780 0.5830 0.5910 0.5990
11.465424 0.6020 0.6110 0.6170 0.6190 0.6220
11.499000 0.6270 0.6270 0.6290 0.6290 0.6290
11.532424 0.6290 0.6290 0.6260 0.6220 0.6210
11.566000 0.6210 0.6170 0.6160 0.6120 0.6110
11.599424 0.6090 0.6060 0.6040 0.6010 0.6010
11.633000 0.5990 0.5990 0.5980 0.5980 0.5980
11.666424 0.5990 0.5990 0.5990 0.5990 0.5990
11.699000 0.5990 0.6010 0.6010 0.6010 0.6010
11.732424 0.6010 0.6020 0.6060 0.6120 0.6140
11.766000 0.6170 0.6210 0.6220 0.6270 0.6320
11.799424 0.6390 0.6420 0.6440 0.6460 0.6510
11.833000 0.6520 0.6520 0.6610 0.6620 0.6690
11.866424 0.6720 0.6720 0.6770 0.6810 0.6810
11.900000 0.6820 0.6820 0.6840 0.6870 0.6870
11.933424 0.6870 0.6870 0.6870 0.6840 0.6820
11.967000 0.6770 0.6720 0.6640 0.6610 0.6570
12.000424 0.6520 0.6340 0.6170 0.6010 0.5840
12.033000 0.5760 0.5580 0.5480 0.5360 0.5280
12.066424 0.5180 0.5140 0.5060 0.4980 0.4950
12.100000 0.4860 0.4760 0.4710 0.4700 0.4680
12.133424 0.4650 0.4630 0.4610 0.4630 0.4680
12.167000 0.4700 0.4760 0.4810 0.4910 0.4980
12.200424 0.5080 0.5230 0.5460 0.5580 0.5660
12.234000 0.5780 0.5830 0.5990 0.6060 0.6170
12.267424 0.6260 0.6370 0.6460 0.6490 0.6570
12.301000 0.6610 0.6670 0.6710 0.6770 0.6810
12.334424 0.6870 0.6910 0.6970 0.7020 0.7020
12.367000 0.7040 0.7050 0.7070 0.7070 0.7100
12.400424 0.7120 0.7170 0.7190 0.7200 0.7220
12.434000 0.7220 0.7240 0.7240 0.7240 0.7240
12.467424 0.7240 0.7250 0.7250 0.7240 0.7240
12.501000 0.7220 0.7200 0.7170 0.7170 0.7140
12.534424 0.7120 0.7090 0.7040 0.6990 0.6990
12.568000 0.6970 0.6960 0.6960 0.6940 0.6940
12.601424 0.6940 0.6940 0.6940 0.6940 0.6970
12.635000 0.6970 0.6990 0.6990 0.7000 0.7000
12.668424 0.6990 0.6990 0.6990 0.6990 0.6990
12.702000 0.7000 0.7000 0.7000 0.7000 0.7000
12.735424 0.7000 0.7020 0.7020 0.7020 0.7020
12.768000 0.7000 0.7000 0.7000 0.7000 0.7020
12.801424 0.7020 0.7020 0.7020 0.7020 0.7020
12.835000 0.7000 0.7000 0.7000 0.7000 0.7000
12.868424 0.6990 0.6990 0.6990 0.6990 0.6990
12.902000 0.6970 0.6970 0.6970 0.6960 0.6970
12.935424 0.6970 0.6970 0.6990 0.6990 0.6990
12.969000 0.6990 0.7000 0.7020 0.7020 0.7020
13.002424 0.7040 0.7040 0.7050 0.7050 0.7070
13.036000 0.7090 0.7090 0.7090 0.7090 0.7090
13.069424 0.7090 0.7090 0.7090 0.7090 0.7050
13.102000 0.7050 0.7040 0.7040 0.7040 0.7020
13.135424 0.7020 0.7020 0.7000 0.7000 0.7000
13.169000 0.7000 0.6990 0.6970 0.6970 0.6970
13.202424 0.6960 0.6960 0.6960 0.6960 0.6940
13.236000 0.6940 0.6940 0.6940 0.6940 0.6940
13.269424 0.6920 0.6920 0.6910 0.6910 0.6910
13.303000 0.6910 0.6910 0.6910 0.6910 0.6910
13.336424 0.6890 0.6890 0.6890 0.6870 0.6860
13.370000 0.6840 0.6840 0.6840 0.6840 0.6840
13.403424 0.6840 0.6840 0.6840 0.6840 0.6840
13.437000 0.6840 0.6840 0.6840 0.6820 0.6810
13.470424 0.6790 0.6770 0.6760 0.6720 0.6720
13.503000 0.6720 0.6710 0.6660 0.6620 0.6620
13.536424 0.6610 0.6610 0.6570 0.6510 0.6510
13.570000 0.6490 0.6470 0.6440 0.6410 0.6370
13.603424 0.6340 0.6310 0.6270 0.6220 0.6210
13.637000 0.6160 0.6120 0.6110 0.6070 0.6010
13.670424 0.5990 0.5990 0.5910 0.5890 0.5860
13.704000 0.5810 0.5810 0.5790 0.5780 0.5730
13.737424 0.5730 0.5730 0.5710 0.5690 0.5680
13.771000 0.5680 0.5640 0.5640 0.5630 0.5630
13.804424 0.5590 0.5590 0.5580 0.5560 0.5560
13.837000 0.5540 0.5510 0.5510 0.5510 0.5490
13.870424 0.5490 0.5460 0.5460 0.5430 0.5410
13.904000 0.5390 0.5390 0.5380 0.5310 0.5310
13.937424 0.5280 0.5260 0.5240 0.5210 0.5190
13.971000 0.5180 0.5160 0.5160 0.5140 0.5130
14.004424 0.5110 0.5090 0.5080 0.5060 0.5060
14.038000 0.5040 0.5040 0.5030 0.5030 0.5030
14.071424 0.5010 0.5010 0.5000 0.5000 0.4980
14.105000 0.4980 0.4980 0.4960 0.4950 0.4950
14.138424 0.4910 0.4910 0.4910 0.4900 0.4880
14.171000 0.4860 0.4850 0.4830 0.4810 0.4800
14.204424 0.4750 0.4700 0.4660 0.4660 0.4610
14.238000 0.4610 0.4580 0.4560 0.4530 0.4500
14.271424 0.4480 0.4450 0.4430 0.4400 0.4360
14.305000 0.4350 0.4310 0.4310 0.4280 0.4260
14.338424 0.4230 0.4200 0.4180 0.4160 0.4150
14.372000 0.4130 0.4080 0.4060 0.4050 0.4050
14.405424 0.4030 0.4010 0.4000 0.4000 0.4000
14.439000 0.4000 0.4000 0.4000 0.4000 0.4000
14.472424 0.4000 0.4010 0.4010 0.4010 0.4010
14.506000 0.4050 0.4050 0.4080 0.4100 0.4100
14.539424 0.4110 0.4110 0.4130 0.4160 0.4160
14.572000 0.4180 0.4200 0.4200 0.4210 0.4210
14.605424 0.4210 0.4230 0.4250 0.4250 0.4260
14.639000 0.4260 0.4260 0.4260 0.4260 0.4260
14.672424 0.4260 0.4260 0.4260 0.4260 0.4260
14.706000 0.4260 0.4250 0.4250 0.4250 0.4250
14.739424 0.4250 0.4230 0.4230 0.4210 0.4210
14.773000 0.4210 0.4200 0.4200 0.4180 0.4180
14.806424 0.4160 0.4160 0.4130 0.4110 0.4110
14.840000 0.4100 0.4100 0.4100 0.4080 0.4080
14.873424 0.4080 0.4060 0.4050 0.4050 0.4030
14.906000 0.4030 0.4030 0.4030 0.4010 0.4010
14.939424 0.4010 0.4010 0.4010 0.4010 0.4010
14.973000 0.4000 0.4000 0.4000 0.4000 0.3980
15.006424 0.3980 0.3950 0.3880 0.3850 0.3800
15.040000 0.3780 0.3720 0.3700 0.3670 0.3630
15.073424 0.3620 0.3580 0.3570 0.3530 0.3520
15.107000 0.3480 0.3470 0.3430 0.3420 0.3420
15.140424 0.3400 0.3400 0.3380 0.3370 0.3370
15.174000 0.3350 0.3330 0.3330 0.3320 0.3320
15.207424 0.3300 0.3300 0.3280 0.3280 0.3280
15.241000 0.3280 0.3280 0.3280 0.3280 0.3280
15.274424 0.3280 0.3280 0.3280 0.3280 0.3280
15.307000 0.3280 0.3280 0.3280 0.3280 0.3280
15.340424 0.3300 0.3300 0.3320 0.3330 0.3350
15.374000 0.3370 0.3380 0.3380 0.3420 0.3430
15.407424 0.3450 0.3450 0.3480 0.3480 0.3500
15.441000 0.3500 0.3530 0.3550 0.3570 0.3580
15.474424 0.3600 0.3620 0.3620 0.3630 0.3650
15.508000 0.3670 0.3670 0.3680 0.3700 0.3720
15.541424 0.3720 0.3750 0.3770 0.3770 0.3780
15.575000 0.3780 0.3780 0.3780 0.3780 0.3780
15.608424 0.3780 0.3780 0.3780 0.3780 0.3800
15.641000 0.3800 0.3800 0.3800 0.3800 0.3800
15.674424 0.3820 0.3830 0.3850 0.3850 0.3850
15.708000 0.3870 0.3870 0.3870 0.3870 0.3880
15.741424 0.3880 0.3880 0.3880 0.3900 0.3900
15.775000 0.3900 0.3900 0.3900 0.3900 0.3920
15.808424 0.3920 0.3920 0.3920 0.3930 0.3930
15.842000 0.3930 0.3930 0.3930 0.3930 0.3930
15.875424 0.3950 0.3950 0.3970 0.3980 0.3980
15.909000 0.3980 0.3980 0.3980
##END=
