##TITLE=MESO-2,3-DICHLOROBUTANE
##JCAMP-DX=4.24
##DATA TYPE=INFRARED SPECTRUM
##CLASS=COBLENTZ
##ORIGIN=W.T. BOLLETER
##OWNER=COBLENTZ SOCIETY
Collection (C) 2018 copyright by the U.S. Secretary of Commerce
on behalf of the United States of America. All rights reserved.
##DATE=Not specified, most likely prior to 1970
##NAMES=2,3-dichlorobutane
##CAS REGISTRY NO=4028-56-2
##MOLFORM=C4 H8 Cl2
##SOURCE REFERENCE=COBLENTZ NO. 4503
##$NIST SOURCE=COBLENTZ
##$NIST IMAGE=cob4503
##SPECTROMETER/DATA SYSTEM=Not specified, most likely a prism, grating, or hybrid spectrometer.
##PATH LENGTH=0.0025 CM
##SAMPLING PROCEDURE=TRANSMISSION
##RESOLUTION=4
##DATA PROCESSING=DIGITIZED BY NIST FROM HARD COPY
##XUNITS=MICROMETERS
##YUNITS=TRANSMITTANCE
##XFACTOR=1.000000
##YFACTOR=1
##DELTAX=000.017586
##FIRSTX=14.523
##LASTX=38.0176
##FIRSTY=0.001
##MAXX=38.0176
##MINX=14.523
##MAXY=0.934
##MINY=0
##NPOINTS=1337
##XYDATA=(X++(Y..Y))
14.523000 0.0010 0.0050 0.0080 0.0100 0.0140
14.610995 0.0170 0.0170 0.0210 0.0300 0.0350
14.699000 0.0460 0.0510 0.0690 0.0740 0.0780
14.786995 0.0810 0.0830 0.0850 0.0850 0.0870
14.875000 0.0870 0.0850 0.0830 0.0810 0.0760
14.962995 0.0740 0.0650 0.0550 0.0460 0.0350
15.050000 0.0300 0.0210 0.0190 0.0170 0.0120
15.137995 0.0080 0.0070 0.0050 0.0010 0.0010
15.226000 0.0000 0.0000 0.0000 0.0000 0.0000
15.313995 0.0000 0.0000 0.0000 0.0000 0.0000
15.402000 0.0000 0.0000 0.0000 0.0000 0.0000
15.489995 0.0000 0.0000 0.0000 0.0000 0.0000
15.578000 0.0000 0.0000 0.0000 0.0000 0.0000
15.665995 0.0030 0.0050 0.0070 0.0080 0.0120
15.754000 0.0140 0.0210 0.0240 0.0320 0.0440
15.841995 0.0580 0.0760 0.0940 0.0970 0.1170
15.930000 0.1440 0.1600 0.1720 0.1900 0.2040
16.017995 0.2400 0.2630 0.2810 0.2980 0.3160
16.106000 0.3590 0.3730 0.3950 0.4090 0.4250
16.193995 0.4370 0.4500 0.4660 0.4750 0.4870
16.281000 0.4980 0.5100 0.5260 0.5370 0.5480
16.368995 0.5580 0.5670 0.5800 0.5900 0.6010
16.457000 0.6120 0.6190 0.6280 0.6370 0.6380
16.544995 0.6420 0.6490 0.6600 0.6770 0.6790
16.633000 0.6860 0.6900 0.6920 0.6990 0.6990
16.720995 0.7020 0.7080 0.7130 0.7200 0.7270
16.809000 0.7330 0.7400 0.7470 0.7490 0.7560
16.896995 0.7700 0.7790 0.7840 0.7910 0.8000
16.985000 0.8060 0.8180 0.8290 0.8320 0.8360
17.072995 0.8390 0.8430 0.8460 0.8500 0.8540
17.161000 0.8550 0.8590 0.8590 0.8620 0.8660
17.248995 0.8680 0.8700 0.8710 0.8730 0.8730
17.337000 0.8750 0.8750 0.8750 0.8770 0.8770
17.424995 0.8770 0.8770 0.8770 0.8770 0.8770
17.512000 0.8770 0.8750 0.8750 0.8750 0.8750
17.599995 0.8750 0.8730 0.8730 0.8730 0.8730
17.688000 0.8730 0.8730 0.8710 0.8710 0.8700
17.775995 0.8700 0.8700 0.8710 0.8710 0.8710
17.864000 0.8710 0.8710 0.8700 0.8700 0.8700
17.951995 0.8700 0.8680 0.8660 0.8640 0.8620
18.040000 0.8610 0.8570 0.8550 0.8520 0.8520
18.127995 0.8480 0.8430 0.8380 0.8290 0.8230
18.216000 0.8200 0.8110 0.8000 0.7970 0.7840
18.303995 0.7740 0.7580 0.7470 0.7310 0.7080
18.392000 0.6950 0.6700 0.6580 0.6450 0.6170
18.479995 0.5850 0.5510 0.5160 0.4780 0.4390
18.568000 0.3980 0.3590 0.3390 0.3200 0.2810
18.655995 0.2430 0.2090 0.1760 0.1450 0.1190
18.743000 0.0960 0.0760 0.0670 0.0490 0.0350
18.830995 0.0300 0.0260 0.0260 0.0240 0.0260
18.919000 0.0280 0.0320 0.0440 0.0530 0.0710
19.006995 0.0880 0.1040 0.1150 0.1290 0.1490
19.095000 0.1670 0.1900 0.2080 0.2430 0.2650
19.182995 0.2910 0.3070 0.3550 0.3790 0.4020
19.271000 0.4210 0.4350 0.4530 0.4800 0.4960
19.358995 0.5120 0.5350 0.5510 0.5690 0.5850
19.447000 0.5990 0.6120 0.6260 0.6400 0.6580
19.534995 0.7020 0.7040 0.7180 0.7340 0.7500
19.623000 0.7540 0.7650 0.7740 0.7840 0.7900
19.710995 0.7980 0.8020 0.8130 0.8230 0.8270
19.799000 0.8340 0.8390 0.8430 0.8500 0.8550
19.886995 0.8620 0.8620 0.8660 0.8730 0.8790
19.974000 0.8820 0.8870 0.8910 0.8930 0.8960
20.061995 0.9000 0.9020 0.9030 0.9090 0.9090
20.150000 0.9110 0.9140 0.9160 0.9160 0.9190
20.237995 0.9230 0.9270 0.9270 0.9270 0.9270
20.326000 0.9270 0.9280 0.9280 0.9280 0.9280
20.413995 0.9280 0.9280 0.9280 0.9300 0.9300
20.502000 0.9300 0.9300 0.9320 0.9320 0.9320
20.589995 0.9300 0.9280 0.9250 0.9230 0.9210
20.678000 0.9210 0.9230 0.9250 0.9250 0.9250
20.765995 0.9230 0.9210 0.9210 0.9210 0.9210
20.854000 0.9210 0.9210 0.9230 0.9230 0.9230
20.941995 0.9230 0.9250 0.9270 0.9270 0.9270
21.030000 0.9250 0.9250 0.9250 0.9250 0.9250
21.117995 0.9250 0.9250 0.9270 0.9280 0.9300
21.205000 0.9320 0.9320 0.9320 0.9320 0.9320
21.292995 0.9320 0.9320 0.9320 0.9340 0.9340
21.381000 0.9340 0.9340 0.9340 0.9320 0.9320
21.468995 0.9320 0.9320 0.9320 0.9300 0.9300
21.557000 0.9300 0.9280 0.9270 0.9250 0.9230
21.644995 0.9210 0.9190 0.9180 0.9180 0.9160
21.733000 0.9160 0.9140 0.9120 0.9120 0.9110
21.820995 0.9090 0.9070 0.9050 0.9030 0.9020
21.909000 0.8980 0.8960 0.8950 0.8930 0.8910
21.996995 0.8870 0.8860 0.8840 0.8820 0.8790
22.085000 0.8790 0.8730 0.8700 0.8660 0.8640
22.172995 0.8620 0.8610 0.8590 0.8570 0.8540
22.261000 0.8520 0.8500 0.8480 0.8450 0.8430
22.348995 0.8380 0.8360 0.8320 0.8290 0.8270
22.436000 0.8250 0.8230 0.8200 0.8160 0.8130
22.523995 0.8090 0.8060 0.8020 0.7980 0.7950
22.612000 0.7910 0.7880 0.7810 0.7700 0.7660
22.699995 0.7630 0.7540 0.7490 0.7410 0.7400
22.788000 0.7340 0.7290 0.7200 0.7130 0.7020
22.875995 0.6970 0.6860 0.6770 0.6690 0.6610
22.964000 0.6540 0.6450 0.6350 0.6200 0.6100
23.051995 0.6010 0.5960 0.5830 0.5640 0.5440
23.140000 0.5280 0.5100 0.4980 0.4800 0.4670
23.227995 0.4530 0.4340 0.4180 0.4020 0.3960
23.316000 0.3710 0.3480 0.3390 0.3300 0.3060
23.403995 0.2970 0.2750 0.2540 0.2410 0.2220
23.492000 0.1970 0.1770 0.1650 0.1530 0.1400
23.579995 0.1280 0.1200 0.1040 0.0960 0.0800
23.667000 0.0710 0.0640 0.0580 0.0510 0.0480
23.754995 0.0350 0.0300 0.0300 0.0280 0.0280
23.843000 0.0280 0.0280 0.0300 0.0300 0.0330
23.930995 0.0370 0.0420 0.0490 0.0600 0.0690
24.019000 0.0780 0.0880 0.0990 0.1030 0.1190
24.106995 0.1440 0.1560 0.1720 0.1860 0.2040
24.195000 0.2250 0.2470 0.2700 0.2930 0.3070
24.282995 0.3520 0.3770 0.4000 0.4230 0.4480
24.371000 0.4620 0.4850 0.5030 0.5240 0.5390
24.458995 0.5490 0.5670 0.5850 0.6040 0.6220
24.547000 0.6370 0.6490 0.6630 0.6860 0.7010
24.634995 0.7040 0.7170 0.7270 0.7380 0.7500
24.723000 0.7520 0.7540 0.7580 0.7680 0.7770
24.810995 0.7840 0.7950 0.8070 0.8200 0.8220
24.898000 0.8230 0.8270 0.8300 0.8340 0.8380
24.985995 0.8430 0.8460 0.8480 0.8500 0.8520
25.074000 0.8520 0.8540 0.8550 0.8570 0.8590
25.161995 0.8610 0.8640 0.8680 0.8700 0.8710
25.250000 0.8730 0.8750 0.8750 0.8770 0.8790
25.337995 0.8800 0.8800 0.8820 0.8860 0.8870
25.426000 0.8870 0.8910 0.8910 0.8930 0.8950
25.513995 0.8950 0.8960 0.8960 0.8980 0.8980
25.602000 0.9000 0.9000 0.9020 0.9020 0.9020
25.689995 0.9030 0.9030 0.9030 0.9030 0.9030
25.778000 0.9030 0.9050 0.9050 0.9050 0.9050
25.865995 0.9050 0.9050 0.9050 0.9050 0.9050
25.954000 0.9030 0.9030 0.9030 0.9020 0.9000
26.041995 0.9000 0.8980 0.8980 0.8960 0.8960
26.129000 0.8950 0.8930 0.8930 0.8910 0.8910
26.216995 0.8890 0.8890 0.8870 0.8860 0.8840
26.305000 0.8820 0.8820 0.8790 0.8770 0.8750
26.392995 0.8730 0.8710 0.8700 0.8660 0.8640
26.481000 0.8610 0.8570 0.8540 0.8520 0.8450
26.568995 0.8430 0.8390 0.8380 0.8320 0.8290
26.657000 0.8200 0.8180 0.8160 0.8110 0.8040
26.744995 0.8040 0.8020 0.7950 0.7910 0.7840
26.833000 0.7820 0.7770 0.7720 0.7660 0.7610
26.920995 0.7540 0.7500 0.7430 0.7380 0.7290
27.009000 0.7150 0.7040 0.7020 0.7010 0.6880
27.096995 0.6810 0.6720 0.6670 0.6610 0.6490
27.185000 0.6370 0.6280 0.6170 0.6040 0.5990
27.272995 0.5850 0.5780 0.5650 0.5530 0.5390
27.361000 0.5230 0.5030 0.5000 0.4850 0.4690
27.448995 0.4550 0.4390 0.4250 0.4110 0.3980
27.536000 0.3860 0.3710 0.3500 0.3360 0.3290
27.623995 0.3220 0.3020 0.2840 0.2740 0.2580
27.712000 0.2470 0.2310 0.2170 0.2020 0.1990
27.799995 0.1830 0.1720 0.1650 0.1530 0.1490
27.888000 0.1400 0.1370 0.1350 0.1330 0.1310
27.975995 0.1290 0.1280 0.1260 0.1240 0.1220
28.064000 0.1220 0.1240 0.1260 0.1290 0.1330
28.151995 0.1370 0.1400 0.1470 0.1510 0.1580
28.240000 0.1650 0.1700 0.1720 0.1760 0.1790
28.327995 0.1830 0.1880 0.1900 0.1970 0.1990
28.416000 0.2010 0.2020 0.2040 0.2060 0.2080
28.503995 0.2090 0.2110 0.2130 0.2130 0.2130
28.592000 0.2150 0.2170 0.2180 0.2200 0.2250
28.679995 0.2270 0.2310 0.2340 0.2380 0.2470
28.767000 0.2490 0.2500 0.2520 0.2540 0.2630
28.854995 0.2680 0.2750 0.2820 0.2880 0.2970
28.943000 0.3000 0.3060 0.3130 0.3220 0.3290
29.030995 0.3410 0.3460 0.3480 0.3520 0.3550
29.119000 0.3590 0.3610 0.3660 0.3700 0.3730
29.206995 0.3730 0.3750 0.3750 0.3750 0.3750
29.295000 0.3770 0.3770 0.3770 0.3750 0.3730
29.382995 0.3700 0.3610 0.3590 0.3540 0.3520
29.471000 0.3460 0.3430 0.3380 0.3360 0.3320
29.558995 0.3270 0.3230 0.3160 0.3070 0.3020
29.647000 0.3000 0.2970 0.2880 0.2840 0.2740
29.734995 0.2700 0.2630 0.2610 0.2580 0.2520
29.823000 0.2500 0.2490 0.2470 0.2450 0.2450
29.910995 0.2450 0.2470 0.2490 0.2500 0.2520
29.998000 0.2580 0.2610 0.2650 0.2700 0.2770
30.085995 0.2840 0.2970 0.3110 0.3180 0.3290
30.174000 0.3500 0.3590 0.3730 0.3840 0.3980
30.261995 0.4000 0.4160 0.4230 0.4350 0.4460
30.350000 0.4530 0.4670 0.4730 0.4850 0.4980
30.437995 0.5030 0.5160 0.5240 0.5350 0.5460
30.526000 0.5550 0.5690 0.5810 0.5880 0.6010
30.613995 0.6060 0.6240 0.6330 0.6380 0.6450
30.702000 0.6510 0.6540 0.6740 0.6830 0.6860
30.789995 0.6920 0.7010 0.7020 0.7040 0.7060
30.878000 0.7130 0.7170 0.7200 0.7290 0.7340
30.965995 0.7380 0.7430 0.7470 0.7500 0.7540
31.054000 0.7580 0.7630 0.7650 0.7680 0.7740
31.141995 0.7770 0.7810 0.7820 0.7840 0.7860
31.229000 0.7880 0.7900 0.7900 0.7910 0.7930
31.316995 0.7950 0.7950 0.7980 0.8000 0.8000
31.405000 0.8020 0.8020 0.8040 0.8040 0.8060
31.492995 0.8060 0.8070 0.8070 0.8070 0.8070
31.581000 0.8060 0.8060 0.8060 0.8060 0.8060
31.668995 0.8040 0.8040 0.8020 0.7980 0.7970
31.757000 0.7950 0.7950 0.7950 0.7930 0.7930
31.844995 0.7910 0.7910 0.7900 0.7900 0.7880
31.933000 0.7860 0.7840 0.7840 0.7820 0.7790
32.020995 0.7770 0.7750 0.7700 0.7680 0.7660
32.109000 0.7660 0.7650 0.7630 0.7610 0.7580
32.196995 0.7580 0.7560 0.7540 0.7520 0.7500
32.285000 0.7430 0.7410 0.7400 0.7330 0.7310
32.372995 0.7220 0.7170 0.7130 0.7040 0.7020
32.460000 0.6990 0.6930 0.6900 0.6850 0.6790
32.547995 0.6760 0.6720 0.6690 0.6670 0.6630
32.636000 0.6580 0.6540 0.6530 0.6490 0.6440
32.723995 0.6400 0.6370 0.6330 0.6290 0.6260
32.812000 0.6190 0.6150 0.6120 0.6080 0.6040
32.899995 0.5990 0.5940 0.5920 0.5810 0.5800
32.988000 0.5670 0.5580 0.5560 0.5400 0.5370
33.075995 0.5350 0.5300 0.5260 0.5240 0.5230
33.164000 0.5190 0.5160 0.5120 0.5100 0.5100
33.251995 0.5100 0.5100 0.5120 0.5120 0.5120
33.340000 0.5140 0.5170 0.5210 0.5210 0.5230
33.427995 0.5230 0.5240 0.5280 0.5300 0.5350
33.516000 0.5390 0.5440 0.5480 0.5510 0.5510
33.603995 0.5550 0.5620 0.5650 0.5650 0.5690
33.691000 0.5720 0.5740 0.5800 0.5870 0.5970
33.778995 0.6010 0.6030 0.6040 0.6060 0.6100
33.867000 0.6130 0.6170 0.6220 0.6260 0.6280
33.954995 0.6290 0.6330 0.6350 0.6370 0.6380
34.043000 0.6420 0.6450 0.6490 0.6510 0.6510
34.130995 0.6530 0.6540 0.6540 0.6560 0.6600
34.219000 0.6610 0.6630 0.6690 0.6690 0.6700
34.306995 0.6700 0.6720 0.6720 0.6740 0.6740
34.395000 0.6720 0.6720 0.6720 0.6700 0.6700
34.482995 0.6700 0.6690 0.6690 0.6690 0.6670
34.571000 0.6670 0.6670 0.6670 0.6670 0.6670
34.658995 0.6670 0.6670 0.6670 0.6670 0.6650
34.747000 0.6650 0.6630 0.6630 0.6610 0.6610
34.834995 0.6610 0.6610 0.6610 0.6610 0.6610
34.922000 0.6600 0.6600 0.6600 0.6580 0.6560
35.009995 0.6560 0.6540 0.6540 0.6530 0.6530
35.098000 0.6510 0.6510 0.6490 0.6490 0.6490
35.185995 0.6470 0.6470 0.6470 0.6450 0.6450
35.274000 0.6440 0.6420 0.6400 0.6380 0.6370
35.361995 0.6330 0.6310 0.6290 0.6260 0.6220
35.450000 0.6190 0.6170 0.6170 0.6170 0.6150
35.537995 0.6130 0.6120 0.6120 0.6100 0.6080
35.626000 0.6040 0.6040 0.6030 0.6010 0.5990
35.713995 0.5970 0.5900 0.5900 0.5880 0.5880
35.802000 0.5880 0.5870 0.5850 0.5830 0.5810
35.889995 0.5800 0.5800 0.5800 0.5780 0.5780
35.978000 0.5760 0.5720 0.5710 0.5670 0.5620
36.065995 0.5600 0.5580 0.5580 0.5580 0.5580
36.153000 0.5560 0.5560 0.5550 0.5530 0.5510
36.240995 0.5490 0.5480 0.5420 0.5400 0.5390
36.329000 0.5350 0.5350 0.5330 0.5330 0.5300
36.416995 0.5280 0.5280 0.5260 0.5260 0.5240
36.505000 0.5240 0.5230 0.5210 0.5210 0.5210
36.592995 0.5190 0.5190 0.5190 0.5190 0.5170
36.681000 0.5170 0.5160 0.5120 0.5080 0.5030
36.768995 0.5030 0.5010 0.5000 0.4980 0.4960
36.857000 0.4960 0.4940 0.4920 0.4890 0.4870
36.944995 0.4830 0.4800 0.4760 0.4750 0.4730
37.033000 0.4730 0.4690 0.4670 0.4660 0.4590
37.120995 0.4590 0.4550 0.4510 0.4500 0.4500
37.209000 0.4480 0.4460 0.4440 0.4410 0.4390
37.296995 0.4370 0.4340 0.4300 0.4270 0.4250
37.384000 0.4230 0.4230 0.4210 0.4160 0.4090
37.471995 0.4070 0.4070 0.4090 0.4110 0.4110
37.560000 0.4110 0.4110 0.4110 0.4120 0.4120
37.647995 0.4140 0.4160 0.4190 0.4230 0.4250
37.736000 0.4270 0.4250 0.4250 0.4230 0.4210
37.823995 0.4210 0.4210 0.4190 0.4190 0.4190
37.912000 0.4180 0.4180 0.4180 0.4210 0.4210
37.999995 0.4230 0.4210
##END=
