##TITLE=Beta-PHENYLSERINE, ETHYL ESTER
##JCAMP-DX=4.24
##DATA TYPE=INFRARED SPECTRUM
##CLASS=COBLENTZ
##ORIGIN=DOW CHEMICAL COMPANY
##OWNER=COBLENTZ SOCIETY
Collection (C) 2018 copyright by the U.S. Secretary of Commerce
on behalf of the United States of America. All rights reserved.
##DATE=Not specified, most likely prior to 1970
##NAMES=ethyl 2-amino-3-hydroxy-3-phenylpropanoate
##CAS REGISTRY NO=40682-56-2
##MOLFORM=C11 H15 N O3
##SOURCE REFERENCE=COBLENTZ NO. 1701
##$NIST SOURCE=COBLENTZ
##$NIST IMAGE=cob1701
##SPECTROMETER/DATA SYSTEM=Not specified, most likely a prism, grating, or hybrid spectrometer.
##STATE=SOLID (MINERAL OIL MULL)
##SAMPLING PROCEDURE=TRANSMISSION
##RESOLUTION=4
##DATA PROCESSING=DIGITIZED BY NIST FROM HARD COPY
##XUNITS=MICROMETERS
##YUNITS=TRANSMITTANCE
##XFACTOR=1.000000
##YFACTOR=1
##DELTAX=000.006869
##FIRSTX=2.048
##LASTX=15.8835
##FIRSTY=0.794
##MAXX=15.8835
##MINX=2.048
##MAXY=0.915
##MINY=0.017
##NPOINTS=2015
##XYDATA=(X++(Y..Y))
2.048000 0.7940 0.7950 0.7950 0.7950 0.7950
2.082364 0.7950 0.7970 0.7970 0.7970 0.7970
2.117000 0.7970 0.7990 0.7990 0.7990 0.7990
2.151364 0.8010 0.8020 0.8020 0.8020 0.8020
2.185000 0.8010 0.7970 0.7940 0.7920 0.7870
2.219364 0.7800 0.7750 0.7730 0.7660 0.7610
2.254000 0.7610 0.7610 0.7610 0.7610 0.7610
2.288364 0.7630 0.7660 0.7680 0.7700 0.7700
2.323000 0.7710 0.7750 0.7780 0.7780 0.7780
2.357364 0.7770 0.7770 0.7770 0.7780 0.7800
2.392000 0.7820 0.7830 0.7870 0.7900 0.7920
2.426364 0.7940 0.7950 0.8010 0.8060 0.8110
2.460000 0.8140 0.8180 0.8210 0.8230 0.8250
2.494364 0.8250 0.8230 0.8250 0.8250 0.8260
2.529000 0.8260 0.8280 0.8280 0.8300 0.8310
2.563364 0.8330 0.8350 0.8370 0.8370 0.8380
2.598000 0.8380 0.8380 0.8350 0.8300 0.8300
2.632364 0.8300 0.8300 0.8300 0.8300 0.8300
2.666000 0.8310 0.8310 0.8310 0.8350 0.8380
2.700364 0.8380 0.8400 0.8400 0.8400 0.8400
2.735000 0.8400 0.8400 0.8400 0.8400 0.8400
2.769364 0.8400 0.8380 0.8330 0.8330 0.8310
2.804000 0.8280 0.8250 0.8210 0.8160 0.8110
2.838364 0.8070 0.8010 0.7950 0.7870 0.7780
2.872000 0.7680 0.7650 0.7590 0.7580 0.7540
2.906364 0.7440 0.7350 0.7200 0.7100 0.6870
2.941000 0.6510 0.6080 0.5570 0.5040 0.4450
2.975364 0.4230 0.4210 0.4210 0.4510 0.4510
3.010000 0.4510 0.4490 0.4150 0.3960 0.3940
3.044364 0.3970 0.4250 0.4510 0.4520 0.4520
3.079000 0.4510 0.4300 0.4060 0.3850 0.3650
3.113364 0.3490 0.3340 0.3200 0.3100 0.3010
3.147000 0.2950 0.2880 0.2810 0.2760 0.2650
3.181364 0.2600 0.2590 0.2530 0.2460 0.2400
3.216000 0.2330 0.2240 0.2190 0.2160 0.2160
3.250364 0.2160 0.2140 0.2140 0.2140 0.2140
3.285000 0.2160 0.2210 0.2280 0.2280 0.2260
3.319364 0.2170 0.2000 0.1740 0.1490 0.1200
3.353000 0.0900 0.0630 0.0410 0.0250 0.0180
3.387364 0.0170 0.0170 0.0180 0.0180 0.0200
3.422000 0.0250 0.0270 0.0270 0.0300 0.0320
3.456364 0.0320 0.0360 0.0440 0.0510 0.0680
3.491000 0.0960 0.1330 0.1710 0.2090 0.2360
3.525364 0.2590 0.2770 0.2930 0.3050 0.3170
3.559000 0.3270 0.3360 0.3460 0.3550 0.3550
3.593364 0.3630 0.3730 0.3820 0.3890 0.3910
3.628000 0.3960 0.3920 0.3890 0.3820 0.3700
3.662364 0.3670 0.3650 0.3650 0.3700 0.3970
3.697000 0.4180 0.4390 0.4630 0.4680 0.4750
3.731364 0.4830 0.4950 0.5110 0.5310 0.5590
3.765000 0.5710 0.5830 0.5930 0.6030 0.6140
3.799364 0.6240 0.6340 0.6430 0.6510 0.6600
3.834000 0.6680 0.6770 0.6840 0.6910 0.6980
3.868364 0.7030 0.7100 0.7150 0.7200 0.7230
3.903000 0.7270 0.7300 0.7340 0.7370 0.7440
3.937364 0.7470 0.7510 0.7510 0.7530 0.7530
3.972000 0.7560 0.7580 0.7630 0.7660 0.7730
4.006364 0.7770 0.7820 0.7830 0.7890 0.7900
4.040000 0.7920 0.7950 0.7970 0.7990 0.7990
4.074364 0.8020 0.8130 0.8180 0.8210 0.8230
4.109000 0.8260 0.8260 0.8260 0.8260 0.8280
4.143364 0.8300 0.8300 0.8310 0.8330 0.8350
4.178000 0.8370 0.8370 0.8370 0.8370 0.8370
4.212364 0.8370 0.8370 0.8370 0.8380 0.8380
4.246000 0.8400 0.8420 0.8450 0.8490 0.8540
4.280364 0.8610 0.8660 0.8690 0.8730 0.8740
4.315000 0.8760 0.8780 0.8780 0.8790 0.8790
4.349364 0.8790 0.8790 0.8810 0.8810 0.8810
4.384000 0.8830 0.8830 0.8830 0.8850 0.8850
4.418364 0.8860 0.8860 0.8880 0.8880 0.8900
4.452000 0.8900 0.8930 0.8950 0.8970 0.8970
4.486364 0.8970 0.8970 0.8970 0.8970 0.8970
4.521000 0.8970 0.8980 0.8980 0.8980 0.8980
4.555364 0.8980 0.8980 0.8980 0.8980 0.9000
4.590000 0.9000 0.9000 0.9000 0.9000 0.8980
4.624364 0.8970 0.8970 0.8950 0.8950 0.8950
4.658000 0.8950 0.8950 0.8950 0.8950 0.8970
4.692364 0.8980 0.8980 0.8980 0.8950 0.8930
4.727000 0.8880 0.8860 0.8810 0.8790 0.8780
4.761364 0.8760 0.8760 0.8760 0.8760 0.8760
4.796000 0.8790 0.8880 0.8900 0.8910 0.8930
4.830364 0.8970 0.8970 0.8980 0.8980 0.8980
4.865000 0.8980 0.8970 0.8970 0.8950 0.8930
4.899364 0.8900 0.8900 0.8880 0.8860 0.8860
4.933000 0.8860 0.8860 0.8880 0.8910 0.8970
4.967364 0.9070 0.9070 0.9070 0.9090 0.9090
5.002000 0.9090 0.9090 0.9090 0.9070 0.9050
5.036364 0.9030 0.9020 0.9020 0.9020 0.9020
5.071000 0.9000 0.9000 0.8950 0.8860 0.8850
5.105364 0.8810 0.8780 0.8760 0.8760 0.8850
5.139000 0.8900 0.8980 0.9020 0.9100 0.9140
5.173364 0.9150 0.9150 0.9150 0.9140 0.9120
5.208000 0.9100 0.9070 0.9030 0.8980 0.8950
5.242364 0.8910 0.8900 0.8850 0.8810 0.8780
5.277000 0.8760 0.8740 0.8730 0.8730 0.8730
5.311364 0.8730 0.8740 0.8760 0.8810 0.8850
5.345000 0.8910 0.8970 0.8980 0.9000 0.9030
5.379364 0.9030 0.9050 0.9070 0.9070 0.9050
5.414000 0.9030 0.9020 0.8980 0.8970 0.8910
5.448364 0.8880 0.8810 0.8780 0.8710 0.8660
5.483000 0.8640 0.8590 0.8570 0.8540 0.8520
5.517364 0.8490 0.8490 0.8470 0.8470 0.8470
5.552000 0.8500 0.8520 0.8540 0.8550 0.8570
5.586364 0.8570 0.8570 0.8570 0.8550 0.8470
5.620000 0.8370 0.8210 0.8130 0.8040 0.7920
5.654364 0.7770 0.7610 0.7400 0.7160 0.6890
5.689000 0.6560 0.6170 0.5520 0.5020 0.4590
5.723364 0.4060 0.3310 0.2170 0.1260 0.0970
5.758000 0.0960 0.0970 0.1830 0.2500 0.3000
5.792364 0.3410 0.3840 0.4330 0.5000 0.5910
5.826000 0.6200 0.6430 0.6600 0.6740 0.6860
5.860364 0.6940 0.7010 0.7080 0.7150 0.7230
5.895000 0.7340 0.7460 0.7610 0.7680 0.7710
5.929364 0.7770 0.7800 0.7830 0.7850 0.7890
5.964000 0.7920 0.7940 0.7950 0.7950 0.7950
5.998364 0.7950 0.7950 0.7950 0.7940 0.7940
6.032000 0.7890 0.7870 0.7850 0.7850 0.7820
6.066364 0.7800 0.7770 0.7750 0.7730 0.7700
6.101000 0.7680 0.7660 0.7650 0.7610 0.7560
6.135364 0.7510 0.7420 0.7320 0.7180 0.7130
6.170000 0.6680 0.6550 0.6290 0.5930 0.5550
6.204364 0.5180 0.4830 0.4560 0.4420 0.4420
6.238000 0.4330 0.4300 0.4160 0.3730 0.3370
6.272364 0.3000 0.2690 0.2670 0.2690 0.3070
6.307000 0.3340 0.5140 0.5780 0.6360 0.6790
6.341364 0.7100 0.7270 0.7460 0.7540 0.7590
6.376000 0.7610 0.7630 0.7630 0.7650 0.7660
6.410364 0.7700 0.7710 0.7750 0.7750 0.7750
6.445000 0.7750 0.7750 0.7750 0.7750 0.7770
6.479364 0.7770 0.7780 0.7800 0.7830 0.7870
6.513000 0.7870 0.7890 0.7890 0.7900 0.7900
6.547364 0.7890 0.7870 0.7850 0.7830 0.7820
6.582000 0.7780 0.7730 0.7700 0.7630 0.7560
6.616364 0.7470 0.7440 0.7420 0.7350 0.7220
6.651000 0.6980 0.6740 0.6440 0.6150 0.5960
6.685364 0.5760 0.5600 0.5500 0.5450 0.5430
6.719000 0.5420 0.5400 0.5360 0.5160 0.4900
6.753364 0.4630 0.4330 0.4010 0.3670 0.3320
6.788000 0.2960 0.2600 0.2240 0.1810 0.1690
6.822364 0.1660 0.1660 0.1620 0.1610 0.1570
6.857000 0.1490 0.1490 0.1470 0.1470 0.1490
6.891364 0.1900 0.2290 0.2690 0.3070 0.3440
6.925000 0.3790 0.4160 0.4570 0.5020 0.5420
6.959364 0.5760 0.5980 0.6150 0.6240 0.6290
6.994000 0.6310 0.6320 0.6340 0.6320 0.6290
7.028364 0.6240 0.6120 0.6000 0.5880 0.5740
7.063000 0.5620 0.5480 0.5380 0.5260 0.5190
7.097364 0.5120 0.5090 0.5070 0.5070 0.5070
7.132000 0.5070 0.5070 0.5120 0.5120 0.5120
7.166364 0.5090 0.4970 0.4760 0.4400 0.4040
7.200000 0.3670 0.3290 0.2880 0.2430 0.1930
7.234364 0.1680 0.1660 0.1680 0.1930 0.2360
7.269000 0.2670 0.3480 0.4270 0.4520 0.4690
7.303364 0.4810 0.4880 0.4930 0.4950 0.4970
7.338000 0.4990 0.5000 0.5020 0.5070 0.5140
7.372364 0.5230 0.5260 0.5280 0.5300 0.5280
7.406000 0.5280 0.5240 0.5230 0.5210 0.5210
7.440364 0.5230 0.5350 0.5480 0.5590 0.5640
7.475000 0.5930 0.5960 0.5980 0.6000 0.6000
7.509364 0.6000 0.6000 0.6000 0.6000 0.6030
7.544000 0.6080 0.6140 0.6240 0.6320 0.6410
7.578364 0.6480 0.6510 0.6530 0.6500 0.6440
7.612000 0.6430 0.6380 0.6310 0.6270 0.6260
7.646364 0.6240 0.6240 0.6240 0.6240 0.6200
7.681000 0.6150 0.6020 0.5910 0.5790 0.5570
7.715364 0.5310 0.5060 0.4870 0.4760 0.4560
7.750000 0.4330 0.4250 0.4110 0.3960 0.3800
7.784364 0.3600 0.3390 0.3150 0.2930 0.2710
7.818000 0.2450 0.2430 0.2460 0.2620 0.2830
7.852364 0.3370 0.4130 0.4590 0.5020 0.5380
7.887000 0.5550 0.5910 0.6100 0.6290 0.6390
7.921364 0.6480 0.6530 0.6600 0.6670 0.6720
7.956000 0.6750 0.6770 0.6790 0.6790 0.6800
7.990364 0.6800 0.6790 0.6740 0.6700 0.6670
8.025000 0.6600 0.6510 0.6430 0.6310 0.6150
8.059364 0.5980 0.5790 0.5570 0.5300 0.5000
8.093000 0.4680 0.4300 0.3870 0.3440 0.2960
8.127364 0.2520 0.2090 0.1740 0.1500 0.1260
8.162000 0.1080 0.1060 0.1060 0.1080 0.1300
8.196364 0.1620 0.1690 0.1850 0.2050 0.2310
8.231000 0.2550 0.2770 0.2910 0.3100 0.3270
8.265364 0.3410 0.3480 0.3550 0.3580 0.3600
8.299000 0.3600 0.3560 0.3490 0.3410 0.3310
8.333364 0.3270 0.3250 0.3270 0.3390 0.3480
8.368000 0.3610 0.3770 0.3890 0.3970 0.3990
8.402364 0.3990 0.3970 0.3800 0.3650 0.3530
8.437000 0.3390 0.3250 0.3050 0.2880 0.2710
8.471364 0.2500 0.2290 0.2040 0.1810 0.1590
8.505000 0.1320 0.1130 0.0900 0.0730 0.0580
8.539364 0.0560 0.0540 0.0560 0.0700 0.0820
8.574000 0.0990 0.1200 0.1440 0.1710 0.2000
8.608364 0.2310 0.2620 0.2950 0.3250 0.3550
8.643000 0.3840 0.4080 0.4320 0.4610 0.4870
8.677364 0.5070 0.5240 0.5420 0.5550 0.5670
8.711000 0.5790 0.5900 0.6000 0.6030 0.6080
8.745364 0.6150 0.6220 0.6260 0.6270 0.6310
8.780000 0.6310 0.6340 0.6320 0.6310 0.6260
8.814364 0.6200 0.6140 0.6070 0.5960 0.5860
8.849000 0.5760 0.5620 0.5470 0.5310 0.5140
8.883364 0.4930 0.4710 0.4510 0.4320 0.4030
8.918000 0.3870 0.3680 0.3510 0.3360 0.3200
8.952364 0.3100 0.3000 0.2840 0.2760 0.2690
8.986000 0.2670 0.2690 0.2740 0.2810 0.2910
9.020364 0.3070 0.3250 0.3460 0.3850 0.4150
9.055000 0.4400 0.4590 0.4780 0.4970 0.5180
9.089364 0.5210 0.5310 0.5350 0.5380 0.5400
9.124000 0.5450 0.5450 0.5450 0.5450 0.5380
9.158364 0.5350 0.5240 0.5120 0.4990 0.4760
9.192000 0.4510 0.4230 0.3970 0.3700 0.3430
9.226364 0.3170 0.2910 0.2670 0.2460 0.2360
9.261000 0.2340 0.2380 0.2500 0.2640 0.2740
9.295364 0.2930 0.3070 0.3150 0.3170 0.3170
9.330000 0.3170 0.3150 0.2930 0.2770 0.2600
9.364364 0.2410 0.2220 0.2040 0.1830 0.1660
9.398000 0.1490 0.1320 0.1140 0.1090 0.0990
9.432364 0.0940 0.0900 0.0820 0.0750 0.0660
9.467000 0.0600 0.0510 0.0460 0.0420 0.0370
9.501364 0.0360 0.0320 0.0300 0.0320 0.0360
9.536000 0.0420 0.0530 0.0680 0.0870 0.1110
9.570364 0.1370 0.1640 0.1900 0.2140 0.2360
9.605000 0.2530 0.2670 0.2760 0.2790 0.2790
9.639364 0.2790 0.2770 0.2720 0.2670 0.2600
9.673000 0.2520 0.2430 0.2360 0.2330 0.2310
9.707364 0.2290 0.2310 0.2460 0.2590 0.2950
9.742000 0.3270 0.3580 0.3850 0.4130 0.4390
9.776364 0.4610 0.4810 0.5020 0.5190 0.5350
9.811000 0.5500 0.5620 0.5720 0.5830 0.5910
9.845364 0.5960 0.6020 0.6080 0.6140 0.6150
9.879000 0.6170 0.6190 0.6190 0.6190 0.6170
9.913364 0.6070 0.6030 0.5910 0.5740 0.5540
9.948000 0.5310 0.5070 0.4830 0.4610 0.4440
9.982364 0.4280 0.4210 0.4200 0.4150 0.4090
10.017000 0.4040 0.4030 0.3970 0.3940 0.3870
10.051364 0.3850 0.3850 0.3850 0.3870 0.4010
10.085000 0.4080 0.4160 0.4270 0.4370 0.4470
10.119364 0.4570 0.4690 0.4810 0.4930 0.5060
10.154000 0.5160 0.5280 0.5360 0.5450 0.5540
10.188364 0.5590 0.5640 0.5660 0.5780 0.5880
10.223000 0.5960 0.6050 0.6140 0.6200 0.6310
10.257364 0.6410 0.6510 0.6620 0.6650 0.6700
10.291000 0.6720 0.6790 0.6820 0.6840 0.6870
10.325364 0.6910 0.6980 0.7040 0.7130 0.7220
10.360000 0.7280 0.7350 0.7400 0.7440 0.7460
10.394364 0.7490 0.7490 0.7530 0.7540 0.7560
10.429000 0.7560 0.7580 0.7590 0.7630 0.7650
10.463364 0.7650 0.7660 0.7660 0.7660 0.7660
10.498000 0.7660 0.7660 0.7660 0.7660 0.7650
10.532364 0.7650 0.7610 0.7610 0.7580 0.7580
10.566000 0.7560 0.7560 0.7540 0.7510 0.7470
10.600364 0.7440 0.7400 0.7350 0.7280 0.7230
10.635000 0.7150 0.7040 0.6910 0.6770 0.6620
10.669364 0.6460 0.6310 0.6170 0.6030 0.5930
10.704000 0.5860 0.5840 0.5840 0.5860 0.5900
10.738364 0.5980 0.6100 0.6290 0.6510 0.6720
10.772000 0.6860 0.6980 0.7080 0.7200 0.7350
10.806364 0.7390 0.7420 0.7470 0.7490 0.7510
10.841000 0.7510 0.7510 0.7510 0.7510 0.7490
10.875364 0.7470 0.7420 0.7320 0.7200 0.7060
10.910000 0.6920 0.6750 0.6580 0.6410 0.6260
10.944364 0.6080 0.5930 0.5780 0.5640 0.5520
10.978000 0.5520 0.5430 0.5420 0.5420 0.5420
11.012364 0.5420 0.5450 0.5860 0.6080 0.6310
11.047000 0.6530 0.6720 0.6910 0.7080 0.7220
11.081364 0.7340 0.7400 0.7510 0.7530 0.7560
11.116000 0.7580 0.7610 0.7650 0.7650 0.7680
11.150364 0.7700 0.7700 0.7710 0.7730 0.7730
11.184000 0.7750 0.7750 0.7770 0.7770 0.7780
11.218364 0.7800 0.7800 0.7820 0.7820 0.7830
11.253000 0.7850 0.7850 0.7850 0.7850 0.7850
11.287364 0.7850 0.7850 0.7850 0.7850 0.7850
11.322000 0.7850 0.7850 0.7830 0.7820 0.7800
11.356364 0.7770 0.7730 0.7680 0.7630 0.7580
11.391000 0.7530 0.7440 0.7370 0.7280 0.7180
11.425364 0.7080 0.6980 0.6840 0.6700 0.6550
11.459000 0.6380 0.6190 0.5980 0.5880 0.5720
11.493364 0.5600 0.5540 0.5500 0.5480 0.5470
11.528000 0.5480 0.5540 0.5600 0.5720 0.5840
11.562364 0.6000 0.6150 0.6290 0.6430 0.6560
11.597000 0.6650 0.6750 0.6820 0.6840 0.6860
11.631364 0.6870 0.6910 0.6910 0.6910 0.6920
11.665000 0.6920 0.6920 0.6920 0.6920 0.6920
11.699364 0.6920 0.6920 0.6920 0.6940 0.6940
11.734000 0.6940 0.6920 0.6920 0.6920 0.6910
11.768364 0.6890 0.6860 0.6840 0.6800 0.6740
11.803000 0.6670 0.6580 0.6440 0.6390 0.6360
11.837364 0.6290 0.6220 0.6070 0.6020 0.5960
11.871000 0.5910 0.5880 0.5880 0.5880 0.5880
11.905364 0.5930 0.6070 0.6100 0.6170 0.6270
11.940000 0.6380 0.6480 0.6580 0.6650 0.6670
11.974364 0.6680 0.6700 0.6720 0.6740 0.6770
12.009000 0.6790 0.6790 0.6800 0.6800 0.6820
12.043364 0.6820 0.6820 0.6820 0.6840 0.6840
12.078000 0.6840 0.6840 0.6840 0.6840 0.6840
12.112364 0.6840 0.6860 0.6860 0.6870 0.6870
12.146000 0.6890 0.6910 0.6910 0.6910 0.6920
12.180364 0.6940 0.6940 0.6940 0.6960 0.6960
12.215000 0.6960 0.6980 0.6980 0.6990 0.6990
12.249364 0.6990 0.6990 0.6990 0.6990 0.6990
12.284000 0.6990 0.7010 0.7010 0.7010 0.7030
12.318364 0.7030 0.7030 0.7040 0.7040 0.7060
12.352000 0.7060 0.7060 0.7080 0.7080 0.7080
12.386364 0.7100 0.7110 0.7130 0.7150 0.7150
12.421000 0.7150 0.7160 0.7160 0.7160 0.7160
12.455364 0.7180 0.7160 0.7160 0.7160 0.7160
12.490000 0.7160 0.7160 0.7160 0.7160 0.7160
12.524364 0.7160 0.7160 0.7160 0.7160 0.7160
12.558000 0.7160 0.7160 0.7160 0.7160 0.7180
12.592364 0.7160 0.7160 0.7160 0.7160 0.7160
12.627000 0.7150 0.7150 0.7150 0.7150 0.7150
12.661364 0.7150 0.7150 0.7150 0.7130 0.7130
12.696000 0.7110 0.7110 0.7110 0.7100 0.7080
12.730364 0.7080 0.7080 0.7080 0.7060 0.7030
12.764000 0.7030 0.6990 0.6990 0.6980 0.6980
12.798364 0.6980 0.6980 0.6960 0.6960 0.6940
12.833000 0.6920 0.6890 0.6860 0.6820 0.6770
12.867364 0.6720 0.6670 0.6620 0.6580 0.6510
12.902000 0.6440 0.6380 0.6270 0.6140 0.5980
12.936364 0.5830 0.5690 0.5520 0.5090 0.4880
12.971000 0.4760 0.4520 0.4250 0.3970 0.3700
13.005364 0.3430 0.3150 0.3120 0.3030 0.2910
13.039000 0.2790 0.2640 0.2380 0.2220 0.2120
13.073364 0.2040 0.1950 0.1900 0.1860 0.1830
13.108000 0.1780 0.1760 0.1780 0.1860 0.1980
13.142364 0.2100 0.2240 0.2400 0.2550 0.2720
13.177000 0.2910 0.3080 0.3250 0.3430 0.3600
13.211364 0.3750 0.3910 0.4060 0.4180 0.4330
13.245000 0.4440 0.4510 0.4590 0.4660 0.4760
13.279364 0.4900 0.4950 0.5000 0.5060 0.5090
13.314000 0.5140 0.5180 0.5240 0.5280 0.5310
13.348364 0.5350 0.5360 0.5420 0.5430 0.5450
13.383000 0.5480 0.5500 0.5540 0.5550 0.5570
13.417364 0.5590 0.5590 0.5590 0.5590 0.5570
13.451000 0.5550 0.5550 0.5500 0.5480 0.5470
13.485364 0.5420 0.5360 0.5310 0.5280 0.5240
13.520000 0.5210 0.5190 0.5160 0.5140 0.5120
13.554364 0.5120 0.5090 0.5090 0.5090 0.5090
13.589000 0.5090 0.5090 0.5110 0.5140 0.5180
13.623364 0.5260 0.5330 0.5400 0.5450 0.5520
13.658000 0.5550 0.5600 0.5640 0.5690 0.5720
13.692364 0.5760 0.5810 0.5840 0.5900 0.5930
13.726000 0.5980 0.6000 0.6020 0.6070 0.6080
13.760364 0.6100 0.6150 0.6150 0.6150 0.6170
13.795000 0.6170 0.6170 0.6170 0.6190 0.6190
13.829364 0.6190 0.6190 0.6200 0.6200 0.6220
13.864000 0.6240 0.6240 0.6260 0.6260 0.6270
13.898364 0.6290 0.6290 0.6310 0.6310 0.6320
13.932000 0.6340 0.6340 0.6360 0.6360 0.6360
13.966364 0.6390 0.6390 0.6410 0.6410 0.6410
14.001000 0.6410 0.6410 0.6390 0.6390 0.6380
14.035364 0.6360 0.6320 0.6290 0.6260 0.6240
14.070000 0.6200 0.6170 0.6140 0.6070 0.6020
14.104364 0.5950 0.5880 0.5810 0.5740 0.5660
14.138000 0.5520 0.5360 0.5280 0.5140 0.4970
14.172364 0.4800 0.4630 0.4470 0.4320 0.4150
14.207000 0.3800 0.3560 0.3320 0.3080 0.2840
14.241364 0.2620 0.2410 0.2210 0.2020 0.1830
14.276000 0.1660 0.1490 0.1330 0.1180 0.1060
14.310364 0.0920 0.0820 0.0700 0.0680 0.0680
14.344000 0.0700 0.0770 0.0820 0.0940 0.1110
14.378364 0.1320 0.1560 0.1850 0.2140 0.2460
14.413000 0.2790 0.3120 0.3440 0.3750 0.4040
14.447364 0.4300 0.4520 0.4690 0.4800 0.4920
14.482000 0.5040 0.5210 0.5330 0.5430 0.5520
14.516364 0.5590 0.5660 0.5690 0.5740 0.5790
14.551000 0.5830 0.5840 0.5880 0.5900 0.5910
14.585364 0.5910 0.5930 0.5930 0.5950 0.5960
14.619000 0.5960 0.5960 0.5980 0.5980 0.5980
14.653364 0.5980 0.5980 0.5980 0.5980 0.5980
14.688000 0.5980 0.5980 0.5960 0.5960 0.5960
14.722364 0.5950 0.5950 0.5930 0.5910 0.5900
14.757000 0.5900 0.5880 0.5860 0.5860 0.5860
14.791364 0.5860 0.5840 0.5840 0.5830 0.5830
14.825000 0.5830 0.5810 0.5810 0.5810 0.5790
14.859364 0.5790 0.5780 0.5760 0.5740 0.5720
14.894000 0.5720 0.5710 0.5690 0.5690 0.5690
14.928364 0.5690 0.5690 0.5690 0.5690 0.5690
14.963000 0.5690 0.5690 0.5690 0.5690 0.5690
14.997364 0.5710 0.5710 0.5710 0.5710 0.5710
15.031000 0.5710 0.5710 0.5710 0.5710 0.5710
15.065364 0.5690 0.5690 0.5670 0.5670 0.5670
15.100000 0.5670 0.5660 0.5660 0.5640 0.5620
15.134364 0.5620 0.5600 0.5590 0.5590 0.5590
15.169000 0.5590 0.5570 0.5570 0.5570 0.5570
15.203364 0.5570 0.5550 0.5550 0.5540 0.5520
15.237000 0.5480 0.5470 0.5450 0.5450 0.5430
15.271364 0.5420 0.5400 0.5380 0.5360 0.5360
15.306000 0.5360 0.5350 0.5350 0.5330 0.5330
15.340364 0.5310 0.5310 0.5300 0.5300 0.5280
15.375000 0.5260 0.5260 0.5260 0.5240 0.5230
15.409364 0.5210 0.5210 0.5190 0.5180 0.5160
15.444000 0.5140 0.5140 0.5120 0.5110 0.5090
15.478364 0.5070 0.5070 0.5060 0.5040 0.5020
15.512000 0.5000 0.4990 0.4990 0.4970 0.4930
15.546364 0.4930 0.4920 0.4900 0.4880 0.4850
15.581000 0.4800 0.4800 0.4760 0.4750 0.4710
15.615364 0.4690 0.4660 0.4630 0.4570 0.4540
15.650000 0.4490 0.4400 0.4370 0.4370 0.4320
15.684364 0.4280 0.4250 0.4180 0.4130 0.4090
15.718000 0.4080 0.4060 0.4030 0.4010 0.3990
15.752364 0.3990 0.3970 0.3940 0.3940 0.3920
15.787000 0.3920 0.3920 0.3920 0.3920 0.3920
15.821364 0.3910 0.3910 0.3910 0.3910 0.3890
15.856000 0.3890 0.3890 0.3870 0.3870 0.3870
##END=
