##TITLE=PYRIMIDINE-5-AMINE, 4-BUTYLAMINO, 6-CHLORO-
##JCAMP-DX=4.24
##DATA TYPE=INFRARED SPECTRUM
##CLASS=COBLENTZ III
##ORIGIN=SOUTHERN RESEARCH INSTITUTE (W.C. COBURN, JR.)
##OWNER=COBLENTZ SOCIETY
Collection (C) 2018 copyright by the U.S. Secretary of Commerce
on behalf of the United States of America. All rights reserved.
##DATE=1957/05/10
##NAMES=N<4>-butyl-6-chloro-4,5-pyrimidinediamine
##CAS REGISTRY NO=41259-67-0
##MOLFORM=C8 H13 Cl N4
##SOURCE REFERENCE=COBLENTZ NO. 9890
##$NIST SOURCE=COBLENTZ
##$NIST IMAGE=cob9890
##SPECTROMETER/DATA SYSTEM=PERKIN-ELMER 21 (GRATING)
##INSTRUMENT PARAMETERS=FILTER CHANGE AT 1080 CM^-^1
##STATE=SOLID (0.9 mg / 650 mg, KBr DISC)
##SAMPLING PROCEDURE=TRANSMISSION
##RESOLUTION=2
##DATA PROCESSING=DIGITIZED BY NIST FROM HARD COPY (FROM TWO SEGMENTS)
##XUNITS=1/CM
##YUNITS=TRANSMITTANCE
##XFACTOR=1.000000
##YFACTOR=1
##DELTAX=1.295896
##FIRSTX=604.194
##LASTX=4002.03
##FIRSTY=0.895
##MAXX=4002.03
##MINX=604.194
##MAXY=0.895
##MINY=0.052
##NPOINTS=2623
##XYDATA=(X++(Y..Y))
604.194000 0.8950 0.8950 0.8940 0.8930 0.8930
610.673480 0.8921 0.8920 0.8902 0.8891 0.8890
617.152960 0.8881 0.8862 0.8860 0.8860 0.8860
623.632440 0.8860 0.8852 0.8850 0.8850 0.8850
630.111920 0.8842 0.8840 0.8840 0.8840 0.8840
636.591400 0.8840 0.8833 0.8830 0.8816 0.8803
643.070880 0.8780 0.8763 0.8754 0.8725 0.8710
649.550360 0.8710 0.8710 0.8710 0.8704 0.8706
656.029840 0.8710 0.8710 0.8710 0.8710 0.8710
662.509320 0.8710 0.8710 0.8705 0.8686 0.8652
668.988800 0.8608 0.8571 0.8552 0.8536 0.8530
675.468280 0.8526 0.8494 0.8443 0.8423 0.8407
681.947760 0.8394 0.8371 0.8347 0.8328 0.8286
688.427240 0.8237 0.8195 0.8180 0.8180 0.8178
694.906720 0.8168 0.8142 0.8060 0.8013 0.7968
701.386200 0.7904 0.7866 0.7832 0.7776 0.7743
707.865680 0.7674 0.7610 0.7503 0.7419 0.7409
714.345160 0.7388 0.7345 0.7169 0.7099 0.7001
720.824640 0.6794 0.6467 0.5967 0.5578 0.5334
727.304120 0.5162 0.5150 0.5231 0.5419 0.5625
733.783600 0.5911 0.6166 0.6575 0.6690 0.6700
740.263080 0.6700 0.6684 0.6648 0.6617 0.6564
746.742560 0.6512 0.6477 0.6492 0.6573 0.6672
753.222040 0.6763 0.6915 0.6970 0.6963 0.6960
759.701520 0.6954 0.6931 0.6914 0.6904 0.6888
766.181000 0.6850 0.6807 0.6762 0.6718 0.6210
772.660480 0.5571 0.5302 0.5224 0.5220 0.5452
779.139960 0.5944 0.6422 0.6704 0.6855 0.6967
785.619440 0.6994 0.7000 0.7000 0.6996 0.6982
792.098920 0.6970 0.6963 0.6940 0.6913 0.6890
798.578400 0.6867 0.6851 0.6818 0.6782 0.6744
805.057880 0.6695 0.6680 0.6682 0.6690 0.6692
811.537360 0.6706 0.6732 0.6740 0.6740 0.6740
818.016840 0.6740 0.6739 0.6729 0.6718 0.6699
824.496320 0.6685 0.6627 0.6585 0.6504 0.6407
830.975800 0.6338 0.6278 0.6199 0.6011 0.5843
837.455280 0.5345 0.5090 0.4812 0.4545 0.4493
843.934760 0.4527 0.4630 0.4774 0.4975 0.5139
850.414240 0.5280 0.5410 0.5531 0.5625 0.5697
856.893720 0.5767 0.5828 0.5895 0.5949 0.6006
863.373200 0.6072 0.6134 0.6208 0.6244 0.6250
869.852680 0.6243 0.6240 0.6233 0.6230 0.6224
876.332160 0.6220 0.6208 0.6194 0.6184 0.6126
882.811640 0.6026 0.5969 0.5954 0.5939 0.5919
889.291120 0.5889 0.5850 0.5805 0.5775 0.5756
895.770600 0.5740 0.5735 0.5730 0.5721 0.5710
902.250080 0.5743 0.5830 0.5972 0.6184 0.6316
908.729560 0.6310 0.6303 0.6287 0.6267 0.6234
915.209040 0.6202 0.6151 0.6113 0.6062 0.6030
921.688520 0.5990 0.5916 0.5757 0.5700 0.5650
928.168000 0.5590 0.5479 0.5360 0.5243 0.5084
934.647480 0.4656 0.4363 0.4320 0.4437 0.4818
941.126960 0.5247 0.5468 0.5593 0.5656 0.5788
947.606440 0.6012 0.6111 0.6200 0.6289 0.6358
954.085920 0.6418 0.6467 0.6517 0.6548 0.6578
960.565400 0.6589 0.6608 0.6637 0.6684 0.6699
967.044880 0.6734 0.6773 0.6813 0.6853 0.6892
973.524360 0.6940 0.6942 0.6948 0.6950 0.6950
980.003840 0.6943 0.6940 0.6926 0.6920 0.6920
986.483320 0.6920 0.6920 0.6913 0.6910 0.6910
992.962800 0.6904 0.6900 0.6900 0.6900 0.6900
999.442280 0.6889 0.6891 0.6900 0.6900 0.6900
1005.921760 0.6900 0.6900 0.6900 0.6900 0.6900
1012.401240 0.6886 0.6866 0.6838 0.6793 0.6770
1018.880720 0.6770 0.6770 0.6774 0.6784 0.6790
1025.360200 0.6790 0.6790 0.6790 0.6787 0.6777
1031.839680 0.6767 0.6754 0.6735 0.6712 0.6690
1038.319160 0.6678 0.6640 0.6640 0.6638 0.6630
1044.798640 0.6632 0.6638 0.6630 0.6630 0.6630
1051.278120 0.6630 0.6628 0.6609 0.6598 0.6578
1057.757600 0.6559 0.6549 0.6540 0.6539 0.6488
1064.237080 0.6420 0.6380 0.6311 0.6242 0.6192
1070.716560 0.6152 0.6141 0.6075 0.6015 0.5955
1077.196040 0.5851 0.5840 0.5805 0.5774 0.5736
1083.675520 0.5696 0.5657 0.5617 0.5578 0.5538
1090.155000 0.5506 0.5469 0.5429 0.5397 0.5338
1096.634480 0.5255 0.5187 0.5100 0.4973 0.4834
1103.113960 0.4689 0.4534 0.4304 0.4069 0.3896
1109.593440 0.3760 0.3650 0.3533 0.3399 0.3266
1116.072920 0.3193 0.3191 0.3216 0.3246 0.3275
1122.552400 0.3300 0.3325 0.3364 0.3483 0.3755
1129.031880 0.4103 0.4413 0.4681 0.4925 0.5136
1135.511360 0.5305 0.5435 0.5532 0.5577 0.5607
1141.990840 0.5654 0.5696 0.5743 0.5779 0.5812
1148.470320 0.5851 0.5891 0.5928 0.5964 0.6049
1154.949800 0.6191 0.6230 0.6232 0.6240 0.6240
1161.429280 0.6240 0.6240 0.6240 0.6240 0.6240
1167.908760 0.6239 0.6229 0.6220 0.6220 0.6218
1174.388240 0.6189 0.6179 0.6149 0.6109 0.6070
1180.867720 0.6060 0.6040 0.6020 0.5981 0.5932
1187.347200 0.5864 0.5795 0.5772 0.5462 0.5385
1193.826680 0.5336 0.5286 0.5245 0.5197 0.5156
1200.306160 0.5150 0.5273 0.5501 0.5946 0.6050
1206.785640 0.5941 0.5849 0.5792 0.5691 0.5609
1213.265120 0.5239 0.4839 0.4522 0.4042 0.3499
1219.744600 0.3307 0.3307 0.3316 0.3402 0.3499
1226.224080 0.3693 0.4049 0.4388 0.4646 0.4917
1232.703560 0.5352 0.5822 0.6169 0.6413 0.6576
1239.183040 0.6665 0.6704 0.6720 0.6720 0.6720
1245.662520 0.6720 0.6720 0.6724 0.6750 0.6807
1252.142000 0.6888 0.6965 0.6990 0.6997 0.7010
1258.621480 0.7010 0.7010 0.7010 0.7010 0.7007
1265.100960 0.6997 0.6985 0.6965 0.6948 0.6925
1271.580440 0.6860 0.6808 0.6754 0.6730 0.6730
1278.059920 0.6732 0.6739 0.6730 0.6730 0.6729
1284.539400 0.6715 0.6668 0.6643 0.6554 0.6467
1291.018880 0.6408 0.6358 0.6309 0.6249 0.6160
1297.498360 0.6101 0.6012 0.5758 0.5511 0.5264
1303.977840 0.5120 0.4935 0.4720 0.4494 0.4276
1310.457320 0.3858 0.3791 0.3807 0.3835 0.4114
1316.936800 0.4448 0.4776 0.5205 0.5621 0.5949
1323.416280 0.6240 0.6423 0.6467 0.6470 0.6470
1329.895760 0.6435 0.6413 0.6383 0.6310 0.6194
1336.375240 0.6040 0.5807 0.5483 0.4873 0.4210
1342.854720 0.3970 0.3953 0.3929 0.3875 0.3791
1349.334200 0.3707 0.3486 0.3310 0.3305 0.3419
1355.813680 0.3641 0.3859 0.4144 0.4426 0.4624
1362.293160 0.4870 0.5119 0.5366 0.5603 0.5730
1368.772640 0.5730 0.5658 0.5482 0.5377 0.5331
1375.252120 0.5271 0.5197 0.5088 0.4869 0.4407
1381.731600 0.4125 0.4115 0.4151 0.4240 0.4333
1388.211080 0.4452 0.4584 0.4735 0.5401 0.5700
1394.690560 0.5700 0.5700 0.5698 0.5677 0.5647
1401.170040 0.5616 0.5569 0.5550 0.5549 0.5530
1407.649520 0.5520 0.5510 0.5500 0.5480 0.5460
1414.129000 0.5207 0.5027 0.4963 0.4601 0.4151
1420.608480 0.3604 0.3160 0.2654 0.2104 0.2040
1427.087960 0.2083 0.2387 0.2938 0.3347 0.3624
1433.567440 0.3824 0.4027 0.4290 0.4435 0.4460
1440.046920 0.4228 0.4113 0.4056 0.3975 0.3936
1446.526400 0.3909 0.3886 0.3860 0.3824 0.3752
1453.005880 0.3491 0.3067 0.2841 0.2737 0.2529
1459.485360 0.2233 0.1974 0.1790 0.1693 0.1638
1465.964840 0.1584 0.1555 0.1550 0.1565 0.1604
1472.444320 0.1649 0.1808 0.2109 0.2428 0.2819
1478.923800 0.3283 0.3764 0.4258 0.4577 0.4605
1485.403280 0.4573 0.4543 0.4419 0.4224 0.4206
1491.882760 0.4369 0.4687 0.4733 0.4762 0.4851
1498.362240 0.4940 0.4791 0.4223 0.3916 0.3904
1504.841720 0.3922 0.3934 0.3963 0.4049 0.4165
1511.321200 0.4262 0.4355 0.4472 0.4583 0.4710
1517.800680 0.4822 0.4851 0.4873 0.4920 0.4920
1524.280160 0.4919 0.4890 0.4880 0.4870 0.4850
1530.759640 0.4792 0.4714 0.4691 0.4625 0.4565
1537.239120 0.4195 0.4007 0.3821 0.3634 0.3429
1543.718600 0.3238 0.3025 0.2949 0.2907 0.2868
1550.198080 0.2828 0.2741 0.2674 0.2561 0.2395
1556.677560 0.2195 0.1973 0.1746 0.1531 0.1337
1563.157040 0.1184 0.1086 0.1060 0.1034 0.0988
1569.636520 0.0707 0.0532 0.0520 0.0520 0.0520
1576.116000 0.0520 0.0520 0.0526 0.0530 0.0530
1582.595480 0.0540 0.0550 0.0555 0.0565 0.0584
1589.074960 0.0623 0.0668 0.0751 0.0911 0.1028
1595.554440 0.1076 0.1200 0.1386 0.1595 0.1813
1602.033920 0.2024 0.2254 0.2465 0.2663 0.2854
1608.513400 0.3032 0.3204 0.3360 0.3508 0.3653
1614.992880 0.3783 0.3917 0.4034 0.4144 0.4259
1621.472360 0.4356 0.4447 0.4544 0.4631 0.4714
1627.951840 0.4810 0.4883 0.4916 0.4969 0.4958
1634.431320 0.4939 0.4918 0.4889 0.4869 0.4829
1640.910800 0.4779 0.4710 0.4651 0.4562 0.4444
1647.390280 0.4316 0.4047 0.3770 0.3521 0.3235
1653.869760 0.3183 0.3198 0.3209 0.3219 0.3246
1660.349240 0.3258 0.3301 0.3539 0.3823 0.4064
1666.828720 0.4299 0.4521 0.4746 0.4973 0.5193
1673.308200 0.5418 0.5623 0.5814 0.5974 0.6096
1679.787680 0.6232 0.6340 0.6390 0.6406 0.6517
1686.267160 0.6679 0.6843 0.6928 0.6952 0.6977
1692.746640 0.6996 0.7017 0.7057 0.7112 0.7166
1699.226120 0.7271 0.7360 0.7413 0.7483 0.7524
1705.705600 0.7545 0.7559 0.7583 0.7608 0.7624
1712.185080 0.7634 0.7651 0.7685 0.7717 0.7744
1718.664560 0.7797 0.7857 0.7876 0.7893 0.7903
1725.144040 0.7916 0.7933 0.7943 0.7952 0.7965
1731.623520 0.7982 0.7992 0.8004 0.8022 0.8032
1738.103000 0.8042 0.8053 0.8071 0.8080 0.8081
1744.582480 0.8092 0.8112 0.8133 0.8162 0.8181
1751.061960 0.8200 0.8200 0.8210 0.8221 0.8250
1757.541440 0.8260 0.8260 0.8260 0.8270 0.8270
1764.020920 0.8270 0.8270 0.8270 0.8288 0.8290
1770.500400 0.8290 0.8299 0.8300 0.8300 0.8300
1776.979880 0.8300 0.8300 0.8300 0.8300 0.8300
1783.459360 0.8300 0.8292 0.8290 0.8290 0.8290
1789.938840 0.8290 0.8290 0.8276 0.8270 0.8270
1796.418320 0.8270 0.8270 0.8283 0.8271 0.8260
1802.897800 0.8260 0.8260 0.8260 0.8260 0.8254
1809.377280 0.8250 0.8250 0.8250 0.8250 0.8250
1815.856760 0.8250 0.8250 0.8255 0.8260 0.8260
1822.336240 0.8260 0.8260 0.8260 0.8260 0.8260
1828.815720 0.8260 0.8260 0.8260 0.8260 0.8260
1835.295200 0.8260 0.8260 0.8260 0.8260 0.8257
1841.774680 0.8250 0.8245 0.8223 0.8191 0.8151
1848.254160 0.8112 0.8072 0.8032 0.7996 0.7982
1854.733640 0.7998 0.8050 0.8111 0.8120 0.8122
1861.213120 0.8143 0.8170 0.8172 0.8201 0.8221
1867.692600 0.8231 0.8260 0.8270 0.8290 0.8300
1874.172080 0.8310 0.8320 0.8339 0.8340 0.8340
1880.651560 0.8340 0.8340 0.8340 0.8340 0.8340
1887.131040 0.8340 0.8340 0.8340 0.8340 0.8340
1893.610520 0.8315 0.8302 0.8300 0.8292 0.8290
1900.090000 0.8275 0.8262 0.8260 0.8260 0.8260
1906.569480 0.8260 0.8267 0.8270 0.8270 0.8283
1913.048960 0.8290 0.8290 0.8290 0.8296 0.8300
1919.528440 0.8306 0.8310 0.8316 0.8320 0.8320
1926.007920 0.8320 0.8320 0.8330 0.8340 0.8340
1932.487400 0.8340 0.8340 0.8340 0.8340 0.8340
1938.966880 0.8340 0.8344 0.8350 0.8350 0.8350
1945.446360 0.8350 0.8346 0.8340 0.8340 0.8330
1951.925840 0.8310 0.8310 0.8310 0.8307 0.8300
1958.405320 0.8300 0.8300 0.8300 0.8300 0.8298
1964.884800 0.8290 0.8290 0.8290 0.8290 0.8290
1971.364280 0.8287 0.8270 0.8270 0.8270 0.8270
1977.843760 0.8269 0.8260 0.8260 0.8260 0.8260
1984.323240 0.8260 0.8260 0.8260 0.8260 0.8260
1990.802720 0.8260 0.8260 0.8260 0.8260 0.8251
1997.282200 0.8250 0.8250 0.8250 0.8250 0.8232
2003.761680 0.8230 0.8230 0.8221 0.8220 0.8211
2010.241160 0.8210 0.8201 0.8200 0.8182 0.8180
2016.720640 0.8171 0.8161 0.8160 0.8160 0.8160
2023.200120 0.8160 0.8142 0.8140 0.8140 0.8140
2029.679600 0.8131 0.8130 0.8130 0.8130 0.8130
2036.159080 0.8130 0.8130 0.8130 0.8130 0.8130
2042.638560 0.8130 0.8130 0.8130 0.8130 0.8130
2049.118040 0.8130 0.8121 0.8120 0.8120 0.8120
2055.597520 0.8120 0.8120 0.8111 0.8110 0.8110
2062.077000 0.8110 0.8110 0.8092 0.8090 0.8090
2068.556480 0.8090 0.8090 0.8090 0.8081 0.8080
2075.035960 0.8080 0.8080 0.8080 0.8071 0.8070
2081.515440 0.8070 0.8070 0.8070 0.8043 0.8040
2087.994920 0.8040 0.8031 0.8030 0.8030 0.8030
2094.474400 0.8030 0.8021 0.8020 0.8020 0.8020
2100.953880 0.8002 0.8000 0.8000 0.8000 0.8000
2107.433360 0.8000 0.8000 0.8000 0.8000 0.8000
2113.912840 0.7991 0.7990 0.7990 0.7990 0.7990
2120.392320 0.7990 0.7990 0.7990 0.7990 0.7981
2126.871800 0.7980 0.7980 0.7980 0.7980 0.7980
2133.351280 0.7980 0.7980 0.7962 0.7960 0.7960
2139.830760 0.7951 0.7950 0.7941 0.7931 0.7930
2146.310240 0.7930 0.7930 0.7912 0.7928 0.7930
2152.789720 0.7930 0.7930 0.7930 0.7930 0.7930
2159.269200 0.7930 0.7930 0.7930 0.7930 0.7930
2165.748680 0.7930 0.7912 0.7910 0.7910 0.7901
2172.228160 0.7900 0.7900 0.7900 0.7891 0.7890
2178.707640 0.7890 0.7872 0.7870 0.7870 0.7870
2185.187120 0.7870 0.7870 0.7870 0.7870 0.7870
2191.666600 0.7870 0.7870 0.7870 0.7870 0.7870
2198.146080 0.7870 0.7870 0.7870 0.7870 0.7870
2204.625560 0.7870 0.7870 0.7861 0.7860 0.7860
2211.105040 0.7860 0.7860 0.7851 0.7850 0.7850
2217.584520 0.7850 0.7841 0.7840 0.7840 0.7822
2224.064000 0.7820 0.7820 0.7820 0.7820 0.7820
2230.543480 0.7820 0.7820 0.7820 0.7820 0.7820
2237.022960 0.7820 0.7820 0.7820 0.7820 0.7820
2243.502440 0.7811 0.7810 0.7810 0.7801 0.7800
2249.981920 0.7800 0.7809 0.7810 0.7810 0.7810
2256.461400 0.7783 0.7780 0.7780 0.7771 0.7770
2262.940880 0.7761 0.7760 0.7760 0.7760 0.7760
2269.420360 0.7760 0.7751 0.7750 0.7750 0.7750
2275.899840 0.7750 0.7750 0.7750 0.7750 0.7759
2282.379320 0.7760 0.7760 0.7769 0.7770 0.7779
2288.858800 0.7771 0.7770 0.7761 0.7760 0.7733
2295.338280 0.7712 0.7692 0.7690 0.7690 0.7708
2301.817760 0.7710 0.7719 0.7711 0.7719 0.7729
2308.297240 0.7730 0.7748 0.7750 0.7750 0.7750
2314.776720 0.7750 0.7750 0.7750 0.7750 0.7732
2321.256200 0.7730 0.7730 0.7730 0.7730 0.7721
2327.735680 0.7720 0.7711 0.7710 0.7692 0.7690
2334.215160 0.7681 0.7680 0.7671 0.7670 0.7670
2340.694640 0.7661 0.7642 0.7640 0.7622 0.7602
2347.174120 0.7591 0.7581 0.7580 0.7580 0.7580
2353.653600 0.7580 0.7580 0.7571 0.7552 0.7550
2360.133080 0.7541 0.7540 0.7531 0.7512 0.7510
2366.612560 0.7501 0.7491 0.7490 0.7481 0.7480
2373.092040 0.7462 0.7460 0.7451 0.7450 0.7450
2379.571520 0.7459 0.7460 0.7460 0.7478 0.7480
2386.051000 0.7489 0.7490 0.7499 0.7500 0.7509
2392.530480 0.7510 0.7510 0.7510 0.7510 0.7510
2399.009960 0.7510 0.7510 0.7501 0.7491 0.7481
2405.489440 0.7462 0.7442 0.7422 0.7411 0.7410
2411.968920 0.7401 0.7391 0.7372 0.7370 0.7361
2418.448400 0.7351 0.7332 0.7321 0.7320 0.7311
2424.927880 0.7310 0.7301 0.7282 0.7280 0.7280
2431.407360 0.7280 0.7298 0.7300 0.7300 0.7309
2437.886840 0.7319 0.7329 0.7348 0.7350 0.7359
2444.366320 0.7369 0.7370 0.7388 0.7390 0.7399
2450.845800 0.7400 0.7409 0.7410 0.7410 0.7410
2457.325280 0.7410 0.7410 0.7410 0.7410 0.7410
2463.804760 0.7410 0.7410 0.7410 0.7401 0.7400
2470.284240 0.7400 0.7400 0.7400 0.7391 0.7390
2476.763720 0.7390 0.7372 0.7370 0.7370 0.7361
2483.243200 0.7360 0.7360 0.7351 0.7332 0.7330
2489.722680 0.7330 0.7321 0.7311 0.7310 0.7301
2496.202160 0.7282 0.7271 0.7261 0.7242 0.7231
2502.681640 0.7221 0.7211 0.7183 0.7180 0.7171
2509.161120 0.7170 0.7152 0.7150 0.7150 0.7150
2515.640600 0.7141 0.7140 0.7131 0.7130 0.7139
2522.120080 0.7140 0.7140 0.7149 0.7150 0.7150
2528.599560 0.7168 0.7206 0.7228 0.7266 0.7279
2535.079040 0.7298 0.7309 0.7319 0.7320 0.7320
2541.558520 0.7320 0.7320 0.7320 0.7320 0.7320
2548.038000 0.7320 0.7320 0.7320 0.7320 0.7320
2554.517480 0.7320 0.7320 0.7320 0.7320 0.7320
2560.996960 0.7329 0.7321 0.7311 0.7310 0.7310
2567.476440 0.7310 0.7310 0.7301 0.7300 0.7300
2573.955920 0.7300 0.7300 0.7300 0.7300 0.7273
2580.435400 0.7270 0.7270 0.7261 0.7242 0.7240
2586.914880 0.7231 0.7230 0.7230 0.7221 0.7220
2593.394360 0.7220 0.7211 0.7192 0.7190 0.7181
2599.873840 0.7180 0.7171 0.7143 0.7140 0.7140
2606.353320 0.7140 0.7131 0.7130 0.7130 0.7130
2612.832800 0.7130 0.7139 0.7140 0.7149 0.7168
2619.312280 0.7179 0.7180 0.7171 0.7170 0.7152
2625.791760 0.7150 0.7150 0.7141 0.7140 0.7131
2632.271240 0.7121 0.7120 0.7120 0.7102 0.7100
2638.750720 0.7100 0.7091 0.7081 0.7080 0.7080
2645.230200 0.7080 0.7080 0.7089 0.7081 0.7080
2651.709680 0.7062 0.7051 0.7032 0.7012 0.7010
2658.189160 0.7010 0.7010 0.7010 0.7010 0.7010
2664.668640 0.7010 0.7010 0.7010 0.7010 0.7010
2671.148120 0.7001 0.7000 0.7000 0.7000 0.7000
2677.627600 0.7000 0.6973 0.6970 0.6961 0.6960
2684.107080 0.6951 0.6941 0.6940 0.6940 0.6940
2690.586560 0.6940 0.6940 0.6940 0.6940 0.6940
2697.066040 0.6940 0.6940 0.6940 0.6940 0.6940
2703.545520 0.6922 0.6920 0.6911 0.6901 0.6882
2710.025000 0.6880 0.6871 0.6852 0.6850 0.6850
2716.504480 0.6832 0.6830 0.6821 0.6820 0.6811
2722.983960 0.6810 0.6792 0.6790 0.6772 0.6770
2729.463440 0.6770 0.6770 0.6761 0.6742 0.6740
2735.942920 0.6740 0.6740 0.6740 0.6740 0.6740
2742.422400 0.6758 0.6760 0.6760 0.6742 0.6740
2748.901880 0.6731 0.6721 0.6702 0.6691 0.6681
2755.381360 0.6671 0.6652 0.6641 0.6649 0.6641
2761.860840 0.6631 0.6630 0.6630 0.6630 0.6630
2768.340320 0.6630 0.6630 0.6630 0.6630 0.6630
2774.819800 0.6630 0.6630 0.6630 0.6630 0.6612
2781.299280 0.6610 0.6583 0.6562 0.6542 0.6540
2787.778760 0.6522 0.6520 0.6511 0.6501 0.6500
2794.258240 0.6491 0.6490 0.6472 0.6461 0.6460
2800.737720 0.6451 0.6432 0.6421 0.6402 0.6400
2807.217200 0.6382 0.6362 0.6315 0.6292 0.6272
2813.696680 0.6252 0.6241 0.6240 0.6240 0.6231
2820.176160 0.6194 0.6154 0.6114 0.6074 0.6025
2826.655640 0.6011 0.5983 0.5980 0.5881 0.5807
2833.135120 0.5710 0.5646 0.5613 0.5592 0.5563
2839.614600 0.5452 0.5359 0.5287 0.5235 0.5176
2846.094080 0.5143 0.5086 0.5035 0.4976 0.4889
2852.573560 0.4772 0.4742 0.4731 0.4676 0.4625
2859.053040 0.4566 0.4515 0.4474 0.4461 0.4433
2865.532520 0.4439 0.4467 0.4488 0.4508 0.4546
2872.012000 0.4559 0.4578 0.4598 0.4618 0.4638
2878.491480 0.4658 0.4696 0.4745 0.4813 0.4847
2884.970960 0.5003 0.5101 0.5164 0.5206 0.5246
2891.450440 0.5286 0.5299 0.5318 0.5320 0.5320
2897.929920 0.5320 0.5320 0.5320 0.5284 0.5262
2904.409400 0.5242 0.5195 0.5109 0.5037 0.4949
2910.888880 0.4841 0.4740 0.4631 0.4566 0.4452
2917.368360 0.4260 0.4222 0.4193 0.4136 0.4103
2923.847840 0.4064 0.4015 0.3983 0.3989 0.4008
2930.327320 0.4019 0.4029 0.4039 0.4058 0.4069
2936.806800 0.4079 0.4080 0.4080 0.4098 0.4100
2943.286280 0.4100 0.4100 0.4082 0.4062 0.4060
2949.765760 0.4033 0.4021 0.4011 0.3992 0.3981
2956.245240 0.3980 0.4007 0.4019 0.4065 0.4160
2962.724720 0.4251 0.4359 0.4460 0.4569 0.4688
2969.204200 0.4808 0.4910 0.5019 0.5138 0.5240
2975.683680 0.5331 0.5430 0.5512 0.5592 0.5654
2982.163160 0.5705 0.5773 0.5852 0.5914 0.5956
2988.642640 0.5978 0.6016 0.6020 0.6020 0.6020
2995.122120 0.6020 0.6020 0.6020 0.6020 0.6020
3001.601600 0.6020 0.6020 0.6011 0.6001 0.6000
3008.081080 0.6000 0.5982 0.5971 0.5961 0.5951
3014.560560 0.5932 0.5921 0.5911 0.5883 0.5862
3021.040040 0.5842 0.5831 0.5803 0.5791 0.5781
3027.519520 0.5753 0.5741 0.5731 0.5703 0.5682
3033.999000 0.5662 0.5642 0.5622 0.5593 0.5590
3040.478480 0.5572 0.5552 0.5532 0.5521 0.5520
3046.957960 0.5511 0.5510 0.5501 0.5482 0.5480
3053.437440 0.5480 0.5480 0.5471 0.5470 0.5470
3059.916920 0.5479 0.5480 0.5480 0.5498 0.5500
3066.396400 0.5509 0.5510 0.5510 0.5519 0.5520
3072.875880 0.5529 0.5530 0.5548 0.5550 0.5550
3079.355360 0.5550 0.5550 0.5550 0.5550 0.5550
3085.834840 0.5532 0.5530 0.5530 0.5530 0.5521
3092.314320 0.5502 0.5473 0.5470 0.5443 0.5440
3098.793800 0.5431 0.5421 0.5420 0.5420 0.5420
3105.273280 0.5420 0.5393 0.5372 0.5343 0.5295
3111.752760 0.5254 0.5196 0.5154 0.5114 0.5029
3118.232240 0.4975 0.4961 0.4933 0.4894 0.4872
3124.711720 0.4834 0.4803 0.4782 0.4753 0.4732
3131.191200 0.4712 0.4674 0.4643 0.4622 0.4620
3137.670680 0.4620 0.4611 0.4583 0.4580 0.4571
3144.150160 0.4570 0.4561 0.4551 0.4496 0.4409
3150.629640 0.4382 0.4380 0.4380 0.4353 0.4332
3157.109120 0.4303 0.4246 0.4222 0.4211 0.4192
3163.588600 0.4163 0.4133 0.4076 0.4025 0.3939
3170.068080 0.3921 0.3920 0.3902 0.3882 0.3862
3176.547560 0.3851 0.3796 0.3763 0.3760 0.3751
3183.027040 0.3714 0.3674 0.3661 0.3633 0.3630
3189.506520 0.3621 0.3620 0.3611 0.3592 0.3590
3195.986000 0.3572 0.3570 0.3561 0.3560 0.3542
3202.465480 0.3531 0.3530 0.3530 0.3521 0.3520
3208.944960 0.3502 0.3473 0.3452 0.3441 0.3413
3215.424440 0.3383 0.3344 0.3313 0.3301 0.3291
3221.903920 0.3263 0.3224 0.3148 0.3095 0.3054
3228.383400 0.3032 0.3030 0.3030 0.3030 0.3021
3234.862880 0.3002 0.3000 0.3000 0.2991 0.2990
3241.342360 0.2999 0.3000 0.3027 0.3048 0.3131
3247.821840 0.3203 0.3246 0.3268 0.3297 0.3309
3254.301320 0.3337 0.3430 0.3494 0.3554 0.3605
3260.780800 0.3655 0.3732 0.3803 0.3891 0.3927
3267.260280 0.3948 0.3968 0.3979 0.3989 0.4053
3273.739760 0.4060 0.4069 0.4070 0.4070 0.4070
3280.219240 0.4079 0.4071 0.4070 0.4070 0.4070
3286.698720 0.4070 0.4061 0.4042 0.4040 0.4013
3293.178200 0.3974 0.3934 0.3903 0.3882 0.3844
3299.657680 0.3831 0.3776 0.3752 0.3687 0.3617
3306.137160 0.3574 0.3534 0.3521 0.3448 0.3395
3312.616640 0.3345 0.3304 0.3255 0.3205 0.3164
3319.096120 0.3133 0.3121 0.3111 0.3047 0.2986
3325.575600 0.2917 0.2865 0.2815 0.2774 0.2734
3332.055080 0.2694 0.2672 0.2634 0.2594 0.2572
3338.534560 0.2552 0.2541 0.2531 0.2512 0.2501
3345.014040 0.2482 0.2462 0.2451 0.2450 0.2441
3351.493520 0.2440 0.2440 0.2440 0.2440 0.2440
3357.973000 0.2440 0.2440 0.2440 0.2440 0.2449
3364.452480 0.2459 0.2478 0.2489 0.2508 0.2528
3370.931960 0.2575 0.2589 0.2707 0.2828 0.2903
3377.411440 0.3027 0.3121 0.3157 0.3250 0.3350
3383.890920 0.3468 0.3597 0.3727 0.3839 0.3958
3390.370400 0.4033 0.4094 0.4181 0.4244 0.4340
3396.849880 0.4431 0.4521 0.4548 0.4559 0.4569
3403.329360 0.4570 0.4570 0.4561 0.4560 0.4551
3409.808840 0.4550 0.4532 0.4512 0.4492 0.4481
3416.288320 0.4462 0.4442 0.4431 0.4421 0.4393
3422.767800 0.4381 0.4371 0.4343 0.4331 0.4294
3429.247280 0.4173 0.4088 0.4026 0.3957 0.3923
3435.726760 0.3866 0.3851 0.3841 0.3849 0.3886
3442.206240 0.3917 0.3938 0.3976 0.4070 0.4188
3448.685720 0.4370 0.4542 0.4695 0.4836 0.4958
3455.165200 0.5069 0.5188 0.5290 0.5381 0.5471
3461.644680 0.5552 0.5641 0.5722 0.5793 0.5872
3468.124160 0.5961 0.6051 0.6141 0.6240 0.6286
3474.603640 0.6308 0.6364 0.6397 0.6409 0.6410
3481.083120 0.6410 0.6410 0.6410 0.6428 0.6448
3487.562600 0.6495 0.6581 0.6635 0.6649 0.6668
3494.042080 0.6679 0.6698 0.6718 0.6729 0.6739
3500.521560 0.6758 0.6760 0.6760 0.6769 0.6779
3507.001040 0.6780 0.6780 0.6789 0.6790 0.6808
3513.480520 0.6810 0.6819 0.6820 0.6847 0.6868
3519.960000 0.6879 0.6880 0.6898 0.6900 0.6900
3526.439480 0.6900 0.6900 0.6900 0.6900 0.6882
3532.918960 0.6898 0.6900 0.6918 0.6965 0.6988
3539.398440 0.6999 0.7009 0.7010 0.7010 0.7010
3545.877920 0.7010 0.7028 0.7030 0.7030 0.7039
3552.357400 0.7040 0.7049 0.7050 0.7050 0.7059
3558.836880 0.7078 0.7080 0.7089 0.7099 0.7118
3565.316360 0.7138 0.7149 0.7150 0.7168 0.7170
3571.795840 0.7170 0.7170 0.7170 0.7170 0.7170
3578.275320 0.7179 0.7207 0.7192 0.7208 0.7210
3584.754800 0.7228 0.7239 0.7240 0.7231 0.7230
3591.234280 0.7257 0.7260 0.7269 0.7306 0.7319
3597.713760 0.7329 0.7348 0.7359 0.7369 0.7388
3604.193240 0.7390 0.7390 0.7399 0.7391 0.7408
3610.672720 0.7410 0.7410 0.7437 0.7440 0.7449
3617.152200 0.7450 0.7450 0.7441 0.7449 0.7450
3623.631680 0.7423 0.7402 0.7391 0.7390 0.7390
3630.111160 0.7372 0.7370 0.7370 0.7370 0.7370
3636.590640 0.7388 0.7408 0.7437 0.7449 0.7450
3643.070120 0.7459 0.7478 0.7489 0.7490 0.7490
3649.549600 0.7499 0.7500 0.7500 0.7500 0.7500
3656.029080 0.7500 0.7500 0.7500 0.7500 0.7500
3662.508560 0.7500 0.7500 0.7500 0.7491 0.7490
3668.988040 0.7490 0.7490 0.7490 0.7490 0.7481
3675.467520 0.7480 0.7480 0.7480 0.7462 0.7460
3681.947000 0.7442 0.7422 0.7411 0.7410 0.7401
3688.426480 0.7400 0.7391 0.7372 0.7370 0.7370
3694.905960 0.7370 0.7370 0.7388 0.7390 0.7417
3701.385440 0.7420 0.7420 0.7420 0.7438 0.7440
3707.864920 0.7440 0.7440 0.7449 0.7450 0.7450
3714.344400 0.7459 0.7460 0.7451 0.7450 0.7450
3720.823880 0.7450 0.7450 0.7450 0.7450 0.7441
3727.303360 0.7440 0.7440 0.7422 0.7420 0.7402
3733.782840 0.7391 0.7372 0.7361 0.7360 0.7360
3740.262320 0.7351 0.7350 0.7350 0.7350 0.7350
3746.741800 0.7350 0.7350 0.7350 0.7350 0.7350
3753.221280 0.7350 0.7350 0.7350 0.7350 0.7350
3759.700760 0.7350 0.7350 0.7350 0.7359 0.7360
3766.180240 0.7360 0.7360 0.7360 0.7360 0.7360
3772.659720 0.7360 0.7360 0.7360 0.7360 0.7351
3779.139200 0.7350 0.7350 0.7350 0.7350 0.7350
3785.618680 0.7332 0.7321 0.7311 0.7301 0.7300
3792.098160 0.7300 0.7300 0.7300 0.7300 0.7300
3798.577640 0.7300 0.7300 0.7300 0.7300 0.7300
3805.057120 0.7300 0.7300 0.7300 0.7300 0.7300
3811.536600 0.7300 0.7282 0.7280 0.7280 0.7298
3818.016080 0.7300 0.7309 0.7310 0.7310 0.7301
3824.495560 0.7300 0.7300 0.7300 0.7300 0.7282
3830.975040 0.7280 0.7280 0.7280 0.7280 0.7271
3837.454520 0.7270 0.7270 0.7270 0.7270 0.7261
3843.934000 0.7269 0.7270 0.7270 0.7270 0.7270
3850.413480 0.7270 0.7270 0.7261 0.7242 0.7231
3856.892960 0.7221 0.7211 0.7210 0.7210 0.7210
3863.372440 0.7210 0.7192 0.7181 0.7180 0.7180
3869.851920 0.7180 0.7180 0.7171 0.7152 0.7141
3876.331400 0.7140 0.7140 0.7140 0.7149 0.7141
3882.810880 0.7140 0.7140 0.7140 0.7140 0.7140
3889.290360 0.7140 0.7140 0.7140 0.7140 0.7140
3895.769840 0.7131 0.7130 0.7130 0.7121 0.7102
3902.249320 0.7100 0.7100 0.7100 0.7100 0.7100
3908.728800 0.7100 0.7100 0.7100 0.7091 0.7090
3915.208280 0.7090 0.7081 0.7089 0.7090 0.7090
3921.687760 0.7090 0.7081 0.7062 0.7078 0.7080
3928.167240 0.7089 0.7099 0.7118 0.7120 0.7120
3934.646720 0.7120 0.7120 0.7120 0.7120 0.7120
3941.126200 0.7120 0.7120 0.7120 0.7120 0.7102
3947.605680 0.7100 0.7100 0.7100 0.7100 0.7100
3954.085160 0.7100 0.7100 0.7100 0.7091 0.7090
3960.564640 0.7090 0.7090 0.7081 0.7080 0.7080
3967.044120 0.7062 0.7051 0.7041 0.7013 0.7001
3973.523600 0.7000 0.7000 0.7000 0.7000 0.7000
3980.003080 0.7000 0.7000 0.7027 0.7030 0.7030
3986.482560 0.7030 0.7030 0.7012 0.7010 0.7010
3992.962040 0.7001 0.6991 0.6972 0.6961 0.6951
3999.441520 0.6941 0.6922 0.6911
##END=
