##TITLE=Acetic acid, phosphono-
##JCAMP-DX=4.24
##DATA TYPE=INFRARED SPECTRUM
##CLASS=COBLENTZ III
##ORIGIN=SOUTHERN RESEARCH INSTITUTE
##OWNER=Copyright (C) 1987 by the Coblentz Society
Collection (C) 2018 copyright by the U.S. Secretary of Commerce
on behalf of the United States of America. All rights reserved.
##DATE=1957/07/01
##NAMES=phosphonoacetic acid
##CAS REGISTRY NO=4408-78-0
##MOLFORM=C2 H5 O5 P
##SOURCE REFERENCE=COBLENTZ NO. 6855
##$NIST SOURCE=COBLENTZ
##$NIST IMAGE=cob6855
##SPECTROMETER/DATA SYSTEM=PERKIN-ELMER 21 (GRATING)
##INSTRUMENT PARAMETERS=FILTER CHANGE ABOUT 1090 CM^-^1
##STATE=SOLID (0.6 mg / 650 mg KBr DISC)
##RESOLUTION=2
##XUNITS=1/CM
##YUNITS=TRANSMITTANCE
##XFACTOR=1.0
##YFACTOR=1
##FIRSTX=604
##LASTX=3900
##FIRSTY=0.604
##MAXX=3900
##MINX=604
##MAXY=0.6803
##MINY=0.0027
##NPOINTS=3297
##XYDATA=(X++(Y..Y))
604.000000 0.6040 0.6040 0.6040 0.6041 0.6040
609.000000 0.6038 0.6037 0.6036 0.6034 0.6032
614.000000 0.6031 0.6029 0.6028 0.6026 0.6024
619.000000 0.6022 0.6019 0.6017 0.6015 0.6013
624.000000 0.6011 0.6009 0.6006 0.5989 0.6000
629.000000 0.5997 0.5991 0.5986 0.5981 0.5975
634.000000 0.5970 0.5964 0.5959 0.5951 0.5942
639.000000 0.5933 0.5924 0.5915 0.5906 0.5897
644.000000 0.5883 0.5867 0.5850 0.5834 0.5817
649.000000 0.5798 0.5780 0.5761 0.5742 0.5722
654.000000 0.5702 0.5683 0.5663 0.5643 0.5626
659.000000 0.5609 0.5593 0.5576 0.5560 0.5543
664.000000 0.5522 0.5501 0.5479 0.5458 0.5436
669.000000 0.5414 0.5388 0.5362 0.5335 0.5309
674.000000 0.5289 0.5278 0.5267 0.5247 0.5228
679.000000 0.5208 0.5189 0.5169 0.5127 0.5082
684.000000 0.5025 0.4962 0.4912 0.4881 0.4849
689.000000 0.4817 0.4785 0.4758 0.4742 0.4726
694.000000 0.4711 0.4695 0.4680 0.4667 0.4654
699.000000 0.4640 0.4627 0.4614 0.4606 0.4603
704.000000 0.4601 0.4562 0.4595 0.4596 0.4600
709.000000 0.4604 0.4613 0.4623 0.4633 0.4645
714.000000 0.4657 0.4669 0.4681 0.4693 0.4706
719.000000 0.4720 0.4734 0.4744 0.4743 0.4741
724.000000 0.4737 0.4733 0.4728 0.4721 0.4699
729.000000 0.4670 0.4643 0.4618 0.4594 0.4574
734.000000 0.4554 0.4533 0.4506 0.4479 0.4451
739.000000 0.4421 0.4391 0.4366 0.4341 0.4316
744.000000 0.4291 0.4266 0.4244 0.4230 0.4215
749.000000 0.4200 0.4184 0.4169 0.4151 0.4124
754.000000 0.4098 0.4072 0.4046 0.4020 0.3995
759.000000 0.3971 0.3946 0.3921 0.3895 0.3868
764.000000 0.3842 0.3816 0.3789 0.3758 0.3725
769.000000 0.3692 0.3663 0.3633 0.3604 0.3571
774.000000 0.3537 0.3505 0.3474 0.3444 0.3413
779.000000 0.3382 0.3344 0.3305 0.3267 0.3226
784.000000 0.3179 0.3134 0.3101 0.3068 0.3034
789.000000 0.3001 0.2968 0.2934 0.2901 0.2868
794.000000 0.2835 0.2801 0.2768 0.2729 0.2696
799.000000 0.2663 0.2629 0.2597 0.2565 0.2532
804.000000 0.2503 0.2492 0.2481 0.2471 0.2461
809.000000 0.2453 0.2445 0.2437 0.2429 0.2421
814.000000 0.2413 0.2420 0.2406 0.2406 0.2406
819.000000 0.2406 0.2406 0.2407 0.2415 0.2424
824.000000 0.2433 0.2441 0.2451 0.2461 0.2471
829.000000 0.2475 0.2470 0.2465 0.2457 0.2449
834.000000 0.2435 0.2419 0.2403 0.2387 0.2370
839.000000 0.2354 0.2338 0.2322 0.2307 0.2291
844.000000 0.2275 0.2259 0.2244 0.2228 0.2213
849.000000 0.2197 0.2182 0.2167 0.2152 0.2142
854.000000 0.2135 0.2128 0.2120 0.2113 0.2106
859.000000 0.2101 0.2100 0.2099 0.2098 0.2098
864.000000 0.2097 0.2096 0.2095 0.2095 0.2095
869.000000 0.2095 0.2087 0.2079 0.2072 0.2056
874.000000 0.2038 0.2021 0.2001 0.1974 0.1943
879.000000 0.1910 0.1878 0.1838 0.1789 0.1740
884.000000 0.1693 0.1645 0.1598 0.1551 0.1504
889.000000 0.1449 0.1395 0.1340 0.1286 0.1232
894.000000 0.1189 0.1149 0.1108 0.1068 0.1028
899.000000 0.0987 0.0945 0.0903 0.0861 0.0819
904.000000 0.0775 0.0731 0.0687 0.0645 0.0612
909.000000 0.0578 0.0544 0.0510 0.0477 0.0453
914.000000 0.0429 0.0405 0.0381 0.0361 0.0346
919.000000 0.0332 0.0318 0.0303 0.0289 0.0275
924.000000 0.0260 0.0243 0.0224 0.0204 0.0185
929.000000 0.0179 0.0179 0.0179 0.0180 0.0179
934.000000 0.0177 0.0176 0.0178 0.0179 0.0181
939.000000 0.0182 0.0184 0.0186 0.0188 0.0189
944.000000 0.0191 0.0193 0.0194 0.0196 0.0197
949.000000 0.0197 0.0198 0.0199 0.0200 0.0201
954.000000 0.0202 0.0203 0.0203 0.0196 0.0202
959.000000 0.0201 0.0200 0.0200 0.0199 0.0199
964.000000 0.0198 0.0198 0.0197 0.0194 0.0191
969.000000 0.0187 0.0183 0.0179 0.0176 0.0172
974.000000 0.0167 0.0160 0.0153 0.0146 0.0141
979.000000 0.0141 0.0140 0.0140 0.0139 0.0139
984.000000 0.0138 0.0138 0.0137 0.0136 0.0136
989.000000 0.0135 0.0135 0.0134 0.0134 0.0133
994.000000 0.0133 0.0133 0.0134 0.0136 0.0137
999.000000 0.0138 0.0140 0.0141 0.0143 0.0144
1004.000000 0.0145 0.0147 0.0148 0.0150 0.0151
1009.000000 0.0154 0.0157 0.0161 0.0165 0.0169
1014.000000 0.0173 0.0179 0.0184 0.0189 0.0195
1019.000000 0.0200 0.0205 0.0211 0.0216 0.0222
1024.000000 0.0231 0.0239 0.0248 0.0257 0.0265
1029.000000 0.0274 0.0286 0.0301 0.0317 0.0332
1034.000000 0.0351 0.0376 0.0401 0.0426 0.0452
1039.000000 0.0480 0.0509 0.0538 0.0567 0.0598
1044.000000 0.0630 0.0662 0.0678 0.0686 0.0693
1049.000000 0.0701 0.0705 0.0708 0.0711 0.0714
1054.000000 0.0717 0.0721 0.0725 0.0729 0.0734
1059.000000 0.0738 0.0742 0.0747 0.0750 0.0757
1064.000000 0.0756 0.0759 0.0762 0.0765 0.0768
1069.000000 0.0768 0.0768 0.0768 0.0768 0.0769
1074.000000 0.0768 0.0764 0.0759 0.0755 0.0746
1079.000000 0.0736 0.0564 0.0341 0.0119 0.0027
1084.000000 0.0051 0.0167 0.0283 0.0399 0.0426
1089.000000 0.0419 0.0415 0.0411 0.0406 0.0400
1094.000000 0.0394 0.0388 0.0382 0.0372 0.0362
1099.000000 0.0351 0.0340 0.0330 0.0320 0.0311
1104.000000 0.0302 0.0293 0.0283 0.0274 0.0264
1109.000000 0.0254 0.0244 0.0234 0.0224 0.0214
1114.000000 0.0205 0.0195 0.0187 0.0178 0.0171
1119.000000 0.0162 0.0162 0.0158 0.0154 0.0149
1124.000000 0.0145 0.0145 0.0146 0.0146 0.0147
1129.000000 0.0148 0.0148 0.0149 0.0149 0.0150
1134.000000 0.0151 0.0152 0.0153 0.0153 0.0154
1139.000000 0.0155 0.0156 0.0157 0.0157 0.0157
1144.000000 0.0158 0.0158 0.0158 0.0158 0.0158
1149.000000 0.0158 0.0158 0.0158 0.0158 0.0159
1154.000000 0.0160 0.0162 0.0163 0.0164 0.0166
1159.000000 0.0167 0.0169 0.0170 0.0171 0.0173
1164.000000 0.0174 0.0175 0.0177 0.0178 0.0180
1169.000000 0.0181 0.0182 0.0184 0.0185 0.0186
1174.000000 0.0187 0.0188 0.0189 0.0191 0.0192
1179.000000 0.0193 0.0194 0.0195 0.0196 0.0197
1184.000000 0.0198 0.0199 0.0200 0.0201 0.0202
1189.000000 0.0204 0.0205 0.0206 0.0208 0.0210
1194.000000 0.0212 0.0213 0.0215 0.0217 0.0218
1199.000000 0.0220 0.0222 0.0224 0.0225 0.0227
1204.000000 0.0229 0.0231 0.0233 0.0236 0.0238
1209.000000 0.0241 0.0244 0.0246 0.0249 0.0252
1214.000000 0.0255 0.0257 0.0260 0.0263 0.0265
1219.000000 0.0268 0.0270 0.0272 0.0274 0.0276
1224.000000 0.0278 0.0280 0.0282 0.0284 0.0286
1229.000000 0.0288 0.0291 0.0294 0.0298 0.0302
1234.000000 0.0306 0.0309 0.0313 0.0317 0.0322
1239.000000 0.0328 0.0334 0.0341 0.0348 0.0355
1244.000000 0.0362 0.0368 0.0375 0.0382 0.0389
1249.000000 0.0396 0.0403 0.0410 0.0417 0.0424
1254.000000 0.0433 0.0443 0.0453 0.0467 0.0485
1259.000000 0.0504 0.0523 0.0546 0.0568 0.0591
1264.000000 0.0618 0.0637 0.0650 0.0663 0.0673
1269.000000 0.0683 0.0694 0.0703 0.0710 0.0716
1274.000000 0.0723 0.0729 0.0736 0.0740 0.0742
1279.000000 0.0744 0.0746 0.0748 0.0751 0.0759
1284.000000 0.0766 0.0773 0.0783 0.0794 0.0806
1289.000000 0.0818 0.0832 0.0846 0.0861 0.0877
1294.000000 0.0895 0.0913 0.0931 0.0949 0.0965
1299.000000 0.0981 0.0997 0.1013 0.1028 0.1044
1304.000000 0.1065 0.1088 0.1112 0.1136 0.1160
1309.000000 0.1184 0.1214 0.1243 0.1274 0.1306
1314.000000 0.1338 0.1370 0.1402 0.1434 0.1468
1319.000000 0.1502 0.1536 0.1570 0.1606 0.1645
1324.000000 0.1683 0.1722 0.1760 0.1811 0.1862
1329.000000 0.1913 0.1968 0.2036 0.2097 0.2139
1334.000000 0.2181 0.2220 0.2245 0.2271 0.2292
1339.000000 0.2305 0.2318 0.2318 0.2317 0.2316
1344.000000 0.2315 0.2314 0.2330 0.2312 0.2309
1349.000000 0.2303 0.2296 0.2286 0.2274 0.2261
1354.000000 0.2249 0.2237 0.2224 0.2209 0.2193
1359.000000 0.2178 0.2162 0.2147 0.2128 0.2108
1364.000000 0.2088 0.2069 0.2049 0.2030 0.2010
1369.000000 0.1987 0.1964 0.1939 0.1921 0.1915
1374.000000 0.1910 0.1909 0.1907 0.1906 0.1905
1379.000000 0.1904 0.1903 0.1903 0.1903 0.1903
1384.000000 0.1904 0.1904 0.1904 0.1904 0.1904
1389.000000 0.1904 0.1904 0.1904 0.1904 0.1903
1394.000000 0.1919 0.1901 0.1900 0.1899 0.1899
1399.000000 0.1898 0.1899 0.1900 0.1901 0.1902
1404.000000 0.1903 0.1904 0.1905 0.1907 0.1909
1409.000000 0.1911 0.1913 0.1916 0.1918 0.1920
1414.000000 0.1925 0.1930 0.1935 0.1940 0.1945
1419.000000 0.1960 0.1978 0.1997 0.2016 0.2033
1424.000000 0.2049 0.2060 0.2072 0.2083 0.2091
1429.000000 0.2099 0.2107 0.2114 0.2130 0.2151
1434.000000 0.2173 0.2201 0.2264 0.2314 0.2364
1439.000000 0.2415 0.2468 0.2522 0.2553 0.2602
1444.000000 0.2660 0.2717 0.2774 0.2826 0.2868
1449.000000 0.2894 0.2920 0.2946 0.2978 0.3014
1454.000000 0.3051 0.3088 0.3133 0.3180 0.3227
1459.000000 0.3274 0.3320 0.3366 0.3411 0.3450
1464.000000 0.3476 0.3501 0.3524 0.3539 0.3555
1469.000000 0.3570 0.3582 0.3593 0.3605 0.3616
1474.000000 0.3622 0.3624 0.3626 0.3628 0.3630
1479.000000 0.3631 0.3633 0.3635 0.3634 0.3632
1484.000000 0.3630 0.3628 0.3626 0.3620 0.3612
1489.000000 0.3605 0.3598 0.3591 0.3584 0.3578
1494.000000 0.3571 0.3565 0.3558 0.3552 0.3547
1499.000000 0.3545 0.3543 0.3540 0.3549 0.3529
1504.000000 0.3522 0.3514 0.3507 0.3492 0.3471
1509.000000 0.3450 0.3430 0.3408 0.3387 0.3365
1514.000000 0.3348 0.3338 0.3328 0.3318 0.3309
1519.000000 0.3299 0.3288 0.3278 0.3267 0.3257
1524.000000 0.3247 0.3236 0.3226 0.3215 0.3204
1529.000000 0.3193 0.3182 0.3171 0.3160 0.3149
1534.000000 0.3138 0.3127 0.3119 0.3112 0.3104
1539.000000 0.3097 0.3089 0.3082 0.3074 0.3067
1544.000000 0.3059 0.3052 0.3045 0.3040 0.3034
1549.000000 0.3028 0.3022 0.3016 0.3011 0.3005
1554.000000 0.2997 0.2988 0.2979 0.2970 0.2961
1559.000000 0.2953 0.2944 0.2935 0.2927 0.2918
1564.000000 0.2910 0.2901 0.2891 0.2879 0.2867
1569.000000 0.2855 0.2844 0.2832 0.2818 0.2804
1574.000000 0.2790 0.2777 0.2757 0.2734 0.2711
1579.000000 0.2688 0.2669 0.2653 0.2638 0.2622
1584.000000 0.2606 0.2590 0.2574 0.2559 0.2543
1589.000000 0.2527 0.2511 0.2495 0.2479 0.2464
1594.000000 0.2448 0.2432 0.2416 0.2394 0.2373
1599.000000 0.2352 0.2331 0.2310 0.2289 0.2268
1604.000000 0.2238 0.2207 0.2176 0.2145 0.2114
1609.000000 0.2082 0.2047 0.2011 0.1976 0.1941
1614.000000 0.1905 0.1870 0.1837 0.1808 0.1779
1619.000000 0.1750 0.1726 0.1704 0.1682 0.1660
1624.000000 0.1638 0.1614 0.1587 0.1560 0.1533
1629.000000 0.1507 0.1480 0.1453 0.1427 0.1405
1634.000000 0.1384 0.1362 0.1340 0.1319 0.1297
1639.000000 0.1275 0.1252 0.1229 0.1203 0.1178
1644.000000 0.1153 0.1122 0.1086 0.1049 0.1013
1649.000000 0.0978 0.0956 0.0933 0.0910 0.0887
1654.000000 0.0860 0.0832 0.0805 0.0777 0.0750
1659.000000 0.0734 0.0718 0.0702 0.0686 0.0669
1664.000000 0.0644 0.0620 0.0595 0.0570 0.0546
1669.000000 0.0522 0.0503 0.0487 0.0471 0.0450
1674.000000 0.0426 0.0403 0.0379 0.0356 0.0333
1679.000000 0.0314 0.0295 0.0277 0.0258 0.0243
1684.000000 0.0233 0.0223 0.0212 0.0202 0.0192
1689.000000 0.0181 0.0171 0.0168 0.0164 0.0160
1694.000000 0.0157 0.0153 0.0149 0.0145 0.0155
1699.000000 0.0139 0.0136 0.0133 0.0130 0.0127
1704.000000 0.0124 0.0121 0.0119 0.0117 0.0115
1709.000000 0.0113 0.0112 0.0112 0.0111 0.0111
1714.000000 0.0110 0.0111 0.0112 0.0114 0.0115
1719.000000 0.0116 0.0117 0.0127 0.0142 0.0167
1724.000000 0.0202 0.0240 0.0278 0.0316 0.0355
1729.000000 0.0396 0.0439 0.0483 0.0525 0.0567
1734.000000 0.0597 0.0617 0.0638 0.0659 0.0683
1739.000000 0.0708 0.0755 0.0803 0.0888 0.0998
1744.000000 0.1093 0.1148 0.1187 0.1197 0.1207
1749.000000 0.1218 0.1228 0.1243 0.1262 0.1282
1754.000000 0.1513 0.1720 0.1856 0.1952 0.2032
1759.000000 0.2097 0.2161 0.2212 0.2260 0.2309
1764.000000 0.2362 0.2421 0.2480 0.2527 0.2558
1769.000000 0.2589 0.2620 0.2659 0.2698 0.2725
1774.000000 0.2746 0.2767 0.2786 0.2803 0.2819
1779.000000 0.2835 0.2851 0.2882 0.2914 0.2941
1784.000000 0.2957 0.2974 0.2990 0.3001 0.3010
1789.000000 0.3019 0.3028 0.3035 0.3043 0.3050
1794.000000 0.3058 0.3064 0.3068 0.3073 0.3084
1799.000000 0.3096 0.3108 0.3120 0.3129 0.3137
1804.000000 0.3145 0.3154 0.3164 0.3175 0.3188
1809.000000 0.3203 0.3218 0.3232 0.3247 0.3262
1814.000000 0.3277 0.3293 0.3305 0.3311 0.3317
1819.000000 0.3323 0.3329 0.3336 0.3344 0.3351
1824.000000 0.3359 0.3366 0.3372 0.3377 0.3382
1829.000000 0.3386 0.3391 0.3396 0.3401 0.3406
1834.000000 0.3411 0.3417 0.3423 0.3430 0.3436
1839.000000 0.3442 0.3448 0.3454 0.3460 0.3466
1844.000000 0.3472 0.3477 0.3482 0.3488 0.3493
1849.000000 0.3498 0.3504 0.3509 0.3514 0.3520
1854.000000 0.3523 0.3527 0.3531 0.3534 0.3537
1859.000000 0.3536 0.3535 0.3534 0.3533 0.3531
1864.000000 0.3532 0.3534 0.3535 0.3536 0.3537
1869.000000 0.3538 0.3558 0.3596 0.3627 0.3650
1874.000000 0.3665 0.3676 0.3688 0.3692 0.3696
1879.000000 0.3698 0.3699 0.3701 0.3703 0.3704
1884.000000 0.3705 0.3706 0.3707 0.3708 0.3710
1889.000000 0.3713 0.3715 0.3718 0.3718 0.3718
1894.000000 0.3719 0.3719 0.3719 0.3719 0.3719
1899.000000 0.3720 0.3721 0.3721 0.3722 0.3723
1904.000000 0.3724 0.3724 0.3725 0.3726 0.3726
1909.000000 0.3727 0.3727 0.3727 0.3727 0.3728
1914.000000 0.3728 0.3728 0.3728 0.3728 0.3728
1919.000000 0.3728 0.3728 0.3729 0.3729 0.3730
1924.000000 0.3731 0.3731 0.3732 0.3732 0.3733
1929.000000 0.3734 0.3734 0.3735 0.3735 0.3736
1934.000000 0.3737 0.3737 0.3737 0.3737 0.3737
1939.000000 0.3737 0.3737 0.3737 0.3737 0.3738
1944.000000 0.3738 0.3738 0.3738 0.3738 0.3738
1949.000000 0.3737 0.3737 0.3737 0.3737 0.3736
1954.000000 0.3736 0.3736 0.3735 0.3735 0.3735
1959.000000 0.3734 0.3734 0.3734 0.3734 0.3733
1964.000000 0.3733 0.3733 0.3731 0.3730 0.3729
1969.000000 0.3727 0.3726 0.3725 0.3723 0.3722
1974.000000 0.3721 0.3719 0.3718 0.3717 0.3715
1979.000000 0.3714 0.3713 0.3710 0.3707 0.3704
1984.000000 0.3702 0.3699 0.3696 0.3694 0.3691
1989.000000 0.3688 0.3686 0.3683 0.3680 0.3677
1994.000000 0.3675 0.3672 0.3669 0.3667 0.3663
1999.000000 0.3660 0.3656 0.3652 0.3648 0.3644
2004.000000 0.3641 0.3637 0.3633 0.3629 0.3625
2009.000000 0.3622 0.3618 0.3614 0.3610 0.3609
2014.000000 0.3610 0.3610 0.3611 0.3611 0.3612
2019.000000 0.3612 0.3613 0.3613 0.3610 0.3593
2024.000000 0.3584 0.3580 0.3577 0.3573 0.3570
2029.000000 0.3566 0.3563 0.3559 0.3557 0.3555
2034.000000 0.3554 0.3552 0.3551 0.3549 0.3547
2039.000000 0.3543 0.3539 0.3535 0.3531 0.3527
2044.000000 0.3522 0.3515 0.3508 0.3502 0.3495
2049.000000 0.3488 0.3481 0.3474 0.3468 0.3461
2054.000000 0.3454 0.3447 0.3440 0.3432 0.3425
2059.000000 0.3418 0.3411 0.3404 0.3397 0.3390
2064.000000 0.3383 0.3376 0.3369 0.3362 0.3354
2069.000000 0.3348 0.3341 0.3335 0.3328 0.3322
2074.000000 0.3315 0.3309 0.3303 0.3296 0.3290
2079.000000 0.3283 0.3277 0.3270 0.3264 0.3257
2084.000000 0.3251 0.3244 0.3238 0.3232 0.3225
2089.000000 0.3219 0.3212 0.3206 0.3200 0.3193
2094.000000 0.3187 0.3181 0.3175 0.3169 0.3163
2099.000000 0.3157 0.3151 0.3145 0.3138 0.3132
2104.000000 0.3126 0.3120 0.3114 0.3108 0.3102
2109.000000 0.3096 0.3090 0.3083 0.3077 0.3071
2114.000000 0.3065 0.3059 0.3053 0.3047 0.3040
2119.000000 0.3034 0.3027 0.3021 0.3014 0.3008
2124.000000 0.3001 0.2995 0.2988 0.2982 0.2975
2129.000000 0.2969 0.2962 0.2956 0.2949 0.2943
2134.000000 0.2936 0.2930 0.2923 0.2917 0.2910
2139.000000 0.2904 0.2897 0.2891 0.2884 0.2877
2144.000000 0.2871 0.2864 0.2858 0.2851 0.2844
2149.000000 0.2838 0.2831 0.2824 0.2818 0.2811
2154.000000 0.2805 0.2798 0.2791 0.2785 0.2778
2159.000000 0.2772 0.2767 0.2763 0.2759 0.2755
2164.000000 0.2751 0.2747 0.2743 0.2739 0.2735
2169.000000 0.2731 0.2727 0.2723 0.2719 0.2715
2174.000000 0.2711 0.2707 0.2703 0.2699 0.2695
2179.000000 0.2691 0.2686 0.2682 0.2678 0.2673
2184.000000 0.2669 0.2664 0.2660 0.2655 0.2651
2189.000000 0.2646 0.2641 0.2637 0.2632 0.2628
2194.000000 0.2623 0.2618 0.2614 0.2609 0.2605
2199.000000 0.2601 0.2599 0.2596 0.2593 0.2590
2204.000000 0.2587 0.2584 0.2581 0.2578 0.2575
2209.000000 0.2572 0.2570 0.2567 0.2564 0.2562
2214.000000 0.2559 0.2556 0.2554 0.2551 0.2548
2219.000000 0.2546 0.2543 0.2541 0.2537 0.2533
2224.000000 0.2529 0.2525 0.2521 0.2516 0.2512
2229.000000 0.2508 0.2504 0.2500 0.2496 0.2492
2234.000000 0.2488 0.2483 0.2479 0.2475 0.2471
2239.000000 0.2467 0.2463 0.2460 0.2457 0.2454
2244.000000 0.2451 0.2448 0.2444 0.2441 0.2438
2249.000000 0.2435 0.2432 0.2429 0.2426 0.2425
2254.000000 0.2425 0.2424 0.2424 0.2424 0.2424
2259.000000 0.2424 0.2423 0.2423 0.2423 0.2423
2264.000000 0.2423 0.2423 0.2424 0.2424 0.2425
2269.000000 0.2425 0.2426 0.2426 0.2427 0.2427
2274.000000 0.2425 0.2423 0.2421 0.2419 0.2417
2279.000000 0.2415 0.2413 0.2411 0.2409 0.2408
2284.000000 0.2406 0.2404 0.2403 0.2403 0.2404
2289.000000 0.2404 0.2405 0.2407 0.2409 0.2411
2294.000000 0.2414 0.2416 0.2419 0.2422 0.2425
2299.000000 0.2427 0.2430 0.2433 0.2435 0.2437
2304.000000 0.2438 0.2438 0.2439 0.2440 0.2440
2309.000000 0.2441 0.2441 0.2440 0.2439 0.2438
2314.000000 0.2437 0.2436 0.2435 0.2434 0.2433
2319.000000 0.2432 0.2429 0.2424 0.2418 0.2412
2324.000000 0.2405 0.2397 0.2389 0.2382 0.2374
2329.000000 0.2367 0.2359 0.2352 0.2344 0.2337
2334.000000 0.2330 0.2324 0.2318 0.2312 0.2306
2339.000000 0.2300 0.2294 0.2288 0.2282 0.2276
2344.000000 0.2270 0.2264 0.2258 0.2252 0.2246
2349.000000 0.2243 0.2240 0.2237 0.2233 0.2230
2354.000000 0.2227 0.2224 0.2221 0.2218 0.2215
2359.000000 0.2212 0.2211 0.2210 0.2210 0.2209
2364.000000 0.2209 0.2208 0.2207 0.2207 0.2206
2369.000000 0.2206 0.2205 0.2204 0.2204 0.2203
2374.000000 0.2203 0.2204 0.2206 0.2208 0.2210
2379.000000 0.2213 0.2215 0.2217 0.2219 0.2221
2384.000000 0.2223 0.2225 0.2227 0.2229 0.2232
2389.000000 0.2233 0.2234 0.2235 0.2236 0.2235
2394.000000 0.2232 0.2229 0.2226 0.2223 0.2220
2399.000000 0.2217 0.2214 0.2211 0.2207 0.2201
2404.000000 0.2195 0.2189 0.2181 0.2174 0.2167
2409.000000 0.2163 0.2164 0.2165 0.2166 0.2167
2414.000000 0.2166 0.2165 0.2164 0.2163 0.2162
2419.000000 0.2160 0.2157 0.2155 0.2152 0.2149
2424.000000 0.2145 0.2141 0.2137 0.2133 0.2129
2429.000000 0.2125 0.2122 0.2119 0.2116 0.2113
2434.000000 0.2110 0.2107 0.2104 0.2100 0.2095
2439.000000 0.2090 0.2085 0.2079 0.2072 0.2066
2444.000000 0.2060 0.2053 0.2047 0.2041 0.2035
2449.000000 0.2028 0.2022 0.2016 0.2009 0.2003
2454.000000 0.1997 0.1990 0.1984 0.1978 0.1972
2459.000000 0.1965 0.1955 0.1945 0.1935 0.1928
2464.000000 0.1923 0.1917 0.1912 0.1907 0.1902
2469.000000 0.1897 0.1893 0.1890 0.1887 0.1883
2474.000000 0.1880 0.1877 0.1874 0.1870 0.1867
2479.000000 0.1863 0.1860 0.1856 0.1853 0.1849
2484.000000 0.1846 0.1843 0.1840 0.1838 0.1836
2489.000000 0.1834 0.1832 0.1830 0.1829 0.1827
2494.000000 0.1810 0.1793 0.1776 0.1765 0.1753
2499.000000 0.1742 0.1730 0.1718 0.1707 0.1699
2504.000000 0.1694 0.1688 0.1682 0.1677 0.1671
2509.000000 0.1665 0.1660 0.1654 0.1649 0.1643
2514.000000 0.1637 0.1632 0.1626 0.1621 0.1615
2519.000000 0.1610 0.1604 0.1599 0.1593 0.1588
2524.000000 0.1584 0.1579 0.1575 0.1571 0.1567
2529.000000 0.1562 0.1558 0.1554 0.1550 0.1545
2534.000000 0.1541 0.1537 0.1533 0.1528 0.1524
2539.000000 0.1520 0.1516 0.1513 0.1509 0.1506
2544.000000 0.1503 0.1499 0.1496 0.1492 0.1489
2549.000000 0.1485 0.1482 0.1479 0.1475 0.1472
2554.000000 0.1469 0.1466 0.1463 0.1460 0.1456
2559.000000 0.1453 0.1450 0.1447 0.1444 0.1441
2564.000000 0.1438 0.1435 0.1432 0.1429 0.1425
2569.000000 0.1422 0.1417 0.1412 0.1407 0.1401
2574.000000 0.1397 0.1393 0.1390 0.1386 0.1383
2579.000000 0.1379 0.1376 0.1372 0.1369 0.1365
2584.000000 0.1363 0.1364 0.1365 0.1365 0.1366
2589.000000 0.1366 0.1367 0.1367 0.1368 0.1368
2594.000000 0.1368 0.1367 0.1364 0.1361 0.1356
2599.000000 0.1351 0.1345 0.1340 0.1335 0.1329
2604.000000 0.1324 0.1319 0.1314 0.1308 0.1303
2609.000000 0.1298 0.1293 0.1288 0.1283 0.1278
2614.000000 0.1273 0.1268 0.1263 0.1259 0.1256
2619.000000 0.1252 0.1249 0.1246 0.1243 0.1240
2624.000000 0.1237 0.1234 0.1231 0.1228 0.1225
2629.000000 0.1222 0.1218 0.1215 0.1212 0.1211
2634.000000 0.1210 0.1209 0.1208 0.1207 0.1206
2639.000000 0.1205 0.1204 0.1203 0.1202 0.1201
2644.000000 0.1200 0.1199 0.1198 0.1197 0.1196
2649.000000 0.1195 0.1194 0.1193 0.1193 0.1193
2654.000000 0.1194 0.1195 0.1196 0.1197 0.1197
2659.000000 0.1198 0.1199 0.1200 0.1200 0.1197
2664.000000 0.1193 0.1190 0.1186 0.1183 0.1180
2669.000000 0.1176 0.1173 0.1170 0.1166 0.1162
2674.000000 0.1158 0.1154 0.1150 0.1147 0.1143
2679.000000 0.1139 0.1135 0.1131 0.1127 0.1124
2684.000000 0.1122 0.1120 0.1118 0.1116 0.1114
2689.000000 0.1112 0.1111 0.1109 0.1107 0.1105
2694.000000 0.1102 0.1099 0.1097 0.1094 0.1091
2699.000000 0.1088 0.1085 0.1082 0.1079 0.1076
2704.000000 0.1073 0.1072 0.1072 0.1071 0.1070
2709.000000 0.1070 0.1069 0.1068 0.1068 0.1067
2714.000000 0.1066 0.1065 0.1065 0.1064 0.1064
2719.000000 0.1064 0.1064 0.1064 0.1064 0.1064
2724.000000 0.1064 0.1064 0.1065 0.1065 0.1065
2729.000000 0.1065 0.1065 0.1065 0.1065 0.1066
2734.000000 0.1067 0.1067 0.1068 0.1069 0.1070
2739.000000 0.1070 0.1071 0.1072 0.1073 0.1073
2744.000000 0.1073 0.1073 0.1074 0.1074 0.1074
2749.000000 0.1074 0.1072 0.1069 0.1067 0.1065
2754.000000 0.1063 0.1061 0.1059 0.1057 0.1054
2759.000000 0.1052 0.1050 0.1048 0.1046 0.1044
2764.000000 0.1042 0.1040 0.1038 0.1037 0.1035
2769.000000 0.1033 0.1031 0.1029 0.1027 0.1025
2774.000000 0.1023 0.1022 0.1021 0.1019 0.1019
2779.000000 0.1018 0.1018 0.1017 0.1017 0.1017
2784.000000 0.1017 0.1017 0.1017 0.1000 0.0979
2789.000000 0.0959 0.0938 0.0917 0.0897 0.0876
2794.000000 0.0867 0.0866 0.0862 0.0859 0.0855
2799.000000 0.0851 0.0847 0.0843 0.0838 0.0834
2804.000000 0.0830 0.0826 0.0822 0.0818 0.0814
2809.000000 0.0810 0.0806 0.0802 0.0799 0.0795
2814.000000 0.0791 0.0788 0.0787 0.0785 0.0783
2819.000000 0.0782 0.0780 0.0778 0.0776 0.0775
2824.000000 0.0773 0.0771 0.0769 0.0767 0.0764
2829.000000 0.0762 0.0759 0.0757 0.0754 0.0751
2834.000000 0.0749 0.0746 0.0744 0.0741 0.0739
2839.000000 0.0736 0.0734 0.0731 0.0729 0.0726
2844.000000 0.0724 0.0723 0.0721 0.0720 0.0719
2849.000000 0.0717 0.0716 0.0715 0.0713 0.0711
2854.000000 0.0709 0.0708 0.0706 0.0704 0.0703
2859.000000 0.0701 0.0699 0.0697 0.0696 0.0694
2864.000000 0.0692 0.0691 0.0689 0.0687 0.0686
2869.000000 0.0684 0.0681 0.0679 0.0677 0.0674
2874.000000 0.0666 0.0657 0.0649 0.0640 0.0631
2879.000000 0.0622 0.0613 0.0603 0.0592 0.0582
2884.000000 0.0572 0.0561 0.0551 0.0541 0.0531
2889.000000 0.0521 0.0526 0.0501 0.0493 0.0488
2894.000000 0.0482 0.0477 0.0472 0.0467 0.0464
2899.000000 0.0461 0.0459 0.0456 0.0456 0.0457
2904.000000 0.0457 0.0457 0.0457 0.0457 0.0457
2909.000000 0.0458 0.0459 0.0460 0.0461 0.0462
2914.000000 0.0463 0.0464 0.0465 0.0467 0.0468
2919.000000 0.0470 0.0472 0.0473 0.0475 0.0476
2924.000000 0.0478 0.0480 0.0481 0.0483 0.0485
2929.000000 0.0487 0.0488 0.0490 0.0492 0.0494
2934.000000 0.0495 0.0497 0.0498 0.0499 0.0500
2939.000000 0.0501 0.0502 0.0503 0.0504 0.0505
2944.000000 0.0506 0.0508 0.0509 0.0510 0.0511
2949.000000 0.0513 0.0515 0.0517 0.0519 0.0521
2954.000000 0.0523 0.0525 0.0527 0.0529 0.0531
2959.000000 0.0533 0.0535 0.0537 0.0539 0.0541
2964.000000 0.0543 0.0545 0.0547 0.0549 0.0551
2969.000000 0.0553 0.0555 0.0557 0.0559 0.0561
2974.000000 0.0563 0.0565 0.0567 0.0569 0.0571
2979.000000 0.0573 0.0575 0.0577 0.0579 0.0581
2984.000000 0.0584 0.0586 0.0588 0.0590 0.0592
2989.000000 0.0594 0.0596 0.0598 0.0600 0.0602
2994.000000 0.0604 0.0606 0.0608 0.0610 0.0612
2999.000000 0.0614 0.0616 0.0618 0.0620 0.0622
3004.000000 0.0624 0.0626 0.0629 0.0632 0.0636
3009.000000 0.0639 0.0642 0.0646 0.0649 0.0653
3014.000000 0.0656 0.0660 0.0663 0.0667 0.0670
3019.000000 0.0674 0.0677 0.0681 0.0685 0.0688
3024.000000 0.0692 0.0696 0.0699 0.0703 0.0707
3029.000000 0.0710 0.0712 0.0713 0.0714 0.0715
3034.000000 0.0716 0.0718 0.0719 0.0720 0.0721
3039.000000 0.0722 0.0723 0.0725 0.0726 0.0725
3044.000000 0.0724 0.0724 0.0723 0.0722 0.0721
3049.000000 0.0720 0.0720 0.0719 0.0719 0.0718
3054.000000 0.0718 0.0717 0.0717 0.0716 0.0716
3059.000000 0.0715 0.0715 0.0714 0.0714 0.0714
3064.000000 0.0715 0.0715 0.0716 0.0717 0.0717
3069.000000 0.0718 0.0719 0.0719 0.0720 0.0721
3074.000000 0.0721 0.0722 0.0723 0.0725 0.0727
3079.000000 0.0729 0.0747 0.0764 0.0779 0.0787
3084.000000 0.0793 0.0799 0.0804 0.0810 0.0816
3089.000000 0.0820 0.0822 0.0824 0.0826 0.0828
3094.000000 0.0830 0.0832 0.0834 0.0838 0.0841
3099.000000 0.0845 0.0848 0.0852 0.0855 0.0859
3104.000000 0.0863 0.0866 0.0870 0.0872 0.0874
3109.000000 0.0875 0.0877 0.0879 0.0880 0.0882
3114.000000 0.0884 0.0886 0.0887 0.0889 0.0891
3119.000000 0.0893 0.0895 0.0897 0.0900 0.0904
3124.000000 0.0907 0.0911 0.0914 0.0917 0.0922
3129.000000 0.0926 0.0931 0.0936 0.0938 0.0939
3134.000000 0.0941 0.0942 0.0943 0.0945 0.0946
3139.000000 0.0947 0.0949 0.0950 0.0951 0.0952
3144.000000 0.0952 0.0951 0.0950 0.0949 0.0950
3149.000000 0.0952 0.0953 0.0955 0.0956 0.0958
3154.000000 0.0961 0.0964 0.0967 0.0969 0.0973
3159.000000 0.0978 0.0984 0.0989 0.0994 0.1000
3164.000000 0.1005 0.1010 0.1016 0.1022 0.1028
3169.000000 0.1035 0.1041 0.1047 0.1053 0.1059
3174.000000 0.1066 0.1072 0.1078 0.1084 0.1090
3179.000000 0.1095 0.1100 0.1105 0.1111 0.1116
3184.000000 0.1121 0.1126 0.1130 0.1135 0.1140
3189.000000 0.1145 0.1150 0.1157 0.1163 0.1169
3194.000000 0.1175 0.1179 0.1181 0.1184 0.1186
3199.000000 0.1188 0.1191 0.1193 0.1195 0.1198
3204.000000 0.1201 0.1206 0.1211 0.1228 0.1245
3209.000000 0.1258 0.1261 0.1264 0.1268 0.1271
3214.000000 0.1274 0.1276 0.1279 0.1281 0.1283
3219.000000 0.1286 0.1288 0.1292 0.1296 0.1300
3224.000000 0.1305 0.1309 0.1315 0.1322 0.1329
3229.000000 0.1336 0.1344 0.1351 0.1359 0.1366
3234.000000 0.1374 0.1381 0.1389 0.1398 0.1407
3239.000000 0.1416 0.1425 0.1434 0.1442 0.1451
3244.000000 0.1459 0.1468 0.1475 0.1481 0.1488
3249.000000 0.1495 0.1501 0.1508 0.1513 0.1517
3254.000000 0.1521 0.1526 0.1530 0.1534 0.1554
3259.000000 0.1574 0.1585 0.1591 0.1596 0.1601
3264.000000 0.1607 0.1612 0.1617 0.1623 0.1628
3269.000000 0.1633 0.1640 0.1647 0.1653 0.1660
3274.000000 0.1667 0.1673 0.1680 0.1687 0.1693
3279.000000 0.1700 0.1706 0.1713 0.1719 0.1725
3284.000000 0.1731 0.1737 0.1744 0.1750 0.1756
3289.000000 0.1762 0.1768 0.1774 0.1780 0.1786
3294.000000 0.1793 0.1800 0.1807 0.1815 0.1822
3299.000000 0.1829 0.1837 0.1844 0.1854 0.1866
3304.000000 0.1877 0.1888 0.1895 0.1900 0.1903
3309.000000 0.1907 0.1911 0.1914 0.1918 0.1922
3314.000000 0.1925 0.1927 0.1930 0.1932 0.1935
3319.000000 0.1937 0.1941 0.1948 0.1955 0.1962
3324.000000 0.1974 0.1989 0.2003 0.2015 0.2018
3329.000000 0.2020 0.2023 0.2025 0.2028 0.2030
3334.000000 0.2032 0.2034 0.2036 0.2037 0.2039
3339.000000 0.2041 0.2043 0.2045 0.2047 0.2050
3344.000000 0.2052 0.2055 0.2057 0.2059 0.2062
3349.000000 0.2067 0.2073 0.2079 0.2085 0.2091
3354.000000 0.2097 0.2107 0.2118 0.2129 0.2140
3359.000000 0.2151 0.2161 0.2169 0.2178 0.2187
3364.000000 0.2196 0.2204 0.2213 0.2221 0.2222
3369.000000 0.2223 0.2224 0.2225 0.2226 0.2227
3374.000000 0.2228 0.2229 0.2231 0.2234 0.2237
3379.000000 0.2241 0.2244 0.2247 0.2251 0.2254
3384.000000 0.2257 0.2261 0.2264 0.2267 0.2271
3389.000000 0.2274 0.2277 0.2281 0.2284 0.2291
3394.000000 0.2297 0.2304 0.2310 0.2316 0.2323
3399.000000 0.2331 0.2342 0.2354 0.2365 0.2376
3404.000000 0.2387 0.2399 0.2410 0.2425 0.2436
3409.000000 0.2443 0.2450 0.2457 0.2464 0.2472
3414.000000 0.2479 0.2486 0.2493 0.2500 0.2502
3419.000000 0.2505 0.2511 0.2524 0.2536 0.2549
3424.000000 0.2562 0.2574 0.2593 0.2620 0.2644
3429.000000 0.2666 0.2692 0.2717 0.2731 0.2743
3434.000000 0.2752 0.2760 0.2768 0.2776 0.2783
3439.000000 0.2791 0.2800 0.2808 0.2816 0.2825
3444.000000 0.2837 0.2850 0.2862 0.2875 0.2888
3449.000000 0.2901 0.2919 0.2937 0.2955 0.2967
3454.000000 0.2978 0.2989 0.3001 0.3009 0.3017
3459.000000 0.3025 0.3033 0.3041 0.3050 0.3059
3464.000000 0.3067 0.3076 0.3087 0.3104 0.3121
3469.000000 0.3138 0.3155 0.3169 0.3184 0.3198
3474.000000 0.3212 0.3230 0.3252 0.3273 0.3295
3479.000000 0.3315 0.3336 0.3373 0.3398 0.3424
3484.000000 0.3450 0.3475 0.3494 0.3513 0.3529
3489.000000 0.3544 0.3558 0.3573 0.3588 0.3602
3494.000000 0.3617 0.3632 0.3647 0.3662 0.3678
3499.000000 0.3693 0.3708 0.3723 0.3739 0.3754
3504.000000 0.3769 0.3784 0.3799 0.3814 0.3829
3509.000000 0.3844 0.3859 0.3874 0.3889 0.3904
3514.000000 0.3918 0.3931 0.3945 0.3958 0.3971
3519.000000 0.3984 0.3997 0.4010 0.4023 0.4037
3524.000000 0.4050 0.4063 0.4076 0.4089 0.4102
3529.000000 0.4115 0.4128 0.4141 0.4154 0.4167
3534.000000 0.4180 0.4193 0.4207 0.4222 0.4239
3539.000000 0.4257 0.4274 0.4291 0.4309 0.4326
3544.000000 0.4343 0.4361 0.4378 0.4398 0.4422
3549.000000 0.4446 0.4469 0.4493 0.4517 0.4541
3554.000000 0.4568 0.4599 0.4629 0.4660 0.4690
3559.000000 0.4717 0.4740 0.4763 0.4786 0.4809
3564.000000 0.4831 0.4854 0.4874 0.4894 0.4914
3569.000000 0.4933 0.4953 0.4973 0.4992 0.5012
3574.000000 0.5031 0.5050 0.5069 0.5088 0.5107
3579.000000 0.5127 0.5147 0.5167 0.5187 0.5207
3584.000000 0.5226 0.5246 0.5266 0.5286 0.5306
3589.000000 0.5327 0.5347 0.5368 0.5389 0.5409
3594.000000 0.5430 0.5449 0.5465 0.5481 0.5497
3599.000000 0.5514 0.5528 0.5541 0.5554 0.5566
3604.000000 0.5583 0.5610 0.5638 0.5668 0.5701
3609.000000 0.5721 0.5737 0.5754 0.5768 0.5780
3614.000000 0.5791 0.5802 0.5813 0.5824 0.5835
3619.000000 0.5847 0.5857 0.5866 0.5875 0.5884
3624.000000 0.5893 0.5902 0.5912 0.5924 0.5935
3629.000000 0.5947 0.5959 0.5973 0.5992 0.6013
3634.000000 0.6036 0.6060 0.6081 0.6101 0.6122
3639.000000 0.6143 0.6165 0.6187 0.6208 0.6227
3644.000000 0.6246 0.6266 0.6285 0.6305 0.6322
3649.000000 0.6336 0.6348 0.6359 0.6369 0.6380
3654.000000 0.6391 0.6402 0.6414 0.6429 0.6443
3659.000000 0.6457 0.6469 0.6481 0.6494 0.6506
3664.000000 0.6518 0.6530 0.6536 0.6542 0.6548
3669.000000 0.6554 0.6560 0.6566 0.6572 0.6579
3674.000000 0.6585 0.6590 0.6594 0.6597 0.6601
3679.000000 0.6605 0.6609 0.6613 0.6617 0.6621
3684.000000 0.6625 0.6628 0.6632 0.6634 0.6636
3689.000000 0.6638 0.6640 0.6641 0.6643 0.6645
3694.000000 0.6647 0.6649 0.6650 0.6650 0.6649
3699.000000 0.6649 0.6649 0.6648 0.6648 0.6648
3704.000000 0.6649 0.6652 0.6655 0.6658 0.6664
3709.000000 0.6673 0.6681 0.6689 0.6696 0.6700
3714.000000 0.6703 0.6706 0.6709 0.6712 0.6712
3719.000000 0.6711 0.6710 0.6709 0.6709 0.6708
3724.000000 0.6708 0.6707 0.6707 0.6706 0.6706
3729.000000 0.6705 0.6705 0.6704 0.6704 0.6704
3734.000000 0.6703 0.6703 0.6703 0.6703 0.6703
3739.000000 0.6703 0.6702 0.6702 0.6702 0.6702
3744.000000 0.6702 0.6702 0.6701 0.6701 0.6702
3749.000000 0.6702 0.6702 0.6702 0.6702 0.6702
3754.000000 0.6702 0.6709 0.6702 0.6702 0.6702
3759.000000 0.6703 0.6703 0.6703 0.6704 0.6705
3764.000000 0.6706 0.6707 0.6708 0.6709 0.6710
3769.000000 0.6711 0.6712 0.6713 0.6715 0.6717
3774.000000 0.6719 0.6722 0.6724 0.6726 0.6729
3779.000000 0.6731 0.6733 0.6736 0.6738 0.6740
3784.000000 0.6743 0.6745 0.6749 0.6753 0.6757
3789.000000 0.6761 0.6764 0.6768 0.6772 0.6776
3794.000000 0.6780 0.6784 0.6787 0.6791 0.6795
3799.000000 0.6796 0.6797 0.6797 0.6798 0.6799
3804.000000 0.6800 0.6800 0.6801 0.6802 0.6803
3809.000000 0.6803 0.6803 0.6802 0.6802 0.6801
3814.000000 0.6801 0.6801 0.6800 0.6800 0.6799
3819.000000 0.6799 0.6798 0.6798 0.6798 0.6798
3824.000000 0.6798 0.6798 0.6798 0.6798 0.6798
3829.000000 0.6798 0.6798 0.6798 0.6798 0.6799
3834.000000 0.6799 0.6799 0.6799 0.6799 0.6798
3839.000000 0.6798 0.6798 0.6797 0.6797 0.6797
3844.000000 0.6797 0.6796 0.6792 0.6788 0.6784
3849.000000 0.6780 0.6776 0.6766 0.6757 0.6748
3854.000000 0.6739 0.6729 0.6720 0.6713 0.6709
3859.000000 0.6704 0.6699 0.6695 0.6690 0.6686
3864.000000 0.6681 0.6677 0.6672 0.6668 0.6664
3869.000000 0.6659 0.6655 0.6651 0.6647 0.6643
3874.000000 0.6639 0.6638 0.6637 0.6637 0.6636
3879.000000 0.6635 0.6634 0.6633 0.6633 0.6633
3884.000000 0.6633 0.6633 0.6633 0.6633 0.6633
3889.000000 0.6634 0.6634 0.6634 0.6635 0.6635
3894.000000 0.6636 0.6636 0.6637 0.6637 0.6637
3899.000000 0.6638 0.6638
##END=
