##TITLE=VALERIC ACID, 2,2,4-TRIMETHYL-3-OXO-, BUTYL ESTER
##JCAMP-DX=4.24
##DATA TYPE=INFRARED SPECTRUM
##CLASS=COBLENTZ
##ORIGIN=TENNESSEE EASTMAN COMPANY, RESEARCH LABORATORIES
##OWNER=COBLENTZ SOCIETY
Collection (C) 2018 copyright by the U.S. Secretary of Commerce
on behalf of the United States of America. All rights reserved.
##DATE=Not specified, most likely prior to 1970
##NAMES=butyl 2,2,4-trimethyl-3-oxopentanoate
##CAS REGISTRY NO=4447-69-2
##MOLFORM=C12 H22 O3
##BP=113-114 C AT 14 mmHg
##SOURCE REFERENCE=COBLENTZ NO. 1749
##$NIST SOURCE=COBLENTZ
##$NIST IMAGE=cob1749
##SPECTROMETER/DATA SYSTEM=Not specified, most likely a prism, grating, or hybrid spectrometer.
##PATH LENGTH=SMEAR
##SAMPLING PROCEDURE=TRANSMISSION
##RESOLUTION=4
##DATA PROCESSING=DIGITIZED BY NIST FROM HARD COPY
##XUNITS=MICROMETERS
##YUNITS=TRANSMITTANCE
##XFACTOR=1.000000
##YFACTOR=1
##DELTAX=000.006809
##FIRSTX=2.068
##LASTX=16.0203
##FIRSTY=0.933
##MAXX=16.0203
##MINX=2.068
##MAXY=0.95
##MINY=0.102
##NPOINTS=2050
##XYDATA=(X++(Y..Y))
2.068000 0.9330 0.9330 0.9330 0.9330 0.9330
2.102063 0.9340 0.9340 0.9340 0.9340 0.9330
2.136000 0.9340 0.9340 0.9340 0.9340 0.9360
2.170063 0.9360 0.9360 0.9380 0.9380 0.9380
2.204000 0.9360 0.9330 0.9330 0.9290 0.9240
2.238063 0.9210 0.9160 0.9100 0.9100 0.9020
2.272000 0.9000 0.8980 0.8970 0.8970 0.8970
2.306063 0.9000 0.9020 0.9040 0.9040 0.9050
2.340000 0.9050 0.9070 0.9090 0.9090 0.9090
2.374063 0.9090 0.9100 0.9100 0.9100 0.9100
2.409000 0.9100 0.9100 0.9100 0.9100 0.9100
2.443063 0.9100 0.9100 0.9120 0.9120 0.9120
2.477000 0.9120 0.9120 0.9140 0.9190 0.9190
2.511063 0.9210 0.9220 0.9220 0.9240 0.9260
2.545000 0.9260 0.9280 0.9280 0.9280 0.9280
2.579063 0.9290 0.9290 0.9290 0.9290 0.9290
2.613000 0.9310 0.9310 0.9310 0.9310 0.9310
2.647063 0.9330 0.9340 0.9340 0.9340 0.9340
2.681000 0.9340 0.9340 0.9340 0.9340 0.9340
2.715063 0.9340 0.9340 0.9340 0.9340 0.9360
2.749000 0.9360 0.9360 0.9360 0.9360 0.9360
2.783063 0.9360 0.9360 0.9360 0.9360 0.9360
2.817000 0.9360 0.9360 0.9360 0.9360 0.9360
2.851063 0.9360 0.9360 0.9360 0.9340 0.9330
2.885000 0.9290 0.9210 0.9120 0.9000 0.8950
2.919063 0.8930 0.8920 0.8930 0.8970 0.9020
2.953000 0.9090 0.9120 0.9190 0.9210 0.9210
2.987063 0.9240 0.9280 0.9290 0.9290 0.9290
3.021000 0.9310 0.9310 0.9310 0.9310 0.9310
3.055063 0.9330 0.9330 0.9330 0.9310 0.9310
3.089000 0.9290 0.9290 0.9290 0.9260 0.9220
3.123063 0.9210 0.9140 0.9120 0.9090 0.9090
3.158000 0.9090 0.9090 0.9090 0.9090 0.9100
3.192063 0.9100 0.9120 0.9140 0.9140 0.9140
3.226000 0.9120 0.9100 0.9090 0.9050 0.9040
3.260063 0.9000 0.8900 0.8810 0.8660 0.8440
3.294000 0.8030 0.6310 0.5530 0.5080 0.4640
3.328063 0.3750 0.1900 0.1880 0.1910 0.2030
3.362000 0.2140 0.2260 0.2380 0.2460 0.2730
3.396063 0.2990 0.3350 0.3640 0.3880 0.4000
3.430000 0.4000 0.3970 0.3930 0.3920 0.3920
3.464063 0.4500 0.6160 0.6600 0.7260 0.7610
3.498000 0.7840 0.7990 0.8060 0.8150 0.8210
3.532063 0.8320 0.8400 0.8470 0.8560 0.8660
3.566000 0.8730 0.8800 0.8850 0.8900 0.8920
3.600063 0.8930 0.8950 0.8950 0.8950 0.8950
3.634000 0.8950 0.8950 0.8950 0.8950 0.9000
3.668063 0.9000 0.9040 0.9040 0.9090 0.9120
3.702000 0.9140 0.9160 0.9170 0.9190 0.9210
3.736063 0.9220 0.9240 0.9260 0.9260 0.9280
3.770000 0.9280 0.9290 0.9290 0.9310 0.9310
3.804063 0.9330 0.9340 0.9340 0.9360 0.9360
3.839000 0.9360 0.9380 0.9380 0.9380 0.9380
3.873063 0.9380 0.9380 0.9380 0.9380 0.9380
3.907000 0.9380 0.9380 0.9380 0.9380 0.9380
3.941063 0.9380 0.9380 0.9400 0.9400 0.9400
3.975000 0.9400 0.9400 0.9410 0.9410 0.9430
4.009063 0.9450 0.9450 0.9450 0.9460 0.9460
4.043000 0.9460 0.9460 0.9460 0.9460 0.9460
4.077063 0.9460 0.9460 0.9460 0.9460 0.9460
4.111000 0.9460 0.9450 0.9450 0.9430 0.9430
4.145063 0.9410 0.9400 0.9410 0.9400 0.9400
4.179000 0.9400 0.9400 0.9400 0.9400 0.9410
4.213063 0.9410 0.9410 0.9410 0.9410 0.9410
4.247000 0.9410 0.9410 0.9410 0.9410 0.9410
4.281063 0.9410 0.9410 0.9410 0.9410 0.9410
4.315000 0.9410 0.9410 0.9410 0.9410 0.9410
4.349063 0.9410 0.9410 0.9410 0.9410 0.9450
4.383000 0.9450 0.9450 0.9450 0.9450 0.9460
4.417063 0.9460 0.9480 0.9480 0.9480 0.9480
4.451000 0.9480 0.9480 0.9480 0.9480 0.9480
4.485063 0.9480 0.9480 0.9480 0.9480 0.9480
4.519000 0.9480 0.9480 0.9480 0.9480 0.9480
4.553063 0.9480 0.9480 0.9480 0.9480 0.9480
4.588000 0.9480 0.9480 0.9480 0.9480 0.9480
4.622063 0.9480 0.9480 0.9480 0.9480 0.9480
4.656000 0.9480 0.9480 0.9480 0.9480 0.9480
4.690063 0.9480 0.9480 0.9480 0.9460 0.9460
4.724000 0.9450 0.9450 0.9450 0.9460 0.9460
4.758063 0.9460 0.9460 0.9460 0.9460 0.9460
4.792000 0.9460 0.9460 0.9460 0.9460 0.9480
4.826063 0.9480 0.9480 0.9480 0.9480 0.9480
4.860000 0.9480 0.9480 0.9480 0.9480 0.9480
4.894063 0.9480 0.9480 0.9480 0.9480 0.9480
4.928000 0.9480 0.9480 0.9480 0.9480 0.9480
4.962063 0.9480 0.9480 0.9480 0.9480 0.9480
4.996000 0.9480 0.9480 0.9480 0.9480 0.9480
5.030063 0.9480 0.9500 0.9500 0.9500 0.9500
5.064000 0.9500 0.9500 0.9500 0.9500 0.9500
5.098063 0.9500 0.9500 0.9500 0.9500 0.9500
5.132000 0.9500 0.9500 0.9500 0.9500 0.9500
5.166063 0.9500 0.9480 0.9480 0.9480 0.9480
5.200000 0.9460 0.9460 0.9460 0.9450 0.9430
5.234063 0.9430 0.9430 0.9430 0.9430 0.9430
5.268000 0.9430 0.9430 0.9430 0.9430 0.9430
5.302063 0.9450 0.9430 0.9430 0.9430 0.9430
5.337000 0.9430 0.9430 0.9430 0.9430 0.9430
5.371063 0.9430 0.9430 0.9430 0.9410 0.9400
5.405000 0.9380 0.9360 0.9360 0.9330 0.9290
5.439063 0.9290 0.9280 0.9260 0.9220 0.9210
5.473000 0.9140 0.9100 0.9090 0.9020 0.9000
5.507063 0.8980 0.8920 0.8860 0.8800 0.8730
5.541000 0.8640 0.8610 0.8560 0.8470 0.8400
5.575063 0.8300 0.8230 0.8180 0.8060 0.7970
5.609000 0.7840 0.7730 0.7580 0.7430 0.7170
5.643063 0.6950 0.6660 0.6350 0.5850 0.5610
5.677000 0.5200 0.4430 0.3660 0.3370 0.2170
5.711063 0.1980 0.1910 0.1910 0.1930 0.1950
5.745000 0.1960 0.1960 0.1960 0.1900 0.1810
5.779063 0.1690 0.1550 0.1420 0.1330 0.1140
5.813000 0.1040 0.1020 0.1060 0.1310 0.1660
5.847063 0.1960 0.2260 0.2600 0.3090 0.3490
5.881000 0.3920 0.4460 0.4880 0.5350 0.5530
5.915063 0.5650 0.5800 0.5990 0.6180 0.6400
5.949000 0.6570 0.6710 0.6860 0.7000 0.7140
5.983063 0.7260 0.7390 0.7530 0.7700 0.7850
6.018000 0.7990 0.8080 0.8110 0.8130 0.8150
6.052063 0.8160 0.8210 0.8210 0.8280 0.8330
6.086000 0.8440 0.8470 0.8510 0.8510 0.8520
6.120063 0.8520 0.8570 0.8610 0.8640 0.8680
6.154000 0.8710 0.8710 0.8750 0.8760 0.8780
6.188063 0.8810 0.8830 0.8850 0.8860 0.8880
6.222000 0.8900 0.8920 0.8930 0.8970 0.9000
6.256063 0.9020 0.9040 0.9050 0.9050 0.9070
6.290000 0.9090 0.9100 0.9100 0.9100 0.9100
6.324063 0.9100 0.9090 0.9090 0.9070 0.9070
6.358000 0.9070 0.9050 0.9050 0.9020 0.8980
6.392063 0.8950 0.8920 0.8880 0.8850 0.8760
6.426000 0.8750 0.8750 0.8750 0.8730 0.8680
6.460063 0.8640 0.8630 0.8560 0.8510 0.8490
6.494000 0.8490 0.8510 0.8520 0.8540 0.8540
6.528063 0.8540 0.8520 0.8510 0.8450 0.8400
6.562000 0.8400 0.8320 0.8320 0.8300 0.8250
6.596063 0.8200 0.8110 0.8060 0.8030 0.8030
6.630000 0.8030 0.8010 0.7940 0.7910 0.7800
6.664063 0.7720 0.7550 0.7380 0.7150 0.6830
6.698000 0.6500 0.6140 0.5850 0.5510 0.5200
6.732063 0.4880 0.4260 0.3780 0.3210 0.2850
6.767000 0.2610 0.2530 0.2530 0.2560 0.2720
6.801063 0.2910 0.3010 0.3130 0.3160 0.3320
6.835000 0.3490 0.3640 0.3900 0.4050 0.4210
6.869063 0.4340 0.4450 0.4620 0.4740 0.4980
6.903000 0.5300 0.5420 0.5580 0.5780 0.5940
6.937063 0.6110 0.6360 0.6520 0.6780 0.6960
6.971000 0.7080 0.7170 0.7240 0.7340 0.7460
7.005063 0.7530 0.7580 0.7610 0.7650 0.7650
7.039000 0.7670 0.7670 0.7650 0.7630 0.7550
7.073063 0.7380 0.7270 0.7120 0.7030 0.6840
7.107000 0.6710 0.6690 0.6520 0.6300 0.5970
7.141063 0.5590 0.5180 0.5000 0.4810 0.4500
7.175000 0.4220 0.4100 0.3930 0.3690 0.3490
7.209063 0.3440 0.3440 0.3470 0.3690 0.4000
7.243000 0.4360 0.4720 0.5300 0.5530 0.5710
7.277063 0.5800 0.5800 0.5800 0.5610 0.5320
7.311000 0.5200 0.5180 0.5200 0.5410 0.5630
7.345063 0.5920 0.6210 0.6420 0.6500 0.6590
7.379000 0.6590 0.6600 0.6550 0.6450 0.6360
7.413063 0.6310 0.6310 0.6310 0.6310 0.6400
7.447000 0.6450 0.6550 0.6690 0.6810 0.6930
7.481063 0.7120 0.7200 0.7310 0.7320 0.7360
7.516000 0.7390 0.7390 0.7390 0.7390 0.7360
7.550063 0.7340 0.7320 0.7320 0.7320 0.7310
7.584000 0.7310 0.7240 0.7200 0.7120 0.6980
7.618063 0.6830 0.6710 0.6570 0.6480 0.6400
7.652000 0.6400 0.6310 0.6280 0.6250 0.6210
7.686063 0.6190 0.6140 0.6140 0.6110 0.6040
7.720000 0.5990 0.5870 0.5750 0.5580 0.5440
7.754063 0.5250 0.5110 0.4980 0.4760 0.4430
7.788000 0.4120 0.3850 0.3590 0.3370 0.3180
7.822063 0.3010 0.2850 0.2750 0.2650 0.2580
7.856000 0.2530 0.2500 0.2500 0.2460 0.2440
7.890063 0.2430 0.2410 0.2380 0.2360 0.2320
7.924000 0.2310 0.2270 0.2260 0.2240 0.2260
7.958063 0.2270 0.2310 0.2360 0.2500 0.2550
7.992000 0.2720 0.2910 0.3080 0.3270 0.3440
8.026063 0.3570 0.3750 0.3920 0.4140 0.4360
8.060000 0.4480 0.4670 0.4740 0.4880 0.5110
8.094063 0.5230 0.5340 0.5370 0.5490 0.5530
8.128000 0.5590 0.5630 0.5650 0.5700 0.5710
8.162063 0.5710 0.5710 0.5710 0.5710 0.5710
8.196000 0.5710 0.5700 0.5630 0.5610 0.5560
8.230063 0.5530 0.5490 0.5460 0.5440 0.5420
8.265000 0.5420 0.5420 0.5420 0.5440 0.5470
8.299063 0.5510 0.5510 0.5460 0.5340 0.5170
8.333000 0.5030 0.5010 0.5010 0.5010 0.5010
8.367063 0.5010 0.5010 0.5010 0.5000 0.4980
8.401000 0.4960 0.4890 0.4790 0.4640 0.4450
8.435063 0.4170 0.4050 0.3970 0.3660 0.3470
8.469000 0.3320 0.3200 0.3080 0.3030 0.2960
8.503063 0.2910 0.2870 0.2840 0.2820 0.2790
8.537000 0.2720 0.2610 0.2510 0.2360 0.2290
8.571063 0.2170 0.2100 0.2000 0.1880 0.1780
8.605000 0.1710 0.1640 0.1600 0.1570 0.1570
8.639063 0.1540 0.1540 0.1520 0.1520 0.1540
8.673000 0.1540 0.1540 0.1570 0.1570 0.1620
8.707063 0.1640 0.1710 0.1790 0.1830 0.1980
8.741000 0.2070 0.2260 0.2430 0.2560 0.2750
8.775063 0.2990 0.3130 0.3300 0.3450 0.3640
8.809000 0.3810 0.4000 0.4160 0.4290 0.4400
8.843063 0.4500 0.4600 0.4670 0.4790 0.4820
8.877000 0.4860 0.4940 0.5000 0.5100 0.5110
8.911063 0.5150 0.5230 0.5320 0.5470 0.5560
8.946000 0.5710 0.5870 0.6020 0.6140 0.6230
8.980063 0.6330 0.6400 0.6450 0.6520 0.6570
9.014000 0.6600 0.6620 0.6620 0.6640 0.6640
9.048063 0.6600 0.6600 0.6450 0.6350 0.6110
9.082000 0.5920 0.5680 0.5470 0.5320 0.5180
9.116063 0.5150 0.5150 0.5170 0.5250 0.5350
9.150000 0.5510 0.5680 0.5900 0.6020 0.6280
9.184063 0.6380 0.6500 0.6600 0.6710 0.6780
9.218000 0.6840 0.6900 0.6910 0.6930 0.6930
9.252063 0.6950 0.6950 0.6930 0.6900 0.6840
9.286000 0.6790 0.6670 0.6550 0.6420 0.6330
9.320063 0.6210 0.6110 0.6020 0.5970 0.5900
9.354000 0.5830 0.5770 0.5660 0.5590 0.5490
9.388063 0.5420 0.5350 0.5300 0.5250 0.5230
9.422000 0.5220 0.5230 0.5250 0.5300 0.5340
9.456063 0.5410 0.5460 0.5510 0.5530 0.5530
9.490000 0.5510 0.5490 0.5390 0.5340 0.5170
9.524063 0.5000 0.4740 0.4380 0.4020 0.3680
9.558000 0.3370 0.3090 0.2850 0.2650 0.2480
9.592063 0.2340 0.2240 0.2170 0.2170 0.2190
9.626000 0.2220 0.2290 0.2360 0.2460 0.2630
9.660063 0.2790 0.2960 0.3030 0.3350 0.3470
9.695000 0.3660 0.3810 0.3970 0.4070 0.4170
9.729063 0.4260 0.4330 0.4380 0.4430 0.4460
9.763000 0.4480 0.4500 0.4520 0.4530 0.4550
9.797063 0.4550 0.4580 0.4670 0.4740 0.4810
9.831000 0.4890 0.4930 0.4980 0.5030 0.5030
9.865063 0.5010 0.5010 0.5000 0.4980 0.4820
9.899000 0.4620 0.4360 0.4120 0.3900 0.3710
9.933063 0.3470 0.3350 0.3270 0.3210 0.3210
9.967000 0.3210 0.3320 0.3420 0.3630 0.3850
10.001063 0.4000 0.4290 0.4640 0.4720 0.4960
10.035000 0.5270 0.5490 0.5730 0.5890 0.6060
10.069063 0.6180 0.6310 0.6430 0.6520 0.6620
10.103000 0.6660 0.6740 0.6830 0.6840 0.6880
10.137063 0.6900 0.6930 0.6950 0.6950 0.6950
10.171000 0.6950 0.6950 0.6950 0.6930 0.6910
10.205063 0.6900 0.6810 0.6720 0.6640 0.6550
10.239000 0.6520 0.6430 0.6400 0.6310 0.6300
10.273063 0.6230 0.6180 0.6140 0.6070 0.6040
10.307000 0.6020 0.5970 0.5940 0.5940 0.5940
10.341063 0.5940 0.5940 0.5970 0.6010 0.6020
10.375000 0.6040 0.6070 0.6160 0.6180 0.6190
10.409063 0.6210 0.6210 0.6210 0.6210 0.6210
10.444000 0.6140 0.6110 0.6040 0.5970 0.5920
10.478063 0.5890 0.5820 0.5780 0.5770 0.5730
10.512000 0.5730 0.5730 0.5730 0.5730 0.5730
10.546063 0.5730 0.5800 0.5830 0.5900 0.5940
10.580000 0.5970 0.6010 0.6040 0.6070 0.6090
10.614063 0.6110 0.6140 0.6160 0.6160 0.6140
10.648000 0.6140 0.6130 0.6110 0.6110 0.6090
10.682063 0.6040 0.6020 0.6020 0.6010 0.6010
10.716000 0.5990 0.5990 0.5990 0.5970 0.5970
10.750063 0.5970 0.5990 0.6010 0.6020 0.6040
10.784000 0.6060 0.6110 0.6160 0.6210 0.6280
10.818063 0.6350 0.6420 0.6480 0.6540 0.6620
10.852000 0.6670 0.6780 0.6860 0.6930 0.7000
10.886063 0.7030 0.7120 0.7150 0.7190 0.7220
10.920000 0.7260 0.7290 0.7320 0.7320 0.7340
10.954063 0.7390 0.7410 0.7480 0.7500 0.7530
10.988000 0.7530 0.7550 0.7560 0.7600 0.7610
11.022063 0.7630 0.7650 0.7670 0.7680 0.7680
11.056000 0.7680 0.7670 0.7670 0.7650 0.7600
11.090063 0.7580 0.7530 0.7530 0.7530 0.7530
11.125000 0.7530 0.7580 0.7610 0.7630 0.7650
11.159063 0.7670 0.7670 0.7680 0.7680 0.7700
11.193000 0.7700 0.7680 0.7680 0.7670 0.7630
11.227063 0.7610 0.7560 0.7530 0.7510 0.7440
11.261000 0.7430 0.7410 0.7390 0.7390 0.7390
11.295063 0.7410 0.7410 0.7410 0.7410 0.7410
11.329000 0.7410 0.7410 0.7390 0.7390 0.7390
11.363063 0.7320 0.7290 0.7240 0.7200 0.7170
11.397000 0.7140 0.7050 0.7020 0.7000 0.6980
11.431063 0.6960 0.6960 0.6960 0.7000 0.7170
11.465000 0.7220 0.7360 0.7430 0.7510 0.7610
11.499063 0.7680 0.7820 0.7890 0.7970 0.8030
11.533000 0.8060 0.8150 0.8200 0.8200 0.8210
11.567063 0.8250 0.8250 0.8250 0.8270 0.8270
11.601000 0.8270 0.8270 0.8270 0.8250 0.8250
11.635063 0.8230 0.8210 0.8200 0.8160 0.8130
11.669000 0.8110 0.8090 0.8090 0.8060 0.8030
11.703063 0.8030 0.8010 0.7990 0.7960 0.7910
11.737000 0.7850 0.7790 0.7770 0.7700 0.7630
11.771063 0.7560 0.7510 0.7480 0.7460 0.7380
11.805000 0.7320 0.7260 0.7260 0.7240 0.7220
11.839063 0.7220 0.7200 0.7190 0.7190 0.7190
11.874000 0.7190 0.7190 0.7220 0.7270 0.7290
11.908063 0.7340 0.7390 0.7430 0.7480 0.7500
11.942000 0.7510 0.7600 0.7670 0.7720 0.7730
11.976063 0.7770 0.7820 0.7910 0.7920 0.7940
12.010000 0.7970 0.8010 0.8030 0.8040 0.8060
12.044063 0.8080 0.8090 0.8090 0.8090 0.8090
12.078000 0.8090 0.8110 0.8110 0.8130 0.8130
12.112063 0.8130 0.8150 0.8150 0.8160 0.8160
12.146000 0.8180 0.8200 0.8200 0.8210 0.8210
12.180063 0.8230 0.8230 0.8230 0.8230 0.8230
12.214000 0.8250 0.8250 0.8230 0.8230 0.8230
12.248063 0.8230 0.8230 0.8230 0.8230 0.8230
12.282000 0.8230 0.8230 0.8230 0.8230 0.8230
12.316063 0.8230 0.8230 0.8230 0.8230 0.8230
12.350000 0.8230 0.8250 0.8250 0.8270 0.8270
12.384063 0.8280 0.8280 0.8280 0.8300 0.8320
12.418000 0.8350 0.8390 0.8400 0.8420 0.8440
12.452063 0.8440 0.8450 0.8450 0.8470 0.8490
12.486000 0.8510 0.8540 0.8560 0.8570 0.8590
12.520063 0.8590 0.8590 0.8610 0.8640 0.8640
12.554000 0.8660 0.8660 0.8660 0.8660 0.8660
12.588063 0.8660 0.8660 0.8680 0.8680 0.8680
12.623000 0.8680 0.8690 0.8690 0.8690 0.8690
12.657063 0.8690 0.8690 0.8690 0.8690 0.8690
12.691000 0.8690 0.8690 0.8690 0.8680 0.8660
12.725063 0.8660 0.8630 0.8630 0.8630 0.8610
12.759000 0.8590 0.8560 0.8520 0.8510 0.8450
12.793063 0.8400 0.8390 0.8330 0.8320 0.8280
12.827000 0.8280 0.8270 0.8270 0.8270 0.8270
12.861063 0.8250 0.8230 0.8210 0.8200 0.8200
12.895000 0.8200 0.8180 0.8180 0.8180 0.8180
12.929063 0.8180 0.8180 0.8180 0.8180 0.8180
12.963000 0.8200 0.8200 0.8200 0.8200 0.8200
12.997063 0.8180 0.8180 0.8160 0.8160 0.8160
13.031000 0.8160 0.8180 0.8180 0.8180 0.8180
13.065063 0.8200 0.8200 0.8200 0.8200 0.8200
13.099000 0.8210 0.8210 0.8230 0.8230 0.8250
13.133063 0.8270 0.8270 0.8280 0.8280 0.8280
13.167000 0.8300 0.8300 0.8300 0.8300 0.8300
13.201063 0.8300 0.8300 0.8300 0.8300 0.8300
13.235000 0.8280 0.8280 0.8280 0.8280 0.8270
13.269063 0.8250 0.8230 0.8230 0.8210 0.8210
13.304000 0.8200 0.8200 0.8200 0.8180 0.8180
13.338063 0.8160 0.8130 0.8110 0.8090 0.8080
13.372000 0.8060 0.8040 0.8010 0.8010 0.7990
13.406063 0.7970 0.7940 0.7870 0.7800 0.7770
13.440000 0.7750 0.7700 0.7650 0.7630 0.7610
13.474063 0.7610 0.7600 0.7580 0.7580 0.7580
13.508000 0.7560 0.7560 0.7560 0.7560 0.7560
13.542063 0.7580 0.7610 0.7630 0.7680 0.7720
13.576000 0.7770 0.7820 0.7850 0.7870 0.7910
13.610063 0.7940 0.7970 0.7990 0.8010 0.8030
13.644000 0.8040 0.8060 0.8080 0.8090 0.8110
13.678063 0.8130 0.8160 0.8180 0.8180 0.8200
13.712000 0.8200 0.8230 0.8230 0.8250 0.8250
13.746063 0.8270 0.8270 0.8280 0.8280 0.8300
13.780000 0.8300 0.8320 0.8320 0.8320 0.8330
13.814063 0.8320 0.8320 0.8320 0.8330 0.8330
13.848000 0.8330 0.8350 0.8350 0.8350 0.8370
13.882063 0.8370 0.8370 0.8370 0.8370 0.8370
13.916000 0.8370 0.8370 0.8370 0.8370 0.8370
13.950063 0.8370 0.8370 0.8370 0.8370 0.8370
13.984000 0.8370 0.8390 0.8390 0.8390 0.8390
14.018063 0.8390 0.8390 0.8390 0.8390 0.8390
14.053000 0.8390 0.8390 0.8390 0.8390 0.8390
14.087063 0.8390 0.8390 0.8390 0.8390 0.8390
14.121000 0.8390 0.8390 0.8390 0.8390 0.8390
14.155063 0.8390 0.8370 0.8350 0.8350 0.8320
14.189000 0.8320 0.8300 0.8280 0.8280 0.8300
14.223063 0.8300 0.8300 0.8300 0.8300 0.8300
14.257000 0.8300 0.8300 0.8300 0.8300 0.8300
14.291063 0.8280 0.8280 0.8280 0.8270 0.8270
14.325000 0.8270 0.8250 0.8250 0.8230 0.8200
14.359063 0.8180 0.8180 0.8180 0.8150 0.8150
14.393000 0.8150 0.8150 0.8160 0.8160 0.8160
14.427063 0.8160 0.8150 0.8090 0.8080 0.8080
14.461000 0.8060 0.8060 0.8060 0.8060 0.8040
14.495063 0.8040 0.8040 0.8030 0.8010 0.8010
14.529000 0.7990 0.7990 0.7970 0.7970 0.7960
14.563063 0.7960 0.7940 0.7940 0.7920 0.7910
14.597000 0.7910 0.7890 0.7890 0.7870 0.7850
14.631063 0.7840 0.7820 0.7820 0.7820 0.7820
14.665000 0.7800 0.7800 0.7790 0.7750 0.7720
14.699063 0.7700 0.7680 0.7650 0.7630 0.7610
14.733000 0.7600 0.7580 0.7580 0.7580 0.7560
14.767063 0.7550 0.7530 0.7510 0.7500 0.7500
14.802000 0.7410 0.7410 0.7380 0.7340 0.7320
14.836063 0.7290 0.7270 0.7270 0.7240 0.7220
14.870000 0.7190 0.7170 0.7140 0.7080 0.7080
14.904063 0.7020 0.7000 0.6980 0.6910 0.6880
14.938000 0.6840 0.6830 0.6810 0.6780 0.6740
14.972063 0.6690 0.6670 0.6660 0.6640 0.6640
15.006000 0.6620 0.6620 0.6620 0.6640 0.6640
15.040063 0.6640 0.6640 0.6640 0.6640 0.6640
15.074000 0.6640 0.6660 0.6660 0.6660 0.6660
15.108063 0.6640 0.6620 0.6620 0.6620 0.6620
15.142000 0.6620 0.6620 0.6620 0.6600 0.6600
15.176063 0.6600 0.6600 0.6600 0.6600 0.6600
15.210000 0.6600 0.6590 0.6600 0.6590 0.6590
15.244063 0.6590 0.6590 0.6590 0.6590 0.6570
15.278000 0.6570 0.6550 0.6550 0.6550 0.6550
15.312063 0.6540 0.6520 0.6520 0.6520 0.6520
15.346000 0.6520 0.6500 0.6500 0.6500 0.6500
15.380063 0.6480 0.6480 0.6480 0.6480 0.6480
15.414000 0.6470 0.6470 0.6470 0.6470 0.6450
15.448063 0.6450 0.6430 0.6430 0.6420 0.6420
15.482000 0.6420 0.6420 0.6420 0.6400 0.6400
15.516063 0.6400 0.6380 0.6380 0.6380 0.6380
15.551000 0.6380 0.6360 0.6360 0.6360 0.6360
15.585063 0.6350 0.6350 0.6330 0.6310 0.6310
15.619000 0.6310 0.6300 0.6300 0.6300 0.6300
15.653063 0.6280 0.6280 0.6280 0.6280 0.6280
15.687000 0.6260 0.6260 0.6260 0.6250 0.6250
15.721063 0.6250 0.6250 0.6230 0.6210 0.6190
15.755000 0.6180 0.6180 0.6180 0.6160 0.6160
15.789063 0.6140 0.6130 0.6110 0.6110 0.6110
15.823000 0.6110 0.6110 0.6110 0.6110 0.6090
15.857063 0.6070 0.6070 0.6070 0.6070 0.6070
15.891000 0.6070 0.6070 0.6070 0.6060 0.6060
15.925063 0.6040 0.6010 0.6010 0.6010 0.5990
15.959000 0.5990 0.5990 0.5970 0.5970 0.5970
15.993063 0.5990 0.5970 0.5970 0.5970 0.5970
##END=
