##TITLE=Purine, 2-amino-
##JCAMP-DX=4.24
##DATA TYPE=INFRARED SPECTRUM
##CLASS=COBLENTZ III
##ORIGIN=SOUTHERN RESEARCH INSTITUTE
##OWNER=Copyright (C) 1987 by the Coblentz Society
Collection (C) 2018 copyright by the U.S. Secretary of Commerce
on behalf of the United States of America. All rights reserved.
##DATE=1956/08/23
##NAMES=7H-purin-2-ylamine
7H-purin-2-amine
##CAS REGISTRY NO=452-06-2
##MOLFORM=C5 H5 N5
##SOURCE REFERENCE=COBLENTZ NO. 6895
##$NIST SOURCE=COBLENTZ
##$NIST IMAGE=cob6895
##SPECTROMETER/DATA SYSTEM=PERKIN-ELMER 21 (GRATING)
##INSTRUMENT PARAMETERS=FILTER CHANGE ABOUT 1070 CM^-^1
##STATE=SOLID (0.9 mg / 650 mg KBr DISC)
##RESOLUTION=2
##DATA PROCESSING=(ADJUSTED \addcm-1\8-5-0\)
##XUNITS=1/CM
##YUNITS=TRANSMITTANCE
##XFACTOR=1.0
##YFACTOR=1
##DELTAX=1.003731
##FIRSTX=617.763
##LASTX=3909
##FIRSTY=0.5608
##MAXX=3909
##MINX=617.763
##MAXY=0.918612
##MINY=0.0686
##NPOINTS=3280
##XYDATA=(X++(Y..Y))
617.762500 0.5608 0.5689 0.5807 0.5921 0.6009
622.781155 0.6123 0.6242 0.6361 0.6480 0.6599
627.799809 0.6678 0.6718 0.6755 0.6779 0.6786
632.818464 0.6790 0.6794 0.6796 0.6795 0.6782
637.837119 0.6764 0.6743 0.6712 0.6672 0.6628
642.855774 0.6576 0.6522 0.6468 0.6402 0.6332
647.874428 0.6258 0.6165 0.6065 0.5986 0.5916
652.893083 0.5846 0.5792 0.5753 0.5718 0.5682
657.911738 0.5661 0.5649 0.5639 0.5628 0.5618
662.930393 0.5607 0.5597 0.5586 0.5577 0.5568
667.949047 0.5560 0.5553 0.5545 0.5537 0.5529
672.967702 0.5521 0.5513 0.5505 0.5497 0.5489
677.986357 0.5481 0.5474 0.5468 0.5461 0.5455
683.005011 0.5449 0.5442 0.5436 0.5430 0.5424
688.023666 0.5418 0.5413 0.5409 0.5404 0.5399
693.042321 0.5392 0.5385 0.5364 0.5344 0.5370
698.060976 0.5368 0.5366 0.5364 0.5362 0.5362
703.079630 0.5364 0.5367 0.5374 0.5383 0.5395
708.098285 0.5413 0.5438 0.5465 0.5500 0.5535
713.116940 0.5569 0.5603 0.5629 0.5653 0.5675
718.135595 0.5681 0.5683 0.5685 0.5696 0.5756
723.154249 0.5653 0.5618 0.5558 0.5498 0.5441
728.172904 0.5386 0.5334 0.5288 0.5241 0.5195
733.191559 0.5157 0.5150 0.5134 0.5153 0.5197
738.210213 0.5299 0.5387 0.5458 0.5525 0.5581
743.228868 0.5630 0.5679 0.5711 0.5736 0.5761
748.247523 0.5785 0.5799 0.5807 0.5814 0.5822
753.266178 0.5825 0.5826 0.5825 0.5825 0.5824
758.284832 0.5872 0.5834 0.5818 0.5816 0.5810
763.303487 0.5802 0.5793 0.5784 0.5774 0.5755
768.322142 0.5731 0.5705 0.5676 0.5647 0.5618
773.340796 0.5584 0.5541 0.5496 0.5406 0.5197
778.359451 0.4931 0.4666 0.4401 0.4135 0.3870
783.378106 0.3605 0.3417 0.3356 0.3348 0.3342
788.396761 0.3337 0.3329 0.3316 0.3289 0.3230
793.415415 0.3157 0.3114 0.3102 0.3102 0.3103
798.434070 0.3291 0.3865 0.4642 0.5363 0.5758
803.452725 0.5794 0.5830 0.5865 0.5903 0.5941
808.471380 0.5981 0.6022 0.6073 0.6131 0.6179
813.490034 0.6256 0.6381 0.6446 0.6462 0.6473
818.508689 0.6491 0.6515 0.6499 0.6497 0.6495
823.527344 0.6491 0.6480 0.6469 0.6446 0.6374
828.545998 0.6278 0.6161 0.5938 0.5781 0.5649
833.564653 0.5539 0.5481 0.5433 0.5389 0.5368
838.583308 0.5354 0.5344 0.5338 0.5356 0.5366
843.601963 0.5384 0.5407 0.5431 0.5454 0.5486
848.620617 0.5534 0.5582 0.5620 0.5652 0.5673
853.639272 0.5687 0.5693 0.5699 0.5706 0.5714
858.657927 0.5723 0.5737 0.5753 0.5770 0.5804
863.676582 0.5843 0.5878 0.5911 0.5946 0.5991
868.695236 0.6031 0.6069 0.6114 0.6166 0.6228
873.713891 0.6298 0.6369 0.6436 0.6501 0.6565
878.732546 0.6641 0.6728 0.6818 0.6902 0.6980
883.751200 0.7056 0.7122 0.7181 0.7238 0.7295
888.769855 0.7350 0.7405 0.7460 0.7509 0.7551
893.788510 0.7591 0.7627 0.7655 0.7678 0.7700
898.807165 0.7722 0.7723 0.7716 0.7713 0.7706
903.825819 0.7693 0.7673 0.7649 0.7622 0.7591
908.844474 0.7558 0.7524 0.7489 0.7451 0.7410
913.863129 0.7365 0.7315 0.7255 0.7184 0.7097
918.881784 0.7016 0.6857 0.6503 0.6046 0.5589
923.900438 0.5132 0.4675 0.4218 0.3708 0.3303
928.919093 0.3323 0.3426 0.3771 0.4132 0.4493
933.937748 0.4854 0.5216 0.5908 0.7182 0.7301
938.956402 0.7384 0.7462 0.7529 0.7591 0.7634
943.975057 0.7665 0.7695 0.7716 0.7708 0.7716
948.993712 0.7720 0.7714 0.7704 0.7659 0.7557
954.012367 0.7403 0.7247 0.7092 0.6938 0.6782
959.031021 0.6627 0.6472 0.6317 0.6283 0.6267
964.049676 0.6261 0.6264 0.6297 0.6542 0.6787
969.068331 0.7033 0.7279 0.7495 0.7570 0.7800
974.086986 0.7900 0.7977 0.8093 0.8145 0.8185
979.105640 0.8211 0.8228 0.8249 0.8249 0.8251
984.124295 0.8252 0.8251 0.8249 0.8247 0.8242
989.142950 0.8237 0.8231 0.8226 0.8220 0.8214
994.161604 0.8208 0.8203 0.8197 0.8190 0.8184
999.180259 0.8177 0.8171 0.8164 0.8157 0.8150
1004.198914 0.8143 0.8135 0.8127 0.8121 0.8113
1009.217569 0.8106 0.8099 0.8092 0.8085 0.8078
1014.236223 0.8071 0.8065 0.8060 0.8055 0.8050
1019.254878 0.8045 0.8040 0.8034 0.8029 0.8024
1024.273533 0.8020 0.8015 0.8011 0.8006 0.8001
1029.292187 0.7997 0.7992 0.7987 0.7983 0.7978
1034.310842 0.7974 0.7969 0.7966 0.7962 0.7959
1039.329497 0.7956 0.7953 0.7950 0.7947 0.7944
1044.348152 0.7940 0.7937 0.7934 0.7933 0.7931
1049.366806 0.7930 0.7928 0.7927 0.7926 0.7925
1054.385461 0.7923 0.7920 0.7910 0.7897 0.7884
1059.404116 0.7871 0.7853 0.7836 0.7825 0.7821
1064.422771 0.7819 0.7824 0.7881 0.8090 0.8298
1069.441425 0.8467 0.8470 0.8410 0.7762 0.7745
1074.460080 0.7738 0.7730 0.7721 0.7711 0.7703
1079.478735 0.7695 0.7686 0.7678 0.7670 0.7662
1084.497389 0.7653 0.7642 0.7631 0.7621 0.7608
1089.516044 0.7595 0.7581 0.7567 0.7543 0.7518
1094.534699 0.7493 0.7452 0.7398 0.7314 0.7226
1099.553354 0.7141 0.7048 0.6941 0.6835 0.6732
1104.572008 0.6602 0.6452 0.6368 0.6301 0.6235
1109.590663 0.6171 0.6111 0.6052 0.5992 0.5936
1114.609318 0.5889 0.5847 0.5806 0.5767 0.5730
1119.627973 0.5714 0.5745 0.5742 0.5753 0.5788
1124.646627 0.5835 0.6011 0.6286 0.6576 0.6866
1129.665282 0.7118 0.7278 0.7371 0.7438 0.7482
1134.683937 0.7505 0.7522 0.7539 0.7549 0.7551
1139.702591 0.7551 0.7552 0.7553 0.7553 0.7553
1144.721246 0.7558 0.7559 0.7549 0.7546 0.7542
1149.739901 0.7538 0.7529 0.7512 0.7495 0.7476
1154.758556 0.7452 0.7428 0.7402 0.7373 0.7343
1159.777210 0.7312 0.7149 0.6952 0.7179 0.7132
1164.795865 0.7089 0.7038 0.6974 0.6964 0.7019
1169.814520 0.7100 0.7138 0.7165 0.7175 0.7175
1174.833175 0.7177 0.7179 0.7178 0.7167 0.7178
1179.851829 0.7174 0.7169 0.7163 0.7151 0.7138
1184.870484 0.7124 0.7109 0.7093 0.7073 0.7048
1189.889139 0.7008 0.6955 0.6900 0.6829 0.6754
1194.907793 0.6705 0.6650 0.6586 0.6477 0.6506
1199.926448 0.6813 0.7163 0.7201 0.7214 0.7220
1204.945103 0.7224 0.7221 0.7225 0.7207 0.7193
1209.963758 0.7177 0.7144 0.7102 0.7039 0.6964
1214.982412 0.6888 0.6811 0.6734 0.6658 0.6581
1220.001067 0.6504 0.6428 0.6351 0.6274 0.6198
1225.019722 0.6121 0.6044 0.5818 0.5664 0.5574
1230.038377 0.5496 0.5397 0.5276 0.5163 0.5086
1235.057031 0.5031 0.4983 0.4938 0.4895 0.4855
1240.075686 0.4816 0.4761 0.3922 0.2981 0.2656
1245.094341 0.2583 0.2523 0.2478 0.2481 0.2534
1250.112995 0.2618 0.2882 0.3299 0.3730 0.4161
1255.131650 0.4592 0.5023 0.5454 0.5783 0.5940
1260.150305 0.6009 0.6048 0.6079 0.6088 0.6065
1265.168960 0.6053 0.6025 0.5982 0.5931 0.5756
1270.187614 0.5320 0.4786 0.4253 0.3719 0.3185
1275.206269 0.2652 0.2151 0.1834 0.1756 0.1671
1280.224924 0.1612 0.1579 0.1574 0.1586 0.1661
1285.243579 0.1921 0.2329 0.2737 0.3144 0.3553
1290.262233 0.3952 0.4251 0.4256 0.4234 0.4020
1295.280888 0.3738 0.3457 0.3175 0.2894 0.2612
1300.299543 0.2357 0.2611 0.4985 0.2903 0.5817
1305.318197 0.5969 0.6130 0.6228 0.6341 0.6489
1310.336852 0.6610 0.6718 0.6810 0.6871 0.6911
1315.355507 0.6951 0.6984 0.7016 0.7044 0.7058
1320.374162 0.7072 0.7057 0.7087 0.7092 0.7092
1325.392816 0.7088 0.7082 0.7075 0.7065 0.7043
1330.411471 0.7011 0.6977 0.6946 0.6916 0.6882
1335.430126 0.6840 0.6807 0.6780 0.6769 0.6764
1340.448780 0.6759 0.6743 0.6701 0.6651 0.6590
1345.467435 0.6530 0.6456 0.6361 0.6228 0.6101
1350.486090 0.5989 0.5891 0.5784 0.5635 0.5467
1355.504745 0.5300 0.5132 0.4965 0.4835 0.4761
1360.523399 0.4721 0.4695 0.4678 0.4671 0.4669
1365.542054 0.4667 0.4667 0.4665 0.4626 0.4557
1370.560709 0.4484 0.4405 0.4325 0.4241 0.4156
1375.579364 0.4050 0.3925 0.3803 0.2851 0.1684
1380.598018 0.1654 0.1637 0.1635 0.1732 0.1968
1385.616673 0.2241 0.2515 0.2711 0.2746 0.2747
1390.635328 0.2686 0.2468 0.2154 0.1840 0.1526
1395.653982 0.1234 0.1030 0.0928 0.0884 0.0872
1400.672637 0.0894 0.1023 0.1426 0.1910 0.2394
1405.691292 0.2895 0.3362 0.3414 0.3451 0.3473
1410.709947 0.3475 0.3463 0.3441 0.3371 0.3041
1415.728601 0.2507 0.1986 0.1599 0.1480 0.1376
1420.747256 0.1307 0.1279 0.1260 0.1259 0.1258
1425.765911 0.1260 0.1269 0.1265 0.1279 0.1297
1430.784566 0.1331 0.1520 0.2139 0.2770 0.3399
1435.803220 0.3918 0.4186 0.4335 0.4385 0.4397
1440.821875 0.4407 0.4402 0.4355 0.4161 0.3949
1445.840530 0.3737 0.3411 0.3238 0.3197 0.3187
1450.859184 0.3168 0.3184 0.3225 0.3269 0.3346
1455.877839 0.3468 0.3601 0.3734 0.3866 0.4000
1460.896494 0.4108 0.4161 0.4182 0.4190 0.4193
1465.915149 0.4190 0.4194 0.4039 0.3895 0.3810
1470.933803 0.3748 0.3699 0.3654 0.3619 0.3598
1475.952458 0.3489 0.3268 0.3014 0.2601 0.2334
1480.971113 0.2298 0.2305 0.2391 0.2745 0.3287
1485.989768 0.3687 0.3852 0.3908 0.3948 0.3948
1491.008422 0.3923 0.3913 0.3785 0.3594 0.3506
1496.027077 0.3351 0.3069 0.2767 0.2476 0.2246
1501.045732 0.2112 0.2045 0.2018 0.2005 0.2001
1506.064386 0.1998 0.2003 0.2018 0.2078 0.2256
1511.083041 0.2500 0.2745 0.2989 0.3233 0.3477
1516.101696 0.4084 0.5401 0.5542 0.5668 0.5781
1521.120351 0.5897 0.6020 0.6142 0.6271 0.6434
1526.139005 0.6529 0.6604 0.6660 0.6700 0.6708
1531.157660 0.6710 0.6710 0.6708 0.6706 0.6704
1536.176315 0.6700 0.6697 0.6704 0.6684 0.6677
1541.194970 0.6665 0.6653 0.6640 0.6616 0.6567
1546.213624 0.6503 0.6372 0.5743 0.5172 0.5073
1551.232279 0.4986 0.4916 0.4857 0.4802 0.4750
1556.250934 0.4699 0.4654 0.4613 0.4567 0.4413
1561.269588 0.4017 0.3586 0.3155 0.2724 0.2292
1566.288243 0.1861 0.1430 0.1210 0.1154 0.1150
1571.306898 0.1199 0.1275 0.1336 0.1392 0.1447
1576.325553 0.1490 0.1523 0.1551 0.1574 0.1599
1581.344207 0.1628 0.1657 0.1693 0.1739 0.1786
1586.362862 0.2088 0.2545 0.3012 0.3478 0.3945
1591.381517 0.4411 0.4878 0.5095 0.5114 0.5115
1596.400171 0.5115 0.5119 0.4916 0.4617 0.4392
1601.418826 0.4167 0.3942 0.3717 0.3492 0.3267
1606.437481 0.3042 0.2816 0.2554 0.2331 0.2132
1611.456136 0.1924 0.1826 0.1752 0.1690 0.1628
1616.474790 0.1568 0.1511 0.1459 0.1420 0.1395
1621.493445 0.1378 0.1365 0.1353 0.1344 0.1336
1626.512100 0.1329 0.1322 0.1315 0.1307 0.1298
1631.530755 0.1287 0.1249 0.1174 0.1068 0.0979
1636.549409 0.0941 0.0928 0.0916 0.0904 0.0892
1641.568064 0.0878 0.0864 0.0849 0.0831 0.0816
1646.586719 0.0811 0.0817 0.0821 0.0833 0.0889
1651.605373 0.1106 0.1412 0.1719 0.2025 0.2331
1656.624028 0.2638 0.2944 0.3251 0.3557 0.3864
1661.642683 0.4269 0.4487 0.4572 0.5029 0.5440
1666.661338 0.5607 0.5713 0.5931 0.6088 0.6187
1671.679992 0.6286 0.6402 0.6534 0.6670 0.6799
1676.698647 0.6922 0.7020 0.7101 0.7179 0.7242
1681.717302 0.7299 0.7355 0.7412 0.7470 0.7525
1686.735957 0.7577 0.7621 0.7646 0.7666 0.7686
1691.754611 0.7705 0.7724 0.7743 0.7761 0.7778
1696.773266 0.7795 0.7811 0.7827 0.7844 0.7860
1701.791921 0.7876 0.7891 0.7906 0.7921 0.7936
1706.810575 0.7950 0.7963 0.7977 0.7992 0.8005
1711.829230 0.8019 0.8033 0.8048 0.8058 0.8064
1716.847885 0.8070 0.8076 0.8082 0.8088 0.8094
1721.866540 0.8100 0.8106 0.8113 0.8120 0.8127
1726.885194 0.8133 0.8139 0.8145 0.8151 0.8157
1731.903849 0.8163 0.8169 0.8175 0.8180 0.8186
1736.922504 0.8197 0.8208 0.8220 0.8231 0.8243
1741.941159 0.8254 0.8266 0.8277 0.8289 0.8301
1746.959813 0.8311 0.8317 0.8324 0.8330 0.8337
1751.978468 0.8343 0.8350 0.8351 0.8353 0.8356
1756.997123 0.8359 0.8361 0.8359 0.8357 0.8356
1762.015777 0.8349 0.8338 0.8331 0.8332 0.8334
1767.034432 0.8336 0.8338 0.8339 0.8341 0.8342
1772.053087 0.8344 0.8346 0.8348 0.8350 0.8352
1777.071742 0.8355 0.8364 0.8376 0.8422 0.8483
1782.090396 0.8526 0.8548 0.8571 0.8587 0.8603
1787.109051 0.8619 0.8636 0.8650 0.8662 0.8675
1792.127706 0.8688 0.8699 0.8705 0.8710 0.8715
1797.146361 0.8720 0.8725 0.8728 0.8731 0.8734
1802.165015 0.8738 0.8741 0.8745 0.8753 0.8761
1807.183670 0.8771 0.8782 0.8794 0.8805 0.8818
1812.202325 0.8834 0.8844 0.8847 0.8851 0.8854
1817.220979 0.8856 0.8857 0.8857 0.8857 0.8858
1822.239634 0.8857 0.8857 0.8857 0.8856 0.8856
1827.258289 0.8855 0.8855 0.8854 0.8853 0.8852
1832.276944 0.8851 0.8851 0.8850 0.8849 0.8848
1837.295598 0.8847 0.8846 0.8844 0.8842 0.8840
1842.314253 0.8838 0.8836 0.8834 0.8832 0.8830
1847.332908 0.8828 0.8826 0.8823 0.8821 0.8820
1852.351563 0.8818 0.8816 0.8815 0.8813 0.8811
1857.370217 0.8809 0.8808 0.8806 0.8804 0.8803
1862.388872 0.8802 0.8801 0.8802 0.8803 0.8803
1867.407527 0.8804 0.8805 0.8807 0.8811 0.8815
1872.426181 0.8820 0.8825 0.8833 0.8842 0.8851
1877.444836 0.8860 0.8869 0.8878 0.8887 0.8899
1882.463491 0.8914 0.8929 0.8945 0.8961 0.8980
1887.482146 0.9001 0.9022 0.9043 0.9064 0.9085
1892.500800 0.9107 0.9126 0.9139 0.9144 0.9145
1897.519455 0.9145 0.9145 0.9145 0.9144 0.9142
1902.538110 0.9138 0.9135 0.9131 0.9127 0.9124
1907.556764 0.9120 0.9116 0.9112 0.9109 0.9105
1912.575419 0.9101 0.9097 0.9093 0.9089 0.9086
1917.594074 0.9083 0.9079 0.9076 0.9073 0.9070
1922.612729 0.9067 0.9064 0.9061 0.9058 0.9055
1927.631383 0.9054 0.9054 0.9055 0.9057 0.9059
1932.650038 0.9061 0.9063 0.9067 0.9072 0.9078
1937.668693 0.9084 0.9090 0.9096 0.9103 0.9110
1942.687348 0.9116 0.9123 0.9128 0.9129 0.9129
1947.706002 0.9129 0.9129 0.9129 0.9128 0.9127
1952.724657 0.9127 0.9128 0.9130 0.9131 0.9132
1957.743312 0.9133 0.9135 0.9137 0.9141 0.9145
1962.761966 0.9149 0.9152 0.9158 0.9163 0.9168
1967.780621 0.9171 0.9186 0.9173 0.9167 0.9165
1972.799276 0.9163 0.9161 0.9159 0.9156 0.9153
1977.817931 0.9150 0.9147 0.9144 0.9141 0.9136
1982.836585 0.9131 0.9126 0.9122 0.9117 0.9112
1987.855240 0.9107 0.9100 0.9094 0.9087 0.9081
1992.873895 0.9077 0.9075 0.9072 0.9069 0.9067
1997.892550 0.9064 0.9062 0.9059 0.9056 0.9054
2002.911204 0.9051 0.9049 0.9047 0.9045 0.9043
2007.929859 0.9041 0.9039 0.9037 0.9035 0.9033
2012.948514 0.9031 0.9030 0.9029 0.9028 0.9026
2017.967168 0.9025 0.9024 0.9023 0.9022 0.9021
2022.985823 0.9020 0.9019 0.9018 0.9017 0.9015
2028.004478 0.9014 0.9013 0.9012 0.9011 0.9010
2033.023133 0.9009 0.9008 0.9006 0.9005 0.9004
2038.041787 0.9003 0.9002 0.9002 0.9001 0.9001
2043.060442 0.9000 0.9000 0.8999 0.8998 0.8998
2048.079097 0.8997 0.8997 0.8997 0.8997 0.8996
2053.097752 0.8996 0.8996 0.8995 0.8993 0.8988
2058.116406 0.8982 0.8977 0.8971 0.8965 0.8960
2063.135061 0.8954 0.8948 0.8942 0.8936 0.8930
2068.153716 0.8923 0.8917 0.8911 0.8907 0.8903
2073.172370 0.8899 0.8896 0.8893 0.8889 0.8886
2078.191025 0.8884 0.8883 0.8882 0.8880 0.8879
2083.209680 0.8878 0.8876 0.8875 0.8873 0.8871
2088.228335 0.8869 0.8867 0.8865 0.8863 0.8861
2093.246989 0.8860 0.8858 0.8856 0.8854 0.8852
2098.265644 0.8850 0.8848 0.8844 0.8839 0.8834
2103.284299 0.8829 0.8823 0.8818 0.8813 0.8808
2108.302954 0.8802 0.8797 0.8792 0.8787 0.8782
2113.321608 0.8777 0.8772 0.8767 0.8761 0.8757
2118.340263 0.8753 0.8749 0.8745 0.8742 0.8738
2123.358918 0.8734 0.8731 0.8727 0.8723 0.8720
2128.377572 0.8715 0.8711 0.8708 0.8704 0.8701
2133.396227 0.8698 0.8694 0.8691 0.8687 0.8684
2138.414882 0.8681 0.8677 0.8674 0.8670 0.8667
2143.433537 0.8664 0.8660 0.8657 0.8654 0.8650
2148.452191 0.8647 0.8643 0.8639 0.8635 0.8630
2153.470846 0.8626 0.8622 0.8618 0.8614 0.8609
2158.489501 0.8605 0.8601 0.8597 0.8592 0.8588
2163.508155 0.8584 0.8580 0.8576 0.8571 0.8567
2168.526810 0.8563 0.8559 0.8555 0.8550 0.8546
2173.545465 0.8543 0.8541 0.8539 0.8537 0.8535
2178.564120 0.8533 0.8531 0.8529 0.8527 0.8525
2183.582774 0.8523 0.8521 0.8514 0.8504 0.8495
2188.601429 0.8485 0.8471 0.8453 0.8434 0.8416
2193.620084 0.8397 0.8379 0.8357 0.8332 0.8307
2198.638739 0.8282 0.8256 0.8245 0.8241 0.8238
2203.657393 0.8234 0.8231 0.8228 0.8224 0.8221
2208.676048 0.8220 0.8220 0.8221 0.8221 0.8221
2213.694703 0.8221 0.8221 0.8222 0.8221 0.8221
2218.713357 0.8220 0.8220 0.8220 0.8219 0.8219
2223.732012 0.8219 0.8220 0.8220 0.8220 0.8220
2228.750667 0.8220 0.8221 0.8221 0.8221 0.8221
2233.769322 0.8222 0.8223 0.8224 0.8225 0.8226
2238.787976 0.8230 0.8236 0.8242 0.8248 0.8254
2243.806631 0.8253 0.8251 0.8248 0.8245 0.8241
2248.825286 0.8236 0.8230 0.8224 0.8219 0.8214
2253.843941 0.8208 0.8203 0.8198 0.8194 0.8190
2258.862595 0.8186 0.8183 0.8180 0.8178 0.8176
2263.881250 0.8174 0.8172 0.8170 0.8168 0.8166
2268.899905 0.8164 0.8163 0.8161 0.8160 0.8159
2273.918559 0.8158 0.8153 0.8144 0.8133 0.8123
2278.937214 0.8113 0.8102 0.8093 0.8083 0.8074
2283.955869 0.8065 0.8055 0.8046 0.8038 0.8029
2288.974524 0.8021 0.8012 0.8004 0.7995 0.7987
2293.993178 0.7979 0.7970 0.7962 0.7953 0.7945
2299.011833 0.7936 0.7928 0.7920 0.7913 0.7906
2304.030488 0.7899 0.7892 0.7884 0.7877 0.7870
2309.049143 0.7863 0.7856 0.7849 0.7842 0.7834
2314.067797 0.7827 0.7820 0.7812 0.7805 0.7798
2319.086452 0.7792 0.7787 0.7784 0.7781 0.7779
2324.105107 0.7776 0.7773 0.7770 0.7767 0.7764
2329.123761 0.7761 0.7758 0.7757 0.7757 0.7755
2334.142416 0.7748 0.7741 0.7734 0.7727 0.7721
2339.161071 0.7714 0.7708 0.7702 0.7697 0.7691
2344.179726 0.7689 0.7690 0.7690 0.7688 0.7686
2349.198380 0.7684 0.7682 0.7679 0.7677 0.7675
2354.217035 0.7673 0.7671 0.7669 0.7667 0.7665
2359.235690 0.7663 0.7661 0.7659 0.7656 0.7653
2364.254345 0.7651 0.7649 0.7647 0.7645 0.7642
2369.272999 0.7640 0.7638 0.7636 0.7634 0.7632
2374.291654 0.7630 0.7628 0.7626 0.7623 0.7614
2379.310309 0.7600 0.7582 0.7562 0.7542 0.7521
2384.328963 0.7502 0.7484 0.7468 0.7453 0.7437
2389.347618 0.7421 0.7405 0.7389 0.7373 0.7357
2394.366273 0.7341 0.7325 0.7310 0.7293 0.7277
2399.384928 0.7260 0.7244 0.7227 0.7210 0.7193
2404.403582 0.7176 0.7158 0.7141 0.7124 0.7107
2409.422237 0.7090 0.7073 0.7057 0.7043 0.7031
2414.440892 0.7019 0.7007 0.6995 0.6984 0.6972
2419.459546 0.6959 0.6951 0.6945 0.6940 0.6934
2424.478201 0.6929 0.6923 0.6918 0.6913 0.6909
2429.496856 0.6905 0.6902 0.6898 0.6894 0.6890
2434.515511 0.6884 0.6877 0.6870 0.6863 0.6856
2439.534165 0.6850 0.6843 0.6835 0.6825 0.6814
2444.552820 0.6802 0.6791 0.6780 0.6769 0.6758
2449.571475 0.6747 0.6736 0.6724 0.6712 0.6700
2454.590130 0.6687 0.6675 0.6663 0.6650 0.6625
2459.608784 0.6586 0.6541 0.6488 0.6450 0.6428
2464.627439 0.6411 0.6397 0.6384 0.6370 0.6357
2469.646094 0.6344 0.6332 0.6324 0.6316 0.6308
2474.664748 0.6300 0.6291 0.6283 0.6275 0.6266
2479.683403 0.6258 0.6249 0.6240 0.6231 0.6211
2484.702058 0.6185 0.6159 0.6125 0.6090 0.6065
2489.720713 0.6044 0.6029 0.6018 0.6009 0.6001
2494.739367 0.5989 0.5971 0.5950 0.5928 0.5907
2499.758022 0.5886 0.5865 0.5844 0.5819 0.5791
2504.776677 0.5764 0.5737 0.5709 0.5683 0.5659
2509.795332 0.5635 0.5611 0.5587 0.5563 0.5542
2514.813986 0.5524 0.5519 0.5517 0.5515 0.5513
2519.832641 0.5511 0.5508 0.5505 0.5502 0.5492
2524.851296 0.5480 0.5468 0.5455 0.5443 0.5430
2529.869950 0.5415 0.5401 0.5386 0.5372 0.5359
2534.888605 0.5346 0.5333 0.5320 0.5308 0.5296
2539.907260 0.5284 0.5273 0.5261 0.5250 0.5238
2544.925915 0.5226 0.5215 0.5203 0.5191 0.5180
2549.944569 0.5168 0.5156 0.5142 0.5129 0.5116
2554.963224 0.5102 0.5089 0.5076 0.5063 0.5050
2559.981879 0.5036 0.5023 0.5009 0.4991 0.4973
2565.000534 0.4956 0.4938 0.4920 0.4902 0.4874
2570.019188 0.4841 0.4809 0.4777 0.4744 0.4715
2575.037843 0.4687 0.4659 0.4631 0.4603 0.4577
2580.056498 0.4551 0.4524 0.4499 0.4473 0.4447
2585.075152 0.4421 0.4395 0.4369 0.4346 0.4325
2590.093807 0.4304 0.4283 0.4265 0.4250 0.4235
2595.112462 0.4220 0.4206 0.4191 0.4176 0.4162
2600.131117 0.4147 0.4132 0.4121 0.4111 0.4100
2605.149771 0.4089 0.4079 0.4070 0.4062 0.4054
2610.168426 0.4047 0.4040 0.4033 0.4026 0.4018
2615.187081 0.4011 0.4004 0.3996 0.3989 0.3982
2620.205736 0.3975 0.3968 0.3960 0.3952 0.3946
2625.224390 0.3941 0.3936 0.3931 0.3926 0.3922
2630.243045 0.3917 0.3912 0.3907 0.3902 0.3897
2635.261700 0.3894 0.3892 0.3889 0.3887 0.3884
2640.280354 0.3881 0.3879 0.3877 0.3876 0.3876
2645.299009 0.3875 0.3874 0.3873 0.3873 0.3872
2650.317664 0.3871 0.3870 0.3870 0.3868 0.3866
2655.336319 0.3863 0.3861 0.3858 0.3854 0.3844
2660.354973 0.3831 0.3817 0.3802 0.3783 0.3763
2665.373628 0.3743 0.3725 0.3711 0.3698 0.3685
2670.392283 0.3671 0.3657 0.3644 0.3631 0.3617
2675.410937 0.3604 0.3590 0.3577 0.3563 0.3549
2680.429592 0.3536 0.3522 0.3509 0.3495 0.3482
2685.448247 0.3468 0.3455 0.3441 0.3428 0.3414
2690.466902 0.3401 0.3387 0.3373 0.3360 0.3346
2695.485556 0.3333 0.3319 0.3305 0.3292 0.3278
2700.504211 0.3264 0.3250 0.3237 0.3223 0.3210
2705.522866 0.3198 0.3186 0.3173 0.3161 0.3148
2710.541521 0.3136 0.3123 0.3111 0.3098 0.3086
2715.560175 0.3074 0.3062 0.3051 0.3040 0.3029
2720.578830 0.3018 0.3007 0.2996 0.2985 0.2973
2725.597485 0.2963 0.2952 0.2941 0.2930 0.2919
2730.616139 0.2908 0.2897 0.2886 0.2875 0.2864
2735.634794 0.2854 0.2843 0.2832 0.2821 0.2811
2740.653449 0.2800 0.2789 0.2778 0.2768 0.2757
2745.672104 0.2746 0.2736 0.2726 0.2716 0.2707
2750.690758 0.2698 0.2688 0.2679 0.2670 0.2660
2755.709413 0.2651 0.2644 0.2641 0.2639 0.2638
2760.728068 0.2636 0.2635 0.2633 0.2629 0.2623
2765.746723 0.2618 0.2612 0.2604 0.2594 0.2584
2770.765377 0.2574 0.2564 0.2553 0.2543 0.2533
2775.784032 0.2523 0.2517 0.2511 0.2506 0.2501
2780.802687 0.2498 0.2498 0.2500 0.2521 0.2517
2785.821341 0.2524 0.2542 0.2567 0.2603 0.2642
2790.839996 0.2676 0.2709 0.2743 0.2768 0.2791
2795.858651 0.2815 0.2841 0.2866 0.2886 0.2906
2800.877306 0.2927 0.2949 0.2975 0.3000 0.3025
2805.895960 0.3050 0.3073 0.3086 0.3098 0.3106
2810.914615 0.3115 0.3124 0.3132 0.3141 0.3149
2815.933270 0.3156 0.3162 0.3170 0.3178 0.3186
2820.951925 0.3191 0.3194 0.3197 0.3200 0.3203
2825.970579 0.3205 0.3216 0.3205 0.3205 0.3205
2830.989234 0.3204 0.3202 0.3200 0.3198 0.3196
2836.007889 0.3195 0.3193 0.3190 0.3187 0.3184
2841.026543 0.3181 0.3178 0.3175 0.3172 0.3169
2846.045198 0.3163 0.3157 0.3150 0.3144 0.3138
2851.063853 0.3132 0.3124 0.3110 0.3096 0.3082
2856.082508 0.3068 0.3054 0.3045 0.3044 0.3042
2861.101162 0.3041 0.3039 0.3041 0.3043 0.3046
2866.119817 0.3048 0.3050 0.3051 0.3049 0.3048
2871.138472 0.3046 0.3045 0.3044 0.3042 0.3040
2876.157127 0.3037 0.3034 0.3031 0.3028 0.3024
2881.175781 0.3021 0.3016 0.3011 0.3006 0.3001
2886.194436 0.2996 0.2991 0.2985 0.2977 0.2970
2891.213091 0.2962 0.2954 0.2946 0.2938 0.2930
2896.231745 0.2922 0.2914 0.2905 0.2897 0.2888
2901.250400 0.2881 0.2878 0.2878 0.2880 0.2883
2906.269055 0.2886 0.2889 0.2890 0.2892 0.2893
2911.287710 0.2894 0.2895 0.2897 0.2898 0.2898
2916.306364 0.2897 0.2896 0.2895 0.2894 0.2889
2921.325019 0.2876 0.2850 0.2806 0.2778 0.2759
2926.343674 0.2748 0.2741 0.2736 0.2731 0.2725
2931.362329 0.2717 0.2705 0.2691 0.2674 0.2656
2936.380983 0.2636 0.2615 0.2594 0.2573 0.2552
2941.399638 0.2528 0.2501 0.2472 0.2444 0.2415
2946.418293 0.2387 0.2358 0.2325 0.2284 0.2244
2951.436947 0.2204 0.2162 0.2115 0.2066 0.2016
2956.455602 0.1968 0.1924 0.1883 0.1841 0.1805
2961.474257 0.1780 0.1759 0.1738 0.1718 0.1697
2966.492912 0.1676 0.1657 0.1642 0.1632 0.1622
2971.511566 0.1611 0.1601 0.1591 0.1581 0.1571
2976.530221 0.1562 0.1555 0.1550 0.1545 0.1540
2981.548876 0.1535 0.1531 0.1526 0.1521 0.1516
2986.567530 0.1511 0.1507 0.1504 0.1504 0.1503
2991.586185 0.1503 0.1502 0.1501 0.1501 0.1500
2996.604840 0.1500 0.1501 0.1501 0.1502 0.1502
3001.623495 0.1503 0.1503 0.1504 0.1504 0.1505
3006.642149 0.1505 0.1506 0.1505 0.1505 0.1505
3011.660804 0.1504 0.1504 0.1503 0.1503 0.1503
3016.679459 0.1523 0.1512 0.1501 0.1501 0.1500
3021.698114 0.1498 0.1495 0.1492 0.1489 0.1487
3026.716768 0.1484 0.1481 0.1476 0.1469 0.1463
3031.735423 0.1456 0.1450 0.1441 0.1432 0.1422
3036.754078 0.1412 0.1403 0.1393 0.1383 0.1373
3041.772732 0.1361 0.1349 0.1336 0.1324 0.1312
3046.791387 0.1300 0.1287 0.1275 0.1263 0.1251
3051.810042 0.1239 0.1227 0.1215 0.1203 0.1191
3056.828697 0.1180 0.1168 0.1156 0.1144 0.1135
3061.847351 0.1129 0.1122 0.1116 0.1110 0.1103
3066.866006 0.1097 0.1091 0.1087 0.1088 0.1089
3071.884661 0.1075 0.1089 0.1096 0.1104 0.1112
3076.903316 0.1120 0.1128 0.1136 0.1145 0.1153
3081.921970 0.1162 0.1169 0.1171 0.1185 0.1178
3086.940625 0.1179 0.1179 0.1178 0.1177 0.1172
3091.959280 0.1166 0.1161 0.1155 0.1150 0.1142
3096.977934 0.1134 0.1125 0.1117 0.1108 0.1097
3101.996589 0.1085 0.1074 0.1061 0.1043 0.1025
3107.015244 0.1007 0.0989 0.0971 0.0951 0.0930
3112.033899 0.0909 0.0888 0.0867 0.0846 0.0826
3117.052553 0.0808 0.0790 0.0772 0.0754 0.0736
3122.071208 0.0723 0.0715 0.0707 0.0700 0.0693
3127.089863 0.0688 0.0688 0.0687 0.0688 0.0695
3132.108518 0.0686 0.0686 0.0690 0.0694 0.0698
3137.127172 0.0702 0.0706 0.0710 0.0718 0.0733
3142.145827 0.0748 0.0763 0.0779 0.0800 0.0823
3147.164482 0.0848 0.0876 0.0909 0.0946 0.0976
3152.183136 0.1000 0.1024 0.1049 0.1078 0.1107
3157.201791 0.1137 0.1166 0.1197 0.1233 0.1269
3162.220446 0.1306 0.1345 0.1384 0.1422 0.1460
3167.239101 0.1495 0.1530 0.1566 0.1601 0.1636
3172.257755 0.1674 0.1712 0.1750 0.1788 0.1825
3177.276410 0.1859 0.1892 0.1926 0.1959 0.1993
3182.295065 0.2028 0.2064 0.2103 0.2142 0.2176
3187.313720 0.2201 0.2224 0.2247 0.2270 0.2294
3192.332374 0.2317 0.2340 0.2368 0.2405 0.2438
3197.351029 0.2460 0.2478 0.2497 0.2516 0.2533
3202.369684 0.2548 0.2563 0.2577 0.2591 0.2605
3207.388338 0.2617 0.2624 0.2628 0.2639 0.2647
3212.406993 0.2638 0.2636 0.2635 0.2633 0.2631
3217.425648 0.2629 0.2624 0.2617 0.2610 0.2604
3222.444303 0.2597 0.2590 0.2582 0.2573 0.2565
3227.462957 0.2557 0.2548 0.2537 0.2523 0.2507
3232.481612 0.2492 0.2476 0.2461 0.2446 0.2431
3237.500267 0.2415 0.2401 0.2386 0.2370 0.2353
3242.518921 0.2335 0.2318 0.2296 0.2271 0.2245
3247.537576 0.2217 0.2193 0.2172 0.2153 0.2134
3252.556231 0.2117 0.2104 0.2093 0.2081 0.2070
3257.574886 0.2059 0.2049 0.2039 0.2030 0.2020
3262.593540 0.2010 0.2005 0.2003 0.2000 0.1998
3267.612195 0.1996 0.1994 0.1991 0.1989 0.1987
3272.630850 0.1983 0.1979 0.1976 0.1972 0.1968
3277.649505 0.1961 0.1951 0.1940 0.1933 0.1929
3282.668159 0.1913 0.1917 0.1922 0.1924 0.1927
3287.686814 0.1930 0.1933 0.1938 0.1946 0.1954
3292.705469 0.1962 0.1971 0.1979 0.1988 0.1997
3297.724123 0.2009 0.2020 0.2032 0.2043 0.2055
3302.742778 0.2066 0.2076 0.2086 0.2095 0.2104
3307.761433 0.2114 0.2123 0.2131 0.2139 0.2146
3312.780088 0.2154 0.2181 0.2171 0.2166 0.2165
3317.798742 0.2165 0.2164 0.2162 0.2153 0.2143
3322.817397 0.2130 0.2115 0.2100 0.2084 0.2069
3327.836052 0.2053 0.2037 0.2022 0.2005 0.1989
3332.854707 0.1970 0.1952 0.1933 0.1914 0.1895
3337.873361 0.1877 0.1859 0.1841 0.1823 0.1804
3342.892016 0.1786 0.1768 0.1749 0.1730 0.1711
3347.910671 0.1692 0.1674 0.1655 0.1636 0.1619
3352.929325 0.1603 0.1586 0.1570 0.1556 0.1547
3357.947980 0.1538 0.1532 0.1527 0.1523 0.1519
3362.966635 0.1502 0.1522 0.1537 0.1559 0.1587
3367.985290 0.1629 0.1670 0.1710 0.1762 0.1820
3373.003944 0.1890 0.1966 0.2036 0.2106 0.2183
3378.022599 0.2277 0.2366 0.2438 0.2509 0.2552
3383.041254 0.2594 0.2636 0.2685 0.2746 0.2808
3388.059909 0.2898 0.2996 0.3104 0.3153 0.3186
3393.078563 0.3220 0.3254 0.3296 0.3347 0.3406
3398.097218 0.3455 0.3494 0.3549 0.3586 0.3626
3403.115873 0.3667 0.3707 0.3747 0.3786 0.3826
3408.134527 0.3859 0.3881 0.3904 0.3927 0.3949
3413.153182 0.3973 0.3995 0.4018 0.4042 0.4067
3418.171837 0.4091 0.4115 0.4139 0.4163 0.4187
3423.190492 0.4212 0.4238 0.4267 0.4295 0.4323
3428.209146 0.4350 0.4378 0.4406 0.4434 0.4462
3433.227801 0.4491 0.4519 0.4548 0.4576 0.4604
3438.246456 0.4632 0.4660 0.4688 0.4718 0.4754
3443.265111 0.4790 0.4826 0.4862 0.4898 0.4934
3448.283765 0.4969 0.5005 0.5038 0.5068 0.5098
3453.302420 0.5128 0.5158 0.5188 0.5217 0.5248
3458.321075 0.5278 0.5308 0.5338 0.5367 0.5397
3463.339729 0.5427 0.5458 0.5490 0.5523 0.5555
3468.358384 0.5587 0.5620 0.5652 0.5686 0.5721
3473.377039 0.5756 0.5790 0.5831 0.5883 0.5937
3478.395694 0.5991 0.6044 0.6094 0.6137 0.6176
3483.414348 0.6211 0.6238 0.6264 0.6289 0.6311
3488.433003 0.6334 0.6357 0.6380 0.6402 0.6424
3493.451658 0.6446 0.6468 0.6490 0.6512 0.6532
3498.470312 0.6552 0.6572 0.6594 0.6619 0.6644
3503.488967 0.6669 0.6690 0.6706 0.6723 0.6739
3508.507622 0.6754 0.6769 0.6784 0.6798 0.6811
3513.526277 0.6825 0.6838 0.6852 0.6866 0.6879
3518.544931 0.6893 0.6906 0.6920 0.6933 0.6947
3523.563586 0.6960 0.6974 0.6987 0.7002 0.7018
3528.582241 0.7033 0.7049 0.7064 0.7080 0.7096
3533.600896 0.7111 0.7125 0.7140 0.7153 0.7167
3538.619550 0.7181 0.7195 0.7210 0.7225 0.7241
3543.638205 0.7256 0.7271 0.7287 0.7302 0.7317
3548.656860 0.7332 0.7347 0.7363 0.7378 0.7395
3553.675514 0.7415 0.7437 0.7458 0.7479 0.7501
3558.694169 0.7523 0.7545 0.7567 0.7596 0.7627
3563.712824 0.7658 0.7703 0.7762 0.7824 0.7885
3568.731479 0.7944 0.7991 0.8035 0.8078 0.8120
3573.750133 0.8161 0.8203 0.8247 0.8315 0.8359
3578.768788 0.8379 0.8395 0.8405 0.8413 0.8421
3583.787443 0.8429 0.8436 0.8443 0.8449 0.8456
3588.806098 0.8462 0.8469 0.8476 0.8482 0.8489
3593.824752 0.8495 0.8502 0.8508 0.8514 0.8519
3598.843407 0.8525 0.8530 0.8536 0.8541 0.8546
3603.862062 0.8552 0.8557 0.8563 0.8569 0.8574
3608.880716 0.8580 0.8586 0.8591 0.8597 0.8603
3613.899371 0.8609 0.8614 0.8620 0.8626 0.8631
3618.918026 0.8638 0.8643 0.8649 0.8655 0.8661
3623.936681 0.8667 0.8673 0.8679 0.8685 0.8691
3628.955335 0.8697 0.8703 0.8708 0.8712 0.8717
3633.973990 0.8722 0.8726 0.8731 0.8735 0.8740
3638.992645 0.8744 0.8749 0.8754 0.8758 0.8763
3644.011300 0.8767 0.8772 0.8777 0.8781 0.8786
3649.029954 0.8790 0.8795 0.8799 0.8804 0.8809
3654.048609 0.8813 0.8818 0.8822 0.8825 0.8828
3659.067264 0.8830 0.8833 0.8835 0.8838 0.8840
3664.085918 0.8843 0.8845 0.8848 0.8850 0.8852
3669.104573 0.8855 0.8857 0.8859 0.8860 0.8862
3674.123228 0.8863 0.8864 0.8866 0.8867 0.8868
3679.141883 0.8869 0.8871 0.8872 0.8873 0.8875
3684.160537 0.8875 0.8875 0.8875 0.8874 0.8874
3689.179192 0.8875 0.8873 0.8873 0.8873 0.8873
3694.197847 0.8872 0.8872 0.8872 0.8871 0.8871
3699.216502 0.8871 0.8870 0.8870 0.8870 0.8869
3704.235156 0.8869 0.8868 0.8868 0.8868 0.8867
3709.253811 0.8867 0.8866 0.8864 0.8860 0.8857
3714.272466 0.8853 0.8850 0.8846 0.8843 0.8839
3719.291120 0.8836 0.8832 0.8829 0.8825 0.8822
3724.309775 0.8818 0.8813 0.8808 0.8804 0.8799
3729.328430 0.8794 0.8789 0.8785 0.8782 0.8780
3734.347085 0.8778 0.8775 0.8773 0.8771 0.8769
3739.365739 0.8767 0.8765 0.8764 0.8763 0.8763
3744.384394 0.8762 0.8761 0.8761 0.8760 0.8759
3749.403049 0.8759 0.8759 0.8760 0.8761 0.8762
3754.421704 0.8763 0.8764 0.8765 0.8766 0.8766
3759.440358 0.8768 0.8769 0.8770 0.8772 0.8773
3764.459013 0.8774 0.8775 0.8774 0.8772 0.8770
3769.477668 0.8768 0.8766 0.8762 0.8755 0.8744
3774.496322 0.8733 0.8722 0.8711 0.8701 0.8690
3779.514977 0.8683 0.8680 0.8676 0.8674 0.8672
3784.533632 0.8671 0.8670 0.8668 0.8667 0.8666
3789.552287 0.8666 0.8666 0.8666 0.8666 0.8666
3794.570941 0.8667 0.8667 0.8667 0.8667 0.8668
3799.589596 0.8669 0.8670 0.8671 0.8672 0.8672
3804.608251 0.8673 0.8674 0.8675 0.8676 0.8677
3809.626905 0.8677 0.8678 0.8678 0.8679 0.8679
3814.645560 0.8680 0.8680 0.8681 0.8681 0.8682
3819.664215 0.8682 0.8683 0.8683 0.8684 0.8684
3824.682870 0.8685 0.8685 0.8686 0.8686 0.8687
3829.701524 0.8688 0.8687 0.8685 0.8683 0.8682
3834.720179 0.8680 0.8678 0.8676 0.8674 0.8672
3839.738834 0.8667 0.8662 0.8657 0.8652 0.8648
3844.757489 0.8643 0.8638 0.8633 0.8628 0.8628
3849.776143 0.8629 0.8630 0.8632 0.8637 0.8641
3854.794798 0.8645 0.8650 0.8654 0.8658 0.8663
3859.813453 0.8665 0.8666 0.8667 0.8668 0.8669
3864.832107 0.8670 0.8671 0.8672 0.8673 0.8672
3869.850762 0.8671 0.8669 0.8667 0.8666 0.8664
3874.869417 0.8663 0.8661 0.8658 0.8655 0.8652
3879.888072 0.8649 0.8646 0.8643 0.8640 0.8638
3884.906726 0.8636 0.8634 0.8632 0.8630 0.8628
3889.925381 0.8626 0.8623 0.8620 0.8617 0.8614
3894.944036 0.8611 0.8609 0.8606 0.8603 0.8600
3899.962691 0.8597 0.8594 0.8592 0.8589 0.8586
3904.981345 0.8583 0.8580 0.8577 0.8575 0.8573
##END=
