##TITLE=2-Fluoro-4-methylpyridine
##JCAMP-DX=4.24
##DATA TYPE=INFRARED SPECTRUM
##ORIGIN=EPA-IR VAPOR PHASE LIBRARY
##OWNER=SRD/NIST
Collection (C) 2018 copyright by the U.S. Secretary of Commerce
on behalf of the United States of America. All rights reserved.
##CAS REGISTRY NO=461-87-0
##MOLFORM=C6 H6 F N
##$NIST SOURCE=MSDC-IR
##STATE=gas
##XUNITS=1/CM
##YUNITS=ABSORBANCE
##XFACTOR=1.
##YFACTOR=0.001
##DELTAX=1.929
##FIRSTX=549.8
##LASTX=4000.8
##FIRSTY=1.6699
##MAXX=4000.75
##MINX=549.766
##MAXY=0.039562
##MINY=0
##NPOINTS=1790
##XYDATA=(X++(Y..Y))
549.766 1.6699 2.382 2.702 2.742 2.862 2.712 2.522 2.992 2.972 2.442
569.056 2.852 3.292 3.192 2.792 2.292 2.172 2.042 1.842 1.664 2.092
588.346 2.902 2.302 1.762 1.752 1.5092 1.4229 1.2588 1.1665 1.1866 1.2232
607.636 1.1094 1.02 1.0499 0.896 0.8097 0.9004 0.9527 0.8291 0.698202 0.6802
626.926 0.6229 0.52 0.519 0.51 0.585 0.6271 0.473 0.631 0.8079 0.6317
646.216 0.505 0.596 0.588 0.458 0.466 0.6068 0.585 0.569 0.76109 0.75086
665.506 0.74245 0.8463 0.699741 0.6355 0.71325 0.70101 0.7489 0.78874 0.77636 0.68412
684.796 0.501 0.564 0.7047 0.6791 0.552 0.532 0.615 0.6109 0.6239 0.8079
704.086 0.9244 0.77156 0.6747 0.6551 0.6493 0.68608 0.73439 0.8044 0.821 0.8497
723.376 0.9408 1.0094 1.0072 1.0594 1.1798 1.2388 1.2983 1.4206 1.5265 1.6451
742.666 1.942 2.252 2.632 2.872 2.732 2.512 2.352 2.272 2.482 2.822
761.956 2.942 2.862 2.672 2.462 2.182 1.732 1.4815 1.3546 1.1278 1.1393
781.246 1.2623 1.2626 1.3585 1.469 1.681 2.012 2.342 2.792 3.312 3.982
800.536 4.742 5.302 5.802 6.372 7.012 7.412 8.032 9.362 11.652 14.862
819.826 17.442 15.842 10.822 8.442 8.272 8.192 8.202 7.832 7.532 7.042
839.116 6.292 5.542 4.852 4.362 4.012 3.702 3.592 3.532 3.412 3.432
858.406 3.852 4.322 4.442 4.002 3.012 2.492 2.402 2.342 2.272 2.122
877.696 2.022 1.822 1.6429 1.515 1.3316 1.3335 1.3311 1.1855 1.1791 1.1685
896.986 1.0955 1.0588 1.0593 1.126 1.1883 1.2594 1.3626 1.477 1.712 1.932
916.276 2.212 2.832 3.592 4.482 5.662 6.902 8.022 8.912 9.502 9.862
935.566 10.212 10.602 10.882 10.732 10.432 10.332 10.112 9.362 8.122 6.722
954.856 5.462 4.412 3.622 3.292 3.002 2.722 2.642 2.672 2.802 2.902
974.146 2.972 3.092 3.332 3.562 3.682 3.852 3.962 4.002 4.092 3.992
993.436 3.862 3.742 3.632 3.602 3.412 3.112 2.802 2.472 2.212 2.082
1012.726 1.942 1.842 1.772 1.6243 1.4854 1.4942 1.5759 1.6192 1.6729 1.722
1032.016 1.742 1.802 1.832 1.872 1.882 1.872 1.932 2.032 1.972 1.842
1051.306 1.822 1.732 1.6777 1.6614 1.5995 1.488 1.5196 1.5383 1.4223 1.3639
1070.596 1.3669 1.3968 1.4139 1.3658 1.3109 1.2513 1.216 1.2362 1.2306 1.2329
1089.886 1.2727 1.2602 1.2829 1.4102 1.4436 1.4243 1.5163 1.722 1.832 1.762
1109.176 1.661 1.702 1.762 1.802 1.872 2.032 2.062 2.012 2.192 2.472
1128.467 2.832 3.412 4.242 5.462 7.042 8.762 10.442 11.662 12.072 11.762
1147.757 11.652 12.452 12.722 11.962 12.142 12.842 12.372 10.622 8.312 6.172
1167.047 4.442 3.242 2.462 2.062 1.772 1.6317 1.5049 1.2991 1.2676 1.2136
1186.337 1.1264 1.0694 0.9308 0.9132 0.947 0.8476 0.8927 0.9169 0.9948 1.0342
1205.627 0.9619 0.9677 0.9252 0.9198 1.0069 1.0526 1.0996 1.1864 1.2439 1.3597
1224.917 1.3757 1.4271 1.5453 1.6149 1.6625 1.762 1.902 2.012 2.062 2.042
1244.207 2.222 2.432 2.672 3.132 3.642 4.162 4.632 5.022 5.342 5.572
1263.497 5.862 6.382 6.962 7.492 8.482 9.782 10.832 11.622 12.022 12.302
1282.787 12.942 14.142 15.512 16.132 16.602 17.462 17.922 17.572 16.652 15.532
1302.077 14.512 13.812 13.392 13.042 12.452 11.472 10.232 8.942 7.742 6.822
1321.367 6.162 5.722 5.122 4.542 4.252 3.962 3.472 2.942 2.532 2.192
1340.657 1.932 1.732 1.5727 1.4528 1.4382 1.5364 1.5506 1.4759 1.4936 1.5506
1359.947 1.6825 1.782 1.812 1.992 2.242 2.432 2.722 3.132 3.602 4.152
1379.237 4.882 5.852 7.102 8.572 10.452 12.642 14.872 17.172 19.622 22.242
1398.527 24.962 27.752 30.202 32.442 34.442 35.912 36.662 36.642 36.112 35.212
1417.817 33.802 31.932 29.802 27.532 25.022 22.132 18.982 16.132 13.732 11.982
1437.107 10.672 9.752 9.182 8.892 8.812 8.792 8.792 8.822 8.832 8.832
1456.397 8.872 8.922 8.982 9.052 9.072 9.022 9.012 9.082 9.122 9.112
1475.687 9.092 9.012 8.912 8.872 8.872 8.852 8.912 9.202 9.362 9.352
1494.977 9.162 8.792 8.462 8.182 7.992 7.912 7.882 7.962 8.082 8.212
1514.267 8.332 8.342 8.392 8.442 8.372 8.312 8.302 8.452 8.672 8.922
1533.557 9.192 9.402 9.672 10.022 10.432 10.892 11.482 12.082 12.692 13.392
1552.847 14.062 14.742 15.392 16.202 17.132 17.852 18.252 18.452 18.582 18.742
1572.137 18.942 19.032 19.012 18.982 18.942 18.942 19.062 19.512 20.112 20.762
1591.427 21.582 22.882 24.912 27.662 30.792 33.942 36.682 38.612 39.522 39.562
1610.717 39.012 38.162 37.062 35.372 33.212 30.912 28.162 24.472 20.242 15.932
1630.007 12.182 9.262 7.122 5.582 4.602 3.892 3.262 2.792 2.362 2.172
1649.297 1.992 1.732 1.6187 1.6288 1.5967 1.5829 1.5404 1.4697 1.4987 1.4624
1668.587 1.4097 1.4494 1.4948 1.4771 1.509 1.5315 1.4751 1.427 1.4181 1.5273
1687.877 1.5843 1.6003 1.5948 1.6006 1.6389 1.6729 1.6522 1.772 1.912 1.882
1707.167 1.892 1.932 1.952 1.952 1.952 1.822 1.6798 1.6472 1.5524 1.5227
1726.457 1.5156 1.4132 1.3605 1.3436 1.2293 1.1249 1.0662 1.0802 1.1478 1.1628
1745.747 1.1147 1.0606 1.0243 1.0317 1.0446 1.0075 1.0084 1.0237 0.9967 1.0263
1765.037 1.0621 1.0263 0.9837 0.9901 1.015 1.0469 1.063 1.0299 1.0564 1.097
1784.327 1.1187 1.0665 0.9561 0.899 0.8861 0.9182 0.8981 0.8473 0.8556 0.9366
1803.617 0.9274 0.8619 0.8802 0.87 0.9124 0.9366 0.8891 0.9352 0.9485 0.8898
1822.907 0.8747 0.9308 0.9203 0.8502 0.8426 0.8779 0.9069 0.9094 0.886 0.8458
1842.197 0.8144 0.77241 0.8092 0.8791 0.894 0.8999 0.9209 0.9475 0.8716 0.8622
1861.487 0.9168 0.8586 0.8674 0.8607 0.833 0.8644 0.8349 0.8543 0.8814 0.8733
1880.777 0.9083 0.9205 0.9286 0.9324 0.9357 0.9768 1.0481 1.0978 1.0955 1.1672
1900.067 1.2804 1.3166 1.392 1.4873 1.522 1.5752 1.5943 1.6287 1.667 1.6293
1919.357 1.5891 1.5471 1.4463 1.374 1.3685 1.3745 1.3595 1.2815 1.2117 1.1796
1938.647 1.1382 1.0661 0.9807 0.8957 0.8907 0.9355 0.9144 0.839 0.8501 0.8521
1957.937 0.827 0.8495 0.8429 0.8465 0.8348 0.8179 0.8166 0.8013 0.78845 0.8139
1977.227 0.8462 0.8371 0.8222 0.8274 0.828 0.8277 0.8053 0.79191 0.8061 0.8172
1996.517 0.8246 0.8034 0.8292 0.8375 0.78282 0.8047 0.8511 0.8429 0.8059 0.74608
2015.807 0.7238 0.75029 0.8293 0.9036 0.8647 0.7983 0.7984 0.7949 0.78039 0.79003
2035.097 0.73784 0.72579 0.72729 0.73659 0.77357 0.7946 0.8368 0.868 0.8288 0.8006
2054.387 0.8161 0.8253 0.8268 0.8272 0.8051 0.8089 0.8749 0.8225 0.75765 0.7947
2073.677 0.8747 0.9158 0.9105 0.8925 0.8683 0.8844 0.891 0.895 0.957 0.9497
2092.967 0.9201 0.9202 0.9161 0.903 0.8919 0.9149 0.8943 0.8535 0.8653 0.893
2112.257 0.8856 0.7998 0.73021 0.74812 0.79181 0.8439 0.8423 0.8572 0.8175 0.78612
2131.547 0.8377 0.793 0.701066 0.72333 0.78466 0.79098 0.7934 0.8341 0.8067 0.76877
2150.837 0.77506 0.75158 0.7974 0.8406 0.8198 0.8369 0.8533 0.8215 0.8165 0.848
2170.127 0.8426 0.8409 0.8777 0.8718 0.837 0.8587 0.8736 0.8149 0.7975 0.8139
2189.417 0.8336 0.8022 0.8452 0.8853 0.8251 0.8193 0.8289 0.8171 0.8637 0.9218
2208.707 0.9578 0.9652 0.956 0.9543 0.9278 0.9129 0.8575 0.8775 0.9637 1.0325
2227.997 1.0207 0.9518 0.8936 0.9461 1.0275 1.0026 0.9326 0.9073 0.875 0.8571
2247.287 0.9194 0.8997 0.8967 0.9122 0.8806 0.8635 0.8673 0.77965 0.73781 0.8293
2266.577 0.79131 0.73496 0.77812 0.77475 0.78905 0.7994 0.76758 0.811 0.797 0.78076
2285.868 0.8638 0.8659 0.77973 0.78284 0.8089 0.78826 0.7636 0.74266 0.75697 0.76635
2305.158 0.8065 0.8555 0.8588 0.8463 0.8263 0.835 0.8959 0.9561 0.9029 0.853
2324.448 0.8879 0.921 0.9015 0.8474 0.8373 0.8014 0.8341 0.9112 0.875 0.8433
2343.738 0.9111 0.9518 0.9395 0.9349 0.9428 0.9288 0.8979 0.8918 0.8958 0.8683
2363.028 0.8809 0.9002 0.871 0.8795 0.8949 0.9234 0.9531 0.9076 0.8786 0.8598
2382.318 0.8427 0.8494 0.8596 0.8585 0.832 0.8225 0.8259 0.8917 0.9195 0.8706
2401.608 0.8657 0.9044 0.9336 0.9105 0.8514 0.8797 0.8681 0.8177 0.8637 0.8885
2420.898 0.9052 0.867 0.8632 0.8617 0.8374 0.9591 0.9913 0.9739 0.972 0.9732
2440.188 0.9719 0.9704 0.9717 0.8899 0.8061 0.75616 0.8606 0.9744 0.9015 0.8256
2459.478 0.8282 0.8111 0.818 0.8262 0.8046 0.834 0.8579 0.8687 0.865 0.8401
2478.768 0.8161 0.8051 0.8108 0.8427 0.8627 0.8405 0.8305 0.8367 0.8152 0.8684
2498.058 0.8913 0.7943 0.8584 0.8822 0.8391 0.866 0.8422 0.8507 0.8774 0.8182
2517.348 0.8037 0.8583 0.8858 0.949 0.992 0.9746 0.9885 0.9872 0.9461 0.9871
2536.638 0.975 0.9363 0.9644 0.9811 0.9998 0.9717 0.9362 0.9854 0.977 0.9505
2555.928 0.934 0.8884 0.8179 0.76838 0.8498 0.8626 0.77473 0.71284 0.7381 0.75415
2575.218 0.74128 0.73819 0.7149 0.75444 0.75036 0.70743 0.72416 0.7259 0.69638 0.6363
2594.508 0.6781 0.72846 0.70611 0.72414 0.75797 0.73724 0.75969 0.8349 0.76622 0.6368
2613.798 0.584 0.6173 0.6545 0.6085 0.575 0.6255 0.572 0.525 0.561 0.635
2633.088 0.72198 0.68617 0.6531 0.6046 0.585 0.5951 0.59 0.6361 0.672 0.6047
2652.378 0.508 0.567 0.618 0.6109 0.591 0.5966 0.6281 0.6398 0.6296 0.6071
2671.668 0.6296 0.6771 0.6796 0.646 0.6232 0.6256 0.6636 0.6714 0.6694 0.6315
2690.958 0.6054 0.6186 0.6618 0.71491 0.72135 0.74795 0.8299 0.8129 0.7454 0.7953
2710.248 0.8601 0.828 0.8135 0.8767 0.8409 0.8571 0.9199 0.8122 0.78376 0.8136
2729.538 0.8523 0.8836 0.7957 0.692197 0.69075 0.77795 0.8022 0.801 0.70235 0.6617
2748.828 0.68543 0.73371 0.75177 0.73506 0.75468 0.625 0.583 0.574 0.5993 0.6505
2768.118 0.6238 0.6016 0.583 0.5926 0.6289 0.564 0.565 0.69868 0.68343 0.6308
2787.408 0.6782 0.68671 0.6379 0.568 0.553 0.639 0.595 0.482 0.487 0.536
2806.698 0.616 0.6568 0.6546 0.6738 0.6641 0.6709 0.72672 0.71163 0.73762 0.8438
2825.988 0.8503 0.8426 0.76831 0.8083 0.8914 0.8874 0.9143 0.8906 0.9835 1.0389
2845.278 0.9922 1.0366 1.0628 1.1863 1.306 1.2836 1.301 1.4419 1.6083 1.6549
2864.568 1.692 1.692 1.752 1.802 1.822 1.912 1.952 1.902 1.862 1.962
2883.858 1.962 1.862 1.822 1.862 1.802 1.6873 1.762 1.902 1.862 1.792
2903.148 1.742 1.892 2.102 2.212 2.302 2.382 2.592 2.862 3.082 3.282
2922.438 3.642 3.942 4.072 4.182 4.322 4.412 4.432 4.552 4.622 4.462
2941.728 4.342 4.342 4.262 4.152 4.032 3.822 3.472 3.172 3.032 2.792
2961.018 2.532 2.382 2.292 2.352 2.312 2.172 2.122 2.152 2.102 2.102
2980.308 2.082 1.972 1.962 1.992 2.082 2.052 1.962 2.072 2.222 2.412
2999.598 2.522 2.402 2.422 2.472 2.472 2.522 2.662 2.922 3.142 3.182
3018.888 3.262 3.412 3.472 3.622 3.802 3.892 3.952 4.092 4.192 4.122
3038.178 4.082 4.112 4.192 4.322 4.352 4.292 4.312 4.312 4.312 4.262
3057.468 4.382 4.722 5.012 5.262 5.402 5.572 5.742 5.832 5.732 5.602
3076.758 5.452 5.322 5.282 5.122 4.842 4.572 4.212 3.782 3.392 2.992
3096.048 2.552 2.192 1.982 1.882 1.722 1.579 1.4525 1.374 1.3617 1.2568
3115.338 1.0777 0.9168 0.8893 0.8363 0.74334 0.76364 0.6783 0.508 0.451 0.571
3134.628 0.6762 0.678 0.6242 0.451 0.421 0.456 0.467 0.499 0.487 0.42
3153.918 0.413 0.507 0.37 0.351 0.396 0.266 0.371 0.35 0.408 0.559
3173.208 0.521 0.446 0.34 0.437 0.444 0.387 0.341 0.392 0.487 0.338
3192.498 0.323 0.296 0.223 0.287 0.39 0.461 0.359 0.365 0.441 0.33
3211.788 0.175 0.204 0.374 0.429 0.298 0.229 0.241 0.364 0.518 0.526
3231.078 0.391 0.268 0.291 0.28 0.185 0.131 0.219 0.316 0.326 0.347
3250.368 0.327 0.264 0.2 0.224 0.248 0.239 0.305 0.31 0.255 0.185
3269.658 0.336 0.504 0.462 0.375 0.153 0.086 0.203 0.342 0.334 0.221
3288.948 0.233 0.309 0.232 0.159 0.236 0.253 0.224 0.236 0.234 0.276
3308.238 0.37 0.359 0.295 0.329 0.401 0.378 0.296 0.269 0.263 0.208
3327.528 0.267 0.353 0.277 0.245 0.354 0.454 0.409 0.316 0.365 0.297
3346.818 0.343 0.393 0.382 0.498 0.416 0.341 0.405 0.295 0.155 0.192
3366.108 0.294 0.351 0.304 0.206 0.247 0.256 0.325 0.351 0.236 0.388
3385.398 0.433 0.401 0.412 0.436 0.325 0.219 0.224 0.239 0.283 0.206
3404.688 0.234 0.397 0.412 0.329 0.311 0.307 0.157 0 0.071 0.273
3423.978 0.38 0.289 0.241 0.261 0.349 0.464 0.46 0.535 0.55 0.424
3443.269 0.276 0.29 0.35 0.267 0.353 0.462 0.344 0.3 0.454 0.455
3462.559 0.29 0.245 0.311 0.326 0.362 0.411 0.382 0.392 0.375 0.281
3481.849 0.378 0.457 0.286 0.2 0.343 0.376 0.294 0.365 0.395 0.356
3501.139 0.308 0.248 0.339 0.42 0.375 0.419 0.489 0.422 0.356 0.316
3520.429 0.295 0.35 0.379 0.322 0.39 0.335 0.249 0.334 0.271 0.285
3539.719 0.368 0.393 0.276 0.173 0.365 0.519 0.461 0.296 0.248 0.268
3559.009 0.323 0.394 0.449 0.489 0.421 0.414 0.393 0.38 0.311 0.397
3578.299 0.579 0.481 0.336 0.392 0.403 0.273 0.265 0.379 0.405 0.413
3597.589 0.397 0.424 0.441 0.438 0.427 0.279 0.325 0.408 0.324 0.27
3616.879 0.316 0.512 0.434 0.214 0.111 0.138 0.427 0.512 0.552 0.696338
3636.169 0.581 0.469 0.505 0.39 0.372 0.314 0.153 0.272 0.445 0.167
3655.459 0.04 0.274 0.409 0.47 0.403 0.322 0.248 0.094 0.108 0.189
3674.749 0.106 0.121 0.155 0.199 0.332 0.304 0.255 0.215 0.185 0.276
3694.039 0.371 0.391 0.401 0.507 0.445 0.352 0.434 0.482 0.376 0.33
3713.329 0.317 0.255 0.323 0.359 0.253 0.153 0.296 0.474 0.335 0.17
3732.619 0.172 0.349 0.425 0.229 0.25 0.368 0.356 0.426 0.371 0.195
3751.909 0.134 0.224 0.314 0.352 0.35 0.339 0.433 0.565 0.535 0.491
3771.199 0.461 0.38 0.421 0.399 0.472 0.583 0.51 0.408 0.341 0.401
3790.489 0.491 0.375 0.286 0.374 0.419 0.358 0.291 0.404 0.505 0.329
3809.779 0.213 0.365 0.439 0.351 0.31 0.38 0.438 0.452 0.486 0.439
3829.069 0.296 0.226 0.4 0.533 0.446 0.336 0.387 0.358 0.351 0.394
3848.359 0.38 0.391 0.202 0.186 0.265 0.249 0.267 0.337 0.431 0.443
3867.649 0.372 0.364 0.348 0.262 0.247 0.372 0.286 0.181 0.262 0.247
3886.939 0.236 0.224 0.275 0.402 0.454 0.435 0.356 0.413 0.389 0.216
3906.229 0.419 0.406 0.26 0.445 0.517 0.314 0.191 0.357 0.467 0.403
3925.519 0.377 0.373 0.379 0.302 0.214 0.247 0.348 0.383 0.345 0.366
3944.809 0.406 0.303 0.273 0.368 0.428 0.526 0.577 0.539 0.469 0.316
3964.099 0.332 0.395 0.234 0.276 0.407 0.297 0.286 0.363 0.247 0.319
3983.389 0.441 0.444 0.34 0.339 0.492 0.448 0.469 0.426 0.367 0.377
##END=
