##TITLE=Aniline, N-tert-butyl-4-chloro-
##JCAMP-DX=4.24
##DATA TYPE=INFRARED SPECTRUM
##CLASS=COBLENTZ III
##ORIGIN=MONSANTO (J. FREEMAN)
##OWNER=Copyright (C) 1987 by the Coblentz Society
Collection (C) 2018 copyright by the U.S. Secretary of Commerce
on behalf of the United States of America. All rights reserved.
##DATE=1959/06/09
##NAMES=N-(tert-butyl)-N-(4-chlorophenyl)amine
N-(tert-butyl)-4-chloroaniline
##CAS REGISTRY NO=48131-06-2
##MOLFORM=C10 H14 Cl N
##SOURCE REFERENCE=COBLENTZ NO. 9248
##$NIST SOURCE=COBLENTZ
##$NIST IMAGE=cob9248
##SPECTROMETER/DATA SYSTEM=BECKMAN IR-4 (HYBRID PRISM-GRATING)
##INSTRUMENT PARAMETERS=NaCl PRISM
##STATE=LIQUID (NEAT)
##PATH LENGTH=CAPILLARY
##SAMPLING PROCEDURE=TRANSMISSION
##RESOLUTION=2
##DATA PROCESSING=DIGITIZED BY COBLENTZ SOCIETY (BATCH II) FROM HARD COPY (ADJUSTED \0.02-0.02-0.02)
##XUNITS=1/CM
##YUNITS=TRANSMITTANCE
##XFACTOR=1.0
##YFACTOR=1
##DELTAX=0.990411
##FIRSTX=834.605
##LASTX=3968.26
##FIRSTY=0.6249
##MAXX=3968.26
##MINX=834.605
##MAXY=0.9602
##MINY=0
##NPOINTS=3165
##XYDATA=(X++(Y..Y))
834.604541 0.6249 0.6416 0.6583 0.6745 0.6900
839.556594 0.7049 0.7211 0.7420 0.7581 0.7711
844.508647 0.7803 0.7894 0.7981 0.8067 0.8152
849.460700 0.8233 0.8306 0.8377 0.8444 0.8504
854.412752 0.8572 0.8638 0.8688 0.8723 0.8756
859.364805 0.8789 0.8822 0.8856 0.8884 0.8909
864.316858 0.8933 0.8952 0.8969 0.8984 0.8997
869.268911 0.9007 0.9016 0.9024 0.9033 0.9041
874.220964 0.9050 0.9058 0.9066 0.9073 0.9082
879.173016 0.9089 0.9096 0.9117 0.9152 0.9194
884.125069 0.9220 0.9231 0.9237 0.9243 0.9246
889.077122 0.9247 0.9248 0.9248 0.9249 0.9251
894.029175 0.9254 0.9256 0.9263 0.9261 0.9256
898.981228 0.9250 0.9243 0.9233 0.9218 0.9201
903.933281 0.9180 0.9154 0.9126 0.9091 0.9053
908.885333 0.9018 0.8986 0.8954 0.8921 0.8888
913.837386 0.8847 0.8797 0.8745 0.8692 0.8636
918.789439 0.8573 0.8504 0.8432 0.8393 0.8391
923.741492 0.8398 0.8428 0.8474 0.8528 0.8580
928.693545 0.8639 0.8704 0.8763 0.8803 0.8820
933.645597 0.8817 0.8811 0.8814 0.8796 0.8774
938.597650 0.8741 0.8704 0.8666 0.8619 0.8559
943.549703 0.8499 0.8444 0.8400 0.8370 0.8342
948.501756 0.8318 0.8294 0.8268 0.8236 0.8192
953.453809 0.8139 0.8070 0.7986 0.7897 0.7805
958.405861 0.7716 0.7633 0.7574 0.7555 0.7576
963.357914 0.7661 0.7756 0.7890 0.8026 0.8171
968.309967 0.8361 0.8533 0.8648 0.8767 0.8863
973.262020 0.8930 0.8989 0.9045 0.9091 0.9133
978.214073 0.9176 0.9217 0.9246 0.9270 0.9291
983.166125 0.9303 0.9315 0.9320 0.9336 0.9315
988.118178 0.9311 0.9300 0.9287 0.9269 0.9246
993.070231 0.9222 0.9175 0.9102 0.8984 0.8824
998.022284 0.8528 0.8192 0.7858 0.7524 0.7373
1002.974337 0.7351 0.7387 0.7449 0.7575 0.7690
1007.926389 0.7772 0.7851 0.7925 0.7992 0.8070
1012.878442 0.8385 0.8589 0.8738 0.8815 0.8837
1017.830495 0.8841 0.8849 0.8750 0.8627 0.8504
1022.782548 0.8385 0.8272 0.8167 0.8068 0.7997
1027.734601 0.7985 0.8004 0.8053 0.8167 0.8306
1032.686654 0.8486 0.8727 0.8895 0.8994 0.9054
1037.638706 0.9103 0.9145 0.9184 0.9211 0.9235
1042.590759 0.9256 0.9274 0.9291 0.9303 0.9312
1047.542812 0.9320 0.9325 0.9330 0.9332 0.9331
1052.494865 0.9330 0.9326 0.9311 0.9309 0.9306
1057.446918 0.9298 0.9290 0.9281 0.9271 0.9261
1062.398970 0.9251 0.9237 0.9221 0.9198 0.9170
1067.351023 0.9140 0.9106 0.9068 0.9024 0.8970
1072.303076 0.8912 0.8851 0.8780 0.8701 0.8602
1077.255129 0.8482 0.8361 0.8235 0.8077 0.7837
1082.207182 0.7562 0.7321 0.7135 0.6813 0.6290
1087.159234 0.5717 0.5146 0.4575 0.4006 0.3438
1092.111287 0.2904 0.2643 0.2634 0.2925 0.3474
1097.063340 0.3975 0.4476 0.4975 0.5473 0.5926
1102.015393 0.6221 0.6362 0.6468 0.6560 0.6635
1106.967446 0.6699 0.6763 0.6841 0.6969 0.7122
1111.919498 0.7192 0.7198 0.7201 0.7177 0.7086
1116.871551 0.6973 0.6860 0.6747 0.6636 0.6564
1121.823604 0.6555 0.6640 0.6893 0.7143 0.7383
1126.775657 0.7579 0.7736 0.7915 0.8077 0.8225
1131.727710 0.8374 0.8522 0.8651 0.8750 0.8831
1136.679762 0.8893 0.8945 0.8980 0.9006 0.9026
1141.631815 0.9042 0.9051 0.9054 0.9056 0.9048
1146.583868 0.9032 0.9046 0.9039 0.9029 0.9017
1151.535921 0.9004 0.8989 0.8968 0.8946 0.8919
1156.487974 0.8890 0.8854 0.8808 0.8753 0.8689
1161.440026 0.8602 0.8496 0.8396 0.8286 0.8124
1166.392079 0.7953 0.7791 0.7637 0.7480 0.7303
1171.344132 0.7064 0.6758 0.6236 0.5565 0.4896
1176.296185 0.4228 0.3561 0.2896 0.2262 0.2164
1181.248238 0.2189 0.2181 0.3142 0.3662 0.4183
1186.200291 0.4702 0.5220 0.5736 0.6043 0.6050
1191.152343 0.5835 0.5592 0.5351 0.5110 0.4869
1196.104396 0.4629 0.4389 0.4150 0.3910 0.3672
1201.056449 0.3433 0.3195 0.2958 0.2721 0.2405
1206.008502 0.2226 0.2124 0.2039 0.1976 0.1919
1210.960555 0.1879 0.1842 0.1790 0.1713 0.1553
1215.912607 0.1410 0.1257 0.1120 0.0931 0.0750
1220.864660 0.0708 0.0701 0.0703 0.0684 0.0720
1225.816713 0.0747 0.0774 0.0827 0.1088 0.1363
1230.768766 0.1631 0.1898 0.2165 0.2431 0.2697
1235.720819 0.2962 0.3227 0.3547 0.3868 0.4038
1240.672871 0.4121 0.4175 0.4199 0.4212 0.4208
1245.624924 0.4193 0.4154 0.4050 0.3926 0.3801
1250.576977 0.3678 0.3553 0.3430 0.3306 0.3183
1255.529030 0.3059 0.2937 0.2814 0.2691 0.2569
1260.481083 0.2447 0.2327 0.2274 0.2281 0.2472
1265.433135 0.2786 0.3118 0.3449 0.3780 0.4110
1270.385188 0.4440 0.4768 0.5097 0.5425 0.5779
1275.337241 0.6026 0.6143 0.6222 0.6293 0.6355
1280.289294 0.6391 0.6403 0.6401 0.6414 0.6391
1285.241347 0.6322 0.6163 0.5917 0.5653 0.5389
1290.193399 0.5125 0.4862 0.4601 0.4338 0.4077
1295.145452 0.3816 0.3555 0.3294 0.3035 0.2775
1300.097505 0.2539 0.2424 0.2593 0.2982 0.3392
1305.049558 0.3802 0.4211 0.4513 0.4571 0.4422
1310.001611 0.4191 0.3961 0.3730 0.3500 0.3270
1314.953664 0.3041 0.2812 0.2583 0.2355 0.2127
1319.905716 0.1899 0.1671 0.1444 0.1223 0.1082
1324.857769 0.1067 0.1071 0.1130 0.1301 0.1533
1329.809822 0.1765 0.2026 0.2352 0.2694 0.3035
1334.761875 0.3377 0.3718 0.4057 0.4396 0.4735
1339.713928 0.5073 0.5411 0.5748 0.6085 0.6418
1344.665980 0.6725 0.6970 0.7147 0.7276 0.7390
1349.618033 0.7454 0.7491 0.7526 0.7555 0.7569
1354.570086 0.7566 0.7565 0.7540 0.7397 0.6970
1359.522139 0.6515 0.6060 0.5606 0.5153 0.4700
1364.474192 0.4249 0.3797 0.3346 0.2896 0.2447
1369.426244 0.2020 0.1745 0.1712 0.1827 0.2466
1374.378297 0.3035 0.3603 0.4170 0.4736 0.5301
1379.330350 0.5865 0.6428 0.6971 0.7326 0.7329
1384.282403 0.7323 0.7260 0.6936 0.6484 0.6032
1389.234456 0.5581 0.5131 0.4681 0.4232 0.3784
1394.186508 0.3337 0.2890 0.2456 0.2207 0.2194
1399.138561 0.2273 0.2785 0.3397 0.4008 0.4619
1404.090614 0.5228 0.5837 0.6445 0.7052 0.7638
1409.042667 0.7951 0.8051 0.8103 0.8150 0.8188
1413.994720 0.8222 0.8240 0.8259 0.8272 0.8277
1418.946772 0.8263 0.8276 0.8270 0.8262 0.8250
1423.898825 0.8237 0.8224 0.8197 0.8161 0.8113
1428.850878 0.8035 0.7908 0.7778 0.7648 0.7518
1433.802931 0.7388 0.7258 0.7129 0.7000 0.6872
1438.754984 0.6743 0.6614 0.6486 0.6358 0.6229
1443.707037 0.6101 0.5974 0.5845 0.5719 0.5591
1448.659089 0.5465 0.5338 0.5212 0.5085 0.4959
1453.611142 0.4854 0.4790 0.4730 0.4677 0.4631
1458.563195 0.4579 0.4519 0.4451 0.4391 0.4335
1463.515248 0.4284 0.4244 0.4222 0.4212 0.4207
1468.467301 0.4206 0.4206 0.4207 0.4208 0.4209
1473.419353 0.4207 0.4198 0.4177 0.4098 0.4001
1478.371406 0.3888 0.3771 0.3668 0.3541 0.3345
1483.323459 0.2993 0.2609 0.2386 0.2194 0.1830
1488.275512 0.1378 0.1129 0.0981 0.0843 0.0700
1493.227565 0.0528 0.0403 0.0336 0.0281 0.0225
1498.179617 0.0180 0.0142 0.0106 0.0070 0.0035
1503.131670 0.0008 0.0000 0.0000 0.0000 0.0000
1508.083723 0.0000 0.0000 0.0000 0.0000 0.0000
1513.035776 0.0009 0.0121 0.0306 0.0500 0.0693
1517.987829 0.0886 0.1080 0.1272 0.1465 0.1657
1522.939881 0.1849 0.2004 0.2124 0.2253 0.2496
1527.891934 0.2767 0.3003 0.3238 0.3474 0.3709
1532.843987 0.3945 0.4193 0.4418 0.4574 0.4724
1537.796040 0.5050 0.5368 0.5510 0.5600 0.5689
1542.748093 0.5782 0.5875 0.5967 0.6054 0.6138
1547.700145 0.6225 0.6355 0.6575 0.6827 0.7140
1552.652198 0.7411 0.7532 0.7621 0.7694 0.7745
1557.604251 0.7777 0.7801 0.7826 0.7848 0.7867
1562.556304 0.7885 0.7902 0.7917 0.7929 0.7941
1567.508357 0.7956 0.7966 0.7969 0.7968 0.7965
1572.460410 0.7955 0.7943 0.7925 0.7898 0.7857
1577.412462 0.7797 0.7658 0.7402 0.7112 0.6822
1582.364515 0.6532 0.6243 0.5954 0.5666 0.5378
1587.316568 0.5091 0.4803 0.4516 0.4229 0.3942
1592.268621 0.3657 0.3371 0.3086 0.2801 0.2516
1597.220674 0.2232 0.1948 0.1664 0.1382 0.1099
1602.172726 0.0835 0.0660 0.0613 0.0631 0.0789
1607.124779 0.1142 0.1502 0.1862 0.2221 0.2579
1612.076832 0.2938 0.3295 0.3653 0.4011 0.4367
1617.028885 0.4723 0.5079 0.5435 0.5790 0.6144
1621.980938 0.6466 0.6664 0.6739 0.6807 0.6873
1626.932990 0.6950 0.7054 0.7188 0.7382 0.7613
1631.885043 0.7710 0.7786 0.7859 0.7925 0.7980
1636.837096 0.8028 0.8076 0.8124 0.8171 0.8217
1641.789149 0.8264 0.8318 0.8401 0.8472 0.8505
1646.741202 0.8531 0.8555 0.8575 0.8593 0.8612
1651.693254 0.8632 0.8662 0.8719 0.8789 0.8869
1656.645307 0.8919 0.8964 0.9010 0.9056 0.9094
1661.597360 0.9119 0.9135 0.9151 0.9167 0.9184
1666.549413 0.9197 0.9209 0.9219 0.9229 0.9240
1671.501466 0.9250 0.9260 0.9268 0.9275 0.9282
1676.453518 0.9289 0.9294 0.9297 0.9298 0.9299
1681.405571 0.9299 0.9299 0.9300 0.9301 0.9302
1686.357624 0.9303 0.9305 0.9308 0.9310 0.9312
1691.309677 0.9316 0.9320 0.9324 0.9328 0.9332
1696.261730 0.9336 0.9340 0.9344 0.9349 0.9355
1701.213782 0.9362 0.9369 0.9376 0.9382 0.9388
1706.165835 0.9395 0.9402 0.9408 0.9416 0.9425
1711.117888 0.9436 0.9448 0.9459 0.9470 0.9479
1716.069941 0.9486 0.9494 0.9501 0.9509 0.9516
1721.021994 0.9520 0.9521 0.9519 0.9519 0.9523
1725.974047 0.9510 0.9504 0.9499 0.9494 0.9486
1730.926099 0.9477 0.9468 0.9458 0.9449 0.9440
1735.878152 0.9430 0.9419 0.9407 0.9394 0.9381
1740.830205 0.9369 0.9356 0.9344 0.9333 0.9322
1745.782258 0.9312 0.9304 0.9299 0.9296 0.9295
1750.734311 0.9295 0.9298 0.9301 0.9304 0.9307
1755.686363 0.9309 0.9312 0.9315 0.9318 0.9321
1760.638416 0.9325 0.9329 0.9332 0.9336 0.9340
1765.590469 0.9343 0.9347 0.9350 0.9354 0.9355
1770.542522 0.9357 0.9359 0.9361 0.9363 0.9364
1775.494575 0.9366 0.9368 0.9370 0.9371 0.9372
1780.446627 0.9373 0.9373 0.9374 0.9375 0.9374
1785.398680 0.9372 0.9370 0.9368 0.9366 0.9364
1790.350733 0.9361 0.9359 0.9357 0.9355 0.9352
1795.302786 0.9349 0.9346 0.9343 0.9340 0.9338
1800.254839 0.9338 0.9339 0.9340 0.9341 0.9343
1805.206891 0.9344 0.9346 0.9350 0.9354 0.9359
1810.158944 0.9364 0.9369 0.9373 0.9378 0.9383
1815.110997 0.9387 0.9389 0.9390 0.9391 0.9391
1820.063050 0.9392 0.9391 0.9389 0.9385 0.9381
1825.015103 0.9378 0.9375 0.9370 0.9363 0.9355
1829.967155 0.9348 0.9340 0.9332 0.9324 0.9316
1834.919208 0.9307 0.9298 0.9288 0.9280 0.9270
1839.871261 0.9261 0.9251 0.9240 0.9228 0.9216
1844.823314 0.9205 0.9193 0.9181 0.9169 0.9155
1849.775367 0.9139 0.9123 0.9104 0.9074 0.9036
1854.727420 0.8995 0.8956 0.8926 0.8901 0.8875
1859.679472 0.8851 0.8827 0.8800 0.8772 0.8743
1864.631525 0.8714 0.8684 0.8655 0.8629 0.8606
1869.583578 0.8584 0.8561 0.8545 0.8536 0.8530
1874.535631 0.8528 0.8519 0.8523 0.8532 0.8534
1879.487684 0.8541 0.8552 0.8571 0.8599 0.8640
1884.439736 0.8697 0.8753 0.8795 0.8828 0.8859
1889.391789 0.8890 0.8920 0.8950 0.8978 0.9007
1894.343842 0.9035 0.9062 0.9088 0.9109 0.9129
1899.295895 0.9149 0.9168 0.9186 0.9203 0.9220
1904.247948 0.9238 0.9257 0.9276 0.9292 0.9303
1909.200000 0.9311 0.9318 0.9325 0.9331 0.9335
1914.152053 0.9338 0.9342 0.9345 0.9349 0.9350
1919.104106 0.9350 0.9351 0.9351 0.9351 0.9352
1924.056159 0.9352 0.9353 0.9353 0.9354 0.9354
1929.008212 0.9354 0.9355 0.9356 0.9356 0.9356
1933.960264 0.9357 0.9357 0.9357 0.9358 0.9360
1938.912317 0.9364 0.9368 0.9373 0.9379 0.9385
1943.864370 0.9392 0.9399 0.9405 0.9410 0.9415
1948.816423 0.9419 0.9423 0.9427 0.9430 0.9434
1953.768476 0.9437 0.9439 0.9441 0.9442 0.9443
1958.720528 0.9445 0.9446 0.9447 0.9448 0.9450
1963.672581 0.9451 0.9452 0.9452 0.9453 0.9454
1968.624634 0.9455 0.9456 0.9457 0.9457 0.9458
1973.576687 0.9459 0.9460 0.9461 0.9462 0.9463
1978.528740 0.9464 0.9464 0.9466 0.9467 0.9468
1983.480793 0.9469 0.9470 0.9471 0.9472 0.9473
1988.432845 0.9475 0.9476 0.9477 0.9478 0.9479
1993.384898 0.9479 0.9480 0.9480 0.9481 0.9482
1998.336951 0.9482 0.9483 0.9483 0.9484 0.9485
2003.289004 0.9485 0.9486 0.9487 0.9487 0.9488
2008.241057 0.9488 0.9489 0.9490 0.9490 0.9491
2013.193109 0.9491 0.9492 0.9493 0.9493 0.9494
2018.145162 0.9495 0.9495 0.9496 0.9496 0.9497
2023.097215 0.9498 0.9498 0.9499 0.9499 0.9500
2028.049268 0.9501 0.9501 0.9502 0.9502 0.9503
2033.001321 0.9504 0.9504 0.9505 0.9505 0.9506
2037.953373 0.9507 0.9507 0.9508 0.9508 0.9509
2042.905426 0.9510 0.9510 0.9511 0.9511 0.9511
2047.857479 0.9512 0.9512 0.9513 0.9513 0.9513
2052.809532 0.9513 0.9514 0.9515 0.9515 0.9515
2057.761585 0.9515 0.9516 0.9516 0.9516 0.9517
2062.713637 0.9517 0.9518 0.9518 0.9518 0.9519
2067.665690 0.9519 0.9520 0.9520 0.9521 0.9521
2072.617743 0.9521 0.9522 0.9522 0.9523 0.9523
2077.569796 0.9524 0.9525 0.9525 0.9526 0.9526
2082.521849 0.9527 0.9527 0.9527 0.9528 0.9528
2087.473901 0.9529 0.9529 0.9530 0.9530 0.9531
2092.425954 0.9532 0.9532 0.9532 0.9532 0.9532
2097.378007 0.9532 0.9532 0.9532 0.9532 0.9532
2102.330060 0.9532 0.9533 0.9533 0.9533 0.9533
2107.282113 0.9533 0.9533 0.9533 0.9533 0.9533
2112.234166 0.9533 0.9533 0.9533 0.9533 0.9531
2117.186218 0.9529 0.9526 0.9523 0.9520 0.9517
2122.138271 0.9513 0.9510 0.9507 0.9504 0.9500
2127.090324 0.9496 0.9491 0.9485 0.9479 0.9473
2132.042377 0.9467 0.9463 0.9463 0.9464 0.9466
2136.994430 0.9468 0.9469 0.9470 0.9472 0.9473
2141.946482 0.9475 0.9476 0.9478 0.9479 0.9480
2146.898535 0.9482 0.9483 0.9485 0.9487 0.9488
2151.850588 0.9490 0.9491 0.9493 0.9495 0.9496
2156.802641 0.9498 0.9499 0.9501 0.9503 0.9504
2161.754694 0.9505 0.9506 0.9508 0.9510 0.9511
2166.706746 0.9512 0.9513 0.9514 0.9516 0.9517
2171.658799 0.9518 0.9519 0.9520 0.9521 0.9523
2176.610852 0.9524 0.9525 0.9526 0.9527 0.9529
2181.562905 0.9530 0.9531 0.9533 0.9534 0.9535
2186.514958 0.9536 0.9537 0.9538 0.9539 0.9540
2191.467010 0.9541 0.9542 0.9543 0.9544 0.9545
2196.419063 0.9546 0.9547 0.9546 0.9533 0.9550
2201.371116 0.9551 0.9552 0.9553 0.9554 0.9555
2206.323169 0.9556 0.9558 0.9559 0.9560 0.9561
2211.275222 0.9562 0.9563 0.9564 0.9565 0.9566
2216.227274 0.9567 0.9568 0.9568 0.9569 0.9569
2221.179327 0.9569 0.9569 0.9570 0.9570 0.9570
2226.131380 0.9570 0.9571 0.9571 0.9571 0.9571
2231.083433 0.9572 0.9572 0.9572 0.9572 0.9572
2236.035486 0.9572 0.9571 0.9571 0.9571 0.9571
2240.987538 0.9570 0.9570 0.9569 0.9569 0.9569
2245.939591 0.9569 0.9568 0.9568 0.9567 0.9567
2250.891644 0.9567 0.9567 0.9566 0.9565 0.9564
2255.843697 0.9563 0.9562 0.9560 0.9559 0.9558
2260.795750 0.9557 0.9556 0.9555 0.9554 0.9552
2265.747803 0.9549 0.9546 0.9542 0.9537 0.9533
2270.699855 0.9530 0.9525 0.9521 0.9517 0.9513
2275.651908 0.9509 0.9505 0.9500 0.9496 0.9492
2280.603961 0.9488 0.9484 0.9480 0.9476 0.9471
2285.556014 0.9467 0.9463 0.9459 0.9455 0.9451
2290.508067 0.9449 0.9448 0.9446 0.9444 0.9442
2295.460119 0.9440 0.9438 0.9436 0.9435 0.9433
2300.412172 0.9433 0.9433 0.9433 0.9434 0.9436
2305.364225 0.9438 0.9440 0.9441 0.9442 0.9444
2310.316278 0.9445 0.9447 0.9448 0.9450 0.9451
2315.268331 0.9453 0.9456 0.9458 0.9460 0.9463
2320.220383 0.9465 0.9468 0.9471 0.9474 0.9476
2325.172436 0.9478 0.9481 0.9484 0.9486 0.9489
2330.124489 0.9491 0.9493 0.9495 0.9497 0.9498
2335.076542 0.9500 0.9501 0.9503 0.9504 0.9506
2340.028595 0.9507 0.9509 0.9510 0.9510 0.9511
2344.980647 0.9512 0.9513 0.9514 0.9515 0.9516
2349.932700 0.9517 0.9518 0.9520 0.9520 0.9521
2354.884753 0.9522 0.9523 0.9524 0.9524 0.9524
2359.836806 0.9524 0.9523 0.9523 0.9523 0.9523
2364.788859 0.9523 0.9522 0.9522 0.9522 0.9522
2369.740911 0.9521 0.9521 0.9521 0.9521 0.9521
2374.692964 0.9520 0.9520 0.9520 0.9520 0.9520
2379.645017 0.9519 0.9519 0.9519 0.9519 0.9518
2384.597070 0.9517 0.9516 0.9516 0.9515 0.9514
2389.549123 0.9512 0.9511 0.9510 0.9508 0.9507
2394.501176 0.9506 0.9504 0.9503 0.9502 0.9501
2399.453228 0.9499 0.9497 0.9496 0.9494 0.9492
2404.405281 0.9491 0.9489 0.9487 0.9485 0.9484
2409.357334 0.9482 0.9480 0.9479 0.9478 0.9476
2414.309387 0.9475 0.9473 0.9471 0.9469 0.9468
2419.261440 0.9466 0.9464 0.9463 0.9462 0.9460
2424.213492 0.9459 0.9457 0.9456 0.9455 0.9453
2429.165545 0.9452 0.9451 0.9449 0.9447 0.9446
2434.117598 0.9445 0.9443 0.9441 0.9440 0.9439
2439.069651 0.9437 0.9436 0.9434 0.9434 0.9434
2444.021704 0.9435 0.9435 0.9435 0.9435 0.9435
2448.973756 0.9436 0.9436 0.9436 0.9437 0.9437
2453.925809 0.9437 0.9437 0.9438 0.9438 0.9438
2458.877862 0.9439 0.9440 0.9441 0.9441 0.9441
2463.829915 0.9442 0.9442 0.9443 0.9444 0.9444
2468.781968 0.9445 0.9445 0.9446 0.9447 0.9447
2473.734020 0.9448 0.9448 0.9449 0.9449 0.9449
2478.686073 0.9450 0.9450 0.9449 0.9449 0.9449
2483.638126 0.9449 0.9449 0.9449 0.9449 0.9449
2488.590179 0.9449 0.9449 0.9448 0.9448 0.9448
2493.542232 0.9448 0.9448 0.9448 0.9448 0.9448
2498.494284 0.9447 0.9447 0.9446 0.9445 0.9444
2503.446337 0.9443 0.9442 0.9441 0.9440 0.9439
2508.398390 0.9438 0.9437 0.9436 0.9435 0.9434
2513.350443 0.9433 0.9432 0.9431 0.9430 0.9429
2518.302496 0.9428 0.9427 0.9426 0.9424 0.9422
2523.254549 0.9421 0.9419 0.9417 0.9415 0.9414
2528.206601 0.9412 0.9410 0.9408 0.9406 0.9405
2533.158654 0.9403 0.9401 0.9399 0.9397 0.9395
2538.110707 0.9394 0.9392 0.9390 0.9389 0.9387
2543.062760 0.9385 0.9382 0.9379 0.9376 0.9373
2548.014813 0.9369 0.9366 0.9362 0.9359 0.9355
2552.966865 0.9352 0.9349 0.9345 0.9342 0.9338
2557.918918 0.9335 0.9332 0.9328 0.9324 0.9320
2562.870971 0.9317 0.9314 0.9309 0.9304 0.9298
2567.823024 0.9293 0.9288 0.9283 0.9277 0.9271
2572.775077 0.9266 0.9261 0.9254 0.9249 0.9243
2577.727129 0.9236 0.9229 0.9222 0.9215 0.9208
2582.679182 0.9202 0.9197 0.9193 0.9190 0.9190
2587.631235 0.9190 0.9191 0.9192 0.9194 0.9198
2592.583288 0.9201 0.9205 0.9209 0.9214 0.9220
2597.535341 0.9227 0.9233 0.9240 0.9247 0.9254
2602.487393 0.9261 0.9269 0.9276 0.9283 0.9290
2607.439446 0.9299 0.9310 0.9322 0.9332 0.9342
2612.391499 0.9351 0.9359 0.9366 0.9372 0.9376
2617.343552 0.9380 0.9384 0.9387 0.9389 0.9392
2622.295605 0.9395 0.9398 0.9400 0.9402 0.9404
2627.247657 0.9405 0.9407 0.9409 0.9411 0.9413
2632.199710 0.9415 0.9417 0.9419 0.9421 0.9423
2637.151763 0.9425 0.9427 0.9428 0.9430 0.9431
2642.103816 0.9432 0.9434 0.9436 0.9437 0.9439
2647.055869 0.9441 0.9442 0.9443 0.9445 0.9446
2652.007922 0.9447 0.9448 0.9449 0.9450 0.9450
2656.959974 0.9451 0.9451 0.9451 0.9452 0.9452
2661.912027 0.9452 0.9453 0.9453 0.9453 0.9454
2666.864080 0.9454 0.9454 0.9455 0.9455 0.9455
2671.816133 0.9456 0.9457 0.9457 0.9457 0.9457
2676.768186 0.9457 0.9456 0.9455 0.9454 0.9454
2681.720238 0.9453 0.9452 0.9452 0.9452 0.9451
2686.672291 0.9450 0.9448 0.9447 0.9445 0.9444
2691.624344 0.9442 0.9440 0.9438 0.9437 0.9436
2696.576397 0.9434 0.9433 0.9431 0.9429 0.9428
2701.528450 0.9426 0.9424 0.9423 0.9421 0.9419
2706.480502 0.9416 0.9412 0.9409 0.9405 0.9401
2711.432555 0.9398 0.9394 0.9390 0.9386 0.9383
2716.384608 0.9379 0.9375 0.9371 0.9367 0.9363
2721.336661 0.9360 0.9356 0.9352 0.9348 0.9344
2726.288714 0.9341 0.9341 0.9342 0.9342 0.9343
2731.240766 0.9344 0.9344 0.9345 0.9347 0.9348
2736.192819 0.9349 0.9351 0.9353 0.9354 0.9356
2741.144872 0.9358 0.9359 0.9361 0.9363 0.9364
2746.096925 0.9366 0.9367 0.9369 0.9371 0.9372
2751.048978 0.9373 0.9374 0.9375 0.9376 0.9376
2756.001030 0.9377 0.9378 0.9379 0.9380 0.9381
2760.953083 0.9381 0.9382 0.9383 0.9383 0.9384
2765.905136 0.9384 0.9384 0.9384 0.9383 0.9383
2770.857189 0.9383 0.9383 0.9382 0.9382 0.9382
2775.809242 0.9381 0.9380 0.9378 0.9376 0.9374
2780.761294 0.9371 0.9369 0.9367 0.9365 0.9362
2785.713347 0.9358 0.9354 0.9350 0.9347 0.9343
2790.665400 0.9340 0.9336 0.9332 0.9328 0.9324
2795.617453 0.9319 0.9314 0.9309 0.9304 0.9298
2800.569506 0.9293 0.9287 0.9282 0.9277 0.9271
2805.521559 0.9266 0.9261 0.9255 0.9249 0.9243
2810.473611 0.9236 0.9230 0.9223 0.9217 0.9210
2815.425664 0.9203 0.9197 0.9190 0.9183 0.9176
2820.377717 0.9170 0.9163 0.9156 0.9148 0.9141
2825.329770 0.9133 0.9125 0.9118 0.9111 0.9103
2830.281823 0.9095 0.9086 0.9075 0.9063 0.9051
2835.233875 0.9037 0.9023 0.9008 0.8994 0.8979
2840.185928 0.8965 0.8951 0.8936 0.8921 0.8906
2845.137981 0.8888 0.8870 0.8852 0.8834 0.8817
2850.090034 0.8799 0.8781 0.8763 0.8745 0.8727
2855.042087 0.8709 0.8690 0.8671 0.8651 0.8632
2859.994139 0.8608 0.8558 0.8479 0.8401 0.8306
2864.946192 0.8186 0.8063 0.7939 0.7816 0.7693
2869.898245 0.7570 0.7447 0.7324 0.7201 0.7079
2874.850298 0.6956 0.6834 0.6712 0.6589 0.6467
2879.802351 0.6350 0.6274 0.6237 0.6199 0.6175
2884.754403 0.6170 0.6168 0.6167 0.6165 0.6163
2889.706456 0.6162 0.6160 0.6159 0.6158 0.6156
2894.658509 0.6154 0.6153 0.6151 0.6149 0.6148
2899.610562 0.6146 0.6145 0.6143 0.6141 0.6139
2904.562615 0.6136 0.6132 0.6128 0.6123 0.6118
2909.514667 0.6113 0.6108 0.6103 0.6097 0.6090
2914.466720 0.6078 0.6063 0.6048 0.6028 0.6004
2919.418773 0.5979 0.5954 0.5928 0.5901 0.5874
2924.370826 0.5847 0.5821 0.5794 0.5763 0.5720
2929.322879 0.5671 0.5621 0.5509 0.5344 0.5173
2934.274932 0.5036 0.4970 0.4935 0.4900 0.4871
2939.226984 0.4846 0.4821 0.4788 0.4738 0.4682
2944.179037 0.4625 0.4553 0.4470 0.4386 0.4302
2949.131090 0.4218 0.4134 0.4050 0.3967 0.3882
2954.083143 0.3799 0.3715 0.3631 0.3548 0.3464
2959.035196 0.3381 0.3298 0.3215 0.3131 0.3048
2963.987248 0.2965 0.2882 0.2800 0.2716 0.2633
2968.939301 0.2551 0.2468 0.2385 0.2303 0.2220
2973.891354 0.2137 0.2055 0.1972 0.1893 0.1815
2978.843407 0.1737 0.1680 0.1665 0.1665 0.1664
2983.795460 0.1670 0.1666 0.1665 0.1666 0.1666
2988.747512 0.1667 0.1667 0.1668 0.1671 0.1674
2993.699565 0.1677 0.1771 0.1902 0.2035 0.2169
2998.651618 0.2305 0.2442 0.2578 0.2713 0.2849
3003.603671 0.2985 0.3120 0.3256 0.3391 0.3526
3008.555724 0.3662 0.3796 0.3931 0.4067 0.4201
3013.507776 0.4336 0.4471 0.4605 0.4740 0.4875
3018.459829 0.5009 0.5204 0.5537 0.5901 0.6265
3023.411882 0.6477 0.6564 0.6631 0.6698 0.6737
3028.363935 0.6768 0.6799 0.6834 0.6881 0.6932
3033.315988 0.6983 0.7069 0.7201 0.7340 0.7479
3038.268040 0.7575 0.7651 0.7724 0.7796 0.7849
3043.220093 0.7898 0.7948 0.7995 0.8037 0.8079
3048.172146 0.8120 0.8160 0.8196 0.8233 0.8271
3053.124199 0.8293 0.8307 0.8321 0.8335 0.8349
3058.076252 0.8364 0.8378 0.8392 0.8404 0.8417
3063.028305 0.8429 0.8439 0.8445 0.8452 0.8459
3067.980357 0.8465 0.8471 0.8477 0.8484 0.8490
3072.932410 0.8497 0.8503 0.8509 0.8515 0.8522
3077.884463 0.8528 0.8534 0.8538 0.8542 0.8546
3082.836516 0.8549 0.8553 0.8556 0.8560 0.8563
3087.788569 0.8566 0.8570 0.8573 0.8576 0.8579
3092.740621 0.8582 0.8585 0.8589 0.8593 0.8598
3097.692674 0.8602 0.8606 0.8610 0.8614 0.8618
3102.644727 0.8625 0.8631 0.8638 0.8645 0.8653
3107.596780 0.8661 0.8669 0.8679 0.8698 0.8717
3112.548833 0.8736 0.8761 0.8808 0.8857 0.8905
3117.500885 0.8954 0.9007 0.9060 0.9112 0.9157
3122.452938 0.9187 0.9217 0.9247 0.9267 0.9274
3127.404991 0.9280 0.9287 0.9293 0.9298 0.9304
3132.357044 0.9309 0.9313 0.9313 0.9314 0.9314
3137.309097 0.9315 0.9315 0.9316 0.9316 0.9317
3142.261149 0.9317 0.9318 0.9318 0.9319 0.9319
3147.213202 0.9320 0.9320 0.9321 0.9321 0.9322
3152.165255 0.9322 0.9323 0.9323 0.9323 0.9323
3157.117308 0.9324 0.9324 0.9325 0.9325 0.9326
3162.069361 0.9326 0.9326 0.9326 0.9327 0.9327
3167.021413 0.9328 0.9329 0.9330 0.9330 0.9331
3171.973466 0.9332 0.9333 0.9333 0.9334 0.9335
3176.925519 0.9336 0.9336 0.9337 0.9338 0.9339
3181.877572 0.9341 0.9343 0.9344 0.9346 0.9348
3186.829625 0.9350 0.9352 0.9354 0.9356 0.9358
3191.781678 0.9360 0.9362 0.9364 0.9366 0.9368
3196.733730 0.9369 0.9371 0.9373 0.9375 0.9377
3201.685783 0.9379 0.9381 0.9384 0.9386 0.9388
3206.637836 0.9391 0.9393 0.9396 0.9399 0.9401
3211.589889 0.9404 0.9406 0.9409 0.9412 0.9415
3216.541942 0.9418 0.9421 0.9423 0.9426 0.9428
3221.493994 0.9431 0.9434 0.9437 0.9440 0.9443
3226.446047 0.9447 0.9450 0.9454 0.9458 0.9461
3231.398100 0.9465 0.9468 0.9472 0.9474 0.9476
3236.350153 0.9477 0.9478 0.9479 0.9480 0.9480
3241.302206 0.9480 0.9480 0.9481 0.9481 0.9481
3246.254258 0.9481 0.9481 0.9480 0.9479 0.9478
3251.206311 0.9475 0.9472 0.9471 0.9468 0.9466
3256.158364 0.9462 0.9459 0.9456 0.9453 0.9450
3261.110417 0.9445 0.9441 0.9437 0.9433 0.9429
3266.062470 0.9425 0.9420 0.9415 0.9409 0.9402
3271.014522 0.9395 0.9388 0.9381 0.9374 0.9367
3275.966575 0.9360 0.9352 0.9345 0.9338 0.9331
3280.918628 0.9324 0.9317 0.9310 0.9303 0.9295
3285.870681 0.9286 0.9276 0.9265 0.9255 0.9245
3290.822734 0.9235 0.9224 0.9214 0.9204 0.9194
3295.774786 0.9183 0.9173 0.9163 0.9152 0.9142
3300.726839 0.9132 0.9122 0.9112 0.9102 0.9092
3305.678892 0.9082 0.9072 0.9063 0.9053 0.9043
3310.630945 0.9033 0.9023 0.9013 0.9003 0.8993
3315.582998 0.8983 0.8972 0.8961 0.8949 0.8938
3320.535050 0.8926 0.8914 0.8902 0.8889 0.8877
3325.487103 0.8865 0.8853 0.8840 0.8828 0.8816
3330.439156 0.8804 0.8791 0.8779 0.8767 0.8757
3335.391209 0.8747 0.8737 0.8727 0.8718 0.8710
3340.343262 0.8702 0.8693 0.8685 0.8676 0.8668
3345.295315 0.8660 0.8651 0.8642 0.8634 0.8626
3350.247367 0.8617 0.8609 0.8601 0.8593 0.8585
3355.199420 0.8577 0.8565 0.8549 0.8534 0.8518
3360.151473 0.8501 0.8457 0.8411 0.8364 0.8317
3365.103526 0.8270 0.8223 0.8176 0.8129 0.8083
3370.055579 0.8036 0.7989 0.7942 0.7896 0.7849
3375.007631 0.7803 0.7756 0.7709 0.7663 0.7617
3379.959684 0.7571 0.7524 0.7477 0.7431 0.7385
3384.911737 0.7339 0.7293 0.7246 0.7200 0.7154
3389.863790 0.7108 0.7062 0.7015 0.6969 0.6924
3394.815843 0.6878 0.6832 0.6786 0.6739 0.6693
3399.767895 0.6648 0.6602 0.6559 0.6521 0.6484
3404.719948 0.6447 0.6411 0.6399 0.6399 0.6399
3409.672001 0.6399 0.6403 0.6448 0.6498 0.6548
3414.624054 0.6573 0.6442 0.6710 0.6770 0.6829
3419.576107 0.6889 0.6950 0.7010 0.7069 0.7129
3424.528159 0.7190 0.7250 0.7309 0.7369 0.7430
3429.480212 0.7489 0.7548 0.7608 0.7667 0.7727
3434.432265 0.7787 0.7846 0.7905 0.7965 0.8025
3439.384318 0.8084 0.8143 0.8203 0.8262 0.8321
3444.336371 0.8381 0.8440 0.8499 0.8558 0.8624
3449.288423 0.8709 0.8800 0.8890 0.8982 0.9054
3454.240476 0.9075 0.9093 0.9111 0.9129 0.9146
3459.192529 0.9159 0.9173 0.9186 0.9199 0.9209
3464.144582 0.9216 0.9224 0.9231 0.9238 0.9245
3469.096635 0.9252 0.9259 0.9266 0.9273 0.9280
3474.048688 0.9287 0.9295 0.9302 0.9310 0.9317
3479.000740 0.9323 0.9330 0.9337 0.9344 0.9350
3483.952793 0.9357 0.9363 0.9370 0.9377 0.9384
3488.904846 0.9390 0.9397 0.9404 0.9410 0.9417
3493.856899 0.9423 0.9429 0.9435 0.9441 0.9445
3498.808952 0.9449 0.9453 0.9457 0.9461 0.9465
3503.761004 0.9469 0.9472 0.9476 0.9480 0.9484
3508.713057 0.9488 0.9492 0.9496 0.9500 0.9503
3513.665110 0.9506 0.9508 0.9511 0.9513 0.9515
3518.617163 0.9517 0.9519 0.9521 0.9522 0.9524
3523.569216 0.9526 0.9528 0.9530 0.9532 0.9534
3528.521268 0.9536 0.9538 0.9540 0.9542 0.9544
3533.473321 0.9546 0.9547 0.9549 0.9551 0.9553
3538.425374 0.9554 0.9555 0.9557 0.9558 0.9559
3543.377427 0.9560 0.9560 0.9561 0.9562 0.9563
3548.329480 0.9564 0.9565 0.9566 0.9567 0.9568
3553.281532 0.9568 0.9569 0.9570 0.9571 0.9572
3558.233585 0.9573 0.9574 0.9575 0.9576 0.9576
3563.185638 0.9576 0.9577 0.9577 0.9578 0.9578
3568.137691 0.9578 0.9579 0.9579 0.9579 0.9580
3573.089744 0.9580 0.9581 0.9581 0.9581 0.9582
3578.041796 0.9582 0.9583 0.9583 0.9583 0.9584
3582.993849 0.9584 0.9584 0.9585 0.9585 0.9586
3587.945902 0.9586 0.9586 0.9586 0.9586 0.9587
3592.897955 0.9587 0.9587 0.9588 0.9588 0.9588
3597.850008 0.9589 0.9589 0.9589 0.9589 0.9589
3602.802061 0.9589 0.9589 0.9589 0.9589 0.9589
3607.754113 0.9589 0.9589 0.9589 0.9589 0.9589
3612.706166 0.9589 0.9589 0.9589 0.9589 0.9589
3617.658219 0.9589 0.9589 0.9589 0.9589 0.9589
3622.610272 0.9589 0.9588 0.9588 0.9588 0.9587
3627.562325 0.9587 0.9586 0.9586 0.9585 0.9585
3632.514377 0.9584 0.9584 0.9583 0.9583 0.9583
3637.466430 0.9582 0.9582 0.9581 0.9581 0.9581
3642.418483 0.9580 0.9580 0.9580 0.9579 0.9579
3647.370536 0.9578 0.9578 0.9578 0.9577 0.9577
3652.322589 0.9576 0.9576 0.9575 0.9574 0.9574
3657.274641 0.9574 0.9573 0.9573 0.9573 0.9572
3662.226694 0.9572 0.9572 0.9572 0.9572 0.9571
3667.178747 0.9571 0.9571 0.9571 0.9571 0.9571
3672.130800 0.9570 0.9570 0.9570 0.9570 0.9570
3677.082853 0.9569 0.9569 0.9569 0.9569 0.9569
3682.034905 0.9569 0.9568 0.9568 0.9568 0.9568
3686.986958 0.9568 0.9567 0.9567 0.9567 0.9567
3691.939011 0.9567 0.9567 0.9566 0.9566 0.9566
3696.891064 0.9566 0.9566 0.9566 0.9566 0.9566
3701.843117 0.9566 0.9566 0.9566 0.9567 0.9567
3706.795169 0.9568 0.9568 0.9569 0.9570 0.9570
3711.747222 0.9571 0.9572 0.9572 0.9573 0.9573
3716.699275 0.9573 0.9574 0.9574 0.9574 0.9575
3721.651328 0.9575 0.9576 0.9577 0.9577 0.9578
3726.603381 0.9578 0.9579 0.9579 0.9580 0.9580
3731.555434 0.9581 0.9582 0.9583 0.9584 0.9585
3736.507486 0.9586 0.9587 0.9588 0.9590 0.9591
3741.459539 0.9592 0.9593 0.9594 0.9595 0.9596
3746.411592 0.9597 0.9598 0.9599 0.9599 0.9599
3751.363645 0.9599 0.9599 0.9599 0.9600 0.9600
3756.315698 0.9600 0.9600 0.9600 0.9601 0.9601
3761.267750 0.9601 0.9601 0.9601 0.9601 0.9602
3766.219803 0.9602 0.9602 0.9602 0.9602 0.9602
3771.171856 0.9602 0.9602 0.9602 0.9602 0.9602
3776.123909 0.9602 0.9601 0.9601 0.9601 0.9600
3781.075962 0.9600 0.9599 0.9599 0.9599 0.9598
3786.028014 0.9598 0.9598 0.9597 0.9597 0.9597
3790.980067 0.9596 0.9596 0.9596 0.9595 0.9595
3795.932120 0.9595 0.9594 0.9594 0.9594 0.9593
3800.884173 0.9593 0.9593 0.9592 0.9592 0.9592
3805.836226 0.9591 0.9591 0.9591 0.9590 0.9590
3810.788278 0.9590 0.9589 0.9589 0.9589 0.9588
3815.740331 0.9588 0.9588 0.9587 0.9587 0.9587
3820.692384 0.9587 0.9587 0.9587 0.9586 0.9586
3825.644437 0.9585 0.9585 0.9584 0.9584 0.9583
3830.596490 0.9583 0.9582 0.9581 0.9581 0.9580
3835.548542 0.9580 0.9580 0.9579 0.9579 0.9579
3840.500595 0.9578 0.9578 0.9577 0.9577 0.9576
3845.452648 0.9576 0.9575 0.9575 0.9574 0.9574
3850.404701 0.9573 0.9573 0.9572 0.9572 0.9571
3855.356754 0.9571 0.9571 0.9570 0.9570 0.9569
3860.308806 0.9569 0.9569 0.9568 0.9568 0.9568
3865.260859 0.9567 0.9567 0.9566 0.9566 0.9565
3870.212912 0.9565 0.9564 0.9564 0.9563 0.9563
3875.164965 0.9562 0.9562 0.9561 0.9561 0.9561
3880.117018 0.9560 0.9560 0.9560 0.9559 0.9559
3885.069071 0.9558 0.9557 0.9557 0.9556 0.9556
3890.021123 0.9555 0.9555 0.9554 0.9554 0.9553
3894.973176 0.9553 0.9552 0.9552 0.9551 0.9551
3899.925229 0.9550 0.9550 0.9549 0.9549 0.9548
3904.877282 0.9548 0.9548 0.9547 0.9546 0.9546
3909.829335 0.9545 0.9544 0.9544 0.9543 0.9543
3914.781387 0.9542 0.9542 0.9541 0.9541 0.9540
3919.733440 0.9540 0.9539 0.9539 0.9538 0.9538
3924.685493 0.9537 0.9537 0.9536 0.9536 0.9535
3929.637546 0.9535 0.9534 0.9534 0.9533 0.9533
3934.589599 0.9532 0.9531 0.9531 0.9530 0.9530
3939.541651 0.9529 0.9529 0.9528 0.9528 0.9527
3944.493704 0.9527 0.9526 0.9526 0.9525 0.9525
3949.445757 0.9524 0.9524 0.9523 0.9523 0.9522
3954.397810 0.9521 0.9521 0.9520 0.9519 0.9519
3959.349863 0.9518 0.9518 0.9517 0.9516 0.9516
3964.301915 0.9515 0.9515 0.9514 0.9514 0.0000
##END=
