##TITLE=Alpha-CHLOROACETO-MESITYLENE
##JCAMP-DX=4.24
##DATA TYPE=INFRARED SPECTRUM
##CLASS=COBLENTZ
##ORIGIN=ANDERSON PHYSICAL LABORATORY
##OWNER=COBLENTZ SOCIETY
Collection (C) 2018 copyright by the U.S. Secretary of Commerce
on behalf of the United States of America. All rights reserved.
##DATE=Not specified, most likely prior to 1970
##NAMES=2-chloro-1-mesitylethanone
##CAS REGISTRY NO=50690-12-5
##MOLFORM=C11 H13 Cl O
##SOURCE REFERENCE=COBLENTZ NO. 2669
##$NIST SOURCE=COBLENTZ
##$NIST IMAGE=cob2669
##SPECTROMETER/DATA SYSTEM=Not specified, most likely a prism, grating, or hybrid spectrometer.
##STATE=SOLID (1.0% IN KBr PELLET)
##PATH LENGTH=0.0355 CM THICK
##SAMPLING PROCEDURE=TRANSMISSION
##RESOLUTION=4
##DATA PROCESSING=DIGITIZED BY NIST FROM HARD COPY (FROM TWO SEGMENTS)
##XUNITS=1/CM
##YUNITS=TRANSMITTANCE
##XFACTOR=1.000000
##YFACTOR=1
##DELTAX=0.934580
##FIRSTX=663.551
##LASTX=3985.05
##FIRSTY=0.856
##MAXX=3985.05
##MINX=663.551
##MAXY=0.986
##MINY=0.0920078
##NPOINTS=3555
##XYDATA=(X++(Y..Y))
663.551000 0.8560 0.8560 0.8560 0.8560 0.8560
668.223899 0.8560 0.8560 0.8560 0.8560 0.8550
672.896797 0.8550 0.8530 0.8500 0.8440 0.8430
677.569696 0.8410 0.8410 0.8410 0.8410 0.8410
682.242594 0.8400 0.8400 0.8400 0.8380 0.8370
686.915493 0.8350 0.8340 0.8310 0.8310 0.8290
691.588392 0.8260 0.8220 0.8160 0.8100 0.8010
696.261290 0.7920 0.7830 0.7711 0.7571 0.7441
700.934189 0.7290 0.7130 0.6960 0.6571 0.6361
705.607087 0.6141 0.5911 0.5661 0.4756 0.3976
710.279986 0.3100 0.2041 0.2010 0.2030 0.2539
714.952885 0.2968 0.3388 0.4236 0.5712 0.6445
719.625783 0.7180 0.8439 0.8839 0.8920 0.9109
724.298682 0.9130 0.9130 0.9110 0.9110 0.9080
728.971580 0.9010 0.8930 0.8840 0.8740 0.8630
733.644479 0.8520 0.8401 0.8251 0.8101 0.7931
738.317378 0.7750 0.7540 0.7320 0.7081 0.6542
742.990276 0.6241 0.5902 0.5542 0.4586 0.3637
747.663175 0.3061 0.2760 0.2451 0.2151 0.1831
752.336073 0.1800 0.1820 0.2337 0.2847 0.3336
757.008972 0.4490 0.5090 0.5779 0.6469 0.6799
761.681871 0.7109 0.7528 0.7948 0.8010 0.8040
766.354769 0.8280 0.8280 0.8260 0.8220 0.8220
771.027668 0.8190 0.8110 0.8040 0.7931 0.7831
775.700566 0.7710 0.7590 0.7450 0.7330 0.7200
780.373465 0.7100 0.6991 0.6920 0.6840 0.6780
785.046364 0.6720 0.6620 0.6570 0.6540 0.6510
789.719262 0.6480 0.6470 0.6450 0.6470 0.6480
794.392161 0.6600 0.6720 0.6959 0.7439 0.7500
799.065059 0.7659 0.7859 0.8069 0.8289 0.8528
803.737958 0.8770 0.8990 0.9190 0.9370 0.9500
808.410857 0.9580 0.9590 0.9640 0.9680 0.9740
813.083755 0.9790 0.9830 0.9830 0.9860 0.9860
817.756654 0.9860 0.9860 0.9860 0.9850 0.9850
822.429552 0.9850 0.9850 0.9850 0.9850 0.9830
827.102451 0.9830 0.9800 0.9790 0.9760 0.9730
831.775350 0.9680 0.9640 0.9610 0.9560 0.9520
836.448248 0.9460 0.9351 0.9290 0.9260 0.9230
841.121147 0.9170 0.9020 0.8781 0.8471 0.8042
845.794045 0.7781 0.7412 0.6654 0.6561 0.6352
850.466944 0.5480 0.2912 0.2071 0.2040 0.2060
855.139843 0.2419 0.2778 0.2999 0.4382 0.5751
859.812741 0.6570 0.7379 0.7979 0.8409 0.8739
864.485640 0.8959 0.9139 0.9289 0.9399 0.9460
869.158538 0.9470 0.9490 0.9500 0.9500 0.9520
873.831437 0.9520 0.9530 0.9530 0.9530 0.9530
878.504336 0.9530 0.9530 0.9530 0.9520 0.9490
883.177234 0.9410 0.9340 0.9260 0.9190 0.9071
887.850133 0.8890 0.8620 0.8350 0.8200 0.8190
892.523031 0.8220 0.8260 0.8350 0.8469 0.8599
897.195930 0.8750 0.8900 0.9050 0.9200 0.9320
901.868829 0.9410 0.9460 0.9550 0.9590 0.9610
906.541727 0.9620 0.9620 0.9620 0.9620 0.9620
911.214626 0.9620 0.9610 0.9610 0.9610 0.9610
915.887524 0.9590 0.9560 0.9530 0.9520 0.9500
920.560423 0.9500 0.9490 0.9470 0.9440 0.9430
925.233322 0.9410 0.9400 0.9380 0.9380 0.9370
929.906220 0.9350 0.9340 0.9320 0.9310 0.9280
934.579119 0.9260 0.9250 0.9220 0.9190 0.9160
939.252017 0.9110 0.9070 0.9050 0.9020 0.9010
943.924916 0.8990 0.8990 0.9010 0.9040 0.9070
948.597815 0.9080 0.9110 0.9140 0.9200 0.9220
953.270713 0.9220 0.9220 0.9220 0.9220 0.9220
957.943612 0.9220 0.9200 0.9190 0.9140 0.9110
962.616510 0.9070 0.9010 0.8950 0.8890 0.8830
967.289409 0.8770 0.8720 0.8660 0.8600 0.8550
971.962308 0.8470 0.8400 0.8310 0.8200 0.8080
976.635206 0.7961 0.7811 0.7661 0.7481 0.7271
981.308105 0.7050 0.6540 0.6240 0.5911 0.5571
985.981003 0.5181 0.4762 0.4302 0.3097 0.3070
990.653902 0.3090 0.3460 0.3819 0.4229 0.5207
995.326801 0.6356 0.6689 0.7008 0.7646 0.8038
999.999699 0.8520 0.8530 0.8530 0.8530 0.8530
1004.672598 0.8520 0.8520 0.8490 0.8460 0.8381
1009.345497 0.8280 0.8200 0.8140 0.8070 0.8050
1014.018395 0.8070 0.8100 0.8130 0.8170 0.8279
1018.691294 0.8310 0.8310 0.8310 0.8310 0.8290
1023.364192 0.8250 0.8190 0.8110 0.8011 0.7901
1028.037091 0.7780 0.7660 0.7530 0.7380 0.7230
1032.709990 0.7081 0.6931 0.6781 0.6770 0.6770
1037.382888 0.6780 0.6800 0.6920 0.7040 0.7170
1042.055787 0.7300 0.7439 0.7589 0.7749 0.7919
1046.728685 0.8080 0.8250 0.8380 0.8520 0.8620
1051.401584 0.8720 0.8800 0.8890 0.8950 0.9010
1056.074483 0.9070 0.9110 0.9160 0.9190 0.9220
1060.747381 0.9230 0.9230 0.9250 0.9250 0.9260
1065.420280 0.9260 0.9280 0.9290 0.9290 0.9310
1070.093178 0.9310 0.9310 0.9310 0.9310 0.9310
1074.766077 0.9310 0.9310 0.9290 0.9290 0.9290
1079.438976 0.9280 0.9280 0.9280 0.9260 0.9260
1084.111874 0.9250 0.9250 0.9230 0.9230 0.9220
1088.784773 0.9220 0.9220 0.9200 0.9200 0.9190
1093.457671 0.9170 0.9170 0.9160 0.9160 0.9140
1098.130570 0.9140 0.9130 0.9110 0.9100 0.9100
1102.803469 0.9080 0.9070 0.9050 0.9050 0.9050
1107.476367 0.9040 0.9010 0.9010 0.8990 0.8990
1112.149266 0.8980 0.8960 0.8960 0.8950 0.8930
1116.822164 0.8930 0.8920 0.8900 0.8900 0.8890
1121.495063 0.8890 0.8870 0.8860 0.8840 0.8810
1126.167962 0.8800 0.8770 0.8750 0.8720 0.8710
1130.840860 0.8680 0.8660 0.8630 0.8620 0.8590
1135.513759 0.8550 0.8500 0.8460 0.8380 0.8310
1140.186657 0.8200 0.8080 0.7930 0.7770 0.7591
1144.859556 0.7361 0.7131 0.6543 0.6202 0.5823
1149.532455 0.5390 0.4841 0.3123 0.3090 0.3100
1154.205353 0.3449 0.3778 0.4446 0.5086 0.5745
1158.878252 0.6719 0.7689 0.7710 0.7690 0.7411
1163.551150 0.6444 0.6410 0.6420 0.6529 0.7017
1168.224049 0.7510 0.8110 0.8949 0.9140 0.9290
1172.896948 0.9290 0.9310 0.9310 0.9310 0.9290
1177.569846 0.9280 0.9260 0.9260 0.9250 0.9250
1182.242745 0.9230 0.9220 0.9190 0.9170 0.9160
1186.915643 0.9140 0.9130 0.9100 0.9070 0.9050
1191.588542 0.9040 0.9020 0.9010 0.8990 0.8980
1196.261441 0.8930 0.8870 0.8830 0.8690 0.8570
1200.934339 0.8470 0.8400 0.8310 0.8221 0.8131
1205.607238 0.8010 0.7870 0.7690 0.7470 0.7181
1210.280136 0.6452 0.5972 0.5423 0.4764 0.4005
1214.953035 0.3240 0.2750 0.2750 0.2810 0.3189
1219.625934 0.3957 0.4697 0.5685 0.6356 0.6599
1224.298832 0.6840 0.7350 0.8009 0.8399 0.8689
1228.971731 0.8919 0.9079 0.9199 0.9280 0.9320
1233.644629 0.9350 0.9370 0.9380 0.9410 0.9410
1238.317528 0.9410 0.9430 0.9430 0.9430 0.9430
1242.990427 0.9430 0.9430 0.9430 0.9430 0.9430
1247.663325 0.9430 0.9410 0.9320 0.9280 0.9250
1252.336224 0.9230 0.9220 0.9230 0.9250 0.9290
1257.009122 0.9320 0.9340 0.9380 0.9440 0.9460
1261.682021 0.9470 0.9470 0.9490 0.9470 0.9470
1266.354920 0.9460 0.9440 0.9410 0.9380 0.9340
1271.027818 0.9310 0.9260 0.9220 0.9170 0.9110
1275.700717 0.9050 0.8980 0.8900 0.8801 0.8691
1280.373615 0.8560 0.8410 0.8250 0.8070 0.7871
1285.046514 0.7631 0.7391 0.7111 0.6484 0.6112
1289.719413 0.5650 0.5300 0.5060 0.4910 0.4840
1294.392311 0.4790 0.4750 0.4700 0.4640 0.4580
1299.065210 0.4520 0.4510 0.4520 0.5059 0.5619
1303.738108 0.5999 0.6647 0.7267 0.8105 0.8627
1308.411007 0.8900 0.9070 0.9190 0.9260 0.9320
1313.083906 0.9340 0.9340 0.9340 0.9340 0.9340
1317.756804 0.9340 0.9340 0.9340 0.9340 0.9340
1322.429703 0.9320 0.9320 0.9320 0.9320 0.9290
1327.102601 0.9280 0.9280 0.9260 0.9260 0.9250
1331.775500 0.9230 0.9220 0.9200 0.9190 0.9170
1336.448399 0.9140 0.9130 0.9110 0.9070 0.9050
1341.121297 0.9020 0.9010 0.8990 0.8980 0.8960
1345.794196 0.8950 0.8920 0.8890 0.8840 0.8810
1350.467094 0.8770 0.8740 0.8720 0.8710 0.8690
1355.139993 0.8680 0.8660 0.8650 0.8630 0.8600
1359.812892 0.8590 0.8570 0.8560 0.8550 0.8520
1364.485790 0.8500 0.8470 0.8430 0.8400 0.8350
1369.158689 0.8290 0.8230 0.8170 0.8100 0.8011
1373.831587 0.7920 0.7810 0.7690 0.7471 0.7330
1378.504486 0.7290 0.7260 0.7240 0.7240 0.7260
1383.177385 0.7260 0.7270 0.7270 0.7270 0.7260
1387.850283 0.7101 0.6891 0.6393 0.6122 0.5852
1392.523182 0.5560 0.5270 0.5000 0.4731 0.4481
1397.196080 0.4261 0.4051 0.3124 0.3090 0.3100
1401.868979 0.3220 0.3280 0.3330 0.3430 0.3540
1406.541878 0.3909 0.4328 0.4728 0.5177 0.5478
1411.214776 0.5840 0.6300 0.6450 0.6440 0.6470
1415.887675 0.6480 0.6480 0.6450 0.6420 0.6350
1420.560573 0.6270 0.6180 0.6080 0.5970 0.5870
1425.233472 0.5790 0.5720 0.5680 0.5650 0.5650
1429.906371 0.5650 0.5650 0.5650 0.5650 0.5650
1434.579269 0.5650 0.5650 0.5630 0.5620 0.5590
1439.252168 0.5540 0.5500 0.5450 0.5410 0.5350
1443.925066 0.5290 0.5230 0.5150 0.5090 0.5020
1448.597965 0.4960 0.4880 0.4820 0.4750 0.4630
1453.270864 0.4600 0.4600 0.4600 0.4600 0.4610
1457.943762 0.4720 0.4780 0.4880 0.4990 0.5060
1462.616661 0.5140 0.5200 0.5270 0.5330 0.5409
1467.289559 0.5470 0.5560 0.5650 0.5750 0.5850
1471.962458 0.5989 0.6090 0.6199 0.6270 0.6330
1476.635357 0.6390 0.6440 0.6480 0.6510 0.6540
1481.308255 0.6570 0.6590 0.6600 0.6660 0.6710
1485.981154 0.6800 0.6890 0.6980 0.7050 0.7130
1490.654052 0.7210 0.7270 0.7350 0.7410 0.7480
1495.326951 0.7540 0.7600 0.7650 0.7710 0.7750
1499.999850 0.7800 0.7840 0.7870 0.7900 0.7930
1504.672748 0.7960 0.7980 0.8010 0.8020 0.8040
1509.345647 0.8050 0.8070 0.8070 0.8070 0.8070
1514.018545 0.8050 0.8050 0.8040 0.8040 0.8020
1518.691444 0.8020 0.8020 0.8020 0.8020 0.8020
1523.364343 0.8020 0.8020 0.8020 0.8020 0.8020
1528.037241 0.8020 0.8020 0.8010 0.8010 0.8010
1532.710140 0.7990 0.7980 0.7960 0.7950 0.7950
1537.383038 0.7930 0.7930 0.7930 0.7930 0.7930
1542.055937 0.7930 0.7930 0.7930 0.7930 0.7930
1546.728836 0.7930 0.7930 0.7920 0.7900 0.7890
1551.401734 0.7870 0.7860 0.7830 0.7780 0.7740
1556.074633 0.7690 0.7650 0.7620 0.7570 0.7540
1560.747531 0.7510 0.7480 0.7440 0.7410 0.7360
1565.420430 0.7330 0.7290 0.7240 0.7180 0.7140
1570.093329 0.7070 0.6950 0.6930 0.6930 0.6930
1574.766227 0.6930 0.6950 0.7199 0.7319 0.7449
1579.439126 0.7530 0.7590 0.7680 0.7740 0.7770
1584.112024 0.7860 0.7870 0.7900 0.7900 0.7900
1588.784923 0.7900 0.7890 0.7810 0.7690 0.7540
1593.457822 0.7410 0.7261 0.7111 0.6951 0.6592
1598.130720 0.6390 0.6170 0.5930 0.5661 0.5381
1602.803619 0.5061 0.4731 0.4362 0.3962 0.2977
1607.476517 0.2940 0.2940 0.2950 0.3249 0.3539
1612.149416 0.3968 0.4517 0.5564 0.6445 0.6827
1616.822315 0.7180 0.7780 0.8259 0.8629 0.8899
1621.495213 0.9079 0.9200 0.9250 0.9250 0.9320
1626.168112 0.9340 0.9340 0.9340 0.9340 0.9340
1630.841010 0.9340 0.9340 0.9340 0.9320 0.9320
1635.513909 0.9320 0.9310 0.9290 0.9280 0.9260
1640.186808 0.9250 0.9230 0.9230 0.9220 0.9220
1644.859706 0.9200 0.9170 0.9160 0.9140 0.9130
1649.532605 0.9100 0.9080 0.9070 0.9050 0.9040
1654.205503 0.9020 0.9010 0.8990 0.8960 0.8950
1658.878402 0.8920 0.8890 0.8870 0.8830 0.8770
1663.551301 0.8690 0.8620 0.8530 0.8430 0.8320
1668.224199 0.8220 0.8110 0.8010 0.7920 0.7831
1672.897098 0.7740 0.7660 0.7620 0.7570 0.7560
1677.569997 0.7540 0.7530 0.7480 0.7420 0.7360
1682.242895 0.7270 0.7180 0.7080 0.6950 0.6810
1686.915794 0.6511 0.6331 0.6151 0.5941 0.5731
1691.588692 0.5510 0.5270 0.5020 0.4761 0.4491
1696.261591 0.4211 0.3911 0.3283 0.2942 0.2672
1700.934490 0.2640 0.2640 0.2630 0.2630 0.2630
1705.607388 0.2610 0.2610 0.2570 0.2401 0.2152
1710.280287 0.1920 0.1730 0.1530 0.1340 0.1121
1714.953185 0.0941 0.0920 0.0940 0.0950 0.1119
1719.626084 0.1220 0.1360 0.1530 0.1730 0.1969
1724.298983 0.2239 0.2519 0.2819 0.3148 0.3329
1728.971881 0.3490 0.3850 0.4209 0.4629 0.4989
1733.644780 0.5299 0.5569 0.5809 0.6019 0.6199
1738.317678 0.6350 0.6480 0.6620 0.6680 0.6740
1742.990577 0.6840 0.6959 0.7079 0.7209 0.7349
1747.663476 0.7510 0.7690 0.7800 0.7890 0.7980
1752.336374 0.8050 0.8130 0.8190 0.8260 0.8310
1757.009273 0.8370 0.8410 0.8460 0.8490 0.8530
1761.682171 0.8560 0.8590 0.8620 0.8650 0.8660
1766.355070 0.8680 0.8680 0.8690 0.8690 0.8710
1771.027969 0.8710 0.8720 0.8720 0.8740 0.8740
1775.700867 0.8750 0.8750 0.8770 0.8830 0.8870
1780.373766 0.8920 0.8950 0.8990 0.9040 0.9070
1785.046664 0.9100 0.9130 0.9170 0.9190 0.9220
1789.719563 0.9250 0.9280 0.9290 0.9310 0.9310
1794.392462 0.9310 0.9320 0.9320 0.9320 0.9340
1799.065360 0.9340 0.9350 0.9350 0.9350 0.9350
1803.738259 0.9350 0.9350 0.9370 0.9370 0.9370
1808.411157 0.9370 0.9370 0.9370 0.9370 0.9370
1813.084056 0.9370 0.9370 0.9370 0.9380 0.9380
1817.756955 0.9380 0.9380 0.9380 0.9380 0.9380
1822.429853 0.9380 0.9380 0.9380 0.9380 0.9380
1827.102752 0.9380 0.9380 0.9400 0.9400 0.9400
1831.775650 0.9400 0.9400 0.9400 0.9400 0.9400
1836.448549 0.9410 0.9400 0.9400 0.9400 0.9400
1841.121448 0.9400 0.9400 0.9400 0.9400 0.9400
1845.794346 0.9400 0.9400 0.9400 0.9410 0.9410
1850.467245 0.9410 0.9430 0.9430 0.9430 0.9430
1855.140143 0.9440 0.9440 0.9460 0.9470 0.9470
1859.813042 0.9470 0.9490 0.9490 0.9490 0.9500
1864.485941 0.9500 0.9500 0.9500 0.9500 0.9500
1869.158839 0.9500 0.9500 0.9500 0.9500 0.9500
1873.831738 0.9490 0.9490 0.9470 0.9460 0.9440
1878.504636 0.9440 0.9430 0.9430 0.9430 0.9430
1883.177535 0.9430 0.9430 0.9410 0.9410 0.9410
1887.850434 0.9410 0.9430 0.9430 0.9440 0.9440
1892.523332 0.9440 0.9460 0.9460 0.9470 0.9470
1897.196231 0.9490 0.9490 0.9490 0.9500 0.9500
1901.869129 0.9500 0.9500 0.9500 0.9500 0.9490
1906.542028 0.9470 0.9470 0.9470 0.9470 0.9460
1911.214927 0.9460 0.9440 0.9440 0.9430 0.9410
1915.887825 0.9410 0.9400 0.9400 0.9400 0.9400
1920.560724 0.9380 0.9380 0.9380 0.9380 0.9380
1925.233622 0.9380 0.9380 0.9380 0.9380 0.9400
1929.906521 0.9400 0.9400 0.9410 0.9410 0.9410
1934.579420 0.9410 0.9430 0.9430 0.9440 0.9440
1939.252318 0.9460 0.9460 0.9460 0.9470 0.9490
1943.925217 0.9490 0.9490 0.9500 0.9500 0.9500
1948.598115 0.9500 0.9520 0.9520 0.9520 0.9520
1953.271014 0.9520 0.9520 0.9530 0.9530 0.9530
1957.943913 0.9530 0.9530 0.9520 0.9500 0.9500
1962.616811 0.9490 0.9490 0.9490 0.9470 0.9470
1967.289710 0.9460 0.9430 0.9410 0.9410 0.9410
1971.962608 0.9410 0.9410 0.9410 0.9410 0.9410
1976.635507 0.9400 0.9400 0.9400 0.9400 0.9400
1981.308406 0.9400 0.9400 0.9410 0.9410 0.9430
1985.981304 0.9460 0.9470 0.9470 0.9490 0.9490
1990.654203 0.9520 0.9520 0.9520 0.9530 0.9550
1995.327101 0.9560 0.9580 0.9580 0.9580 0.9590
2000.000000 0.9590 0.9595 0.9600 0.9605 0.9610
2004.672899 0.9613 0.9615 0.9617 0.9620 0.9625
2009.345797 0.9630 0.9635 0.9640 0.9640 0.9640
2014.018696 0.9640 0.9640 0.9640 0.9640 0.9640
2018.691594 0.9640 0.9640 0.9640 0.9640 0.9640
2023.364493 0.9640 0.9640 0.9640 0.9640 0.9640
2028.037392 0.9640 0.9640 0.9640 0.9635 0.9630
2032.710290 0.9625 0.9620 0.9620 0.9620 0.9620
2037.383189 0.9619 0.9612 0.9604 0.9597 0.9589
2042.056087 0.9582 0.9574 0.9567 0.9560 0.9560
2046.728986 0.9560 0.9560 0.9560 0.9557 0.9555
2051.401885 0.9552 0.9550 0.9550 0.9550 0.9550
2056.074783 0.9550 0.9550 0.9550 0.9550 0.9550
2060.747682 0.9550 0.9550 0.9550 0.9550 0.9550
2065.420580 0.9550 0.9550 0.9550 0.9550 0.9550
2070.093479 0.9550 0.9550 0.9550 0.9550 0.9550
2074.766378 0.9550 0.9550 0.9550 0.9550 0.9550
2079.439276 0.9550 0.9550 0.9550 0.9550 0.9550
2084.112175 0.9550 0.9550 0.9550 0.9550 0.9550
2088.785073 0.9550 0.9550 0.9550 0.9550 0.9550
2093.457972 0.9550 0.9553 0.9555 0.9558 0.9561
2098.130871 0.9566 0.9571 0.9576 0.9580 0.9580
2102.803769 0.9580 0.9580 0.9580 0.9583 0.9585
2107.476668 0.9588 0.9590 0.9590 0.9590 0.9590
2112.149566 0.9591 0.9596 0.9601 0.9606 0.9610
2116.822465 0.9610 0.9610 0.9610 0.9610 0.9610
2121.495364 0.9610 0.9610 0.9610 0.9610 0.9610
2126.168262 0.9610 0.9610 0.9610 0.9610 0.9610
2130.841161 0.9610 0.9610 0.9610 0.9610 0.9610
2135.514059 0.9610 0.9610 0.9610 0.9610 0.9610
2140.186958 0.9610 0.9610 0.9610 0.9610 0.9610
2144.859857 0.9610 0.9611 0.9613 0.9616 0.9618
2149.532755 0.9620 0.9620 0.9620 0.9620 0.9622
2154.205654 0.9630 0.9637 0.9645 0.9652 0.9660
2158.878552 0.9667 0.9675 0.9681 0.9686 0.9691
2163.551451 0.9696 0.9700 0.9700 0.9700 0.9700
2168.224350 0.9701 0.9703 0.9706 0.9708 0.9710
2172.897248 0.9710 0.9710 0.9710 0.9710 0.9710
2177.570147 0.9710 0.9710 0.9710 0.9710 0.9710
2182.243045 0.9710 0.9709 0.9707 0.9704 0.9702
2186.915944 0.9700 0.9700 0.9700 0.9700 0.9700
2191.588843 0.9700 0.9700 0.9700 0.9697 0.9690
2196.261741 0.9682 0.9675 0.9668 0.9663 0.9658
2200.934640 0.9653 0.9649 0.9647 0.9644 0.9642
2205.607538 0.9640 0.9640 0.9640 0.9640 0.9640
2210.280437 0.9640 0.9640 0.9640 0.9640 0.9640
2214.953336 0.9640 0.9640 0.9640 0.9640 0.9640
2219.626234 0.9640 0.9640 0.9640 0.9640 0.9640
2224.299133 0.9640 0.9640 0.9640 0.9640 0.9638
2228.972031 0.9633 0.9628 0.9623 0.9620 0.9620
2233.644930 0.9620 0.9620 0.9619 0.9616 0.9614
2238.317829 0.9611 0.9607 0.9599 0.9592 0.9584
2242.990727 0.9577 0.9569 0.9562 0.9554 0.9544
2247.663626 0.9532 0.9519 0.9507 0.9497 0.9489
2252.336524 0.9482 0.9474 0.9466 0.9456 0.9446
2257.009423 0.9436 0.9427 0.9419 0.9411 0.9404
2261.682322 0.9397 0.9392 0.9387 0.9382 0.9376
2266.355220 0.9369 0.9361 0.9354 0.9349 0.9346
2271.028119 0.9344 0.9341 0.9337 0.9332 0.9327
2275.701017 0.9322 0.9320 0.9320 0.9320 0.9320
2280.373916 0.9320 0.9320 0.9320 0.9320 0.9320
2285.046815 0.9320 0.9320 0.9320 0.9320 0.9320
2289.719713 0.9320 0.9320 0.9320 0.9320 0.9320
2294.392612 0.9320 0.9319 0.9316 0.9314 0.9311
2299.065510 0.9307 0.9302 0.9297 0.9292 0.9286
2303.738409 0.9278 0.9271 0.9263 0.9259 0.9256
2308.411308 0.9254 0.9251 0.9247 0.9242 0.9237
2313.084206 0.9232 0.9226 0.9218 0.9211 0.9203
2317.757105 0.9200 0.9200 0.9200 0.9200 0.9200
2322.430003 0.9200 0.9200 0.9200 0.9199 0.9196
2327.102902 0.9194 0.9191 0.9190 0.9190 0.9190
2331.775801 0.9190 0.9187 0.9182 0.9177 0.9172
2336.448699 0.9170 0.9170 0.9170 0.9170 0.9170
2341.121598 0.9170 0.9170 0.9170 0.9170 0.9170
2345.794497 0.9170 0.9170 0.9170 0.9170 0.9170
2350.467395 0.9170 0.9170 0.9170 0.9170 0.9170
2355.140294 0.9168 0.9166 0.9163 0.9161 0.9160
2359.813192 0.9160 0.9160 0.9160 0.9160 0.9160
2364.486091 0.9160 0.9160 0.9157 0.9152 0.9147
2369.158990 0.9142 0.9138 0.9136 0.9133 0.9131
2373.831888 0.9124 0.9117 0.9109 0.9102 0.9096
2378.504787 0.9091 0.9086 0.9081 0.9074 0.9067
2383.177685 0.9059 0.9052 0.9050 0.9050 0.9050
2387.850584 0.9050 0.9048 0.9046 0.9043 0.9041
2392.523483 0.9040 0.9040 0.9040 0.9040 0.9040
2397.196381 0.9040 0.9040 0.9040 0.9040 0.9040
2401.869280 0.9040 0.9040 0.9040 0.9040 0.9040
2406.542178 0.9040 0.9036 0.9031 0.9026 0.9021
2411.215077 0.9018 0.9015 0.9013 0.9010 0.9010
2415.887976 0.9010 0.9010 0.9010 0.9006 0.9001
2420.560874 0.8996 0.8991 0.8990 0.8990 0.8990
2425.233773 0.8990 0.8990 0.8990 0.8990 0.8990
2429.906671 0.8990 0.8990 0.8990 0.8990 0.8994
2434.579570 0.8999 0.9004 0.9009 0.9016 0.9024
2439.252469 0.9031 0.9039 0.9042 0.9045 0.9047
2443.925367 0.9050 0.9054 0.9059 0.9064 0.9069
2448.598266 0.9070 0.9070 0.9070 0.9070 0.9070
2453.271164 0.9070 0.9070 0.9070 0.9070 0.9070
2457.944063 0.9070 0.9070 0.9070 0.9070 0.9070
2462.616962 0.9070 0.9066 0.9061 0.9056 0.9051
2467.289860 0.9050 0.9050 0.9050 0.9050 0.9048
2471.962759 0.9045 0.9043 0.9040 0.9033 0.9026
2476.635657 0.9018 0.9011 0.9010 0.9010 0.9010
2481.308556 0.9010 0.9005 0.9000 0.8995 0.8990
2485.981455 0.8990 0.8990 0.8990 0.8990 0.8988
2490.654353 0.8985 0.8983 0.8980 0.8980 0.8980
2495.327252 0.8980 0.8980 0.8980 0.8980 0.8980
2500.000150 0.8980 0.8980 0.8980 0.8980 0.8980
2504.673049 0.8980 0.8980 0.8980 0.8980 0.8975
2509.345948 0.8970 0.8965 0.8960 0.8960 0.8960
2514.018846 0.8960 0.8960 0.8960 0.8960 0.8960
2518.691745 0.8960 0.8958 0.8955 0.8952 0.8950
2523.364643 0.8950 0.8950 0.8950 0.8950 0.8950
2528.037542 0.8950 0.8950 0.8950 0.8945 0.8940
2532.710441 0.8935 0.8930 0.8930 0.8930 0.8930
2537.383339 0.8930 0.8927 0.8925 0.8922 0.8920
2542.056238 0.8920 0.8920 0.8920 0.8920 0.8920
2546.729136 0.8920 0.8920 0.8920 0.8915 0.8910
2551.402035 0.8905 0.8900 0.8900 0.8900 0.8900
2556.074934 0.8900 0.8897 0.8895 0.8892 0.8890
2560.747832 0.8890 0.8890 0.8890 0.8890 0.8890
2565.420731 0.8890 0.8890 0.8889 0.8884 0.8879
2570.093629 0.8874 0.8870 0.8870 0.8870 0.8870
2574.766528 0.8870 0.8870 0.8870 0.8870 0.8870
2579.439427 0.8870 0.8870 0.8870 0.8870 0.8867
2584.112325 0.8865 0.8862 0.8860 0.8860 0.8860
2588.785224 0.8860 0.8860 0.8860 0.8860 0.8860
2593.458122 0.8859 0.8854 0.8849 0.8844 0.8840
2598.131021 0.8837 0.8835 0.8832 0.8829 0.8824
2602.803920 0.8819 0.8814 0.8808 0.8798 0.8788
2607.476818 0.8778 0.8769 0.8761 0.8754 0.8746
2612.149717 0.8739 0.8734 0.8729 0.8724 0.8720
2616.822615 0.8720 0.8720 0.8720 0.8720 0.8720
2621.495514 0.8720 0.8720 0.8720 0.8720 0.8720
2626.168413 0.8720 0.8720 0.8717 0.8715 0.8712
2630.841311 0.8710 0.8710 0.8710 0.8710 0.8709
2635.514210 0.8704 0.8699 0.8694 0.8690 0.8690
2640.187108 0.8690 0.8690 0.8689 0.8687 0.8684
2644.860007 0.8682 0.8679 0.8674 0.8669 0.8664
2649.532906 0.8656 0.8641 0.8626 0.8611 0.8598
2654.205804 0.8590 0.8583 0.8575 0.8569 0.8564
2658.878703 0.8559 0.8554 0.8548 0.8540 0.8533
2663.551601 0.8525 0.8520 0.8520 0.8520 0.8520
2668.224500 0.8519 0.8514 0.8508 0.8503 0.8499
2672.897399 0.8497 0.8494 0.8492 0.8488 0.8483
2677.570297 0.8478 0.8473 0.8467 0.8460 0.8452
2682.243196 0.8445 0.8439 0.8437 0.8434 0.8432
2686.916094 0.8428 0.8423 0.8418 0.8413 0.8409
2691.588993 0.8407 0.8404 0.8402 0.8397 0.8390
2696.261892 0.8382 0.8375 0.8366 0.8353 0.8341
2700.934790 0.8328 0.8317 0.8310 0.8302 0.8295
2705.607689 0.8287 0.8280 0.8272 0.8264 0.8259
2710.280587 0.8256 0.8254 0.8251 0.8247 0.8239
2714.953486 0.8232 0.8224 0.8220 0.8220 0.8220
2719.626385 0.8220 0.8218 0.8213 0.8208 0.8203
2724.299283 0.8199 0.8196 0.8194 0.8191 0.8187
2728.972182 0.8179 0.8172 0.8164 0.8157 0.8149
2733.645080 0.8142 0.8134 0.8127 0.8119 0.8112
2738.317979 0.8104 0.8095 0.8082 0.8070 0.8057
2742.990878 0.8047 0.8039 0.8032 0.8024 0.8015
2747.663776 0.8005 0.7995 0.7985 0.7974 0.7961
2752.336675 0.7949 0.7936 0.7926 0.7919 0.7911
2757.009573 0.7904 0.7895 0.7885 0.7875 0.7865
2761.682472 0.7856 0.7849 0.7841 0.7834 0.7826
2766.355371 0.7819 0.7811 0.7804 0.7798 0.7793
2771.028269 0.7788 0.7783 0.7776 0.7769 0.7761
2775.701168 0.7754 0.7746 0.7739 0.7731 0.7724
2780.374066 0.7712 0.7697 0.7682 0.7667 0.7651
2785.046965 0.7636 0.7621 0.7606 0.7587 0.7565
2789.719864 0.7542 0.7520 0.7497 0.7475 0.7452
2794.392762 0.7430 0.7406 0.7381 0.7356 0.7331
2799.065661 0.7304 0.7277 0.7249 0.7222 0.7194
2803.738559 0.7167 0.7139 0.7112 0.7083 0.7053
2808.411458 0.7023 0.6993 0.6964 0.6937 0.6909
2813.084357 0.6882 0.6839 0.6784 0.6729 0.6674
2817.757255 0.6634 0.6606 0.6578 0.6550 0.6526
2822.430154 0.6503 0.6481 0.6458 0.6439 0.6421
2827.103052 0.6404 0.6386 0.6367 0.6347 0.6327
2831.775951 0.6307 0.6298 0.6296 0.6293 0.6291
2836.448850 0.6285 0.6278 0.6270 0.6263 0.6250
2841.121748 0.6235 0.6220 0.6205 0.6190 0.6175
2845.794647 0.6160 0.6145 0.6127 0.6107 0.6087
2850.467545 0.6067 0.6046 0.6023 0.6001 0.5978
2855.140444 0.5955 0.5932 0.5909 0.5887 0.5862
2859.813343 0.5837 0.5812 0.5787 0.5757 0.5724
2864.486241 0.5692 0.5659 0.5629 0.5599 0.5569
2869.159140 0.5539 0.5503 0.5466 0.5428 0.5391
2873.832038 0.5350 0.5307 0.5265 0.5222 0.5181
2878.504937 0.5141 0.5101 0.5061 0.5018 0.4973
2883.177836 0.4928 0.4883 0.4838 0.4793 0.4748
2887.850734 0.4703 0.4654 0.4604 0.4554 0.4504
2892.523633 0.4450 0.4394 0.4338 0.4282 0.4211
2897.196531 0.4136 0.4061 0.3986 0.3861 0.3724
2901.869430 0.3586 0.3449 0.3416 0.3411 0.3406
2906.542329 0.3401 0.3404 0.3409 0.3414 0.3419
2911.215227 0.3499 0.3599 0.3699 0.3799 0.3879
2915.888126 0.3954 0.4029 0.4104 0.4173 0.4241
2920.561024 0.4308 0.4376 0.4420 0.4457 0.4495
2925.233923 0.4532 0.4572 0.4612 0.4652 0.4692
2929.906822 0.4724 0.4755 0.4785 0.4816 0.4833
2934.579720 0.4848 0.4863 0.4878 0.4880 0.4880
2939.252619 0.4880 0.4880 0.4880 0.4880 0.4880
2943.925517 0.4880 0.4880 0.4880 0.4880 0.4880
2948.598416 0.4880 0.4880 0.4880 0.4880 0.4880
2953.271315 0.4880 0.4880 0.4880 0.4884 0.4889
2957.944213 0.4894 0.4899 0.4909 0.4919 0.4929
2962.617112 0.4939 0.4996 0.5061 0.5126 0.5191
2967.290010 0.5288 0.5390 0.5492 0.5594 0.5701
2971.962909 0.5809 0.5916 0.6024 0.6077 0.6127
2976.635808 0.6177 0.6227 0.6268 0.6308 0.6348
2981.308706 0.6388 0.6425 0.6463 0.6500 0.6538
2985.981605 0.6559 0.6579 0.6599 0.6619 0.6636
2990.654503 0.6654 0.6671 0.6689 0.6718 0.6748
2995.327402 0.6778 0.6808 0.6838 0.6868 0.6898
3000.000301 0.6928 0.6956 0.6983 0.7011 0.7038
3004.673199 0.7062 0.7084 0.7107 0.7130 0.7150
3009.346098 0.7170 0.7190 0.7210 0.7230 0.7250
3014.018997 0.7270 0.7290 0.7305 0.7320 0.7335
3018.691895 0.7350 0.7365 0.7380 0.7395 0.7410
3023.364794 0.7420 0.7430 0.7440 0.7450 0.7463
3028.037692 0.7475 0.7488 0.7500 0.7510 0.7520
3032.710591 0.7530 0.7540 0.7548 0.7555 0.7563
3037.383490 0.7570 0.7578 0.7585 0.7593 0.7600
3042.056388 0.7608 0.7615 0.7623 0.7630 0.7635
3046.729287 0.7640 0.7645 0.7650 0.7653 0.7655
3051.402185 0.7658 0.7660 0.7665 0.7670 0.7675
3056.075084 0.7680 0.7683 0.7685 0.7688 0.7690
3060.747983 0.7695 0.7700 0.7705 0.7710 0.7713
3065.420881 0.7715 0.7718 0.7720 0.7725 0.7730
3070.093780 0.7735 0.7740 0.7743 0.7745 0.7748
3074.766678 0.7750 0.7755 0.7760 0.7765 0.7770
3079.439577 0.7773 0.7775 0.7778 0.7780 0.7780
3084.112476 0.7780 0.7780 0.7781 0.7786 0.7791
3088.785374 0.7796 0.7800 0.7800 0.7800 0.7800
3093.458273 0.7800 0.7803 0.7805 0.7808 0.7810
3098.131171 0.7810 0.7810 0.7810 0.7810 0.7810
3102.804070 0.7810 0.7810 0.7810 0.7810 0.7810
3107.476969 0.7810 0.7810 0.7807 0.7805 0.7802
3112.149867 0.7800 0.7800 0.7800 0.7800 0.7799
3116.822766 0.7794 0.7789 0.7784 0.7780 0.7780
3121.495664 0.7780 0.7780 0.7780 0.7780 0.7780
3126.168563 0.7780 0.7780 0.7780 0.7780 0.7780
3130.841462 0.7780 0.7780 0.7780 0.7780 0.7780
3135.514360 0.7780 0.7780 0.7780 0.7780 0.7780
3140.187259 0.7780 0.7780 0.7779 0.7777 0.7774
3144.860157 0.7772 0.7770 0.7770 0.7770 0.7770
3149.533056 0.7768 0.7761 0.7753 0.7746 0.7740
3154.205955 0.7740 0.7740 0.7740 0.7740 0.7740
3158.878853 0.7740 0.7740 0.7738 0.7733 0.7728
3163.551752 0.7723 0.7720 0.7720 0.7720 0.7720
3168.224650 0.7719 0.7717 0.7714 0.7712 0.7708
3172.897549 0.7703 0.7698 0.7693 0.7689 0.7687
3177.570448 0.7684 0.7682 0.7680 0.7680 0.7680
3182.243346 0.7680 0.7678 0.7673 0.7668 0.7663
3186.916245 0.7660 0.7660 0.7660 0.7660 0.7660
3191.589143 0.7660 0.7660 0.7660 0.7660 0.7660
3196.262042 0.7660 0.7660 0.7660 0.7660 0.7660
3200.934941 0.7660 0.7660 0.7660 0.7660 0.7660
3205.607839 0.7660 0.7660 0.7660 0.7660 0.7660
3210.280738 0.7660 0.7660 0.7660 0.7659 0.7657
3214.953636 0.7654 0.7652 0.7648 0.7643 0.7638
3219.626535 0.7633 0.7629 0.7627 0.7624 0.7622
3224.299434 0.7618 0.7613 0.7608 0.7603 0.7600
3228.972332 0.7600 0.7600 0.7600 0.7599 0.7596
3233.645231 0.7594 0.7591 0.7588 0.7583 0.7578
3238.318129 0.7573 0.7570 0.7570 0.7570 0.7570
3242.991028 0.7569 0.7566 0.7564 0.7561 0.7557
3247.663927 0.7549 0.7542 0.7534 0.7530 0.7530
3252.336825 0.7530 0.7530 0.7528 0.7523 0.7518
3257.009724 0.7513 0.7510 0.7510 0.7510 0.7510
3261.682622 0.7509 0.7506 0.7504 0.7501 0.7498
3266.355521 0.7493 0.7487 0.7482 0.7476 0.7468
3271.028420 0.7461 0.7453 0.7449 0.7446 0.7444
3275.701318 0.7441 0.7437 0.7432 0.7427 0.7422
3280.374217 0.7419 0.7416 0.7414 0.7411 0.7407
3285.047115 0.7402 0.7397 0.7392 0.7386 0.7378
3289.720014 0.7371 0.7363 0.7355 0.7345 0.7335
3294.392913 0.7325 0.7317 0.7312 0.7307 0.7302
3299.065811 0.7299 0.7296 0.7294 0.7291 0.7286
3303.738710 0.7278 0.7271 0.7263 0.7257 0.7252
3308.411608 0.7247 0.7242 0.7235 0.7228 0.7220
3313.084507 0.7213 0.7205 0.7198 0.7190 0.7183
3317.757406 0.7178 0.7176 0.7173 0.7171 0.7165
3322.430304 0.7158 0.7150 0.7143 0.7135 0.7128
3327.103203 0.7120 0.7113 0.7105 0.7098 0.7090
3331.776101 0.7083 0.7074 0.7064 0.7054 0.7044
3336.449000 0.7035 0.7028 0.7020 0.7013 0.7005
3341.121899 0.6998 0.6990 0.6982 0.6971 0.6959
3345.794797 0.6946 0.6934 0.6925 0.6917 0.6910
3350.467696 0.6902 0.6893 0.6883 0.6873 0.6863
3355.140594 0.6855 0.6847 0.6840 0.6832 0.6821
3359.813493 0.6809 0.6796 0.6784 0.6773 0.6763
3364.486392 0.6753 0.6743 0.6725 0.6702 0.6680
3369.159290 0.6657 0.6640 0.6625 0.6610 0.6595
3373.832189 0.6585 0.6577 0.6570 0.6562 0.6556
3378.505087 0.6551 0.6546 0.6541 0.6538 0.6536
3383.177986 0.6533 0.6531 0.6526 0.6521 0.6516
3387.850885 0.6511 0.6510 0.6510 0.6510 0.6510
3392.523783 0.6510 0.6510 0.6510 0.6510 0.6510
3397.196682 0.6510 0.6510 0.6510 0.6510 0.6510
3401.869580 0.6510 0.6510 0.6514 0.6519 0.6524
3406.542479 0.6529 0.6530 0.6530 0.6530 0.6530
3411.215378 0.6532 0.6534 0.6537 0.6539 0.6540
3415.888276 0.6540 0.6540 0.6540 0.6544 0.6549
3420.561175 0.6554 0.6559 0.6562 0.6565 0.6567
3425.234073 0.6570 0.6574 0.6579 0.6584 0.6589
3429.906972 0.6592 0.6595 0.6597 0.6600 0.6604
3434.579871 0.6609 0.6614 0.6619 0.6622 0.6625
3439.252769 0.6627 0.6630 0.6634 0.6639 0.6644
3443.925668 0.6649 0.6650 0.6650 0.6650 0.6650
3448.598566 0.6652 0.6655 0.6657 0.6660 0.6660
3453.271465 0.6660 0.6660 0.6660 0.6665 0.6670
3457.944364 0.6675 0.6680 0.6682 0.6685 0.6687
3462.617262 0.6690 0.6695 0.6700 0.6705 0.6710
3467.290161 0.6712 0.6715 0.6717 0.6720 0.6727
3471.963059 0.6734 0.6742 0.6749 0.6755 0.6760
3476.635958 0.6765 0.6770 0.6779 0.6789 0.6799
3481.308857 0.6809 0.6817 0.6824 0.6832 0.6839
3485.981755 0.6847 0.6854 0.6862 0.6869 0.6877
3490.654654 0.6885 0.6892 0.6900 0.6905 0.6910
3495.327552 0.6915 0.6920 0.6927 0.6935 0.6942
3500.000451 0.6950 0.6952 0.6955 0.6957 0.6960
3504.673350 0.6967 0.6975 0.6982 0.6990 0.6995
3509.346248 0.7000 0.7005 0.7010 0.7017 0.7025
3514.019147 0.7032 0.7040 0.7042 0.7045 0.7047
3518.692045 0.7050 0.7057 0.7065 0.7072 0.7080
3523.364944 0.7085 0.7090 0.7095 0.7100 0.7108
3528.037843 0.7115 0.7123 0.7130 0.7133 0.7135
3532.710741 0.7138 0.7140 0.7143 0.7145 0.7148
3537.383640 0.7150 0.7158 0.7165 0.7173 0.7180
3542.056538 0.7185 0.7190 0.7195 0.7200 0.7208
3546.729437 0.7215 0.7223 0.7230 0.7238 0.7245
3551.402336 0.7253 0.7260 0.7263 0.7265 0.7268
3556.075234 0.7270 0.7278 0.7285 0.7293 0.7300
3560.748133 0.7300 0.7300 0.7300 0.7300 0.7305
3565.421031 0.7310 0.7316 0.7320 0.7320 0.7320
3570.093930 0.7320 0.7320 0.7323 0.7325 0.7328
3574.766829 0.7331 0.7336 0.7341 0.7346 0.7351
3579.439727 0.7359 0.7366 0.7374 0.7380 0.7383
3584.112626 0.7385 0.7388 0.7391 0.7399 0.7406
3588.785524 0.7414 0.7421 0.7426 0.7431 0.7436
3593.458423 0.7440 0.7440 0.7440 0.7440 0.7440
3598.131322 0.7443 0.7445 0.7448 0.7450 0.7450
3602.804220 0.7450 0.7450 0.7450 0.7450 0.7450
3607.477119 0.7450 0.7451 0.7456 0.7461 0.7466
3612.150017 0.7470 0.7470 0.7470 0.7470 0.7471
3616.822916 0.7473 0.7476 0.7478 0.7481 0.7486
3621.495815 0.7491 0.7496 0.7500 0.7500 0.7500
3626.168713 0.7500 0.7500 0.7500 0.7500 0.7500
3630.841612 0.7500 0.7500 0.7500 0.7500 0.7500
3635.514510 0.7500 0.7500 0.7500 0.7500 0.7500
3640.187409 0.7500 0.7500 0.7500 0.7500 0.7500
3644.860308 0.7500 0.7500 0.7500 0.7500 0.7500
3649.533206 0.7500 0.7500 0.7500 0.7500 0.7500
3654.206105 0.7500 0.7500 0.7500 0.7500 0.7500
3658.879003 0.7500 0.7500 0.7500 0.7500 0.7500
3663.551902 0.7500 0.7500 0.7500 0.7500 0.7500
3668.224801 0.7500 0.7500 0.7500 0.7500 0.7500
3672.897699 0.7500 0.7500 0.7500 0.7500 0.7500
3677.570598 0.7500 0.7500 0.7500 0.7500 0.7500
3682.243497 0.7500 0.7500 0.7500 0.7500 0.7500
3686.916395 0.7500 0.7500 0.7500 0.7500 0.7500
3691.589294 0.7500 0.7500 0.7500 0.7500 0.7500
3696.262192 0.7500 0.7500 0.7498 0.7493 0.7488
3700.935091 0.7483 0.7480 0.7480 0.7480 0.7480
3705.607990 0.7479 0.7477 0.7474 0.7472 0.7466
3710.280888 0.7453 0.7441 0.7428 0.7419 0.7417
3714.953787 0.7414 0.7411 0.7410 0.7410 0.7410
3719.626685 0.7410 0.7410 0.7410 0.7410 0.7410
3724.299584 0.7411 0.7414 0.7416 0.7419 0.7420
3728.972483 0.7420 0.7420 0.7420 0.7422 0.7427
3733.645381 0.7432 0.7437 0.7440 0.7440 0.7440
3738.318280 0.7440 0.7440 0.7440 0.7440 0.7440
3742.991178 0.7438 0.7433 0.7428 0.7423 0.7420
3747.664077 0.7420 0.7420 0.7420 0.7419 0.7416
3752.336976 0.7414 0.7411 0.7407 0.7402 0.7397
3757.009874 0.7392 0.7390 0.7390 0.7390 0.7390
3761.682773 0.7390 0.7390 0.7390 0.7390 0.7389
3766.355671 0.7386 0.7384 0.7381 0.7380 0.7380
3771.028570 0.7380 0.7380 0.7380 0.7380 0.7380
3775.701469 0.7380 0.7377 0.7372 0.7367 0.7362
3780.374367 0.7360 0.7360 0.7360 0.7360 0.7360
3785.047266 0.7360 0.7360 0.7360 0.7360 0.7360
3789.720164 0.7360 0.7360 0.7360 0.7360 0.7360
3794.393063 0.7360 0.7360 0.7360 0.7360 0.7360
3799.065962 0.7360 0.7360 0.7360 0.7360 0.7360
3803.738860 0.7360 0.7360 0.7360 0.7360 0.7360
3808.411759 0.7360 0.7360 0.7359 0.7356 0.7354
3813.084657 0.7351 0.7347 0.7342 0.7337 0.7332
3817.757556 0.7330 0.7330 0.7330 0.7330 0.7329
3822.430455 0.7326 0.7324 0.7321 0.7320 0.7320
3827.103353 0.7320 0.7320 0.7317 0.7312 0.7307
3831.776252 0.7302 0.7298 0.7296 0.7293 0.7291
3836.449150 0.7287 0.7282 0.7277 0.7272 0.7268
3841.122049 0.7266 0.7263 0.7261 0.7257 0.7252
3845.794948 0.7247 0.7242 0.7240 0.7240 0.7240
3850.467846 0.7240 0.7238 0.7236 0.7233 0.7231
3855.140745 0.7230 0.7230 0.7230 0.7230 0.7230
3859.813643 0.7230 0.7230 0.7230 0.7230 0.7230
3864.486542 0.7230 0.7230 0.7230 0.7230 0.7230
3869.159441 0.7230 0.7230 0.7230 0.7230 0.7230
3873.832339 0.7226 0.7221 0.7216 0.7211 0.7210
3878.505238 0.7210 0.7210 0.7210 0.7210 0.7210
3883.178136 0.7210 0.7210 0.7210 0.7210 0.7210
3887.851035 0.7210 0.7210 0.7210 0.7210 0.7210
3892.523934 0.7208 0.7206 0.7203 0.7201 0.7200
3897.196832 0.7200 0.7200 0.7200 0.7200 0.7200
3901.869731 0.7200 0.7200 0.7200 0.7200 0.7200
3906.542629 0.7200 0.7200 0.7200 0.7200 0.7200
3911.215528 0.7200 0.7200 0.7200 0.7200 0.7200
3915.888427 0.7200 0.7200 0.7200 0.7200 0.7200
3920.561325 0.7200 0.7200 0.7196 0.7191 0.7186
3925.234224 0.7181 0.7180 0.7180 0.7180 0.7180
3929.907122 0.7180 0.7180 0.7180 0.7180 0.7180
3934.580021 0.7180 0.7180 0.7180 0.7180 0.7180
3939.252920 0.7180 0.7180 0.7180 0.7180 0.7180
3943.925818 0.7180 0.7180 0.7180 0.7180 0.7180
3948.598717 0.7178 0.7175 0.7173 0.7170 0.7170
3953.271615 0.7170 0.7170 0.7170 0.7170 0.7170
3957.944514 0.7170 0.7170 0.7170 0.7170 0.7170
3962.617413 0.7170 0.7166 0.7161 0.7156 0.7151
3967.290311 0.7150 0.7150 0.7150 0.7150 0.7150
3971.963210 0.7150 0.7150 0.7150 0.7150 0.7150
3976.636108 0.7150 0.7150 0.7148 0.7145 0.7143
3981.309007 0.7140 0.7140 0.7140 0.7140 0.7140
##END=
