##TITLE=4-Pentenal, 2-ethyl-
##JCAMP-DX=4.24
##DATA TYPE=INFRARED SPECTRUM
##CLASS=COBLENTZ
##ORIGIN=DOW CHEMICAL COMPANY
##OWNER=Copyright (C) 1987 by the Coblentz Society
Collection (C) 2018 copyright by the U.S. Secretary of Commerce
on behalf of the United States of America. All rights reserved.
##DATE=1966/01/25
##NAMES=2-ethyl-4-pentenal
##CAS REGISTRY NO=5204-80-8
##MOLFORM=C7 H12 O
##SOURCE REFERENCE=COBLENTZ NO. 8127
##$NIST SOURCE=COBLENTZ
##$NIST IMAGE=cob8127
##SPECTROMETER/DATA SYSTEM=DOW KBr FOREPRISM-GRATING
##INSTRUMENT PARAMETERS=BLAZED AT 3.5, 12.0, 20.0 MICRON AND CHANGED AT 5.0, 7.5, 14.9 MICRON
##STATE=SOLUTION (10% CCl4 FOR 3800-1330, 10% CS2 FOR 1330-400 CM^-^1) VS SOLVENT
##PATH LENGTH=0.011 CM, 0.011 CM
$$ ESTIMATED PURITY 85%
$$SPECTRAL CONTAMINATION DUE TO AN UNKNOWN (ACID) AROUND 1700 CM^-^1
$$ SPECTRAL FEATURE AT 669 CM^-^1 IS AN ARTIFACT CAUSED BY GRATING CHANGE
##SAMPLING PROCEDURE=TRANSMISSION
##RESOLUTION=2
##DATA PROCESSING=DIGITIZED BY COBLENTZ SOCIETY (BATCH II) FROM HARD COPY
##XUNITS=1/CM
##YUNITS=TRANSMITTANCE
##XFACTOR=1.0
##YFACTOR=1
##FIRSTX=384
##LASTX=3800
##FIRSTY=0.9606
##MAXX=3800
##MINX=384
##MAXY=0.9538
##MINY=0.0057
##NPOINTS=3417
##XYDATA=(X++(Y..Y))
384.000000 0.9606 0.9601 0.9593 0.9584 0.9575
389.000000 0.9568 0.9562 0.9556 0.9550 0.9547
394.000000 0.9544 0.9542 0.9539 0.9538 0.9538
399.000000 0.9538 0.9538 0.9537 0.9537 0.9537
404.000000 0.9536 0.9536 0.9535 0.9530 0.9525
409.000000 0.9520 0.9516 0.9511 0.9504 0.9487
414.000000 0.9470 0.9450 0.9429 0.9409 0.9389
419.000000 0.9373 0.9358 0.9342 0.9327 0.9312
424.000000 0.9296 0.9281 0.9267 0.9252 0.9238
429.000000 0.9223 0.9209 0.9195 0.9180 0.9166
434.000000 0.9152 0.9137 0.9123 0.9109 0.9096
439.000000 0.9088 0.9079 0.9071 0.9062 0.9054
444.000000 0.9045 0.9037 0.9027 0.9018 0.9009
449.000000 0.9000 0.8990 0.8981 0.8973 0.8965
454.000000 0.8958 0.8965 0.8943 0.8935 0.8929
459.000000 0.8927 0.8924 0.8922 0.8920 0.8918
464.000000 0.8916 0.8914 0.8911 0.8908 0.8904
469.000000 0.8901 0.8898 0.8894 0.8891 0.8887
474.000000 0.8884 0.8881 0.8877 0.8874 0.8870
479.000000 0.8867 0.8863 0.8857 0.8845 0.8832
484.000000 0.8820 0.8807 0.8795 0.8783 0.8770
489.000000 0.8758 0.8747 0.8735 0.8723 0.8711
494.000000 0.8700 0.8688 0.8676 0.8665 0.8654
499.000000 0.8643 0.8631 0.8620 0.8609 0.8598
504.000000 0.8586 0.8575 0.8564 0.8552 0.8539
509.000000 0.8525 0.8512 0.8498 0.8485 0.8471
514.000000 0.8458 0.8445 0.8431 0.8419 0.8407
519.000000 0.8394 0.8382 0.8370 0.8358 0.8347
524.000000 0.8339 0.8332 0.8324 0.8316 0.8310
529.000000 0.8304 0.8298 0.8280 0.8286 0.8282
534.000000 0.8279 0.8277 0.8274 0.8271 0.8268
539.000000 0.8265 0.8263 0.8261 0.8259 0.8257
544.000000 0.8256 0.8257 0.8258 0.8259 0.8263
549.000000 0.8268 0.8272 0.8296 0.8325 0.8347
554.000000 0.8370 0.8392 0.8414 0.8433 0.8451
559.000000 0.8469 0.8487 0.8504 0.8508 0.8508
564.000000 0.8508 0.8508 0.8505 0.8502 0.8499
569.000000 0.8497 0.8494 0.8491 0.8480 0.8476
574.000000 0.8468 0.8461 0.8453 0.8445 0.8437
579.000000 0.8429 0.8419 0.8409 0.8399 0.8389
584.000000 0.8378 0.8368 0.8358 0.8343 0.8327
589.000000 0.8312 0.8296 0.8281 0.8265 0.8245
594.000000 0.8223 0.8202 0.8180 0.8159 0.8128
599.000000 0.8097 0.8067 0.8036 0.8006 0.7975
604.000000 0.7945 0.7914 0.7881 0.7846 0.7815
609.000000 0.7805 0.7795 0.7794 0.7793 0.7793
614.000000 0.7796 0.7798 0.7802 0.7806 0.7811
619.000000 0.7814 0.7812 0.7810 0.7808 0.7800
624.000000 0.7791 0.7782 0.7773 0.7759 0.7745
629.000000 0.7732 0.7718 0.7704 0.7690 0.7679
634.000000 0.7669 0.7659 0.7649 0.7639 0.7630
639.000000 0.7622 0.7618 0.7626 0.7628 0.7630
644.000000 0.7633 0.7638 0.7645 0.7652 0.7660
649.000000 0.7670 0.7680 0.7690 0.7700 0.7711
654.000000 0.7723 0.7734 0.7754 0.7801 0.7878
659.000000 0.7951 0.7995 0.8027 0.8033 0.8035
664.000000 0.8033 0.7926 0.7659 0.7392 0.7125
669.000000 0.6890 0.7124 0.7793 0.8079 0.8111
674.000000 0.8145 0.8179 0.8211 0.8245 0.8282
679.000000 0.8319 0.8358 0.8397 0.8436 0.8475
684.000000 0.8516 0.8557 0.8596 0.8605 0.8614
689.000000 0.8627 0.8653 0.8666 0.8679 0.8692
694.000000 0.8703 0.8705 0.8707 0.8712 0.8738
699.000000 0.8761 0.8773 0.8786 0.8794 0.8794
704.000000 0.8794 0.8794 0.8793 0.8791 0.8790
709.000000 0.8789 0.8788 0.8812 0.8782 0.8779
714.000000 0.8775 0.8771 0.8765 0.8759 0.8753
719.000000 0.8747 0.8741 0.8734 0.8727 0.8719
724.000000 0.8711 0.8703 0.8696 0.8688 0.8680
729.000000 0.8672 0.8665 0.8658 0.8651 0.8644
734.000000 0.8636 0.8629 0.8622 0.8612 0.8600
739.000000 0.8589 0.8578 0.8567 0.8555 0.8544
744.000000 0.8533 0.8521 0.8505 0.8488 0.8472
749.000000 0.8455 0.8439 0.8421 0.8400 0.8379
754.000000 0.8358 0.8337 0.8312 0.8277 0.8242
759.000000 0.8206 0.8170 0.8110 0.8050 0.7987
764.000000 0.7902 0.7816 0.7730 0.7604 0.7474
769.000000 0.7346 0.7214 0.7035 0.6113 0.5884
774.000000 0.5868 0.5849 0.5866 0.5875 0.5886
779.000000 0.5911 0.5967 0.6083 0.6248 0.6413
784.000000 0.6579 0.6744 0.6889 0.7013 0.7142
789.000000 0.7288 0.7439 0.7649 0.7726 0.7745
794.000000 0.7762 0.7778 0.7790 0.7802 0.7814
799.000000 0.7826 0.7836 0.7846 0.7856 0.7866
804.000000 0.7874 0.7880 0.7886 0.7892 0.7899
809.000000 0.7902 0.7902 0.7902 0.7902 0.7886
814.000000 0.7873 0.7857 0.7841 0.7826 0.7806
819.000000 0.7784 0.7763 0.7742 0.7723 0.7704
824.000000 0.7686 0.7674 0.7665 0.7660 0.7657
829.000000 0.7653 0.7650 0.7648 0.7649 0.7652
834.000000 0.7651 0.7651 0.7655 0.7660 0.7665
839.000000 0.7670 0.7675 0.7684 0.7698 0.7709
844.000000 0.7718 0.7727 0.7736 0.7736 0.7751
849.000000 0.7736 0.7736 0.7732 0.7727 0.7717
854.000000 0.7704 0.7692 0.7672 0.7651 0.7630
859.000000 0.7601 0.7572 0.7543 0.7514 0.7479
864.000000 0.7436 0.7392 0.7349 0.7281 0.7211
869.000000 0.7112 0.7006 0.6864 0.6672 0.6611
874.000000 0.6591 0.6574 0.6594 0.6606 0.6638
879.000000 0.6690 0.6787 0.7043 0.7093 0.7098
884.000000 0.7098 0.7089 0.7087 0.7076 0.7064
889.000000 0.7039 0.6992 0.6941 0.6891 0.6844
894.000000 0.6774 0.6707 0.6643 0.6580 0.6504
899.000000 0.6418 0.6296 0.6121 0.5965 0.5793
904.000000 0.5610 0.5431 0.5082 0.4712 0.4482
909.000000 0.4100 0.3639 0.3260 0.2880 0.2500
914.000000 0.2121 0.1741 0.1361 0.0981 0.0875
919.000000 0.0881 0.0867 0.1485 0.1843 0.2200
924.000000 0.2558 0.2916 0.3274 0.3632 0.3989
929.000000 0.4347 0.4705 0.5183 0.5298 0.5382
934.000000 0.5466 0.5532 0.5597 0.5645 0.5684
939.000000 0.5711 0.5738 0.5764 0.5783 0.5801
944.000000 0.5820 0.5838 0.5855 0.5871 0.5887
949.000000 0.5903 0.5920 0.5939 0.5958 0.5977
954.000000 0.5997 0.6011 0.6024 0.6036 0.6049
959.000000 0.6062 0.6071 0.6078 0.6085 0.6091
964.000000 0.6098 0.6105 0.6109 0.6110 0.6126
969.000000 0.6111 0.6106 0.6100 0.6088 0.6066
974.000000 0.6033 0.5995 0.5955 0.5914 0.5862
979.000000 0.5806 0.5748 0.5666 0.5556 0.5446
984.000000 0.5118 0.4860 0.4602 0.4344 0.4087
989.000000 0.3829 0.3571 0.3224 0.3100 0.3092
994.000000 0.3102 0.3169 0.3312 0.3410 0.3520
999.000000 0.3650 0.3998 0.4347 0.4695 0.5009
1004.000000 0.5142 0.5234 0.5311 0.5388 0.5473
1009.000000 0.5559 0.5670 0.5797 0.5889 0.5951
1014.000000 0.5978 0.6005 0.6031 0.6051 0.6075
1019.000000 0.6108 0.6143 0.6180 0.6224 0.6268
1024.000000 0.6300 0.6324 0.6336 0.6349 0.6342
1029.000000 0.6337 0.6330 0.6321 0.6310 0.6296
1034.000000 0.6278 0.6259 0.6238 0.6218 0.6207
1039.000000 0.6197 0.6199 0.6202 0.6206 0.6213
1044.000000 0.6220 0.6230 0.6241 0.6252 0.6266
1049.000000 0.6280 0.6295 0.6309 0.6323 0.6328
1054.000000 0.6332 0.6336 0.6335 0.6333 0.6330
1059.000000 0.6325 0.6320 0.6314 0.6309 0.6304
1064.000000 0.6299 0.6294 0.6289 0.6285 0.6279
1069.000000 0.6274 0.6268 0.6263 0.6258 0.6252
1074.000000 0.6246 0.6241 0.6235 0.6229 0.6223
1079.000000 0.6217 0.6211 0.6204 0.6197 0.6190
1084.000000 0.6184 0.6178 0.6173 0.6169 0.6164
1089.000000 0.6163 0.6164 0.6165 0.6166 0.6167
1094.000000 0.6170 0.6172 0.6175 0.6178 0.6180
1099.000000 0.6182 0.6185 0.6187 0.6188 0.6185
1104.000000 0.6182 0.6180 0.6177 0.6174 0.6171
1109.000000 0.6166 0.6161 0.6157 0.6152 0.6147
1114.000000 0.6140 0.6132 0.6125 0.6117 0.6109
1119.000000 0.6101 0.6093 0.6083 0.6073 0.6063
1124.000000 0.6053 0.6043 0.6033 0.6023 0.6013
1129.000000 0.6003 0.5993 0.5983 0.5973 0.5963
1134.000000 0.5954 0.5944 0.5934 0.5927 0.5919
1139.000000 0.5912 0.5905 0.5897 0.5890 0.5883
1144.000000 0.5878 0.5872 0.5867 0.5861 0.5856
1149.000000 0.5852 0.5851 0.5850 0.5896 0.5857
1154.000000 0.5874 0.5895 0.5916 0.5937 0.5961
1159.000000 0.5985 0.6013 0.6043 0.6074 0.6093
1164.000000 0.6105 0.6127 0.6108 0.6104 0.6095
1169.000000 0.6083 0.6070 0.6035 0.5996 0.5967
1174.000000 0.5938 0.5911 0.5889 0.5870 0.5863
1179.000000 0.5860 0.5859 0.5861 0.5869 0.5877
1184.000000 0.5899 0.5925 0.5952 0.5992 0.6034
1189.000000 0.6083 0.6134 0.6172 0.6199 0.6211
1194.000000 0.6214 0.6209 0.6208 0.6200 0.6192
1199.000000 0.6175 0.6157 0.6138 0.6112 0.6081
1204.000000 0.6050 0.6008 0.5965 0.5906 0.5834
1209.000000 0.5740 0.5713 0.5712 0.5710 0.5710
1214.000000 0.5710 0.5709 0.5708 0.5707 0.5704
1219.000000 0.5697 0.5689 0.5677 0.5665 0.5651
1224.000000 0.5636 0.5621 0.5606 0.5589 0.5572
1229.000000 0.5566 0.5569 0.5565 0.5594 0.5620
1234.000000 0.5650 0.5688 0.5727 0.5764 0.5797
1239.000000 0.5831 0.5864 0.5897 0.5930 0.5968
1244.000000 0.5992 0.5997 0.6001 0.6005 0.6008
1249.000000 0.6009 0.6011 0.6012 0.6014 0.6016
1254.000000 0.6018 0.6020 0.6023 0.6025 0.6028
1259.000000 0.6030 0.6031 0.6032 0.6033 0.6032
1264.000000 0.6028 0.6024 0.6020 0.6012 0.5987
1269.000000 0.5957 0.5925 0.5896 0.5873 0.5862
1274.000000 0.5851 0.5849 0.5849 0.5849 0.5850
1279.000000 0.5851 0.5851 0.5844 0.5838 0.5832
1284.000000 0.5815 0.5796 0.5768 0.5755 0.5751
1289.000000 0.5753 0.5765 0.5809 0.5848 0.5883
1294.000000 0.5908 0.5932 0.5958 0.5995 0.6031
1299.000000 0.6074 0.6116 0.6156 0.6193 0.6228
1304.000000 0.6258 0.6287 0.6314 0.6332 0.6350
1309.000000 0.6368 0.6386 0.6405 0.6425 0.6446
1314.000000 0.6462 0.6476 0.6490 0.6500 0.6507
1319.000000 0.6513 0.6519 0.6521 0.6512 0.6516
1324.000000 0.6506 0.6497 0.6486 0.6472 0.6458
1329.000000 0.6435 0.6409 0.6382 0.6348 0.6341
1334.000000 0.6337 0.6338 0.6336 0.6335 0.6333
1339.000000 0.6331 0.6331 0.6331 0.6331 0.6327
1344.000000 0.6322 0.6317 0.6310 0.6302 0.6294
1349.000000 0.6272 0.6250 0.6210 0.6169 0.6119
1354.000000 0.6084 0.6068 0.6056 0.6052 0.6048
1359.000000 0.6048 0.6049 0.6050 0.6055 0.6062
1364.000000 0.6069 0.6076 0.6083 0.6081 0.6077
1369.000000 0.6073 0.6070 0.6055 0.6039 0.6008
1374.000000 0.5974 0.5940 0.5900 0.5818 0.5722
1379.000000 0.5622 0.5503 0.5360 0.4751 0.4583
1384.000000 0.4409 0.4189 0.4142 0.4139 0.4172
1389.000000 0.4478 0.4681 0.4884 0.5120 0.5333
1394.000000 0.5413 0.5487 0.5549 0.5609 0.5671
1399.000000 0.5941 0.6022 0.6052 0.6061 0.6063
1404.000000 0.6064 0.6064 0.6051 0.6032 0.6007
1409.000000 0.5982 0.5949 0.5897 0.5846 0.5768
1414.000000 0.5687 0.5603 0.5519 0.5404 0.5255
1419.000000 0.5100 0.5014 0.4986 0.4983 0.5025
1424.000000 0.5339 0.5540 0.5615 0.5636 0.5642
1429.000000 0.5635 0.5630 0.5609 0.5579 0.5546
1434.000000 0.5513 0.5346 0.5150 0.4954 0.4758
1439.000000 0.4561 0.4365 0.4169 0.3899 0.3774
1444.000000 0.3666 0.3628 0.3636 0.3767 0.3898
1449.000000 0.3986 0.4009 0.4051 0.4200 0.4243
1454.000000 0.4261 0.4270 0.4264 0.4235 0.4129
1459.000000 0.3922 0.3460 0.2998 0.2842 0.2819
1464.000000 0.2819 0.2819 0.2840 0.2869 0.2905
1469.000000 0.3129 0.3588 0.4369 0.5457 0.5647
1474.000000 0.5921 0.6102 0.6249 0.6383 0.6523
1479.000000 0.6932 0.7167 0.7312 0.7384 0.7450
1484.000000 0.7512 0.7566 0.7620 0.7656 0.7687
1489.000000 0.7718 0.7749 0.7773 0.7797 0.7822
1494.000000 0.7846 0.7870 0.7892 0.7914 0.7936
1499.000000 0.7957 0.7979 0.8001 0.8022 0.8039
1504.000000 0.8056 0.8073 0.8090 0.8106 0.8123
1509.000000 0.8140 0.8157 0.8174 0.8191 0.8208
1514.000000 0.8224 0.8241 0.8258 0.8275 0.8292
1519.000000 0.8308 0.8324 0.8339 0.8354 0.8370
1524.000000 0.8385 0.8400 0.8416 0.8431 0.8448
1529.000000 0.8467 0.8486 0.8505 0.8523 0.8542
1534.000000 0.8562 0.8581 0.8601 0.8620 0.8636
1539.000000 0.8647 0.8659 0.8670 0.8679 0.8682
1544.000000 0.8684 0.8682 0.8684 0.8683 0.8679
1549.000000 0.8673 0.8666 0.8659 0.8645 0.8631
1554.000000 0.8612 0.8590 0.8565 0.8534 0.8506
1559.000000 0.8483 0.8461 0.8439 0.8416 0.8394
1564.000000 0.8372 0.8352 0.8334 0.8317 0.8299
1569.000000 0.8281 0.8264 0.8251 0.8242 0.8232
1574.000000 0.8223 0.8213 0.8204 0.8196 0.8188
1579.000000 0.8180 0.8172 0.8164 0.8153 0.8141
1584.000000 0.8130 0.8119 0.8105 0.8089 0.8072
1589.000000 0.8055 0.8038 0.8014 0.7987 0.7959
1594.000000 0.7932 0.7904 0.7878 0.7853 0.7827
1599.000000 0.7801 0.7781 0.7762 0.7742 0.7723
1604.000000 0.7704 0.7685 0.7671 0.7659 0.7646
1609.000000 0.7618 0.7589 0.7552 0.7508 0.7487
1614.000000 0.7473 0.7468 0.7463 0.7455 0.7447
1619.000000 0.7439 0.7431 0.7423 0.7415 0.7402
1624.000000 0.7386 0.7368 0.7346 0.7321 0.7286
1629.000000 0.7252 0.7196 0.7125 0.7039 0.6952
1634.000000 0.6786 0.6559 0.6300 0.6096 0.5939
1639.000000 0.5778 0.5199 0.4448 0.3696 0.3216
1644.000000 0.3202 0.3505 0.3905 0.4305 0.4705
1649.000000 0.5105 0.5505 0.5905 0.6305 0.6677
1654.000000 0.6864 0.6909 0.6923 0.6928 0.6926
1659.000000 0.6929 0.6916 0.6911 0.6905 0.6894
1664.000000 0.6883 0.6864 0.6844 0.6826 0.6805
1669.000000 0.6779 0.6747 0.6714 0.6675 0.6636
1674.000000 0.6597 0.6556 0.6514 0.6472 0.6427
1679.000000 0.6382 0.6323 0.6252 0.6167 0.6076
1684.000000 0.5966 0.5840 0.5620 0.5399 0.5041
1689.000000 0.4922 0.4803 0.4642 0.4465 0.4259
1694.000000 0.4073 0.3937 0.3634 0.3449 0.3334
1699.000000 0.3163 0.2816 0.2470 0.2124 0.1483
1704.000000 0.1258 0.1060 0.0915 0.0801 0.0682
1709.000000 0.0636 0.0625 0.0623 0.0631 0.0645
1714.000000 0.0657 0.0662 0.0653 0.0641 0.0620
1719.000000 0.0588 0.0494 0.0306 0.0180 0.0123
1724.000000 0.0097 0.0080 0.0069 0.0064 0.0059
1729.000000 0.0071 0.0057 0.0058 0.0061 0.0065
1734.000000 0.0084 0.0123 0.0170 0.0274 0.0426
1739.000000 0.0545 0.0712 0.1292 0.1601 0.1910
1744.000000 0.2219 0.2528 0.2837 0.2913 0.3001
1749.000000 0.3115 0.3279 0.3844 0.4090 0.4304
1754.000000 0.4412 0.4519 0.4956 0.5143 0.5299
1759.000000 0.5399 0.5494 0.5595 0.5697 0.5821
1764.000000 0.5959 0.6041 0.6123 0.6206 0.6359
1769.000000 0.6479 0.6578 0.6649 0.6709 0.6766
1774.000000 0.6813 0.6859 0.6905 0.6959 0.7013
1779.000000 0.7060 0.7098 0.7137 0.7175 0.7212
1784.000000 0.7248 0.7284 0.7321 0.7362 0.7404
1789.000000 0.7445 0.7486 0.7523 0.7560 0.7597
1794.000000 0.7622 0.7640 0.7659 0.7678 0.7692
1799.000000 0.7706 0.7719 0.7732 0.7746 0.7755
1804.000000 0.7763 0.7771 0.7780 0.7787 0.7793
1809.000000 0.7800 0.7804 0.7807 0.7811 0.7811
1814.000000 0.7811 0.7811 0.7810 0.7807 0.7803
1819.000000 0.7800 0.7797 0.7789 0.7781 0.7773
1824.000000 0.7766 0.7755 0.7744 0.7732 0.7712
1829.000000 0.7693 0.7672 0.7651 0.7631 0.7621
1834.000000 0.7610 0.7603 0.7597 0.7599 0.7590
1839.000000 0.7608 0.7614 0.7621 0.7628 0.7636
1844.000000 0.7654 0.7671 0.7688 0.7705 0.7723
1849.000000 0.7742 0.7769 0.7799 0.7832 0.7875
1854.000000 0.7956 0.8095 0.8133 0.8155 0.8169
1859.000000 0.8183 0.8195 0.8205 0.8214 0.8223
1864.000000 0.8232 0.8241 0.8248 0.8255 0.8261
1869.000000 0.8268 0.8273 0.8278 0.8284 0.8290
1874.000000 0.8296 0.8303 0.8309 0.8315 0.8322
1879.000000 0.8328 0.8335 0.8342 0.8349 0.8355
1884.000000 0.8360 0.8365 0.8370 0.8375 0.8380
1889.000000 0.8385 0.8390 0.8395 0.8400 0.8405
1894.000000 0.8410 0.8415 0.8418 0.8422 0.8425
1899.000000 0.8429 0.8432 0.8435 0.8437 0.8437
1904.000000 0.8437 0.8437 0.8437 0.8437 0.8437
1909.000000 0.8437 0.8437 0.8437 0.8437 0.8437
1914.000000 0.8437 0.8437 0.8437 0.8437 0.8438
1919.000000 0.8440 0.8443 0.8445 0.8448 0.8450
1924.000000 0.8453 0.8455 0.8458 0.8460 0.8462
1929.000000 0.8464 0.8467 0.8469 0.8471 0.8472
1934.000000 0.8473 0.8474 0.8475 0.8476 0.8477
1939.000000 0.8477 0.8478 0.8479 0.8480 0.8481
1944.000000 0.8482 0.8483 0.8481 0.8479 0.8478
1949.000000 0.8476 0.8474 0.8472 0.8470 0.8469
1954.000000 0.8467 0.8465 0.8463 0.8460 0.8458
1959.000000 0.8456 0.8453 0.8451 0.8449 0.8447
1964.000000 0.8447 0.8448 0.8448 0.8448 0.8448
1969.000000 0.8448 0.8447 0.8446 0.8445 0.8444
1974.000000 0.8443 0.8442 0.8441 0.8440 0.8437
1979.000000 0.8435 0.8433 0.8430 0.8428 0.8426
1984.000000 0.8423 0.8421 0.8420 0.8420 0.8421
1989.000000 0.8422 0.8422 0.8423 0.8423 0.8431
1994.000000 0.8440 0.8449 0.8465 0.8551 0.8771
1999.000000 0.8966 0.8957 0.8751 0.8545 0.8526
2004.000000 0.8508 0.8508 0.8508 0.8506 0.8505
2009.000000 0.8503 0.8502 0.8501 0.8500 0.8499
2014.000000 0.8498 0.8498 0.8499 0.8499 0.8500
2019.000000 0.8500 0.8501 0.8502 0.8503 0.8503
2024.000000 0.8504 0.8504 0.8505 0.8505 0.8505
2029.000000 0.8505 0.8505 0.8505 0.8505 0.8505
2034.000000 0.8505 0.8505 0.8505 0.8505 0.8505
2039.000000 0.8505 0.8506 0.8505 0.8505 0.8504
2044.000000 0.8503 0.8502 0.8502 0.8501 0.8500
2049.000000 0.8499 0.8499 0.8498 0.8498 0.8498
2054.000000 0.8498 0.8497 0.8497 0.8497 0.8497
2059.000000 0.8496 0.8496 0.8496 0.8496 0.8496
2064.000000 0.8496 0.8497 0.8498 0.8499 0.8500
2069.000000 0.8501 0.8502 0.8503 0.8504 0.8505
2074.000000 0.8506 0.8507 0.8508 0.8508 0.8509
2079.000000 0.8510 0.8511 0.8512 0.8513 0.8514
2084.000000 0.8515 0.8516 0.8517 0.8518 0.8519
2089.000000 0.8520 0.8521 0.8522 0.8523 0.8524
2094.000000 0.8525 0.8525 0.8525 0.8525 0.8525
2099.000000 0.8525 0.8526 0.8526 0.8526 0.8526
2104.000000 0.8526 0.8526 0.8526 0.8526 0.8526
2109.000000 0.8526 0.8526 0.8526 0.8527 0.8527
2114.000000 0.8527 0.8527 0.8528 0.8528 0.8528
2119.000000 0.8528 0.8529 0.8529 0.8530 0.8530
2124.000000 0.8530 0.8530 0.8531 0.8531 0.8531
2129.000000 0.8531 0.8532 0.8532 0.8532 0.8532
2134.000000 0.8533 0.8533 0.8533 0.8533 0.8534
2139.000000 0.8534 0.8534 0.8534 0.8534 0.8534
2144.000000 0.8534 0.8534 0.8534 0.8534 0.8534
2149.000000 0.8534 0.8534 0.8534 0.8534 0.8534
2154.000000 0.8534 0.8534 0.8534 0.8534 0.8535
2159.000000 0.8535 0.8535 0.8535 0.8535 0.8535
2164.000000 0.8535 0.8535 0.8535 0.8535 0.8535
2169.000000 0.8535 0.8535 0.8535 0.8535 0.8535
2174.000000 0.8535 0.8535 0.8535 0.8534 0.8534
2179.000000 0.8534 0.8534 0.8533 0.8533 0.8532
2184.000000 0.8532 0.8531 0.8531 0.8531 0.8531
2189.000000 0.8530 0.8530 0.8529 0.8529 0.8528
2194.000000 0.8528 0.8526 0.8525 0.8524 0.8523
2199.000000 0.8521 0.8520 0.8518 0.8517 0.8515
2204.000000 0.8514 0.8512 0.8511 0.8509 0.8508
2209.000000 0.8506 0.8505 0.8503 0.8502 0.8500
2214.000000 0.8499 0.8499 0.8499 0.8498 0.8498
2219.000000 0.8497 0.8497 0.8497 0.8497 0.8496
2224.000000 0.8496 0.8495 0.8495 0.8495 0.8495
2229.000000 0.8494 0.8494 0.8493 0.8493 0.8492
2234.000000 0.8492 0.8490 0.8489 0.8487 0.8486
2239.000000 0.8485 0.8484 0.8482 0.8481 0.8479
2244.000000 0.8478 0.8476 0.8475 0.8475 0.8475
2249.000000 0.8475 0.8475 0.8475 0.8475 0.8475
2254.000000 0.8475 0.8480 0.8486 0.8496 0.8506
2259.000000 0.8521 0.8537 0.8544 0.8551 0.8552
2264.000000 0.8554 0.8554 0.8554 0.8553 0.8552
2269.000000 0.8550 0.8549 0.8548 0.8547 0.8545
2274.000000 0.8544 0.8542 0.8541 0.8540 0.8539
2279.000000 0.8536 0.8534 0.8531 0.8529 0.8526
2284.000000 0.8524 0.8521 0.8519 0.8516 0.8514
2289.000000 0.8511 0.8508 0.8505 0.8503 0.8500
2294.000000 0.8497 0.8494 0.8492 0.8489 0.8486
2299.000000 0.8483 0.8480 0.8477 0.8474 0.8471
2304.000000 0.8468 0.8466 0.8464 0.8471 0.8478
2309.000000 0.8485 0.8492 0.8504 0.8516 0.8528
2314.000000 0.8541 0.8553 0.8565 0.8576 0.8588
2319.000000 0.8599 0.8611 0.8619 0.8628 0.8631
2324.000000 0.8634 0.8635 0.8637 0.8634 0.8631
2329.000000 0.8628 0.8625 0.8621 0.8618 0.8614
2334.000000 0.8610 0.8606 0.8602 0.8598 0.8594
2339.000000 0.8589 0.8584 0.8579 0.8574 0.8569
2344.000000 0.8564 0.8558 0.8553 0.8546 0.8539
2349.000000 0.8529 0.8519 0.8503 0.8487 0.8471
2354.000000 0.8455 0.8452 0.8449 0.8446 0.8444
2359.000000 0.8441 0.8438 0.8435 0.8433 0.8430
2364.000000 0.8427 0.8424 0.8422 0.8419 0.8416
2369.000000 0.8413 0.8410 0.8406 0.8403 0.8399
2374.000000 0.8396 0.8392 0.8388 0.8384 0.8381
2379.000000 0.8378 0.8375 0.8373 0.8371 0.8369
2384.000000 0.8367 0.8364 0.8362 0.8360 0.8358
2389.000000 0.8356 0.8354 0.8352 0.8350 0.8348
2394.000000 0.8346 0.8344 0.8343 0.8341 0.8340
2399.000000 0.8338 0.8337 0.8335 0.8334 0.8332
2404.000000 0.8331 0.8329 0.8328 0.8326 0.8325
2409.000000 0.8324 0.8324 0.8323 0.8322 0.8321
2414.000000 0.8320 0.8319 0.8318 0.8317 0.8316
2419.000000 0.8315 0.8315 0.8314 0.8313 0.8312
2424.000000 0.8311 0.8310 0.8309 0.8308 0.8307
2429.000000 0.8306 0.8305 0.8304 0.8303 0.8302
2434.000000 0.8301 0.8300 0.8299 0.8298 0.8297
2439.000000 0.8296 0.8295 0.8293 0.8291 0.8288
2444.000000 0.8286 0.8283 0.8281 0.8278 0.8276
2449.000000 0.8272 0.8269 0.8265 0.8262 0.8258
2454.000000 0.8255 0.8251 0.8247 0.8243 0.8240
2459.000000 0.8236 0.8232 0.8228 0.8224 0.8219
2464.000000 0.8215 0.8211 0.8207 0.8203 0.8199
2469.000000 0.8194 0.8190 0.8186 0.8182 0.8177
2474.000000 0.8173 0.8169 0.8165 0.8161 0.8157
2479.000000 0.8152 0.8148 0.8143 0.8139 0.8134
2484.000000 0.8130 0.8125 0.8121 0.8116 0.8112
2489.000000 0.8107 0.8103 0.8098 0.8094 0.8089
2494.000000 0.8085 0.8080 0.8076 0.8071 0.8067
2499.000000 0.8062 0.8058 0.8053 0.8049 0.8044
2504.000000 0.8040 0.8035 0.8031 0.8026 0.8022
2509.000000 0.8017 0.8012 0.8007 0.8003 0.7998
2514.000000 0.7994 0.7989 0.7984 0.7979 0.7975
2519.000000 0.7970 0.7966 0.7961 0.7956 0.7951
2524.000000 0.7947 0.7942 0.7937 0.7932 0.7928
2529.000000 0.7923 0.7919 0.7914 0.7909 0.7904
2534.000000 0.7900 0.7894 0.7889 0.7884 0.7879
2539.000000 0.7873 0.7868 0.7862 0.7857 0.7852
2544.000000 0.7847 0.7841 0.7836 0.7830 0.7825
2549.000000 0.7820 0.7815 0.7809 0.7804 0.7798
2554.000000 0.7793 0.7788 0.7783 0.7777 0.7772
2559.000000 0.7766 0.7761 0.7756 0.7751 0.7746
2564.000000 0.7741 0.7735 0.7730 0.7725 0.7720
2569.000000 0.7714 0.7709 0.7704 0.7699 0.7693
2574.000000 0.7688 0.7683 0.7678 0.7673 0.7668
2579.000000 0.7662 0.7657 0.7652 0.7647 0.7641
2584.000000 0.7636 0.7631 0.7626 0.7620 0.7615
2589.000000 0.7609 0.7604 0.7598 0.7593 0.7587
2594.000000 0.7581 0.7575 0.7570 0.7564 0.7559
2599.000000 0.7553 0.7547 0.7541 0.7536 0.7530
2604.000000 0.7525 0.7519 0.7513 0.7507 0.7502
2609.000000 0.7496 0.7491 0.7486 0.7481 0.7475
2614.000000 0.7470 0.7465 0.7460 0.7454 0.7449
2619.000000 0.7444 0.7439 0.7433 0.7428 0.7422
2624.000000 0.7417 0.7410 0.7404 0.7397 0.7391
2629.000000 0.7384 0.7378 0.7369 0.7361 0.7351
2634.000000 0.7341 0.7330 0.7319 0.7304 0.7289
2639.000000 0.7274 0.7259 0.7239 0.7219 0.7189
2644.000000 0.7159 0.7128 0.7098 0.7067 0.7037
2649.000000 0.7001 0.6965 0.6927 0.6890 0.6853
2654.000000 0.6816 0.6774 0.6733 0.6684 0.6635
2659.000000 0.6585 0.6536 0.6483 0.6430 0.6375
2664.000000 0.6320 0.6257 0.6194 0.6100 0.6007
2669.000000 0.5918 0.5829 0.5774 0.5719 0.5651
2674.000000 0.5584 0.5515 0.5446 0.5377 0.5308
2679.000000 0.5238 0.5169 0.5100 0.5031 0.4962
2684.000000 0.4893 0.4824 0.4755 0.4681 0.4607
2689.000000 0.4550 0.4493 0.4437 0.4382 0.4358
2694.000000 0.4334 0.4325 0.4317 0.4314 0.4331
2699.000000 0.4313 0.4314 0.4318 0.4322 0.4336
2704.000000 0.4351 0.4376 0.4402 0.4428 0.4455
2709.000000 0.4492 0.4530 0.4580 0.4631 0.4678
2714.000000 0.4726 0.4761 0.4796 0.4830 0.4865
2719.000000 0.4895 0.4925 0.4954 0.4983 0.5015
2724.000000 0.5047 0.5085 0.5123 0.5159 0.5195
2729.000000 0.5223 0.5252 0.5370 0.5489 0.5564
2734.000000 0.5640 0.5710 0.5781 0.5857 0.5934
2739.000000 0.6009 0.6084 0.6155 0.6226 0.6265
2744.000000 0.6305 0.6340 0.6376 0.6398 0.6421
2749.000000 0.6433 0.6445 0.6454 0.6464 0.6467
2754.000000 0.6470 0.6468 0.6460 0.6463 0.6461
2759.000000 0.6455 0.6449 0.6437 0.6426 0.6409
2764.000000 0.6393 0.6376 0.6360 0.6330 0.6301
2769.000000 0.6268 0.6236 0.6199 0.6163 0.6114
2774.000000 0.6065 0.6024 0.5983 0.5946 0.5910
2779.000000 0.5871 0.5832 0.5790 0.5748 0.5642
2784.000000 0.5537 0.5423 0.5310 0.5196 0.5083
2789.000000 0.4969 0.4855 0.4765 0.4676 0.4634
2794.000000 0.4593 0.4560 0.4527 0.4501 0.4475
2799.000000 0.4462 0.4450 0.4448 0.4429 0.4445
2804.000000 0.4445 0.4450 0.4456 0.4471 0.4486
2809.000000 0.4514 0.4542 0.4583 0.4624 0.4659
2814.000000 0.4694 0.4703 0.4713 0.4717 0.4721
2819.000000 0.4718 0.4725 0.4711 0.4707 0.4697
2824.000000 0.4688 0.4668 0.4649 0.4630 0.4611
2829.000000 0.4576 0.4542 0.4503 0.4464 0.4433
2834.000000 0.4403 0.4343 0.4283 0.4223 0.4163
2839.000000 0.4127 0.4092 0.4058 0.4025 0.3991
2844.000000 0.3958 0.3932 0.3907 0.3885 0.3863
2849.000000 0.3840 0.3818 0.3769 0.3720 0.3608
2854.000000 0.3496 0.3357 0.3219 0.3095 0.2971
2859.000000 0.2925 0.2880 0.2852 0.2825 0.2818
2864.000000 0.2811 0.2802 0.2794 0.2769 0.2745
2869.000000 0.2622 0.2500 0.2283 0.2067 0.2041
2874.000000 0.2015 0.2003 0.1996 0.2007 0.2024
2879.000000 0.2199 0.2375 0.2550 0.2726 0.2901
2884.000000 0.3077 0.3162 0.3248 0.3261 0.3300
2889.000000 0.3271 0.3268 0.3262 0.3257 0.3192
2894.000000 0.3127 0.3038 0.2950 0.2862 0.2774
2899.000000 0.2685 0.2597 0.2509 0.2421 0.2358
2904.000000 0.2296 0.2251 0.2206 0.2162 0.2119
2909.000000 0.2065 0.2012 0.1931 0.1851 0.1790
2914.000000 0.1729 0.1671 0.1614 0.1558 0.1503
2919.000000 0.1448 0.1394 0.1339 0.1285 0.1221
2924.000000 0.1158 0.1127 0.1096 0.1083 0.1070
2929.000000 0.1064 0.1058 0.1056 0.1063 0.1057
2934.000000 0.1061 0.1074 0.1087 0.1153 0.1219
2939.000000 0.1324 0.1429 0.1534 0.1640 0.1745
2944.000000 0.1851 0.1982 0.2114 0.2160 0.2319
2949.000000 0.2228 0.2251 0.2151 0.2051 0.1917
2954.000000 0.1784 0.1650 0.1516 0.1382 0.1248
2959.000000 0.1114 0.0981 0.0857 0.0733 0.0722
2964.000000 0.0712 0.0714 0.0717 0.0719 0.0723
2969.000000 0.0739 0.0755 0.0785 0.0816 0.0853
2974.000000 0.0890 0.0990 0.1091 0.1261 0.1431
2979.000000 0.1635 0.1839 0.2043 0.2247 0.2451
2984.000000 0.2655 0.2859 0.3063 0.3267 0.3471
2989.000000 0.3663 0.3855 0.4081 0.4307 0.4388
2994.000000 0.4470 0.4526 0.4582 0.4640 0.4698
2999.000000 0.4745 0.4792 0.4832 0.4872 0.4907
3004.000000 0.4943 0.4968 0.4994 0.5019 0.5045
3009.000000 0.5075 0.5106 0.5153 0.5201 0.5329
3014.000000 0.5457 0.5567 0.5677 0.5796 0.5915
3019.000000 0.5959 0.6003 0.6036 0.6069 0.6085
3024.000000 0.6101 0.6111 0.6122 0.6128 0.6134
3029.000000 0.6138 0.6143 0.6146 0.6149 0.6151
3034.000000 0.6153 0.6153 0.6173 0.6153 0.6153
3039.000000 0.6152 0.6152 0.6149 0.6146 0.6141
3044.000000 0.6137 0.6128 0.6119 0.6104 0.6089
3049.000000 0.6051 0.6014 0.5973 0.5932 0.5885
3054.000000 0.5838 0.5775 0.5713 0.5651 0.5589
3059.000000 0.5527 0.5465 0.5402 0.5340 0.5302
3064.000000 0.5264 0.5241 0.5218 0.5197 0.5177
3069.000000 0.5146 0.5115 0.5006 0.4898 0.4774
3074.000000 0.4650 0.4526 0.4402 0.4315 0.4228
3079.000000 0.4215 0.4225 0.4207 0.4212 0.4301
3084.000000 0.4390 0.4628 0.4866 0.5104 0.5343
3089.000000 0.5520 0.5697 0.5744 0.5791 0.5846
3094.000000 0.5901 0.6027 0.6154 0.6249 0.6344
3099.000000 0.6379 0.6414 0.6441 0.6469 0.6489
3104.000000 0.6509 0.6524 0.6539 0.6553 0.6568
3109.000000 0.6582 0.6597 0.6610 0.6624 0.6635
3114.000000 0.6647 0.6658 0.6669 0.6680 0.6692
3119.000000 0.6703 0.6714 0.6725 0.6737 0.6748
3124.000000 0.6759 0.6770 0.6782 0.6792 0.6802
3129.000000 0.6811 0.6821 0.6830 0.6840 0.6849
3134.000000 0.6858 0.6864 0.6871 0.6875 0.6880
3139.000000 0.6884 0.6889 0.6894 0.6899 0.6903
3144.000000 0.6907 0.6909 0.6912 0.6914 0.6917
3149.000000 0.6919 0.6922 0.6924 0.6927 0.6929
3154.000000 0.6931 0.6933 0.6935 0.6937 0.6939
3159.000000 0.6941 0.6944 0.6946 0.6948 0.6950
3164.000000 0.6952 0.6954 0.6956 0.6959 0.6962
3169.000000 0.6966 0.6970 0.6973 0.6977 0.6980
3174.000000 0.6984 0.6987 0.6991 0.6994 0.6998
3179.000000 0.7002 0.7006 0.7011 0.7016 0.7021
3184.000000 0.7026 0.7031 0.7037 0.7042 0.7047
3189.000000 0.7052 0.7057 0.7062 0.7068 0.7073
3194.000000 0.7078 0.7083 0.7089 0.7094 0.7100
3199.000000 0.7105 0.7111 0.7116 0.7122 0.7127
3204.000000 0.7133 0.7138 0.7144 0.7149 0.7154
3209.000000 0.7159 0.7164 0.7169 0.7174 0.7179
3214.000000 0.7184 0.7189 0.7194 0.7199 0.7204
3219.000000 0.7207 0.7211 0.7214 0.7217 0.7220
3224.000000 0.7223 0.7226 0.7229 0.7232 0.7236
3229.000000 0.7239 0.7242 0.7245 0.7248 0.7252
3234.000000 0.7256 0.7261 0.7266 0.7270 0.7275
3239.000000 0.7280 0.7285 0.7289 0.7294 0.7299
3244.000000 0.7304 0.7308 0.7313 0.7318 0.7323
3249.000000 0.7326 0.7330 0.7334 0.7338 0.7342
3254.000000 0.7346 0.7350 0.7354 0.7357 0.7361
3259.000000 0.7366 0.7371 0.7375 0.7380 0.7384
3264.000000 0.7389 0.7394 0.7399 0.7404 0.7409
3269.000000 0.7413 0.7418 0.7421 0.7425 0.7428
3274.000000 0.7432 0.7435 0.7438 0.7441 0.7445
3279.000000 0.7448 0.7451 0.7454 0.7457 0.7459
3284.000000 0.7462 0.7465 0.7468 0.7470 0.7473
3289.000000 0.7475 0.7478 0.7481 0.7484 0.7486
3294.000000 0.7489 0.7491 0.7494 0.7497 0.7500
3299.000000 0.7502 0.7504 0.7506 0.7509 0.7511
3304.000000 0.7513 0.7515 0.7518 0.7520 0.7522
3309.000000 0.7524 0.7527 0.7528 0.7529 0.7529
3314.000000 0.7530 0.7531 0.7532 0.7533 0.7534
3319.000000 0.7534 0.7535 0.7535 0.7536 0.7537
3324.000000 0.7538 0.7538 0.7539 0.7539 0.7532
3329.000000 0.7540 0.7541 0.7541 0.7542 0.7542
3334.000000 0.7543 0.7544 0.7545 0.7545 0.7546
3339.000000 0.7546 0.7547 0.7546 0.7546 0.7546
3344.000000 0.7546 0.7546 0.7546 0.7545 0.7545
3349.000000 0.7545 0.7545 0.7544 0.7544 0.7544
3354.000000 0.7544 0.7543 0.7543 0.7542 0.7541
3359.000000 0.7540 0.7539 0.7538 0.7537 0.7536
3364.000000 0.7535 0.7534 0.7533 0.7531 0.7530
3369.000000 0.7529 0.7528 0.7527 0.7526 0.7524
3374.000000 0.7522 0.7519 0.7517 0.7514 0.7512
3379.000000 0.7510 0.7508 0.7505 0.7503 0.7500
3384.000000 0.7498 0.7496 0.7494 0.7491 0.7489
3389.000000 0.7485 0.7482 0.7478 0.7474 0.7470
3394.000000 0.7466 0.7462 0.7458 0.7453 0.7449
3399.000000 0.7445 0.7441 0.7435 0.7429 0.7423
3404.000000 0.7417 0.7411 0.7406 0.7400 0.7394
3409.000000 0.7387 0.7380 0.7371 0.7363 0.7354
3414.000000 0.7346 0.7337 0.7329 0.7319 0.7310
3419.000000 0.7299 0.7288 0.7276 0.7265 0.7254
3424.000000 0.7243 0.7232 0.7221 0.7210 0.7200
3429.000000 0.7192 0.7184 0.7177 0.7185 0.7172
3434.000000 0.7175 0.7185 0.7195 0.7212 0.7229
3439.000000 0.7266 0.7303 0.7345 0.7388 0.7417
3444.000000 0.7447 0.7464 0.7481 0.7496 0.7511
3449.000000 0.7523 0.7535 0.7543 0.7551 0.7558
3454.000000 0.7566 0.7573 0.7581 0.7588 0.7596
3459.000000 0.7601 0.7607 0.7612 0.7618 0.7623
3464.000000 0.7628 0.7632 0.7636 0.7639 0.7643
3469.000000 0.7646 0.7650 0.7653 0.7657 0.7660
3474.000000 0.7664 0.7667 0.7671 0.7674 0.7678
3479.000000 0.7681 0.7684 0.7687 0.7690 0.7693
3484.000000 0.7696 0.7699 0.7702 0.7705 0.7708
3489.000000 0.7709 0.7711 0.7712 0.7713 0.7714
3494.000000 0.7716 0.7717 0.7719 0.7720 0.7721
3499.000000 0.7722 0.7724 0.7725 0.7726 0.7727
3504.000000 0.7729 0.7730 0.7731 0.7732 0.7734
3509.000000 0.7735 0.7737 0.7738 0.7739 0.7740
3514.000000 0.7742 0.7743 0.7744 0.7745 0.7747
3519.000000 0.7748 0.7750 0.7751 0.7752 0.7753
3524.000000 0.7755 0.7757 0.7760 0.7764 0.7769
3529.000000 0.7773 0.7778 0.7785 0.7793 0.7803
3534.000000 0.7813 0.7823 0.7833 0.7843 0.7854
3539.000000 0.7863 0.7873 0.7882 0.7892 0.7901
3544.000000 0.7911 0.7920 0.7930 0.7939 0.7948
3549.000000 0.7957 0.7967 0.7976 0.7985 0.7994
3554.000000 0.8003 0.8012 0.8021 0.8030 0.8040
3559.000000 0.8049 0.8058 0.8067 0.8076 0.8084
3564.000000 0.8093 0.8101 0.8110 0.8118 0.8127
3569.000000 0.8135 0.8143 0.8149 0.8156 0.8160
3574.000000 0.8165 0.8170 0.8175 0.8179 0.8184
3579.000000 0.8183 0.8183 0.8182 0.8181 0.8180
3584.000000 0.8179 0.8178 0.8177 0.8176 0.8175
3589.000000 0.8175 0.8175 0.8177 0.8179 0.8187
3594.000000 0.8195 0.8203 0.8211 0.8218 0.8226
3599.000000 0.8233 0.8241 0.8239 0.8238 0.8235
3604.000000 0.8233 0.8233 0.8234 0.8234 0.8234
3609.000000 0.8236 0.8239 0.8248 0.8257 0.8267
3614.000000 0.8278 0.8288 0.8299 0.8313 0.8327
3619.000000 0.8340 0.8354 0.8366 0.8379 0.8391
3624.000000 0.8403 0.8414 0.8426 0.8435 0.8445
3629.000000 0.8455 0.8465 0.8474 0.8484 0.8494
3634.000000 0.8504 0.8512 0.8520 0.8527 0.8534
3639.000000 0.8541 0.8548 0.8555 0.8562 0.8564
3644.000000 0.8567 0.8569 0.8571 0.8572 0.8574
3649.000000 0.8573 0.8572 0.8571 0.8571 0.8570
3654.000000 0.8569 0.8567 0.8566 0.8562 0.8559
3659.000000 0.8555 0.8552 0.8549 0.8546 0.8542
3664.000000 0.8538 0.8534 0.8530 0.8525 0.8521
3669.000000 0.8517 0.8513 0.8508 0.8504 0.8500
3674.000000 0.8496 0.8491 0.8487 0.8482 0.8478
3679.000000 0.8473 0.8469 0.8466 0.8464 0.8467
3684.000000 0.8470 0.8474 0.8479 0.8486 0.8493
3689.000000 0.8501 0.8509 0.8518 0.8527 0.8536
3694.000000 0.8545 0.8555 0.8566 0.8577 0.8588
3699.000000 0.8598 0.8609 0.8617 0.8625 0.8632
3704.000000 0.8640 0.8647 0.8655 0.8662 0.8670
3709.000000 0.8677 0.8684 0.8689 0.8695 0.8700
3714.000000 0.8706 0.8710 0.8714 0.8716 0.8719
3719.000000 0.8721 0.8724 0.8725 0.8727 0.8728
3724.000000 0.8729 0.8729 0.8730 0.8731 0.8732
3729.000000 0.8733 0.8734 0.8733 0.8733 0.8733
3734.000000 0.8733 0.8732 0.8732 0.8732 0.8732
3739.000000 0.8731 0.8731 0.8731 0.8731 0.8730
3744.000000 0.8730 0.8730 0.8731 0.8731 0.8732
3749.000000 0.8732 0.8733 0.8733 0.8734 0.8734
3754.000000 0.8735 0.8735 0.8736 0.8736 0.8742
3759.000000 0.8737 0.8738 0.8738 0.8738 0.8738
3764.000000 0.8738 0.8738 0.8738 0.8738 0.8738
3769.000000 0.8738 0.8738 0.8738 0.8738 0.8738
3774.000000 0.8739 0.8739 0.8739 0.8739 0.8739
3779.000000 0.8739 0.8739 0.8739 0.8739 0.8739
3784.000000 0.8739 0.8739 0.8739 0.8738 0.8738
3789.000000 0.8737 0.8737 0.8736 0.8736 0.8735
3794.000000 0.8734 0.8733 0.8733 0.8732 0.8732
3799.000000 0.8732 0.8732
##END=
