##TITLE=17Beta-HYDROXY-5Alpha-ANDROSTAN-3-ONE
##JCAMP-DX=4.24
##DATA TYPE=INFRARED SPECTRUM
##CLASS=COBLENTZ III
##ORIGIN=THE WORCESTER FOUNDATION FOR EXPERIMENTAL BIOLOGY, Neal L. McNiven
##OWNER=COBLENTZ SOCIETY
Collection (C) 2018 copyright by the U.S. Secretary of Commerce
on behalf of the United States of America. All rights reserved.
##DATE=1964/05/15
##NAMES=17-hydroxyandrostan-3-one
##CAS REGISTRY NO=521-18-6
##MOLFORM=C19 H30 O2
##SOURCE REFERENCE=COBLENTZ NO. 5455
##$NIST SOURCE=COBLENTZ
##$NIST IMAGE=cob5455
##SPECTROMETER/DATA SYSTEM=BECKMAN IR-7
##STATE=SOLID (KBr DISC)
##SAMPLING PROCEDURE=TRANSMISSION
##RESOLUTION=4
##DATA PROCESSING=DIGITIZED BY NIST FROM HARD COPY (FROM TWO SEGMENTS)
##XUNITS=1/CM
##YUNITS=TRANSMITTANCE
##XFACTOR=1.000000
##YFACTOR=1
##DELTAX=0.728787
##FIRSTX=600
##LASTX=4018.74
##FIRSTY=0.599
##MAXX=4018.74
##MINX=600
##MAXY=0.97
##MINY=0.057
##NPOINTS=4692
##XYDATA=(X++(Y..Y))
600.000000 0.5990 0.5960 0.5860 0.5770 0.5680
603.643936 0.5590 0.5510 0.5500 0.5500 0.5510
607.287872 0.5530 0.5540 0.5560 0.5560 0.5600
610.931808 0.5640 0.5660 0.5670 0.5670 0.5690
614.575744 0.5690 0.5740 0.5770 0.5830 0.5850
618.219679 0.5890 0.5920 0.5930 0.5940 0.5960
621.863615 0.5980 0.6010 0.6020 0.6040 0.6060
625.507551 0.6090 0.6140 0.6210 0.6250 0.6300
629.151487 0.6330 0.6370 0.6410 0.6460 0.6510
632.795423 0.6510 0.6530 0.6590 0.6630 0.6670
636.439359 0.6720 0.6780 0.6830 0.6860 0.6900
640.083295 0.6930 0.6960 0.7000 0.7010 0.7030
643.727231 0.7040 0.7060 0.7120 0.7170 0.7200
647.371166 0.7250 0.7320 0.7340 0.7370 0.7380
651.015102 0.7410 0.7430 0.7460 0.7460 0.7510
654.659038 0.7570 0.7600 0.7650 0.7700 0.7750
658.302974 0.7780 0.7830 0.7860 0.7870 0.7900
661.946910 0.7930 0.7940 0.7930 0.7890 0.7830
665.590846 0.7810 0.7690 0.7690 0.7999 0.8190
669.234782 0.8320 0.8320 0.8310 0.8290 0.8290
672.878718 0.8310 0.8310 0.8350 0.8390 0.8410
676.522654 0.8430 0.8460 0.8480 0.8510 0.8510
680.166589 0.8520 0.8520 0.8520 0.8520 0.8520
683.810525 0.8520 0.8520 0.8510 0.8490 0.8480
687.454461 0.8460 0.8450 0.8440 0.8420 0.8390
691.098397 0.8380 0.8390 0.8410 0.8440 0.8480
694.742333 0.8520 0.8580 0.8650 0.8700 0.8730
698.386269 0.8810 0.8880 0.8930 0.8970 0.8990
702.030205 0.9020 0.9050 0.9070 0.9100 0.9100
705.674141 0.9100 0.9110 0.9120 0.9120 0.9120
709.318077 0.9120 0.9130 0.9130 0.9150 0.9170
712.962012 0.9180 0.9200 0.9210 0.9210 0.9220
716.605948 0.9230 0.9230 0.9240 0.9250 0.9250
720.249884 0.9260 0.9260 0.9260 0.9270 0.9280
723.893820 0.9300 0.9320 0.9340 0.9330 0.9330
727.537756 0.9310 0.9300 0.9280 0.9280 0.9270
731.181692 0.9260 0.9250 0.9230 0.9220 0.9210
734.825628 0.9190 0.9170 0.9150 0.9120 0.9090
738.469564 0.9080 0.9090 0.9120 0.9150 0.9170
742.113499 0.9200 0.9220 0.9260 0.9300 0.9340
745.757435 0.9370 0.9410 0.9440 0.9450 0.9460
749.401371 0.9470 0.9470 0.9470 0.9480 0.9490
753.045307 0.9490 0.9490 0.9490 0.9490 0.9480
756.689243 0.9470 0.9470 0.9460 0.9440 0.9420
760.333179 0.9410 0.9410 0.9400 0.9370 0.9360
763.977115 0.9350 0.9330 0.9280 0.9230 0.9200
767.621051 0.9200 0.9200 0.9220 0.9240 0.9270
771.264987 0.9310 0.9340 0.9360 0.9390 0.9440
774.908922 0.9480 0.9540 0.9570 0.9580 0.9590
778.552858 0.9600 0.9600 0.9600 0.9610 0.9610
782.196794 0.9620 0.9620 0.9630 0.9650 0.9660
785.840730 0.9680 0.9700 0.9700 0.9700 0.9650
789.484666 0.9600 0.9580 0.9590 0.9600 0.9600
793.128602 0.9660 0.9660 0.9670 0.9670 0.9660
796.772538 0.9660 0.9640 0.9610 0.9590 0.9550
800.416474 0.9520 0.9490 0.9460 0.9460 0.9550
804.060410 0.9550 0.9550 0.9560 0.9560 0.9550
807.704345 0.9550 0.9540 0.9530 0.9520 0.9510
811.348281 0.9500 0.9490 0.9490 0.9460 0.9440
814.992217 0.9390 0.9290 0.9160 0.9070 0.9060
818.636153 0.9050 0.9060 0.9080 0.9180 0.9230
822.280089 0.9350 0.9360 0.9340 0.9340 0.9320
825.924025 0.9310 0.9220 0.9120 0.9070 0.9070
829.567961 0.9110 0.9130 0.9230 0.9260 0.9310
833.211897 0.9410 0.9450 0.9520 0.9520 0.9530
836.855832 0.9540 0.9550 0.9550 0.9550 0.9560
840.499768 0.9560 0.9570 0.9570 0.9570 0.9570
844.143704 0.9570 0.9560 0.9560 0.9560 0.9560
847.787640 0.9490 0.9490 0.9520 0.9570 0.9600
851.431576 0.9610 0.9630 0.9630 0.9650 0.9670
855.075512 0.9680 0.9690 0.9690 0.9700 0.9700
858.719448 0.9700 0.9700 0.9700 0.9700 0.9700
862.363384 0.9700 0.9700 0.9700 0.9700 0.9700
866.007320 0.9700 0.9690 0.9600 0.9500 0.9410
869.651255 0.9330 0.9310 0.9260 0.9250 0.9240
873.295191 0.9220 0.9190 0.9120 0.9010 0.8970
876.939127 0.8970 0.9090 0.9120 0.9170 0.9210
880.583063 0.9260 0.9310 0.9370 0.9420 0.9470
884.226999 0.9490 0.9520 0.9530 0.9530 0.9530
887.870935 0.9530 0.9530 0.9530 0.9530 0.9520
891.514871 0.9520 0.9490 0.9490 0.9470 0.9450
895.158807 0.9440 0.9350 0.9260 0.9180 0.9120
898.802742 0.9120 0.9200 0.9230 0.9260 0.9280
902.446678 0.9310 0.9310 0.9320 0.9320 0.9320
906.090614 0.9310 0.9310 0.9260 0.9150 0.9070
909.734550 0.9040 0.9000 0.8970 0.8890 0.8880
913.378486 0.8850 0.8850 0.8880 0.8900 0.8980
917.022422 0.9050 0.9070 0.9170 0.9200 0.9230
920.666358 0.9280 0.9290 0.9280 0.9280 0.9260
924.310294 0.9230 0.9200 0.9180 0.9150 0.9140
927.954230 0.9120 0.9120 0.9120 0.9100 0.9090
931.598165 0.9070 0.9060 0.9050 0.9030 0.9030
935.242101 0.9040 0.9060 0.9080 0.9120 0.9130
938.886037 0.9140 0.9140 0.9140 0.9130 0.9120
942.529973 0.9110 0.9100 0.9050 0.8980 0.8860
946.173909 0.8730 0.8600 0.8441 0.8390 0.8171
949.817845 0.7940 0.7710 0.7600 0.7490 0.7490
953.461781 0.7679 0.7869 0.8059 0.8070 0.8170
957.105717 0.8340 0.8450 0.8650 0.8760 0.8760
960.749653 0.8750 0.8740 0.8730 0.8650 0.8531
964.393588 0.8460 0.8420 0.8360 0.8360 0.8350
968.037524 0.8360 0.8400 0.8430 0.8530 0.8590
971.681460 0.8620 0.8620 0.8630 0.8630 0.8620
975.325396 0.8620 0.8600 0.8590 0.8550 0.8510
978.969332 0.8480 0.8460 0.8450 0.8450 0.8440
982.613268 0.8440 0.8440 0.8440 0.8440 0.8430
986.257204 0.8410 0.8350 0.8280 0.8220 0.8170
989.901140 0.8140 0.8110 0.8060 0.8010 0.7960
993.545075 0.7910 0.7860 0.7850 0.7860 0.7910
997.189011 0.7990 0.7990 0.7990 0.7990 0.7970
1000.832947 0.7960 0.7910 0.7860 0.7810 0.7760
1004.476883 0.7690 0.7600 0.7510 0.7460 0.7420
1008.120819 0.7330 0.7250 0.7180 0.7110 0.7010
1011.764755 0.6990 0.6940 0.6930 0.6930 0.6920
1015.408691 0.6920 0.6920 0.6920 0.6900 0.6850
1019.052627 0.6601 0.6351 0.6021 0.5910 0.5771
1022.696563 0.5740 0.5680 0.5400 0.5320 0.5080
1026.340498 0.4840 0.4840 0.5309 0.5549 0.5749
1029.984434 0.6050 0.6270 0.6490 0.6590 0.6720
1033.628370 0.6720 0.6730 0.6730 0.6720 0.6610
1037.272306 0.6310 0.6150 0.5780 0.5610 0.5420
1040.916242 0.5230 0.5041 0.4950 0.4850 0.4671
1044.560178 0.4480 0.4310 0.4310 0.4510 0.4700
1048.204114 0.5089 0.5210 0.5459 0.5749 0.5949
1051.848050 0.5990 0.5990 0.5860 0.5750 0.5580
1055.491986 0.5560 0.5450 0.5340 0.5230 0.5121
1059.135921 0.5010 0.4960 0.4900 0.4800 0.4800
1062.779857 0.5089 0.5230 0.5300 0.5350 0.5529
1066.423793 0.5700 0.5870 0.6010 0.6010 0.6000
1070.067729 0.5930 0.5850 0.5840 0.5671 0.5501
1073.711665 0.5290 0.5010 0.5010 0.5060 0.5170
1077.355601 0.5459 0.5849 0.6079 0.6299 0.6509
1080.999537 0.6670 0.6780 0.6800 0.6880 0.6920
1084.643473 0.6990 0.7080 0.7170 0.7260 0.7359
1088.287408 0.7620 0.7670 0.7750 0.7760 0.7820
1091.931344 0.7830 0.7820 0.7820 0.7820 0.7750
1095.575280 0.7620 0.7570 0.7510 0.7440 0.7091
1099.219216 0.7000 0.6990 0.6990 0.7050 0.7110
1102.863152 0.7160 0.7220 0.7280 0.7330 0.7440
1106.507088 0.7450 0.7440 0.7350 0.7221 0.7091
1110.151024 0.6970 0.6850 0.6800 0.6720 0.6720
1113.794960 0.6870 0.6880 0.6800 0.6780 0.6730
1117.438896 0.6680 0.6660 0.6590 0.6560 0.6510
1121.082831 0.6510 0.6590 0.6690 0.6690 0.6700
1124.726767 0.6720 0.6720 0.6700 0.6650 0.6620
1128.370703 0.6520 0.6460 0.6271 0.6081 0.5971
1132.014639 0.5930 0.5930 0.5930 0.5940 0.6040
1135.658575 0.6200 0.6349 0.6549 0.6799 0.7039
1139.302511 0.7510 0.7510 0.7520 0.7520 0.7490
1142.946447 0.7460 0.7410 0.7350 0.7280 0.7220
1146.590383 0.7140 0.7120 0.7130 0.7290 0.7450
1150.234318 0.7520 0.7570 0.7720 0.7790 0.7919
1153.878254 0.7940 0.7940 0.7950 0.7950 0.7940
1157.522190 0.7910 0.7900 0.7850 0.7780 0.7680
1161.166126 0.7590 0.7510 0.7440 0.7370 0.7350
1164.810062 0.7340 0.7340 0.7350 0.7380 0.7659
1168.453998 0.7750 0.7860 0.7960 0.7990 0.8070
1172.097934 0.8110 0.8180 0.8280 0.8300 0.8300
1175.741870 0.8300 0.8300 0.8280 0.8250 0.8170
1179.385806 0.8110 0.8030 0.7861 0.7731 0.7660
1183.029741 0.7650 0.7660 0.7670 0.7730 0.7800
1186.673677 0.7940 0.8070 0.8199 0.8329 0.8420
1190.317613 0.8450 0.8470 0.8470 0.8470 0.8460
1193.961549 0.8460 0.8440 0.8410 0.8400 0.8380
1197.605485 0.8360 0.8340 0.8330 0.8240 0.8170
1201.249421 0.8140 0.8120 0.8080 0.8020 0.7910
1204.893357 0.7680 0.7540 0.7490 0.7440 0.7430
1208.537293 0.7530 0.7620 0.7700 0.7849 0.7930
1212.181229 0.8010 0.8100 0.8160 0.8180 0.8250
1215.825164 0.8270 0.8260 0.8260 0.8160 0.8070
1219.469100 0.7940 0.7770 0.7690 0.7600 0.7510
1223.113036 0.7460 0.7400 0.7330 0.7220 0.7210
1226.756972 0.7220 0.7280 0.7330 0.7390 0.7400
1230.400908 0.7510 0.7560 0.7590 0.7650 0.7690
1234.044844 0.7750 0.7800 0.7820 0.7850 0.7900
1237.688780 0.7920 0.7920 0.7940 0.7940 0.7940
1241.332716 0.7940 0.7940 0.7940 0.7950 0.7950
1244.976651 0.7940 0.7900 0.7830 0.7750 0.7621
1248.620587 0.7530 0.7440 0.7380 0.7380 0.7380
1252.264523 0.7390 0.7590 0.7680 0.7780 0.7830
1255.908459 0.7890 0.7920 0.7980 0.8030 0.8040
1259.552395 0.8040 0.8040 0.8040 0.8040 0.8040
1263.196331 0.7940 0.7900 0.7810 0.7690 0.7610
1266.840267 0.7540 0.7490 0.7430 0.7131 0.6881
1270.484203 0.6330 0.6040 0.5850 0.5830 0.5830
1274.128139 0.5830 0.6009 0.6179 0.6349 0.6529
1277.772074 0.6690 0.6780 0.7010 0.7679 0.7969
1281.416010 0.7980 0.7960 0.7960 0.7910 0.7830
1285.059946 0.7750 0.7740 0.7730 0.7740 0.7810
1288.703882 0.7940 0.7940 0.7940 0.7811 0.7701
1292.347818 0.7590 0.7480 0.7460 0.7560 0.7640
1295.991754 0.7720 0.7790 0.7780 0.7780 0.7661
1299.635690 0.7550 0.7500 0.7450 0.7350 0.7250
1303.279626 0.7160 0.7070 0.6970 0.6781 0.6581
1306.923562 0.6410 0.6250 0.6140 0.6060 0.6050
1310.567497 0.6040 0.6040 0.6050 0.6140 0.6230
1314.211433 0.6320 0.6410 0.6490 0.6580 0.6670
1317.855369 0.6750 0.6930 0.6930 0.6910 0.6412
1321.499305 0.6340 0.6020 0.5890 0.5730 0.5720
1325.143241 0.5730 0.5750 0.5790 0.5850 0.5910
1328.787177 0.6050 0.6210 0.6380 0.6530 0.6640
1332.431113 0.6670 0.6800 0.6900 0.6930 0.6960
1336.075049 0.6980 0.6960 0.6910 0.6850 0.6820
1339.718984 0.6800 0.6810 0.6820 0.6979 0.7159
1343.362920 0.7250 0.7280 0.7290 0.7290 0.7280
1347.006856 0.7260 0.7250 0.7120 0.6941 0.6930
1350.650792 0.6930 0.7090 0.7220 0.7220 0.7220
1354.294728 0.7220 0.7210 0.7081 0.6831 0.6830
1357.938664 0.6990 0.7040 0.7220 0.7360 0.7559
1361.582600 0.7640 0.7730 0.7840 0.7860 0.7870
1365.226536 0.7880 0.7870 0.7680 0.7590 0.7500
1368.870472 0.7470 0.7440 0.7410 0.7400 0.7380
1372.514407 0.7380 0.7360 0.7330 0.7290 0.7220
1376.158343 0.7170 0.7080 0.6980 0.6930 0.6910
1379.802279 0.6870 0.6860 0.6820 0.6800 0.6800
1383.446215 0.6800 0.6810 0.6860 0.6930 0.7030
1387.090151 0.7160 0.7560 0.7750 0.7800 0.7810
1390.734087 0.7800 0.7800 0.7780 0.7770 0.7760
1394.378023 0.7750 0.7730 0.7720 0.7680 0.7630
1398.021959 0.7570 0.7510 0.7490 0.7450 0.7380
1401.665894 0.7320 0.7260 0.7210 0.7190 0.7150
1405.309830 0.7090 0.7010 0.6930 0.6840 0.6750
1408.953766 0.6650 0.6560 0.6500 0.6450 0.6410
1412.597702 0.6370 0.6330 0.6280 0.6210 0.6190
1416.241638 0.6180 0.6190 0.6200 0.6260 0.6410
1419.885574 0.6560 0.6720 0.6860 0.6930 0.6930
1423.529510 0.6940 0.6930 0.6930 0.6880 0.6820
1427.173446 0.6760 0.6700 0.6371 0.6161 0.6060
1430.817382 0.5990 0.5960 0.5890 0.5620 0.5390
1434.461317 0.5001 0.4840 0.4671 0.4600 0.4590
1438.105253 0.4600 0.4720 0.4850 0.4970 0.5060
1441.749189 0.5140 0.5250 0.5320 0.5360 0.5460
1445.393125 0.5520 0.5590 0.5670 0.5760 0.5830
1449.037061 0.6139 0.6369 0.6539 0.6669 0.6770
1452.680997 0.6860 0.6970 0.7070 0.7070 0.7080
1456.324933 0.7070 0.7070 0.6990 0.6900 0.6800
1459.968869 0.6720 0.6620 0.6540 0.6470 0.6410
1463.612805 0.6211 0.6190 0.6180 0.6190 0.6200
1467.256740 0.6500 0.6800 0.7040 0.7260 0.7589
1470.900676 0.7720 0.7830 0.7930 0.8020 0.8179
1474.544612 0.8300 0.8350 0.8370 0.8380 0.8420
1478.188548 0.8460 0.8510 0.8520 0.8550 0.8570
1481.832484 0.8610 0.8620 0.8650 0.8690 0.8710
1485.476420 0.8740 0.8760 0.8780 0.8800 0.8820
1489.120356 0.8840 0.8860 0.8860 0.8870 0.8890
1492.764292 0.8890 0.8900 0.8910 0.8910 0.8930
1496.408227 0.8940 0.8940 0.8950 0.8960 0.8970
1500.052163 0.8970 0.8980 0.8990 0.8990 0.9000
1503.696099 0.9010 0.9020 0.9020 0.9030 0.9040
1507.340035 0.9050 0.9050 0.9050 0.9050 0.9060
1510.983971 0.9060 0.9070 0.9070 0.9070 0.9080
1514.627907 0.9080 0.9090 0.9090 0.9100 0.9100
1518.271843 0.9100 0.9110 0.9110 0.9120 0.9120
1521.915779 0.9120 0.9130 0.9130 0.9140 0.9140
1525.559715 0.9150 0.9150 0.9150 0.9160 0.9160
1529.203650 0.9160 0.9170 0.9170 0.9170 0.9180
1532.847586 0.9180 0.9180 0.9180 0.9180 0.9180
1536.491522 0.9180 0.9190 0.9190 0.9190 0.9200
1540.135458 0.9200 0.9200 0.9200 0.9200 0.9200
1543.779394 0.9200 0.9210 0.9210 0.9210 0.9210
1547.423330 0.9210 0.9220 0.9220 0.9220 0.9220
1551.067266 0.9220 0.9220 0.9230 0.9230 0.9230
1554.711202 0.9230 0.9240 0.9240 0.9240 0.9240
1558.355138 0.9240 0.9240 0.9240 0.9240 0.9240
1561.999073 0.9230 0.9230 0.9230 0.9230 0.9230
1565.643009 0.9230 0.9230 0.9230 0.9230 0.9230
1569.286945 0.9220 0.9220 0.9220 0.9220 0.9210
1572.930881 0.9210 0.9210 0.9200 0.9200 0.9200
1576.574817 0.9190 0.9180 0.9180 0.9170 0.9160
1580.218753 0.9160 0.9150 0.9150 0.9150 0.9140
1583.862689 0.9130 0.9130 0.9120 0.9120 0.9120
1587.506625 0.9110 0.9100 0.9100 0.9100 0.9100
1591.150560 0.9090 0.9090 0.9080 0.9080 0.9070
1594.794496 0.9070 0.9070 0.9070 0.9060 0.9060
1598.438432 0.9050 0.9050 0.9050 0.9040 0.9040
1602.082368 0.9030 0.9020 0.9020 0.9020 0.9010
1605.726304 0.9010 0.9000 0.8990 0.8990 0.8990
1609.370240 0.8970 0.8970 0.8960 0.8950 0.8940
1613.014176 0.8940 0.8930 0.8920 0.8910 0.8910
1616.658112 0.8900 0.8900 0.8890 0.8890 0.8880
1620.302048 0.8850 0.8830 0.8830 0.8820 0.8810
1623.945983 0.8790 0.8770 0.8740 0.8720 0.8690
1627.589919 0.8670 0.8640 0.8620 0.8610 0.8600
1631.233855 0.8590 0.8580 0.8570 0.8570 0.8570
1634.877791 0.8560 0.8550 0.8540 0.8520 0.8500
1638.521727 0.8480 0.8460 0.8440 0.8420 0.8410
1642.165663 0.8390 0.8360 0.8330 0.8310 0.8280
1645.809599 0.8240 0.8210 0.8170 0.8140 0.8100
1649.453535 0.8060 0.8020 0.7990 0.7940 0.7910
1653.097471 0.7870 0.7840 0.7810 0.7780 0.7750
1656.741406 0.7730 0.7720 0.7710 0.7700 0.7700
1660.385342 0.7700 0.7700 0.7690 0.7670 0.7650
1664.029278 0.7620 0.7590 0.7560 0.7510 0.7490
1667.673214 0.7460 0.7390 0.7330 0.7280 0.7240
1671.317150 0.7200 0.7150 0.7070 0.6980 0.6870
1674.961086 0.6740 0.6600 0.6431 0.6261 0.6061
1678.605022 0.5850 0.5620 0.5360 0.5090 0.4950
1682.248958 0.4800 0.4491 0.4161 0.3811 0.3442
1685.892893 0.3050 0.2630 0.2420 0.2200 0.1741
1689.536829 0.1281 0.0961 0.0771 0.0700 0.0591
1693.180765 0.0580 0.0570 0.0570 0.0580 0.0660
1696.824701 0.0760 0.0890 0.1189 0.1499 0.1799
1700.468637 0.2110 0.2530 0.2660 0.2850 0.3059
1704.112573 0.3319 0.3589 0.3839 0.4029 0.4129
1707.756509 0.4430 0.4690 0.5140 0.5320 0.5480
1711.400445 0.5620 0.5740 0.5850 0.6079 0.6269
1715.044381 0.6460 0.6620 0.6770 0.6900 0.7020
1718.688316 0.7120 0.7220 0.7300 0.7380 0.7509
1722.332252 0.7570 0.7620 0.7670 0.7730 0.7780
1725.976188 0.7820 0.7880 0.7930 0.7950 0.7970
1729.620124 0.8000 0.8020 0.8050 0.8080 0.8110
1733.264060 0.8150 0.8180 0.8220 0.8260 0.8310
1736.907996 0.8360 0.8410 0.8460 0.8520 0.8570
1740.551932 0.8640 0.8700 0.8740 0.8760 0.8780
1744.195868 0.8790 0.8800 0.8830 0.8860 0.8890
1747.839803 0.8890 0.8920 0.8950 0.8990 0.9010
1751.483739 0.9020 0.9020 0.9040 0.9050 0.9070
1755.127675 0.9100 0.9110 0.9130 0.9140 0.9150
1758.771611 0.9150 0.9160 0.9170 0.9180 0.9180
1762.415547 0.9190 0.9200 0.9200 0.9210 0.9210
1766.059483 0.9220 0.9220 0.9230 0.9230 0.9230
1769.703419 0.9230 0.9230 0.9250 0.9260 0.9260
1773.347355 0.9270 0.9280 0.9290 0.9300 0.9310
1776.991291 0.9330 0.9330 0.9340 0.9340 0.9340
1780.635226 0.9340 0.9350 0.9360 0.9360 0.9360
1784.279162 0.9360 0.9370 0.9370 0.9380 0.9390
1787.923098 0.9390 0.9390 0.9390 0.9400 0.9400
1791.567034 0.9400 0.9410 0.9410 0.9410 0.9410
1795.210970 0.9440 0.9440 0.9440 0.9440 0.9450
1798.854906 0.9460 0.9470 0.9470 0.9470 0.9470
1802.498842 0.9470 0.9480 0.9480 0.9490 0.9490
1806.142778 0.9490 0.9490 0.9490 0.9500 0.9500
1809.786714 0.9510 0.9510 0.9520 0.9520 0.9520
1813.430649 0.9530 0.9530 0.9540 0.9540 0.9540
1817.074585 0.9540 0.9540 0.9540 0.9540 0.9540
1820.718521 0.9540 0.9540 0.9540 0.9540 0.9540
1824.362457 0.9540 0.9540 0.9540 0.9530 0.9530
1828.006393 0.9520 0.9520 0.9520 0.9520 0.9520
1831.650329 0.9520 0.9520 0.9520 0.9520 0.9520
1835.294265 0.9520 0.9520 0.9520 0.9520 0.9520
1838.938201 0.9510 0.9510 0.9510 0.9510 0.9510
1842.582136 0.9510 0.9510 0.9510 0.9510 0.9510
1846.226072 0.9520 0.9520 0.9520 0.9520 0.9520
1849.870008 0.9520 0.9520 0.9520 0.9530 0.9530
1853.513944 0.9530 0.9530 0.9530 0.9540 0.9540
1857.157880 0.9540 0.9540 0.9540 0.9550 0.9550
1860.801816 0.9550 0.9550 0.9550 0.9550 0.9550
1864.445752 0.9550 0.9550 0.9550 0.9560 0.9560
1868.089688 0.9560 0.9560 0.9560 0.9560 0.9550
1871.733624 0.9550 0.9550 0.9550 0.9550 0.9550
1875.377559 0.9550 0.9550 0.9550 0.9550 0.9550
1879.021495 0.9550 0.9550 0.9550 0.9550 0.9550
1882.665431 0.9550 0.9550 0.9550 0.9550 0.9550
1886.309367 0.9550 0.9550 0.9550 0.9550 0.9550
1889.953303 0.9550 0.9550 0.9550 0.9550 0.9540
1893.597239 0.9540 0.9540 0.9540 0.9540 0.9540
1897.241175 0.9540 0.9540 0.9540 0.9540 0.9540
1900.885111 0.9540 0.9540 0.9540 0.9540 0.9540
1904.529047 0.9540 0.9540 0.9540 0.9540 0.9540
1908.172982 0.9540 0.9540 0.9540 0.9540 0.9540
1911.816918 0.9540 0.9540 0.9540 0.9540 0.9540
1915.460854 0.9540 0.9540 0.9540 0.9540 0.9540
1919.104790 0.9540 0.9540 0.9530 0.9530 0.9530
1922.748726 0.9530 0.9530 0.9530 0.9530 0.9530
1926.392662 0.9530 0.9520 0.9520 0.9520 0.9520
1930.036598 0.9520 0.9520 0.9520 0.9520 0.9520
1933.680534 0.9520 0.9520 0.9520 0.9520 0.9520
1937.324469 0.9520 0.9520 0.9520 0.9520 0.9520
1940.968405 0.9520 0.9520 0.9520 0.9520 0.9520
1944.612341 0.9520 0.9520 0.9520 0.9520 0.9520
1948.256277 0.9520 0.9520 0.9520 0.9520 0.9520
1951.900213 0.9520 0.9520 0.9520 0.9520 0.9520
1955.544149 0.9520 0.9520 0.9520 0.9520 0.9520
1959.188085 0.9520 0.9520 0.9520 0.9520 0.9520
1962.832021 0.9520 0.9520 0.9520 0.9520 0.9520
1966.475957 0.9520 0.9520 0.9520 0.9520 0.9520
1970.119892 0.9520 0.9520 0.9520 0.9520 0.9520
1973.763828 0.9520 0.9520 0.9520 0.9520 0.9520
1977.407764 0.9520 0.9520 0.9520 0.9520 0.9520
1981.051700 0.9520 0.9520 0.9520 0.9520 0.9520
1984.695636 0.9520 0.9520 0.9520 0.9520 0.9520
1988.339572 0.9520 0.9520 0.9520 0.9520 0.9520
1991.983508 0.9520 0.9520 0.9520 0.9520 0.9520
1995.627444 0.9510 0.9510 0.9510 0.9510 0.9510
1999.271379 0.9510 0.9510 0.9510 0.9510 0.9510
2002.915315 0.9510 0.9510 0.9510 0.9510 0.9510
2006.559251 0.9510 0.9510 0.9510 0.9510 0.9510
2010.203187 0.9510 0.9510 0.9510 0.9510 0.9510
2013.847123 0.9510 0.9510 0.9510 0.9510 0.9510
2017.491059 0.9510 0.9510 0.9510 0.9510 0.9510
2021.134995 0.9510 0.9510 0.9510 0.9510 0.9510
2024.778931 0.9510 0.9510 0.9510 0.9507 0.9505
2028.422867 0.9502 0.9500 0.9500 0.9500 0.9500
2032.066802 0.9500 0.9500 0.9500 0.9500 0.9500
2035.710738 0.9497 0.9495 0.9492 0.9490 0.9490
2039.354674 0.9490 0.9490 0.9490 0.9490 0.9490
2042.998610 0.9490 0.9490 0.9490 0.9490 0.9490
2046.642546 0.9490 0.9490 0.9490 0.9490 0.9490
2050.286482 0.9490 0.9490 0.9490 0.9490 0.9487
2053.930418 0.9485 0.9482 0.9480 0.9480 0.9480
2057.574354 0.9480 0.9480 0.9480 0.9480 0.9480
2061.218290 0.9480 0.9477 0.9475 0.9472 0.9470
2064.862225 0.9470 0.9470 0.9470 0.9470 0.9470
2068.506161 0.9470 0.9470 0.9470 0.9470 0.9470
2072.150097 0.9470 0.9470 0.9470 0.9470 0.9470
2075.794033 0.9470 0.9467 0.9465 0.9462 0.9460
2079.437969 0.9460 0.9460 0.9460 0.9460 0.9460
2083.081905 0.9460 0.9460 0.9460 0.9457 0.9454
2086.725841 0.9452 0.9450 0.9450 0.9450 0.9450
2090.369777 0.9450 0.9450 0.9450 0.9450 0.9450
2094.013712 0.9450 0.9450 0.9450 0.9449 0.9447
2097.657648 0.9444 0.9442 0.9440 0.9440 0.9440
2101.301584 0.9440 0.9440 0.9440 0.9440 0.9440
2104.945520 0.9440 0.9440 0.9440 0.9440 0.9440
2108.589456 0.9440 0.9440 0.9440 0.9440 0.9440
2112.233392 0.9440 0.9440 0.9440 0.9440 0.9440
2115.877328 0.9440 0.9439 0.9437 0.9434 0.9432
2119.521264 0.9430 0.9430 0.9430 0.9430 0.9430
2123.165200 0.9430 0.9430 0.9430 0.9430 0.9430
2126.809135 0.9430 0.9430 0.9430 0.9430 0.9430
2130.453071 0.9430 0.9430 0.9430 0.9430 0.9430
2134.097007 0.9430 0.9430 0.9430 0.9430 0.9430
2137.740943 0.9430 0.9430 0.9430 0.9430 0.9430
2141.384879 0.9430 0.9430 0.9430 0.9430 0.9430
2145.028815 0.9430 0.9430 0.9430 0.9430 0.9430
2148.672751 0.9430 0.9430 0.9430 0.9430 0.9430
2152.316687 0.9430 0.9430 0.9430 0.9430 0.9430
2155.960623 0.9430 0.9430 0.9429 0.9426 0.9424
2159.604558 0.9421 0.9420 0.9420 0.9420 0.9420
2163.248494 0.9420 0.9420 0.9420 0.9420 0.9420
2166.892430 0.9420 0.9420 0.9420 0.9419 0.9416
2170.536366 0.9414 0.9411 0.9410 0.9410 0.9410
2174.180302 0.9410 0.9410 0.9410 0.9410 0.9410
2177.824238 0.9410 0.9410 0.9410 0.9410 0.9410
2181.468174 0.9410 0.9410 0.9410 0.9410 0.9410
2185.112110 0.9410 0.9410 0.9410 0.9410 0.9410
2188.756045 0.9410 0.9410 0.9410 0.9410 0.9410
2192.399981 0.9407 0.9402 0.9397 0.9392 0.9390
2196.043917 0.9390 0.9390 0.9390 0.9389 0.9386
2199.687853 0.9384 0.9381 0.9379 0.9376 0.9374
2203.331789 0.9371 0.9369 0.9366 0.9364 0.9361
2206.975725 0.9360 0.9360 0.9360 0.9360 0.9359
2210.619661 0.9356 0.9354 0.9351 0.9349 0.9346
2214.263597 0.9344 0.9341 0.9340 0.9340 0.9340
2217.907533 0.9340 0.9339 0.9336 0.9334 0.9331
2221.551468 0.9329 0.9326 0.9324 0.9321 0.9319
2225.195404 0.9316 0.9313 0.9311 0.9310 0.9310
2228.839340 0.9310 0.9310 0.9310 0.9310 0.9310
2232.483276 0.9310 0.9308 0.9306 0.9303 0.9301
2236.127212 0.9300 0.9300 0.9300 0.9300 0.9298
2239.771148 0.9296 0.9293 0.9291 0.9288 0.9286
2243.415084 0.9283 0.9281 0.9280 0.9280 0.9280
2247.059020 0.9280 0.9280 0.9280 0.9280 0.9280
2250.702955 0.9280 0.9280 0.9280 0.9280 0.9278
2254.346891 0.9276 0.9273 0.9271 0.9270 0.9270
2257.990827 0.9270 0.9270 0.9268 0.9266 0.9263
2261.634763 0.9261 0.9260 0.9260 0.9260 0.9260
2265.278699 0.9260 0.9260 0.9260 0.9260 0.9256
2268.922635 0.9251 0.9246 0.9241 0.9238 0.9236
2272.566571 0.9233 0.9231 0.9230 0.9230 0.9230
2276.210507 0.9230 0.9230 0.9230 0.9230 0.9230
2279.854443 0.9230 0.9230 0.9230 0.9230 0.9228
2283.498378 0.9226 0.9223 0.9221 0.9220 0.9220
2287.142314 0.9220 0.9220 0.9218 0.9215 0.9213
2290.786250 0.9210 0.9210 0.9210 0.9210 0.9210
2294.430186 0.9208 0.9205 0.9203 0.9200 0.9200
2298.074122 0.9200 0.9200 0.9200 0.9200 0.9200
2301.718058 0.9200 0.9200 0.9200 0.9200 0.9200
2305.361994 0.9200 0.9200 0.9200 0.9200 0.9200
2309.005930 0.9198 0.9195 0.9193 0.9190 0.9190
2312.649866 0.9190 0.9190 0.9190 0.9188 0.9185
2316.293801 0.9183 0.9180 0.9180 0.9180 0.9180
2319.937737 0.9180 0.9180 0.9180 0.9180 0.9180
2323.581673 0.9180 0.9180 0.9180 0.9180 0.9178
2327.225609 0.9175 0.9173 0.9170 0.9170 0.9170
2330.869545 0.9170 0.9170 0.9168 0.9165 0.9163
2334.513481 0.9160 0.9160 0.9160 0.9160 0.9160
2338.157417 0.9158 0.9155 0.9153 0.9150 0.9150
2341.801353 0.9150 0.9150 0.9150 0.9150 0.9150
2345.445288 0.9150 0.9150 0.9150 0.9150 0.9150
2349.089224 0.9150 0.9150 0.9150 0.9150 0.9150
2352.733160 0.9148 0.9145 0.9142 0.9140 0.9137
2356.377096 0.9135 0.9132 0.9130 0.9130 0.9130
2360.021032 0.9130 0.9130 0.9127 0.9125 0.9122
2363.664968 0.9120 0.9120 0.9120 0.9120 0.9120
2367.308904 0.9120 0.9120 0.9120 0.9120 0.9120
2370.952840 0.9120 0.9120 0.9120 0.9117 0.9115
2374.596776 0.9112 0.9110 0.9107 0.9105 0.9102
2378.240711 0.9100 0.9100 0.9100 0.9100 0.9100
2381.884647 0.9097 0.9095 0.9092 0.9090 0.9090
2385.528583 0.9090 0.9090 0.9090 0.9087 0.9085
2389.172519 0.9082 0.9080 0.9077 0.9075 0.9072
2392.816455 0.9070 0.9070 0.9070 0.9070 0.9070
2396.460391 0.9070 0.9070 0.9070 0.9070 0.9067
2400.104327 0.9065 0.9062 0.9060 0.9060 0.9060
2403.748263 0.9060 0.9060 0.9057 0.9055 0.9052
2407.392199 0.9050 0.9050 0.9050 0.9050 0.9050
2411.036134 0.9050 0.9050 0.9050 0.9050 0.9050
2414.680070 0.9050 0.9050 0.9050 0.9047 0.9045
2418.324006 0.9042 0.9040 0.9040 0.9040 0.9040
2421.967942 0.9040 0.9037 0.9035 0.9032 0.9030
2425.611878 0.9030 0.9030 0.9030 0.9030 0.9027
2429.255814 0.9025 0.9022 0.9020 0.9020 0.9020
2432.899750 0.9020 0.9020 0.9020 0.9020 0.9020
2436.543686 0.9019 0.9017 0.9014 0.9012 0.9009
2440.187621 0.9007 0.9004 0.9002 0.9000 0.9000
2443.831557 0.9000 0.9000 0.8999 0.8997 0.8994
2447.475493 0.8992 0.8990 0.8990 0.8990 0.8990
2451.119429 0.8990 0.8990 0.8990 0.8990 0.8990
2454.763365 0.8990 0.8990 0.8990 0.8989 0.8987
2458.407301 0.8984 0.8982 0.8980 0.8980 0.8980
2462.051237 0.8980 0.8980 0.8980 0.8980 0.8980
2465.695173 0.8980 0.8980 0.8980 0.8980 0.8979
2469.339109 0.8977 0.8974 0.8972 0.8970 0.8970
2472.983044 0.8970 0.8970 0.8970 0.8970 0.8970
2476.626980 0.8970 0.8970 0.8970 0.8970 0.8970
2480.270916 0.8970 0.8970 0.8970 0.8970 0.8969
2483.914852 0.8967 0.8964 0.8962 0.8960 0.8960
2487.558788 0.8960 0.8960 0.8959 0.8957 0.8954
2491.202724 0.8952 0.8950 0.8950 0.8950 0.8950
2494.846660 0.8949 0.8946 0.8944 0.8941 0.8940
2498.490596 0.8940 0.8940 0.8940 0.8940 0.8940
2502.134531 0.8940 0.8940 0.8939 0.8936 0.8934
2505.778467 0.8931 0.8929 0.8926 0.8924 0.8921
2509.422403 0.8919 0.8916 0.8914 0.8911 0.8910
2513.066339 0.8910 0.8910 0.8910 0.8910 0.8910
2516.710275 0.8910 0.8910 0.8909 0.8906 0.8904
2520.354211 0.8901 0.8900 0.8900 0.8900 0.8900
2523.998147 0.8899 0.8896 0.8894 0.8891 0.8890
2527.642083 0.8890 0.8890 0.8890 0.8889 0.8886
2531.286019 0.8884 0.8881 0.8880 0.8880 0.8880
2534.929954 0.8880 0.8879 0.8876 0.8874 0.8871
2538.573890 0.8869 0.8866 0.8864 0.8861 0.8860
2542.217826 0.8860 0.8860 0.8860 0.8860 0.8860
2545.861762 0.8860 0.8860 0.8859 0.8856 0.8854
2549.505698 0.8851 0.8850 0.8850 0.8850 0.8850
2553.149634 0.8847 0.8842 0.8837 0.8832 0.8830
2556.793570 0.8830 0.8830 0.8830 0.8829 0.8826
2560.437506 0.8824 0.8821 0.8817 0.8812 0.8807
2564.081442 0.8802 0.8797 0.8792 0.8787 0.8782
2567.725377 0.8776 0.8768 0.8761 0.8753 0.8749
2571.369313 0.8746 0.8744 0.8741 0.8739 0.8736
2575.013249 0.8734 0.8731 0.8730 0.8730 0.8730
2578.657185 0.8730 0.8728 0.8726 0.8723 0.8721
2582.301121 0.8718 0.8716 0.8713 0.8711 0.8708
2585.945057 0.8706 0.8703 0.8701 0.8698 0.8696
2589.588993 0.8693 0.8691 0.8688 0.8686 0.8683
2593.232929 0.8681 0.8677 0.8672 0.8667 0.8662
2596.876864 0.8657 0.8652 0.8647 0.8642 0.8633
2600.520800 0.8623 0.8613 0.8603 0.8598 0.8596
2604.164736 0.8593 0.8591 0.8588 0.8586 0.8583
2607.808672 0.8581 0.8578 0.8576 0.8573 0.8571
2611.452608 0.8570 0.8570 0.8570 0.8570 0.8570
2615.096544 0.8570 0.8570 0.8570 0.8566 0.8561
2618.740480 0.8556 0.8551 0.8548 0.8546 0.8543
2622.384416 0.8541 0.8538 0.8536 0.8533 0.8531
2626.028352 0.8528 0.8526 0.8523 0.8521 0.8520
2629.672287 0.8520 0.8520 0.8520 0.8518 0.8516
2633.316223 0.8513 0.8511 0.8506 0.8501 0.8496
2636.960159 0.8491 0.8488 0.8486 0.8483 0.8480
2640.604095 0.8476 0.8471 0.8466 0.8461 0.8456
2644.248031 0.8451 0.8446 0.8441 0.8427 0.8412
2647.891967 0.8397 0.8382 0.8376 0.8371 0.8366
2651.535903 0.8361 0.8354 0.8346 0.8339 0.8331
2655.179839 0.8330 0.8330 0.8330 0.8330 0.8330
2658.823775 0.8330 0.8330 0.8330 0.8328 0.8325
2662.467710 0.8323 0.8320 0.8318 0.8315 0.8313
2666.111646 0.8310 0.8308 0.8305 0.8303 0.8300
2669.755582 0.8300 0.8300 0.8300 0.8300 0.8300
2673.399518 0.8300 0.8300 0.8300 0.8300 0.8300
2677.043454 0.8300 0.8300 0.8298 0.8295 0.8293
2680.687390 0.8290 0.8290 0.8290 0.8290 0.8290
2684.331326 0.8290 0.8290 0.8290 0.8290 0.8290
2687.975262 0.8290 0.8290 0.8290 0.8292 0.8295
2691.619197 0.8297 0.8300 0.8300 0.8300 0.8300
2695.263133 0.8300 0.8302 0.8305 0.8307 0.8310
2698.907069 0.8312 0.8315 0.8317 0.8320 0.8323
2702.551005 0.8325 0.8327 0.8330 0.8330 0.8330
2706.194941 0.8330 0.8330 0.8330 0.8330 0.8330
2709.838877 0.8330 0.8330 0.8330 0.8330 0.8330
2713.482813 0.8330 0.8330 0.8330 0.8330 0.8333
2717.126749 0.8335 0.8338 0.8340 0.8340 0.8340
2720.770685 0.8340 0.8340 0.8343 0.8345 0.8348
2724.414620 0.8350 0.8353 0.8355 0.8358 0.8360
2728.058556 0.8360 0.8360 0.8360 0.8360 0.8360
2731.702492 0.8360 0.8360 0.8360 0.8360 0.8360
2735.346428 0.8360 0.8360 0.8360 0.8360 0.8360
2738.990364 0.8360 0.8360 0.8360 0.8360 0.8360
2742.634300 0.8357 0.8355 0.8352 0.8350 0.8350
2746.278236 0.8350 0.8350 0.8350 0.8350 0.8350
2749.922172 0.8350 0.8350 0.8347 0.8345 0.8342
2753.566107 0.8340 0.8337 0.8335 0.8332 0.8330
2757.210043 0.8330 0.8330 0.8330 0.8329 0.8321
2760.853979 0.8314 0.8306 0.8299 0.8291 0.8284
2764.497915 0.8276 0.8269 0.8261 0.8254 0.8246
2768.141851 0.8238 0.8228 0.8218 0.8208 0.8199
2771.785787 0.8191 0.8184 0.8176 0.8168 0.8155
2775.429723 0.8143 0.8130 0.8117 0.8099 0.8082
2779.073659 0.8064 0.8046 0.8026 0.8006 0.7986
2782.717595 0.7966 0.7943 0.7920 0.7897 0.7872
2786.361530 0.7840 0.7807 0.7775 0.7742 0.7709
2790.005466 0.7677 0.7644 0.7614 0.7592 0.7569
2793.649402 0.7547 0.7524 0.7502 0.7479 0.7457
2797.293338 0.7427 0.7377 0.7327 0.7277 0.7225
2800.937274 0.7168 0.7110 0.7053 0.6992 0.6925
2804.581210 0.6857 0.6790 0.6720 0.6642 0.6565
2808.225146 0.6487 0.6410 0.6332 0.6254 0.6177
2811.869082 0.6109 0.6069 0.6028 0.5987 0.5919
2815.513018 0.5794 0.5669 0.5544 0.5446 0.5403
2819.156953 0.5361 0.5318 0.5263 0.5183 0.5103
2822.800889 0.5023 0.4943 0.4863 0.4783 0.4703
2826.444825 0.4573 0.4345 0.4118 0.3890 0.3675
2830.088761 0.3485 0.3295 0.3105 0.2968 0.2933
2833.732697 0.2898 0.2863 0.2839 0.2837 0.2834
2837.376633 0.2832 0.2830 0.2830 0.2830 0.2830
2841.020569 0.2831 0.2833 0.2836 0.2839 0.2848
2844.664505 0.2868 0.2888 0.2908 0.2928 0.2948
2848.308440 0.2968 0.2988 0.3008 0.3028 0.3048
2851.952376 0.3068 0.3088 0.3108 0.3128 0.3148
2855.596312 0.3168 0.3188 0.3208 0.3228 0.3247
2859.240248 0.3265 0.3282 0.3300 0.3313 0.3321
2862.884184 0.3328 0.3336 0.3350 0.3372 0.3395
2866.528120 0.3417 0.3444 0.3477 0.3509 0.3542
2870.172056 0.3563 0.3571 0.3579 0.3586 0.3590
2873.815992 0.3590 0.3590 0.3590 0.3589 0.3586
2877.459928 0.3584 0.3581 0.3580 0.3580 0.3580
2881.103863 0.3580 0.3521 0.3403 0.3286 0.3168
2884.747799 0.3071 0.2993 0.2916 0.2838 0.2792
2888.391735 0.2777 0.2762 0.2747 0.2721 0.2683
2892.035671 0.2646 0.2608 0.2575 0.2545 0.2515
2895.679607 0.2485 0.2453 0.2421 0.2388 0.2356
2899.323543 0.2290 0.2194 0.2097 0.2001 0.1878
2902.967479 0.1735 0.1593 0.1450 0.1387 0.1382
2906.611415 0.1377 0.1372 0.1370 0.1370 0.1370
2910.255351 0.1370 0.1386 0.1414 0.1441 0.1469
2913.899286 0.1496 0.1524 0.1551 0.1579 0.1618
2917.543222 0.1666 0.1713 0.1761 0.1807 0.1852
2921.187158 0.1897 0.1942 0.1969 0.1984 0.1999
2924.831094 0.2014 0.2022 0.2024 0.2027 0.2029
2928.475030 0.2035 0.2042 0.2050 0.2057 0.2081
2932.118966 0.2114 0.2147 0.2179 0.2273 0.2398
2935.762902 0.2523 0.2648 0.2727 0.2782 0.2837
2939.406838 0.2892 0.2912 0.2914 0.2917 0.2919
2943.050773 0.2920 0.2920 0.2920 0.2920 0.2920
2946.694709 0.2920 0.2920 0.2920 0.2874 0.2807
2950.338645 0.2739 0.2672 0.2650 0.2650 0.2650
2953.982581 0.2650 0.2723 0.2831 0.2938 0.3046
2957.626517 0.3340 0.3721 0.4102 0.4482 0.4723
2961.270453 0.4916 0.5108 0.5301 0.5412 0.5494
2964.914389 0.5577 0.5659 0.5736 0.5811 0.5886
2968.558325 0.5961 0.6031 0.6098 0.6166 0.6233
2972.202261 0.6295 0.6355 0.6415 0.6475 0.6530
2975.846196 0.6582 0.6635 0.6687 0.6734 0.6779
2979.490132 0.6824 0.6869 0.6910 0.6950 0.6991
2983.134068 0.7031 0.7069 0.7106 0.7144 0.7181
2986.778004 0.7217 0.7253 0.7288 0.7324 0.7367
2990.421940 0.7412 0.7457 0.7502 0.7522 0.7537
2994.065876 0.7552 0.7567 0.7580 0.7593 0.7605
2997.709812 0.7618 0.7622 0.7625 0.7627 0.7630
3001.353748 0.7645 0.7662 0.7680 0.7697 0.7708
3004.997683 0.7718 0.7728 0.7738 0.7759 0.7781
3008.641619 0.7804 0.7826 0.7841 0.7853 0.7866
3012.285555 0.7878 0.7882 0.7885 0.7887 0.7890
3015.929491 0.7894 0.7899 0.7904 0.7910 0.7910
3019.573427 0.7910 0.7910 0.7910 0.7912 0.7915
3023.217363 0.7917 0.7920 0.7920 0.7920 0.7920
3026.861299 0.7920 0.7925 0.7930 0.7935 0.7940
3030.505235 0.7940 0.7940 0.7940 0.7940 0.7945
3034.149171 0.7950 0.7955 0.7960 0.7962 0.7965
3037.793106 0.7967 0.7970 0.7975 0.7980 0.7985
3041.437042 0.7990 0.7995 0.8000 0.8005 0.8010
3045.080978 0.8012 0.8015 0.8017 0.8020 0.8022
3048.724914 0.8025 0.8027 0.8030 0.8032 0.8035
3052.368850 0.8037 0.8040 0.8042 0.8045 0.8047
3056.012786 0.8050 0.8053 0.8055 0.8057 0.8060
3059.656722 0.8063 0.8065 0.8068 0.8070 0.8070
3063.300658 0.8070 0.8070 0.8070 0.8073 0.8075
3066.944594 0.8078 0.8080 0.8080 0.8080 0.8080
3070.588529 0.8080 0.8077 0.8075 0.8072 0.8070
3074.232465 0.8070 0.8070 0.8070 0.8070 0.8070
3077.876401 0.8070 0.8070 0.8070 0.8070 0.8070
3081.520337 0.8070 0.8070 0.8070 0.8070 0.8070
3085.164273 0.8070 0.8070 0.8070 0.8070 0.8070
3088.808209 0.8067 0.8065 0.8062 0.8060 0.8057
3092.452145 0.8055 0.8052 0.8050 0.8047 0.8045
3096.096081 0.8042 0.8040 0.8040 0.8040 0.8040
3099.740016 0.8040 0.8037 0.8035 0.8032 0.8030
3103.383952 0.8030 0.8030 0.8030 0.8030 0.8030
3107.027888 0.8030 0.8030 0.8030 0.8030 0.8030
3110.671824 0.8030 0.8030 0.8030 0.8030 0.8030
3114.315760 0.8030 0.8030 0.8030 0.8030 0.8030
3117.959696 0.8030 0.8030 0.8030 0.8030 0.8027
3121.603632 0.8025 0.8022 0.8020 0.8020 0.8020
3125.247568 0.8020 0.8020 0.8020 0.8020 0.8020
3128.891504 0.8020 0.8020 0.8020 0.8020 0.8020
3132.535439 0.8017 0.8014 0.8012 0.8010 0.8010
3136.179375 0.8010 0.8010 0.8009 0.8007 0.8004
3139.823311 0.8002 0.8000 0.8000 0.8000 0.8000
3143.467247 0.7999 0.7997 0.7994 0.7992 0.7989
3147.111183 0.7987 0.7984 0.7982 0.7979 0.7977
3150.755119 0.7974 0.7972 0.7969 0.7967 0.7964
3154.399055 0.7962 0.7960 0.7960 0.7960 0.7960
3158.042991 0.7959 0.7957 0.7954 0.7952 0.7949
3161.686927 0.7947 0.7944 0.7942 0.7940 0.7940
3165.330862 0.7940 0.7940 0.7939 0.7937 0.7934
3168.974798 0.7932 0.7929 0.7927 0.7924 0.7922
3172.618734 0.7919 0.7917 0.7914 0.7912 0.7910
3176.262670 0.7910 0.7910 0.7910 0.7910 0.7910
3179.906606 0.7910 0.7910 0.7909 0.7907 0.7904
3183.550542 0.7902 0.7899 0.7897 0.7894 0.7892
3187.194478 0.7889 0.7887 0.7884 0.7882 0.7880
3190.838414 0.7880 0.7880 0.7880 0.7880 0.7880
3194.482349 0.7880 0.7880 0.7879 0.7876 0.7874
3198.126285 0.7871 0.7869 0.7866 0.7864 0.7861
3201.770221 0.7860 0.7860 0.7860 0.7860 0.7859
3205.414157 0.7856 0.7854 0.7851 0.7849 0.7846
3209.058093 0.7844 0.7841 0.7839 0.7836 0.7834
3212.702029 0.7831 0.7829 0.7826 0.7824 0.7821
3216.345965 0.7818 0.7813 0.7808 0.7803 0.7798
3219.989901 0.7793 0.7788 0.7783 0.7780 0.7780
3223.633837 0.7780 0.7780 0.7779 0.7776 0.7774
3227.277772 0.7771 0.7769 0.7766 0.7764 0.7761
3230.921708 0.7759 0.7756 0.7754 0.7751 0.7747
3234.565644 0.7742 0.7737 0.7732 0.7729 0.7726
3238.209580 0.7724 0.7721 0.7717 0.7712 0.7707
3241.853516 0.7702 0.7697 0.7692 0.7687 0.7682
3245.497452 0.7677 0.7672 0.7667 0.7662 0.7659
3249.141388 0.7656 0.7654 0.7651 0.7646 0.7638
3252.785324 0.7631 0.7623 0.7619 0.7616 0.7614
3256.429260 0.7611 0.7607 0.7602 0.7597 0.7592
3260.073195 0.7587 0.7582 0.7577 0.7572 0.7567
3263.717131 0.7562 0.7557 0.7552 0.7549 0.7546
3267.361067 0.7544 0.7541 0.7537 0.7532 0.7527
3271.005003 0.7522 0.7519 0.7516 0.7514 0.7511
3274.648939 0.7507 0.7502 0.7497 0.7492 0.7485
3278.292875 0.7478 0.7470 0.7463 0.7453 0.7443
3281.936811 0.7433 0.7423 0.7413 0.7403 0.7393
3285.580747 0.7383 0.7377 0.7372 0.7367 0.7362
3289.224682 0.7358 0.7356 0.7353 0.7351 0.7347
3292.868618 0.7342 0.7337 0.7332 0.7327 0.7322
3296.512554 0.7317 0.7312 0.7308 0.7306 0.7303
3300.156490 0.7301 0.7297 0.7292 0.7287 0.7282
3303.800426 0.7273 0.7263 0.7253 0.7243 0.7237
3307.444362 0.7231 0.7226 0.7221 0.7211 0.7198
3311.088298 0.7186 0.7173 0.7163 0.7153 0.7143
3314.732234 0.7133 0.7123 0.7113 0.7103 0.7093
3318.376170 0.7081 0.7068 0.7056 0.7043 0.7034
3322.020105 0.7027 0.7019 0.7012 0.7001 0.6988
3325.664041 0.6976 0.6963 0.6951 0.6938 0.6926
3329.307977 0.6913 0.6901 0.6888 0.6875 0.6863
3332.951913 0.6849 0.6834 0.6819 0.6804 0.6786
3336.595849 0.6769 0.6751 0.6733 0.6714 0.6694
3340.239785 0.6673 0.6653 0.6631 0.6609 0.6586
3343.883721 0.6564 0.6535 0.6505 0.6475 0.6445
3347.527657 0.6413 0.6380 0.6348 0.6315 0.6291
3351.171592 0.6269 0.6246 0.6224 0.6210 0.6197
3354.815528 0.6185 0.6172 0.6162 0.6152 0.6142
3358.459464 0.6132 0.6117 0.6102 0.6087 0.6072
3362.103400 0.6030 0.5982 0.5935 0.5887 0.5841
3365.747336 0.5796 0.5750 0.5704 0.5657 0.5609
3369.391272 0.5562 0.5514 0.5471 0.5429 0.5386
3373.035208 0.5344 0.5301 0.5259 0.5216 0.5174
3376.679144 0.5138 0.5103 0.5068 0.5033 0.5007
3380.323080 0.4982 0.4957 0.4932 0.4909 0.4887
3383.967015 0.4864 0.4842 0.4794 0.4744 0.4694
3387.610951 0.4644 0.4594 0.4544 0.4494 0.4444
3391.254887 0.4394 0.4344 0.4294 0.4244 0.4190
3394.898823 0.4137 0.4084 0.4031 0.3978 0.3925
3398.542759 0.3873 0.3820 0.3765 0.3710 0.3655
3402.186695 0.3600 0.3563 0.3525 0.3488 0.3450
3405.830631 0.3425 0.3400 0.3375 0.3350 0.3322
3409.474567 0.3295 0.3267 0.3240 0.3227 0.3215
3413.118503 0.3202 0.3190 0.3187 0.3185 0.3182
3416.762438 0.3180 0.3175 0.3170 0.3165 0.3160
3420.406374 0.3157 0.3155 0.3152 0.3150 0.3147
3424.050310 0.3145 0.3142 0.3140 0.3137 0.3135
3427.694246 0.3132 0.3129 0.3122 0.3114 0.3107
3431.338182 0.3099 0.3089 0.3079 0.3069 0.3059
3434.982118 0.3052 0.3044 0.3037 0.3030 0.3027
3438.626054 0.3025 0.3022 0.3020 0.3017 0.3015
3442.269990 0.3012 0.3010 0.3010 0.3010 0.3010
3445.913925 0.3010 0.3015 0.3020 0.3025 0.3030
3449.557861 0.3035 0.3040 0.3045 0.3051 0.3064
3453.201797 0.3077 0.3089 0.3104 0.3132 0.3159
3456.845733 0.3187 0.3214 0.3239 0.3264 0.3289
3460.489669 0.3318 0.3368 0.3418 0.3468 0.3513
3464.133605 0.3533 0.3553 0.3573 0.3594 0.3619
3467.777541 0.3644 0.3669 0.3694 0.3719 0.3744
3471.421477 0.3769 0.3799 0.3855 0.3910 0.3965
3475.065413 0.4019 0.4069 0.4119 0.4169 0.4219
3478.709348 0.4269 0.4319 0.4369 0.4419 0.4470
3482.353284 0.4521 0.4571 0.4621 0.4669 0.4716
3485.997220 0.4764 0.4822 0.4912 0.5002 0.5092
3489.641156 0.5169 0.5207 0.5244 0.5282 0.5319
3493.285092 0.5354 0.5389 0.5424 0.5461 0.5503
3496.929028 0.5546 0.5588 0.5628 0.5658 0.5688
3500.572964 0.5718 0.5746 0.5768 0.5791 0.5813
3504.216900 0.5835 0.5852 0.5870 0.5887 0.5904
3507.860836 0.5919 0.5934 0.5949 0.5965 0.5986
3511.504771 0.6006 0.6026 0.6048 0.6073 0.6098
3515.148707 0.6123 0.6151 0.6183 0.6216 0.6248
3518.792643 0.6284 0.6326 0.6369 0.6412 0.6457
3522.436579 0.6507 0.6557 0.6607 0.6652 0.6687
3526.080515 0.6722 0.6757 0.6788 0.6813 0.6838
3529.724451 0.6863 0.6885 0.6900 0.6915 0.6930
3533.368387 0.6945 0.6960 0.6975 0.6990 0.7004
3537.012323 0.7017 0.7029 0.7042 0.7058 0.7081
3540.656258 0.7104 0.7126 0.7146 0.7161 0.7176
3544.300194 0.7191 0.7207 0.7225 0.7242 0.7260
3547.944130 0.7275 0.7288 0.7300 0.7313 0.7325
3551.588066 0.7338 0.7350 0.7363 0.7375 0.7388
3555.232002 0.7400 0.7413 0.7428 0.7448 0.7468
3558.875938 0.7488 0.7504 0.7514 0.7524 0.7534
3562.519874 0.7545 0.7558 0.7570 0.7583 0.7595
3566.163810 0.7608 0.7620 0.7633 0.7644 0.7655
3569.807746 0.7665 0.7675 0.7681 0.7684 0.7686
3573.451681 0.7689 0.7695 0.7705 0.7715 0.7725
3577.095617 0.7730 0.7730 0.7730 0.7730 0.7731
3580.739553 0.7734 0.7736 0.7739 0.7744 0.7751
3584.383489 0.7759 0.7766 0.7773 0.7778 0.7783
3588.027425 0.7788 0.7793 0.7798 0.7803 0.7808
3591.671361 0.7814 0.7821 0.7829 0.7836 0.7843
3595.315297 0.7848 0.7853 0.7858 0.7863 0.7868
3598.959233 0.7873 0.7878 0.7884 0.7892 0.7899
3602.603168 0.7907 0.7910 0.7910 0.7910 0.7910
3606.247104 0.7911 0.7914 0.7916 0.7919 0.7923
3609.891040 0.7928 0.7933 0.7938 0.7943 0.7948
3613.534976 0.7953 0.7958 0.7961 0.7964 0.7966
3617.178912 0.7969 0.7971 0.7974 0.7976 0.7979
3620.822848 0.7981 0.7984 0.7986 0.7989 0.7990
3624.466784 0.7990 0.7990 0.7990 0.7992 0.7994
3628.110720 0.7997 0.7999 0.8003 0.8008 0.8013
3631.754656 0.8018 0.8022 0.8024 0.8027 0.8029
3635.398591 0.8030 0.8030 0.8030 0.8030 0.8030
3639.042527 0.8030 0.8030 0.8030 0.8032 0.8034
3642.686463 0.8037 0.8039 0.8040 0.8040 0.8040
3646.330399 0.8040 0.8040 0.8040 0.8040 0.8040
3649.974335 0.8040 0.8040 0.8040 0.8040 0.8042
3653.618271 0.8044 0.8047 0.8049 0.8052 0.8054
3657.262207 0.8057 0.8059 0.8060 0.8060 0.8060
3660.906143 0.8060 0.8060 0.8060 0.8060 0.8060
3664.550079 0.8060 0.8060 0.8060 0.8060 0.8062
3668.194014 0.8064 0.8067 0.8069 0.8068 0.8066
3671.837950 0.8063 0.8061 0.8060 0.8060 0.8060
3675.481886 0.8060 0.8060 0.8060 0.8060 0.8060
3679.125822 0.8060 0.8060 0.8060 0.8060 0.8058
3682.769758 0.8056 0.8053 0.8051 0.8050 0.8050
3686.413694 0.8050 0.8050 0.8048 0.8045 0.8043
3690.057630 0.8040 0.8036 0.8031 0.8026 0.8021
3693.701566 0.8020 0.8020 0.8020 0.8020 0.8018
3697.345501 0.8015 0.8013 0.8010 0.8008 0.8005
3700.989437 0.8003 0.8000 0.8000 0.8000 0.8000
3704.633373 0.8000 0.8000 0.8000 0.8000 0.8000
3708.277309 0.8002 0.8005 0.8007 0.8010 0.8012
3711.921245 0.8015 0.8017 0.8020 0.8020 0.8020
3715.565181 0.8020 0.8020 0.8025 0.8030 0.8035
3719.209117 0.8040 0.8045 0.8050 0.8055 0.8060
3722.853053 0.8067 0.8074 0.8082 0.8089 0.8092
3726.496989 0.8095 0.8097 0.8100 0.8102 0.8105
3730.140924 0.8107 0.8110 0.8110 0.8110 0.8110
3733.784860 0.8110 0.8112 0.8115 0.8117 0.8120
3737.428796 0.8120 0.8120 0.8120 0.8120 0.8120
3741.072732 0.8120 0.8120 0.8120 0.8120 0.8120
3744.716668 0.8120 0.8120 0.8120 0.8120 0.8120
3748.360604 0.8120 0.8120 0.8120 0.8120 0.8120
3752.004540 0.8120 0.8120 0.8120 0.8120 0.8120
3755.648476 0.8120 0.8120 0.8120 0.8118 0.8115
3759.292412 0.8113 0.8110 0.8107 0.8105 0.8103
3762.936347 0.8100 0.8097 0.8095 0.8092 0.8090
3766.580283 0.8093 0.8095 0.8098 0.8100 0.8097
3770.224219 0.8095 0.8092 0.8090 0.8090 0.8090
3773.868155 0.8090 0.8090 0.8090 0.8090 0.8090
3777.512091 0.8090 0.8090 0.8090 0.8090 0.8090
3781.156027 0.8090 0.8090 0.8090 0.8090 0.8090
3784.799963 0.8090 0.8090 0.8090 0.8090 0.8090
3788.443899 0.8090 0.8090 0.8090 0.8090 0.8090
3792.087834 0.8090 0.8087 0.8085 0.8082 0.8080
3795.731770 0.8080 0.8080 0.8080 0.8080 0.8083
3799.375706 0.8085 0.8088 0.8090 0.8090 0.8090
3803.019642 0.8090 0.8090 0.8087 0.8085 0.8082
3806.663578 0.8080 0.8080 0.8080 0.8080 0.8080
3810.307514 0.8077 0.8075 0.8072 0.8070 0.8070
3813.951450 0.8070 0.8070 0.8070 0.8070 0.8070
3817.595386 0.8070 0.8070 0.8067 0.8065 0.8062
3821.239322 0.8060 0.8057 0.8055 0.8052 0.8050
3824.883257 0.8047 0.8045 0.8042 0.8040 0.8040
3828.527193 0.8040 0.8040 0.8040 0.8040 0.8040
3832.171129 0.8040 0.8039 0.8037 0.8034 0.8032
3835.815065 0.8030 0.8030 0.8030 0.8030 0.8029
3839.459001 0.8027 0.8024 0.8022 0.8020 0.8020
3843.102937 0.8020 0.8020 0.8020 0.8020 0.8020
3846.746873 0.8020 0.8020 0.8020 0.8020 0.8020
3850.390809 0.8019 0.8017 0.8014 0.8012 0.8010
3854.034744 0.8010 0.8010 0.8010 0.8009 0.8007
3857.678680 0.8004 0.8002 0.8000 0.8000 0.8000
3861.322616 0.8000 0.7999 0.7997 0.7994 0.7992
3864.966552 0.7989 0.7987 0.7984 0.7982 0.7978
3868.610488 0.7973 0.7968 0.7963 0.7959 0.7957
3872.254424 0.7954 0.7952 0.7949 0.7947 0.7944
3875.898360 0.7942 0.7940 0.7940 0.7940 0.7940
3879.542296 0.7940 0.7940 0.7940 0.7940 0.7939
3883.186232 0.7937 0.7934 0.7932 0.7929 0.7927
3886.830167 0.7924 0.7922 0.7920 0.7920 0.7920
3890.474103 0.7920 0.7920 0.7920 0.7920 0.7920
3894.118039 0.7919 0.7916 0.7914 0.7911 0.7910
3897.761975 0.7910 0.7910 0.7910 0.7910 0.7910
3901.405911 0.7910 0.7910 0.7910 0.7910 0.7910
3905.049847 0.7910 0.7910 0.7910 0.7910 0.7910
3908.693783 0.7910 0.7910 0.7910 0.7910 0.7910
3912.337719 0.7910 0.7910 0.7910 0.7910 0.7910
3915.981655 0.7910 0.7910 0.7910 0.7910 0.7910
3919.625590 0.7910 0.7910 0.7910 0.7910 0.7910
3923.269526 0.7909 0.7906 0.7904 0.7901 0.7900
3926.913462 0.7900 0.7900 0.7900 0.7900 0.7900
3930.557398 0.7900 0.7900 0.7899 0.7896 0.7894
3934.201334 0.7891 0.7889 0.7886 0.7884 0.7881
3937.845270 0.7880 0.7880 0.7880 0.7880 0.7877
3941.489206 0.7872 0.7867 0.7862 0.7860 0.7860
3945.133142 0.7860 0.7860 0.7857 0.7852 0.7847
3948.777077 0.7842 0.7839 0.7836 0.7834 0.7831
3952.421013 0.7830 0.7830 0.7830 0.7830 0.7830
3956.064949 0.7830 0.7830 0.7830 0.7829 0.7826
3959.708885 0.7824 0.7821 0.7820 0.7820 0.7820
3963.352821 0.7820 0.7820 0.7820 0.7820 0.7820
3966.996757 0.7819 0.7816 0.7814 0.7811 0.7810
3970.640693 0.7810 0.7810 0.7810 0.7809 0.7806
3974.284629 0.7804 0.7801 0.7800 0.7800 0.7800
3977.928565 0.7800 0.7798 0.7796 0.7793 0.7791
3981.572500 0.7790 0.7790 0.7790 0.7790 0.7788
3985.216436 0.7786 0.7783 0.7781 0.7780 0.7780
3988.860372 0.7780 0.7780 0.7780 0.7780 0.7780
3992.504308 0.7780 0.7780 0.7780 0.7780 0.7780
3996.148244 0.7780 0.7780 0.7780 0.7780 0.7780
3999.792180 0.7780 0.7780 0.7780 0.7780 0.7780
4003.436116 0.7780 0.7780 0.7780 0.7780 0.7780
4007.080052 0.7780 0.7780 0.7780 0.7780 0.7780
4010.723988 0.7780 0.7780 0.7780 0.7780 0.7780
4014.367923 0.7780 0.7780 0.7780 0.7780 0.7780
4018.011859 0.7780 0.7780
##END=
