##TITLE=2-AMINO-3-NAPHTHOL
##JCAMP-DX=4.24
##DATA TYPE=INFRARED SPECTRUM
##CLASS=COBLENTZ
##ORIGIN=ANDERSON PHYSICAL LABORATORY
##OWNER=COBLENTZ SOCIETY
Collection (C) 2018 copyright by the U.S. Secretary of Commerce
on behalf of the United States of America. All rights reserved.
##DATE=Not specified, most likely prior to 1970
##NAMES=3-amino-2-naphthol
##CAS REGISTRY NO=5417-63-0
##MOLFORM=C10 H9 N O
##SOURCE REFERENCE=COBLENTZ NO. 2641
##$NIST SOURCE=COBLENTZ
##$NIST IMAGE=cob2641
##SPECTROMETER/DATA SYSTEM=Not specified, most likely a prism, grating, or hybrid spectrometer.
##STATE=SOLID (1.0% IN KBr PELLET)
##PATH LENGTH=0.0355 CM THICK
##SAMPLING PROCEDURE=TRANSMISSION
##RESOLUTION=4
##DATA PROCESSING=DIGITIZED BY NIST FROM HARD COPY (FROM TWO SEGMENTS)
##XUNITS=1/CM
##YUNITS=TRANSMITTANCE
##XFACTOR=1.000000
##YFACTOR=1
##DELTAX=0.932839
##FIRSTX=677.239
##LASTX=3988.82
##FIRSTY=0.626
##MAXX=3988.82
##MINX=677.239
##MAXY=0.913
##MINY=0.077
##NPOINTS=3551
##XYDATA=(X++(Y..Y))
677.239000 0.6260 0.6280 0.6280 0.6290 0.6290
681.903196 0.6280 0.6280 0.6230 0.6170 0.6110
686.567392 0.6100 0.6100 0.6110 0.6130 0.6499
691.231588 0.6739 0.6979 0.7060 0.7090 0.7100
695.895784 0.7100 0.7090 0.7070 0.7070 0.7060
700.559979 0.6980 0.6890 0.6761 0.6641 0.6531
705.224175 0.6370 0.6250 0.6230 0.6220 0.6220
709.888371 0.6250 0.6290 0.6579 0.6699 0.6819
714.552567 0.6830 0.6850 0.6860 0.6880 0.6880
719.216763 0.6890 0.6890 0.6880 0.6850 0.6800
723.880959 0.6760 0.6740 0.6740 0.6730 0.6710
728.545155 0.6670 0.6610 0.6530 0.6470 0.6371
733.209351 0.6260 0.6110 0.5920 0.5750 0.5590
737.873547 0.5351 0.5171 0.4971 0.4423 0.3645
742.537742 0.2539 0.1820 0.1090 0.0940 0.0920
747.201938 0.0920 0.0950 0.1309 0.1688 0.1968
751.866134 0.2530 0.2960 0.3290 0.3370 0.3380
756.530330 0.3460 0.3470 0.3500 0.3888 0.4268
761.194526 0.4630 0.4730 0.4840 0.4870 0.4900
765.858722 0.4910 0.4910 0.5149 0.5389 0.5718
770.522918 0.6130 0.6460 0.6730 0.6940 0.7000
775.187114 0.7040 0.7070 0.7090 0.7100 0.7100
779.851309 0.7100 0.7100 0.7100 0.7100 0.7090
784.515505 0.7090 0.7070 0.7060 0.7030 0.7010
789.179701 0.6950 0.6920 0.6860 0.6830 0.6790
793.843897 0.6770 0.6740 0.6710 0.6680 0.6650
798.508093 0.6610 0.6560 0.6520 0.6490 0.6400
803.172289 0.6370 0.6340 0.6310 0.6250 0.6190
807.836485 0.6130 0.6040 0.5990 0.5980 0.5950
812.500681 0.5890 0.5780 0.5720 0.5660 0.5531
817.164877 0.5380 0.5270 0.5230 0.5210 0.5170
821.829072 0.5090 0.5050 0.5000 0.4960 0.4870
826.493268 0.4790 0.4700 0.4630 0.4520 0.4460
831.157464 0.4360 0.4300 0.4210 0.4061 0.3911
835.821660 0.3710 0.3530 0.3350 0.3230 0.3080
840.485856 0.2950 0.2801 0.2541 0.2530 0.2510
845.150052 0.2530 0.2540 0.2720 0.2890 0.3070
849.814248 0.3200 0.3320 0.3459 0.3589 0.3739
854.478444 0.3880 0.3890 0.3910 0.3910 0.3860
859.142640 0.3740 0.3591 0.3411 0.3221 0.2991
863.806835 0.2770 0.2540 0.2440 0.2330 0.2140
868.471031 0.1970 0.1821 0.1720 0.1670 0.1580
873.135227 0.1540 0.1480 0.1400 0.1310 0.1190
877.799423 0.1120 0.1030 0.1010 0.1000 0.1010
882.463619 0.1030 0.1340 0.1610 0.1969 0.2599
887.127815 0.2889 0.3129 0.3289 0.3399 0.3410
891.792011 0.3410 0.3380 0.3350 0.3220 0.3110
896.456207 0.2990 0.2691 0.2680 0.2680 0.2690
901.120402 0.2710 0.2870 0.3040 0.3190 0.3430
905.784598 0.3620 0.3790 0.3949 0.4149 0.4309
910.448794 0.4460 0.4610 0.4760 0.5020 0.5150
915.112990 0.5290 0.5449 0.5599 0.5749 0.5989
919.777186 0.6050 0.6280 0.6290 0.6280 0.6140
924.441382 0.6050 0.6020 0.6010 0.6020 0.6169
929.105578 0.6320 0.6370 0.6460 0.6550 0.6710
933.769774 0.6880 0.7010 0.7060 0.7100 0.7190
938.433970 0.7270 0.7310 0.7370 0.7420 0.7510
943.098165 0.7520 0.7550 0.7580 0.7600 0.7610
947.762361 0.7630 0.7630 0.7580 0.7330 0.7070
952.426557 0.6371 0.5143 0.4931 0.4721 0.4690
957.090753 0.4700 0.4810 0.5030 0.6438 0.6969
961.754949 0.7668 0.7909 0.8079 0.8180 0.8270
966.419145 0.8350 0.8440 0.8500 0.8560 0.8620
971.083341 0.8660 0.8680 0.8720 0.8770 0.8780
975.747537 0.8780 0.8810 0.8830 0.8830 0.8840
980.411733 0.8860 0.8860 0.8860 0.8870 0.8870
985.075928 0.8870 0.8860 0.8860 0.8860 0.8860
989.740124 0.8870 0.8890 0.8900 0.8930 0.8950
994.404320 0.8980 0.8990 0.8990 0.9010 0.9020
999.068516 0.9020 0.9040 0.9040 0.9040 0.9040
1003.732712 0.9040 0.9040 0.9040 0.9040 0.9040
1008.396908 0.9040 0.9040 0.9040 0.9040 0.9040
1013.061104 0.9020 0.9010 0.9010 0.9010 0.8990
1017.725300 0.8980 0.8900 0.8800 0.8690 0.8620
1022.389495 0.8289 0.7850 0.7820 0.7840 0.8060
1027.053691 0.8290 0.8350 0.8529 0.8689 0.8889
1031.717887 0.8990 0.9050 0.9070 0.9080 0.9110
1036.382083 0.9110 0.9130 0.9130 0.9130 0.9130
1041.046279 0.9130 0.9130 0.9130 0.9130 0.9130
1045.710475 0.9130 0.9130 0.9130 0.9110 0.9110
1050.374671 0.9110 0.9100 0.9100 0.9100 0.9080
1055.038867 0.9080 0.9080 0.9080 0.9080 0.9070
1059.703063 0.9050 0.9050 0.9050 0.9050 0.9050
1064.367258 0.9040 0.9040 0.9020 0.9020 0.9010
1069.031454 0.8990 0.8990 0.8980 0.8960 0.8950
1073.695650 0.8950 0.8920 0.8890 0.8860 0.8840
1078.359846 0.8840 0.8840 0.8840 0.8840 0.8830
1083.024042 0.8810 0.8810 0.8780 0.8750 0.8710
1087.688238 0.8690 0.8680 0.8660 0.8620 0.8590
1092.352434 0.8570 0.8560 0.8530 0.8500 0.8470
1097.016630 0.8440 0.8390 0.8330 0.8260 0.8140
1101.680826 0.7990 0.7840 0.7671 0.7511 0.7430
1106.345021 0.7340 0.7180 0.7060 0.6970 0.6910
1111.009217 0.6890 0.6890 0.6910 0.6920 0.6920
1115.673413 0.6970 0.7000 0.7010 0.7060 0.7090
1120.337609 0.7180 0.7210 0.7270 0.7310 0.7360
1125.001805 0.7400 0.7450 0.7540 0.7570 0.7600
1129.666001 0.7610 0.7610 0.7610 0.7610 0.7610
1134.330197 0.7610 0.7610 0.7610 0.7610 0.7610
1138.994393 0.7600 0.7550 0.7510 0.7480 0.7430
1143.658588 0.7370 0.7310 0.7210 0.7120 0.7000
1148.322784 0.6880 0.6710 0.6491 0.6221 0.5842
1152.986980 0.5380 0.5360 0.5350 0.5360 0.5410
1157.651176 0.5420 0.5480 0.5530 0.5530 0.5560
1162.315372 0.5630 0.5680 0.5710 0.5720 0.5690
1166.979568 0.5480 0.5270 0.5001 0.4840 0.4661
1171.643764 0.4279 0.3880 0.3500 0.3160 0.3010
1176.307960 0.2930 0.2840 0.2780 0.2770 0.2720
1180.972156 0.2690 0.2690 0.2690 0.2710 0.2770
1185.636351 0.2990 0.3319 0.3639 0.3919 0.4189
1190.300547 0.4491 0.5001 0.5270 0.5510 0.5770
1194.964743 0.5980 0.6190 0.6340 0.6460 0.6619
1199.628939 0.6760 0.6830 0.6910 0.6950 0.7000
1204.293135 0.7030 0.7070 0.7130 0.7160 0.7180
1208.957331 0.7210 0.7250 0.7280 0.7330 0.7360
1213.621527 0.7370 0.7390 0.7370 0.7360 0.7340
1218.285723 0.7310 0.7270 0.7190 0.7100 0.7070
1222.949919 0.7030 0.6940 0.6800 0.6710 0.6650
1227.614114 0.6580 0.6470 0.6290 0.6160 0.6040
1232.278310 0.5960 0.5860 0.5740 0.5620 0.5471
1236.942506 0.5299 0.5110 0.5000 0.4900 0.4670
1241.606702 0.4480 0.4280 0.4041 0.3861 0.3621
1246.270898 0.3369 0.3080 0.2780 0.2500 0.2380
1250.935094 0.2240 0.2001 0.1811 0.1720 0.1720
1255.599290 0.1720 0.1760 0.1820 0.1940 0.2180
1260.263486 0.2650 0.2949 0.3080 0.3130 0.3170
1264.927682 0.3170 0.3110 0.2930 0.2690 0.2560
1269.591877 0.2410 0.2110 0.1811 0.1541 0.1281
1274.256073 0.1150 0.1030 0.0890 0.0770 0.0770
1278.920269 0.0790 0.0850 0.1059 0.1269 0.1489
1283.584465 0.1691 0.1880 0.2111 0.2740 0.3040
1288.248661 0.3340 0.3590 0.3849 0.4069 0.4299
1292.912857 0.4491 0.4661 0.5030 0.5240 0.5390
1297.577053 0.5890 0.6310 0.6669 0.6979 0.7239
1302.241249 0.7640 0.7810 0.7940 0.8060 0.8200
1306.905444 0.8290 0.8360 0.8420 0.8450 0.8530
1311.569640 0.8540 0.8570 0.8570 0.8590 0.8590
1316.233836 0.8590 0.8590 0.8560 0.8530 0.8530
1320.898032 0.8470 0.8420 0.8390 0.8350 0.8290
1325.562228 0.8240 0.8230 0.8210 0.8180 0.8120
1330.226424 0.8030 0.7970 0.7870 0.7820 0.7730
1334.890620 0.7670 0.7580 0.7520 0.7490 0.7450
1339.554816 0.7420 0.7370 0.7270 0.7150 0.7100
1344.219012 0.7090 0.7070 0.7090 0.7100 0.7120
1348.883207 0.7180 0.7240 0.7280 0.7330 0.7360
1353.547403 0.7370 0.7370 0.7390 0.7390 0.7390
1358.211599 0.7370 0.7360 0.7310 0.7280 0.7190
1362.875795 0.7150 0.7060 0.6950 0.6820 0.6700
1367.539991 0.6550 0.6399 0.6140 0.5920 0.5680
1372.204187 0.5410 0.5380 0.5360 0.5380 0.5390
1376.868383 0.5621 0.5830 0.6050 0.6230 0.6380
1381.532579 0.6430 0.6440 0.6470 0.6470 0.6460
1386.196775 0.6440 0.6430 0.6400 0.6350 0.6290
1390.860970 0.6200 0.6140 0.6040 0.5980 0.5890
1395.525166 0.5770 0.5650 0.5530 0.5410 0.5270
1400.189362 0.5120 0.5050 0.4970 0.4820 0.4790
1404.853558 0.4750 0.4670 0.4630 0.4550 0.4510
1409.517754 0.4430 0.4340 0.4210 0.4060 0.3970
1414.181950 0.3880 0.3760 0.3700 0.3610 0.3550
1418.846146 0.3490 0.3410 0.3340 0.3290 0.3220
1423.510342 0.3100 0.3020 0.2990 0.2960 0.2920
1428.174537 0.2890 0.2840 0.2810 0.2770 0.2690
1432.838733 0.2620 0.2510 0.2480 0.2450 0.2330
1437.502929 0.2270 0.2200 0.2170 0.2150 0.2140
1442.167125 0.2150 0.2170 0.2230 0.2240 0.2330
1446.831321 0.2380 0.2680 0.2950 0.3219 0.3459
1451.495517 0.3701 0.3971 0.4250 0.4540 0.4670
1456.159713 0.4810 0.4900 0.4930 0.4990 0.4990
1460.823909 0.4990 0.4990 0.4910 0.4760 0.4610
1465.488105 0.4460 0.4310 0.4130 0.3921 0.3671
1470.152300 0.3369 0.3009 0.2560 0.2390 0.2230
1474.816496 0.2210 0.2200 0.2210 0.2360 0.2410
1479.480692 0.2560 0.2680 0.2780 0.2840 0.2860
1484.144888 0.2890 0.2900 0.2920 0.2900 0.2751
1488.809084 0.2590 0.2500 0.2390 0.2230 0.2180
1493.473280 0.2170 0.2180 0.2589 0.2839 0.3189
1498.137476 0.3862 0.4312 0.5001 0.5350 0.5620
1502.801672 0.5900 0.6020 0.6110 0.6130 0.6140
1507.465868 0.6130 0.6110 0.6020 0.5950 0.5780
1512.130063 0.5690 0.5600 0.5540 0.5470 0.5360
1516.794259 0.5300 0.5199 0.5000 0.4930 0.4850
1521.458455 0.4490 0.4030 0.3551 0.3161 0.2921
1526.122651 0.2709 0.2500 0.2420 0.2330 0.2170
1530.786847 0.2060 0.1990 0.1910 0.1840 0.1780
1535.451043 0.1760 0.1720 0.1700 0.1720 0.1750
1540.115239 0.2060 0.2659 0.2930 0.3219 0.3529
1544.779435 0.3892 0.4331 0.4601 0.5080 0.5240
1549.443630 0.5290 0.5300 0.5320 0.5360 0.5510
1554.107826 0.5690 0.5810 0.5950 0.6050 0.6220
1558.772022 0.6290 0.6340 0.6370 0.6370 0.6340
1563.436218 0.6310 0.6280 0.6250 0.6230 0.6190
1568.100414 0.6160 0.6130 0.6100 0.6010 0.5900
1572.764610 0.5810 0.5720 0.5620 0.5560 0.5480
1577.428806 0.5410 0.5330 0.5300 0.5230 0.5140
1582.093002 0.5110 0.5080 0.5060 0.5050 0.5030
1586.757198 0.5000 0.4990 0.4960 0.4870 0.4840
1591.421393 0.4810 0.4790 0.4780 0.4760 0.4750
1596.085589 0.4730 0.4700 0.4670 0.4640 0.4600
1600.749785 0.4550 0.4490 0.4390 0.4280 0.4190
1605.413981 0.4070 0.4000 0.3890 0.3800 0.3710
1610.078177 0.3640 0.3550 0.3500 0.3490 0.3470
1614.742373 0.3490 0.3500 0.3580 0.3680 0.3820
1619.406569 0.3950 0.4030 0.4120 0.4180 0.4270
1624.070765 0.4330 0.4370 0.4400 0.4430 0.4430
1628.734961 0.4420 0.4390 0.4360 0.4210 0.4040
1633.399156 0.3950 0.3800 0.3740 0.3700 0.3650
1638.063352 0.3620 0.3610 0.3610 0.3590 0.3580
1642.727548 0.3580 0.3580 0.3590 0.3620 0.3849
1647.391744 0.4090 0.4181 0.4401 0.4600 0.4790
1652.055940 0.5140 0.5270 0.5380 0.5500 0.5680
1656.720136 0.5841 0.5960 0.6020 0.6130 0.6250
1661.384332 0.6370 0.6550 0.6710 0.6890 0.7040
1666.048528 0.7180 0.7250 0.7300 0.7330 0.7340
1670.712723 0.7360 0.7390 0.7420 0.7450 0.7450
1675.376919 0.7460 0.7460 0.7460 0.7460 0.7460
1680.041115 0.7460 0.7460 0.7480 0.7520 0.7540
1684.705311 0.7540 0.7550 0.7550 0.7570 0.7570
1689.369507 0.7580 0.7580 0.7580 0.7580 0.7580
1694.033703 0.7600 0.7600 0.7600 0.7600 0.7610
1698.697899 0.7600 0.7580 0.7580 0.7570 0.7570
1703.362095 0.7550 0.7550 0.7550 0.7550 0.7550
1708.026291 0.7550 0.7550 0.7570 0.7570 0.7570
1712.690486 0.7570 0.7580 0.7600 0.7610 0.7610
1717.354682 0.7640 0.7660 0.7670 0.7690 0.7700
1722.018878 0.7730 0.7780 0.7790 0.7810 0.7820
1726.683074 0.7850 0.7880 0.7900 0.7900 0.7910
1731.347270 0.7970 0.7990 0.7990 0.8000 0.8020
1736.011466 0.8020 0.8020 0.8020 0.8020 0.8020
1740.675662 0.8020 0.8020 0.8000 0.7990 0.7990
1745.339858 0.7970 0.7970 0.7970 0.7970 0.7960
1750.004054 0.7940 0.7940 0.7940 0.7940 0.7940
1754.668249 0.7940 0.7930 0.7930 0.7930 0.7930
1759.332445 0.7940 0.7960 0.7960 0.7960 0.7970
1763.996641 0.7970 0.7970 0.7970 0.7970 0.7970
1768.660837 0.7970 0.7970 0.7960 0.7960 0.7940
1773.325033 0.7940 0.7940 0.7940 0.7940 0.7940
1777.989229 0.7940 0.7940 0.7940 0.7960 0.7960
1782.653425 0.7970 0.7970 0.7970 0.7970 0.7970
1787.317621 0.7970 0.7970 0.7970 0.7970 0.7970
1791.981816 0.7970 0.7970 0.7970 0.7970 0.7970
1796.646012 0.7970 0.7970 0.7970 0.7970 0.7960
1801.310208 0.7960 0.7940 0.7940 0.7940 0.7940
1805.974404 0.7930 0.7930 0.7900 0.7900 0.7870
1810.638600 0.7870 0.7850 0.7850 0.7840 0.7840
1815.302796 0.7820 0.7810 0.7810 0.7790 0.7780
1819.966992 0.7760 0.7760 0.7730 0.7730 0.7730
1824.631188 0.7730 0.7730 0.7730 0.7720 0.7720
1829.295384 0.7720 0.7720 0.7720 0.7720 0.7720
1833.959579 0.7720 0.7720 0.7720 0.7720 0.7720
1838.623775 0.7720 0.7720 0.7720 0.7720 0.7720
1843.287971 0.7730 0.7730 0.7730 0.7730 0.7730
1847.952167 0.7730 0.7730 0.7730 0.7750 0.7750
1852.616363 0.7750 0.7750 0.7750 0.7750 0.7750
1857.280559 0.7750 0.7750 0.7750 0.7750 0.7750
1861.944755 0.7750 0.7750 0.7750 0.7760 0.7760
1866.608951 0.7760 0.7760 0.7760 0.7760 0.7760
1871.273147 0.7760 0.7760 0.7760 0.7760 0.7760
1875.937342 0.7760 0.7760 0.7760 0.7760 0.7760
1880.601538 0.7760 0.7750 0.7750 0.7730 0.7730
1885.265734 0.7730 0.7720 0.7700 0.7700 0.7690
1889.929930 0.7670 0.7670 0.7660 0.7640 0.7630
1894.594126 0.7630 0.7610 0.7600 0.7600 0.7600
1899.258322 0.7570 0.7540 0.7510 0.7510 0.7490
1903.922518 0.7490 0.7460 0.7450 0.7450 0.7430
1908.586714 0.7420 0.7420 0.7420 0.7420 0.7400
1913.250910 0.7400 0.7400 0.7400 0.7400 0.7400
1917.915105 0.7400 0.7390 0.7370 0.7360 0.7340
1922.579301 0.7340 0.7310 0.7280 0.7250 0.7190
1927.243497 0.7160 0.7150 0.7130 0.7130 0.7130
1931.907693 0.7130 0.7130 0.7150 0.7160 0.7190
1936.571889 0.7190 0.7210 0.7220 0.7220 0.7220
1941.236085 0.7240 0.7240 0.7240 0.7240 0.7250
1945.900281 0.7250 0.7250 0.7240 0.7220 0.7180
1950.564477 0.7150 0.7120 0.7090 0.7090 0.7070
1955.228672 0.7060 0.7060 0.7060 0.7060 0.7060
1959.892868 0.7070 0.7090 0.7120 0.7130 0.7130
1964.557064 0.7150 0.7150 0.7160 0.7180 0.7180
1969.221260 0.7180 0.7180 0.7180 0.7190 0.7190
1973.885456 0.7190 0.7190 0.7190 0.7190 0.7190
1978.549652 0.7190 0.7190 0.7190 0.7190 0.7190
1983.213848 0.7190 0.7190 0.7190 0.7190 0.7190
1987.878044 0.7180 0.7180 0.7180 0.7180 0.7180
1992.542240 0.7180 0.7180 0.7160 0.7160 0.7160
1997.206435 0.7150 0.7150 0.7150 0.7130 0.7130
2001.870631 0.7130 0.7130 0.7130 0.7130 0.7130
2006.534827 0.7130 0.7130 0.7130 0.7130 0.7130
2011.199023 0.7130 0.7128 0.7125 0.7123 0.7120
2015.863219 0.7120 0.7120 0.7120 0.7120 0.7115
2020.527415 0.7110 0.7105 0.7100 0.7100 0.7100
2025.191611 0.7100 0.7100 0.7098 0.7095 0.7093
2029.855807 0.7090 0.7090 0.7090 0.7090 0.7090
2034.520003 0.7085 0.7080 0.7075 0.7070 0.7070
2039.184198 0.7070 0.7070 0.7070 0.7068 0.7065
2043.848394 0.7063 0.7060 0.7060 0.7060 0.7060
2048.512590 0.7060 0.7055 0.7050 0.7045 0.7040
2053.176786 0.7040 0.7040 0.7040 0.7040 0.7040
2057.840982 0.7040 0.7040 0.7040 0.7040 0.7040
2062.505178 0.7040 0.7040 0.7038 0.7035 0.7033
2067.169374 0.7030 0.7030 0.7030 0.7030 0.7030
2071.833570 0.7023 0.7015 0.7008 0.7000 0.6995
2076.497765 0.6990 0.6985 0.6980 0.6965 0.6950
2081.161961 0.6935 0.6920 0.6918 0.6915 0.6913
2085.826157 0.6910 0.6898 0.6885 0.6873 0.6860
2090.490353 0.6845 0.6830 0.6815 0.6800 0.6786
2095.154549 0.6771 0.6756 0.6741 0.6738 0.6735
2099.818745 0.6733 0.6730 0.6725 0.6720 0.6715
2104.482941 0.6710 0.6710 0.6710 0.6710 0.6710
2109.147137 0.6703 0.6695 0.6688 0.6680 0.6665
2113.811333 0.6650 0.6635 0.6620 0.6605 0.6590
2118.475528 0.6575 0.6560 0.6550 0.6540 0.6530
2123.139724 0.6520 0.6513 0.6505 0.6498 0.6490
2127.803920 0.6490 0.6490 0.6490 0.6490 0.6485
2132.468116 0.6480 0.6475 0.6470 0.6453 0.6436
2137.132312 0.6418 0.6401 0.6395 0.6390 0.6385
2141.796508 0.6380 0.6380 0.6380 0.6380 0.6380
2146.460704 0.6380 0.6380 0.6380 0.6380 0.6380
2151.124900 0.6380 0.6380 0.6380 0.6378 0.6375
2155.789096 0.6373 0.6370 0.6370 0.6370 0.6370
2160.453291 0.6370 0.6365 0.6360 0.6355 0.6350
2165.117487 0.6348 0.6345 0.6343 0.6340 0.6335
2169.781683 0.6330 0.6325 0.6320 0.6320 0.6320
2174.445879 0.6320 0.6320 0.6313 0.6305 0.6298
2179.110075 0.6290 0.6290 0.6290 0.6290 0.6290
2183.774271 0.6283 0.6275 0.6268 0.6260 0.6252
2188.438467 0.6245 0.6238 0.6230 0.6220 0.6210
2193.102663 0.6200 0.6190 0.6183 0.6175 0.6168
2197.766858 0.6160 0.6155 0.6150 0.6145 0.6140
2202.431054 0.6138 0.6135 0.6133 0.6130 0.6130
2207.095250 0.6130 0.6130 0.6130 0.6125 0.6120
2211.759446 0.6115 0.6110 0.6100 0.6090 0.6081
2216.423642 0.6071 0.6058 0.6046 0.6033 0.6021
2221.087838 0.6018 0.6015 0.6013 0.6010 0.5995
2225.752034 0.5980 0.5965 0.5950 0.5935 0.5920
2230.416230 0.5905 0.5890 0.5883 0.5875 0.5868
2235.080426 0.5860 0.5860 0.5860 0.5860 0.5860
2239.744621 0.5853 0.5845 0.5838 0.5830 0.5825
2244.408817 0.5820 0.5815 0.5810 0.5808 0.5805
2249.073013 0.5803 0.5800 0.5795 0.5790 0.5785
2253.737209 0.5780 0.5773 0.5765 0.5758 0.5750
2258.401405 0.5748 0.5745 0.5743 0.5740 0.5732
2263.065601 0.5725 0.5717 0.5710 0.5703 0.5695
2267.729797 0.5688 0.5680 0.5673 0.5665 0.5658
2272.393993 0.5650 0.5645 0.5640 0.5635 0.5630
2277.058189 0.5628 0.5625 0.5623 0.5620 0.5615
2281.722384 0.5610 0.5605 0.5600 0.5600 0.5600
2286.386580 0.5600 0.5600 0.5586 0.5571 0.5556
2291.050776 0.5541 0.5531 0.5521 0.5511 0.5501
2295.714972 0.5495 0.5490 0.5485 0.5480 0.5477
2300.379168 0.5475 0.5473 0.5470 0.5463 0.5455
2305.043364 0.5448 0.5440 0.5435 0.5430 0.5425
2309.707560 0.5420 0.5418 0.5415 0.5413 0.5410
2314.371756 0.5405 0.5400 0.5395 0.5390 0.5390
2319.035951 0.5390 0.5390 0.5390 0.5383 0.5375
2323.700147 0.5368 0.5360 0.5353 0.5345 0.5338
2328.364343 0.5330 0.5323 0.5315 0.5308 0.5300
2333.028539 0.5298 0.5295 0.5293 0.5290 0.5290
2337.692735 0.5290 0.5290 0.5290 0.5283 0.5275
2342.356931 0.5268 0.5260 0.5248 0.5235 0.5223
2347.021127 0.5210 0.5208 0.5205 0.5203 0.5200
2351.685323 0.5200 0.5200 0.5200 0.5200 0.5195
2356.349519 0.5190 0.5185 0.5180 0.5178 0.5175
2361.013714 0.5173 0.5170 0.5170 0.5170 0.5170
2365.677910 0.5170 0.5158 0.5146 0.5133 0.5121
2370.342106 0.5118 0.5115 0.5113 0.5110 0.5097
2375.006302 0.5085 0.5072 0.5060 0.5053 0.5045
2379.670498 0.5038 0.5030 0.5028 0.5025 0.5023
2384.334694 0.5020 0.5015 0.5010 0.5005 0.5000
2388.998890 0.5000 0.5000 0.5000 0.5000 0.4998
2393.663086 0.4995 0.4993 0.4990 0.4985 0.4980
2398.327282 0.4975 0.4970 0.4956 0.4941 0.4926
2402.991477 0.4911 0.4896 0.4881 0.4866 0.4851
2407.655673 0.4843 0.4835 0.4828 0.4820 0.4817
2412.319869 0.4815 0.4813 0.4810 0.4803 0.4795
2416.984065 0.4788 0.4780 0.4773 0.4765 0.4758
2421.648261 0.4750 0.4745 0.4740 0.4735 0.4730
2426.312457 0.4723 0.4715 0.4708 0.4700 0.4693
2430.976653 0.4685 0.4678 0.4670 0.4663 0.4655
2435.640849 0.4648 0.4640 0.4626 0.4611 0.4596
2440.305045 0.4581 0.4573 0.4565 0.4558 0.4550
2444.969240 0.4543 0.4535 0.4528 0.4520 0.4512
2449.633436 0.4505 0.4497 0.4490 0.4490 0.4490
2454.297632 0.4490 0.4490 0.4480 0.4470 0.4460
2458.961828 0.4450 0.4445 0.4440 0.4435 0.4430
2463.626024 0.4423 0.4415 0.4408 0.4400 0.4398
2468.290220 0.4395 0.4393 0.4390 0.4385 0.4380
2472.954416 0.4375 0.4370 0.4356 0.4341 0.4326
2477.618612 0.4311 0.4296 0.4281 0.4266 0.4251
2482.282807 0.4248 0.4245 0.4243 0.4240 0.4235
2486.947003 0.4230 0.4225 0.4220 0.4218 0.4215
2491.611199 0.4213 0.4210 0.4205 0.4200 0.4195
2496.275395 0.4190 0.4183 0.4175 0.4168 0.4160
2500.939591 0.4158 0.4155 0.4153 0.4150 0.4143
2505.603787 0.4135 0.4128 0.4120 0.4106 0.4091
2510.267983 0.4076 0.4061 0.4053 0.4045 0.4038
2514.932179 0.4030 0.4023 0.4015 0.4008 0.4000
2519.596375 0.3995 0.3990 0.3985 0.3980 0.3977
2524.260570 0.3975 0.3972 0.3970 0.3958 0.3945
2528.924766 0.3933 0.3920 0.3918 0.3915 0.3913
2533.588962 0.3910 0.3905 0.3900 0.3895 0.3890
2538.253158 0.3883 0.3875 0.3868 0.3860 0.3850
2542.917354 0.3840 0.3830 0.3820 0.3813 0.3805
2547.581550 0.3798 0.3790 0.3771 0.3751 0.3731
2552.245746 0.3711 0.3708 0.3705 0.3703 0.3700
2556.909942 0.3700 0.3700 0.3700 0.3700 0.3695
2561.574138 0.3690 0.3685 0.3680 0.3678 0.3675
2566.238333 0.3673 0.3670 0.3665 0.3660 0.3655
2570.902529 0.3650 0.3650 0.3650 0.3650 0.3650
2575.566725 0.3650 0.3650 0.3650 0.3650 0.3648
2580.230921 0.3645 0.3643 0.3640 0.3640 0.3640
2584.895117 0.3640 0.3640 0.3640 0.3640 0.3640
2589.559313 0.3640 0.3640 0.3640 0.3640 0.3640
2594.223509 0.3633 0.3625 0.3618 0.3610 0.3610
2598.887705 0.3610 0.3610 0.3610 0.3603 0.3595
2603.551900 0.3588 0.3580 0.3573 0.3565 0.3558
2608.216096 0.3550 0.3543 0.3535 0.3528 0.3520
2612.880292 0.3513 0.3505 0.3498 0.3490 0.3483
2617.544488 0.3475 0.3468 0.3460 0.3453 0.3445
2622.208684 0.3438 0.3430 0.3425 0.3420 0.3415
2626.872880 0.3410 0.3410 0.3410 0.3410 0.3410
2631.537076 0.3408 0.3405 0.3403 0.3400 0.3395
2636.201272 0.3390 0.3385 0.3380 0.3380 0.3380
2640.865468 0.3380 0.3380 0.3380 0.3380 0.3380
2645.529663 0.3380 0.3380 0.3380 0.3380 0.3380
2650.193859 0.3385 0.3390 0.3395 0.3400 0.3407
2654.858055 0.3415 0.3422 0.3430 0.3430 0.3430
2659.522251 0.3430 0.3430 0.3440 0.3450 0.3459
2664.186447 0.3469 0.3475 0.3480 0.3485 0.3490
2668.850643 0.3497 0.3505 0.3512 0.3520 0.3535
2673.514839 0.3550 0.3565 0.3580 0.3583 0.3585
2678.179035 0.3587 0.3590 0.3590 0.3590 0.3590
2682.843231 0.3590 0.3590 0.3590 0.3590 0.3590
2687.507426 0.3588 0.3585 0.3583 0.3580 0.3573
2692.171622 0.3565 0.3558 0.3550 0.3543 0.3535
2696.835818 0.3528 0.3520 0.3513 0.3505 0.3498
2701.500014 0.3490 0.3483 0.3475 0.3468 0.3460
2706.164210 0.3455 0.3450 0.3445 0.3440 0.3430
2710.828406 0.3420 0.3410 0.3400 0.3393 0.3385
2715.492602 0.3378 0.3370 0.3370 0.3370 0.3370
2720.156798 0.3370 0.3370 0.3370 0.3370 0.3370
2724.820993 0.3365 0.3360 0.3355 0.3350 0.3350
2729.485189 0.3350 0.3350 0.3350 0.3350 0.3350
2734.149385 0.3350 0.3350 0.3350 0.3350 0.3350
2738.813581 0.3350 0.3350 0.3350 0.3350 0.3350
2743.477777 0.3350 0.3350 0.3350 0.3350 0.3355
2748.141973 0.3360 0.3365 0.3370 0.3372 0.3375
2752.806169 0.3377 0.3380 0.3387 0.3395 0.3402
2757.470365 0.3410 0.3410 0.3410 0.3410 0.3410
2762.134561 0.3417 0.3425 0.3432 0.3440 0.3445
2766.798756 0.3450 0.3455 0.3460 0.3467 0.3475
2771.462952 0.3482 0.3490 0.3490 0.3490 0.3490
2776.127148 0.3490 0.3490 0.3490 0.3490 0.3490
2780.791344 0.3490 0.3490 0.3490 0.3490 0.3490
2785.455540 0.3490 0.3490 0.3490 0.3490 0.3490
2790.119736 0.3490 0.3490 0.3492 0.3495 0.3497
2794.783932 0.3500 0.3500 0.3500 0.3500 0.3500
2799.448128 0.3500 0.3500 0.3500 0.3500 0.3505
2804.112324 0.3510 0.3515 0.3520 0.3522 0.3525
2808.776519 0.3527 0.3530 0.3530 0.3530 0.3530
2813.440715 0.3530 0.3535 0.3540 0.3545 0.3550
2818.104911 0.3560 0.3570 0.3580 0.3590 0.3605
2822.769107 0.3620 0.3635 0.3650 0.3655 0.3660
2827.433303 0.3665 0.3670 0.3677 0.3685 0.3692
2832.097499 0.3700 0.3702 0.3705 0.3707 0.3710
2836.761695 0.3715 0.3720 0.3725 0.3730 0.3732
2841.425891 0.3735 0.3737 0.3740 0.3745 0.3750
2846.090086 0.3755 0.3760 0.3762 0.3765 0.3767
2850.754282 0.3770 0.3775 0.3780 0.3785 0.3790
2855.418478 0.3790 0.3790 0.3790 0.3790 0.3785
2860.082674 0.3780 0.3775 0.3770 0.3768 0.3765
2864.746870 0.3763 0.3760 0.3753 0.3745 0.3738
2869.411066 0.3730 0.3725 0.3720 0.3715 0.3710
2874.075262 0.3708 0.3705 0.3703 0.3700 0.3693
2878.739458 0.3685 0.3678 0.3670 0.3658 0.3646
2883.403654 0.3633 0.3621 0.3613 0.3605 0.3598
2888.067849 0.3590 0.3581 0.3571 0.3561 0.3551
2892.732045 0.3538 0.3525 0.3513 0.3500 0.3492
2897.396241 0.3485 0.3477 0.3470 0.3455 0.3440
2902.060437 0.3425 0.3410 0.3408 0.3405 0.3403
2906.724633 0.3400 0.3395 0.3390 0.3385 0.3380
2911.388829 0.3378 0.3375 0.3373 0.3370 0.3370
2916.053025 0.3370 0.3370 0.3370 0.3365 0.3360
2920.717221 0.3355 0.3350 0.3350 0.3350 0.3350
2925.381417 0.3350 0.3350 0.3350 0.3350 0.3350
2930.045612 0.3350 0.3350 0.3350 0.3350 0.3350
2934.709808 0.3350 0.3350 0.3350 0.3350 0.3350
2939.374004 0.3350 0.3350 0.3348 0.3345 0.3343
2944.038200 0.3340 0.3340 0.3340 0.3340 0.3340
2948.702396 0.3335 0.3330 0.3325 0.3320 0.3320
2953.366592 0.3320 0.3320 0.3320 0.3318 0.3315
2958.030788 0.3313 0.3310 0.3310 0.3310 0.3310
2962.694984 0.3310 0.3310 0.3310 0.3310 0.3310
2967.359179 0.3305 0.3300 0.3295 0.3290 0.3290
2972.023375 0.3290 0.3290 0.3290 0.3290 0.3290
2976.687571 0.3290 0.3290 0.3288 0.3285 0.3283
2981.351767 0.3280 0.3275 0.3270 0.3265 0.3260
2986.015963 0.3258 0.3255 0.3253 0.3250 0.3238
2990.680159 0.3225 0.3213 0.3200 0.3198 0.3195
2995.344355 0.3193 0.3190 0.3183 0.3175 0.3168
3000.008551 0.3160 0.3153 0.3145 0.3138 0.3130
3004.672747 0.3118 0.3105 0.3093 0.3080 0.3072
3009.336942 0.3065 0.3057 0.3050 0.3043 0.3035
3014.001138 0.3028 0.3020 0.3020 0.3020 0.3020
3018.665334 0.3020 0.3018 0.3015 0.3013 0.3010
3023.329530 0.3005 0.3000 0.2995 0.2990 0.2983
3027.993726 0.2975 0.2968 0.2960 0.2953 0.2945
3032.657922 0.2938 0.2930 0.2928 0.2925 0.2923
3037.322118 0.2920 0.2920 0.2920 0.2920 0.2920
3041.986314 0.2915 0.2910 0.2905 0.2900 0.2900
3046.650510 0.2900 0.2900 0.2900 0.2900 0.2900
3051.314705 0.2900 0.2900 0.2898 0.2895 0.2893
3055.978901 0.2890 0.2885 0.2880 0.2875 0.2870
3060.643097 0.2868 0.2865 0.2863 0.2860 0.2860
3065.307293 0.2860 0.2860 0.2860 0.2860 0.2860
3069.971489 0.2860 0.2860 0.2855 0.2850 0.2845
3074.635685 0.2840 0.2840 0.2840 0.2840 0.2840
3079.299881 0.2840 0.2840 0.2840 0.2840 0.2845
3083.964077 0.2850 0.2855 0.2860 0.2885 0.2910
3088.628273 0.2935 0.2960 0.2972 0.2985 0.2997
3093.292468 0.3010 0.3017 0.3025 0.3032 0.3040
3097.956664 0.3042 0.3045 0.3047 0.3050 0.3072
3102.620860 0.3094 0.3117 0.3139 0.3159 0.3179
3107.285056 0.3199 0.3219 0.3237 0.3254 0.3272
3111.949252 0.3289 0.3297 0.3305 0.3312 0.3320
3116.613448 0.3339 0.3359 0.3380 0.3400 0.3418
3121.277644 0.3435 0.3453 0.3470 0.3470 0.3470
3125.941840 0.3470 0.3470 0.3475 0.3480 0.3485
3130.606035 0.3490 0.3492 0.3495 0.3497 0.3500
3135.270231 0.3505 0.3510 0.3515 0.3520 0.3522
3139.934427 0.3525 0.3527 0.3530 0.3530 0.3530
3144.598623 0.3530 0.3530 0.3530 0.3530 0.3530
3149.262819 0.3530 0.3530 0.3530 0.3530 0.3530
3153.927015 0.3530 0.3530 0.3530 0.3530 0.3530
3158.591211 0.3530 0.3530 0.3530 0.3528 0.3525
3163.255407 0.3523 0.3520 0.3515 0.3510 0.3505
3167.919603 0.3500 0.3500 0.3500 0.3500 0.3500
3172.583798 0.3500 0.3500 0.3500 0.3500 0.3500
3177.247994 0.3500 0.3500 0.3500 0.3498 0.3495
3181.912190 0.3493 0.3490 0.3490 0.3490 0.3490
3186.576386 0.3490 0.3490 0.3490 0.3490 0.3490
3191.240582 0.3490 0.3490 0.3490 0.3490 0.3490
3195.904778 0.3490 0.3490 0.3490 0.3478 0.3465
3200.568974 0.3453 0.3440 0.3430 0.3420 0.3410
3205.233170 0.3400 0.3393 0.3385 0.3378 0.3370
3209.897366 0.3365 0.3360 0.3355 0.3350 0.3343
3214.561561 0.3335 0.3328 0.3320 0.3310 0.3300
3219.225757 0.3290 0.3280 0.3266 0.3251 0.3236
3223.889953 0.3221 0.3213 0.3205 0.3198 0.3190
3228.554149 0.3183 0.3175 0.3168 0.3160 0.3152
3233.218345 0.3145 0.3137 0.3130 0.3115 0.3100
3237.882541 0.3085 0.3070 0.3063 0.3055 0.3048
3242.546737 0.3040 0.3028 0.3015 0.3003 0.2990
3247.210933 0.2973 0.2955 0.2938 0.2920 0.2871
3251.875128 0.2822 0.2772 0.2722 0.2681 0.2642
3256.539324 0.2602 0.2562 0.2548 0.2536 0.2523
3261.203520 0.2511 0.2496 0.2481 0.2466 0.2451
3265.867716 0.2419 0.2386 0.2353 0.2320 0.2285
3270.531912 0.2250 0.2215 0.2180 0.2120 0.2060
3275.196108 0.2000 0.1940 0.1885 0.1830 0.1776
3279.860304 0.1721 0.1678 0.1636 0.1593 0.1551
3284.524500 0.1518 0.1486 0.1453 0.1421 0.1413
3289.188696 0.1405 0.1398 0.1390 0.1385 0.1380
3293.852891 0.1375 0.1370 0.1375 0.1380 0.1385
3298.517087 0.1390 0.1397 0.1405 0.1412 0.1420
3303.181283 0.1470 0.1524 0.1577 0.1630 0.1655
3307.845479 0.1680 0.1705 0.1730 0.1758 0.1785
3312.509675 0.1812 0.1840 0.1870 0.1900 0.1930
3317.173871 0.1960 0.1992 0.2024 0.2057 0.2089
3321.838067 0.2139 0.2189 0.2239 0.2289 0.2358
3326.502263 0.2428 0.2498 0.2568 0.2596 0.2624
3331.166459 0.2651 0.2679 0.2702 0.2724 0.2746
3335.830654 0.2769 0.2794 0.2819 0.2844 0.2869
3340.494850 0.2882 0.2895 0.2907 0.2920 0.2928
3345.159046 0.2935 0.2943 0.2950 0.2958 0.2965
3349.823242 0.2972 0.2980 0.2973 0.2965 0.2958
3354.487438 0.2950 0.2938 0.2925 0.2913 0.2900
3359.151634 0.2876 0.2851 0.2826 0.2801 0.2778
3363.815830 0.2756 0.2733 0.2711 0.2684 0.2656
3368.480026 0.2629 0.2601 0.2576 0.2551 0.2526
3373.144221 0.2501 0.2486 0.2471 0.2456 0.2441
3377.808417 0.2426 0.2410 0.2395 0.2380 0.2352
3382.472613 0.2325 0.2297 0.2270 0.2240 0.2210
3387.136809 0.2180 0.2150 0.2090 0.2030 0.1971
3391.801005 0.1911 0.1910 0.1910 0.1910 0.1910
3396.465201 0.1922 0.1935 0.1947 0.1960 0.1989
3401.129397 0.2019 0.2049 0.2079 0.2256 0.2438
3405.793593 0.2620 0.2802 0.2889 0.2971 0.3054
3410.457789 0.3136 0.3202 0.3267 0.3331 0.3396
3415.121984 0.3450 0.3504 0.3557 0.3611 0.3663
3419.786180 0.3715 0.3768 0.3820 0.3873 0.3925
3424.450376 0.3977 0.4030 0.4075 0.4120 0.4165
3429.114572 0.4209 0.4249 0.4289 0.4329 0.4369
3433.778768 0.4399 0.4429 0.4459 0.4489 0.4495
3438.442964 0.4500 0.4505 0.4510 0.4517 0.4525
3443.107160 0.4532 0.4540 0.4540 0.4540 0.4540
3447.771356 0.4540 0.4540 0.4540 0.4540 0.4540
3452.435552 0.4540 0.4540 0.4540 0.4540 0.4543
3457.099747 0.4545 0.4548 0.4550 0.4563 0.4575
3461.763943 0.4587 0.4600 0.4610 0.4620 0.4630
3466.428139 0.4640 0.4655 0.4670 0.4685 0.4700
3471.092335 0.4712 0.4725 0.4737 0.4750 0.4772
3475.756531 0.4794 0.4817 0.4839 0.4905 0.4972
3480.420727 0.5040 0.5107 0.5127 0.5144 0.5162
3485.084923 0.5179 0.5194 0.5209 0.5224 0.5239
3489.749119 0.5247 0.5255 0.5262 0.5270 0.5278
3494.413314 0.5285 0.5293 0.5300 0.5305 0.5310
3499.077510 0.5315 0.5320 0.5322 0.5325 0.5327
3503.741706 0.5330 0.5335 0.5340 0.5345 0.5350
3508.405902 0.5352 0.5355 0.5357 0.5360 0.5365
3513.070098 0.5370 0.5375 0.5380 0.5382 0.5385
3517.734294 0.5387 0.5390 0.5395 0.5400 0.5405
3522.398490 0.5410 0.5431 0.5454 0.5476 0.5499
3527.062686 0.5510 0.5520 0.5530 0.5540 0.5575
3531.726882 0.5610 0.5645 0.5680 0.5710 0.5740
3536.391077 0.5770 0.5800 0.5822 0.5845 0.5867
3541.055273 0.5890 0.5905 0.5920 0.5935 0.5950
3545.719469 0.5952 0.5955 0.5957 0.5960 0.5972
3550.383665 0.5985 0.5997 0.6010 0.6027 0.6044
3555.047861 0.6062 0.6079 0.6099 0.6119 0.6139
3559.712057 0.6159 0.6162 0.6165 0.6167 0.6170
3564.376253 0.6175 0.6180 0.6185 0.6190 0.6193
3569.040449 0.6195 0.6198 0.6200 0.6205 0.6210
3573.704645 0.6215 0.6220 0.6222 0.6225 0.6227
3578.368840 0.6230 0.6237 0.6245 0.6252 0.6260
3583.033036 0.6267 0.6275 0.6282 0.6290 0.6295
3587.697232 0.6300 0.6305 0.6310 0.6312 0.6315
3592.361428 0.6317 0.6320 0.6325 0.6330 0.6335
3597.025624 0.6340 0.6340 0.6340 0.6340 0.6340
3601.689820 0.6340 0.6340 0.6340 0.6340 0.6343
3606.354016 0.6345 0.6348 0.6350 0.6350 0.6350
3611.018212 0.6350 0.6350 0.6355 0.6360 0.6365
3615.682408 0.6370 0.6372 0.6375 0.6377 0.6380
3620.346603 0.6380 0.6380 0.6380 0.6380 0.6392
3625.010799 0.6405 0.6417 0.6430 0.6437 0.6445
3629.674995 0.6452 0.6460 0.6467 0.6475 0.6482
3634.339191 0.6490 0.6492 0.6495 0.6497 0.6500
3639.003387 0.6500 0.6500 0.6500 0.6500 0.6505
3643.667583 0.6510 0.6515 0.6520 0.6520 0.6520
3648.331779 0.6520 0.6520 0.6520 0.6520 0.6520
3652.995975 0.6520 0.6520 0.6520 0.6520 0.6520
3657.660170 0.6520 0.6520 0.6520 0.6520 0.6520
3662.324366 0.6520 0.6520 0.6520 0.6520 0.6520
3666.988562 0.6520 0.6520 0.6520 0.6520 0.6520
3671.652758 0.6520 0.6522 0.6525 0.6527 0.6530
3676.316954 0.6530 0.6530 0.6530 0.6530 0.6535
3680.981150 0.6540 0.6545 0.6550 0.6550 0.6550
3685.645346 0.6550 0.6550 0.6550 0.6550 0.6550
3690.309542 0.6550 0.6552 0.6555 0.6557 0.6560
3694.973738 0.6560 0.6560 0.6560 0.6560 0.6565
3699.637933 0.6570 0.6575 0.6580 0.6580 0.6580
3704.302129 0.6580 0.6580 0.6580 0.6580 0.6580
3708.966325 0.6580 0.6580 0.6580 0.6580 0.6580
3713.630521 0.6575 0.6570 0.6565 0.6560 0.6560
3718.294717 0.6560 0.6560 0.6560 0.6560 0.6560
3722.958913 0.6560 0.6560 0.6560 0.6560 0.6560
3727.623109 0.6560 0.6558 0.6555 0.6553 0.6550
3732.287305 0.6550 0.6550 0.6550 0.6550 0.6545
3736.951501 0.6540 0.6535 0.6530 0.6530 0.6530
3741.615696 0.6530 0.6530 0.6528 0.6525 0.6523
3746.279892 0.6520 0.6520 0.6520 0.6520 0.6520
3750.944088 0.6520 0.6520 0.6520 0.6520 0.6520
3755.608284 0.6520 0.6520 0.6520 0.6520 0.6520
3760.272480 0.6520 0.6520 0.6515 0.6510 0.6505
3764.936676 0.6500 0.6498 0.6495 0.6493 0.6490
3769.600872 0.6485 0.6480 0.6475 0.6470 0.6468
3774.265068 0.6465 0.6463 0.6460 0.6455 0.6450
3778.929263 0.6445 0.6440 0.6440 0.6440 0.6440
3783.593459 0.6440 0.6433 0.6425 0.6418 0.6410
3788.257655 0.6408 0.6405 0.6403 0.6400 0.6395
3792.921851 0.6390 0.6385 0.6380 0.6372 0.6365
3797.586047 0.6358 0.6350 0.6348 0.6345 0.6343
3802.250243 0.6340 0.6340 0.6340 0.6340 0.6340
3806.914439 0.6335 0.6330 0.6325 0.6320 0.6318
3811.578635 0.6315 0.6313 0.6310 0.6305 0.6300
3816.242831 0.6295 0.6290 0.6288 0.6285 0.6283
3820.907026 0.6280 0.6275 0.6270 0.6265 0.6260
3825.571222 0.6260 0.6260 0.6260 0.6260 0.6260
3830.235418 0.6260 0.6260 0.6260 0.6257 0.6255
3834.899614 0.6252 0.6250 0.6245 0.6240 0.6235
3839.563810 0.6230 0.6230 0.6230 0.6230 0.6230
3844.228006 0.6228 0.6225 0.6223 0.6220 0.6215
3848.892202 0.6210 0.6205 0.6200 0.6198 0.6195
3853.556398 0.6193 0.6190 0.6190 0.6190 0.6190
3858.220594 0.6190 0.6190 0.6190 0.6190 0.6190
3862.884789 0.6190 0.6190 0.6190 0.6190 0.6190
3867.548985 0.6190 0.6190 0.6190 0.6185 0.6180
3872.213181 0.6175 0.6170 0.6170 0.6170 0.6170
3876.877377 0.6170 0.6170 0.6170 0.6170 0.6170
3881.541573 0.6170 0.6170 0.6170 0.6170 0.6170
3886.205769 0.6170 0.6170 0.6170 0.6170 0.6170
3890.869965 0.6170 0.6170 0.6170 0.6170 0.6170
3895.534161 0.6170 0.6170 0.6170 0.6170 0.6170
3900.198356 0.6168 0.6165 0.6163 0.6160 0.6160
3904.862552 0.6160 0.6160 0.6160 0.6160 0.6160
3909.526748 0.6160 0.6160 0.6155 0.6150 0.6145
3914.190944 0.6140 0.6138 0.6135 0.6133 0.6130
3918.855140 0.6123 0.6115 0.6108 0.6100 0.6095
3923.519336 0.6090 0.6085 0.6080 0.6078 0.6075
3928.183532 0.6073 0.6070 0.6065 0.6060 0.6055
3932.847728 0.6050 0.6050 0.6050 0.6050 0.6050
3937.511924 0.6050 0.6050 0.6050 0.6050 0.6050
3942.176119 0.6050 0.6050 0.6050 0.6042 0.6035
3946.840315 0.6028 0.6020 0.6010 0.6000 0.5990
3951.504511 0.5980 0.5968 0.5955 0.5943 0.5930
3956.168707 0.5920 0.5910 0.5900 0.5890 0.5885
3960.832903 0.5880 0.5875 0.5870 0.5868 0.5865
3965.497099 0.5863 0.5860 0.5860 0.5860 0.5860
3970.161295 0.5860 0.5860 0.5860 0.5860 0.5860
3974.825491 0.5860 0.5860 0.5860 0.5860 0.5860
3979.489687 0.5860 0.5860 0.5860 0.5860 0.5860
3984.153882 0.5860 0.5860 0.5860 0.5860 0.5860
3988.818078 0.5860
##END=
