##TITLE=14-Heptacosanone
##JCAMP-DX=4.24
##DATA TYPE=INFRARED SPECTRUM
##ORIGIN=EPA-IR VAPOR PHASE LIBRARY
##OWNER=SRD/NIST
Collection (C) 2018 copyright by the U.S. Secretary of Commerce
on behalf of the United States of America. All rights reserved.
##CAS REGISTRY NO=542-50-7
##MOLFORM=C 27 H 54 O
##$NIST SOURCE=MSDC-IR
##STATE=gas
##XUNITS=1/CM
##YUNITS=ABSORBANCE
##XFACTOR=1.
##YFACTOR=0.001
##DELTAX=1.92934
##FIRSTX=549.9
##LASTX=3999.5
##FIRSTY=0.16
##MAXX=3999.53
##MINX=549.863
##MAXY=0.094463
##MINY=0
##NPOINTS=1789
##XYDATA=(X++(Y..Y))
549.863 0.16 0.092 0.057 0.027 0.004 0 0.018 0.094 0.114 0.115
569.156 0.126 0.12 0.194 0.148 0.118 0.15 0.098 0.079 0.06 0.097
588.450 0.157 0.127 0.15 0.163 0.125 0.166 0.247 0.249 0.214 0.219
607.743 0.195 0.226 0.285 0.22 0.212 0.273 0.299 0.282 0.278 0.306
627.037 0.287 0.273 0.316 0.309 0.267 0.206 0.144 0.155 0.203 0.284
646.330 0.275 0.246 0.248 0.222 0.199 0.192 0.222 0.193 0.144 0.178
665.624 0.246 0.226 0.239 0.279 0.236 0.224 0.236 0.305 0.346 0.329
684.917 0.325 0.382 0.442 0.481 0.5282 0.5383 0.63344 0.7256 0.7471 0.8081
704.210 0.9125 1.038 1.1596 1.234 1.3181 1.4372 1.5233 1.5789 1.5614 1.5043
723.504 1.5048 1.5001 1.4516 1.4063 1.3279 1.2792 1.2584 1.1771 1.1148 1.1116
742.797 1.0779 1.0569 1.0388 0.9861 0.9869 0.957 0.8746 0.8363 0.8064 0.7961
762.091 0.8197 0.8239 0.7994 0.8088 0.8411 0.7837 0.7297 0.7041 0.68462 0.68511
781.384 0.66316 0.61433 0.5775 0.58602 0.5571 0.5491 0.5671 0.5212 0.5184 0.5271
800.678 0.5155 0.476 0.5022 0.5367 0.471 0.483 0.5401 0.5351 0.5108 0.485
819.971 0.455 0.484 0.5178 0.5072 0.482 0.461 0.46 0.462 0.426 0.444
839.264 0.469 0.48 0.484 0.473 0.49 0.5001 0.5095 0.4991 0.4935 0.484
858.558 0.484 0.5175 0.5411 0.5409 0.4965 0.482 0.5152 0.5299 0.5273 0.5244
877.851 0.542 0.539 0.5335 0.5548 0.5636 0.5546 0.5536 0.5391 0.5214 0.5465
897.145 0.5341 0.5354 0.5811 0.58975 0.5671 0.58856 0.59024 0.58304 0.5653 0.5365
916.438 0.557 0.57 0.5713 0.5646 0.5921 0.60431 0.59175 0.601462 0.62261 0.62863
935.732 0.63001 0.6248 0.62195 0.63262 0.64524 0.64533 0.65898 0.67369 0.68314 0.7118
955.025 0.7168 0.7251 0.7433 0.7559 0.7613 0.7755 0.7738 0.7645 0.781 0.7985
974.318 0.8123 0.8048 0.8109 0.8438 0.8719 0.8669 0.8409 0.8457 0.8771 0.9072
993.612 0.942 0.999 1.0497 1.0625 1.0661 1.0933 1.0973 1.0997 1.1132 1.1197
1012.905 1.1308 1.1553 1.1753 1.1923 1.1946 1.1617 1.1582 1.1767 1.196 1.2487
1032.199 1.3022 1.3016 1.3102 1.3598 1.4187 1.4632 1.4957 1.5305 1.5597 1.593
1051.492 1.623 1.633 1.633 1.643 1.633 1.613 1.613 1.5848 1.5534 1.5713
1070.786 1.5694 1.5503 1.5581 1.5532 1.5523 1.5462 1.5277 1.5623 1.5754 1.5748
1090.079 1.653 1.663 1.653 1.643 1.5679 1.5552 1.5331 1.4725 1.4359 1.4024
1109.372 1.4048 1.3724 1.364 1.3858 1.3934 1.4044 1.4867 1.5885 1.603 1.613
1128.666 1.5595 1.5543 1.5629 1.4765 1.4227 1.3665 1.3112 1.1904 1.1224 1.1857
1147.959 1.2088 1.1175 1.0938 1.137 1.1666 1.225 1.225 1.2482 1.3083 1.3207
1167.253 1.2586 1.2202 1.2261 1.2272 1.252 1.1828 1.1676 1.1632 1.1347 1.1219
1186.546 1.0617 1.1037 1.1522 1.1359 1.1187 1.0537 0.9735 0.9583 0.8778 0.8107
1205.840 0.7494 0.8316 0.9618 0.9605 0.9158 0.8829 0.9591 0.8862 0.8001 0.878
1225.133 0.9071 0.9211 1.021 1.1065 1.1338 1.1897 1.2232 1.2194 1.2979 1.393
1244.426 1.3727 1.3339 1.344 1.4094 1.4615 1.4559 1.4928 1.5385 1.5437 1.5337
1263.720 1.5913 1.673 1.683 1.773 1.863 1.893 1.913 1.883 1.923 2.013
1283.013 2.093 2.123 2.093 2.133 2.203 2.223 2.243 2.313 2.393 2.453
1302.307 2.513 2.523 2.553 2.593 2.603 2.573 2.533 2.513 2.503 2.503
1321.600 2.533 2.563 2.583 2.663 2.763 2.853 3.003 3.183 3.373 3.583
1340.894 3.783 4.003 4.243 4.443 4.633 4.803 4.903 4.943 4.953 4.873
1360.187 4.763 4.623 4.413 4.203 3.963 3.713 3.433 3.183 2.963 2.793
1379.480 2.673 2.573 2.473 2.343 2.193 2.013 1.873 1.813 1.783 1.763
1398.774 1.753 1.753 1.783 1.833 1.923 2.033 2.153 2.273 2.363 2.423
1418.067 2.453 2.443 2.453 2.473 2.523 2.563 2.623 2.733 2.883 3.063
1437.361 3.293 3.553 3.863 4.203 4.593 4.973 5.383 5.793 6.213 6.623
1456.654 6.953 7.173 7.253 7.193 6.933 6.523 6.043 5.433 4.733 4.093
1475.948 3.563 3.053 2.643 2.313 2.063 1.843 1.643 1.5221 1.3872 1.2571
1495.241 1.177 1.0945 1.0213 0.9785 0.9222 0.8714 0.8464 0.8206 0.7856 0.7467
1514.534 0.7114 0.67399 0.63791 0.64981 0.65288 0.62687 0.6208 0.58344 0.5675 0.598227
1533.828 0.58905 0.5526 0.521 0.4965 0.4963 0.5083 0.5003 0.468 0.443 0.439
1553.121 0.456 0.451 0.408 0.413 0.456 0.456 0.431 0.415 0.4 0.408
1572.415 0.428 0.397 0.371 0.389 0.396 0.414 0.443 0.444 0.438 0.422
1591.708 0.417 0.434 0.431 0.433 0.429 0.414 0.41 0.421 0.424 0.423
1611.002 0.429 0.446 0.468 0.45 0.447 0.477 0.476 0.454 0.471 0.5064
1630.295 0.5056 0.4971 0.5099 0.4979 0.4976 0.5068 0.5222 0.5225 0.5185 0.5576
1649.588 0.5757 0.5495 0.5433 0.5773 0.63669 0.67194 0.65583 0.68488 0.7418 0.7734
1668.882 0.7982 0.846 0.9006 0.9341 1.0006 1.0943 1.1611 1.2238 1.3063 1.4143
1688.175 1.5105 1.603 1.743 1.903 2.113 2.353 2.623 3.003 3.413 3.933
1707.469 4.533 5.253 6.123 7.123 8.193 9.313 10.443 11.303 11.803 11.813
1726.762 11.273 10.263 8.913 7.493 6.143 5.073 4.233 3.573 3.053 2.623
1746.056 2.303 2.033 1.803 1.613 1.4748 1.3361 1.2102 1.1196 1.0414 0.9744
1765.349 0.9272 0.907 0.8797 0.8267 0.7681 0.7504 0.7178 0.68696 0.66157 0.60911
1784.642 0.60833 0.595772 0.5631 0.5466 0.5493 0.5646 0.5424 0.51 0.5088 0.5176
1803.936 0.477 0.431 0.459 0.485 0.456 0.435 0.451 0.451 0.419 0.412
1823.229 0.418 0.411 0.402 0.421 0.432 0.424 0.422 0.421 0.408 0.386
1842.523 0.383 0.376 0.388 0.401 0.405 0.408 0.383 0.361 0.388 0.397
1861.816 0.371 0.367 0.363 0.371 0.388 0.395 0.379 0.363 0.381 0.393
1881.110 0.35 0.325 0.35 0.346 0.354 0.368 0.38 0.381 0.364 0.376
1900.403 0.362 0.361 0.377 0.396 0.42 0.384 0.342 0.345 0.339 0.356
1919.696 0.36 0.349 0.362 0.354 0.354 0.351 0.35 0.349 0.337 0.35
1938.990 0.349 0.358 0.383 0.372 0.357 0.353 0.366 0.376 0.394 0.413
1958.283 0.403 0.402 0.394 0.405 0.416 0.375 0.366 0.381 0.373 0.36
1977.577 0.363 0.402 0.426 0.417 0.411 0.417 0.413 0.414 0.407 0.392
1996.870 0.389 0.38 0.395 0.421 0.436 0.431 0.396 0.413 0.461 0.474
2016.164 0.46 0.442 0.456 0.452 0.458 0.492 0.487 0.468 0.452 0.47
2035.457 0.493 0.469 0.476 0.4946 0.48 0.476 0.492 0.4996 0.481 0.462
2054.750 0.474 0.484 0.476 0.481 0.488 0.484 0.475 0.488 0.4935 0.47
2074.044 0.463 0.476 0.478 0.472 0.476 0.483 0.486 0.464 0.446 0.466
2093.337 0.485 0.467 0.469 0.475 0.458 0.482 0.484 0.469 0.475 0.48
2112.631 0.477 0.465 0.482 0.487 0.475 0.469 0.482 0.5073 0.5044 0.48
2131.924 0.461 0.486 0.5122 0.5035 0.491 0.484 0.49 0.5045 0.5081 0.5147
2151.218 0.5143 0.4958 0.5028 0.5156 0.5167 0.5191 0.5106 0.4935 0.497 0.5189
2170.511 0.5224 0.5103 0.4974 0.475 0.469 0.5052 0.5248 0.5413 0.5401 0.5206
2189.804 0.5312 0.5214 0.5092 0.51 0.5101 0.5174 0.504 0.5013 0.5148 0.5306
2209.098 0.534 0.5107 0.4937 0.491 0.5025 0.5137 0.5108 0.5048 0.5008 0.5082
2228.391 0.4953 0.475 0.5019 0.507 0.486 0.5053 0.5222 0.504 0.5122 0.5337
2247.685 0.5348 0.5108 0.5155 0.5325 0.5153 0.5076 0.5137 0.5081 0.488 0.5016
2266.978 0.5289 0.5213 0.5044 0.5317 0.5436 0.5542 0.5517 0.5233 0.5277 0.5314
2286.272 0.5241 0.5273 0.533 0.5243 0.5384 0.5508 0.5409 0.5575 0.5628 0.5434
2305.565 0.5381 0.5513 0.565 0.564 0.5824 0.5787 0.5549 0.56 0.5429 0.526
2324.858 0.5451 0.5402 0.5465 0.5674 0.5508 0.5505 0.5468 0.524 0.5267 0.5575
2344.152 0.5498 0.5416 0.5464 0.5467 0.5783 0.5635 0.53 0.5262 0.558 0.5711
2363.445 0.5575 0.5747 0.5715 0.5619 0.5691 0.5729 0.5801 0.5805 0.5721 0.5811
2382.739 0.5791 0.5642 0.5668 0.5817 0.598206 0.58901 0.59177 0.5807 0.5375 0.527
2402.032 0.5623 0.5825 0.59078 0.61738 0.61078 0.5756 0.5767 0.5759 0.5631 0.5585
2421.326 0.5502 0.5825 0.59052 0.5687 0.5564 0.5641 0.576 0.600156 0.61976 0.5764
2440.619 0.5516 0.5684 0.596968 0.58545 0.58548 0.61562 0.595279 0.58353 0.5808 0.59836
2459.912 0.599549 0.5606 0.5701 0.58916 0.5817 0.592255 0.58486 0.5649 0.5708 0.5808
2479.206 0.573 0.5598 0.5671 0.60465 0.64441 0.62568 0.60748 0.61886 0.63471 0.63989
2498.499 0.61069 0.60889 0.62996 0.64881 0.67795 0.68419 0.66797 0.65505 0.67375 0.6733
2517.793 0.63795 0.67163 0.7019 0.708 0.7109 0.6992 0.7146 0.6949 0.7043 0.7403
2537.086 0.707 0.6904 0.7259 0.7229 0.6991 0.709 0.7459 0.752 0.7302 0.7339
2556.380 0.7421 0.7795 0.7897 0.7626 0.7844 0.8028 0.7925 0.7845 0.7591 0.7755
2575.673 0.7868 0.7719 0.7799 0.8114 0.849 0.8491 0.8605 0.8713 0.8943 0.9159
2594.966 0.8828 0.8531 0.8656 0.9051 0.8988 0.8839 0.9068 0.9016 0.8973 0.9278
2614.260 0.9565 0.9746 0.9851 0.9914 1.0214 1.0438 1.053 1.041 1.0356 1.0611
2633.553 1.043 1.0648 1.1219 1.1354 1.1408 1.1386 1.1291 1.1389 1.146 1.1493
2652.847 1.177 1.2046 1.2038 1.2121 1.2396 1.2159 1.2381 1.3121 1.3368 1.3427
2672.140 1.3385 1.322 1.3215 1.3768 1.4071 1.3973 1.3902 1.3737 1.4088 1.4292
2691.434 1.3726 1.3475 1.3438 1.3126 1.3107 1.3217 1.2954 1.2661 1.2921 1.2992
2710.727 1.2992 1.297 1.316 1.3167 1.2993 1.3135 1.3077 1.3136 1.3375 1.3527
2730.020 1.358 1.3822 1.3833 1.397 1.41 1.4377 1.472 1.4946 1.5166 1.5299
2749.314 1.5547 1.5615 1.5622 1.5658 1.5693 1.5859 1.613 1.633 1.693 1.723
2768.607 1.713 1.763 1.773 1.773 1.823 1.883 1.933 1.963 2.013 2.093
2787.901 2.173 2.263 2.343 2.413 2.493 2.573 2.703 2.823 2.913 3.043
2807.194 3.163 3.243 3.383 3.583 3.753 3.913 4.113 4.263 4.453 4.693
2826.488 4.953 5.243 5.583 5.963 6.373 6.803 7.413 8.183 9.043 10.223
2845.781 11.703 13.533 15.883 18.783 22.113 25.753 29.433 32.513 34.563 35.283
2865.074 34.643 33.053 30.963 28.743 26.553 24.603 23.053 21.853 20.983 20.423
2884.368 20.003 19.603 19.353 19.353 19.663 20.243 21.043 22.203 23.513 25.003
2903.661 26.863 28.953 31.313 33.913 36.743 39.963 43.753 48.253 53.643 60.043
2922.955 67.283 74.983 82.553 88.993 93.203 94.463 92.673 88.343 82.333 75.443
2942.248 68.263 61.313 54.873 49.073 44.153 40.023 36.703 34.183 32.153 30.583
2961.542 29.373 28.323 27.273 25.963 24.313 22.303 20.023 17.633 15.423 13.453
2980.835 11.803 10.463 9.313 8.393 7.613 6.923 6.373 5.893 5.483 5.103
3000.128 4.783 4.513 4.243 3.983 3.743 3.563 3.443 3.323 3.203 3.043
3019.422 2.863 2.753 2.663 2.573 2.433 2.353 2.313 2.213 2.153 2.033
3038.715 1.873 1.883 1.943 1.823 1.743 1.663 1.5905 1.573 1.5394 1.5559
3058.009 1.5487 1.4785 1.3964 1.3369 1.3144 1.3062 1.297 1.3536 1.3409 1.2442
3077.302 1.205 1.1477 1.1092 1.1236 1.1327 1.1545 1.1992 1.1812 1.1076 1.02
3096.596 1.0043 1.0791 1.0032 0.8835 0.892 0.9349 0.8713 0.8205 0.8631 0.9057
3115.889 0.9812 0.9797 0.8703 0.8267 0.8458 0.797 0.8258 0.8903 0.872 0.8298
3135.182 0.7542 0.7504 0.8092 0.7584 0.68214 0.7379 0.7098 0.61392 0.6974 0.7097
3154.476 0.66566 0.7201 0.7595 0.7069 0.6942 0.68517 0.594278 0.600956 0.66005 0.68664
3173.769 0.64617 0.61876 0.58627 0.5447 0.61225 0.62508 0.60959 0.63222 0.5787 0.5351
3193.063 0.5524 0.5292 0.498 0.5299 0.488 0.4997 0.5337 0.548 0.506 0.395
3212.356 0.416 0.5113 0.5148 0.437 0.428 0.427 0.465 0.436 0.407 0.451
3231.650 0.425 0.382 0.367 0.353 0.421 0.427 0.376 0.419 0.415 0.382
3250.943 0.339 0.31 0.291 0.32 0.395 0.408 0.325 0.297 0.306 0.291
3270.236 0.331 0.337 0.341 0.342 0.296 0.349 0.352 0.259 0.285 0.277
3289.530 0.257 0.335 0.404 0.366 0.259 0.297 0.351 0.335 0.334 0.357
3308.823 0.382 0.366 0.306 0.25 0.248 0.274 0.293 0.299 0.324 0.377
3328.117 0.35 0.26 0.233 0.235 0.3 0.333 0.325 0.281 0.293 0.342
3347.410 0.273 0.224 0.187 0.287 0.325 0.237 0.276 0.233 0.208 0.294
3366.704 0.249 0.14 0.2 0.381 0.454 0.38 0.272 0.3 0.378 0.327
3385.997 0.239 0.202 0.241 0.252 0.255 0.239 0.251 0.32 0.28 0.254
3405.290 0.326 0.318 0.27 0.256 0.32 0.422 0.413 0.349 0.357 0.408
3424.584 0.433 0.372 0.363 0.483 0.454 0.376 0.346 0.322 0.323 0.368
3443.877 0.385 0.324 0.319 0.246 0.215 0.219 0.206 0.224 0.24 0.261
3463.171 0.219 0.23 0.251 0.226 0.173 0.11 0.106 0.148 0.231 0.227
3482.464 0.101 0.091 0.185 0.159 0.122 0.15 0.119 0.129 0.099 0.061
3501.758 0.1 0.157 0.195 0.2 0.189 0.216 0.209 0.182 0.197 0.169
3521.051 0.16 0.11 0.134 0.178 0.072 0.06 0.184 0.269 0.254 0.249
3540.344 0.192 0.168 0.267 0.253 0.171 0.137 0.147 0.208 0.138 0.025
3559.638 0.051 0.115 0.166 0.204 0.235 0.216 0.232 0.2 0.094 0.078
3578.931 0.136 0.194 0.217 0.208 0.229 0.207 0.141 0.206 0.227 0.172
3598.225 0.139 0.176 0.197 0.167 0.208 0.268 0.273 0.212 0.174 0.212
3617.518 0.222 0.206 0.218 0.205 0.241 0.301 0.295 0.277 0.246 0.227
3636.812 0.272 0.251 0.247 0.238 0.249 0.298 0.258 0.264 0.32 0.38
3656.105 0.33 0.314 0.342 0.323 0.345 0.356 0.32 0.307 0.362 0.359
3675.398 0.256 0.199 0.214 0.229 0.27 0.289 0.303 0.258 0.207 0.267
3694.692 0.299 0.288 0.279 0.314 0.28 0.25 0.3 0.282 0.293 0.314
3713.985 0.33 0.35 0.285 0.272 0.34 0.346 0.361 0.406 0.385 0.368
3733.279 0.382 0.312 0.317 0.392 0.343 0.297 0.375 0.377 0.328 0.249
3752.572 0.23 0.276 0.294 0.318 0.322 0.307 0.274 0.276 0.309 0.305
3771.866 0.254 0.255 0.301 0.291 0.259 0.293 0.287 0.271 0.304 0.305
3791.159 0.333 0.364 0.376 0.384 0.355 0.371 0.398 0.378 0.376 0.359
3810.452 0.293 0.277 0.312 0.365 0.382 0.333 0.345 0.329 0.307 0.392
3829.746 0.444 0.392 0.322 0.31 0.309 0.312 0.336 0.402 0.423 0.351
3849.039 0.315 0.339 0.352 0.349 0.346 0.413 0.48 0.446 0.384 0.353
3868.333 0.368 0.456 0.441 0.417 0.489 0.5073 0.478 0.42 0.364 0.359
3887.626 0.378 0.367 0.399 0.455 0.441 0.39 0.37 0.398 0.471 0.453
3906.920 0.405 0.421 0.429 0.437 0.406 0.404 0.421 0.444 0.421 0.418
3926.213 0.459 0.434 0.443 0.482 0.44 0.372 0.416 0.428 0.413 0.467
3945.506 0.483 0.4983 0.5291 0.485 0.471 0.5103 0.49 0.432 0.418 0.467
3964.800 0.5109 0.474 0.468 0.471 0.483 0.489 0.444 0.471 0.4975 0.5228
3984.093 0.498 0.481 0.479 0.44 0.461 0.5254 0.5887 0.600376 0.5632
##END=
