##TITLE=1-(3-METHYL-4-MORPHOLINO-2,2-DIPHENYLBUTYRYL-PYRROLIDINE
##JCAMP-DX=4.24
##DATA TYPE=INFRARED SPECTRUM
##CLASS=COBLENTZ III
##ORIGIN=SMITH KLINE & FRENCH LABS.
##OWNER=COBLENTZ SOCIETY
Collection (C) 2018 copyright by the U.S. Secretary of Commerce
on behalf of the United States of America. All rights reserved.
##DATE=1956/08/20
##NAMES=4-[2-methyl-4-oxo-3,3-diphenyl-4-(1-pyrrolidinyl)butyl]morpholine
##CAS REGISTRY NO=545-59-5
##MOLFORM=C25 H32 N2 O2
##SOURCE REFERENCE=COBLENTZ NO. 9119
##$NIST SOURCE=COBLENTZ
##$NIST IMAGE=cob9119
##SPECTROMETER/DATA SYSTEM=Not specified, most likely a prism spectrometer.
##INSTRUMENT PARAMETERS=NaCl PRISM
##STATE=SOLID (NUJOL MULL)
$$SPECTRAL CONTAMINATION DUE TO OIL AROUND 2900, 1450 CM^-^1
##SAMPLING PROCEDURE=TRANSMISSION
##RESOLUTION=2
##DATA PROCESSING=DIGITIZED BY NIST FROM HARD COPY
##XUNITS=MICROMETERS
##YUNITS=TRANSMITTANCE
##XFACTOR=1.000000
##YFACTOR=1
##DELTAX=000.004908
##FIRSTX=1.994
##LASTX=15.1127
##FIRSTY=0.619
##MAXX=15.1127
##MINX=1.994
##MAXY=0.904
##MINY=0.048
##NPOINTS=2674
##XYDATA=(X++(Y..Y))
1.994000 0.6190 0.6200 0.6200 0.6190 0.6200
2.018549 0.6200 0.6200 0.6200 0.6200 0.6200
2.043000 0.6200 0.6230 0.6240 0.6240 0.6240
2.067549 0.6250 0.6260 0.6260 0.6260 0.6280
2.092000 0.6280 0.6280 0.6300 0.6320 0.6350
2.116549 0.6360 0.6370 0.6390 0.6390 0.6400
2.141000 0.6400 0.6410 0.6410 0.6420 0.6420
2.165549 0.6450 0.6460 0.6470 0.6480 0.6500
2.190000 0.6510 0.6520 0.6520 0.6530 0.6540
2.214549 0.6560 0.6560 0.6580 0.6600 0.6600
2.239000 0.6620 0.6620 0.6620 0.6630 0.6630
2.263549 0.6630 0.6640 0.6640 0.6640 0.6640
2.288000 0.6640 0.6630 0.6630 0.6630 0.6620
2.312549 0.6620 0.6620 0.6620 0.6620 0.6630
2.337000 0.6630 0.6640 0.6640 0.6640 0.6650
2.361549 0.6650 0.6650 0.6680 0.6680 0.6690
2.387000 0.6690 0.6700 0.6700 0.6700 0.6700
2.411549 0.6700 0.6700 0.6710 0.6730 0.6740
2.436000 0.6750 0.6780 0.6790 0.6800 0.6810
2.460549 0.6810 0.6820 0.6840 0.6850 0.6850
2.485000 0.6860 0.6860 0.6870 0.6900 0.6910
2.509549 0.6910 0.6930 0.6950 0.6950 0.6960
2.534000 0.6970 0.6970 0.6980 0.6980 0.7000
2.558549 0.7000 0.7010 0.7010 0.7020 0.7020
2.583000 0.7020 0.7020 0.7030 0.7030 0.7030
2.607549 0.7030 0.7060 0.7080 0.7100 0.7130
2.632000 0.7140 0.7170 0.7180 0.7190 0.7190
2.656549 0.7200 0.7200 0.7210 0.7210 0.7210
2.681000 0.7210 0.7230 0.7230 0.7230 0.7230
2.705549 0.7230 0.7240 0.7240 0.7240 0.7240
2.730000 0.7240 0.7240 0.7240 0.7240 0.7240
2.754549 0.7240 0.7240 0.7250 0.7250 0.7250
2.779000 0.7250 0.7250 0.7250 0.7250 0.7250
2.803549 0.7250 0.7250 0.7260 0.7280 0.7280
2.828000 0.7280 0.7290 0.7300 0.7300 0.7300
2.852549 0.7300 0.7300 0.7300 0.7320 0.7340
2.877000 0.7350 0.7360 0.7360 0.7370 0.7370
2.901549 0.7370 0.7370 0.7370 0.7370 0.7370
2.926000 0.7370 0.7370 0.7370 0.7370 0.7370
2.950549 0.7370 0.7370 0.7370 0.7370 0.7370
2.975000 0.7370 0.7370 0.7370 0.7370 0.7390
2.999549 0.7400 0.7400 0.7400 0.7400 0.7400
3.025000 0.7400 0.7410 0.7420 0.7420 0.7420
3.049549 0.7430 0.7430 0.7450 0.7450 0.7450
3.074000 0.7460 0.7460 0.7470 0.7470 0.7470
3.098549 0.7470 0.7480 0.7480 0.7480 0.7500
3.123000 0.7500 0.7500 0.7500 0.7510 0.7510
3.147549 0.7510 0.7510 0.7510 0.7510 0.7510
3.172000 0.7510 0.7510 0.7510 0.7510 0.7510
3.196549 0.7510 0.7510 0.7510 0.7500 0.7480
3.221000 0.7470 0.7460 0.7430 0.7410 0.7390
3.245549 0.7360 0.7320 0.7290 0.7240 0.7190
3.270000 0.7130 0.7060 0.6960 0.6850 0.6760
3.294549 0.6750 0.6730 0.6700 0.6670 0.6640
3.319000 0.6620 0.6600 0.6570 0.6510 0.6420
3.343549 0.6300 0.6130 0.5600 0.5240 0.4800
3.368000 0.4250 0.2980 0.2350 0.2060 0.1680
3.392549 0.1510 0.1340 0.1190 0.1150 0.1120
3.417000 0.1100 0.1080 0.0920 0.0700 0.0500
3.441549 0.0480 0.0480 0.0480 0.0480 0.0480
3.466000 0.0480 0.0500 0.0620 0.0750 0.0870
3.490549 0.0960 0.1010 0.1030 0.1030 0.1040
3.515000 0.1040 0.1040 0.1070 0.1910 0.2420
3.539549 0.2930 0.3820 0.4410 0.5000 0.5370
3.564000 0.5590 0.5750 0.5750 0.5760 0.5760
3.588549 0.5790 0.5810 0.5840 0.5890 0.5930
3.613000 0.5960 0.5980 0.6000 0.6010 0.6010
3.637549 0.6020 0.6030 0.6060 0.6190 0.6370
3.663000 0.6430 0.6480 0.6520 0.6540 0.6580
3.687549 0.6630 0.6690 0.6790 0.6910 0.7060
3.712000 0.7130 0.7200 0.7200 0.7200 0.7200
3.736549 0.7200 0.7200 0.7210 0.7210 0.7240
3.761000 0.7250 0.7280 0.7300 0.7340 0.7360
3.785549 0.7390 0.7410 0.7450 0.7480 0.7510
3.810000 0.7520 0.7540 0.7570 0.7580 0.7600
3.834549 0.7640 0.7680 0.7710 0.7760 0.7790
3.859000 0.7800 0.7810 0.7820 0.7850 0.7900
3.883549 0.7970 0.8020 0.8070 0.8120 0.8150
3.908000 0.8170 0.8180 0.8190 0.8210 0.8230
3.932549 0.8250 0.8260 0.8260 0.8280 0.8290
3.957000 0.8300 0.8310 0.8320 0.8320 0.8320
3.981549 0.8340 0.8340 0.8340 0.8350 0.8350
4.006000 0.8350 0.8350 0.8370 0.8390 0.8400
4.030549 0.8410 0.8410 0.8420 0.8430 0.8450
4.055000 0.8460 0.8460 0.8470 0.8500 0.8520
4.079549 0.8530 0.8530 0.8540 0.8560 0.8560
4.104000 0.8560 0.8560 0.8560 0.8560 0.8560
4.128549 0.8560 0.8560 0.8560 0.8560 0.8560
4.153000 0.8560 0.8560 0.8560 0.8560 0.8540
4.177549 0.8540 0.8560 0.8560 0.8560 0.8570
4.202000 0.8570 0.8570 0.8570 0.8580 0.8590
4.226549 0.8590 0.8600 0.8600 0.8600 0.8600
4.252000 0.8600 0.8600 0.8600 0.8600 0.8600
4.276549 0.8600 0.8600 0.8600 0.8600 0.8600
4.301000 0.8600 0.8600 0.8590 0.8600 0.8600
4.325549 0.8600 0.8600 0.8620 0.8620 0.8620
4.350000 0.8620 0.8620 0.8620 0.8630 0.8630
4.374549 0.8630 0.8640 0.8640 0.8650 0.8650
4.399000 0.8650 0.8670 0.8710 0.8710 0.8710
4.423549 0.8710 0.8710 0.8710 0.8710 0.8710
4.448000 0.8710 0.8700 0.8700 0.8700 0.8700
4.472549 0.8700 0.8700 0.8700 0.8700 0.8700
4.497000 0.8700 0.8700 0.8700 0.8700 0.8700
4.521549 0.8700 0.8700 0.8710 0.8730 0.8730
4.546000 0.8740 0.8740 0.8740 0.8750 0.8750
4.570549 0.8750 0.8750 0.8760 0.8760 0.8760
4.595000 0.8760 0.8790 0.8800 0.8800 0.8810
4.619549 0.8810 0.8820 0.8820 0.8820 0.8820
4.644000 0.8840 0.8840 0.8840 0.8840 0.8840
4.668549 0.8840 0.8850 0.8850 0.8850 0.8850
4.693000 0.8850 0.8850 0.8850 0.8870 0.8900
4.717549 0.8910 0.8910 0.8910 0.8920 0.8900
4.742000 0.8900 0.8900 0.8890 0.8890 0.8890
4.766549 0.8890 0.8890 0.8890 0.8890 0.8890
4.791000 0.8890 0.8900 0.8900 0.8910 0.8910
4.815549 0.8910 0.8910 0.8910 0.8910 0.8910
4.840000 0.8910 0.8900 0.8910 0.8910 0.8910
4.864549 0.8910 0.8910 0.8910 0.8910 0.8910
4.890000 0.8920 0.8920 0.8920 0.8920 0.8920
4.914549 0.8930 0.8930 0.8930 0.8950 0.8950
4.939000 0.8950 0.8950 0.8950 0.8950 0.8950
4.963549 0.8950 0.8950 0.8960 0.8950 0.8950
4.988000 0.8930 0.8930 0.8920 0.8920 0.8920
5.012549 0.8910 0.8900 0.8900 0.8890 0.8890
5.037000 0.8870 0.8870 0.8860 0.8850 0.8840
5.061549 0.8840 0.8820 0.8800 0.8760 0.8730
5.086000 0.8710 0.8710 0.8710 0.8710 0.8710
5.110549 0.8730 0.8740 0.8750 0.8760 0.8780
5.135000 0.8800 0.8820 0.8850 0.8860 0.8890
5.159549 0.8900 0.8920 0.8930 0.8930 0.8930
5.184000 0.8930 0.8930 0.8930 0.8930 0.8900
5.208549 0.8900 0.8900 0.8900 0.8900 0.8920
5.233000 0.8920 0.8920 0.8920 0.8920 0.8920
5.257549 0.8900 0.8900 0.8900 0.8900 0.8900
5.282000 0.8900 0.8900 0.8910 0.8920 0.8930
5.306549 0.8930 0.8950 0.8950 0.8960 0.8970
5.331000 0.8980 0.8980 0.9000 0.9000 0.9000
5.355549 0.9010 0.9010 0.9010 0.9010 0.9010
5.380000 0.9010 0.9010 0.9010 0.9010 0.9010
5.404549 0.9010 0.9010 0.9010 0.9000 0.8980
5.429000 0.8970 0.8950 0.8930 0.8920 0.8910
5.453549 0.8910 0.8910 0.8910 0.8910 0.8910
5.479000 0.8910 0.8910 0.8930 0.8950 0.8960
5.503549 0.8970 0.8980 0.9000 0.9000 0.9010
5.528000 0.9010 0.9020 0.9020 0.9030 0.9030
5.552549 0.9040 0.9040 0.9040 0.9040 0.9040
5.577000 0.9040 0.9040 0.9040 0.9040 0.9040
5.601549 0.9040 0.9040 0.9040 0.9040 0.9040
5.626000 0.9040 0.9040 0.9040 0.9040 0.9040
5.650549 0.9030 0.9030 0.9030 0.9030 0.9020
5.675000 0.9020 0.9020 0.9020 0.9010 0.9020
5.699549 0.9020 0.9020 0.9020 0.9020 0.9020
5.724000 0.9020 0.9020 0.9020 0.9020 0.9020
5.748549 0.9020 0.9020 0.9020 0.9020 0.9020
5.773000 0.9020 0.9020 0.9020 0.9020 0.9020
5.797549 0.9030 0.9020 0.9020 0.9010 0.9010
5.822000 0.9010 0.9010 0.9010 0.9000 0.9000
5.846549 0.9000 0.9000 0.9000 0.8980 0.8980
5.871000 0.8980 0.8980 0.8980 0.8970 0.8970
5.895549 0.8960 0.8960 0.8960 0.8950 0.8950
5.920000 0.8950 0.8930 0.8930 0.8930 0.8930
5.944549 0.8930 0.8930 0.8920 0.8920 0.8910
5.969000 0.8900 0.8900 0.8890 0.8870 0.8850
5.993549 0.8810 0.8780 0.8740 0.8700 0.8650
6.018000 0.8600 0.8560 0.8510 0.8450 0.8400
6.042549 0.8390 0.8350 0.8310 0.8250 0.8150
6.067000 0.7700 0.7290 0.7070 0.6870 0.6700
6.091549 0.6530 0.6370 0.6230 0.6060 0.5690
6.117000 0.5460 0.5210 0.4910 0.4570 0.4180
6.141549 0.3600 0.3200 0.2680 0.2190 0.1640
6.166000 0.1580 0.1570 0.1560 0.1540 0.1570
6.190549 0.2290 0.3000 0.3480 0.3950 0.4190
6.215000 0.4420 0.4870 0.5340 0.5340 0.5320
6.239549 0.5310 0.5290 0.5210 0.5190 0.5170
6.264000 0.5190 0.5480 0.5810 0.6130 0.6360
6.288549 0.6620 0.6620 0.6620 0.6340 0.6240
6.313000 0.6130 0.6030 0.5920 0.5920 0.5980
6.337549 0.6040 0.6460 0.6710 0.7080 0.7360
6.362000 0.7420 0.7580 0.7700 0.7810 0.7910
6.386549 0.7980 0.8020 0.8060 0.8100 0.8150
6.411000 0.8200 0.8230 0.8260 0.8300 0.8340
6.435549 0.8370 0.8410 0.8430 0.8450 0.8470
6.460000 0.8510 0.8530 0.8560 0.8570 0.8580
6.484549 0.8580 0.8590 0.8600 0.8620 0.8620
6.509000 0.8620 0.8620 0.8620 0.8620 0.8620
6.533549 0.8620 0.8630 0.8630 0.8630 0.8630
6.558000 0.8630 0.8630 0.8630 0.8630 0.8630
6.582549 0.8630 0.8630 0.8630 0.8630 0.8630
6.607000 0.8630 0.8620 0.8620 0.8600 0.8580
6.631549 0.8530 0.8460 0.8340 0.8170 0.7710
6.656000 0.7500 0.7260 0.7040 0.6820 0.6600
6.680549 0.6420 0.6250 0.6100 0.6090 0.6090
6.706000 0.6090 0.6090 0.6120 0.6170 0.6200
6.730549 0.6260 0.6300 0.6360 0.6410 0.6430
6.755000 0.6450 0.6460 0.6460 0.6390 0.6360
6.779549 0.6340 0.6250 0.5600 0.5310 0.5020
6.804000 0.5010 0.4600 0.4410 0.4200 0.4010
6.828549 0.3710 0.3590 0.3430 0.3420 0.3420
6.853000 0.3420 0.3420 0.3420 0.3420 0.3400
6.877549 0.3310 0.3180 0.3130 0.3090 0.3080
6.902000 0.3070 0.3080 0.3290 0.3350 0.3450
6.926549 0.3480 0.3500 0.3520 0.3850 0.4090
6.951000 0.4320 0.4570 0.4790 0.4960 0.5130
6.975549 0.5260 0.5450 0.5630 0.5810 0.6000
7.000000 0.6090 0.6180 0.6360 0.6520 0.6920
7.024549 0.7000 0.7010 0.7020 0.7020 0.7020
7.049000 0.7010 0.7000 0.6910 0.6890 0.6820
7.073549 0.6730 0.6600 0.6460 0.6300 0.6130
7.098000 0.5740 0.5520 0.5310 0.5100 0.4900
7.122549 0.4690 0.4500 0.4310 0.4150 0.4010
7.147000 0.3790 0.3710 0.3670 0.3600 0.3500
7.171549 0.3450 0.3350 0.3280 0.3210 0.3180
7.196000 0.3140 0.3140 0.3140 0.3140 0.3140
7.220549 0.3170 0.3250 0.3340 0.3400 0.3410
7.245000 0.3410 0.3420 0.3420 0.3430 0.3460
7.269549 0.3510 0.3600 0.3740 0.3920 0.4000
7.294000 0.4070 0.4130 0.4280 0.4390 0.4410
7.318549 0.4420 0.4540 0.4780 0.5060 0.5370
7.344000 0.5690 0.5970 0.6090 0.6200 0.6340
7.368549 0.6400 0.6420 0.6420 0.6390 0.6360
7.393000 0.6320 0.6310 0.6320 0.6420 0.6570
7.417549 0.6690 0.6810 0.6910 0.7020 0.7100
7.442000 0.7150 0.7190 0.7200 0.7200 0.7190
7.466549 0.7180 0.7170 0.7150 0.7140 0.7130
7.491000 0.7120 0.7130 0.7140 0.7150 0.7180
7.515549 0.7190 0.7100 0.7090 0.7080 0.7060
7.540000 0.7080 0.7150 0.7230 0.7290 0.7310
7.564549 0.7340 0.7460 0.7520 0.7520 0.7480
7.589000 0.7410 0.7350 0.7300 0.7240 0.7180
7.613549 0.7100 0.7060 0.7030 0.7040 0.7080
7.638000 0.7190 0.7400 0.7410 0.7410 0.7410
7.662549 0.7410 0.7410 0.7410 0.7410 0.7410
7.687000 0.7310 0.7170 0.7010 0.6870 0.6710
7.711549 0.6570 0.6390 0.6130 0.6120 0.6130
7.736000 0.6250 0.6340 0.6370 0.6460 0.6590
7.760549 0.6750 0.6920 0.7070 0.7180 0.7280
7.785000 0.7310 0.7310 0.7310 0.7310 0.7310
7.809549 0.7310 0.7300 0.7150 0.7090 0.7010
7.834000 0.6890 0.6870 0.6820 0.6810 0.6810
7.858549 0.6810 0.6810 0.6810 0.6820 0.7360
7.883000 0.7420 0.7460 0.7570 0.7690 0.7800
7.907549 0.7860 0.7950 0.8030 0.8040 0.8040
7.933000 0.8040 0.8040 0.8040 0.8040 0.8030
7.957549 0.7860 0.7760 0.7710 0.7670 0.7650
7.982000 0.7630 0.7640 0.7730 0.7730 0.7730
8.006549 0.7730 0.7730 0.7730 0.7730 0.7730
8.031000 0.7730 0.7600 0.7450 0.7310 0.7180
8.055549 0.7040 0.6870 0.6790 0.6760 0.6760
8.080000 0.6760 0.6760 0.6760 0.6980 0.7280
8.104549 0.7450 0.7480 0.7510 0.7520 0.7530
8.129000 0.7520 0.7530 0.7560 0.7570 0.7580
8.153549 0.7590 0.7590 0.7590 0.7620 0.7650
8.178000 0.7700 0.7760 0.7840 0.7920 0.8000
8.202549 0.8040 0.8080 0.8150 0.8210 0.8280
8.227000 0.8310 0.8340 0.8360 0.8390 0.8400
8.251549 0.8410 0.8430 0.8430 0.8430 0.8430
8.276000 0.8430 0.8430 0.8430 0.8430 0.8430
8.300549 0.8430 0.8430 0.8390 0.8260 0.8130
8.325000 0.8090 0.8010 0.7750 0.7620 0.7510
8.349549 0.7420 0.7400 0.7370 0.7340 0.7320
8.374000 0.7300 0.7290 0.7280 0.7250 0.7240
8.398549 0.7210 0.7200 0.7190 0.7190 0.7190
8.423000 0.7190 0.7200 0.7210 0.7230 0.7230
8.447549 0.7390 0.7410 0.7480 0.7570 0.7570
8.472000 0.7630 0.7680 0.7700 0.7700 0.7700
8.496549 0.7700 0.7690 0.7680 0.7620 0.7570
8.521000 0.7520 0.7470 0.7420 0.7390 0.7390
8.545549 0.7350 0.7320 0.7320 0.7320 0.7320
8.571000 0.7320 0.7320 0.7340 0.7420 0.7480
8.595549 0.7570 0.7640 0.7700 0.7750 0.7780
8.620000 0.7800 0.7810 0.7810 0.7810 0.7810
8.644549 0.7810 0.7810 0.7810 0.7810 0.7800
8.669000 0.7800 0.7790 0.7780 0.7780 0.7790
8.693549 0.7790 0.7800 0.7810 0.7810 0.7810
8.718000 0.7820 0.7820 0.7820 0.7820 0.7780
8.742549 0.7650 0.7460 0.7290 0.7120 0.6970
8.767000 0.6820 0.6670 0.6510 0.6340 0.6130
8.791549 0.6020 0.5850 0.5650 0.5560 0.5460
8.816000 0.5390 0.5310 0.5290 0.5290 0.5290
8.840549 0.5390 0.5540 0.5620 0.5680 0.5750
8.865000 0.5800 0.5850 0.5920 0.5980 0.6010
8.889549 0.6020 0.6040 0.6040 0.6040 0.6040
8.914000 0.6040 0.6040 0.6030 0.6040 0.5730
8.938549 0.5570 0.5410 0.5250 0.5060 0.4810
8.963000 0.4470 0.4360 0.4230 0.4080 0.3740
8.987549 0.3560 0.3390 0.3230 0.3080 0.2950
9.012000 0.2840 0.2810 0.2810 0.2840 0.3450
9.036549 0.3780 0.4100 0.4650 0.5130 0.5530
9.061000 0.5860 0.6000 0.6130 0.6350 0.6530
9.085549 0.6680 0.6800 0.6860 0.6870 0.6890
9.110000 0.6890 0.6900 0.6900 0.6920 0.6980
9.134549 0.7040 0.7090 0.7130 0.7230 0.7260
9.160000 0.7300 0.7370 0.7410 0.7460 0.7470
9.184549 0.7470 0.7470 0.7480 0.7510 0.7540
9.209000 0.7580 0.7620 0.7650 0.7700 0.7750
9.233549 0.7790 0.7840 0.7860 0.7890 0.7900
9.258000 0.7980 0.8010 0.8020 0.8060 0.8060
9.282549 0.8080 0.8080 0.8080 0.8080 0.8080
9.307000 0.8080 0.8080 0.8080 0.8080 0.8080
9.331549 0.8080 0.8080 0.8080 0.8080 0.7930
9.356000 0.7790 0.7630 0.7240 0.6850 0.6790
9.380549 0.6780 0.6780 0.6780 0.6800 0.6890
9.405000 0.7130 0.7370 0.7410 0.7450 0.7480
9.429549 0.7520 0.7520 0.7570 0.7680 0.7710
9.454000 0.7810 0.7840 0.7890 0.7960 0.8010
9.478549 0.8060 0.8140 0.8240 0.8310 0.8360
9.503000 0.8370 0.8400 0.8410 0.8420 0.8430
9.527549 0.8460 0.8470 0.8500 0.8520 0.8540
9.552000 0.8560 0.8560 0.8570 0.8570 0.8570
9.576549 0.8570 0.8570 0.8570 0.8570 0.8570
9.601000 0.8570 0.8570 0.8560 0.8540 0.8460
9.625549 0.8370 0.8240 0.8060 0.7600 0.7360
9.650000 0.7120 0.6890 0.6670 0.6480 0.6400
9.674549 0.6390 0.6400 0.6500 0.6580 0.6650
9.699000 0.6740 0.6840 0.6950 0.7080 0.7260
9.723549 0.7470 0.7520 0.7580 0.7640 0.7700
9.748000 0.7790 0.7860 0.7930 0.7980 0.8020
9.772549 0.8090 0.8150 0.8210 0.8210 0.8240
9.798000 0.8260 0.8300 0.8310 0.8320 0.8340
9.822549 0.8350 0.8360 0.8360 0.8360 0.8360
9.847000 0.8360 0.8350 0.8310 0.8290 0.8240
9.871549 0.8210 0.8170 0.8060 0.7760 0.7560
9.896000 0.7320 0.7030 0.6710 0.6350 0.5480
9.920549 0.5400 0.5290 0.5180 0.5150 0.5150
9.945000 0.5180 0.5350 0.5520 0.5700 0.5890
9.969549 0.6060 0.6260 0.6470 0.6670 0.6890
9.994000 0.6980 0.7080 0.7170 0.7260 0.7350
10.018549 0.7430 0.7520 0.7600 0.7690 0.7760
10.043000 0.7840 0.7910 0.7980 0.8020 0.8040
10.067549 0.8100 0.8170 0.8230 0.8280 0.8310
10.092000 0.8350 0.8390 0.8410 0.8420 0.8430
10.116549 0.8430 0.8430 0.8430 0.8430 0.8430
10.141000 0.8450 0.8450 0.8450 0.8450 0.8450
10.165549 0.8450 0.8450 0.8460 0.8460 0.8460
10.190000 0.8460 0.8460 0.8460 0.8460 0.8460
10.214549 0.8450 0.8450 0.8450 0.8430 0.8430
10.239000 0.8410 0.8400 0.8390 0.8340 0.8290
10.263549 0.8260 0.8240 0.8210 0.8200 0.8180
10.288000 0.8170 0.7910 0.7890 0.7850 0.7800
10.312549 0.7760 0.7710 0.7700 0.7690 0.7680
10.337000 0.7680 0.7700 0.7840 0.7920 0.8010
10.361549 0.8180 0.8290 0.8350 0.8390 0.8400
10.387000 0.8420 0.8430 0.8450 0.8460 0.8470
10.411549 0.8480 0.8500 0.8500 0.8510 0.8510
10.436000 0.8520 0.8530 0.8560 0.8570 0.8580
10.460549 0.8580 0.8590 0.8590 0.8590 0.8590
10.485000 0.8590 0.8590 0.8590 0.8590 0.8590
10.509549 0.8590 0.8590 0.8590 0.8590 0.8590
10.534000 0.8580 0.8580 0.8580 0.8580 0.8570
10.558549 0.8560 0.8520 0.8450 0.8420 0.8400
10.583000 0.8360 0.8350 0.8350 0.8350 0.8360
10.607549 0.8360 0.8370 0.8390 0.8400 0.8410
10.632000 0.8420 0.8450 0.8450 0.8450 0.8460
10.656549 0.8470 0.8470 0.8510 0.8540 0.8560
10.681000 0.8570 0.8580 0.8580 0.8580 0.8590
10.705549 0.8590 0.8590 0.8590 0.8600 0.8600
10.730000 0.8600 0.8570 0.8520 0.8450 0.8420
10.754549 0.8350 0.8250 0.8190 0.8140 0.8120
10.779000 0.8100 0.8090 0.8090 0.8090 0.8090
10.803549 0.8090 0.8090 0.8080 0.8080 0.8080
10.828000 0.8080 0.8080 0.8070 0.8070 0.8040
10.852549 0.7960 0.7870 0.7850 0.7840 0.7840
10.877000 0.7820 0.7840 0.7840 0.7840 0.7840
10.901549 0.7840 0.7840 0.7840 0.7840 0.7840
10.926000 0.7840 0.7840 0.7850 0.7850 0.7850
10.950549 0.7850 0.7850 0.7850 0.7850 0.7860
10.975000 0.7960 0.8020 0.8080 0.8240 0.8370
10.999549 0.8500 0.8560 0.8590 0.8600 0.8620
11.025000 0.8620 0.8630 0.8630 0.8640 0.8640
11.049549 0.8640 0.8640 0.8650 0.8650 0.8650
11.074000 0.8650 0.8650 0.8650 0.8650 0.8650
11.098549 0.8640 0.8620 0.8620 0.8570 0.8510
11.123000 0.8410 0.8300 0.8180 0.8040 0.7790
11.147549 0.7710 0.7690 0.7590 0.7560 0.7510
11.172000 0.7510 0.7500 0.7500 0.7520 0.7600
11.196549 0.7650 0.7700 0.7760 0.7980 0.8140
11.221000 0.8290 0.8310 0.8340 0.8350 0.8370
11.245549 0.8400 0.8420 0.8430 0.8460 0.8470
11.270000 0.8480 0.8500 0.8500 0.8510 0.8510
11.294549 0.8520 0.8520 0.8530 0.8530 0.8530
11.319000 0.8530 0.8530 0.8520 0.8510 0.8480
11.343549 0.8430 0.8370 0.8350 0.8320 0.8300
11.368000 0.8280 0.8250 0.8210 0.8210 0.8200
11.392549 0.8190 0.8180 0.8170 0.8140 0.8120
11.417000 0.8090 0.8070 0.8040 0.8030 0.8030
11.441549 0.8030 0.8030 0.8020 0.8020 0.8020
11.466000 0.8020 0.8020 0.8020 0.8020 0.8030
11.490549 0.8030 0.8030 0.8040 0.8070 0.8100
11.515000 0.8130 0.8140 0.8150 0.8150 0.8150
11.539549 0.8140 0.8120 0.8090 0.8070 0.8040
11.564000 0.7930 0.7850 0.7740 0.7590 0.7410
11.588549 0.7150 0.6860 0.6630 0.6360 0.6080
11.613000 0.5480 0.5200 0.4960 0.4760 0.4600
11.637549 0.4500 0.4500 0.4500 0.4500 0.4500
11.663000 0.4510 0.5310 0.5810 0.6010 0.6200
11.687549 0.6500 0.6710 0.6890 0.7010 0.7090
11.712000 0.7170 0.7250 0.7340 0.7450 0.7600
11.736549 0.7630 0.7650 0.7680 0.7690 0.7690
11.761000 0.7700 0.7700 0.7700 0.7700 0.7670
11.785549 0.7640 0.7630 0.7590 0.7540 0.7500
11.810000 0.7450 0.7410 0.7390 0.7360 0.7360
11.834549 0.7350 0.7340 0.7340 0.7350 0.7350
11.859000 0.7370 0.7540 0.7730 0.7870 0.7950
11.883549 0.8010 0.8130 0.8230 0.8320 0.8400
11.908000 0.8470 0.8520 0.8580 0.8620 0.8650
11.932549 0.8690 0.8730 0.8750 0.8780 0.8800
11.957000 0.8820 0.8840 0.8850 0.8860 0.8870
11.981549 0.8890 0.8900 0.8910 0.8920 0.8930
12.006000 0.8930 0.8950 0.8950 0.8960 0.8960
12.030549 0.8960 0.8960 0.8960 0.8960 0.8960
12.055000 0.8960 0.8960 0.8960 0.8960 0.8960
12.079549 0.8960 0.8960 0.8960 0.8960 0.8960
12.104000 0.8960 0.8960 0.8960 0.8960 0.8960
12.128549 0.8960 0.8960 0.8960 0.8960 0.8950
12.153000 0.8950 0.8950 0.8950 0.8930 0.8930
12.177549 0.8930 0.8930 0.8920 0.8930 0.8930
12.202000 0.8930 0.8930 0.8950 0.8950 0.8950
12.226549 0.8950 0.8950 0.8950 0.8960 0.8960
12.252000 0.8970 0.8970 0.8970 0.8980 0.8980
12.276549 0.8980 0.9000 0.9000 0.9000 0.9010
12.301000 0.9010 0.9020 0.9030 0.9040 0.9040
12.325549 0.9040 0.9040 0.9040 0.9040 0.9040
12.350000 0.9040 0.9040 0.9040 0.9040 0.9030
12.374549 0.9030 0.9020 0.9000 0.8970 0.8950
12.399000 0.8910 0.8860 0.8820 0.8780 0.8710
12.423549 0.8650 0.8590 0.8520 0.8430 0.8360
12.448000 0.8280 0.8180 0.8080 0.7870 0.7750
12.472549 0.7740 0.7740 0.7740 0.7740 0.7740
12.497000 0.7740 0.7740 0.7740 0.7750 0.7900
12.521549 0.7980 0.8020 0.8060 0.8130 0.8200
12.546000 0.8280 0.8340 0.8400 0.8450 0.8500
12.570549 0.8540 0.8590 0.8620 0.8650 0.8680
12.595000 0.8690 0.8700 0.8710 0.8750 0.8790
12.619549 0.8820 0.8840 0.8860 0.8890 0.8910
12.644000 0.8930 0.8960 0.8980 0.9000 0.9000
12.668549 0.9010 0.9010 0.9020 0.9020 0.9020
12.693000 0.9020 0.9020 0.9020 0.9020 0.9020
12.717549 0.9020 0.9020 0.9020 0.9020 0.9020
12.742000 0.9020 0.9020 0.9020 0.9020 0.9020
12.766549 0.9020 0.9020 0.9020 0.9020 0.9020
12.791000 0.9020 0.9020 0.9020 0.9020 0.9020
12.815549 0.9020 0.9020 0.9020 0.9020 0.9020
12.840000 0.9020 0.9020 0.9020 0.9020 0.9010
12.864549 0.9000 0.9000 0.8980 0.8970 0.8970
12.890000 0.8960 0.8960 0.8950 0.8930 0.8920
12.914549 0.8920 0.8870 0.8850 0.8820 0.8790
12.939000 0.8750 0.8730 0.8690 0.8650 0.8620
12.963549 0.8570 0.8510 0.8430 0.8350 0.8250
12.988000 0.8120 0.7800 0.7600 0.7370 0.7100
13.012549 0.6810 0.6470 0.6390 0.6200 0.5710
13.037000 0.5470 0.5340 0.5210 0.5200 0.5200
13.061549 0.5210 0.5350 0.5460 0.5640 0.5860
13.086000 0.5980 0.6090 0.6300 0.6450 0.6510
13.110549 0.6540 0.6590 0.6630 0.6640 0.6650
13.135000 0.6650 0.6640 0.6640 0.6650 0.6630
13.159549 0.6370 0.6310 0.6280 0.5800 0.5690
13.184000 0.5590 0.5500 0.5400 0.5310 0.5240
13.208549 0.5230 0.5240 0.5350 0.5480 0.5530
13.233000 0.5650 0.5820 0.5930 0.6030 0.6260
13.257549 0.6500 0.6700 0.6890 0.7010 0.7060
13.282000 0.7150 0.7240 0.7310 0.7390 0.7430
13.306549 0.7510 0.7570 0.7630 0.7690 0.7740
13.331000 0.7800 0.7860 0.7920 0.7980 0.8020
13.355549 0.8060 0.8130 0.8200 0.8280 0.8360
13.380000 0.8400 0.8410 0.8420 0.8420 0.8420
13.404549 0.8420 0.8420 0.8430 0.8450 0.8460
13.429000 0.8470 0.8480 0.8510 0.8520 0.8530
13.453549 0.8530 0.8530 0.8530 0.8530 0.8530
13.479000 0.8530 0.8530 0.8530 0.8530 0.8530
13.503549 0.8530 0.8530 0.8520 0.8520 0.8510
13.528000 0.8510 0.8500 0.8500 0.8480 0.8470
13.552549 0.8460 0.8430 0.8410 0.8370 0.8340
13.577000 0.8320 0.8310 0.8300 0.8300 0.8290
13.601549 0.8260 0.8250 0.8250 0.8240 0.8240
13.626000 0.8230 0.8230 0.8230 0.8230 0.8210
13.650549 0.8210 0.8200 0.8180 0.8150 0.8120
13.675000 0.8070 0.8020 0.7910 0.7840 0.7780
13.699549 0.7690 0.7600 0.7500 0.7400 0.7280
13.724000 0.7140 0.6980 0.6870 0.6740 0.6620
13.748549 0.6470 0.6350 0.6230 0.6100 0.6020
13.773000 0.5900 0.5840 0.5760 0.5750 0.5750
13.797549 0.5750 0.5760 0.5790 0.5840 0.5890
13.822000 0.5960 0.6010 0.6060 0.6170 0.6290
13.846549 0.6340 0.6390 0.6410 0.6430 0.6460
13.871000 0.6480 0.6510 0.6520 0.6520 0.6530
13.895549 0.6530 0.6510 0.6450 0.6350 0.6350
13.920000 0.6300 0.6230 0.6120 0.5870 0.5680
13.944549 0.5520 0.5390 0.5190 0.4970 0.4750
13.969000 0.4520 0.4300 0.4130 0.4010 0.3910
13.993549 0.3890 0.3870 0.3870 0.3900 0.3920
14.018000 0.3960 0.4000 0.4020 0.4080 0.4150
14.042549 0.4370 0.4540 0.4730 0.5040 0.5200
14.067000 0.5360 0.5520 0.5680 0.5840 0.6000
14.091549 0.6060 0.6120 0.6230 0.6370 0.6450
14.117000 0.6480 0.6540 0.6580 0.6580 0.6590
14.141549 0.6590 0.6580 0.6570 0.6530 0.6520
14.166000 0.6510 0.6460 0.6360 0.6230 0.6080
14.190549 0.5510 0.5500 0.5360 0.5070 0.4800
14.215000 0.4570 0.4350 0.4140 0.3750 0.3560
14.239549 0.3350 0.3120 0.3070 0.3030 0.2910
14.264000 0.2790 0.2780 0.2780 0.2800 0.3040
14.288549 0.3300 0.3580 0.3860 0.4010 0.4140
14.313000 0.4420 0.4710 0.5000 0.5280 0.5540
14.337549 0.5790 0.5910 0.6020 0.6240 0.6430
14.362000 0.6590 0.6730 0.6820 0.6890 0.6970
14.386549 0.7040 0.7100 0.7170 0.7230 0.7290
14.411000 0.7350 0.7420 0.7510 0.7590 0.7630
14.435549 0.7670 0.7690 0.7710 0.7730 0.7740
14.460000 0.7760 0.7780 0.7790 0.7800 0.7820
14.484549 0.7850 0.7890 0.7920 0.7960 0.7980
14.509000 0.8010 0.8020 0.8020 0.8040 0.8100
14.533549 0.8170 0.8200 0.8200 0.8230 0.8230
14.558000 0.8230 0.8230 0.8230 0.8240 0.8240
14.582549 0.8250 0.8250 0.8250 0.8250 0.8260
14.607000 0.8260 0.8260 0.8260 0.8260 0.8260
14.631549 0.8260 0.8260 0.8260 0.8260 0.8260
14.656000 0.8260 0.8260 0.8260 0.8260 0.8260
14.680549 0.8260 0.8250 0.8250 0.8250 0.8240
14.706000 0.8230 0.8230 0.8200 0.8200 0.8190
14.730549 0.8180 0.8180 0.8170 0.8170 0.8170
14.755000 0.8150 0.8130 0.8090 0.8040 0.7950
14.779549 0.7890 0.7840 0.7780 0.7710 0.7650
14.804000 0.7600 0.7540 0.7480 0.7420 0.7360
14.828549 0.7300 0.7260 0.7240 0.7210 0.7200
14.853000 0.7200 0.7200 0.7200 0.7190 0.7190
14.877549 0.7180 0.7190 0.7260 0.7350 0.7370
14.902000 0.7430 0.7450 0.7450 0.7460 0.7470
14.926549 0.7520 0.7600 0.7650 0.7680 0.7700
14.951000 0.7710 0.7740 0.7760 0.7800 0.7800
14.975549 0.7810 0.7820 0.7840 0.7840 0.7840
15.000000 0.7840 0.7840 0.7850 0.7840 0.7840
15.024549 0.7850 0.7850 0.7850 0.7850 0.7860
15.049000 0.7860 0.7870 0.7900 0.7900 0.7910
15.073549 0.7910 0.7910 0.7920 0.7920 0.7920
15.098000 0.7920 0.7920 0.7920 0.7920
##END=
