##TITLE=CARBANILIC ACID, n-PROPYL ESTER
##JCAMP-DX=4.24
##DATA TYPE=INFRARED SPECTRUM
##CLASS=COBLENTZ
##ORIGIN=CITRUS EXPERIMENT STATION, UNIVERSITY OF FLORIDA (G. EDWARDS)
##OWNER=COBLENTZ SOCIETY
Collection (C) 2018 copyright by the U.S. Secretary of Commerce
on behalf of the United States of America. All rights reserved.
##DATE=Not specified, most likely prior to 1970
##NAMES=propyl phenylcarbamate
##CAS REGISTRY NO=5532-90-1
##MOLFORM=C10 H13 N O2
##MP=51 C
##SOURCE REFERENCE=COBLENTZ NO. 2426
##$NIST SOURCE=COBLENTZ
##$NIST IMAGE=cob2426
##SPECTROMETER/DATA SYSTEM=Not specified, most likely a grating spectrometer.
##STATE=SOLID (2 mg / 100 mg KBr)
##SAMPLING PROCEDURE=TRANSMISSION
##RESOLUTION=4
##DATA PROCESSING=DIGITIZED BY NIST FROM HARD COPY
##XUNITS=MICROMETERS
##YUNITS=TRANSMITTANCE
##XFACTOR=1.000000
##YFACTOR=1
##DELTAX=000.006623
##FIRSTX=2.013
##LASTX=14.9996
##FIRSTY=0.498
##MAXX=14.9996
##MINX=2.013
##MAXY=0.874
##MINY=0.209
##NPOINTS=1962
##XYDATA=(X++(Y..Y))
2.013000 0.4980 0.4990 0.4990 0.4990 0.4990
2.046129 0.4990 0.4990 0.4990 0.4990 0.4990
2.079000 0.4990 0.5000 0.5000 0.5000 0.5010
2.112129 0.5030 0.5030 0.5030 0.5030 0.5040
2.146000 0.5040 0.5040 0.5050 0.5070 0.5090
2.179129 0.5120 0.5130 0.5150 0.5160 0.5160
2.212000 0.5160 0.5160 0.5160 0.5160 0.5160
2.245129 0.5160 0.5170 0.5170 0.5170 0.5170
2.278000 0.5170 0.5190 0.5200 0.5200 0.5210
2.311129 0.5210 0.5210 0.5210 0.5210 0.5210
2.344000 0.5210 0.5210 0.5230 0.5230 0.5230
2.377129 0.5230 0.5230 0.5230 0.5230 0.5230
2.411000 0.5240 0.5250 0.5250 0.5280 0.5310
2.444129 0.5320 0.5320 0.5320 0.5320 0.5320
2.477000 0.5320 0.5320 0.5320 0.5330 0.5350
2.510129 0.5360 0.5370 0.5390 0.5390 0.5400
2.543000 0.5430 0.5440 0.5440 0.5450 0.5450
2.576129 0.5450 0.5450 0.5470 0.5470 0.5470
2.609000 0.5470 0.5470 0.5470 0.5470 0.5470
2.642129 0.5470 0.5480 0.5480 0.5490 0.5490
2.675000 0.5510 0.5510 0.5510 0.5520 0.5520
2.708129 0.5530 0.5530 0.5550 0.5560 0.5570
2.742000 0.5600 0.5610 0.5630 0.5630 0.5630
2.775129 0.5630 0.5630 0.5640 0.5640 0.5640
2.808000 0.5640 0.5640 0.5640 0.5640 0.5640
2.841129 0.5640 0.5640 0.5640 0.5630 0.5610
2.874000 0.5610 0.5570 0.5520 0.5490 0.5470
2.907129 0.5410 0.5400 0.5350 0.5230 0.5170
2.940000 0.5110 0.5010 0.4790 0.4520 0.4190
2.973129 0.4080 0.3820 0.3380 0.2980 0.2800
3.007000 0.2760 0.2760 0.3270 0.3480 0.3830
3.040129 0.4100 0.4420 0.4620 0.4880 0.4990
3.073000 0.5080 0.5170 0.5200 0.5290 0.5320
3.106129 0.5350 0.5370 0.5400 0.5470 0.5490
3.139000 0.5530 0.5530 0.5480 0.5410 0.5410
3.172129 0.5400 0.5390 0.5400 0.5410 0.5490
3.205000 0.5510 0.5530 0.5530 0.5490 0.5430
3.238129 0.5430 0.5410 0.5400 0.5410 0.5450
3.272000 0.5480 0.5490 0.5520 0.5530 0.5530
3.305129 0.5510 0.5480 0.5320 0.5210 0.4980
3.338000 0.4720 0.4710 0.4720 0.4790 0.5010
3.371129 0.5150 0.5170 0.5170 0.5190 0.5280
3.404000 0.5360 0.5430 0.5440 0.5470 0.5470
3.437129 0.5480 0.5490 0.5510 0.5570 0.5640
3.470000 0.5710 0.5770 0.5830 0.5910 0.5920
3.503129 0.5950 0.5960 0.5970 0.5990 0.6000
3.536000 0.6000 0.6000 0.6000 0.5960 0.5950
3.569129 0.5950 0.5950 0.5960 0.5990 0.6000
3.603000 0.6030 0.6050 0.6080 0.6080 0.6150
3.636129 0.6170 0.6200 0.6210 0.6210 0.6200
3.669000 0.6170 0.6170 0.6170 0.6160 0.6170
3.702129 0.6190 0.6200 0.6230 0.6230 0.6240
3.735000 0.6240 0.6240 0.6240 0.6250 0.6250
3.768129 0.6270 0.6290 0.6310 0.6320 0.6320
3.801000 0.6320 0.6330 0.6330 0.6330 0.6330
3.834129 0.6330 0.6330 0.6330 0.6330 0.6330
3.868000 0.6350 0.6350 0.6350 0.6350 0.6360
3.901129 0.6360 0.6370 0.6370 0.6390 0.6390
3.934000 0.6410 0.6430 0.6430 0.6430 0.6440
3.967129 0.6440 0.6440 0.6440 0.6440 0.6440
4.000000 0.6450 0.6450 0.6450 0.6450 0.6470
4.033129 0.6490 0.6510 0.6510 0.6520 0.6520
4.066000 0.6520 0.6520 0.6520 0.6520 0.6530
4.099129 0.6530 0.6530 0.6550 0.6550 0.6550
4.132000 0.6550 0.6550 0.6550 0.6550 0.6550
4.165129 0.6550 0.6570 0.6570 0.6590 0.6600
4.199000 0.6610 0.6610 0.6630 0.6680 0.6680
4.232129 0.6680 0.6680 0.6680 0.6680 0.6710
4.265000 0.6720 0.6750 0.6760 0.6760 0.6770
4.298129 0.6770 0.6770 0.6760 0.6720 0.6710
4.331000 0.6710 0.6690 0.6690 0.6680 0.6680
4.364129 0.6680 0.6680 0.6690 0.6690 0.6690
4.397000 0.6690 0.6690 0.6690 0.6690 0.6690
4.430129 0.6720 0.6750 0.6760 0.6770 0.6770
4.464000 0.6770 0.6750 0.6730 0.6730 0.6730
4.497129 0.6750 0.6750 0.6760 0.6760 0.6750
4.530000 0.6750 0.6750 0.6760 0.6760 0.6760
4.563129 0.6760 0.6770 0.6770 0.6770 0.6790
4.596000 0.6790 0.6790 0.6790 0.6800 0.6800
4.629129 0.6800 0.6800 0.6800 0.6810 0.6810
4.662000 0.6840 0.6850 0.6850 0.6870 0.6870
4.695129 0.6880 0.6880 0.6880 0.6890 0.6890
4.728000 0.6910 0.6910 0.6910 0.6910 0.6910
4.761129 0.6910 0.6910 0.6910 0.6910 0.6910
4.795000 0.6920 0.6920 0.6920 0.6930 0.6970
4.828129 0.6970 0.6970 0.6970 0.6970 0.6970
4.861000 0.6970 0.6970 0.6970 0.6970 0.6970
4.894129 0.6970 0.6960 0.6960 0.6960 0.6960
4.927000 0.6960 0.6960 0.6960 0.6960 0.6970
4.960129 0.6970 0.6990 0.6990 0.7000 0.7000
4.993000 0.7000 0.7010 0.7010 0.7000 0.6990
5.026129 0.6970 0.6970 0.6970 0.6960 0.6960
5.060000 0.6960 0.6950 0.6920 0.6920 0.6920
5.093129 0.6920 0.6920 0.6920 0.6920 0.6960
5.126000 0.6970 0.7000 0.7010 0.7010 0.7010
5.159129 0.7030 0.7040 0.7080 0.7080 0.7080
5.192000 0.7070 0.7070 0.7050 0.7040 0.7030
5.225129 0.7010 0.7010 0.7000 0.7000 0.7000
5.258000 0.7000 0.7000 0.7000 0.7000 0.7000
5.291129 0.6990 0.6970 0.6960 0.6960 0.6960
5.325000 0.6990 0.7000 0.7010 0.7070 0.7080
5.358129 0.7090 0.7090 0.7090 0.7090 0.7090
5.391000 0.7090 0.7080 0.7080 0.7070 0.7040
5.424129 0.7010 0.7000 0.6990 0.6990 0.6990
5.457000 0.6970 0.6970 0.6970 0.6960 0.6960
5.490129 0.6960 0.6930 0.6910 0.6910 0.6890
5.523000 0.6880 0.6880 0.6910 0.6920 0.6920
5.556129 0.6920 0.6920 0.6920 0.6910 0.6910
5.589000 0.6910 0.6910 0.6910 0.6890 0.6890
5.622129 0.6890 0.6880 0.6850 0.6790 0.6680
5.656000 0.6670 0.6630 0.6590 0.6570 0.6350
5.689129 0.6110 0.6030 0.5920 0.5810 0.5750
5.722000 0.5680 0.5480 0.5230 0.4990 0.4710
5.755129 0.4510 0.4390 0.4190 0.3910 0.3820
5.788000 0.3340 0.3190 0.2700 0.2470 0.2390
5.821129 0.2380 0.2370 0.2370 0.2370 0.2370
5.854000 0.2390 0.2420 0.2500 0.2660 0.2820
5.887129 0.2900 0.3000 0.3120 0.3760 0.4390
5.921000 0.4600 0.4880 0.5130 0.5240 0.5280
5.954129 0.5370 0.5480 0.5560 0.5630 0.5710
5.987000 0.5840 0.5880 0.5990 0.6080 0.6320
6.020129 0.6450 0.6490 0.6520 0.6520 0.6560
6.053000 0.6590 0.6600 0.6600 0.6600 0.6600
6.086129 0.6590 0.6560 0.6530 0.6490 0.6480
6.119000 0.6390 0.6310 0.6270 0.6170 0.6010
6.152129 0.5870 0.5690 0.5490 0.5190 0.5090
6.185000 0.5000 0.4910 0.4660 0.4400 0.4190
6.218129 0.4110 0.3990 0.3920 0.3920 0.3950
6.252000 0.4000 0.4680 0.5090 0.5490 0.6000
6.285129 0.6080 0.6290 0.6520 0.6600 0.6610
6.318000 0.6610 0.6600 0.6560 0.6530 0.6510
6.351129 0.6470 0.6270 0.6080 0.5790 0.5570
6.384000 0.5470 0.4580 0.4280 0.4160 0.4100
6.417129 0.3790 0.3580 0.3400 0.3360 0.3360
6.450000 0.3360 0.3430 0.3550 0.3580 0.3600
6.483129 0.3630 0.3720 0.3880 0.4020 0.4420
6.517000 0.4600 0.4880 0.5310 0.5510 0.5690
6.550129 0.5810 0.5850 0.5850 0.5800 0.5770
6.583000 0.5640 0.5510 0.5390 0.5190 0.5120
6.616129 0.5050 0.5050 0.5110 0.5120 0.5370
6.649000 0.5570 0.5970 0.6010 0.6010 0.6010
6.682129 0.6010 0.6050 0.6080 0.6120 0.6200
6.715000 0.6270 0.6290 0.6350 0.6350 0.6320
6.748129 0.6320 0.6310 0.6290 0.6290 0.6320
6.781000 0.6320 0.6320 0.6350 0.6350 0.6330
6.814129 0.6320 0.6280 0.5950 0.5880 0.5830
6.848000 0.5800 0.5750 0.5480 0.5080 0.4790
6.881129 0.4780 0.4190 0.3590 0.3020 0.3020
6.914000 0.3220 0.3580 0.3910 0.4150 0.4880
6.947129 0.5490 0.5930 0.6030 0.6090 0.6270
6.980000 0.6370 0.6560 0.6650 0.6680 0.6750
7.013129 0.6810 0.6880 0.6920 0.6920 0.6950
7.046000 0.6970 0.6970 0.6970 0.6990 0.7000
7.079129 0.7000 0.7000 0.6990 0.6970 0.6920
7.113000 0.6910 0.6890 0.6880 0.6880 0.6880
7.146129 0.6880 0.6880 0.6880 0.6830 0.6800
7.179000 0.6800 0.6800 0.6800 0.6830 0.6830
7.212129 0.6810 0.6810 0.6810 0.6810 0.6830
7.245000 0.6870 0.6880 0.6960 0.6970 0.6970
7.278129 0.6970 0.6970 0.6960 0.6960 0.6970
7.311000 0.6990 0.6990 0.6990 0.6970 0.6970
7.344129 0.6950 0.6920 0.6920 0.6910 0.6870
7.377000 0.6810 0.6760 0.6750 0.6750 0.6760
7.410129 0.6810 0.6850 0.6890 0.6890 0.6890
7.444000 0.6880 0.6770 0.6720 0.6530 0.6370
7.477129 0.6230 0.6210 0.6000 0.5770 0.5610
7.510000 0.5590 0.5430 0.5290 0.5120 0.4800
7.543129 0.4590 0.4070 0.4070 0.4110 0.4180
7.576000 0.4320 0.4380 0.4510 0.5010 0.5530
7.609129 0.5610 0.5630 0.5630 0.5530 0.5330
7.642000 0.5210 0.5200 0.5210 0.5280 0.5410
7.675129 0.5640 0.5720 0.5910 0.6290 0.6440
7.709000 0.6630 0.6630 0.6690 0.6720 0.6800
7.742129 0.6830 0.6880 0.6890 0.6890 0.6890
7.775000 0.6880 0.6880 0.6880 0.6850 0.6830
7.808129 0.6810 0.6790 0.6720 0.6690 0.6600
7.841000 0.6520 0.6400 0.6320 0.6230 0.6120
7.874129 0.6080 0.5990 0.5850 0.5690 0.5590
7.907000 0.5520 0.5510 0.5490 0.5430 0.5430
7.940129 0.5400 0.5390 0.5350 0.5230 0.5200
7.974000 0.5190 0.5040 0.4920 0.4830 0.4630
8.007129 0.4470 0.4310 0.3950 0.3700 0.3400
8.040000 0.3220 0.3040 0.2710 0.2410 0.2310
8.073129 0.2220 0.2170 0.2090 0.2090 0.2170
8.106000 0.2210 0.2310 0.2370 0.2470 0.2600
8.139129 0.2780 0.2910 0.3120 0.3270 0.3520
8.172000 0.3710 0.4020 0.4080 0.4180 0.4470
8.205129 0.4600 0.4870 0.4910 0.4990 0.5190
8.238000 0.5310 0.5400 0.5520 0.5770 0.5880
8.271129 0.5970 0.6070 0.6110 0.6270 0.6370
8.305000 0.6410 0.6590 0.6610 0.6680 0.6710
8.338129 0.6790 0.6810 0.6880 0.6910 0.6970
8.371000 0.7030 0.7120 0.7150 0.7160 0.7190
8.404129 0.7200 0.7200 0.7200 0.7200 0.7170
8.437000 0.7150 0.7110 0.7110 0.7110 0.7130
8.470129 0.7150 0.7190 0.7200 0.7210 0.7230
8.503000 0.7310 0.7350 0.7410 0.7410 0.7410
8.536129 0.7410 0.7410 0.7430 0.7470 0.7470
8.570000 0.7410 0.7390 0.7350 0.7320 0.7310
8.603129 0.7310 0.7330 0.7360 0.7390 0.7410
8.636000 0.7490 0.7530 0.7580 0.7600 0.7600
8.669129 0.7610 0.7620 0.7620 0.7620 0.7640
8.702000 0.7650 0.7680 0.7690 0.7720 0.7760
8.735129 0.7770 0.7770 0.7770 0.7770 0.7780
8.768000 0.7780 0.7780 0.7770 0.7770 0.7770
8.801129 0.7780 0.7780 0.7810 0.7810 0.7820
8.834000 0.7820 0.7820 0.7840 0.7820 0.7820
8.867129 0.7820 0.7820 0.7820 0.7820 0.7820
8.901000 0.7820 0.7820 0.7820 0.7820 0.7810
8.934129 0.7810 0.7800 0.7800 0.7800 0.7800
8.967000 0.7770 0.7680 0.7660 0.7650 0.7640
9.000129 0.7620 0.7620 0.7620 0.7620 0.7620
9.033000 0.7610 0.7610 0.7610 0.7610 0.7610
9.066129 0.7610 0.7610 0.7610 0.7600 0.7600
9.099000 0.7580 0.7580 0.7580 0.7560 0.7500
9.132129 0.7470 0.7440 0.7430 0.7390 0.7320
9.166000 0.7310 0.7230 0.7170 0.6970 0.6790
9.199129 0.6530 0.6430 0.6410 0.6410 0.6410
9.232000 0.6410 0.6410 0.6390 0.6390 0.6350
9.265129 0.6320 0.6210 0.6080 0.6030 0.5600
9.298000 0.5310 0.5070 0.4880 0.4620 0.4480
9.331129 0.4300 0.4220 0.4220 0.4230 0.4310
9.364000 0.4320 0.4400 0.4480 0.4670 0.4780
9.397129 0.4880 0.5090 0.5310 0.5430 0.5690
9.430000 0.5870 0.5990 0.6090 0.6230 0.6450
9.463129 0.6530 0.6640 0.6730 0.6880 0.6970
9.497000 0.7010 0.7090 0.7130 0.7190 0.7190
9.530129 0.7190 0.7170 0.7170 0.7130 0.7080
9.563000 0.7030 0.7000 0.6990 0.6990 0.6990
9.596129 0.7000 0.7090 0.7110 0.7110 0.7120
9.629000 0.7210 0.7320 0.7400 0.7410 0.7480
9.662129 0.7480 0.7430 0.7400 0.7390 0.7170
9.695000 0.6960 0.6710 0.6470 0.6330 0.6120
9.728129 0.6010 0.5970 0.6000 0.6190 0.6310
9.762000 0.6410 0.6570 0.6670 0.6760 0.6800
9.795129 0.6830 0.6920 0.7010 0.7080 0.7170
9.828000 0.7210 0.7310 0.7360 0.7500 0.7580
9.861129 0.7610 0.7660 0.7720 0.7740 0.7740
9.894000 0.7800 0.7880 0.7890 0.7900 0.7920
9.927129 0.7940 0.7970 0.8000 0.8000 0.8000
9.960000 0.8000 0.8000 0.8000 0.8000 0.7970
9.993129 0.7920 0.7890 0.7800 0.7690 0.7600
10.026000 0.7600 0.7610 0.7660 0.7680 0.7700
10.059129 0.7850 0.7880 0.7920 0.7960 0.7970
10.093000 0.7980 0.8050 0.8060 0.8080 0.8080
10.126129 0.8080 0.8090 0.8090 0.8090 0.8090
10.159000 0.8090 0.8090 0.8090 0.8090 0.8090
10.192129 0.8090 0.8100 0.8100 0.8100 0.8100
10.225000 0.8100 0.8100 0.8090 0.8090 0.8090
10.258129 0.8090 0.8090 0.8090 0.8080 0.8090
10.291000 0.8090 0.8090 0.8080 0.8080 0.8060
10.324129 0.8020 0.8010 0.8010 0.8010 0.8010
10.358000 0.8010 0.8040 0.8060 0.8080 0.8080
10.391129 0.8080 0.8080 0.8060 0.8060 0.8010
10.424000 0.8010 0.8000 0.7980 0.7980 0.7970
10.457129 0.7890 0.7810 0.7800 0.7730 0.7680
10.490000 0.7560 0.7490 0.7430 0.7410 0.7390
10.523129 0.7350 0.7330 0.7330 0.7360 0.7410
10.556000 0.7500 0.7600 0.7680 0.7720 0.7820
10.589129 0.7860 0.7900 0.7940 0.8000 0.8010
10.623000 0.8010 0.8020 0.8060 0.8090 0.8170
10.656129 0.8200 0.8210 0.8220 0.8220 0.8220
10.689000 0.8220 0.8220 0.8240 0.8240 0.8260
10.722129 0.8280 0.8280 0.8280 0.8280 0.8280
10.755000 0.8280 0.8280 0.8260 0.8260 0.8260
10.788129 0.8260 0.8260 0.8260 0.8280 0.8280
10.821000 0.8280 0.8260 0.8260 0.8240 0.8220
10.854129 0.8210 0.8210 0.8200 0.8200 0.8170
10.887000 0.8130 0.8100 0.8080 0.8050 0.8010
10.920129 0.8010 0.8010 0.8000 0.8000 0.7980
10.954000 0.7980 0.7970 0.7960 0.7940 0.7930
10.987129 0.7920 0.7920 0.7900 0.7890 0.7890
11.020000 0.7880 0.7880 0.7880 0.7890 0.7890
11.053129 0.7900 0.7920 0.7970 0.8010 0.8040
11.086000 0.8080 0.8100 0.8100 0.8120 0.8130
11.119129 0.8130 0.8140 0.8140 0.8160 0.8170
11.152000 0.8170 0.8170 0.8170 0.8170 0.8160
11.185129 0.8160 0.8160 0.8160 0.8140 0.8140
11.219000 0.8130 0.8130 0.8120 0.8120 0.8120
11.252129 0.8120 0.8120 0.8120 0.8120 0.8130
11.285000 0.8140 0.8160 0.8180 0.8210 0.8260
11.318129 0.8280 0.8290 0.8290 0.8320 0.8340
11.351000 0.8370 0.8370 0.8400 0.8410 0.8410
11.384129 0.8420 0.8440 0.8450 0.8450 0.8460
11.417000 0.8460 0.8450 0.8450 0.8450 0.8450
11.450129 0.8450 0.8450 0.8450 0.8450 0.8460
11.483000 0.8460 0.8460 0.8480 0.8480 0.8490
11.516129 0.8490 0.8490 0.8490 0.8480 0.8480
11.550000 0.8490 0.8490 0.8500 0.8500 0.8500
11.583129 0.8500 0.8500 0.8500 0.8490 0.8490
11.616000 0.8490 0.8490 0.8490 0.8490 0.8490
11.649129 0.8490 0.8490 0.8480 0.8450 0.8420
11.682000 0.8410 0.8410 0.8400 0.8370 0.8330
11.715129 0.8290 0.8260 0.8220 0.8200 0.8120
11.748000 0.8060 0.8020 0.8010 0.8010 0.8000
11.781129 0.7980 0.7880 0.7860 0.7800 0.7770
11.815000 0.7720 0.7690 0.7660 0.7640 0.7620
11.848129 0.7620 0.7620 0.7620 0.7620 0.7640
11.881000 0.7650 0.7650 0.7680 0.7700 0.7760
11.914129 0.7780 0.7800 0.7820 0.7880 0.7980
11.947000 0.8020 0.8050 0.8100 0.8130 0.8130
11.980129 0.8130 0.8160 0.8200 0.8220 0.8250
12.013000 0.8280 0.8320 0.8340 0.8340 0.8340
12.046129 0.8340 0.8340 0.8360 0.8360 0.8380
12.079000 0.8400 0.8410 0.8410 0.8410 0.8420
12.112129 0.8440 0.8460 0.8460 0.8460 0.8460
12.146000 0.8460 0.8450 0.8440 0.8440 0.8440
12.179129 0.8420 0.8420 0.8420 0.8410 0.8410
12.212000 0.8410 0.8440 0.8450 0.8500 0.8520
12.245129 0.8520 0.8530 0.8530 0.8540 0.8540
12.278000 0.8560 0.8600 0.8610 0.8610 0.8610
12.311129 0.8610 0.8610 0.8610 0.8610 0.8600
12.344000 0.8600 0.8600 0.8600 0.8610 0.8610
12.377129 0.8600 0.8600 0.8600 0.8580 0.8570
12.411000 0.8570 0.8570 0.8580 0.8580 0.8580
12.444129 0.8570 0.8570 0.8560 0.8560 0.8560
12.477000 0.8560 0.8560 0.8560 0.8560 0.8560
12.510129 0.8560 0.8560 0.8580 0.8640 0.8650
12.543000 0.8660 0.8690 0.8720 0.8730 0.8740
12.576129 0.8740 0.8740 0.8740 0.8740 0.8730
12.609000 0.8730 0.8720 0.8700 0.8700 0.8690
12.642129 0.8680 0.8680 0.8660 0.8650 0.8640
12.675000 0.8620 0.8620 0.8610 0.8610 0.8600
12.708129 0.8600 0.8600 0.8580 0.8570 0.8520
12.742000 0.8480 0.8410 0.8410 0.8400 0.8380
12.775129 0.8370 0.8340 0.8320 0.8290 0.8260
12.808000 0.8220 0.8210 0.8120 0.8080 0.7980
12.841129 0.7880 0.7770 0.7720 0.7620 0.7570
12.874000 0.7500 0.7490 0.7390 0.7280 0.7120
12.907129 0.7080 0.7070 0.7050 0.7050 0.7050
12.940000 0.7050 0.7070 0.7120 0.7130 0.7170
12.973129 0.7170 0.7190 0.7210 0.7280 0.7320
13.007000 0.7400 0.7430 0.7470 0.7490 0.7500
13.040129 0.7500 0.7520 0.7520 0.7500 0.7500
13.073000 0.7500 0.7480 0.7480 0.7390 0.7320
13.106129 0.7210 0.7190 0.7130 0.7080 0.7000
13.139000 0.6890 0.6840 0.6680 0.6600 0.6480
13.172129 0.6210 0.6080 0.5920 0.5690 0.5650
13.205000 0.5590 0.5560 0.5550 0.5560 0.5570
13.238129 0.5600 0.5710 0.5790 0.6010 0.6210
13.272000 0.6280 0.6330 0.6390 0.6470 0.6570
13.305129 0.6630 0.6710 0.6840 0.6870 0.6870
13.338000 0.6880 0.6880 0.6890 0.6910 0.6910
13.371129 0.6910 0.6920 0.6920 0.6920 0.6920
13.404000 0.6920 0.6910 0.6890 0.6890 0.6880
13.437129 0.6880 0.6880 0.6880 0.6870 0.6870
13.470000 0.6850 0.6850 0.6850 0.6850 0.6870
13.503129 0.6870 0.6880 0.6880 0.6890 0.6890
13.536000 0.6890 0.6920 0.6920 0.6920 0.6930
13.569129 0.6960 0.6970 0.6990 0.6990 0.7000
13.603000 0.7000 0.7010 0.7080 0.7080 0.7110
13.636129 0.7120 0.7130 0.7190 0.7210 0.7230
13.669000 0.7240 0.7270 0.7280 0.7310 0.7330
13.702129 0.7360 0.7370 0.7390 0.7390 0.7390
13.735000 0.7400 0.7410 0.7410 0.7430 0.7480
13.768129 0.7520 0.7520 0.7530 0.7530 0.7610
13.801000 0.7680 0.7690 0.7690 0.7690 0.7690
13.834129 0.7700 0.7720 0.7720 0.7720 0.7730
13.868000 0.7730 0.7730 0.7730 0.7730 0.7760
13.901129 0.7820 0.7840 0.7880 0.7890 0.7890
13.934000 0.7890 0.7900 0.7900 0.7900 0.7900
13.967129 0.7920 0.7920 0.7920 0.7920 0.7920
14.000000 0.7920 0.7900 0.7900 0.7890 0.7890
14.033129 0.7890 0.7880 0.7880 0.7880 0.7860
14.066000 0.7850 0.7850 0.7820 0.7820 0.7820
14.099129 0.7810 0.7800 0.7800 0.7800 0.7770
14.132000 0.7720 0.7700 0.7660 0.7620 0.7610
14.165129 0.7580 0.7540 0.7500 0.7490 0.7480
14.199000 0.7470 0.7470 0.7410 0.7390 0.7360
14.232129 0.7320 0.7280 0.7250 0.7210 0.7200
14.265000 0.7170 0.7150 0.7120 0.7090 0.7050
14.298129 0.6970 0.6880 0.6830 0.6810 0.6790
14.331000 0.6770 0.6730 0.6720 0.6690 0.6670
14.364129 0.6650 0.6640 0.6640 0.6630 0.6610
14.397000 0.6610 0.6630 0.6630 0.6640 0.6650
14.430129 0.6670 0.6690 0.6720 0.6770 0.6810
14.464000 0.6870 0.6880 0.6990 0.7030 0.7070
14.497129 0.7090 0.7130 0.7200 0.7270 0.7320
14.530000 0.7330 0.7430 0.7570 0.7600 0.7680
14.563129 0.7740 0.7810 0.7840 0.7850 0.7860
14.596000 0.7900 0.7920 0.7960 0.8000 0.8040
14.629129 0.8040 0.8050 0.8050 0.8060 0.8060
14.662000 0.8060 0.8050 0.8050 0.8050 0.8040
14.695129 0.8020 0.8020 0.8020 0.8020 0.8040
14.728000 0.8040 0.8040 0.8040 0.8040 0.8040
14.761129 0.8040 0.8040 0.8040 0.8040 0.8040
14.795000 0.8040 0.8040 0.8040 0.8040 0.8020
14.828129 0.8020 0.8020 0.8020 0.8020 0.8010
14.861000 0.8010 0.8010 0.8000 0.7980 0.7970
14.894129 0.7930 0.7900 0.7880 0.7880 0.7880
14.927000 0.7880 0.7900 0.7960 0.7970 0.8000
14.960129 0.8010 0.8020 0.8050 0.8060 0.8060
14.993000 0.8090 0.8100
##END=
