##TITLE=L (+)-GLUTAMIC ACID, Alpha-FORM
##JCAMP-DX=4.24
##DATA TYPE=INFRARED SPECTRUM
##CLASS=COBLENTZ
##ORIGIN=STANDARD OIL OF OHIO
##OWNER=COBLENTZ SOCIETY
Collection (C) 2018 copyright by the U.S. Secretary of Commerce
on behalf of the United States of America. All rights reserved.
##DATE=Not specified, most likely prior to 1970
##NAMES=glutamic acid
2-AMINOPROPANE-1,3-DICARBOXYLIC ACID
##CAS REGISTRY NO=56-86-0
##MOLFORM=C5 H9 N O4
##SOURCE REFERENCE=COBLENTZ NO. 4642
##$NIST SOURCE=COBLENTZ
##$NIST IMAGE=cob4642
##SPECTROMETER/DATA SYSTEM=Not specified, most likely a grating spectrometer.
##STATE=SOLID (SPLIT MULL)
##PATH LENGTH=(KBr PLATES)
##SAMPLING PROCEDURE=TRANSMISSION
##RESOLUTION=4
##DATA PROCESSING=DIGITIZED BY NIST FROM HARD COPY (FROM TWO SEGMENTS)
##XUNITS=1/CM
##YUNITS=TRANSMITTANCE
##XFACTOR=1.000000
##YFACTOR=1
##DELTAX=1.350342
##FIRSTX=290.473
##LASTX=3894.54
##FIRSTY=0.128
##MAXX=3894.54
##MINX=290.473
##MAXY=0.857
##MINY=0.128
##NPOINTS=2670
##XYDATA=(X++(Y..Y))
290.473000 0.1280 0.1280 0.1300 0.1300 0.1310
297.224712 0.1330 0.1370 0.1380 0.1400 0.1400
303.976424 0.1400 0.1420 0.1420 0.1430 0.1480
310.728135 0.1500 0.1570 0.1600 0.1650 0.1700
317.479847 0.1770 0.1860 0.2010 0.2090 0.2130
324.231559 0.2160 0.2210 0.2280 0.2360 0.2410
330.983271 0.2430 0.2470 0.2480 0.2480 0.2520
337.734983 0.2520 0.2530 0.2550 0.2550 0.2550
344.486694 0.2570 0.2600 0.2700 0.2820 0.2960
351.238406 0.3020 0.3090 0.3140 0.3210 0.3280
357.990118 0.3380 0.3480 0.3580 0.3750 0.3989
364.741830 0.4209 0.4339 0.4380 0.4549 0.4669
371.493542 0.4730 0.4850 0.4940 0.5000 0.5100
378.245254 0.5220 0.5270 0.5360 0.5489 0.5579
384.996965 0.5680 0.5750 0.5800 0.5870 0.5900
391.748677 0.6000 0.6020 0.6100 0.6120 0.6190
398.500389 0.6240 0.6420 0.6460 0.6490 0.6510
405.252101 0.6510 0.6510 0.6510 0.6510 0.6510
412.003813 0.6510 0.6510 0.6490 0.6480 0.6420
418.755524 0.6410 0.6390 0.6360 0.6320 0.6270
425.507236 0.6200 0.6140 0.6020 0.5880 0.5730
432.258948 0.5511 0.4972 0.4721 0.4720 0.4780
439.010660 0.4870 0.5090 0.5290 0.5659 0.6089
445.762372 0.6509 0.6729 0.6899 0.7119 0.7140
452.514083 0.7140 0.7120 0.7100 0.7020 0.7000
459.265795 0.6731 0.6531 0.6122 0.5782 0.5492
466.017507 0.5220 0.5220 0.5320 0.5599 0.6019
472.769219 0.6528 0.6878 0.7139 0.7508 0.7629
479.520931 0.7760 0.7810 0.7850 0.7860 0.7880
486.272642 0.7900 0.7900 0.7880 0.7880 0.7830
493.024354 0.7810 0.7800 0.7740 0.7640 0.7630
499.776066 0.7490 0.7360 0.7221 0.7031 0.6980
506.527778 0.6760 0.6560 0.6320 0.6140 0.5980
513.279490 0.5970 0.5980 0.6020 0.6169 0.6359
520.031202 0.6530 0.6610 0.6610 0.6580 0.6530
526.782913 0.6341 0.6051 0.4806 0.4681 0.4213
533.534625 0.3990 0.3990 0.4060 0.4120 0.4449
540.286337 0.4729 0.5019 0.5359 0.6186 0.6508
547.038049 0.6900 0.7150 0.7420 0.7630 0.7810
553.789761 0.7999 0.8030 0.8149 0.8170 0.8250
560.541472 0.8320 0.8370 0.8400 0.8420 0.8490
567.293184 0.8490 0.8510 0.8510 0.8520 0.8520
574.044896 0.8540 0.8560 0.8560 0.8560 0.8560
580.796608 0.8560 0.8560 0.8560 0.8560 0.8560
587.548320 0.8560 0.8540 0.8540 0.8510 0.8490
594.300031 0.8490 0.8490 0.8470 0.8440 0.8400
601.051743 0.8370 0.8350 0.8300 0.8240 0.8170
607.803455 0.8030 0.7861 0.7641 0.7341 0.7121
614.555167 0.7120 0.7290 0.7370 0.7759 0.7760
621.306879 0.7730 0.7690 0.7690 0.7799 0.8019
628.058590 0.8200 0.8370 0.8490 0.8520 0.8560
634.810302 0.8570 0.8570 0.8570 0.8570 0.8560
641.562014 0.8540 0.8510 0.8470 0.8460 0.8460
648.313726 0.8420 0.8390 0.8370 0.8350 0.8320
655.065438 0.8270 0.8200 0.8150 0.8020 0.7880
661.817150 0.7691 0.7511 0.7142 0.6812 0.6562
668.568861 0.6119 0.5490 0.5490 0.5950 0.6220
675.320573 0.6858 0.7797 0.7999 0.8179 0.8299
682.072285 0.8350 0.8390 0.8400 0.8420 0.8440
688.823997 0.8440 0.8440 0.8420 0.8390 0.8320
695.575709 0.8320 0.8290 0.8270 0.8250 0.8240
702.327420 0.8200 0.8130 0.8120 0.8080 0.7951
709.079132 0.7740 0.7730 0.7710 0.7710 0.7710
715.830844 0.7710 0.7710 0.7730 0.7740 0.7800
722.582556 0.7810 0.7850 0.7880 0.7880 0.7860
729.334268 0.7850 0.7800 0.7710 0.7660 0.7590
736.085979 0.7509 0.7100 0.6590 0.6150 0.6150
742.837691 0.6639 0.6660 0.6481 0.6480 0.7067
749.589403 0.7740 0.7900 0.8030 0.8070 0.8080
756.341115 0.8080 0.8080 0.8080 0.8080 0.8050
763.092827 0.8030 0.8020 0.7930 0.7860 0.7760
769.844538 0.7541 0.7002 0.6920 0.6811 0.6730
776.596250 0.6610 0.6370 0.6000 0.5650 0.5650
783.347962 0.6388 0.7217 0.7758 0.8029 0.8070
790.099674 0.8070 0.8070 0.8050 0.8030 0.8020
796.851386 0.7960 0.7960 0.7831 0.7681 0.7541
803.603098 0.7300 0.7170 0.7120 0.7100 0.7050
810.354809 0.7020 0.6801 0.6511 0.5077 0.4682
817.106521 0.4010 0.4011 0.5050 0.6089 0.6809
823.858233 0.7439 0.7729 0.7899 0.7930 0.7930
830.609945 0.7910 0.7910 0.7900 0.7900 0.7900
837.361657 0.7900 0.7900 0.7880 0.7860 0.7810
844.113368 0.7800 0.7710 0.7660 0.7610 0.7250
850.865080 0.7020 0.6831 0.6581 0.6152 0.4897
857.616792 0.4890 0.5090 0.5290 0.6040 0.6509
864.368504 0.6879 0.7289 0.7728 0.8029 0.8199
871.120216 0.8240 0.8240 0.8240 0.8220 0.8200
877.871927 0.8180 0.8170 0.8130 0.8120 0.8100
884.623639 0.8030 0.8020 0.7910 0.7880 0.7850
891.375351 0.7810 0.7740 0.7690 0.7660 0.7610
898.127063 0.7590 0.7510 0.7410 0.7300 0.7190
904.878775 0.7020 0.6751 0.6441 0.6022 0.6000
911.630486 0.6271 0.6680 0.6680 0.6680 0.6700
918.382198 0.6850 0.7139 0.7608 0.7630 0.7630
925.133910 0.7610 0.7590 0.7590 0.7580 0.7560
931.885622 0.7540 0.7520 0.7510 0.7510 0.7460
938.637334 0.7440 0.7390 0.7370 0.7290 0.7240
945.389046 0.7250 0.7290 0.7320 0.7320 0.7320
952.140757 0.7300 0.7300 0.7290 0.7250 0.7220
958.892469 0.7190 0.7150 0.7140 0.7070 0.7020
965.644181 0.7020 0.7000 0.6950 0.6920 0.6860
972.395893 0.6830 0.6800 0.6760 0.6680 0.6630
979.147605 0.6530 0.6410 0.6290 0.6020 0.6020
985.899316 0.6170 0.6290 0.6310 0.6260 0.6151
992.651028 0.6090 0.6000 0.5870 0.5780 0.5630
999.402740 0.5440 0.5211 0.4801 0.4780 0.4800
1006.154452 0.4820 0.4800 0.4730 0.4600 0.4430
1012.906164 0.4280 0.4071 0.4010 0.4010 0.4020
1019.657875 0.4090 0.4190 0.4280 0.4510 0.4630
1026.409587 0.4830 0.4940 0.5040 0.5219 0.5359
1033.161299 0.5510 0.5580 0.5630 0.5660 0.5660
1039.913011 0.5660 0.5780 0.5880 0.6089 0.6100
1046.664723 0.6100 0.6090 0.6070 0.6050 0.6040
1053.416435 0.6000 0.6000 0.5980 0.5980 0.5980
1060.168146 0.5970 0.5930 0.5900 0.5870 0.5780
1066.919858 0.5630 0.5510 0.5341 0.4942 0.4512
1073.671570 0.4120 0.4121 0.4510 0.4700 0.4940
1080.423282 0.5160 0.5829 0.5900 0.5970 0.5980
1087.174994 0.5980 0.5980 0.5980 0.5970 0.5950
1093.926705 0.5930 0.5930 0.5920 0.5900 0.5880
1100.678417 0.5850 0.5830 0.5820 0.5780 0.5730
1107.430129 0.5700 0.5650 0.5580 0.5540 0.5510
1114.181841 0.5460 0.5430 0.5320 0.5260 0.5160
1120.933553 0.4920 0.4800 0.4680 0.4551 0.4460
1127.685264 0.4340 0.4230 0.3950 0.3770 0.3480
1134.436976 0.3360 0.3210 0.3210 0.3529 0.3898
1141.188688 0.4011 0.4260 0.4500 0.4530 0.4500
1147.940400 0.4410 0.4310 0.4210 0.4021 0.3801
1154.692112 0.3509 0.3210 0.2910 0.2670 0.2470
1161.443823 0.2470 0.2520 0.2799 0.3059 0.3677
1168.195535 0.4551 0.4780 0.5000 0.5070 0.5070
1174.947247 0.4780 0.4610 0.4610 0.4749 0.4889
1181.698959 0.5001 0.5220 0.5410 0.5480 0.5490
1188.450671 0.5490 0.5480 0.5430 0.5390 0.5340
1195.202383 0.5260 0.5190 0.5160 0.5090 0.4950
1201.954094 0.4890 0.4780 0.4730 0.4670 0.4600
1208.705806 0.4510 0.4450 0.4390 0.4360 0.4330
1215.457518 0.4260 0.4230 0.4190 0.4090 0.4020
1222.209230 0.3920 0.3850 0.3790 0.3680 0.3580
1228.960942 0.3500 0.3350 0.3290 0.3141 0.3070
1235.712653 0.3010 0.2970 0.2960 0.2920 0.2910
1242.464365 0.2870 0.2800 0.2740 0.2620 0.2520
1249.216077 0.2400 0.2310 0.2300 0.2310 0.2350
1255.967789 0.2400 0.2400 0.2380 0.2300 0.2230
1262.719501 0.2110 0.2030 0.1990 0.1860 0.1790
1269.471212 0.1770 0.1770 0.1790 0.1790 0.1810
1276.222924 0.1820 0.1910 0.1940 0.2110 0.2180
1282.974636 0.2310 0.2530 0.2690 0.2909 0.3189
1289.726348 0.3510 0.3650 0.3770 0.4010 0.4010
1296.478060 0.3790 0.3510 0.3071 0.2631 0.2192
1303.229771 0.1859 0.1620 0.1600 0.1620 0.1640
1309.981483 0.1740 0.1870 0.2010 0.2249 0.2499
1316.733195 0.2751 0.3021 0.3260 0.3500 0.3680
1323.484907 0.3820 0.4479 0.4650 0.4750 0.4830
1330.236619 0.4900 0.4920 0.4940 0.4940 0.4950
1336.988331 0.4970 0.4990 0.5000 0.5020 0.5159
1343.740042 0.5260 0.5340 0.5510 0.5580 0.5680
1350.491754 0.5780 0.5830 0.5900 0.5900 0.5850
1357.243466 0.5800 0.5780 0.5760 0.5660 0.5610
1363.995178 0.5560 0.5510 0.5241 0.4682 0.3973
1370.746890 0.3600 0.3601 0.4211 0.4800 0.5040
1377.498601 0.5270 0.5629 0.5999 0.6149 0.6270
1384.250313 0.6360 0.6440 0.6490 0.6510 0.6510
1391.002025 0.6510 0.6490 0.6490 0.6460 0.6440
1397.753737 0.6410 0.6370 0.6340 0.6220 0.6100
1404.505449 0.6000 0.5900 0.5750 0.5630 0.5491
1411.257160 0.5239 0.4820 0.4730 0.4720 0.4720
1418.008872 0.4720 0.4680 0.4670 0.4600 0.4600
1424.760584 0.4630 0.4731 0.4920 0.5050 0.5170
1431.512296 0.5360 0.5510 0.5560 0.5610 0.5650
1438.264008 0.5650 0.5630 0.5600 0.5530 0.5440
1445.015719 0.5290 0.4941 0.4651 0.4341 0.4061
1451.767431 0.3750 0.3600 0.3580 0.3580 0.3600
1458.519143 0.3700 0.3900 0.4110 0.4309 0.4509
1465.270855 0.4720 0.4831 0.5070 0.5310 0.5430
1472.022567 0.5510 0.5530 0.5530 0.5510 0.5490
1478.774279 0.5490 0.5480 0.5440 0.5430 0.5390
1485.525990 0.5310 0.5270 0.5210 0.5160 0.5100
1492.277702 0.5040 0.4920 0.4890 0.4850 0.4820
1499.029414 0.4780 0.4720 0.4650 0.4560 0.4530
1505.781126 0.4510 0.4390 0.4330 0.4190 0.4110
1512.532838 0.4020 0.3900 0.3800 0.3680 0.3600
1519.284549 0.3510 0.3380 0.3290 0.3140 0.3010
1526.036261 0.2820 0.2620 0.2450 0.2261 0.2250
1532.787973 0.2260 0.2300 0.2400 0.2520 0.2570
1539.539685 0.2600 0.2600 0.2570 0.2530 0.2480
1546.291397 0.2470 0.2380 0.2260 0.2140 0.2040
1553.043108 0.1960 0.1910 0.1860 0.1860 0.1840
1559.794820 0.1840 0.1820 0.1820 0.1810 0.1740
1566.546532 0.1690 0.1620 0.1570 0.1530 0.1480
1573.298244 0.1400 0.1380 0.1330 0.1310 0.1310
1580.049956 0.1310 0.1310 0.1310 0.1330 0.1350
1586.801667 0.1380 0.1400 0.1430 0.1520 0.1590
1593.553379 0.1620 0.1720 0.1790 0.1940 0.2079
1600.305091 0.2311 0.2501 0.2721 0.2960 0.3110
1607.056803 0.3290 0.3510 0.3720 0.3900 0.4040
1613.808515 0.4241 0.4390 0.4510 0.4550 0.4680
1620.560227 0.4720 0.4720 0.4700 0.4650 0.4550
1627.311938 0.4389 0.4209 0.3920 0.3800 0.3800
1634.063650 0.3850 0.3940 0.4010 0.4020 0.4120
1640.815362 0.4261 0.4390 0.4510 0.4580 0.4670
1647.567074 0.4750 0.4820 0.4890 0.4950 0.4990
1654.318786 0.5020 0.5050 0.5070 0.5070 0.5070
1661.070497 0.5040 0.5020 0.4870 0.4800 0.4680
1667.822209 0.4529 0.4379 0.4139 0.3920 0.3720
1674.573921 0.3530 0.3290 0.3020 0.2850 0.2700
1681.325633 0.2600 0.2580 0.2580 0.2600 0.2620
1688.077345 0.2670 0.2700 0.2800 0.2890 0.3069
1694.829056 0.3240 0.3331 0.3510 0.3730 0.3900
1701.580768 0.4060 0.4240 0.4360 0.4510 0.4600
1708.332480 0.4701 0.4830 0.4920 0.5000 0.5100
1715.084192 0.5220 0.5290 0.5360 0.5510 0.5530
1721.835904 0.5540 0.5600 0.5610 0.5610 0.5610
1728.587615 0.5610 0.5630 0.5630 0.5660 0.5730
1735.339327 0.5780 0.5830 0.5880 0.6000 0.6040
1742.091039 0.6100 0.6170 0.6220 0.6310 0.6360
1748.842751 0.6390 0.6440 0.6480 0.6490 0.6510
1755.594463 0.6530 0.6540 0.6540 0.6560 0.6580
1762.346175 0.6580 0.6580 0.6590 0.6590 0.6590
1769.097886 0.6610 0.6610 0.6610 0.6610 0.6630
1775.849598 0.6630 0.6630 0.6640 0.6660 0.6660
1782.601310 0.6680 0.6700 0.6730 0.6750 0.6760
1789.353022 0.6780 0.6780 0.6800 0.6810 0.6810
1796.104734 0.6830 0.6830 0.6850 0.6850 0.6850
1802.856445 0.6830 0.6830 0.6830 0.6830 0.6830
1809.608157 0.6850 0.6850 0.6850 0.6850 0.6850
1816.359869 0.6850 0.6850 0.6850 0.6850 0.6850
1823.111581 0.6850 0.6850 0.6830 0.6800 0.6780
1829.863293 0.6760 0.6750 0.6730 0.6710 0.6700
1836.615004 0.6700 0.6680 0.6660 0.6630 0.6610
1843.366716 0.6590 0.6540 0.6510 0.6510 0.6490
1850.118428 0.6480 0.6440 0.6420 0.6390 0.6370
1856.870140 0.6360 0.6340 0.6320 0.6310 0.6290
1863.621852 0.6260 0.6240 0.6220 0.6190 0.6170
1870.373563 0.6170 0.6150 0.6150 0.6140 0.6100
1877.125275 0.6090 0.6040 0.6040 0.6020 0.6020
1883.876987 0.6000 0.5950 0.5950 0.5930 0.5930
1890.628699 0.5930 0.5930 0.5930 0.5930 0.5930
1897.380411 0.5930 0.5920 0.5920 0.5920 0.5900
1904.132123 0.5900 0.5880 0.5870 0.5850 0.5830
1910.883834 0.5820 0.5780 0.5760 0.5710 0.5710
1917.635546 0.5700 0.5680 0.5650 0.5630 0.5610
1924.387258 0.5600 0.5580 0.5580 0.5560 0.5540
1931.138970 0.5530 0.5530 0.5510 0.5510 0.5490
1937.890682 0.5480 0.5460 0.5460 0.5460 0.5440
1944.642393 0.5440 0.5440 0.5440 0.5440 0.5440
1951.394105 0.5440 0.5460 0.5460 0.5460 0.5490
1958.145817 0.5510 0.5510 0.5530 0.5540 0.5560
1964.897529 0.5600 0.5610 0.5650 0.5680 0.5700
1971.649241 0.5710 0.5730 0.5750 0.5760 0.5820
1978.400952 0.5870 0.5880 0.5900 0.5920 0.5930
1985.152664 0.5930 0.5970 0.5980 0.5980 0.6000
1991.904376 0.6000 0.6000 0.6000 0.6020 0.6050
1998.656088 0.6100 0.6150 0.6175 0.6200 0.6210
2005.407800 0.6220 0.6220 0.6220 0.6230 0.6240
2012.159511 0.6240 0.6240 0.6250 0.6260 0.6265
2018.911223 0.6270 0.6289 0.6309 0.6315 0.6320
2025.662935 0.6330 0.6340 0.6355 0.6370 0.6380
2032.414647 0.6390 0.6390 0.6390 0.6400 0.6410
2039.166359 0.6410 0.6410 0.6410 0.6410 0.6400
2045.918071 0.6390 0.6390 0.6390 0.6390 0.6390
2052.669782 0.6390 0.6390 0.6380 0.6370 0.6365
2059.421494 0.6360 0.6350 0.6340 0.6330 0.6320
2066.173206 0.6320 0.6320 0.6315 0.6310 0.6301
2072.924918 0.6291 0.6281 0.6271 0.6270 0.6270
2079.676630 0.6265 0.6260 0.6250 0.6240 0.6230
2086.428341 0.6220 0.6211 0.6201 0.6186 0.6171
2093.180053 0.6170 0.6170 0.6156 0.6141 0.6121
2099.931765 0.6101 0.6086 0.6071 0.6047 0.6022
2106.683477 0.5973 0.5923 0.5896 0.5871 0.5814
2113.435189 0.5754 0.5703 0.5653 0.5594 0.5534
2120.186900 0.5521 0.5511 0.5510 0.5510 0.5519
2126.938612 0.5529 0.5562 0.5597 0.5636 0.5676
2133.690324 0.5744 0.5815 0.5857 0.5897 0.5946
2140.442036 0.5996 0.6009 0.6019 0.6057 0.6097
2147.193748 0.6123 0.6148 0.6168 0.6188 0.6190
2153.945459 0.6190 0.6190 0.6190 0.6190 0.6190
2160.697171 0.6190 0.6190 0.6190 0.6190 0.6190
2167.448883 0.6190 0.6195 0.6200 0.6200 0.6200
2174.200595 0.6200 0.6200 0.6209 0.6219 0.6220
2180.952307 0.6220 0.6229 0.6239 0.6240 0.6240
2187.704019 0.6240 0.6240 0.6240 0.6240 0.6240
2194.455730 0.6240 0.6240 0.6240 0.6231 0.6221
2201.207442 0.6220 0.6220 0.6211 0.6201 0.6196
2207.959154 0.6191 0.6181 0.6171 0.6170 0.6170
2214.710866 0.6170 0.6170 0.6170 0.6170 0.6170
2221.462578 0.6170 0.6157 0.6142 0.6131 0.6121
2228.214289 0.6111 0.6101 0.6096 0.6091 0.6073
2234.966001 0.6053 0.6037 0.6022 0.6012 0.6002
2241.717713 0.5987 0.5972 0.5983 0.5998 0.5970
2248.469425 0.5935 0.5926 0.5921 0.5911 0.5901
2255.221137 0.5891 0.5882 0.5876 0.5871 0.5849
2261.972848 0.5824 0.5803 0.5783 0.5759 0.5734
2268.724560 0.5722 0.5711 0.5706 0.5701 0.5683
2275.476272 0.5663 0.5656 0.5651 0.5642 0.5632
2282.227984 0.5630 0.5630 0.5622 0.5612 0.5610
2288.979696 0.5610 0.5606 0.5601 0.5584 0.5564
2295.731408 0.5552 0.5542 0.5536 0.5531 0.5530
2302.483119 0.5530 0.5522 0.5512 0.5502 0.5492
2309.234831 0.5469 0.5445 0.5436 0.5431 0.5422
2315.986543 0.5412 0.5402 0.5392 0.5390 0.5390
2322.738255 0.5386 0.5381 0.5372 0.5362 0.5360
2329.489967 0.5360 0.5352 0.5342 0.5332 0.5322
2336.241678 0.5308 0.5293 0.5278 0.5263 0.5244
2342.993390 0.5224 0.5216 0.5211 0.5210 0.5210
2349.745102 0.5202 0.5192 0.5182 0.5172 0.5166
2356.496814 0.5161 0.5152 0.5142 0.5140 0.5140
2363.248526 0.5140 0.5140 0.5132 0.5122 0.5112
2370.000237 0.5102 0.5096 0.5091 0.5090 0.5090
2376.751949 0.5082 0.5072 0.5058 0.5043 0.5020
2383.503661 0.4995 0.4990 0.4990 0.4982 0.4972
2390.255373 0.4970 0.4970 0.4962 0.4952 0.4946
2397.007085 0.4941 0.4932 0.4922 0.4912 0.4902
2403.758796 0.4889 0.4873 0.4862 0.4852 0.4842
2410.510508 0.4832 0.4830 0.4830 0.4826 0.4821
2417.262220 0.4801 0.4776 0.4755 0.4735 0.4719
2424.013932 0.4704 0.4693 0.4683 0.4680 0.4680
2430.765644 0.4680 0.4680 0.4680 0.4680 0.4680
2437.517356 0.4680 0.4680 0.4680 0.4676 0.4671
2444.269067 0.4670 0.4670 0.4670 0.4670 0.4663
2451.020779 0.4653 0.4650 0.4650 0.4643 0.4633
2457.772491 0.4623 0.4613 0.4599 0.4584 0.4573
2464.524203 0.4563 0.4560 0.4560 0.4560 0.4560
2471.275915 0.4556 0.4551 0.4543 0.4533 0.4523
2478.027626 0.4513 0.4506 0.4501 0.4457 0.4397
2484.779338 0.4373 0.4363 0.4353 0.4343 0.4336
2491.531050 0.4331 0.4323 0.4313 0.4303 0.4293
2498.282762 0.4286 0.4281 0.4273 0.4263 0.4260
2505.034474 0.4260 0.4253 0.4243 0.4236 0.4232
2511.786185 0.4230 0.4230 0.4223 0.4213 0.4210
2518.537897 0.4210 0.4210 0.4210 0.4203 0.4193
2525.289609 0.4183 0.4173 0.4149 0.4119 0.4103
2532.041321 0.4093 0.4083 0.4073 0.4070 0.4070
2538.793033 0.4077 0.4087 0.4097 0.4107 0.4110
2545.544744 0.4110 0.4113 0.4118 0.4127 0.4137
2552.296456 0.4140 0.4140 0.4140 0.4140 0.4147
2559.048168 0.4157 0.4160 0.4160 0.4153 0.4143
2565.799880 0.4133 0.4123 0.4117 0.4112 0.4096
2572.551592 0.4076 0.4060 0.4045 0.4030 0.4015
2579.303304 0.3997 0.3977 0.3960 0.3945 0.3927
2586.055015 0.3907 0.3890 0.3875 0.3860 0.3845
2592.806727 0.3833 0.3823 0.3810 0.3795 0.3790
2599.558439 0.3790 0.3767 0.3732 0.3690 0.3645
2606.310151 0.3627 0.3622 0.3613 0.3604 0.3600
2613.061863 0.3600 0.3600 0.3600 0.3594 0.3584
2619.813574 0.3570 0.3555 0.3534 0.3509 0.3493
2626.565286 0.3483 0.3457 0.3422 0.3394 0.3369
2633.316998 0.3350 0.3335 0.3317 0.3297 0.3265
2640.068710 0.3225 0.3201 0.3186 0.3174 0.3164
2646.820422 0.3160 0.3160 0.3160 0.3160 0.3166
2653.572133 0.3176 0.3190 0.3205 0.3232 0.3267
2660.323845 0.3311 0.3361 0.3417 0.3477 0.3509
2667.075557 0.3524 0.3545 0.3570 0.3607 0.3652
2673.827269 0.3685 0.3711 0.3723 0.3728 0.3743
2680.578981 0.3762 0.3786 0.3810 0.3829 0.3844
2687.330692 0.3871 0.3906 0.3929 0.3944 0.3962
2694.082404 0.3982 0.3990 0.3990 0.3990 0.3990
2700.834116 0.3990 0.3990 0.3978 0.3958 0.3950
2707.585828 0.3950 0.3941 0.3926 0.3911 0.3896
2714.337540 0.3875 0.3850 0.3825 0.3800 0.3758
2721.089252 0.3703 0.3662 0.3633 0.3608 0.3588
2727.840963 0.3560 0.3524 0.3507 0.3502 0.3500
2734.592675 0.3500 0.3500 0.3500 0.3503 0.3508
2741.344387 0.3510 0.3510 0.3522 0.3542 0.3556
2748.096099 0.3566 0.3573 0.3578 0.3600 0.3635
2754.847811 0.3659 0.3674 0.3692 0.3712 0.3723
2761.599522 0.3728 0.3727 0.3722 0.3714 0.3704
2768.351234 0.3691 0.3677 0.3659 0.3639 0.3627
2775.102946 0.3622 0.3614 0.3604 0.3592 0.3577
2781.854658 0.3564 0.3554 0.3544 0.3534 0.3530
2788.606370 0.3530 0.3530 0.3530 0.3524 0.3514
2795.358081 0.3510 0.3510 0.3510 0.3510 0.3510
2802.109793 0.3510 0.3507 0.3502 0.3500 0.3500
2808.861505 0.3495 0.3484 0.3472 0.3457 0.3444
2815.613217 0.3435 0.3416 0.3391 0.3361 0.3326
2822.364929 0.3297 0.3272 0.3241 0.3206 0.3174
2829.116640 0.3144 0.3114 0.3084 0.3067 0.3062
2835.868352 0.3050 0.3029 0.3017 0.3012 0.3005
2842.620064 0.2995 0.2990 0.2990 0.2985 0.2975
2849.371776 0.2970 0.2970 0.2970 0.2970 0.2967
2856.123488 0.2962 0.2960 0.2960 0.2955 0.2945
2862.875200 0.2940 0.2940 0.2940 0.2940 0.2940
2869.626911 0.2940 0.2940 0.2940 0.2945 0.2955
2876.378623 0.2963 0.2968 0.2970 0.2970 0.2970
2883.130335 0.2970 0.2970 0.2970 0.2968 0.2963
2889.882047 0.2960 0.2960 0.2960 0.2960 0.2955
2896.633759 0.2945 0.2940 0.2940 0.2935 0.2925
2903.385470 0.2920 0.2920 0.2920 0.2920 0.2925
2910.137182 0.2935 0.2940 0.2940 0.2945 0.2955
2916.888894 0.2962 0.2967 0.2970 0.2970 0.2980
2923.640606 0.3000 0.3012 0.3017 0.3025 0.3035
2930.392318 0.3057 0.3092 0.3138 0.3198 0.3237
2937.144029 0.3252 0.3272 0.3297 0.3315 0.3325
2943.895741 0.3335 0.3345 0.3350 0.3350 0.3350
2950.647453 0.3350 0.3352 0.3357 0.3383 0.3433
2957.399165 0.3469 0.3489 0.3511 0.3536 0.3557
2964.150877 0.3572 0.3591 0.3616 0.3639 0.3659
2970.902588 0.3677 0.3692 0.3705 0.3715 0.3720
2977.654300 0.3720 0.3722 0.3727 0.3746 0.3781
2984.406012 0.3816 0.3851 0.3877 0.3892 0.3909
2991.157724 0.3929 0.3942 0.3947 0.3954 0.3964
2997.909436 0.3974 0.3984 0.3990 0.3990 0.3994
3004.661148 0.4004 0.4010 0.4010 0.4010 0.4010
3011.412859 0.4012 0.4017 0.4020 0.4020 0.4029
3018.164571 0.4048 0.4062 0.4067 0.4074 0.4084
3024.916283 0.4090 0.4090 0.4090 0.4090 0.4086
3031.667995 0.4076 0.4068 0.4063 0.4060 0.4060
3038.419707 0.4056 0.4046 0.4036 0.4026 0.4018
3045.171418 0.4013 0.4006 0.3996 0.3986 0.3976
3051.923130 0.3966 0.3956 0.3948 0.3943 0.3932
3058.674842 0.3912 0.3898 0.3893 0.3882 0.3862
3065.426554 0.3840 0.3815 0.3798 0.3793 0.3782
3072.178266 0.3762 0.3740 0.3715 0.3694 0.3679
3078.929977 0.3656 0.3621 0.3582 0.3537 0.3484
3085.681689 0.3419 0.3362 0.3317 0.3268 0.3214
3092.433401 0.3163 0.3118 0.3080 0.3055 0.3031
3099.185113 0.3006 0.2986 0.2976 0.2974 0.2984
3105.936825 0.2996 0.3011 0.3034 0.3069 0.3123
3112.688536 0.3208 0.3277 0.3322 0.3380 0.3460
3119.440248 0.3532 0.3592 0.3661 0.3746 0.3838
3126.191960 0.3943 0.4033 0.4098 0.4170 0.4255
3132.943672 0.4328 0.4378 0.4429 0.4479 0.4542
3139.695384 0.4626 0.4693 0.4728 0.4765 0.4804
3146.447096 0.4850 0.4905 0.4954 0.4994 0.5024
3153.198807 0.5033 0.5057 0.5107 0.5157 0.5207
3159.950519 0.5257 0.5308 0.5358 0.5408 0.5458
3166.702231 0.5508 0.5561 0.5621 0.5669 0.5694
3173.453943 0.5731 0.5791 0.5859 0.5944 0.6012
3180.205655 0.6047 0.6083 0.6123 0.6157 0.6176
3186.957366 0.6206 0.6257 0.6302 0.6337 0.6369
3193.709078 0.6394 0.6424 0.6463 0.6505 0.6550
3200.460790 0.6585 0.6600 0.6615 0.6630 0.6640
3207.212502 0.6640 0.6643 0.6653 0.6666 0.6686
3213.964214 0.6709 0.6740 0.6767 0.6787 0.6802
3220.715925 0.6807 0.6813 0.6823 0.6833 0.6843
3227.467637 0.6855 0.6870 0.6886 0.6906 0.6920
3234.219349 0.6920 0.6920 0.6920 0.6920 0.6920
3240.971061 0.6920 0.6920 0.6922 0.6927 0.6930
3247.722773 0.6930 0.6930 0.6930 0.6933 0.6943
3254.474484 0.6950 0.6950 0.6957 0.6982 0.7003
3261.226196 0.7013 0.7020 0.7020 0.7021 0.7026
3267.977908 0.7033 0.7043 0.7055 0.7070 0.7083
3274.729620 0.7093 0.7103 0.7113 0.7123 0.7133
3281.481332 0.7144 0.7159 0.7173 0.7183 0.7191
3288.233044 0.7196 0.7200 0.7200 0.7200 0.7200
3294.984755 0.7200 0.7200 0.7203 0.7213 0.7220
3301.736467 0.7220 0.7220 0.7220 0.7220 0.7220
3308.488179 0.7220 0.7220 0.7220 0.7220 0.7220
3315.239891 0.7220 0.7220 0.7220 0.7220 0.7220
3321.991603 0.7220 0.7220 0.7220 0.7220 0.7220
3328.743314 0.7220 0.7220 0.7220 0.7220 0.7220
3335.495026 0.7220 0.7220 0.7220 0.7220 0.7220
3342.246738 0.7220 0.7220 0.7220 0.7220 0.7220
3348.998450 0.7220 0.7220 0.7220 0.7220 0.7220
3355.750162 0.7220 0.7220 0.7220 0.7220 0.7220
3362.501873 0.7220 0.7220 0.7220 0.7220 0.7220
3369.253585 0.7220 0.7220 0.7220 0.7220 0.7220
3376.005297 0.7218 0.7208 0.7200 0.7200 0.7200
3382.757009 0.7200 0.7200 0.7200 0.7200 0.7200
3389.508721 0.7200 0.7200 0.7200 0.7200 0.7200
3396.260432 0.7200 0.7200 0.7200 0.7200 0.7200
3403.012144 0.7200 0.7200 0.7200 0.7200 0.7200
3409.763856 0.7200 0.7200 0.7200 0.7200 0.7200
3416.515568 0.7200 0.7200 0.7200 0.7200 0.7200
3423.267280 0.7200 0.7200 0.7200 0.7200 0.7200
3430.018992 0.7199 0.7194 0.7190 0.7190 0.7190
3436.770703 0.7190 0.7190 0.7190 0.7190 0.7190
3443.522415 0.7190 0.7190 0.7191 0.7196 0.7200
3450.274127 0.7200 0.7200 0.7200 0.7200 0.7200
3457.025839 0.7200 0.7200 0.7200 0.7200 0.7200
3463.777551 0.7200 0.7200 0.7200 0.7200 0.7200
3470.529262 0.7199 0.7194 0.7190 0.7190 0.7190
3477.280974 0.7190 0.7190 0.7190 0.7190 0.7190
3484.032686 0.7190 0.7190 0.7190 0.7190 0.7190
3490.784398 0.7190 0.7190 0.7190 0.7190 0.7190
3497.536110 0.7188 0.7178 0.7170 0.7170 0.7172
3504.287821 0.7182 0.7190 0.7190 0.7190 0.7190
3511.039533 0.7190 0.7190 0.7190 0.7190 0.7190
3517.791245 0.7190 0.7190 0.7190 0.7190 0.7190
3524.542957 0.7191 0.7196 0.7199 0.7194 0.7190
3531.294669 0.7190 0.7190 0.7190 0.7190 0.7190
3538.046380 0.7190 0.7190 0.7190 0.7190 0.7190
3544.798092 0.7190 0.7190 0.7190 0.7190 0.7190
3551.549804 0.7190 0.7190 0.7190 0.7190 0.7189
3558.301516 0.7179 0.7170 0.7170 0.7170 0.7170
3565.053228 0.7170 0.7170 0.7170 0.7170 0.7170
3571.804940 0.7170 0.7170 0.7170 0.7170 0.7170
3578.556651 0.7170 0.7170 0.7170 0.7170 0.7170
3585.308363 0.7170 0.7170 0.7170 0.7170 0.7170
3592.060075 0.7170 0.7170 0.7170 0.7170 0.7170
3598.811787 0.7170 0.7171 0.7181 0.7189 0.7179
3605.563499 0.7170 0.7170 0.7170 0.7170 0.7170
3612.315210 0.7170 0.7170 0.7170 0.7170 0.7170
3619.066922 0.7170 0.7170 0.7170 0.7170 0.7170
3625.818634 0.7170 0.7170 0.7170 0.7169 0.7159
3632.570346 0.7150 0.7150 0.7150 0.7150 0.7150
3639.322058 0.7150 0.7150 0.7150 0.7150 0.7150
3646.073769 0.7150 0.7150 0.7150 0.7150 0.7150
3652.825481 0.7145 0.7140 0.7140 0.7140 0.7145
3659.577193 0.7150 0.7150 0.7150 0.7150 0.7150
3666.328905 0.7150 0.7150 0.7150 0.7150 0.7145
3673.080617 0.7140 0.7140 0.7140 0.7140 0.7140
3679.832329 0.7140 0.7139 0.7129 0.7120 0.7120
3686.584040 0.7121 0.7131 0.7140 0.7140 0.7140
3693.335752 0.7140 0.7140 0.7140 0.7140 0.7140
3700.087464 0.7140 0.7129 0.7119 0.7109 0.7099
3706.839176 0.7089 0.7080 0.7080 0.7080 0.7080
3713.590888 0.7080 0.7080 0.7080 0.7080 0.7080
3720.342599 0.7080 0.7080 0.7080 0.7080 0.7080
3727.094311 0.7080 0.7080 0.7080 0.7080 0.7080
3733.846023 0.7075 0.7070 0.7070 0.7070 0.7070
3740.597735 0.7070 0.7060 0.7050 0.7050 0.7050
3747.349447 0.7050 0.7050 0.7050 0.7050 0.7050
3754.101158 0.7050 0.7050 0.7050 0.7050 0.7050
3760.852870 0.7050 0.7050 0.7050 0.7050 0.7050
3767.604582 0.7050 0.7040 0.7030 0.7030 0.7030
3774.356294 0.7030 0.7030 0.7030 0.7030 0.7025
3781.108006 0.7020 0.7020 0.7020 0.7020 0.7020
3787.859717 0.7020 0.7020 0.7020 0.7020 0.7020
3794.611429 0.7020 0.7020 0.7020 0.7020 0.7020
3801.363141 0.7020 0.7020 0.7010 0.7000 0.7000
3808.114853 0.7000 0.7000 0.7000 0.7000 0.7000
3814.866565 0.7000 0.7000 0.6990 0.6980 0.6980
3821.618277 0.6980 0.6980 0.6980 0.6975 0.6970
3828.369988 0.6970 0.6970 0.6970 0.6970 0.6960
3835.121700 0.6950 0.6950 0.6950 0.6950 0.6950
3841.873412 0.6940 0.6930 0.6930 0.6930 0.6930
3848.625124 0.6930 0.6930 0.6930 0.6930 0.6930
3855.376836 0.6930 0.6930 0.6930 0.6930 0.6930
3862.128547 0.6930 0.6940 0.6950 0.6950 0.6950
3868.880259 0.6950 0.6950 0.6950 0.6950 0.6950
3875.631971 0.6950 0.6950 0.6950 0.6950 0.6950
3882.383683 0.6950 0.6950 0.6950 0.6950 0.6950
3889.135395 0.6950 0.6950 0.6950 0.6950 0.6950
##END=
