##TITLE=6-Hexadecanone
##JCAMP-DX=4.24
##DATA TYPE=INFRARED SPECTRUM
##ORIGIN=EPA-IR VAPOR PHASE LIBRARY
##OWNER=SRD/NIST
Collection (C) 2018 copyright by the U.S. Secretary of Commerce
on behalf of the United States of America. All rights reserved.
##CAS REGISTRY NO=57661-23-1
##MOLFORM=C 16 H 32 O
##$NIST SOURCE=MSDC-IR
##STATE=gas
##XUNITS=1/CM
##YUNITS=ABSORBANCE
##XFACTOR=1.
##YFACTOR=0.001
##DELTAX=1.92934
##FIRSTX=549.9
##LASTX=3999.5
##FIRSTY=1.119
##MAXX=3999.53
##MINX=549.863
##MAXY=0.24767
##MINY=0
##NPOINTS=1789
##XYDATA=(X++(Y..Y))
549.863 1.119 1.036 0.881 0.693 0.691 0.754 0.611 0.728 0.75 0.47
569.156 0.43 0.43 0.42 0.47 0.47 0.42 0.39 0.35 0.4 0.5
588.450 0.52 0.36 0.29 0.4 0.48 0.44 0.4 0.54 0.657 0.671
607.743 0.79 0.797 0.729 0.829 0.859 0.852 0.941 0.94 0.919 1.018
627.037 1.095 1.051 0.985 0.962 0.974 0.921 0.921 0.972 1.007 0.978
646.330 0.821 0.815 0.762 0.65 0.642 0.704 0.708 0.721 0.742 0.672
665.624 0.72 0.751 0.689 0.688 0.695 0.659 0.757 0.801 0.757 0.817
684.917 0.823 0.925 1.109 1.26 1.39 1.5356 1.7162 1.8788 2.1461 2.3881
704.210 2.61 2.92 3.16 3.42 3.68 3.91 4.18 4.33 4.48 4.67
723.504 4.67 4.65 4.69 4.64 4.63 4.55 4.43 4.38 4.27 4.11
742.797 3.95 3.81 3.64 3.45 3.32 3.27 3.15 2.99 2.92 2.81
762.091 2.7 2.64 2.61 2.5272 2.4723 2.4159 2.2835 2.2455 2.1889 2.0389
781.384 1.9298 1.8186 1.7642 1.7831 1.7573 1.7378 1.7092 1.6574 1.63398 1.62903
800.678 1.57327 1.5091 1.5018 1.4715 1.37 1.35 1.405 1.379 1.351 1.387
819.971 1.351 1.344 1.345 1.33 1.42 1.4553 1.449 1.4805 1.58336 1.61823
839.264 1.58604 1.58419 1.64334 1.6754 1.6876 1.731 1.7048 1.6903 1.6898 1.6849
858.558 1.6289 1.60432 1.5992 1.61779 1.6564 1.64293 1.61312 1.6706 1.7288 1.6852
877.851 1.735 1.8153 1.8131 1.7773 1.8063 1.8816 1.9181 1.9661 2.0127 2.0667
897.145 2.1128 2.0939 2.1236 2.1816 2.2377 2.2562 2.224 2.2931 2.3675 2.404
916.438 2.4626 2.5276 2.58 2.61 2.6 2.61 2.67 2.69 2.74 2.79
935.732 2.83 2.87 2.85 2.84 2.89 3.01 3.07 3.08 3.14 3.24
955.025 3.36 3.5 3.62 3.65 3.72 3.78 3.81 3.84 3.85 3.88
974.318 3.9 3.89 3.89 3.89 3.87 3.85 3.87 3.89 3.93 4
993.612 4.08 4.1 4.17 4.28 4.34 4.45 4.58 4.73 4.88 5.05
1012.905 5.19 5.3 5.45 5.63 5.84 6.02 6.16 6.27 6.46 6.72
1032.199 6.97 7.26 7.62 7.95 8.23 8.49 8.72 8.8 8.77 8.75
1051.492 8.74 8.68 8.65 8.64 8.59 8.55 8.56 8.67 8.78 8.86
1070.786 8.98 9.04 9.05 8.99 8.86 8.7 8.47 8.21 7.9 7.57
1090.079 7.38 7.11 6.84 6.73 6.63 6.53 6.56 6.57 6.54 6.7
1109.372 7.01 7.39 7.8 8.19 8.64 9.18 9.68 10.07 10.53 10.95
1128.666 11.16 11.21 11.26 11.31 11.19 10.95 10.69 10.42 10.06 9.66
1147.959 9.35 9.07 8.84 8.55 8.25 8.04 7.97 7.91 7.73 7.54
1167.253 7.5 7.43 7.41 7.47 7.39 7.3 7.28 7.25 7.15 7.06
1186.546 7.06 7.13 7.19 7.27 7.34 7.41 7.59 7.74 7.87 7.94
1205.840 7.94 8.08 8.12 8.12 8.17 8 7.84 7.83 7.8 7.72
1225.133 7.62 7.47 7.39 7.36 7.39 7.38 7.37 7.38 7.28 7.19
1244.426 7.13 7.08 6.99 6.87 6.83 6.79 6.84 6.9 6.97 7.12
1263.720 7.31 7.47 7.62 7.77 7.91 8.05 8.2 8.3 8.46 8.68
1283.013 8.89 9.07 9.26 9.5 9.74 9.89 10.04 10.25 10.39 10.49
1302.307 10.54 10.52 10.58 10.63 10.55 10.48 10.47 10.44 10.42 10.46
1321.600 10.58 10.77 11.02 11.36 11.8 12.34 12.94 13.64 14.4 15.23
1340.894 16.06 16.84 17.57 18.29 18.91 19.44 19.92 20.28 20.43 20.36
1360.187 20.1 19.64 18.97 18.1 17.11 16.12 15.12 14.11 13.25 12.67
1379.480 12.25 11.88 11.45 10.97 10.35 9.68 9.16 8.69 8.35 8.15
1398.774 8.08 8.12 8.26 8.51 8.88 9.31 9.8 10.23 10.59 10.88
1418.067 11.07 11.18 11.22 11.24 11.27 11.38 11.54 11.76 12.13 12.54
1437.361 13.05 13.74 14.57 15.5 16.53 17.63 18.82 20.08 21.34 22.44
1456.654 23.38 24 24.22 24.08 23.45 22.4 21.06 19.37 17.49 15.66
1475.948 13.84 12.09 10.58 9.3 8.27 7.4 6.63 6 5.45 5
1495.241 4.64 4.31 4 3.71 3.52 3.39 3.21 3.01 2.89 2.82
1514.534 2.7 2.58 2.4641 2.4028 2.3768 2.2715 2.1014 2.0195 1.9838 1.9652
1533.828 1.9378 1.8646 1.8757 1.929 1.8929 1.7717 1.7063 1.6767 1.63666 1.64751
1553.121 1.64363 1.58002 1.63131 1.6928 1.625 1.5221 1.5005 1.5067 1.4995 1.5182
1572.415 1.45 1.4811 1.5226 1.431 1.366 1.392 1.404 1.414 1.392 1.378
1591.708 1.405 1.383 1.395 1.377 1.41 1.43 1.413 1.399 1.406 1.4646
1611.002 1.4772 1.4635 1.4751 1.532 1.57257 1.55302 1.57889 1.56278 1.55506 1.57033
1630.295 1.57951 1.6597 1.7294 1.7906 1.8028 1.8351 1.8887 1.9423 2.0433 2.142
1649.588 2.1908 2.3278 2.4782 2.4708 2.5327 2.61 2.75 2.9 3.01 3.26
1668.882 3.49 3.69 3.96 4.3 4.58 4.88 5.31 5.74 6.26 6.75
1688.175 7.28 7.96 8.72 9.7 10.94 12.29 13.98 16.07 18.43 21.43
1707.469 24.98 29.09 33.74 38.94 44.52 50.21 55.47 59.65 62.32 62.93
1726.762 61.28 57.44 51.88 45.47 38.57 32.15 26.7 22.09 18.36 15.36
1746.056 13.01 11.16 9.7 8.47 7.48 6.66 5.96 5.41 4.97 4.59
1765.349 4.25 3.93 3.65 3.45 3.23 2.98 2.81 2.68 2.55 2.4139
1784.642 2.2897 2.1696 2.0651 2.0272 1.971 1.8553 1.7607 1.7073 1.6702 1.6275
1803.936 1.58605 1.5214 1.4935 1.4788 1.412 1.341 1.324 1.295 1.26 1.23
1823.229 1.219 1.229 1.172 1.122 1.135 1.123 1.087 1.094 1.127 1.107
1842.523 1.063 1.056 1.059 1.06 1.065 1.018 1.021 1.023 0.981 0.989
1861.816 0.978 0.955 0.937 0.959 0.976 0.976 0.953 0.911 0.879 0.874
1881.110 0.899 0.878 0.834 0.827 0.847 0.853 0.864 0.863 0.839 0.862
1900.403 0.88 0.898 0.874 0.852 0.867 0.853 0.848 0.876 0.898 0.854
1919.696 0.786 0.763 0.801 0.833 0.825 0.822 0.767 0.763 0.818 0.854
1938.990 0.855 0.861 0.841 0.794 0.806 0.791 0.827 0.885 0.844 0.796
1958.283 0.81 0.817 0.856 0.865 0.831 0.841 0.826 0.815 0.832 0.842
1977.577 0.86 0.856 0.84 0.832 0.84 0.844 0.858 0.868 0.869 0.879
1996.870 0.894 0.888 0.863 0.879 0.897 0.907 0.946 0.974 0.978 0.978
2016.164 0.974 1.014 1.032 1.002 1.059 1.07 1.039 1.066 1.101 1.116
2035.457 1.127 1.086 1.056 1.084 1.093 1.076 1.1 1.113 1.108 1.103
2054.750 1.088 1.094 1.039 1.006 1.031 1.053 1.066 1.058 1.039 1.017
2074.044 1.008 1.026 1.024 1.003 0.963 0.964 1.023 1.046 0.999 0.921
2093.337 0.955 1.016 0.998 1.014 1.012 0.995 1.02 1.028 1.026 1.036
2112.631 1.036 1.04 1.047 1.02 1.013 1.045 1.023 1.025 1.045 1.066
2131.924 1.063 1.031 1.029 1.037 1.034 1.05 1.092 1.1 1.094 1.117
2151.218 1.116 1.092 1.093 1.078 1.095 1.143 1.126 1.07 1.077 1.092
2170.511 1.043 1.028 1.064 1.076 1.049 1.065 1.082 1.066 1.044 1.006
2189.804 1.051 1.101 1.071 1.045 1.056 1.07 1.076 1.077 1.096 1.097
2209.098 1.039 1.038 1.046 1.046 1.078 1.084 1.081 1.053 1.036 1.048
2228.391 1.059 1.053 1.025 1.018 1.053 1.079 1.109 1.115 1.086 1.086
2247.685 1.07 1.059 1.049 1.063 1.072 1.076 1.1 1.093 1.087 1.077
2266.978 1.032 1.03 1.058 1.074 1.057 1.045 1.095 1.121 1.101 1.126
2286.272 1.136 1.107 1.104 1.131 1.125 1.056 1.074 1.121 1.103 1.078
2305.565 1.102 1.135 1.142 1.114 1.118 1.156 1.15 1.132 1.132 1.142
2324.858 1.158 1.189 1.201 1.216 1.248 1.256 1.222 1.2 1.234 1.213
2344.152 1.165 1.152 1.132 1.158 1.227 1.238 1.218 1.212 1.219 1.222
2363.445 1.203 1.219 1.202 1.164 1.189 1.175 1.159 1.165 1.182 1.217
2382.739 1.227 1.207 1.174 1.19 1.183 1.146 1.162 1.206 1.198 1.186
2402.032 1.213 1.203 1.198 1.217 1.23 1.217 1.204 1.22 1.234 1.219
2421.326 1.175 1.201 1.23 1.21 1.213 1.235 1.219 1.163 1.131 1.141
2440.619 1.145 1.104 1.14 1.164 1.12 1.106 1.105 1.127 1.14 1.119
2459.912 1.103 1.118 1.147 1.152 1.164 1.129 1.108 1.15 1.143 1.126
2479.206 1.117 1.121 1.15 1.157 1.173 1.217 1.213 1.175 1.142 1.141
2498.499 1.171 1.216 1.209 1.218 1.215 1.184 1.224 1.263 1.259 1.254
2517.793 1.341 1.347 1.303 1.346 1.37 1.383 1.413 1.4572 1.427 1.414
2537.086 1.434 1.431 1.468 1.497 1.4897 1.523 1.55157 1.5168 1.472 1.4646
2556.380 1.5075 1.519 1.55337 1.62632 1.60059 1.56731 1.59475 1.62627 1.6716 1.6696
2575.673 1.6552 1.6812 1.6986 1.682 1.6751 1.7185 1.7535 1.7411 1.7096 1.7779
2594.966 1.8329 1.8214 1.8358 1.8772 1.8851 1.8974 1.9474 1.9624 1.9659 1.9864
2614.260 2.0152 2.0366 2.0739 2.1487 2.1909 2.2022 2.2405 2.2452 2.2339 2.272
2633.553 2.3378 2.3901 2.4313 2.446 2.4827 2.56 2.61 2.5331 2.5231 2.65
2652.847 2.68 2.74 2.82 2.84 2.93 2.97 3.03 3.1 3.16 3.21
2672.140 3.17 3.21 3.2 3.2 3.31 3.32 3.29 3.28 3.23 3.23
2691.434 3.22 3.19 3.14 3.11 3.07 2.98 3.02 3.02 3.01 3.03
2710.727 2.98 2.98 3.07 3.1 3.17 3.25 3.21 3.23 3.31 3.35
2730.020 3.41 3.54 3.66 3.73 3.79 3.9 3.97 4.04 4.03 3.99
2749.314 4.01 4.08 4.11 4.06 4.09 4.2 4.27 4.3 4.33 4.41
2768.607 4.48 4.61 4.76 4.85 4.96 5.08 5.26 5.5 5.7 5.87
2787.901 6.1 6.34 6.6 6.93 7.24 7.52 7.85 8.16 8.52 8.96
2807.194 9.38 9.76 10.1 10.48 10.98 11.53 12.02 12.56 13.19 13.88
2826.488 14.65 15.49 16.4 17.44 18.68 20.15 21.89 23.96 26.53 29.65
2845.781 33.36 37.93 43.46 50.03 57.64 65.86 74.14 81.6 87.61 91.57
2865.074 93.19 92.87 91.08 88.4 85.29 82.28 79.69 77.69 76.51 75.56
2884.368 74.43 73.31 72.34 71.78 71.7 72.27 73.68 75.77 78.53 82
2903.661 86.23 91.13 96.67 103.2 110.6 118.85 128.47 139.68 152.55 167.08
2922.955 183.23 200.36 217.09 231.5 241.95 247.53 247.67 242.8 234.1 222.79
2942.248 209.79 196.14 182.7 170.13 158.79 149.21 141.78 136.42 132.8 130.62
2961.542 129.31 128.12 126.32 122.98 117.46 109.3 98.95 87.51 76.15 65.8
2980.835 56.78 49.32 43.17 38.01 33.9 30.45 27.38 24.73 22.48 20.68
3000.128 19.08 17.68 16.45 15.28 14.31 13.43 12.58 11.81 11.14 10.58
3019.422 10 9.54 9.15 8.71 8.44 8.12 7.67 7.31 7.04 6.77
3038.715 6.54 6.33 6.11 5.89 5.69 5.37 5.12 4.99 4.78 4.62
3058.009 4.52 4.38 4.27 4.16 4.02 3.96 3.82 3.73 3.76 3.61
3077.302 3.47 3.46 3.38 3.26 3.24 3.29 3.3 3.21 3.11 2.99
3096.596 2.99 2.97 2.75 2.58 2.56 2.58 2.427 2.443 2.5401 2.4033
3115.889 2.3225 2.2753 2.2045 2.1034 2.0994 2.179 2.1228 2.128 2.0969 2.057
3135.182 2.0184 1.9192 1.9559 1.9222 1.8213 1.8205 1.8125 1.7979 1.7294 1.663
3154.476 1.6706 1.62956 1.683 1.685 1.7063 1.7198 1.60963 1.58909 1.58582 1.59633
3173.769 1.62933 1.59842 1.57937 1.5628 1.55922 1.4931 1.42 1.5328 1.4738 1.307
3193.063 1.328 1.388 1.275 1.199 1.245 1.105 0.902 0.982 1.061 0.967
3212.356 0.888 0.876 0.959 0.835 0.801 0.823 0.684 0.742 0.854 0.758
3231.650 0.58 0.561 0.653 0.713 0.699 0.638 0.49 0.46 0.593 0.53
3250.943 0.44 0.53 0.44 0.43 0.52 0.51 0.51 0.46 0.44 0.42
3270.236 0.43 0.41 0.35 0.31 0.52 0.679 0.556 0.55 0.576 0.52
3289.530 0.46 0.47 0.54 0.5 0.39 0.39 0.45 0.51 0.54 0.46
3308.823 0.38 0.44 0.562 0.46 0.34 0.41 0.4 0.49 0.561 0.45
3328.117 0.19 0.12 0.27 0.42 0.649 0.658 0.43 0.44 0.44 0.38
3347.410 0.35 0.22 0.21 0.27 0.4 0.47 0.46 0.49 0.44 0.46
3366.704 0.44 0.47 0.574 0.59 0.616 0.665 0.734 0.711 0.57 0.583
3385.997 0.53 0.55 0.54 0.55 0.735 0.723 0.672 0.771 0.746 0.747
3405.290 0.936 0.851 0.727 0.837 0.93 0.949 0.99 1.039 1.088 1.201
3424.584 1.236 1.156 1.148 1.215 1.215 1.174 1.11 1.018 0.985 1.007
3443.877 0.935 0.822 0.779 0.595 0.44 0.55 0.51 0.41 0.35 0.33
3463.171 0.43 0.42 0.3 0.18 0.21 0.21 0.09 0.06 0.05 0.09
3482.464 0.21 0.08 0 0.18 0.19 0.13 0.18 0.21 0.11 0.01
3501.758 0.19 0.4 0.35 0.34 0.36 0.22 0.1 0.16 0.19 0.14
3521.051 0.22 0.22 0.17 0.14 0.09 0.12 0.14 0.2 0.32 0.26
3540.344 0.2 0.23 0.21 0.13 0.1 0.2 0.2 0.22 0.24 0.28
3559.638 0.17 0.15 0.3 0.16 0.05 0.16 0.28 0.24 0.26 0.23
3578.931 0.16 0.22 0.27 0.44 0.41 0.22 0.34 0.42 0.36 0.29
3598.225 0.26 0.37 0.47 0.44 0.44 0.47 0.44 0.5 0.52 0.44
3617.518 0.43 0.52 0.552 0.39 0.555 0.734 0.578 0.55 0.53 0.595
3636.812 0.661 0.666 0.626 0.612 0.52 0.53 0.607 0.573 0.55 0.49
3656.105 0.551 0.5 0.558 0.721 0.649 0.46 0.53 0.709 0.612 0.691
3675.398 0.744 0.663 0.73 0.671 0.553 0.625 0.763 0.75 0.67 0.642
3694.692 0.634 0.656 0.646 0.74 0.737 0.618 0.725 0.836 0.788 0.76
3713.985 0.742 0.741 0.79 0.765 0.639 0.5 0.54 0.598 0.588 0.586
3733.279 0.595 0.551 0.48 0.5 0.584 0.61 0.559 0.608 0.681 0.689
3752.572 0.649 0.662 0.675 0.634 0.701 0.686 0.597 0.611 0.589 0.583
3771.866 0.554 0.49 0.46 0.55 0.659 0.669 0.612 0.66 0.806 0.735
3791.159 0.598 0.595 0.654 0.696 0.693 0.677 0.767 0.754 0.707 0.802
3810.452 0.721 0.689 0.808 0.844 0.769 0.711 0.722 0.728 0.682 0.654
3829.746 0.572 0.53 0.664 0.73 0.735 0.644 0.629 0.786 0.783 0.76
3849.039 0.78 0.768 0.813 0.82 0.82 0.794 0.726 0.699 0.772 0.857
3868.333 0.766 0.67 0.664 0.702 0.719 0.763 0.824 0.715 0.704 0.732
3887.626 0.71 0.783 0.746 0.743 0.82 0.882 0.849 0.787 0.81 0.82
3906.920 0.814 0.813 0.847 0.859 0.829 0.799 0.765 0.786 0.812 0.753
3926.213 0.802 0.883 0.993 0.94 0.827 0.768 0.712 0.764 0.836 0.9
3945.506 0.872 0.816 0.829 0.833 0.756 0.759 0.754 0.778 0.953 0.994
3964.800 0.964 1.009 0.996 0.894 0.909 1.024 1.011 0.923 0.968 1.048
3984.093 1.094 1.098 1.106 1.146 1.077 1.115 1.17 1.101 1.101
##END=
