##TITLE=3-Hexanone
##JCAMP-DX=4.24
##DATA TYPE=INFRARED SPECTRUM
##ORIGIN=NIST Mass Spectrometry Data Center
##OWNER=NIST Standard Reference Data Program
Collection (C) 2018 copyright by the U.S. Secretary of Commerce
on behalf of the United States of America. All rights reserved.
##CAS REGISTRY NO=589-38-8
##MOLFORM=C 6 H 12 O
##$NIST SOURCE=MSDC-IR
##SPECTROMETER/DATA SYSTEM=HP-GC/MS/IRD
##STATE=gas
##XUNITS=1/CM
##YUNITS=ABSORBANCE
##XFACTOR=1.0
##YFACTOR=0.000001600
##DELTAX=4.0
##FIRSTX=550.0
##LASTX=3846.0
##FIRSTY=0.000546
##MAXX=3846
##MINX=550
##MAXY=0.016
##MINY=0
##NPOINTS=825
##XYDATA=(X++(Y..Y))
550.0 341 210 201 152 128 179 170 148 162 147
590.0 112 112 93 47 58 119 136 136 150 134
630.0 109 130 119 73 60 73 73 34 23 45
670.0 62 49 27 14 8 32 35 33 45 46
710.0 50 50 55 82 105 117 163 163 138 194
750.0 240 229 231 236 253 269 240 232 245 255
790.0 277 266 290 340 348 351 353 352 336 372
830.0 400 368 332 325 326 306 320 341 329 315
870.0 343 410 482 545 569 591 602 524 442 365
910.0 258 199 190 195 202 213 245 287 353 457
950.0 580 688 778 862 912 953 976 987 978 939
990.0 916 882 870 894 927 991 1073 1117 1128 1087
1030.0 1034 977 873 796 734 697 669 665 641 602
1070.0 605 629 684 776 919 1077 1228 1353 1474 1588
1110.0 1710 1890 2099 2240 2326 2405 2438 2377 2287 2236
1150.0 2231 2254 2308 2322 2255 2106 1901 1657 1391 1172
1190.0 971 820 720 664 626 610 653 689 703 717
1230.0 711 679 668 686 693 713 765 825 889 931
1270.0 945 946 960 953 932 898 860 854 884 933
1310.0 996 1094 1214 1335 1480 1647 1828 2050 2277 2507
1350.0 2671 2759 2781 2722 2576 2392 2213 2045 1872 1740
1390.0 1651 1576 1506 1465 1480 1531 1591 1642 1694 1754
1430.0 1779 1792 1825 1878 1956 2063 2180 2262 2224 2115
1470.0 1972 1776 1525 1248 1024 848 700 592 516 477
1510.0 418 357 329 302 265 241 241 239 208 170
1550.0 168 184 193 178 161 152 160 170 144 152
1590.0 169 154 155 159 160 166 181 196 201 204
1630.0 216 242 255 270 292 317 347 376 434 507
1670.0 614 736 871 1063 1334 1701 2251 2977 3883 4973
1710.0 6232 7542 8732 9586 10000 9982 9472 8472 7095 5569
1750.0 4152 2984 2112 1504 1111 857 666 531 430 352
1790.0 302 269 237 210 185 169 154 137 129 118
1830.0 102 101 98 92 82 72 75 69 64 67
1870.0 61 45 37 43 57 63 67 63 61 57
1910.0 58 60 44 29 28 39 38 34 36 32
1950.0 32 35 28 22 20 20 31 33 27 19
1990.0 15 16 18 35 34 24 33 42 38 40
2030.0 33 29 38 36 25 19 25 27 22 22
2070.0 13 10 14 24 24 20 33 34 33 24
2110.0 19 24 21 19 24 23 18 24 29 29
2150.0 30 31 34 39 26 8 18 31 29 16
2190.0 10 10 13 11 12 16 12 13 14 12
2230.0 16 14 5 0 6 13 22 26 38 45
2270.0 35 32 36 25 13 22 32 34 38 42
2310.0 36 37 41 44 50 60 54 46 54 52
2350.0 61 72 73 76 69 65 67 64 56 55
2390.0 58 51 50 50 47 36 28 46 61 60
2430.0 59 43 33 44 50 59 47 40 52 52
2470.0 48 47 43 44 51 50 44 41 41 28
2510.0 15 24 27 18 27 38 50 42 17 10
2550.0 17 32 42 36 44 60 40 33 61 62
2590.0 40 43 59 69 67 54 57 60 62 55
2630.0 46 41 58 77 72 74 78 95 91 83
2670.0 90 92 106 110 113 113 114 122 107 99
2710.0 100 103 120 138 152 178 202 221 234 244
2750.0 243 229 232 236 251 268 265 275 290 324
2790.0 357 380 416 446 487 522 563 615 674 735
2830.0 791 850 909 971 1069 1200 1345 1555 1820 2156
2870.0 2602 3162 3729 4214 4620 4930 5141 5269 5356 5440
2910.0 5540 5651 5786 5921 6096 6383 6813 7314 7758 8086
2950.0 8360 8625 8883 9187 9518 9756 9807 9616 9040 8092
2990.0 6996 5840 4699 3753 2998 2412 1997 1658 1410 1219
3030.0 1044 904 799 717 656 588 522 495 463 423
3070.0 411 402 370 356 361 337 314 295 286 281
3110.0 257 237 248 249 218 206 214 207 191 183
3150.0 176 165 158 163 151 158 167 160 142 132
3190.0 122 107 97 84 91 70 53 77 83 66
3230.0 60 74 47 25 45 63 49 26 27 40
3270.0 48 47 47 39 29 23 18 34 67 62
3310.0 25 10 49 61 43 45 52 50 42 63
3350.0 75 75 79 65 54 73 99 83 73 76
3390.0 84 112 107 102 121 168 201 210 203 222
3430.0 249 235 261 275 231 187 154 142 139 117
3470.0 107 108 98 96 104 108 86 78 64 52
3510.0 62 96 84 49 60 55 62 64 59 84
3550.0 93 63 46 58 62 64 79 65 50 63
3590.0 74 79 74 73 58 51 68 64 40 57
3630.0 103 101 72 78 102 83 67 69 72 84
3670.0 117 126 108 102 112 118 108 115 106 105
3710.0 104 76 74 75 53 37 81 122 122 125
3750.0 99 100 107 65 70 78 58 90 103 113
3790.0 136 111 80 90 107 107 91 94 115 99
3830.0 93 98 90 104 104
##END=
