##TITLE=ACETIC ACID, SULFO-, DIETHYL ESTER
##JCAMP-DX=4.24
##DATA TYPE=INFRARED SPECTRUM
##CLASS=COBLENTZ
##ORIGIN=TENNESSEE EASTMAN COMPANY, RESEARCH LABORATORIES
##OWNER=COBLENTZ SOCIETY
Collection (C) 2018 copyright by the U.S. Secretary of Commerce
on behalf of the United States of America. All rights reserved.
##DATE=Not specified, most likely prior to 1970
##NAMES=ethyl (ethoxysulfonyl)acetate
##CAS REGISTRY NO=59376-54-4
##MOLFORM=C6 H12 O5 S
##BP=116 C AT 0.5 mmHg
##SOURCE REFERENCE=COBLENTZ NO. 2206
##$NIST SOURCE=COBLENTZ
##$NIST IMAGE=cob2206
##SPECTROMETER/DATA SYSTEM=Not specified, most likely a prism, grating, or hybrid spectrometer.
##STATE=LIQUID
##PATH LENGTH=SMEAR
##SAMPLING PROCEDURE=TRANSMISSION
##RESOLUTION=4
##DATA PROCESSING=DIGITIZED BY NIST FROM HARD COPY
##XUNITS=MICROMETERS
##YUNITS=TRANSMITTANCE
##XFACTOR=1.000000
##YFACTOR=1
##DELTAX=000.006648
##FIRSTX=2.226
##LASTX=16.0136
##FIRSTY=0.983
##MAXX=16.0136
##MINX=2.226
##MAXY=0.983
##MINY=0.035
##NPOINTS=2075
##XYDATA=(X++(Y..Y))
2.226000 0.9830 0.9800 0.9780 0.9780 0.9760
2.259254 0.9760 0.9750 0.9750 0.9750 0.9750
2.292000 0.9750 0.9750 0.9750 0.9760 0.9760
2.325254 0.9760 0.9760 0.9780 0.9780 0.9800
2.359000 0.9800 0.9800 0.9800 0.9800 0.9780
2.392254 0.9780 0.9760 0.9760 0.9760 0.9760
2.425000 0.9760 0.9760 0.9780 0.9780 0.9780
2.458254 0.9800 0.9800 0.9800 0.9800 0.9800
2.492000 0.9810 0.9810 0.9810 0.9830 0.9830
2.525254 0.9830 0.9830 0.9810 0.9810 0.9810
2.558000 0.9810 0.9810 0.9810 0.9810 0.9810
2.591254 0.9810 0.9810 0.9810 0.9810 0.9810
2.625000 0.9810 0.9810 0.9810 0.9810 0.9810
2.658254 0.9810 0.9810 0.9800 0.9800 0.9780
2.691000 0.9760 0.9730 0.9710 0.9700 0.9650
2.724254 0.9630 0.9560 0.9530 0.9510 0.9500
2.758000 0.9460 0.9450 0.9430 0.9380 0.9360
2.791254 0.9330 0.9300 0.9260 0.9250 0.9250
2.824000 0.9230 0.9230 0.9210 0.9210 0.9210
2.857254 0.9200 0.9150 0.9080 0.9030 0.8950
2.891000 0.8930 0.8930 0.8930 0.8930 0.8950
2.924254 0.8980 0.9050 0.9060 0.9080 0.9080
2.957000 0.9100 0.9100 0.9100 0.9100 0.9100
2.990254 0.9100 0.9110 0.9110 0.9110 0.9110
3.024000 0.9110 0.9110 0.9110 0.9110 0.9110
3.057254 0.9110 0.9100 0.9100 0.9100 0.9100
3.090000 0.9100 0.9100 0.9100 0.9100 0.9080
3.123254 0.9080 0.9080 0.9060 0.9060 0.9060
3.157000 0.9050 0.9050 0.9030 0.9030 0.9030
3.190254 0.9030 0.9030 0.9010 0.9010 0.9000
3.223000 0.9000 0.8980 0.8950 0.8930 0.8880
3.256254 0.8800 0.8730 0.8650 0.8560 0.8430
3.290000 0.8130 0.7660 0.6830 0.5780 0.5350
3.323254 0.4910 0.4000 0.3960 0.4000 0.4480
3.356000 0.4860 0.5350 0.5410 0.5510 0.5760
3.389254 0.6100 0.6360 0.6610 0.6850 0.7110
3.423000 0.7260 0.7460 0.7710 0.7880 0.8010
3.456254 0.8100 0.8160 0.8210 0.8300 0.8410
3.489000 0.8560 0.8610 0.8710 0.8750 0.8800
3.522254 0.8830 0.8850 0.8880 0.8910 0.8910
3.556000 0.8960 0.9010 0.9080 0.9100 0.9110
3.589254 0.9110 0.9130 0.9130 0.9150 0.9150
3.622000 0.9150 0.9150 0.9150 0.9150 0.9150
3.655254 0.9160 0.9160 0.9200 0.9200 0.9210
3.689000 0.9210 0.9230 0.9230 0.9230 0.9230
3.722254 0.9230 0.9230 0.9250 0.9260 0.9260
3.755000 0.9260 0.9260 0.9260 0.9260 0.9260
3.788254 0.9260 0.9260 0.9260 0.9260 0.9260
3.821000 0.9260 0.9260 0.9260 0.9260 0.9260
3.854254 0.9260 0.9260 0.9260 0.9260 0.9260
3.888000 0.9260 0.9260 0.9260 0.9260 0.9260
3.921254 0.9250 0.9250 0.9250 0.9230 0.9200
3.954000 0.9180 0.9130 0.9130 0.9110 0.9110
3.987254 0.9110 0.9110 0.9110 0.9110 0.9130
4.021000 0.9160 0.9180 0.9200 0.9200 0.9200
4.054254 0.9200 0.9200 0.9200 0.9200 0.9210
4.087000 0.9230 0.9230 0.9250 0.9260 0.9260
4.120254 0.9260 0.9260 0.9260 0.9260 0.9260
4.154000 0.9260 0.9260 0.9260 0.9260 0.9260
4.187254 0.9260 0.9260 0.9280 0.9280 0.9300
4.220000 0.9300 0.9310 0.9310 0.9310 0.9300
4.253254 0.9280 0.9260 0.9250 0.9230 0.9210
4.287000 0.9210 0.9200 0.9200 0.9200 0.9180
4.320254 0.9160 0.9160 0.9150 0.9150 0.9150
4.353000 0.9150 0.9160 0.9180 0.9180 0.9200
4.386254 0.9210 0.9210 0.9230 0.9250 0.9250
4.420000 0.9250 0.9250 0.9250 0.9230 0.9230
4.453254 0.9230 0.9230 0.9230 0.9230 0.9230
4.486000 0.9230 0.9230 0.9230 0.9230 0.9230
4.519254 0.9230 0.9230 0.9230 0.9230 0.9230
4.553000 0.9250 0.9260 0.9260 0.9260 0.9300
4.586254 0.9300 0.9300 0.9300 0.9300 0.9300
4.619000 0.9280 0.9280 0.9280 0.9280 0.9280
4.652254 0.9280 0.9280 0.9280 0.9260 0.9250
4.686000 0.9230 0.9230 0.9210 0.9210 0.9210
4.719254 0.9210 0.9200 0.9200 0.9200 0.9200
4.752000 0.9200 0.9200 0.9200 0.9200 0.9200
4.785254 0.9200 0.9210 0.9210 0.9210 0.9210
4.819000 0.9210 0.9210 0.9230 0.9230 0.9230
4.852254 0.9230 0.9230 0.9230 0.9230 0.9230
4.885000 0.9250 0.9250 0.9250 0.9250 0.9250
4.918254 0.9230 0.9230 0.9250 0.9250 0.9250
4.952000 0.9230 0.9230 0.9230 0.9230 0.9230
4.985254 0.9230 0.9260 0.9280 0.9310 0.9300
5.018000 0.9260 0.9230 0.9200 0.9200 0.9180
5.051254 0.9160 0.9160 0.9150 0.9130 0.9130
5.085000 0.9110 0.9100 0.9100 0.9100 0.9110
5.118254 0.9110 0.9130 0.9130 0.9130 0.9130
5.151000 0.9150 0.9150 0.9150 0.9150 0.9150
5.184254 0.9150 0.9130 0.9110 0.9080 0.9080
5.217000 0.9060 0.9060 0.9050 0.9030 0.9030
5.250254 0.9030 0.9010 0.9010 0.9010 0.9010
5.284000 0.9010 0.9000 0.8960 0.8960 0.8950
5.317254 0.8950 0.8930 0.8930 0.8910 0.8900
5.350000 0.8880 0.8830 0.8800 0.8780 0.8780
5.383254 0.8780 0.8800 0.8810 0.8810 0.8810
5.417000 0.8780 0.8780 0.8760 0.8760 0.8750
5.450254 0.8730 0.8710 0.8700 0.8680 0.8630
5.483000 0.8600 0.8600 0.8560 0.8550 0.8510
5.516254 0.8450 0.8430 0.8350 0.8330 0.8260
5.550000 0.8210 0.8150 0.8080 0.8010 0.7930
5.583254 0.7850 0.7710 0.7580 0.7410 0.7200
5.616000 0.6950 0.6750 0.6160 0.5310 0.4810
5.649254 0.4310 0.3260 0.2260 0.1450 0.0880
5.683000 0.0680 0.0560 0.0500 0.0410 0.0380
5.716254 0.0380 0.0400 0.0460 0.0580 0.0910
5.749000 0.1130 0.1600 0.2180 0.2600 0.2730
5.782254 0.2810 0.3230 0.3630 0.4030 0.4430
5.816000 0.4830 0.5480 0.5750 0.5930 0.6010
5.849254 0.6030 0.6100 0.6180 0.6260 0.6350
5.882000 0.6510 0.6680 0.6900 0.7010 0.7160
5.915254 0.7210 0.7250 0.7280 0.7310 0.7360
5.949000 0.7450 0.7560 0.7600 0.7630 0.7650
5.982254 0.7700 0.7730 0.7780 0.7830 0.7860
6.015000 0.7900 0.7900 0.7950 0.7960 0.7980
6.048254 0.7980 0.8000 0.8000 0.8010 0.8010
6.082000 0.8010 0.8030 0.8050 0.8060 0.8080
6.115254 0.8100 0.8110 0.8110 0.8130 0.8150
6.148000 0.8200 0.8210 0.8230 0.8230 0.8250
6.181254 0.8260 0.8310 0.8360 0.8400 0.8410
6.215000 0.8430 0.8450 0.8480 0.8510 0.8530
6.248254 0.8560 0.8580 0.8600 0.8600 0.8610
6.281000 0.8610 0.8630 0.8630 0.8630 0.8630
6.314254 0.8630 0.8630 0.8610 0.8610 0.8600
6.348000 0.8600 0.8600 0.8580 0.8580 0.8560
6.381254 0.8560 0.8550 0.8550 0.8500 0.8450
6.414000 0.8450 0.8500 0.8600 0.8600 0.8560
6.447254 0.8550 0.8510 0.8480 0.8430 0.8410
6.481000 0.8410 0.8430 0.8450 0.8500 0.8510
6.514254 0.8500 0.8480 0.8460 0.8410 0.8380
6.547000 0.8350 0.8330 0.8330 0.8330 0.8380
6.580254 0.8400 0.8400 0.8360 0.8330 0.8300
6.613000 0.8260 0.8260 0.8260 0.8260 0.8250
6.646254 0.8230 0.8200 0.8150 0.8060 0.7960
6.680000 0.7780 0.7580 0.7310 0.7030 0.6710
6.713254 0.6410 0.6110 0.6010 0.5860 0.5710
6.746000 0.5560 0.5480 0.5460 0.5460 0.5480
6.779254 0.5500 0.5600 0.5750 0.5880 0.5980
6.813000 0.6010 0.6010 0.6010 0.6010 0.5900
6.846254 0.5660 0.5550 0.5460 0.5360 0.5310
6.879000 0.5310 0.5360 0.5650 0.5900 0.6080
6.912254 0.6260 0.6410 0.6580 0.6730 0.6900
6.946000 0.7000 0.7080 0.7080 0.7100 0.7100
6.979254 0.7100 0.7030 0.6960 0.6860 0.6730
7.012000 0.6580 0.6410 0.6210 0.6010 0.5780
7.045254 0.5550 0.5280 0.5030 0.4900 0.4760
7.079000 0.4500 0.4210 0.3950 0.3680 0.3410
7.112254 0.3160 0.2910 0.2680 0.2450 0.2300
7.145000 0.2100 0.2010 0.1960 0.1860 0.1810
7.178254 0.1750 0.1630 0.1550 0.1410 0.1250
7.212000 0.1060 0.0900 0.0750 0.0630 0.0550
7.245254 0.0450 0.0400 0.0360 0.0360 0.0350
7.278000 0.0350 0.0350 0.0350 0.0360 0.0360
7.311254 0.0380 0.0380 0.0400 0.0400 0.0400
7.345000 0.0410 0.0430 0.0480 0.0530 0.0630
7.378254 0.0710 0.0830 0.0960 0.1110 0.1280
7.411000 0.1500 0.1730 0.2010 0.2310 0.2510
7.444254 0.2750 0.3010 0.3260 0.3510 0.3730
7.478000 0.3880 0.4010 0.4050 0.4050 0.4010
7.511254 0.3900 0.3730 0.3450 0.3200 0.2910
7.544000 0.2660 0.2450 0.2260 0.2110 0.2000
7.577254 0.1900 0.1810 0.1750 0.1680 0.1630
7.611000 0.1580 0.1510 0.1450 0.1350 0.1300
7.644254 0.1250 0.1200 0.1150 0.1110 0.1100
7.677000 0.1080 0.1060 0.1050 0.1010 0.1010
7.710254 0.1000 0.1000 0.0980 0.0980 0.0980
7.744000 0.1000 0.1000 0.1000 0.1010 0.1080
7.777254 0.1130 0.1180 0.1230 0.1310 0.1380
7.810000 0.1460 0.1560 0.1660 0.1760 0.1880
7.843254 0.2010 0.2130 0.2280 0.2410 0.2580
7.877000 0.2700 0.2810 0.2900 0.3000 0.3100
7.910254 0.3200 0.3330 0.3400 0.3450 0.3550
7.943000 0.3560 0.3600 0.3660 0.3660 0.3680
7.976254 0.3680 0.3680 0.3700 0.3700 0.3700
8.009000 0.3700 0.3700 0.3680 0.3680 0.3660
8.042254 0.3650 0.3630 0.3610 0.3610 0.3600
8.076000 0.3600 0.3600 0.3600 0.3600 0.3600
8.109254 0.3600 0.3610 0.3630 0.3650 0.3660
8.142000 0.3680 0.3700 0.3730 0.3750 0.3750
8.175254 0.3760 0.3780 0.3780 0.3810 0.3830
8.209000 0.3830 0.3830 0.3830 0.3830 0.3800
8.242254 0.3800 0.3800 0.3810 0.3830 0.3850
8.275000 0.3880 0.3880 0.3880 0.3880 0.3830
8.308254 0.3800 0.3780 0.3710 0.3650 0.3550
8.342000 0.3450 0.3330 0.3160 0.2980 0.2750
8.375254 0.2480 0.2180 0.1850 0.1460 0.1030
8.408000 0.0800 0.0650 0.0530 0.0450 0.0380
8.441254 0.0350 0.0350 0.0350 0.0350 0.0350
8.475000 0.0350 0.0350 0.0360 0.0360 0.0360
8.508254 0.0380 0.0430 0.0480 0.0560 0.0630
8.541000 0.0730 0.0830 0.0930 0.1050 0.1150
8.574254 0.1260 0.1380 0.1480 0.1580 0.1680
8.608000 0.1750 0.1830 0.1900 0.1980 0.2030
8.641254 0.2100 0.2150 0.2210 0.2250 0.2280
8.674000 0.2280 0.2300 0.2310 0.2310 0.2360
8.707254 0.2380 0.2380 0.2400 0.2400 0.2400
8.741000 0.2400 0.2380 0.2360 0.2350 0.2330
8.774254 0.2300 0.2250 0.2200 0.2160 0.2110
8.807000 0.2080 0.2060 0.2030 0.2010 0.1980
8.840254 0.1980 0.1980 0.1980 0.1980 0.1980
8.874000 0.2000 0.2010 0.2050 0.2080 0.2110
8.907254 0.2160 0.2260 0.2360 0.2450 0.2550
8.940000 0.2660 0.2810 0.2980 0.3160 0.3330
8.973254 0.3480 0.3600 0.3730 0.3850 0.3960
9.007000 0.4060 0.4150 0.4180 0.4200 0.4230
9.040254 0.4230 0.4250 0.4250 0.4250 0.4260
9.073000 0.4260 0.4300 0.4300 0.4310 0.4380
9.106254 0.4530 0.4760 0.4960 0.5380 0.5580
9.140000 0.5760 0.5910 0.6060 0.6200 0.6300
9.173254 0.6400 0.6500 0.6560 0.6650 0.6710
9.206000 0.6760 0.6810 0.6860 0.6910 0.6960
9.239254 0.7000 0.7010 0.7030 0.7060 0.7100
9.273000 0.7100 0.7110 0.7130 0.7130 0.7150
9.306254 0.7150 0.7150 0.7160 0.7160 0.7180
9.339000 0.7200 0.7200 0.7200 0.7200 0.7200
9.372254 0.7200 0.7200 0.7200 0.7180 0.7150
9.406000 0.7110 0.7080 0.7060 0.7030 0.7010
9.439254 0.6960 0.6910 0.6860 0.6830 0.6760
9.472000 0.6650 0.6560 0.6500 0.6430 0.6380
9.505254 0.6310 0.6250 0.6160 0.6050 0.5960
9.538000 0.5850 0.5710 0.5630 0.5500 0.5330
9.571254 0.5150 0.5050 0.4930 0.4710 0.4460
9.605000 0.4210 0.3960 0.3710 0.3450 0.3200
9.638254 0.2950 0.2730 0.2510 0.2310 0.2150
9.671000 0.2000 0.1900 0.1830 0.1780 0.1730
9.704254 0.1710 0.1700 0.1700 0.1700 0.1730
9.738000 0.1750 0.1850 0.1930 0.2030 0.2100
9.771254 0.2180 0.2260 0.2330 0.2350 0.2410
9.804000 0.2430 0.2430 0.2430 0.2410 0.2380
9.837254 0.2330 0.2230 0.2130 0.2010 0.1900
9.871000 0.1760 0.1630 0.1500 0.1360 0.1280
9.904254 0.1180 0.1110 0.1030 0.0980 0.0950
9.937000 0.0880 0.0860 0.0860 0.0860 0.0880
9.970254 0.0880 0.0910 0.0980 0.1010 0.1100
10.004000 0.1180 0.1280 0.1400 0.1510 0.1660
10.037254 0.1810 0.1980 0.2150 0.2330 0.2510
10.070000 0.2700 0.2900 0.3100 0.3300 0.3500
10.103254 0.3700 0.3900 0.4110 0.4310 0.4500
10.137000 0.4700 0.4880 0.5230 0.5380 0.5530
10.170254 0.5680 0.5810 0.5910 0.6050 0.6150
10.203000 0.6250 0.6330 0.6400 0.6460 0.6530
10.236254 0.6580 0.6610 0.6660 0.6700 0.6730
10.270000 0.6750 0.6780 0.6810 0.6830 0.6860
10.303254 0.6880 0.6880 0.6900 0.6900 0.6900
10.336000 0.6900 0.6900 0.6880 0.6880 0.6860
10.369254 0.6800 0.6750 0.6660 0.6610 0.6550
10.403000 0.6480 0.6400 0.6300 0.6200 0.6100
10.436254 0.5980 0.5860 0.5750 0.5600 0.5450
10.469000 0.5350 0.5210 0.5080 0.5010 0.4950
10.502254 0.4800 0.4630 0.4460 0.4300 0.4110
10.536000 0.3930 0.3750 0.3550 0.3360 0.3150
10.569254 0.2950 0.2750 0.2530 0.2330 0.2110
10.602000 0.1900 0.1680 0.1560 0.1430 0.1300
10.635254 0.1160 0.1050 0.0950 0.0860 0.0850
10.669000 0.0760 0.0730 0.0660 0.0610 0.0600
10.702254 0.0560 0.0550 0.0510 0.0500 0.0500
10.735000 0.0480 0.0460 0.0460 0.0460 0.0460
10.768254 0.0480 0.0480 0.0500 0.0500 0.0500
10.802000 0.0510 0.0510 0.0530 0.0530 0.0550
10.835254 0.0550 0.0580 0.0630 0.0650 0.0660
10.868000 0.0680 0.0700 0.0710 0.0730 0.0760
10.901254 0.0780 0.0800 0.0830 0.0830 0.0850
10.934000 0.0860 0.0880 0.0900 0.0930 0.0960
10.967254 0.1010 0.1060 0.1110 0.1180 0.1260
11.001000 0.1330 0.1410 0.1510 0.1610 0.1710
11.034254 0.1810 0.1930 0.2050 0.2180 0.2310
11.067000 0.2450 0.2580 0.2710 0.2860 0.3010
11.100254 0.3160 0.3330 0.3500 0.3650 0.3810
11.134000 0.4000 0.4160 0.4330 0.4500 0.4660
11.167254 0.4810 0.4960 0.5250 0.5380 0.5510
11.200000 0.5630 0.5750 0.5860 0.5960 0.6060
11.233254 0.6160 0.6260 0.6350 0.6410 0.6500
11.267000 0.6560 0.6610 0.6660 0.6710 0.6760
11.300254 0.6830 0.6880 0.6950 0.7000 0.7030
11.333000 0.7050 0.7080 0.7100 0.7110 0.7130
11.366254 0.7150 0.7180 0.7210 0.7210 0.7230
11.400000 0.7230 0.7250 0.7260 0.7260 0.7260
11.433254 0.7260 0.7260 0.7260 0.7260 0.7260
11.466000 0.7260 0.7260 0.7250 0.7230 0.7210
11.499254 0.7210 0.7210 0.7200 0.7200 0.7200
11.533000 0.7200 0.7180 0.7160 0.7150 0.7130
11.566254 0.7100 0.7050 0.7050 0.7010 0.7000
11.599000 0.7000 0.6950 0.6930 0.6900 0.6900
11.632254 0.6860 0.6830 0.6780 0.6750 0.6660
11.666000 0.6600 0.6550 0.6500 0.6460 0.6400
11.699254 0.6350 0.6260 0.6200 0.6130 0.6080
11.732000 0.6010 0.5980 0.5930 0.5900 0.5850
11.765254 0.5810 0.5780 0.5730 0.5680 0.5630
11.799000 0.5600 0.5560 0.5510 0.5510 0.5500
11.832254 0.5500 0.5480 0.5460 0.5450 0.5450
11.865000 0.5450 0.5430 0.5430 0.5430 0.5410
11.898254 0.5410 0.5400 0.5400 0.5380 0.5380
11.932000 0.5350 0.5330 0.5310 0.5300 0.5280
11.965254 0.5260 0.5250 0.5230 0.5210 0.5210
11.998000 0.5210 0.5200 0.5200 0.5200 0.5200
12.031254 0.5200 0.5200 0.5200 0.5210 0.5230
12.065000 0.5230 0.5250 0.5250 0.5280 0.5280
12.098254 0.5300 0.5310 0.5310 0.5310 0.5310
12.131000 0.5310 0.5310 0.5300 0.5300 0.5280
12.164254 0.5260 0.5250 0.5230 0.5210 0.5180
12.198000 0.5150 0.5130 0.5110 0.5080 0.5010
12.231254 0.5000 0.4980 0.4960 0.4930 0.4880
12.264000 0.4850 0.4810 0.4800 0.4710 0.4680
12.297254 0.4660 0.4660 0.4650 0.4630 0.4610
12.330000 0.4580 0.4580 0.4560 0.4510 0.4500
12.363254 0.4500 0.4480 0.4480 0.4480 0.4460
12.397000 0.4460 0.4450 0.4450 0.4430 0.4430
12.430254 0.4430 0.4430 0.4450 0.4450 0.4450
12.463000 0.4450 0.4460 0.4460 0.4460 0.4480
12.496254 0.4500 0.4510 0.4510 0.4530 0.4550
12.530000 0.4580 0.4610 0.4630 0.4650 0.4680
12.563254 0.4710 0.4760 0.4800 0.4830 0.4860
12.596000 0.4910 0.4960 0.5060 0.5110 0.5160
12.629254 0.5210 0.5260 0.5310 0.5360 0.5410
12.663000 0.5460 0.5510 0.5560 0.5610 0.5650
12.696254 0.5660 0.5710 0.5750 0.5800 0.5810
12.729000 0.5810 0.5830 0.5860 0.5860 0.5900
12.762254 0.5930 0.5950 0.5960 0.5980 0.5980
12.796000 0.6000 0.6010 0.6010 0.6010 0.6010
12.829254 0.6010 0.6010 0.6010 0.6010 0.6010
12.862000 0.6010 0.6010 0.6010 0.6010 0.6010
12.895254 0.6000 0.6000 0.6000 0.6000 0.5980
12.929000 0.5980 0.5980 0.5980 0.5980 0.5960
12.962254 0.5960 0.5930 0.5910 0.5910 0.5910
12.995000 0.5900 0.5900 0.5900 0.5900 0.5900
13.028254 0.5900 0.5910 0.5910 0.5930 0.5930
13.062000 0.5950 0.5960 0.5960 0.5980 0.5980
13.095254 0.6000 0.6000 0.6010 0.6010 0.6010
13.128000 0.6030 0.6050 0.6050 0.6060 0.6060
13.161254 0.6080 0.6100 0.6110 0.6130 0.6150
13.195000 0.6160 0.6180 0.6200 0.6210 0.6210
13.228254 0.6230 0.6250 0.6250 0.6260 0.6280
13.261000 0.6280 0.6300 0.6310 0.6330 0.6350
13.294254 0.6360 0.6400 0.6410 0.6430 0.6450
13.328000 0.6450 0.6460 0.6460 0.6480 0.6500
13.361254 0.6530 0.6530 0.6550 0.6550 0.6580
13.394000 0.6580 0.6610 0.6630 0.6650 0.6650
13.427254 0.6660 0.6660 0.6680 0.6680 0.6700
13.461000 0.6700 0.6710 0.6710 0.6730 0.6730
13.494254 0.6750 0.6750 0.6750 0.6750 0.6750
13.527000 0.6750 0.6750 0.6750 0.6750 0.6750
13.560254 0.6750 0.6730 0.6730 0.6710 0.6710
13.594000 0.6700 0.6680 0.6660 0.6630 0.6630
13.627254 0.6610 0.6600 0.6580 0.6530 0.6510
13.660000 0.6500 0.6480 0.6480 0.6460 0.6400
13.693254 0.6380 0.6350 0.6310 0.6300 0.6280
13.726000 0.6260 0.6250 0.6230 0.6230 0.6210
13.759254 0.6200 0.6200 0.6180 0.6160 0.6150
13.793000 0.6150 0.6130 0.6130 0.6110 0.6110
13.826254 0.6110 0.6110 0.6110 0.6100 0.6100
13.859000 0.6100 0.6100 0.6110 0.6130 0.6180
13.892254 0.6200 0.6200 0.6210 0.6230 0.6260
13.926000 0.6280 0.6300 0.6330 0.6360 0.6380
13.959254 0.6400 0.6410 0.6430 0.6430 0.6450
13.992000 0.6460 0.6500 0.6530 0.6560 0.6580
14.025254 0.6580 0.6600 0.6600 0.6610 0.6630
14.059000 0.6650 0.6680 0.6700 0.6730 0.6780
14.092254 0.6780 0.6800 0.6810 0.6810 0.6810
14.125000 0.6830 0.6850 0.6850 0.6860 0.6860
14.158254 0.6880 0.6880 0.6900 0.6900 0.6910
14.192000 0.6930 0.6950 0.6950 0.6960 0.6980
14.225254 0.7000 0.7000 0.7000 0.7010 0.7010
14.258000 0.7010 0.7030 0.7030 0.7030 0.7050
14.291254 0.7050 0.7060 0.7060 0.7060 0.7080
14.325000 0.7080 0.7080 0.7100 0.7100 0.7100
14.358254 0.7100 0.7100 0.7100 0.7100 0.7100
14.391000 0.7100 0.7100 0.7100 0.7080 0.7080
14.424254 0.7080 0.7080 0.7080 0.7080 0.7080
14.458000 0.7080 0.7080 0.7080 0.7080 0.7080
14.491254 0.7080 0.7060 0.7060 0.7060 0.7060
14.524000 0.7050 0.7050 0.7050 0.7050 0.7030
14.557254 0.7030 0.7010 0.7010 0.7000 0.7000
14.591000 0.6980 0.6980 0.6960 0.6960 0.6950
14.624254 0.6950 0.6930 0.6910 0.6910 0.6900
14.657000 0.6900 0.6880 0.6880 0.6880 0.6880
14.690254 0.6880 0.6880 0.6860 0.6860 0.6860
14.724000 0.6850 0.6850 0.6830 0.6830 0.6810
14.757254 0.6810 0.6800 0.6780 0.6760 0.6750
14.790000 0.6730 0.6710 0.6710 0.6710 0.6700
14.823254 0.6700 0.6680 0.6660 0.6660 0.6630
14.857000 0.6630 0.6630 0.6610 0.6610 0.6600
14.890254 0.6560 0.6560 0.6550 0.6530 0.6500
14.923000 0.6480 0.6460 0.6430 0.6410 0.6410
14.956254 0.6400 0.6400 0.6400 0.6400 0.6400
14.990000 0.6400 0.6380 0.6360 0.6360 0.6350
15.023254 0.6330 0.6310 0.6310 0.6300 0.6300
15.056000 0.6280 0.6280 0.6260 0.6250 0.6250
15.089254 0.6230 0.6210 0.6210 0.6200 0.6180
15.123000 0.6160 0.6160 0.6150 0.6130 0.6110
15.156254 0.6100 0.6080 0.6060 0.6050 0.6010
15.189000 0.6010 0.6000 0.5980 0.5980 0.5980
15.222254 0.5960 0.5960 0.5960 0.5950 0.5950
15.255000 0.5930 0.5930 0.5930 0.5900 0.5900
15.288254 0.5880 0.5860 0.5860 0.5850 0.5830
15.322000 0.5830 0.5810 0.5810 0.5800 0.5800
15.355254 0.5780 0.5760 0.5750 0.5730 0.5710
15.388000 0.5700 0.5700 0.5680 0.5660 0.5660
15.421254 0.5650 0.5630 0.5630 0.5610 0.5610
15.455000 0.5600 0.5580 0.5550 0.5550 0.5530
15.488254 0.5530 0.5510 0.5500 0.5480 0.5450
15.521000 0.5450 0.5430 0.5430 0.5410 0.5410
15.554254 0.5410 0.5400 0.5380 0.5360 0.5350
15.588000 0.5300 0.5280 0.5260 0.5260 0.5250
15.621254 0.5250 0.5230 0.5200 0.5160 0.5130
15.654000 0.5110 0.5110 0.5100 0.5080 0.5060
15.687254 0.5060 0.5050 0.5030 0.5010 0.5000
15.721000 0.5000 0.5000 0.4980 0.4960 0.4950
15.754254 0.4930 0.4930 0.4910 0.4900 0.4900
15.787000 0.4880 0.4860 0.4850 0.4850 0.4850
15.820254 0.4830 0.4810 0.4810 0.4800 0.4780
15.854000 0.4780 0.4760 0.4750 0.4730 0.4730
15.887254 0.4730 0.4710 0.4710 0.4700 0.4680
15.920000 0.4680 0.4680 0.4680 0.4660 0.4660
15.953254 0.4660 0.4660 0.4660 0.4660 0.4660
15.987000 0.4660 0.4660 0.4680 0.4700 0.4700
##END=
