##TITLE=(p-Aminobenzoyl)acetonitrile
##JCAMP-DX=4.24
##DATA TYPE=INFRARED SPECTRUM
##CLASS=COBLENTZ III
##ORIGIN=DOW CHEMICAL COMPANY
##OWNER=COBLENTZ SOC.
Collection (C) 2018 copyright by the U.S. Secretary of Commerce
on behalf of the United States of America. All rights reserved.
##DATE=1966/04/20
##NAMES=3-(4-aminophenyl)-3-oxopropanenitrile
##CAS REGISTRY NO=59443-94-6
##MOLFORM=C9 H8 N2 O
##MP=158 C
##SOURCE REFERENCE=COBLENTZ NO. 06483
##$NIST SOURCE=COBLENTZ
##$NIST IMAGE=cob6483
##SPECTROMETER/DATA SYSTEM=BECKMAN IR-9 (GRATING)
##INSTRUMENT PARAMETERS=ORDER CHANGES: 670, 1200, 2000 CM^-^1
##STATE=SOLID (SPLIT MULL)
$$SPECTRAL CONTAMINATION DUE TO AN UNKNOWN AROUND 400 CM^-^1
##SAMPLING PROCEDURE=TRANSMISSION
##RESOLUTION=2
##DATA PROCESSING=DIGITIZED BY COBLENTZ SOCIETY (BATCH I) FROM HARD COPY
##XUNITS=1/CM
##YUNITS=TRANSMITTANCE
##XLABEL=Wavenumbers (cm-1)
##YLABEL=% Transmission
##XFACTOR=1
##YFACTOR=1
##DELTAX=1
##FIRSTX=390
##LASTX=3798
##FIRSTY=0.8634
##MAXX=3798
##MINX=390
##MAXY=0.8925
##MINY=0.0768
##NPOINTS=3409
##XYDATA=(X++(Y..Y))
390.000000 0.8634 0.8604 0.8210 0.8128 0.8048
395.000000 0.7668 0.7288 0.7037 0.6786 0.6535
400.000000 0.6414 0.6369 0.6334 0.6317 0.6301
405.000000 0.6285 0.6273 0.6265 0.6257 0.6252
410.000000 0.6247 0.6242 0.6240 0.6240 0.6239
415.000000 0.6238 0.6245 0.6252 0.6260 0.6268
420.000000 0.6276 0.6275 0.6254 0.6227 0.6196
425.000000 0.6173 0.6162 0.6154 0.6170 0.6214
430.000000 0.6279 0.6585 0.6691 0.6764 0.6825
435.000000 0.6883 0.6938 0.6991 0.7038 0.7083
440.000000 0.7110 0.7137 0.7164 0.7189 0.7201
445.000000 0.7215 0.7228 0.7242 0.7255 0.7268
450.000000 0.7281 0.7294 0.7306 0.7317 0.7328
455.000000 0.7339 0.7347 0.7355 0.7362 0.7362
460.000000 0.7362 0.7362 0.7362 0.7362 0.7386
465.000000 0.7358 0.7358 0.7350 0.7330 0.7303
470.000000 0.7268 0.7230 0.7185 0.7139 0.7089
475.000000 0.7039 0.6986 0.6945 0.6919 0.6928
480.000000 0.6905 0.7131 0.7321 0.7339 0.7337
485.000000 0.7335 0.7312 0.7251 0.7104 0.6881
490.000000 0.6772 0.6708 0.6621 0.6580 0.6562
495.000000 0.6561 0.6546 0.6575 0.6634 0.6818
500.000000 0.7004 0.7189 0.7301 0.7344 0.7383
505.000000 0.7419 0.7449 0.7458 0.7468 0.7475
510.000000 0.7475 0.7461 0.7471 0.7468 0.7465
515.000000 0.7461 0.7453 0.7445 0.7437 0.7430
520.000000 0.7422 0.7415 0.7404 0.7390 0.7375
525.000000 0.7361 0.7348 0.7336 0.7322 0.7311
530.000000 0.7298 0.7286 0.7276 0.7269 0.7262
535.000000 0.7256 0.7249 0.7242 0.7237 0.7234
540.000000 0.7231 0.7228 0.7225 0.7221 0.7218
545.000000 0.7217 0.7217 0.7218 0.7218 0.7218
550.000000 0.7218 0.7218 0.7219 0.7219 0.7218
555.000000 0.7217 0.7215 0.7212 0.7211 0.7208
560.000000 0.7207 0.7201 0.7190 0.7180 0.7158
565.000000 0.7057 0.6787 0.6478 0.6170 0.6055
570.000000 0.6025 0.6018 0.6031 0.6320 0.6617
575.000000 0.6858 0.6951 0.7044 0.7135 0.7241
580.000000 0.7304 0.7361 0.7396 0.7422 0.7442
585.000000 0.7461 0.7480 0.7497 0.7514 0.7530
590.000000 0.7543 0.7557 0.7569 0.7583 0.7593
595.000000 0.7603 0.7614 0.7622 0.7628 0.7635
600.000000 0.7641 0.7641 0.7662 0.7631 0.7618
605.000000 0.7599 0.7572 0.7526 0.7467 0.7405
610.000000 0.7343 0.7207 0.7098 0.7018 0.6971
615.000000 0.6951 0.6947 0.6976 0.7438 0.7761
620.000000 0.8084 0.8353 0.8417 0.8447 0.8460
625.000000 0.8471 0.8478 0.8478 0.8483 0.8470
630.000000 0.8461 0.8453 0.8433 0.8405 0.8377
635.000000 0.8035 0.7707 0.7672 0.7661 0.7699
640.000000 0.7650 0.8236 0.8405 0.8425 0.8438
645.000000 0.8443 0.8447 0.8448 0.8447 0.8446
650.000000 0.8443 0.8440 0.8436 0.8431 0.8427
655.000000 0.8421 0.8417 0.8411 0.8404 0.8396
660.000000 0.8388 0.8380 0.8371 0.8363 0.8355
665.000000 0.8347 0.8339 0.8332 0.8328 0.8325
670.000000 0.8321 0.8318 0.8316 0.8317 0.8317
675.000000 0.8321 0.8325 0.8330 0.8333 0.8337
680.000000 0.8339 0.8340 0.8341 0.8342 0.8342
685.000000 0.8343 0.8344 0.8344 0.8345 0.8346
690.000000 0.8346 0.8346 0.8345 0.8344 0.8343
695.000000 0.8342 0.8341 0.8340 0.8339 0.8337
700.000000 0.8335 0.8333 0.8332 0.8330 0.8325
705.000000 0.8321 0.8315 0.8305 0.8283 0.8262
710.000000 0.8237 0.8206 0.8160 0.8115 0.8068
715.000000 0.8021 0.7975 0.7919 0.7856 0.7675
720.000000 0.7526 0.7465 0.7453 0.7451 0.7464
725.000000 0.7448 0.7497 0.7518 0.7556 0.7618
730.000000 0.7717 0.7839 0.7891 0.7917 0.7932
735.000000 0.7942 0.7954 0.7971 0.8001 0.8038
740.000000 0.8080 0.8137 0.8193 0.8242 0.8291
745.000000 0.8325 0.8355 0.8384 0.8404 0.8424
750.000000 0.8444 0.8459 0.8466 0.8473 0.8478
755.000000 0.8480 0.8482 0.8483 0.8485 0.8486
760.000000 0.8488 0.8489 0.8490 0.8491 0.8492
765.000000 0.8494 0.8497 0.8499 0.8502 0.8505
770.000000 0.8507 0.8510 0.8512 0.8517 0.8521
775.000000 0.8525 0.8528 0.8536 0.8544 0.8552
780.000000 0.8560 0.8561 0.8561 0.8561 0.8567
785.000000 0.8550 0.8533 0.8517 0.8496 0.8474
790.000000 0.8453 0.8432 0.8409 0.8386 0.8370
795.000000 0.8355 0.8354 0.8354 0.8425 0.8509
800.000000 0.8563 0.8602 0.8628 0.8643 0.8652
805.000000 0.8660 0.8642 0.8654 0.8650 0.8642
810.000000 0.8633 0.8613 0.8574 0.8506 0.8421
815.000000 0.8330 0.8167 0.8036 0.7935 0.7826
820.000000 0.7718 0.7517 0.7315 0.7164 0.7062
825.000000 0.6907 0.6624 0.6462 0.6037 0.5516
830.000000 0.4995 0.4475 0.4471 0.4467 0.4498
835.000000 0.4772 0.5046 0.5320 0.5594 0.5883
840.000000 0.6044 0.6120 0.6300 0.6596 0.6891
845.000000 0.7117 0.7506 0.7738 0.7958 0.8087
850.000000 0.8178 0.8236 0.8271 0.8307 0.8330
855.000000 0.8349 0.8367 0.8386 0.8399 0.8407
860.000000 0.8416 0.8424 0.8430 0.8434 0.8437
865.000000 0.8441 0.8445 0.8449 0.8449 0.8449
870.000000 0.8448 0.8448 0.8447 0.8447 0.8446
875.000000 0.8443 0.8438 0.8433 0.8428 0.8423
880.000000 0.8418 0.8414 0.8406 0.8398 0.8391
885.000000 0.8383 0.8375 0.8367 0.8358 0.8344
890.000000 0.8330 0.8315 0.8300 0.8285 0.8274
895.000000 0.8266 0.8258 0.8250 0.8242 0.8234
900.000000 0.8225 0.8215 0.8204 0.8193 0.8182
905.000000 0.8171 0.8153 0.8128 0.8101 0.8075
910.000000 0.8040 0.8001 0.7961 0.7918 0.7874
915.000000 0.7828 0.7784 0.7725 0.7657 0.7589
920.000000 0.7512 0.7424 0.7330 0.7236 0.7151
925.000000 0.6817 0.6296 0.5572 0.5510 0.5493
930.000000 0.5490 0.5506 0.5525 0.6269 0.7228
935.000000 0.7325 0.7461 0.7598 0.7681 0.7734
940.000000 0.7786 0.7825 0.7865 0.7906 0.7942
945.000000 0.7978 0.8014 0.8050 0.8068 0.8084
950.000000 0.8101 0.8101 0.8101 0.8095 0.8089
955.000000 0.8078 0.8065 0.8044 0.8018 0.7988
960.000000 0.7958 0.7937 0.7931 0.7945 0.7950
965.000000 0.7951 0.7951 0.7947 0.7931 0.7912
970.000000 0.7892 0.7869 0.7861 0.7851 0.7843
975.000000 0.7837 0.7825 0.7839 0.7849 0.7867
980.000000 0.7911 0.7932 0.7951 0.7962 0.7975
985.000000 0.7982 0.7988 0.7990 0.7965 0.7978
990.000000 0.7968 0.7953 0.7937 0.7907 0.7871
995.000000 0.7818 0.7762 0.7706 0.7638 0.7525
1000.000000 0.7441 0.7371 0.7310 0.7278 0.7250
1005.000000 0.7221 0.7205 0.7205 0.7205 0.7207
1010.000000 0.7215 0.7235 0.7275 0.7328 0.7455
1015.000000 0.7682 0.7736 0.7854 0.7895 0.7912
1020.000000 0.7925 0.7934 0.7939 0.7940 0.7941
1025.000000 0.7940 0.7940 0.7936 0.7932 0.7928
1030.000000 0.7924 0.7919 0.7915 0.7912 0.7910
1035.000000 0.7906 0.7903 0.7899 0.7896 0.7894
1040.000000 0.7891 0.7888 0.7885 0.7883 0.7880
1045.000000 0.7876 0.7874 0.7871 0.7871 0.7868
1050.000000 0.7867 0.7865 0.7864 0.7861 0.7855
1055.000000 0.7848 0.7841 0.7834 0.7826 0.7819
1060.000000 0.7812 0.7805 0.7797 0.7789 0.7781
1065.000000 0.7771 0.7764 0.7756 0.7746 0.7734
1070.000000 0.7721 0.7710 0.7698 0.7687 0.7675
1075.000000 0.7662 0.7651 0.7639 0.7628 0.7615
1080.000000 0.7604 0.7593 0.7581 0.7568 0.7558
1085.000000 0.7547 0.7538 0.7530 0.7521 0.7514
1090.000000 0.7507 0.7501 0.7494 0.7489 0.7488
1095.000000 0.7486 0.7484 0.7483 0.7481 0.7478
1100.000000 0.7475 0.7474 0.7471 0.7468 0.7462
1105.000000 0.7458 0.7454 0.7449 0.7443 0.7435
1110.000000 0.7426 0.7418 0.7408 0.7399 0.7388
1115.000000 0.7378 0.7367 0.7357 0.7346 0.7328
1120.000000 0.7310 0.7292 0.7271 0.7243 0.7215
1125.000000 0.7184 0.7141 0.7098 0.7028 0.6955
1130.000000 0.6875 0.6845 0.6838 0.6838 0.6838
1135.000000 0.6834 0.6818 0.6778 0.6735 0.6676
1140.000000 0.6622 0.6575 0.6537 0.6526 0.6518
1145.000000 0.6544 0.6525 0.6581 0.6649 0.6704
1150.000000 0.6737 0.6756 0.6764 0.6760 0.6754
1155.000000 0.6728 0.6734 0.6718 0.6697 0.6671
1160.000000 0.6636 0.6584 0.6531 0.6476 0.6424
1165.000000 0.6299 0.6142 0.5985 0.5828 0.5675
1170.000000 0.5400 0.5175 0.4954 0.4793 0.4522
1175.000000 0.4235 0.3782 0.3507 0.3259 0.2997
1180.000000 0.2802 0.2691 0.2574 0.2506 0.2513
1185.000000 0.2517 0.2684 0.4437 0.6190 0.6396
1190.000000 0.6783 0.7089 0.7619 0.7761 0.7817
1195.000000 0.7867 0.7904 0.7912 0.7911 0.7908
1200.000000 0.7901 0.7895 0.7878 0.7825 0.7756
1205.000000 0.7675 0.7576 0.7454 0.7319 0.7183
1210.000000 0.7011 0.6874 0.6756 0.6472 0.6289
1215.000000 0.6166 0.6077 0.5902 0.5548 0.5193
1220.000000 0.4839 0.4485 0.4232 0.4041 0.3887
1225.000000 0.3618 0.3534 0.3500 0.3514 0.3514
1230.000000 0.3512 0.3910 0.4149 0.4246 0.4279
1235.000000 0.4294 0.4308 0.4316 0.4425 0.4889
1240.000000 0.5354 0.5818 0.6283 0.6748 0.6954
1245.000000 0.7048 0.7208 0.7494 0.7650 0.8007
1250.000000 0.8114 0.8167 0.8200 0.8215 0.8225
1255.000000 0.8225 0.8227 0.8238 0.8238 0.8225
1260.000000 0.8213 0.8202 0.8185 0.8164 0.8141
1265.000000 0.8114 0.8088 0.8062 0.8038 0.8012
1270.000000 0.7988 0.7953 0.7918 0.7883 0.7841
1275.000000 0.7791 0.7742 0.7692 0.7638 0.7581
1280.000000 0.7519 0.7421 0.7318 0.7285 0.7254
1285.000000 0.7232 0.7215 0.7204 0.7196 0.7190
1290.000000 0.7185 0.7151 0.7089 0.6994 0.6915
1295.000000 0.6841 0.6751 0.6642 0.6469 0.6278
1300.000000 0.6087 0.5895 0.5703 0.5512 0.5358
1305.000000 0.5160 0.5060 0.4954 0.4845 0.4745
1310.000000 0.4639 0.4595 0.4576 0.4580 0.4557
1315.000000 0.4685 0.4792 0.4876 0.4936 0.4962
1320.000000 0.4964 0.4965 0.4946 0.4927 0.4842
1325.000000 0.4685 0.4492 0.4184 0.3988 0.3705
1330.000000 0.2983 0.2824 0.2791 0.2839 0.2805
1335.000000 0.2884 0.3078 0.3273 0.3466 0.3662
1340.000000 0.3814 0.3922 0.4064 0.4322 0.4422
1345.000000 0.4522 0.4718 0.5062 0.5224 0.5327
1350.000000 0.5480 0.5716 0.5910 0.6058 0.6193
1355.000000 0.6323 0.6453 0.6553 0.6681 0.6821
1360.000000 0.6878 0.6894 0.6908 0.6932 0.6918
1365.000000 0.6911 0.6895 0.6871 0.6841 0.6801
1370.000000 0.6771 0.6744 0.6734 0.6722 0.6712
1375.000000 0.6701 0.6698 0.6695 0.6684 0.6664
1380.000000 0.6642 0.6618 0.6594 0.6564 0.6533
1385.000000 0.6503 0.6474 0.6434 0.6365 0.6283
1390.000000 0.6181 0.6048 0.5907 0.5765 0.5609
1395.000000 0.5341 0.5265 0.5178 0.5154 0.5156
1400.000000 0.5356 0.5720 0.5984 0.6039 0.6086
1405.000000 0.6127 0.6168 0.6206 0.6242 0.6278
1410.000000 0.6309 0.6341 0.6372 0.6398 0.6418
1415.000000 0.6457 0.6430 0.6417 0.6405 0.6392
1420.000000 0.6380 0.6367 0.6355 0.6343 0.6325
1425.000000 0.6301 0.6271 0.6238 0.6204 0.6156
1430.000000 0.6108 0.6055 0.6001 0.5944 0.5872
1435.000000 0.5800 0.5701 0.5591 0.5471 0.5345
1440.000000 0.5204 0.4990 0.4635 0.4522 0.4462
1445.000000 0.4460 0.4456 0.4466 0.4483 0.4607
1450.000000 0.5378 0.6002 0.6114 0.6180 0.6221
1455.000000 0.6239 0.6257 0.6270 0.6270 0.6271
1460.000000 0.6264 0.6257 0.6242 0.6225 0.6205
1465.000000 0.6183 0.6162 0.6141 0.6117 0.6093
1470.000000 0.6068 0.6040 0.6012 0.5984 0.5954
1475.000000 0.5924 0.5895 0.5865 0.5836 0.5806
1480.000000 0.5777 0.5748 0.5718 0.5688 0.5659
1485.000000 0.5630 0.5601 0.5573 0.5545 0.5516
1490.000000 0.5488 0.5460 0.5430 0.5398 0.5365
1495.000000 0.5333 0.5300 0.5260 0.5219 0.5177
1500.000000 0.5129 0.5080 0.5031 0.4971 0.4908
1505.000000 0.4843 0.4730 0.4645 0.4564 0.4424
1510.000000 0.4234 0.4002 0.3680 0.3360 0.3046
1515.000000 0.3012 0.3006 0.3020 0.3031 0.4003
1520.000000 0.4625 0.4976 0.5028 0.5052 0.5055
1525.000000 0.5045 0.5062 0.5010 0.4983 0.4906
1530.000000 0.4835 0.4764 0.4692 0.4621 0.4550
1535.000000 0.4478 0.4407 0.4336 0.4264 0.4193
1540.000000 0.4122 0.3968 0.3903 0.3843 0.3780
1545.000000 0.3714 0.3653 0.3596 0.3505 0.3409
1550.000000 0.3287 0.3107 0.2949 0.2823 0.2717
1555.000000 0.2615 0.2530 0.2449 0.2374 0.2311
1560.000000 0.2252 0.2185 0.2108 0.1972 0.1896
1565.000000 0.1891 0.1869 0.1883 0.1892 0.2387
1570.000000 0.2482 0.2477 0.2472 0.2501 0.2455
1575.000000 0.2432 0.2338 0.2159 0.1929 0.1819
1580.000000 0.1470 0.1305 0.1208 0.1119 0.1029
1585.000000 0.0946 0.0871 0.0822 0.0806 0.0805
1590.000000 0.0768 0.0819 0.1185 0.1301 0.1427
1595.000000 0.1595 0.1911 0.2193 0.2474 0.2755
1600.000000 0.3035 0.4062 0.4307 0.4631 0.5220
1605.000000 0.5540 0.5772 0.5986 0.6121 0.6292
1610.000000 0.6435 0.6501 0.6533 0.6553 0.6538
1615.000000 0.6530 0.6508 0.6421 0.6246 0.6046
1620.000000 0.5845 0.5644 0.5444 0.5243 0.5042
1625.000000 0.4841 0.4641 0.4440 0.4239 0.4039
1630.000000 0.3838 0.3429 0.2845 0.2661 0.2513
1635.000000 0.2402 0.2304 0.2252 0.2239 0.2243
1640.000000 0.2495 0.2748 0.3001 0.3254 0.3506
1645.000000 0.3759 0.4012 0.4265 0.4518 0.4770
1650.000000 0.5023 0.5195 0.5201 0.5207 0.5198
1655.000000 0.5166 0.4992 0.4818 0.4644 0.4469
1660.000000 0.4295 0.4121 0.3947 0.3773 0.3599
1665.000000 0.3425 0.3250 0.3077 0.2908 0.2901
1670.000000 0.2898 0.2916 0.4332 0.5195 0.6058
1675.000000 0.6312 0.6421 0.6768 0.7258 0.7365
1680.000000 0.7472 0.8210 0.8332 0.8438 0.8527
1685.000000 0.8588 0.8648 0.8693 0.8736 0.8775
1690.000000 0.8814 0.8840 0.8861 0.8878 0.8889
1695.000000 0.8899 0.8910 0.8916 0.8907 0.8923
1700.000000 0.8924 0.8925 0.8921 0.8915 0.8909
1705.000000 0.8902 0.8895 0.8888 0.8881 0.8868
1710.000000 0.8854 0.8838 0.8823 0.8807 0.8790
1715.000000 0.8771 0.8755 0.8741 0.8727 0.8713
1720.000000 0.8699 0.8685 0.8674 0.8668 0.8662
1725.000000 0.8656 0.8650 0.8643 0.8636 0.8628
1730.000000 0.8621 0.8611 0.8596 0.8581 0.8566
1735.000000 0.8551 0.8536 0.8524 0.8512 0.8500
1740.000000 0.8489 0.8477 0.8466 0.8456 0.8447
1745.000000 0.8437 0.8428 0.8418 0.8410 0.8401
1750.000000 0.8391 0.8380 0.8368 0.8358 0.8347
1755.000000 0.8336 0.8325 0.8314 0.8303 0.8292
1760.000000 0.8281 0.8271 0.8260 0.8250 0.8239
1765.000000 0.8228 0.8218 0.8208 0.8197 0.8187
1770.000000 0.8175 0.8165 0.8154 0.8143 0.8131
1775.000000 0.8118 0.8108 0.8096 0.8085 0.8072
1780.000000 0.8061 0.8050 0.8038 0.8028 0.8019
1785.000000 0.8011 0.8003 0.7994 0.7985 0.7976
1790.000000 0.7968 0.7958 0.7950 0.7942 0.7933
1795.000000 0.7928 0.7925 0.7921 0.7917 0.7914
1800.000000 0.7910 0.7907 0.7901 0.7897 0.7891
1805.000000 0.7886 0.7881 0.7875 0.7869 0.7865
1810.000000 0.7860 0.7853 0.7847 0.7840 0.7833
1815.000000 0.7826 0.7819 0.7812 0.7807 0.7800
1820.000000 0.7793 0.7787 0.7780 0.7772 0.7767
1825.000000 0.7760 0.7754 0.7748 0.7741 0.7735
1830.000000 0.7728 0.7721 0.7715 0.7708 0.7701
1835.000000 0.7696 0.7690 0.7684 0.7678 0.7671
1840.000000 0.7665 0.7658 0.7653 0.7647 0.7641
1845.000000 0.7635 0.7628 0.7624 0.7618 0.7615
1850.000000 0.7610 0.7605 0.7601 0.7596 0.7592
1855.000000 0.7587 0.7582 0.7576 0.7571 0.7565
1860.000000 0.7561 0.7556 0.7551 0.7546 0.7541
1865.000000 0.7535 0.7530 0.7525 0.7519 0.7515
1870.000000 0.7510 0.7505 0.7500 0.7494 0.7489
1875.000000 0.7484 0.7478 0.7474 0.7468 0.7464
1880.000000 0.7458 0.7453 0.7448 0.7443 0.7438
1885.000000 0.7433 0.7428 0.7422 0.7418 0.7411
1890.000000 0.7407 0.7401 0.7397 0.7392 0.7387
1895.000000 0.7382 0.7376 0.7371 0.7365 0.7361
1900.000000 0.7355 0.7349 0.7343 0.7337 0.7330
1905.000000 0.7322 0.7315 0.7308 0.7301 0.7294
1910.000000 0.7285 0.7271 0.7258 0.7246 0.7233
1915.000000 0.7225 0.7218 0.7211 0.7205 0.7197
1920.000000 0.7191 0.7191 0.7191 0.7191 0.7191
1925.000000 0.7191 0.7192 0.7194 0.7196 0.7198
1930.000000 0.7200 0.7203 0.7204 0.7204 0.7200
1935.000000 0.7196 0.7191 0.7187 0.7184 0.7184
1940.000000 0.7184 0.7184 0.7184 0.7184 0.7187
1945.000000 0.7198 0.7208 0.7211 0.7214 0.7215
1950.000000 0.7215 0.7211 0.7208 0.7205 0.7201
1955.000000 0.7196 0.7190 0.7185 0.7180 0.7174
1960.000000 0.7165 0.7158 0.7151 0.7144 0.7136
1965.000000 0.7130 0.7125 0.7118 0.7114 0.7108
1970.000000 0.7103 0.7098 0.7092 0.7087 0.7082
1975.000000 0.7075 0.7071 0.7065 0.7060 0.7054
1980.000000 0.7048 0.7041 0.7035 0.7028 0.7021
1985.000000 0.7015 0.7008 0.7001 0.6996 0.6990
1990.000000 0.6984 0.6978 0.6971 0.6958 0.6941
1995.000000 0.6918 0.6889 0.6878 0.6867 0.6865
2000.000000 0.6874 0.6883 0.6893 0.6897 0.6901
2005.000000 0.6904 0.6907 0.6908 0.6908 0.6908
2010.000000 0.6906 0.6901 0.6898 0.6894 0.6890
2015.000000 0.6886 0.6883 0.6880 0.6878 0.6875
2020.000000 0.6872 0.6869 0.6868 0.6865 0.6862
2025.000000 0.6860 0.6858 0.6855 0.6853 0.6850
2030.000000 0.6848 0.6845 0.6843 0.6840 0.6838
2035.000000 0.6835 0.6833 0.6830 0.6826 0.6824
2040.000000 0.6821 0.6818 0.6815 0.6811 0.6808
2045.000000 0.6806 0.6804 0.6801 0.6798 0.6795
2050.000000 0.6793 0.6790 0.6787 0.6784 0.6782
2055.000000 0.6778 0.6775 0.6772 0.6771 0.6768
2060.000000 0.6765 0.6764 0.6761 0.6758 0.6757
2065.000000 0.6754 0.6751 0.6750 0.6748 0.6745
2070.000000 0.6743 0.6740 0.6738 0.6734 0.6730
2075.000000 0.6725 0.6719 0.6715 0.6710 0.6705
2080.000000 0.6700 0.6695 0.6690 0.6684 0.6678
2085.000000 0.6674 0.6668 0.6664 0.6658 0.6654
2090.000000 0.6649 0.6643 0.6638 0.6633 0.6628
2095.000000 0.6622 0.6618 0.6612 0.6608 0.6601
2100.000000 0.6597 0.6592 0.6587 0.6581 0.6575
2105.000000 0.6569 0.6564 0.6558 0.6553 0.6547
2110.000000 0.6542 0.6536 0.6531 0.6525 0.6519
2115.000000 0.6514 0.6508 0.6503 0.6498 0.6492
2120.000000 0.6487 0.6481 0.6475 0.6468 0.6464
2125.000000 0.6458 0.6453 0.6447 0.6442 0.6436
2130.000000 0.6431 0.6425 0.6419 0.6415 0.6410
2135.000000 0.6405 0.6401 0.6396 0.6391 0.6386
2140.000000 0.6382 0.6377 0.6372 0.6367 0.6362
2145.000000 0.6358 0.6353 0.6348 0.6344 0.6339
2150.000000 0.6335 0.6330 0.6325 0.6320 0.6316
2155.000000 0.6310 0.6306 0.6301 0.6297 0.6292
2160.000000 0.6287 0.6282 0.6278 0.6273 0.6269
2165.000000 0.6264 0.6259 0.6254 0.6250 0.6245
2170.000000 0.6241 0.6236 0.6231 0.6226 0.6222
2175.000000 0.6217 0.6212 0.6208 0.6203 0.6198
2180.000000 0.6194 0.6189 0.6185 0.6180 0.6175
2185.000000 0.6170 0.6166 0.6160 0.6157 0.6151
2190.000000 0.6146 0.6139 0.6133 0.6126 0.6119
2195.000000 0.6112 0.6106 0.6099 0.6093 0.6086
2200.000000 0.6080 0.6073 0.6067 0.6060 0.6053
2205.000000 0.6046 0.6040 0.6033 0.6027 0.6020
2210.000000 0.6014 0.6008 0.6002 0.5995 0.5989
2215.000000 0.5980 0.5972 0.5962 0.5953 0.5943
2220.000000 0.5933 0.5923 0.5912 0.5903 0.5893
2225.000000 0.5881 0.5869 0.5855 0.5842 0.5828
2230.000000 0.5814 0.5799 0.5784 0.5767 0.5750
2235.000000 0.5733 0.5716 0.5695 0.5675 0.5654
2240.000000 0.5633 0.5610 0.5590 0.5557 0.5524
2245.000000 0.5484 0.5444 0.5398 0.5353 0.5306
2250.000000 0.5260 0.5221 0.5183 0.5158 0.5134
2255.000000 0.5125 0.5117 0.5112 0.5103 0.5110
2260.000000 0.5110 0.5310 0.5510 0.5710 0.5910
2265.000000 0.5948 0.5985 0.5993 0.6002 0.6007
2270.000000 0.6006 0.6012 0.6014 0.6009 0.6005
2275.000000 0.6000 0.5995 0.5991 0.5988 0.5982
2280.000000 0.5976 0.5967 0.5958 0.5949 0.5940
2285.000000 0.5931 0.5923 0.5914 0.5906 0.5898
2290.000000 0.5890 0.5879 0.5869 0.5858 0.5848
2295.000000 0.5837 0.5827 0.5817 0.5808 0.5800
2300.000000 0.5792 0.5785 0.5778 0.5774 0.5770
2305.000000 0.5767 0.5765 0.5764 0.5764 0.5762
2310.000000 0.5762 0.5762 0.5762 0.5762 0.5762
2315.000000 0.5762 0.5762 0.5760 0.5760 0.5760
2320.000000 0.5760 0.5760 0.5760 0.5760 0.5760
2325.000000 0.5760 0.5760 0.5760 0.5762 0.5762
2330.000000 0.5762 0.5762 0.5762 0.5762 0.5762
2335.000000 0.5762 0.5764 0.5764 0.5764 0.5764
2340.000000 0.5765 0.5765 0.5766 0.5768 0.5770
2345.000000 0.5771 0.5773 0.5774 0.5776 0.5778
2350.000000 0.5780 0.5780 0.5781 0.5781 0.5782
2355.000000 0.5782 0.5783 0.5783 0.5784 0.5786
2360.000000 0.5789 0.5793 0.5798 0.5804 0.5810
2365.000000 0.5815 0.5821 0.5824 0.5827 0.5822
2370.000000 0.5817 0.5810 0.5803 0.5796 0.5789
2375.000000 0.5780 0.5772 0.5753 0.5735 0.5717
2380.000000 0.5699 0.5681 0.5664 0.5647 0.5630
2385.000000 0.5619 0.5609 0.5598 0.5587 0.5578
2390.000000 0.5569 0.5560 0.5552 0.5545 0.5539
2395.000000 0.5534 0.5530 0.5525 0.5521 0.5518
2400.000000 0.5515 0.5512 0.5510 0.5508 0.5506
2405.000000 0.5504 0.5502 0.5500 0.5498 0.5495
2410.000000 0.5493 0.5491 0.5489 0.5487 0.5486
2415.000000 0.5484 0.5483 0.5482 0.5481 0.5479
2420.000000 0.5478 0.5476 0.5475 0.5474 0.5473
2425.000000 0.5471 0.5470 0.5468 0.5467 0.5465
2430.000000 0.5464 0.5462 0.5462 0.5460 0.5459
2435.000000 0.5457 0.5456 0.5454 0.5452 0.5450
2440.000000 0.5448 0.5446 0.5445 0.5443 0.5441
2445.000000 0.5439 0.5437 0.5435 0.5434 0.5432
2450.000000 0.5430 0.5428 0.5426 0.5425 0.5424
2455.000000 0.5423 0.5422 0.5421 0.5420 0.5418
2460.000000 0.5417 0.5416 0.5415 0.5414 0.5412
2465.000000 0.5412 0.5410 0.5409 0.5408 0.5407
2470.000000 0.5406 0.5405 0.5404 0.5403 0.5402
2475.000000 0.5400 0.5399 0.5398 0.5397 0.5396
2480.000000 0.5395 0.5393 0.5392 0.5391 0.5390
2485.000000 0.5389 0.5388 0.5386 0.5385 0.5384
2490.000000 0.5383 0.5382 0.5381 0.5379 0.5378
2495.000000 0.5377 0.5376 0.5375 0.5374 0.5372
2500.000000 0.5371 0.5369 0.5368 0.5366 0.5365
2505.000000 0.5362 0.5362 0.5360 0.5358 0.5356
2510.000000 0.5355 0.5353 0.5352 0.5350 0.5349
2515.000000 0.5347 0.5346 0.5344 0.5342 0.5340
2520.000000 0.5339 0.5337 0.5336 0.5334 0.5332
2525.000000 0.5330 0.5328 0.5326 0.5325 0.5323
2530.000000 0.5321 0.5319 0.5318 0.5316 0.5314
2535.000000 0.5310 0.5307 0.5304 0.5301 0.5297
2540.000000 0.5294 0.5290 0.5287 0.5283 0.5280
2545.000000 0.5276 0.5273 0.5270 0.5267 0.5262
2550.000000 0.5260 0.5256 0.5253 0.5249 0.5246
2555.000000 0.5242 0.5239 0.5236 0.5233 0.5229
2560.000000 0.5226 0.5223 0.5220 0.5217 0.5214
2565.000000 0.5210 0.5208 0.5205 0.5202 0.5199
2570.000000 0.5196 0.5193 0.5190 0.5187 0.5184
2575.000000 0.5181 0.5178 0.5175 0.5172 0.5169
2580.000000 0.5166 0.5162 0.5160 0.5156 0.5153
2585.000000 0.5149 0.5146 0.5142 0.5139 0.5135
2590.000000 0.5132 0.5128 0.5124 0.5120 0.5117
2595.000000 0.5112 0.5110 0.5106 0.5103 0.5099
2600.000000 0.5096 0.5092 0.5088 0.5084 0.5081
2605.000000 0.5077 0.5074 0.5070 0.5067 0.5062
2610.000000 0.5060 0.5056 0.5053 0.5049 0.5046
2615.000000 0.5042 0.5039 0.5036 0.5033 0.5029
2620.000000 0.5026 0.5022 0.5019 0.5016 0.5012
2625.000000 0.5009 0.5006 0.5002 0.4999 0.4996
2630.000000 0.4993 0.4989 0.4986 0.4982 0.4979
2635.000000 0.4975 0.4972 0.4969 0.4966 0.4962
2640.000000 0.4959 0.4955 0.4952 0.4949 0.4947
2645.000000 0.4944 0.4941 0.4938 0.4935 0.4932
2650.000000 0.4929 0.4926 0.4923 0.4920 0.4918
2655.000000 0.4915 0.4912 0.4909 0.4906 0.4903
2660.000000 0.4900 0.4897 0.4895 0.4892 0.4889
2665.000000 0.4886 0.4883 0.4880 0.4878 0.4875
2670.000000 0.4873 0.4871 0.4869 0.4866 0.4864
2675.000000 0.4860 0.4859 0.4857 0.4855 0.4852
2680.000000 0.4850 0.4847 0.4845 0.4843 0.4841
2685.000000 0.4838 0.4836 0.4834 0.4832 0.4829
2690.000000 0.4827 0.4824 0.4822 0.4820 0.4820
2695.000000 0.4820 0.4823 0.4825 0.4827 0.4829
2700.000000 0.4832 0.4834 0.4836 0.4838 0.4841
2705.000000 0.4846 0.4851 0.4855 0.4860 0.4864
2710.000000 0.4869 0.4873 0.4878 0.4879 0.4880
2715.000000 0.4881 0.4883 0.4884 0.4886 0.4887
2720.000000 0.4889 0.4890 0.4892 0.4893 0.4894
2725.000000 0.4894 0.4894 0.4892 0.4890 0.4888
2730.000000 0.4886 0.4884 0.4882 0.4880 0.4878
2735.000000 0.4876 0.4874 0.4872 0.4870 0.4868
2740.000000 0.4866 0.4862 0.4860 0.4857 0.4855
2745.000000 0.4852 0.4849 0.4846 0.4844 0.4841
2750.000000 0.4838 0.4835 0.4833 0.4830 0.4828
2755.000000 0.4825 0.4822 0.4819 0.4817 0.4814
2760.000000 0.4810 0.4808 0.4806 0.4803 0.4801
2765.000000 0.4798 0.4796 0.4793 0.4791 0.4788
2770.000000 0.4786 0.4783 0.4781 0.4779 0.4777
2775.000000 0.4774 0.4772 0.4769 0.4767 0.4764
2780.000000 0.4762 0.4759 0.4757 0.4754 0.4752
2785.000000 0.4750 0.4748 0.4745 0.4743 0.4740
2790.000000 0.4737 0.4733 0.4729 0.4725 0.4721
2795.000000 0.4717 0.4712 0.4709 0.4705 0.4701
2800.000000 0.4697 0.4693 0.4689 0.4685 0.4681
2805.000000 0.4677 0.4673 0.4669 0.4665 0.4660
2810.000000 0.4657 0.4653 0.4649 0.4645 0.4641
2815.000000 0.4637 0.4633 0.4629 0.4625 0.4621
2820.000000 0.4617 0.4612 0.4609 0.4605 0.4601
2825.000000 0.4596 0.4592 0.4587 0.4582 0.4577
2830.000000 0.4573 0.4568 0.4562 0.4558 0.4554
2835.000000 0.4549 0.4544 0.4539 0.4535 0.4530
2840.000000 0.4525 0.4520 0.4516 0.4510 0.4506
2845.000000 0.4501 0.4497 0.4492 0.4487 0.4482
2850.000000 0.4478 0.4473 0.4468 0.4462 0.4459
2855.000000 0.4454 0.4449 0.4444 0.4440 0.4435
2860.000000 0.4430 0.4425 0.4421 0.4416 0.4410
2865.000000 0.4406 0.4401 0.4395 0.4390 0.4385
2870.000000 0.4380 0.4374 0.4369 0.4364 0.4359
2875.000000 0.4353 0.4348 0.4342 0.4337 0.4332
2880.000000 0.4327 0.4321 0.4316 0.4310 0.4306
2885.000000 0.4300 0.4295 0.4290 0.4285 0.4278
2890.000000 0.4272 0.4266 0.4260 0.4253 0.4247
2895.000000 0.4240 0.4234 0.4228 0.4222 0.4215
2900.000000 0.4209 0.4197 0.4186 0.4173 0.4160
2905.000000 0.4145 0.4130 0.4110 0.4092 0.4066
2910.000000 0.4043 0.4012 0.3984 0.3955 0.3926
2915.000000 0.3897 0.3868 0.3868 0.3879 0.3876
2920.000000 0.3884 0.3914 0.3946 0.4002 0.4059
2925.000000 0.4099 0.4139 0.4150 0.4162 0.4165
2930.000000 0.4166 0.4166 0.4166 0.4162 0.4159
2935.000000 0.4149 0.4139 0.4127 0.4115 0.4094
2940.000000 0.4073 0.4046 0.4020 0.3991 0.3962
2945.000000 0.3922 0.3882 0.3860 0.3840 0.3830
2950.000000 0.3822 0.3816 0.3809 0.3805 0.3800
2955.000000 0.3876 0.3952 0.4040 0.3770 0.4148
2960.000000 0.4168 0.4185 0.4203 0.4207 0.4210
2965.000000 0.4214 0.4218 0.4218 0.4218 0.4218
2970.000000 0.4217 0.4216 0.4214 0.4212 0.4210
2975.000000 0.4206 0.4203 0.4198 0.4194 0.4190
2980.000000 0.4186 0.4181 0.4176 0.4170 0.4165
2985.000000 0.4160 0.4156 0.4152 0.4149 0.4145
2990.000000 0.4141 0.4137 0.4133 0.4129 0.4126
2995.000000 0.4122 0.4118 0.4114 0.4110 0.4107
3000.000000 0.4104 0.4100 0.4097 0.4093 0.4090
3005.000000 0.4086 0.4082 0.4080 0.4077 0.4073
3010.000000 0.4068 0.4064 0.4060 0.4056 0.4052
3015.000000 0.4048 0.4044 0.4039 0.4034 0.4030
3020.000000 0.4027 0.4022 0.4018 0.4012 0.4007
3025.000000 0.4002 0.3997 0.3992 0.3987 0.3982
3030.000000 0.3977 0.3971 0.3966 0.3960 0.3956
3035.000000 0.3950 0.3945 0.3939 0.3934 0.3928
3040.000000 0.3923 0.3916 0.3912 0.3907 0.3902
3045.000000 0.3896 0.3891 0.3887 0.3882 0.3878
3050.000000 0.3874 0.3870 0.3866 0.3864 0.3864
3055.000000 0.3864 0.3864 0.3864 0.3864 0.3864
3060.000000 0.3864 0.3864 0.3866 0.3866 0.3866
3065.000000 0.3866 0.3866 0.3864 0.3864 0.3862
3070.000000 0.3862 0.3862 0.3860 0.3859 0.3859
3075.000000 0.3857 0.3855 0.3853 0.3850 0.3849
3080.000000 0.3847 0.3845 0.3843 0.3840 0.3838
3085.000000 0.3834 0.3832 0.3830 0.3828 0.3825
3090.000000 0.3823 0.3820 0.3818 0.3814 0.3812
3095.000000 0.3809 0.3805 0.3800 0.3798 0.3794
3100.000000 0.3791 0.3787 0.3782 0.3779 0.3776
3105.000000 0.3772 0.3768 0.3764 0.3762 0.3759
3110.000000 0.3756 0.3752 0.3748 0.3743 0.3738
3115.000000 0.3732 0.3729 0.3724 0.3718 0.3714
3120.000000 0.3709 0.3705 0.3700 0.3695 0.3690
3125.000000 0.3684 0.3678 0.3672 0.3666 0.3659
3130.000000 0.3654 0.3648 0.3642 0.3636 0.3630
3135.000000 0.3624 0.3618 0.3612 0.3606 0.3599
3140.000000 0.3592 0.3584 0.3578 0.3571 0.3564
3145.000000 0.3557 0.3550 0.3543 0.3536 0.3529
3150.000000 0.3522 0.3514 0.3508 0.3500 0.3493
3155.000000 0.3484 0.3475 0.3466 0.3458 0.3449
3160.000000 0.3440 0.3430 0.3423 0.3412 0.3402
3165.000000 0.3391 0.3380 0.3368 0.3357 0.3346
3170.000000 0.3334 0.3323 0.3312 0.3300 0.3290
3175.000000 0.3276 0.3262 0.3249 0.3236 0.3222
3180.000000 0.3209 0.3195 0.3182 0.3168 0.3154
3185.000000 0.3139 0.3124 0.3108 0.3093 0.3077
3190.000000 0.3062 0.3047 0.3032 0.3015 0.2998
3195.000000 0.2976 0.2954 0.2932 0.2911 0.2889
3200.000000 0.2867 0.2844 0.2821 0.2798 0.2775
3205.000000 0.2744 0.2713 0.2694 0.2676 0.2662
3210.000000 0.2648 0.2629 0.2610 0.2606 0.2602
3215.000000 0.2599 0.2599 0.2600 0.2604 0.2611
3220.000000 0.2600 0.2625 0.2632 0.2639 0.2646
3225.000000 0.2652 0.2658 0.2664 0.2671 0.2689
3230.000000 0.2708 0.2735 0.2765 0.2795 0.2826
3235.000000 0.2859 0.2892 0.2930 0.2969 0.3021
3240.000000 0.3073 0.3122 0.3172 0.3253 0.3334
3245.000000 0.3373 0.3412 0.3421 0.3430 0.3430
3250.000000 0.3430 0.3430 0.3430 0.3429 0.3459
3255.000000 0.3427 0.3426 0.3423 0.3421 0.3414
3260.000000 0.3409 0.3404 0.3399 0.3392 0.3384
3265.000000 0.3378 0.3372 0.3359 0.3348 0.3334
3270.000000 0.3323 0.3308 0.3294 0.3279 0.3264
3275.000000 0.3250 0.3236 0.3221 0.3207 0.3192
3280.000000 0.3178 0.3164 0.3150 0.3134 0.3121
3285.000000 0.3105 0.3090 0.3074 0.3059 0.3043
3290.000000 0.3027 0.3011 0.2996 0.2977 0.2959
3295.000000 0.2939 0.2920 0.2901 0.2882 0.2861
3300.000000 0.2840 0.2816 0.2792 0.2768 0.2744
3305.000000 0.2718 0.2693 0.2665 0.2638 0.2610
3310.000000 0.2583 0.2555 0.2528 0.2500 0.2473
3315.000000 0.2446 0.2419 0.2398 0.2378 0.2357
3320.000000 0.2335 0.2316 0.2296 0.2278 0.2260
3325.000000 0.2248 0.2235 0.2224 0.2213 0.2209
3330.000000 0.2208 0.2207 0.2234 0.2212 0.2215
3335.000000 0.2219 0.2223 0.2228 0.2234 0.2243
3340.000000 0.2253 0.2279 0.2306 0.2347 0.2388
3345.000000 0.2434 0.2483 0.2541 0.2600 0.2635
3350.000000 0.2672 0.2729 0.2787 0.2812 0.2838
3355.000000 0.2838 0.2838 0.2838 0.2838 0.2839
3360.000000 0.2841 0.2842 0.2844 0.2850 0.2856
3365.000000 0.2877 0.2898 0.2987 0.3076 0.3234
3370.000000 0.3393 0.3598 0.3803 0.3897 0.3991
3375.000000 0.4044 0.4098 0.4138 0.4179 0.4187
3380.000000 0.4196 0.4201 0.4206 0.4206 0.4205
3385.000000 0.4205 0.4203 0.4188 0.4174 0.4133
3390.000000 0.4092 0.4045 0.3999 0.3952 0.3905
3395.000000 0.3858 0.3810 0.3764 0.3718 0.3671
3400.000000 0.3624 0.3577 0.3530 0.3482 0.3437
3405.000000 0.3390 0.3343 0.3296 0.3249 0.3202
3410.000000 0.3156 0.3109 0.3062 0.3015 0.2968
3415.000000 0.2921 0.2875 0.2828 0.2781 0.2747
3420.000000 0.2713 0.2699 0.2684 0.2684 0.2684
3425.000000 0.2688 0.2682 0.2762 0.2833 0.2961
3430.000000 0.3089 0.3216 0.3345 0.3473 0.3600
3435.000000 0.3710 0.3822 0.3856 0.3891 0.3968
3440.000000 0.4045 0.4052 0.4059 0.4062 0.4064
3445.000000 0.4064 0.4080 0.4060 0.4058 0.4049
3450.000000 0.4040 0.4025 0.4010 0.3995 0.3980
3455.000000 0.3964 0.3948 0.3936 0.3924 0.3921
3460.000000 0.3918 0.3916 0.3916 0.3916 0.3918
3465.000000 0.3921 0.3902 0.4034 0.4148 0.4231
3470.000000 0.4314 0.4375 0.4436 0.4468 0.4501
3475.000000 0.4520 0.4540 0.4552 0.4565 0.4572
3480.000000 0.4579 0.4578 0.4579 0.4578 0.4578
3485.000000 0.4575 0.4573 0.4569 0.4565 0.4559
3490.000000 0.4554 0.4546 0.4539 0.4529 0.4519
3495.000000 0.4510 0.4501 0.4492 0.4483 0.4474
3500.000000 0.4465 0.4456 0.4447 0.4438 0.4430
3505.000000 0.4421 0.4412 0.4405 0.4397 0.4388
3510.000000 0.4380 0.4372 0.4364 0.4357 0.4350
3515.000000 0.4343 0.4336 0.4329 0.4322 0.4315
3520.000000 0.4308 0.4301 0.4294 0.4288 0.4282
3525.000000 0.4276 0.4270 0.4264 0.4258 0.4252
3530.000000 0.4246 0.4240 0.4234 0.4228 0.4222
3535.000000 0.4216 0.4210 0.4203 0.4197 0.4191
3540.000000 0.4185 0.4179 0.4173 0.4167 0.4160
3545.000000 0.4155 0.4149 0.4143 0.4138 0.4133
3550.000000 0.4129 0.4124 0.4120 0.4116 0.4112
3555.000000 0.4107 0.4103 0.4098 0.4094 0.4089
3560.000000 0.4084 0.4080 0.4076 0.4071 0.4066
3565.000000 0.4062 0.4059 0.4055 0.4050 0.4047
3570.000000 0.4043 0.4039 0.4034 0.4030 0.4028
3575.000000 0.4024 0.4020 0.4016 0.4012 0.4008
3580.000000 0.4004 0.4000 0.3996 0.3992 0.3989
3585.000000 0.3986 0.3982 0.3980 0.3977 0.3974
3590.000000 0.3971 0.3968 0.3964 0.3960 0.3958
3595.000000 0.3955 0.3952 0.3949 0.3946 0.3943
3600.000000 0.3940 0.3937 0.3934 0.3930 0.3928
3605.000000 0.3925 0.3922 0.3918 0.3916 0.3912
3610.000000 0.3910 0.3908 0.3906 0.3903 0.3900
3615.000000 0.3897 0.3895 0.3892 0.3890 0.3887
3620.000000 0.3884 0.3882 0.3880 0.3877 0.3874
3625.000000 0.3871 0.3868 0.3866 0.3864 0.3860
3630.000000 0.3859 0.3856 0.3854 0.3850 0.3849
3635.000000 0.3846 0.3844 0.3841 0.3839 0.3836
3640.000000 0.3834 0.3830 0.3829 0.3826 0.3824
3645.000000 0.3821 0.3818 0.3816 0.3814 0.3810
3650.000000 0.3809 0.3806 0.3804 0.3800 0.3799
3655.000000 0.3796 0.3794 0.3791 0.3789 0.3786
3660.000000 0.3784 0.3780 0.3779 0.3777 0.3775
3665.000000 0.3773 0.3771 0.3768 0.3766 0.3764
3670.000000 0.3762 0.3759 0.3758 0.3755 0.3753
3675.000000 0.3750 0.3749 0.3747 0.3745 0.3742
3680.000000 0.3740 0.3738 0.3736 0.3734 0.3732
3685.000000 0.3729 0.3727 0.3725 0.3724 0.3722
3690.000000 0.3721 0.3718 0.3718 0.3716 0.3714
3695.000000 0.3712 0.3712 0.3710 0.3709 0.3708
3700.000000 0.3707 0.3705 0.3704 0.3702 0.3700
3705.000000 0.3699 0.3698 0.3696 0.3695 0.3693
3710.000000 0.3692 0.3690 0.3688 0.3684 0.3682
3715.000000 0.3679 0.3676 0.3673 0.3671 0.3668
3720.000000 0.3664 0.3662 0.3659 0.3656 0.3653
3725.000000 0.3650 0.3648 0.3645 0.3642 0.3639
3730.000000 0.3636 0.3632 0.3630 0.3627 0.3624
3735.000000 0.3620 0.3616 0.3612 0.3609 0.3606
3740.000000 0.3603 0.3599 0.3596 0.3592 0.3589
3745.000000 0.3584 0.3582 0.3578 0.3575 0.3571
3750.000000 0.3568 0.3564 0.3560 0.3557 0.3554
3755.000000 0.3550 0.3547 0.3543 0.3540 0.3537
3760.000000 0.3534 0.3532 0.3530 0.3527 0.3524
3765.000000 0.3521 0.3518 0.3516 0.3512 0.3509
3770.000000 0.3508 0.3505 0.3503 0.3500 0.3497
3775.000000 0.3494 0.3492 0.3489 0.3486 0.3482
3780.000000 0.3480 0.3478 0.3476 0.3473 0.3471
3785.000000 0.3468 0.3466 0.3462 0.3460 0.3458
3790.000000 0.3456 0.3453 0.3450 0.3448 0.3446
3795.000000 0.3443 0.3441 0.3440 0.3439
##END=
