##TITLE=1,3-PROPANEDIOL, 2,2-DIMETHYL-, BIS(CYCLIC 2,2-DIMETHYLTRIMETHYLENE PHOSPHITE)
##JCAMP-DX=4.24
##DATA TYPE=INFRARED SPECTRUM
##CLASS=COBLENTZ
##ORIGIN=TENNESSEE EASTMAN COMPANY, RESEARCH LABORATORIES
##OWNER=COBLENTZ SOCIETY
Collection (C) 2018 copyright by the U.S. Secretary of Commerce
on behalf of the United States of America. All rights reserved.
##DATE=Not specified, most likely prior to 1970
##NAMES=2-(3-[(5,5-dimethyl-1,3,2-dioxaphosphinan-2-yl)oxy]-2,2-dimethylpropoxy)-5,5-dimethyl-1,3,2-dioxaphosphinane
##CAS REGISTRY NO=59609-05-1
##MOLFORM=C15 H30 O6 P2
##MP=48-50 C
##SOURCE REFERENCE=COBLENTZ NO. 657
##$NIST SOURCE=COBLENTZ
##$NIST IMAGE=cob657
##SPECTROMETER/DATA SYSTEM=Not specified, most likely a prism, grating, or hybrid spectrometer.
##PATH LENGTH=(MELT)
##SAMPLING PROCEDURE=TRANSMISSION
##RESOLUTION=4
##DATA PROCESSING=DIGITIZED BY NIST FROM HARD COPY
##XUNITS=MICROMETERS
##YUNITS=TRANSMITTANCE
##XFACTOR=1.000000
##YFACTOR=1
##DELTAX=000.006667
##FIRSTX=2.04
##LASTX=15.9997
##FIRSTY=0.988
##MAXX=15.9997
##MINX=2.04
##MAXY=0.994
##MINY=0.046
##NPOINTS=2095
##XYDATA=(X++(Y..Y))
2.040000 0.9880 0.9880 0.9910 0.9930 0.9930
2.073349 0.9930 0.9930 0.9930 0.9930 0.9930
2.107000 0.9930 0.9930 0.9940 0.9940 0.9940
2.140349 0.9940 0.9940 0.9940 0.9940 0.9940
2.173000 0.9940 0.9940 0.9940 0.9940 0.9940
2.206349 0.9930 0.9910 0.9910 0.9890 0.9890
2.240000 0.9880 0.9840 0.9810 0.9790 0.9760
2.273349 0.9780 0.9760 0.9760 0.9730 0.9710
2.307000 0.9690 0.9690 0.9690 0.9690 0.9690
2.340349 0.9690 0.9710 0.9710 0.9710 0.9710
2.373000 0.9710 0.9710 0.9710 0.9710 0.9740
2.406349 0.9760 0.9760 0.9760 0.9760 0.9760
2.440000 0.9760 0.9760 0.9760 0.9760 0.9760
2.473349 0.9740 0.9740 0.9740 0.9740 0.9740
2.507000 0.9740 0.9740 0.9740 0.9740 0.9740
2.540349 0.9740 0.9740 0.9730 0.9730 0.9710
2.573000 0.9710 0.9690 0.9710 0.9710 0.9710
2.606349 0.9710 0.9690 0.9680 0.9680 0.9680
2.640000 0.9680 0.9680 0.9680 0.9680 0.9680
2.673349 0.9680 0.9690 0.9710 0.9710 0.9730
2.707000 0.9730 0.9730 0.9730 0.9710 0.9680
2.740349 0.9680 0.9660 0.9660 0.9640 0.9630
2.773000 0.9610 0.9590 0.9580 0.9580 0.9560
2.806349 0.9540 0.9530 0.9510 0.9490 0.9490
2.840000 0.9480 0.9440 0.9390 0.9380 0.9360
2.873349 0.9310 0.9280 0.9240 0.9240 0.9240
2.907000 0.9240 0.9260 0.9280 0.9280 0.9290
2.940349 0.9290 0.9290 0.9310 0.9310 0.9330
2.973000 0.9330 0.9340 0.9360 0.9380 0.9390
3.006349 0.9410 0.9410 0.9430 0.9430 0.9430
3.040000 0.9440 0.9440 0.9460 0.9460 0.9460
3.073349 0.9480 0.9480 0.9490 0.9490 0.9490
3.107000 0.9490 0.9510 0.9510 0.9510 0.9510
3.140349 0.9510 0.9510 0.9490 0.9490 0.9490
3.173000 0.9480 0.9490 0.9490 0.9490 0.9490
3.206349 0.9490 0.9490 0.9490 0.9490 0.9490
3.240000 0.9490 0.9490 0.9490 0.9480 0.9480
3.273349 0.9480 0.9460 0.9440 0.9390 0.9330
3.307000 0.9240 0.8940 0.8440 0.7670 0.6640
3.340349 0.5270 0.4250 0.3230 0.2630 0.2600
3.373000 0.2630 0.2730 0.3270 0.3800 0.4300
3.406349 0.4700 0.4950 0.4990 0.4820 0.4520
3.440000 0.4150 0.4120 0.4120 0.4150 0.5920
3.473349 0.6670 0.7490 0.7940 0.8380 0.8510
3.507000 0.8540 0.8660 0.8740 0.8810 0.8880
3.540349 0.8940 0.9010 0.9060 0.9110 0.9160
3.573000 0.9190 0.9230 0.9240 0.9260 0.9280
3.606349 0.9280 0.9280 0.9280 0.9260 0.9240
3.640000 0.9230 0.9210 0.9190 0.9180 0.9180
3.673349 0.9190 0.9280 0.9310 0.9340 0.9360
3.707000 0.9380 0.9390 0.9390 0.9410 0.9410
3.740349 0.9430 0.9430 0.9440 0.9460 0.9460
3.773000 0.9460 0.9460 0.9490 0.9510 0.9530
3.806349 0.9530 0.9540 0.9560 0.9580 0.9580
3.840000 0.9590 0.9590 0.9590 0.9590 0.9590
3.873349 0.9590 0.9590 0.9610 0.9610 0.9610
3.907000 0.9590 0.9590 0.9590 0.9590 0.9610
3.940349 0.9630 0.9610 0.9630 0.9640 0.9640
3.973000 0.9640 0.9640 0.9640 0.9640 0.9640
4.006349 0.9640 0.9630 0.9640 0.9640 0.9640
4.040000 0.9640 0.9640 0.9640 0.9640 0.9640
4.073349 0.9660 0.9640 0.9640 0.9630 0.9630
4.107000 0.9610 0.9610 0.9590 0.9590 0.9590
4.140349 0.9560 0.9540 0.9530 0.9510 0.9510
4.173000 0.9510 0.9530 0.9530 0.9530 0.9510
4.206349 0.9510 0.9510 0.9510 0.9510 0.9510
4.240000 0.9510 0.9510 0.9530 0.9530 0.9530
4.273349 0.9530 0.9530 0.9530 0.9490 0.9490
4.307000 0.9490 0.9490 0.9510 0.9490 0.9490
4.340349 0.9490 0.9510 0.9510 0.9530 0.9540
4.373000 0.9540 0.9540 0.9540 0.9560 0.9560
4.406349 0.9580 0.9580 0.9590 0.9590 0.9590
4.440000 0.9610 0.9610 0.9610 0.9630 0.9630
4.473349 0.9630 0.9630 0.9640 0.9640 0.9640
4.507000 0.9640 0.9640 0.9640 0.9640 0.9640
4.540349 0.9640 0.9640 0.9640 0.9640 0.9640
4.573000 0.9640 0.9630 0.9630 0.9630 0.9610
4.606349 0.9610 0.9590 0.9590 0.9580 0.9590
4.640000 0.9590 0.9590 0.9590 0.9590 0.9590
4.673349 0.9590 0.9590 0.9590 0.9590 0.9580
4.707000 0.9580 0.9580 0.9560 0.9560 0.9540
4.740349 0.9540 0.9540 0.9530 0.9530 0.9510
4.773000 0.9510 0.9490 0.9490 0.9490 0.9490
4.806349 0.9490 0.9490 0.9490 0.9490 0.9490
4.840000 0.9490 0.9490 0.9490 0.9490 0.9490
4.873349 0.9490 0.9490 0.9490 0.9490 0.9490
4.907000 0.9490 0.9490 0.9490 0.9490 0.9490
4.940349 0.9490 0.9490 0.9510 0.9510 0.9510
4.973000 0.9510 0.9510 0.9510 0.9530 0.9530
5.006349 0.9530 0.9530 0.9530 0.9530 0.9540
5.040000 0.9540 0.9540 0.9540 0.9540 0.9540
5.073349 0.9540 0.9540 0.9540 0.9530 0.9530
5.107000 0.9510 0.9510 0.9490 0.9460 0.9440
5.140349 0.9410 0.9390 0.9390 0.9380 0.9380
5.173000 0.9390 0.9390 0.9410 0.9430 0.9440
5.206349 0.9440 0.9480 0.9480 0.9490 0.9480
5.240000 0.9490 0.9490 0.9510 0.9510 0.9510
5.273349 0.9510 0.9510 0.9510 0.9510 0.9510
5.307000 0.9510 0.9490 0.9490 0.9490 0.9480
5.340349 0.9480 0.9480 0.9460 0.9460 0.9460
5.373000 0.9460 0.9460 0.9460 0.9460 0.9440
5.406349 0.9430 0.9430 0.9430 0.9410 0.9410
5.440000 0.9410 0.9390 0.9380 0.9380 0.9360
5.473349 0.9360 0.9340 0.9340 0.9340 0.9340
5.507000 0.9360 0.9360 0.9380 0.9390 0.9390
5.540349 0.9390 0.9390 0.9390 0.9380 0.9380
5.573000 0.9380 0.9380 0.9380 0.9380 0.9380
5.606349 0.9380 0.9380 0.9380 0.9380 0.9360
5.640000 0.9360 0.9360 0.9360 0.9360 0.9340
5.673349 0.9340 0.9330 0.9330 0.9330 0.9280
5.707000 0.9230 0.9160 0.9130 0.9130 0.9090
5.740349 0.9040 0.9030 0.9010 0.8990 0.8980
5.773000 0.8980 0.9010 0.9010 0.9010 0.9010
5.806349 0.9010 0.8990 0.8980 0.8960 0.8940
5.840000 0.8940 0.9010 0.8990 0.8960 0.8960
5.873349 0.8910 0.8860 0.8830 0.8810 0.8830
5.907000 0.8840 0.8890 0.8930 0.8930 0.8940
5.940349 0.8960 0.8960 0.8940 0.8960 0.8960
5.973000 0.8980 0.8990 0.9010 0.9060 0.9090
6.006349 0.9090 0.9090 0.9080 0.9080 0.9080
6.040000 0.9060 0.9040 0.9040 0.9030 0.9010
6.073349 0.8990 0.8990 0.8990 0.9010 0.9010
6.107000 0.9010 0.9010 0.9010 0.9010 0.9010
6.140349 0.9010 0.9030 0.9040 0.9030 0.9040
6.173000 0.9060 0.9080 0.9080 0.9080 0.9080
6.206349 0.9080 0.9090 0.9110 0.9130 0.9130
6.240000 0.9110 0.9110 0.9110 0.9110 0.9110
6.273349 0.9130 0.9140 0.9160 0.9160 0.9180
6.307000 0.9160 0.9160 0.9160 0.9160 0.9140
6.340349 0.9130 0.9140 0.9140 0.9140 0.9140
6.373000 0.9130 0.9130 0.9080 0.9060 0.9010
6.406349 0.9010 0.8990 0.9010 0.9060 0.9040
6.440000 0.9030 0.9010 0.8990 0.8890 0.8860
6.473349 0.8830 0.8840 0.8840 0.8840 0.8840
6.507000 0.8840 0.8830 0.8790 0.8760 0.8740
6.540349 0.8730 0.8690 0.8680 0.8680 0.8680
6.573000 0.8680 0.8680 0.8660 0.8630 0.8560
6.606349 0.8530 0.8510 0.8510 0.8510 0.8510
6.640000 0.8440 0.8340 0.8260 0.8110 0.8030
6.673349 0.7860 0.7590 0.7170 0.7090 0.6420
6.707000 0.6060 0.5400 0.5090 0.4770 0.4400
6.740349 0.3900 0.3770 0.3770 0.3800 0.3980
6.773000 0.4190 0.4400 0.4640 0.4850 0.5240
6.806349 0.5370 0.5450 0.5640 0.5870 0.6170
6.840000 0.6440 0.6670 0.6870 0.7040 0.7210
6.873349 0.7340 0.7460 0.7570 0.7660 0.7760
6.907000 0.7840 0.7920 0.8030 0.8110 0.8160
6.940349 0.8230 0.8260 0.8290 0.8330 0.8330
6.973000 0.8380 0.8380 0.8380 0.8380 0.8380
7.006349 0.8380 0.8380 0.8360 0.8340 0.8310
7.040000 0.8290 0.8230 0.8160 0.8090 0.7990
7.073349 0.7840 0.7590 0.7090 0.6760 0.6460
7.107000 0.6010 0.5840 0.5720 0.5720 0.5790
7.140349 0.6110 0.6460 0.6970 0.7210 0.7460
7.173000 0.7540 0.7620 0.7720 0.7860 0.7920
7.206349 0.7970 0.8010 0.8010 0.8030 0.8030
7.240000 0.7870 0.7620 0.7390 0.7040 0.6720
7.273349 0.6360 0.6190 0.5970 0.5820 0.5820
7.307000 0.5840 0.5950 0.6140 0.6420 0.6720
7.340349 0.7060 0.7370 0.7590 0.7890 0.8080
7.373000 0.8230 0.8310 0.8360 0.8380 0.8390
7.406349 0.8390 0.8410 0.8410 0.8430 0.8460
7.440000 0.8490 0.8540 0.8590 0.8610 0.8640
7.473349 0.8690 0.8710 0.8730 0.8740 0.8760
7.507000 0.8760 0.8780 0.8780 0.8790 0.8780
7.540349 0.8780 0.8760 0.8730 0.8690 0.8630
7.573000 0.8580 0.8510 0.8440 0.8330 0.8180
7.606349 0.8030 0.7920 0.7840 0.7760 0.7720
7.640000 0.7660 0.7640 0.7620 0.7610 0.7610
7.673349 0.7590 0.7570 0.7560 0.7520 0.7510
7.707000 0.7510 0.7520 0.7520 0.7570 0.7640
7.740349 0.7690 0.7720 0.7740 0.7760 0.7770
7.773000 0.7790 0.7810 0.7820 0.7860 0.7860
7.806349 0.7820 0.7820 0.7820 0.7810 0.7790
7.840000 0.7760 0.7740 0.7710 0.7660 0.7620
7.873349 0.7590 0.7570 0.7560 0.7540 0.7520
7.907000 0.7510 0.7470 0.7440 0.7410 0.7410
7.940349 0.7390 0.7370 0.7340 0.7310 0.7260
7.973000 0.7190 0.7170 0.7160 0.7190 0.7220
8.006349 0.7290 0.7410 0.7470 0.7560 0.7610
8.040000 0.7670 0.7720 0.7790 0.7820 0.7860
8.073349 0.7870 0.7890 0.7910 0.7920 0.7910
8.107000 0.7890 0.7870 0.7840 0.7790 0.7760
8.140349 0.7690 0.7610 0.7570 0.7570 0.7610
8.173000 0.7720 0.7810 0.7870 0.7920 0.7970
8.206349 0.8010 0.8010 0.7920 0.7840 0.7790
8.240000 0.7560 0.7420 0.7110 0.6970 0.6970
8.273349 0.6990 0.7060 0.7140 0.7390 0.7590
8.307000 0.7840 0.8010 0.8010 0.8010 0.8010
8.340349 0.7990 0.7990 0.7960 0.7920 0.7890
8.373000 0.7870 0.7860 0.7860 0.7860 0.7860
8.406349 0.7870 0.7920 0.7990 0.7990 0.8030
8.440000 0.8080 0.8090 0.8130 0.8160 0.8180
8.473349 0.8190 0.8210 0.8230 0.8240 0.8260
8.507000 0.8260 0.8260 0.8280 0.8280 0.8280
8.540349 0.8290 0.8290 0.8290 0.8290 0.8290
8.573000 0.8290 0.8290 0.8290 0.8290 0.8290
8.606349 0.8290 0.8290 0.8290 0.8290 0.8290
8.640000 0.8290 0.8290 0.8290 0.8290 0.8290
8.673349 0.8290 0.8290 0.8290 0.8290 0.8290
8.707000 0.8290 0.8290 0.8290 0.8290 0.8280
8.740349 0.8280 0.8280 0.8280 0.8260 0.8260
8.773000 0.8240 0.8240 0.8230 0.8210 0.8190
8.806349 0.8180 0.8160 0.8160 0.8130 0.8110
8.840000 0.8090 0.8080 0.8060 0.8040 0.8030
8.873349 0.7990 0.7970 0.7970 0.7960 0.7920
8.907000 0.7890 0.7890 0.7870 0.7870 0.7860
8.940349 0.7840 0.7820 0.7810 0.7790 0.7770
8.973000 0.7720 0.7690 0.7670 0.7640 0.7590
9.006349 0.7560 0.7520 0.7510 0.7460 0.7420
9.040000 0.7410 0.7360 0.7260 0.7220 0.7210
9.073349 0.7160 0.7110 0.7040 0.7010 0.6970
9.107000 0.6890 0.6840 0.6770 0.6690 0.6540
9.140349 0.6410 0.6290 0.6240 0.6090 0.5970
9.173000 0.5920 0.5750 0.5640 0.5490 0.5290
9.206349 0.5070 0.4950 0.4840 0.4590 0.4300
9.240000 0.4020 0.3730 0.3430 0.3130 0.2850
9.273349 0.2550 0.2280 0.2020 0.1780 0.1560
9.307000 0.1360 0.1210 0.1100 0.0980 0.0910
9.340349 0.0900 0.0900 0.0880 0.0880 0.0900
9.373000 0.0960 0.1030 0.1130 0.1260 0.1430
9.406349 0.1600 0.1750 0.1900 0.2020 0.2070
9.440000 0.2150 0.2200 0.2200 0.2200 0.2170
9.473349 0.2120 0.2070 0.2000 0.1910 0.1810
9.507000 0.1730 0.1630 0.1530 0.1450 0.1350
9.540349 0.1250 0.1180 0.1080 0.1050 0.1000
9.573000 0.0980 0.0950 0.0950 0.0950 0.0950
9.606349 0.0950 0.0950 0.0950 0.0960 0.0960
9.640000 0.0980 0.1000 0.1010 0.1010 0.1030
9.673349 0.1030 0.1050 0.1050 0.1080 0.1080
9.707000 0.1130 0.1160 0.1200 0.1250 0.1280
9.740349 0.1350 0.1400 0.1410 0.1450 0.1460
9.773000 0.1480 0.1480 0.1430 0.1380 0.1260
9.806349 0.1150 0.1010 0.0950 0.0850 0.0760
9.840000 0.0680 0.0630 0.0560 0.0530 0.0510
9.873349 0.0500 0.0500 0.0480 0.0480 0.0460
9.907000 0.0460 0.0460 0.0480 0.0500 0.0510
9.940349 0.0510 0.0530 0.0560 0.0600 0.0610
9.973000 0.0630 0.0660 0.0700 0.0760 0.0830
10.006349 0.0900 0.0960 0.1030 0.1110 0.1210
10.040000 0.1310 0.1450 0.1580 0.1760 0.1950
10.073349 0.2170 0.2420 0.2580 0.2750 0.2920
10.107000 0.3100 0.3280 0.3470 0.3620 0.3770
10.140349 0.3900 0.4000 0.4070 0.4140 0.4170
10.173000 0.4240 0.4290 0.4300 0.4300 0.4300
10.206349 0.4300 0.4290 0.4200 0.4070 0.4050
10.240000 0.3950 0.3850 0.3750 0.3680 0.3630
10.273349 0.3570 0.3550 0.3520 0.3500 0.3500
10.307000 0.3500 0.3500 0.3520 0.3630 0.3720
10.340349 0.3880 0.3980 0.4170 0.4240 0.4440
10.373000 0.4490 0.4670 0.4750 0.4940 0.5300
10.406349 0.5440 0.5570 0.5690 0.5770 0.5870
10.440000 0.5940 0.6010 0.6090 0.6090 0.6110
10.473349 0.6110 0.6090 0.6070 0.6020 0.5940
10.507000 0.5850 0.5750 0.5640 0.5520 0.5390
10.540349 0.5250 0.5050 0.4990 0.4920 0.4800
10.573000 0.4620 0.4440 0.4470 0.4470 0.4450
10.606349 0.4470 0.4670 0.4920 0.5370 0.5600
10.640000 0.5900 0.6020 0.6120 0.6320 0.6470
10.673349 0.6570 0.6670 0.6720 0.6770 0.6820
10.707000 0.6860 0.6870 0.6920 0.6960 0.7010
10.740349 0.7070 0.7160 0.7220 0.7310 0.7360
10.773000 0.7410 0.7420 0.7420 0.7460 0.7470
10.806349 0.7470 0.7470 0.7470 0.7470 0.7470
10.840000 0.7470 0.7470 0.7470 0.7460 0.7420
10.873349 0.7390 0.7270 0.7160 0.7040 0.6910
10.907000 0.6760 0.6560 0.6310 0.5990 0.5590
10.940349 0.5090 0.4970 0.4840 0.4420 0.4300
10.973000 0.4240 0.4140 0.4120 0.4100 0.4270
11.006349 0.4840 0.5540 0.5790 0.6060 0.6320
11.040000 0.6570 0.6820 0.7020 0.7170 0.7270
11.073349 0.7440 0.7590 0.7690 0.7790 0.7870
11.107000 0.7940 0.8030 0.8090 0.8180 0.8230
11.140349 0.8260 0.8290 0.8380 0.8390 0.8410
11.173000 0.8430 0.8440 0.8440 0.8460 0.8460
11.206349 0.8480 0.8480 0.8510 0.8530 0.8530
11.240000 0.8560 0.8560 0.8580 0.8580 0.8590
11.273349 0.8590 0.8590 0.8610 0.8610 0.8610
11.307000 0.8610 0.8610 0.8610 0.8610 0.8610
11.340349 0.8590 0.8580 0.8560 0.8540 0.8540
11.373000 0.8530 0.8530 0.8530 0.8510 0.8510
11.406349 0.8510 0.8510 0.8510 0.8510 0.8510
11.440000 0.8530 0.8530 0.8540 0.8540 0.8540
11.473349 0.8540 0.8540 0.8540 0.8540 0.8530
11.507000 0.8530 0.8510 0.8510 0.8510 0.8490
11.540349 0.8510 0.8510 0.8510 0.8510 0.8510
11.573000 0.8510 0.8510 0.8510 0.8530 0.8530
11.606349 0.8530 0.8530 0.8510 0.8510 0.8510
11.640000 0.8490 0.8490 0.8480 0.8480 0.8480
11.673349 0.8460 0.8460 0.8440 0.8440 0.8430
11.707000 0.8410 0.8410 0.8390 0.8380 0.8360
11.740349 0.8340 0.8340 0.8330 0.8330 0.8290
11.773000 0.8280 0.8260 0.8240 0.8210 0.8210
11.806349 0.8180 0.8160 0.8140 0.8130 0.8090
11.840000 0.8060 0.8040 0.7990 0.7960 0.7960
11.873349 0.7890 0.7820 0.7820 0.7810 0.7760
11.907000 0.7690 0.7640 0.7570 0.7510 0.7420
11.940349 0.7360 0.7290 0.7190 0.7120 0.7070
11.973000 0.7020 0.6990 0.6940 0.6840 0.6720
12.006349 0.6520 0.6360 0.6340 0.6290 0.6220
12.040000 0.6170 0.6070 0.6060 0.6020 0.6010
12.073349 0.5950 0.5900 0.5800 0.5740 0.5700
12.107000 0.5670 0.5670 0.5640 0.5600 0.5550
12.140349 0.5520 0.5450 0.5370 0.5300 0.5220
12.173000 0.5140 0.5100 0.5050 0.5040 0.5000
12.206349 0.4970 0.4950 0.4940 0.4890 0.4770
12.240000 0.4740 0.4650 0.4640 0.4570 0.4540
12.273349 0.4490 0.4450 0.4420 0.4400 0.4370
12.307000 0.4350 0.4320 0.4300 0.4270 0.4220
12.340349 0.4170 0.4150 0.4140 0.4100 0.4090
12.373000 0.4090 0.4050 0.4050 0.4050 0.4050
12.406349 0.4040 0.4020 0.4020 0.4020 0.4020
12.440000 0.4040 0.4040 0.4050 0.4050 0.4070
12.473349 0.4100 0.4140 0.4200 0.4250 0.4290
12.507000 0.4300 0.4320 0.4320 0.4340 0.4340
12.540349 0.4340 0.4340 0.4340 0.4320 0.4120
12.573000 0.4020 0.3950 0.3920 0.3830 0.3650
12.606349 0.3330 0.2820 0.2650 0.2520 0.2430
12.640000 0.2370 0.2300 0.2230 0.2120 0.2100
12.673349 0.2100 0.2100 0.2120 0.2250 0.2370
12.707000 0.2480 0.2580 0.2670 0.2770 0.2850
12.740349 0.2930 0.3020 0.3100 0.3170 0.3250
12.773000 0.3330 0.3420 0.3500 0.3580 0.3670
12.806349 0.3680 0.3700 0.3700 0.3720 0.3730
12.840000 0.3730 0.3750 0.3750 0.3730 0.3680
12.873349 0.3630 0.3570 0.3500 0.3420 0.3320
12.907000 0.3220 0.3120 0.3000 0.2880 0.2770
12.940349 0.2650 0.2530 0.2420 0.2300 0.2180
12.973000 0.2080 0.1980 0.1880 0.1860 0.1830
13.006349 0.1760 0.1600 0.1550 0.1510 0.1460
13.040000 0.1450 0.1380 0.1350 0.1330 0.1310
13.073349 0.1300 0.1300 0.1260 0.1250 0.1210
13.107000 0.1200 0.1200 0.1200 0.1200 0.1200
13.140349 0.1200 0.1210 0.1230 0.1250 0.1260
13.173000 0.1260 0.1300 0.1300 0.1330 0.1360
13.206349 0.1400 0.1410 0.1430 0.1460 0.1500
13.240000 0.1500 0.1510 0.1530 0.1580 0.1580
13.273349 0.1610 0.1610 0.1610 0.1610 0.1610
13.307000 0.1610 0.1610 0.1610 0.1600 0.1600
13.340349 0.1580 0.1560 0.1530 0.1510 0.1500
13.373000 0.1500 0.1480 0.1480 0.1450 0.1430
13.406349 0.1410 0.1400 0.1360 0.1350 0.1310
13.440000 0.1310 0.1310 0.1310 0.1300 0.1300
13.473349 0.1300 0.1300 0.1300 0.1300 0.1300
13.507000 0.1310 0.1330 0.1350 0.1380 0.1400
13.540349 0.1430 0.1480 0.1510 0.1560 0.1610
13.573000 0.1680 0.1730 0.1800 0.1860 0.1950
13.606349 0.2020 0.2100 0.2180 0.2300 0.2400
13.640000 0.2500 0.2620 0.2720 0.2820 0.2920
13.673349 0.3030 0.3130 0.3250 0.3350 0.3450
13.707000 0.3570 0.3670 0.3780 0.3900 0.4000
13.740349 0.4120 0.4240 0.4350 0.4450 0.4500
13.773000 0.4600 0.4750 0.4890 0.4950 0.5070
13.806349 0.5170 0.5270 0.5340 0.5420 0.5490
13.840000 0.5550 0.5600 0.5670 0.5720 0.5770
13.873349 0.5840 0.5890 0.5940 0.5990 0.6040
13.907000 0.6040 0.6140 0.6210 0.6240 0.6290
13.940349 0.6310 0.6340 0.6370 0.6390 0.6420
13.973000 0.6460 0.6510 0.6520 0.6560 0.6610
14.006349 0.6640 0.6640 0.6660 0.6690 0.6710
14.040000 0.6720 0.6740 0.6760 0.6810 0.6860
14.073349 0.6870 0.6890 0.6910 0.6910 0.6910
14.107000 0.6920 0.6940 0.6940 0.6960 0.6970
14.140349 0.6970 0.6990 0.6990 0.7010 0.7020
14.173000 0.7040 0.7060 0.7060 0.7070 0.7070
14.206349 0.7090 0.7090 0.7110 0.7110 0.7110
14.240000 0.7110 0.7120 0.7120 0.7120 0.7120
14.273349 0.7140 0.7140 0.7140 0.7160 0.7160
14.307000 0.7160 0.7170 0.7170 0.7190 0.7190
14.340349 0.7210 0.7210 0.7210 0.7210 0.7210
14.373000 0.7210 0.7210 0.7210 0.7210 0.7210
14.406349 0.7210 0.7210 0.7210 0.7210 0.7210
14.440000 0.7210 0.7210 0.7210 0.7210 0.7210
14.473349 0.7210 0.7210 0.7210 0.7210 0.7210
14.507000 0.7210 0.7210 0.7210 0.7190 0.7190
14.540349 0.7190 0.7190 0.7170 0.7170 0.7170
14.573000 0.7170 0.7160 0.7160 0.7160 0.7160
14.606349 0.7140 0.7140 0.7120 0.7120 0.7110
14.640000 0.7110 0.7090 0.7070 0.7070 0.7070
14.673349 0.7070 0.7070 0.7070 0.7070 0.7090
14.707000 0.7090 0.7090 0.7090 0.7090 0.7070
14.740349 0.7070 0.7070 0.7060 0.7060 0.7040
14.773000 0.7040 0.7020 0.7020 0.7010 0.7010
14.806349 0.6990 0.6970 0.6970 0.6970 0.6960
14.840000 0.6960 0.6940 0.6920 0.6920 0.6910
14.873349 0.6890 0.6890 0.6870 0.6870 0.6860
14.907000 0.6860 0.6860 0.6840 0.6810 0.6790
14.940349 0.6770 0.6770 0.6760 0.6760 0.6740
14.973000 0.6740 0.6720 0.6720 0.6720 0.6720
15.006349 0.6720 0.6720 0.6720 0.6720 0.6720
15.040000 0.6720 0.6710 0.6710 0.6710 0.6690
15.073349 0.6690 0.6690 0.6670 0.6670 0.6660
15.107000 0.6640 0.6620 0.6610 0.6590 0.6570
15.140349 0.6560 0.6560 0.6560 0.6540 0.6540
15.173000 0.6540 0.6540 0.6540 0.6540 0.6520
15.206349 0.6520 0.6520 0.6510 0.6510 0.6490
15.240000 0.6490 0.6490 0.6470 0.6460 0.6460
15.273349 0.6440 0.6420 0.6420 0.6420 0.6410
15.307000 0.6410 0.6390 0.6390 0.6370 0.6370
15.340349 0.6360 0.6360 0.6340 0.6340 0.6340
15.373000 0.6320 0.6320 0.6320 0.6310 0.6310
15.406349 0.6310 0.6310 0.6310 0.6310 0.6290
15.440000 0.6290 0.6270 0.6270 0.6260 0.6260
15.473349 0.6240 0.6240 0.6240 0.6220 0.6220
15.507000 0.6220 0.6210 0.6210 0.6210 0.6190
15.540349 0.6170 0.6170 0.6160 0.6160 0.6160
15.573000 0.6160 0.6140 0.6120 0.6120 0.6120
15.606349 0.6110 0.6110 0.6090 0.6090 0.6070
15.640000 0.6040 0.6060 0.6040 0.6040 0.6040
15.673349 0.6020 0.6020 0.6010 0.5990 0.5990
15.707000 0.5990 0.5970 0.5950 0.5940 0.5940
15.740349 0.5920 0.5900 0.5890 0.5890 0.5870
15.773000 0.5870 0.5850 0.5850 0.5850 0.5850
15.806349 0.5850 0.5850 0.5840 0.5840 0.5800
15.840000 0.5790 0.5770 0.5750 0.5740 0.5720
15.873349 0.5700 0.5690 0.5670 0.5650 0.5640
15.907000 0.5620 0.5600 0.5590 0.5570 0.5550
15.940349 0.5550 0.5540 0.5540 0.5540 0.5540
15.973000 0.5520 0.5520 0.5500 0.5500 0.5500
##END=
