##TITLE=Pentadecylcyclohexane
##JCAMP-DX=4.24
##DATA TYPE=INFRARED SPECTRUM
##ORIGIN=NIST Mass Spectrometry Data Center
##OWNER=NIST Standard Reference Data Program
Collection (C) 2018 copyright by the U.S. Secretary of Commerce
on behalf of the United States of America. All rights reserved.
##CAS REGISTRY NO=6006-95-7
##MOLFORM=C 21 H 42
##$NIST SOURCE=MSDC-IR
##SPECTROMETER/DATA SYSTEM=HP-GC/MS/IRD
##STATE=gas
##XUNITS=1/CM
##YUNITS=ABSORBANCE
##XFACTOR=1.0
##YFACTOR=0.000007200
##DELTAX=4.0
##FIRSTX=550.0
##LASTX=3846.0
##FIRSTY=0.000238
##MAXX=3846
##MINX=550
##MAXY=0.072
##MINY=0
##NPOINTS=825
##XYDATA=(X++(Y..Y))
550.0 33 40 34 31 34 37 32 30 26 21
590.0 23 19 21 23 13 11 14 13 13 16
630.0 12 5 9 14 14 11 13 21 22 21
670.0 24 29 30 28 31 35 39 54 69 79
710.0 89 101 112 108 105 101 90 76 72 68
750.0 61 58 58 53 53 52 45 42 40 36
790.0 36 38 38 33 32 33 38 41 35 36
830.0 39 40 49 53 47 44 44 43 43 45
870.0 45 46 53 57 56 56 57 56 50 42
910.0 39 38 36 35 32 32 30 29 28 25
950.0 29 35 38 39 40 39 38 40 40 37
990.0 35 36 43 45 43 44 47 47 41 40
1030.0 43 41 38 34 31 28 24 21 21 18
1070.0 22 25 23 21 18 18 22 22 18 18
1110.0 18 18 17 16 15 15 18 18 14 17
1150.0 15 13 11 11 15 16 15 18 20 20
1190.0 22 23 23 26 31 34 35 34 35 37
1230.0 38 36 34 36 40 44 56 69 77 84
1270.0 84 78 76 77 80 85 91 98 101 101
1310.0 102 105 102 96 98 104 123 152 173 192
1350.0 208 206 193 182 167 150 131 114 103 96
1390.0 85 76 71 64 63 67 74 88 94 104
1430.0 130 180 248 336 451 564 635 645 604 527
1470.0 424 314 220 157 120 95 74 60 53 55
1510.0 55 45 41 37 30 26 24 19 19 22
1550.0 18 18 18 12 7 6 7 8 10 9
1590.0 9 10 11 12 11 10 10 9 9 10
1630.0 8 8 6 6 8 10 11 11 8 9
1670.0 11 12 11 12 9 8 9 11 14 11
1710.0 8 12 13 8 5 11 15 10 9 15
1750.0 17 13 11 11 13 13 7 6 10 13
1790.0 11 8 8 8 4 5 8 6 8 9
1830.0 7 5 4 6 6 3 3 5 4 3
1870.0 3 3 1 1 3 4 4 2 0 3
1910.0 3 2 3 4 3 2 2 3 3 1
1950.0 1 0 0 2 4 4 3 4 3 3
1990.0 4 3 4 3 3 5 5 8 9 9
2030.0 9 10 9 8 6 5 8 9 9 8
2070.0 6 5 6 6 7 8 7 8 7 4
2110.0 3 5 6 5 4 6 8 10 8 7
2150.0 7 9 10 10 10 7 7 10 12 8
2190.0 8 9 9 10 8 7 8 9 9 8
2230.0 10 10 10 8 8 9 9 8 8 7
2270.0 7 9 9 9 10 9 10 12 12 8
2310.0 9 12 13 12 13 11 11 11 13 12
2350.0 14 16 18 18 16 15 16 15 14 13
2390.0 12 10 10 11 11 12 13 12 12 12
2430.0 11 10 11 12 10 9 11 11 9 10
2470.0 12 15 13 12 13 16 16 18 18 18
2510.0 19 19 21 22 21 20 23 29 28 24
2550.0 25 29 30 31 32 32 33 34 39 39
2590.0 41 45 46 45 48 52 53 54 58 61
2630.0 60 61 67 73 77 85 89 93 98 104
2670.0 101 100 99 98 96 92 90 87 86 83
2710.0 80 80 82 82 78 77 80 85 86 89
2750.0 93 96 98 101 106 115 124 133 147 162
2790.0 178 197 214 229 247 270 301 337 379 431
2830.0 500 601 757 1003 1381 1932 2658 3391 3719 3423
2870.0 2820 2287 1941 1763 1693 1722 1866 2138 2533 3040
2910.0 3656 4417 5440 6893 8678 10000 9996 8741 6908 5072
2950.0 3616 2660 2106 1805 1614 1408 1148 894 699 561
2990.0 463 393 340 295 260 233 212 194 177 162
3030.0 147 135 125 117 110 102 95 90 84 80
3070.0 75 71 70 67 64 58 56 60 57 55
3110.0 54 51 52 51 48 49 48 47 49 50
3150.0 50 49 48 44 40 40 39 34 31 30
3190.0 29 30 30 28 26 29 31 29 25 22
3230.0 19 19 21 23 22 23 22 20 17 17
3270.0 18 20 20 17 14 15 16 18 19 18
3310.0 16 14 20 18 19 20 16 21 24 21
3350.0 20 21 20 21 21 20 20 20 19 19
3390.0 17 14 13 13 15 17 15 16 15 15
3430.0 16 18 17 18 16 12 12 13 16 13
3470.0 13 15 13 13 14 13 13 16 16 11
3510.0 10 10 14 19 20 15 16 13 15 21
3550.0 12 7 11 17 24 19 13 13 17 26
3590.0 23 15 11 9 15 19 21 26 23 22
3630.0 23 20 19 19 26 28 20 17 16 13
3670.0 18 22 22 18 15 15 13 13 16 18
3710.0 18 20 21 21 18 15 22 23 20 22
3750.0 22 23 23 17 11 13 16 15 14 18
3790.0 22 20 19 16 17 20 19 18 16 14
3830.0 16 15 16 19 17
##END=
