##TITLE=N,N'-DIMETHYLCARBANILIDE
$$ E. K. CO. (WHITE LABEL)
##JCAMP-DX=4.24
##DATA TYPE=INFRARED SPECTRUM
##CLASS=COBLENTZ
##ORIGIN=WYANDOTTE CHEMICALS CORP., WYANDOTTE, MICHIGAN, USA
##OWNER=COBLENTZ SOCIETY
Collection (C) 2018 copyright by the U.S. Secretary of Commerce
on behalf of the United States of America. All rights reserved.
##DATE=Not specified, most likely prior to 1970
##NAMES=N,N'-dimethyl-N,N'-diphenylurea
##CAS REGISTRY NO=611-92-7
##MOLFORM=C15 H16 N2 O
##MP=120-122 C
##SOURCE REFERENCE=COBLENTZ NO. 2869
##$NIST SOURCE=COBLENTZ
##$NIST IMAGE=cob2869
##SPECTROMETER/DATA SYSTEM=Not specified, most likely a prism, grating, or hybrid spectrometer.
##STATE=SOLID (MINERAL OIL MULL)
##PATH LENGTH=
$$SPECTRAL CONTAMINATION DUE TO OIL AROUND 2900 CM^-^1
##SAMPLING PROCEDURE=TRANSMISSION
##RESOLUTION=4
##DATA PROCESSING=DIGITIZED BY NIST FROM HARD COPY
##XUNITS=MICROMETERS
##YUNITS=TRANSMITTANCE
##XFACTOR=1.000000
##YFACTOR=1
##DELTAX=000.006638
##FIRSTX=2.02
##LASTX=15.9799
##FIRSTY=0.512
##MAXX=15.9799
##MINX=2.02
##MAXY=0.955
##MINY=0.061
##NPOINTS=2104
##XYDATA=(X++(Y..Y))
2.020000 0.5120 0.5070 0.4990 0.4970 0.4940
2.053207 0.4900 0.4890 0.4890 0.4890 0.4890
2.086000 0.4890 0.4890 0.4890 0.4900 0.4900
2.119207 0.4890 0.4890 0.4890 0.4870 0.4870
2.153000 0.4850 0.4850 0.4850 0.4850 0.4870
2.186207 0.4870 0.4870 0.4870 0.4870 0.4890
2.219000 0.4890 0.4900 0.4900 0.4920 0.4920
2.252207 0.4950 0.4950 0.4970 0.5000 0.5020
2.285000 0.5040 0.5070 0.5090 0.5090 0.5100
2.318207 0.5100 0.5140 0.5140 0.5140 0.5140
2.352000 0.5150 0.5150 0.5150 0.5170 0.5170
2.385207 0.5190 0.5200 0.5220 0.5240 0.5250
2.418000 0.5290 0.5300 0.5320 0.5330 0.5330
2.451207 0.5350 0.5370 0.5380 0.5420 0.5430
2.485000 0.5450 0.5470 0.5470 0.5480 0.5480
2.518207 0.5480 0.5500 0.5500 0.5500 0.5520
2.551000 0.5520 0.5530 0.5530 0.5570 0.5570
2.584207 0.5600 0.5620 0.5650 0.5700 0.5700
2.617000 0.5720 0.5730 0.5750 0.5770 0.5780
2.650207 0.5800 0.5830 0.5830 0.5850 0.5850
2.684000 0.5870 0.5870 0.5870 0.5880 0.5900
2.717207 0.5900 0.5900 0.5900 0.5900 0.5900
2.750000 0.5900 0.5900 0.5900 0.5880 0.5880
2.783207 0.5870 0.5870 0.5870 0.5870 0.5870
2.817000 0.5880 0.5880 0.5880 0.5880 0.5880
2.850207 0.5900 0.5900 0.5900 0.5900 0.5900
2.883000 0.5900 0.5900 0.5900 0.5880 0.5880
2.916207 0.5870 0.5870 0.5870 0.5870 0.5870
2.949000 0.5880 0.5880 0.5900 0.5900 0.5880
2.982207 0.5880 0.5880 0.5870 0.5850 0.5780
3.016000 0.5730 0.5720 0.5720 0.5730 0.5730
3.049207 0.5750 0.5750 0.5750 0.5750 0.5750
3.082000 0.5750 0.5750 0.5750 0.5730 0.5720
3.115207 0.5720 0.5720 0.5700 0.5680 0.5680
3.148000 0.5680 0.5670 0.5630 0.5570 0.5470
3.181207 0.5420 0.5350 0.5270 0.5100 0.4940
3.215000 0.4640 0.4260 0.4020 0.3710 0.3530
3.248207 0.3380 0.3360 0.3360 0.3390 0.3410
3.281000 0.3410 0.3300 0.2960 0.2660 0.2220
3.314207 0.1770 0.1400 0.1160 0.1010 0.0920
3.348000 0.0860 0.0790 0.0760 0.0720 0.0720
3.381207 0.0740 0.0820 0.0910 0.1010 0.1110
3.414000 0.1210 0.1310 0.1390 0.1400 0.1420
3.447207 0.1470 0.1520 0.1700 0.2020 0.2430
3.480000 0.2960 0.3560 0.4190 0.4700 0.5140
3.513207 0.5470 0.5730 0.5950 0.6150 0.6300
3.547000 0.6450 0.6550 0.6630 0.6650 0.6690
3.580207 0.6690 0.6730 0.6740 0.6780 0.6780
3.613000 0.6780 0.6790 0.6790 0.6790 0.6790
3.646207 0.6810 0.6830 0.6840 0.6860 0.6860
3.679000 0.6880 0.6880 0.6890 0.6890 0.6910
3.712207 0.6930 0.6940 0.6940 0.6960 0.6960
3.746000 0.6980 0.6990 0.6990 0.7010 0.7010
3.779207 0.7030 0.7040 0.7060 0.7060 0.7080
3.812000 0.7090 0.7090 0.7110 0.7110 0.7140
3.845207 0.7180 0.7180 0.7190 0.7230 0.7260
3.879000 0.7280 0.7310 0.7360 0.7390 0.7410
3.912207 0.7420 0.7420 0.7440 0.7460 0.7490
3.945000 0.7490 0.7510 0.7520 0.7560 0.7570
3.978207 0.7570 0.7590 0.7590 0.7610 0.7610
4.011000 0.7620 0.7640 0.7640 0.7640 0.7660
4.044207 0.7660 0.7660 0.7670 0.7670 0.7670
4.078000 0.7670 0.7670 0.7690 0.7690 0.7690
4.111207 0.7690 0.7690 0.7690 0.7690 0.7690
4.144000 0.7690 0.7690 0.7690 0.7690 0.7690
4.177207 0.7690 0.7690 0.7670 0.7670 0.7640
4.211000 0.7610 0.7590 0.7570 0.7570 0.7590
4.244207 0.7660 0.7740 0.7790 0.7820 0.7860
4.277000 0.7890 0.7910 0.7970 0.7990 0.8000
4.310207 0.8020 0.8090 0.8100 0.8140 0.8140
4.343000 0.8150 0.8150 0.8150 0.8150 0.8150
4.376207 0.8170 0.8170 0.8190 0.8200 0.8200
4.410000 0.8200 0.8200 0.8200 0.8200 0.8200
4.443207 0.8200 0.8170 0.8170 0.8150 0.8150
4.476000 0.8170 0.8170 0.8190 0.8200 0.8220
4.509207 0.8270 0.8290 0.8320 0.8320 0.8320
4.542000 0.8320 0.8320 0.8320 0.8320 0.8340
4.575207 0.8370 0.8400 0.8400 0.8440 0.8450
4.609000 0.8450 0.8490 0.8490 0.8490 0.8520
4.642207 0.8520 0.8520 0.8540 0.8550 0.8570
4.675000 0.8590 0.8600 0.8600 0.8600 0.8600
4.708207 0.8620 0.8620 0.8620 0.8620 0.8640
4.742000 0.8640 0.8640 0.8640 0.8650 0.8680
4.775207 0.8720 0.8730 0.8730 0.8770 0.8800
4.808000 0.8800 0.8800 0.8820 0.8830 0.8830
4.841207 0.8830 0.8830 0.8830 0.8850 0.8870
4.874000 0.8870 0.8880 0.8900 0.8900 0.8900
4.907207 0.8900 0.8920 0.8920 0.8920 0.8920
4.941000 0.8920 0.8950 0.8950 0.8970 0.8980
4.974207 0.9000 0.9000 0.9000 0.9000 0.9000
5.007000 0.9000 0.8980 0.8970 0.8950 0.8930
5.040207 0.8870 0.8850 0.8850 0.8850 0.8850
5.073000 0.8870 0.8870 0.8880 0.8900 0.8900
5.106207 0.8850 0.8820 0.8750 0.8700 0.8680
5.140000 0.8650 0.8650 0.8650 0.8670 0.8700
5.173207 0.8730 0.8800 0.8850 0.8920 0.9030
5.206000 0.9120 0.9150 0.9170 0.9180 0.9200
5.239207 0.9200 0.9200 0.9200 0.9180 0.9170
5.273000 0.9130 0.9100 0.9050 0.9020 0.8980
5.306207 0.8950 0.8920 0.8920 0.8920 0.8930
5.339000 0.8970 0.8980 0.9030 0.9120 0.9200
5.372207 0.9230 0.9270 0.9280 0.9300 0.9330
5.405000 0.9350 0.9400 0.9430 0.9430 0.9450
5.438207 0.9450 0.9430 0.9410 0.9410 0.9400
5.472000 0.9400 0.9400 0.9330 0.9270 0.9220
5.505207 0.9200 0.9120 0.9080 0.9030 0.9020
5.538000 0.9020 0.9050 0.9150 0.9200 0.9270
5.571207 0.9350 0.9410 0.9480 0.9550 0.9550
5.605000 0.9530 0.9510 0.9500 0.9450 0.9410
5.638207 0.9400 0.9400 0.9350 0.9270 0.9180
5.671000 0.9080 0.8970 0.8870 0.8770 0.8670
5.704207 0.8600 0.8540 0.8520 0.8540 0.8550
5.737000 0.8600 0.8640 0.8640 0.8600 0.8500
5.770207 0.8440 0.8400 0.8320 0.8140 0.7990
5.804000 0.7820 0.7690 0.7570 0.7470 0.7370
5.837207 0.7280 0.7190 0.7030 0.6780 0.6310
5.870000 0.5970 0.5680 0.5450 0.5240 0.5020
5.903207 0.4770 0.4440 0.3730 0.3280 0.2950
5.936000 0.2680 0.2420 0.2080 0.1920 0.1650
5.969207 0.1290 0.1040 0.0940 0.0870 0.0820
6.003000 0.0740 0.0720 0.0710 0.0690 0.0690
6.036207 0.0710 0.0770 0.0870 0.0990 0.1090
6.069000 0.1210 0.1420 0.1690 0.1940 0.2120
6.102207 0.2350 0.2570 0.2730 0.2860 0.3030
6.136000 0.3360 0.3640 0.3930 0.4120 0.4160
6.169207 0.4120 0.3830 0.3580 0.2780 0.1670
6.202000 0.1140 0.0760 0.0630 0.0610 0.0610
6.235207 0.0630 0.0710 0.0810 0.0960 0.1140
6.268000 0.1390 0.1620 0.1840 0.1990 0.2130
6.301207 0.2430 0.2660 0.2780 0.2850 0.2900
6.335000 0.2960 0.3030 0.3130 0.3260 0.3360
6.368207 0.3410 0.3410 0.3440 0.3480 0.3510
6.401000 0.3580 0.3630 0.3690 0.3740 0.3790
6.434207 0.3860 0.3940 0.4020 0.4040 0.4070
6.468000 0.4120 0.4210 0.4290 0.4370 0.4460
6.501207 0.4520 0.4560 0.4620 0.4750 0.4940
6.534000 0.5000 0.5000 0.4950 0.4840 0.4750
6.567207 0.4640 0.4460 0.4020 0.3230 0.2420
6.600000 0.1640 0.1620 0.1040 0.0720 0.0710
6.633207 0.0720 0.0840 0.0990 0.1140 0.1370
6.667000 0.1520 0.1540 0.1540 0.1540 0.1540
6.700207 0.1500 0.1500 0.1490 0.1440 0.1390
6.733000 0.1310 0.1210 0.1010 0.0990 0.0970
6.766207 0.0970 0.0970 0.0990 0.1010 0.1020
6.799000 0.1060 0.1070 0.1090 0.1090 0.1110
6.832207 0.1140 0.1190 0.1270 0.1310 0.1350
6.866000 0.1350 0.1350 0.1340 0.1320 0.1310
6.899207 0.1310 0.1270 0.1270 0.1260 0.1260
6.932000 0.1270 0.1320 0.1420 0.1500 0.1620
6.965207 0.1970 0.2370 0.2730 0.3230 0.4020
6.999000 0.4210 0.4240 0.4270 0.4240 0.3910
7.032207 0.3740 0.3590 0.3580 0.3590 0.3630
7.065000 0.3690 0.3730 0.3760 0.3780 0.3740
7.098207 0.3690 0.3580 0.3460 0.3330 0.3200
7.131000 0.3030 0.2810 0.2520 0.2300 0.2150
7.164207 0.1920 0.1750 0.1650 0.1500 0.1390
7.198000 0.1270 0.1170 0.1040 0.1010 0.1010
7.231207 0.0970 0.0940 0.0910 0.0840 0.0770
7.264000 0.0710 0.0670 0.0660 0.0660 0.0660
7.297207 0.0670 0.0710 0.0770 0.0790 0.0810
7.330000 0.0860 0.0920 0.1010 0.1120 0.1270
7.363207 0.1420 0.1570 0.1750 0.1920 0.2130
7.397000 0.2350 0.2600 0.2860 0.3010 0.3260
7.430207 0.3440 0.3610 0.3710 0.3740 0.3810
7.463000 0.3830 0.3830 0.3710 0.3510 0.3380
7.496207 0.3250 0.3060 0.2960 0.2780 0.2660
7.530000 0.2570 0.2530 0.2520 0.2530 0.2620
7.563207 0.2700 0.2730 0.2730 0.2780 0.2800
7.596000 0.2830 0.2950 0.3060 0.3210 0.3390
7.629207 0.3480 0.3610 0.3740 0.3930 0.3960
7.662000 0.3910 0.3830 0.3630 0.3530 0.3510
7.695207 0.3490 0.3490 0.3490 0.3530 0.3590
7.729000 0.3610 0.3630 0.3610 0.3510 0.3440
7.762207 0.3430 0.3390 0.3390 0.3410 0.3680
7.795000 0.3960 0.4340 0.4740 0.5050 0.5320
7.828207 0.5500 0.5650 0.5780 0.5880 0.5970
7.862000 0.6060 0.6110 0.6160 0.6230 0.6310
7.895207 0.6350 0.6400 0.6410 0.6430 0.6450
7.928000 0.6480 0.6480 0.6460 0.6450 0.6430
7.961207 0.6430 0.6430 0.6430 0.6450 0.6510
7.994000 0.6550 0.6580 0.6650 0.6660 0.6690
8.027207 0.6690 0.6710 0.6710 0.6740 0.6740
8.061000 0.6740 0.6730 0.6730 0.6730 0.6730
8.094207 0.6710 0.6660 0.6560 0.6480 0.6360
8.127000 0.6250 0.6060 0.5820 0.5580 0.5330
8.160207 0.5040 0.4820 0.4620 0.4340 0.4320
8.193000 0.4340 0.4570 0.4720 0.4840 0.5050
8.226207 0.5300 0.5550 0.5770 0.5950 0.6110
8.260000 0.6250 0.6360 0.6450 0.6510 0.6560
8.293207 0.6600 0.6610 0.6630 0.6660 0.6690
8.326000 0.6740 0.6810 0.6840 0.6980 0.7060
8.359207 0.7090 0.7110 0.7130 0.7140 0.7160
8.393000 0.7190 0.7190 0.7160 0.7060 0.7010
8.426207 0.6940 0.6840 0.6710 0.6630 0.6580
8.459000 0.6560 0.6580 0.6650 0.6730 0.6790
8.492207 0.6890 0.6980 0.7080 0.7210 0.7280
8.525000 0.7340 0.7390 0.7410 0.7440 0.7440
8.558207 0.7440 0.7440 0.7440 0.7440 0.7440
8.592000 0.7440 0.7420 0.7310 0.7180 0.7060
8.625207 0.6980 0.6840 0.6730 0.6650 0.6630
8.658000 0.6630 0.6680 0.6830 0.6960 0.7090
8.691207 0.7110 0.7110 0.7110 0.7110 0.7110
8.725000 0.7060 0.6990 0.6910 0.6780 0.6680
8.758207 0.6560 0.6380 0.6250 0.6060 0.5850
8.791000 0.5680 0.5370 0.5070 0.4740 0.4370
8.824207 0.4010 0.3660 0.3310 0.3000 0.2710
8.857000 0.2500 0.2320 0.2220 0.2200 0.2200
8.890207 0.2230 0.2450 0.2580 0.2750 0.2880
8.924000 0.3000 0.3080 0.3160 0.3230 0.3280
8.957207 0.3340 0.3430 0.3590 0.3780 0.4110
8.990000 0.4410 0.4700 0.4970 0.5220 0.5450
9.023207 0.5680 0.5880 0.6060 0.6180 0.6310
9.056000 0.6460 0.6550 0.6650 0.6730 0.6810
9.089207 0.6840 0.6890 0.6930 0.6940 0.6990
9.123000 0.7010 0.7040 0.7080 0.7130 0.7140
9.156207 0.7140 0.7140 0.7140 0.7130 0.7110
9.189000 0.7090 0.7010 0.6860 0.6510 0.6230
9.222207 0.6000 0.5580 0.5100 0.4670 0.4320
9.256000 0.4270 0.4260 0.4260 0.4490 0.4890
9.289207 0.5220 0.5680 0.6100 0.6430 0.6650
9.322000 0.6930 0.7090 0.7210 0.7290 0.7370
9.355207 0.7420 0.7490 0.7560 0.7620 0.7670
9.388000 0.7720 0.7720 0.7760 0.7770 0.7790
9.421207 0.7790 0.7810 0.7820 0.7860 0.7890
9.455000 0.7920 0.7940 0.7970 0.7990 0.7990
9.488207 0.8000 0.8000 0.8020 0.8040 0.8040
9.521000 0.8040 0.8020 0.8000 0.8000 0.7940
9.554207 0.7870 0.7760 0.7660 0.7520 0.7310
9.587000 0.7180 0.6980 0.6810 0.6790 0.6790
9.620207 0.6790 0.6930 0.7060 0.7180 0.7360
9.654000 0.7510 0.7560 0.7570 0.7560 0.7510
9.687207 0.7330 0.7110 0.6790 0.6510 0.6260
9.720000 0.6010 0.6000 0.6010 0.6160 0.6280
9.753207 0.6360 0.6450 0.6500 0.6500 0.6500
9.787000 0.6500 0.6510 0.6560 0.6660 0.6830
9.820207 0.7060 0.7360 0.7520 0.7640 0.7760
9.853000 0.7840 0.7940 0.8000 0.8040 0.8100
9.886207 0.8190 0.8200 0.8220 0.8240 0.8240
9.919000 0.8240 0.8220 0.8150 0.8070 0.8020
9.952207 0.7970 0.7920 0.7870 0.7860 0.7860
9.986000 0.7890 0.7960 0.8000 0.8040 0.8100
10.019207 0.8170 0.8220 0.8250 0.8300 0.8340
10.052000 0.8390 0.8420 0.8420 0.8420 0.8440
10.085207 0.8440 0.8440 0.8440 0.8450 0.8450
10.119000 0.8450 0.8450 0.8450 0.8450 0.8450
10.152207 0.8440 0.8420 0.8400 0.8390 0.8390
10.185000 0.8390 0.8370 0.8370 0.8350 0.8350
10.218207 0.8340 0.8340 0.8300 0.8270 0.8220
10.251000 0.8170 0.7990 0.7770 0.7570 0.7470
10.284207 0.7390 0.7330 0.7290 0.7290 0.7280
10.318000 0.7280 0.7280 0.7290 0.7370 0.7510
10.351207 0.7620 0.7720 0.7820 0.7940 0.8020
10.384000 0.8090 0.8100 0.8220 0.8270 0.8300
10.417207 0.8300 0.8300 0.8300 0.8300 0.8300
10.450000 0.8300 0.8240 0.8170 0.8050 0.7970
10.483207 0.7790 0.7660 0.7510 0.7280 0.7010
10.517000 0.6730 0.6460 0.6210 0.5830 0.5250
10.550207 0.5150 0.5000 0.4990 0.4970 0.4990
10.583000 0.5040 0.5100 0.5170 0.5250 0.6010
10.616207 0.6200 0.6360 0.6530 0.6710 0.6880
10.650000 0.7040 0.7180 0.7290 0.7390 0.7490
10.683207 0.7540 0.7590 0.7620 0.7710 0.7810
10.716000 0.7870 0.7920 0.7940 0.7960 0.7970
10.749207 0.8000 0.8020 0.8100 0.8140 0.8150
10.782000 0.8170 0.8170 0.8190 0.8220 0.8250
10.815207 0.8270 0.8290 0.8300 0.8320 0.8340
10.849000 0.8340 0.8340 0.8340 0.8320 0.8320
10.882207 0.8300 0.8300 0.8250 0.8190 0.8070
10.915000 0.7890 0.7710 0.7470 0.7330 0.7160
10.948207 0.7060 0.7040 0.7040 0.7110 0.7210
10.982000 0.7310 0.7390 0.7490 0.7640 0.7760
11.015207 0.7860 0.7940 0.7990 0.8020 0.8040
11.048000 0.8050 0.8050 0.8070 0.8070 0.8100
11.081207 0.8150 0.8240 0.8300 0.8370 0.8440
11.114000 0.8520 0.8590 0.8600 0.8620 0.8620
11.147207 0.8650 0.8700 0.8720 0.8720 0.8720
11.181000 0.8730 0.8730 0.8750 0.8750 0.8770
11.214207 0.8770 0.8770 0.8770 0.8780 0.8780
11.247000 0.8780 0.8780 0.8800 0.8800 0.8800
11.280207 0.8820 0.8820 0.8830 0.8830 0.8830
11.313000 0.8830 0.8850 0.8850 0.8850 0.8830
11.346207 0.8830 0.8830 0.8830 0.8830 0.8830
11.380000 0.8850 0.8850 0.8870 0.8870 0.8870
11.413207 0.8880 0.8880 0.8900 0.8900 0.8900
11.446000 0.8920 0.8920 0.8920 0.8920 0.8920
11.479207 0.8920 0.8920 0.8920 0.8920 0.8920
11.513000 0.8920 0.8930 0.8930 0.8950 0.8950
11.546207 0.8970 0.8980 0.8980 0.8980 0.8980
11.579000 0.8980 0.8980 0.8980 0.9000 0.9000
11.612207 0.9000 0.9000 0.9000 0.9030 0.9030
11.645000 0.9030 0.9050 0.9050 0.9070 0.9070
11.678207 0.9080 0.9080 0.9080 0.9080 0.9080
11.712000 0.9080 0.9080 0.9080 0.9080 0.9080
11.745207 0.9080 0.9070 0.9070 0.9070 0.9050
11.778000 0.9030 0.9020 0.9020 0.9000 0.8980
11.811207 0.8970 0.8950 0.8950 0.8850 0.8770
11.844000 0.8700 0.8650 0.8620 0.8520 0.8400
11.877207 0.8250 0.8020 0.7820 0.7660 0.7420
11.911000 0.7410 0.7390 0.7390 0.7410 0.7490
11.944207 0.7610 0.7690 0.7790 0.7870 0.7990
11.977000 0.8090 0.8170 0.8290 0.8370 0.8450
12.010207 0.8520 0.8540 0.8590 0.8600 0.8640
12.044000 0.8680 0.8700 0.8770 0.8780 0.8800
12.077207 0.8820 0.8820 0.8830 0.8830 0.8850
12.110000 0.8850 0.8880 0.8900 0.8930 0.8980
12.143207 0.9000 0.9020 0.9030 0.9030 0.9050
12.176000 0.9050 0.9050 0.9070 0.9070 0.9070
12.209207 0.9080 0.9080 0.9080 0.9080 0.9100
12.243000 0.9120 0.9120 0.9120 0.9120 0.9130
12.276207 0.9130 0.9130 0.9130 0.9130 0.9130
12.309000 0.9120 0.9120 0.9120 0.9120 0.9120
12.342207 0.9120 0.9130 0.9130 0.9130 0.9150
12.376000 0.9150 0.9150 0.9150 0.9130 0.9130
12.409207 0.9130 0.9130 0.9130 0.9150 0.9150
12.442000 0.9150 0.9170 0.9170 0.9170 0.9170
12.475207 0.9170 0.9180 0.9180 0.9180 0.9180
12.508000 0.9180 0.9180 0.9170 0.9150 0.9150
12.541207 0.9150 0.9130 0.9130 0.9150 0.9150
12.575000 0.9150 0.9150 0.9150 0.9150 0.9130
12.608207 0.9120 0.9120 0.9120 0.9100 0.9080
12.641000 0.9080 0.9080 0.9100 0.9100 0.9100
12.674207 0.9100 0.9100 0.9080 0.9080 0.9050
12.707000 0.9000 0.9000 0.8980 0.8980 0.8970
12.740207 0.8950 0.8920 0.8800 0.8780 0.8730
12.774000 0.8720 0.8620 0.8550 0.8470 0.8350
12.807207 0.8150 0.7940 0.7710 0.7490 0.7310
12.840000 0.7040 0.6780 0.6560 0.6350 0.6210
12.873207 0.6200 0.6210 0.6460 0.6660 0.6880
12.907000 0.7080 0.7340 0.7460 0.7510 0.7520
12.940207 0.7540 0.7510 0.7420 0.7330 0.7180
12.973000 0.6960 0.6760 0.6550 0.6430 0.6310
13.006207 0.6250 0.6210 0.6210 0.6230 0.6350
13.039000 0.6460 0.6600 0.6680 0.6710 0.6730
13.072207 0.6730 0.6710 0.6690 0.6630 0.6550
13.106000 0.6410 0.6310 0.6210 0.6050 0.5780
13.139207 0.5570 0.5350 0.5050 0.4750 0.4470
13.172000 0.4160 0.3810 0.3460 0.2710 0.2620
13.205207 0.2450 0.2120 0.1770 0.1570 0.1470
13.239000 0.1260 0.1110 0.1070 0.1060 0.1040
13.272207 0.1040 0.1060 0.1090 0.1190 0.1310
13.305000 0.1470 0.1720 0.1990 0.2250 0.2530
13.338207 0.2810 0.3210 0.3630 0.3960 0.4410
13.371000 0.4750 0.5070 0.5330 0.5520 0.5870
13.404207 0.6150 0.6350 0.6550 0.6660 0.6810
13.438000 0.6940 0.7060 0.7130 0.7230 0.7310
13.471207 0.7410 0.7470 0.7540 0.7570 0.7590
13.504000 0.7610 0.7640 0.7690 0.7720 0.7770
13.537207 0.7790 0.7820 0.7890 0.7910 0.7920
13.570000 0.7990 0.8020 0.8120 0.8150 0.8190
13.603207 0.8200 0.8290 0.8340 0.8370 0.8390
13.637000 0.8400 0.8400 0.8400 0.8440 0.8490
13.670207 0.8490 0.8500 0.8500 0.8520 0.8520
13.703000 0.8550 0.8570 0.8570 0.8570 0.8570
13.736207 0.8570 0.8570 0.8570 0.8570 0.8590
13.770000 0.8590 0.8590 0.8590 0.8590 0.8590
13.803207 0.8590 0.8570 0.8570 0.8570 0.8570
13.836000 0.8570 0.8550 0.8550 0.8550 0.8540
13.869207 0.8540 0.8520 0.8520 0.8520 0.8520
13.902000 0.8500 0.8500 0.8500 0.8490 0.8490
13.935207 0.8490 0.8490 0.8470 0.8470 0.8470
13.969000 0.8470 0.8450 0.8440 0.8420 0.8370
14.002207 0.8290 0.8200 0.8170 0.8120 0.8090
14.035000 0.8020 0.7990 0.7910 0.7890 0.7810
14.068207 0.7740 0.7690 0.7690 0.7640 0.7620
14.101000 0.7610 0.7570 0.7510 0.7490 0.7420
14.134207 0.7390 0.7340 0.7290 0.7180 0.7030
14.168000 0.6930 0.6830 0.6760 0.6680 0.6580
14.201207 0.6410 0.6200 0.5900 0.5820 0.5650
14.234000 0.5450 0.5200 0.4890 0.4750 0.4340
14.267207 0.4160 0.3960 0.3680 0.3460 0.3230
14.301000 0.3010 0.2750 0.2550 0.2330 0.2170
14.334207 0.2030 0.1890 0.1720 0.1550 0.1440
14.367000 0.1390 0.1340 0.1240 0.1190 0.1170
14.400207 0.1170 0.1170 0.1190 0.1210 0.1220
14.433000 0.1220 0.1240 0.1320 0.1420 0.1520
14.466207 0.1640 0.1770 0.1870 0.2050 0.2170
14.500000 0.2370 0.2570 0.2780 0.3000 0.3250
14.533207 0.3490 0.3760 0.4040 0.4310 0.4570
14.566000 0.4840 0.5090 0.5330 0.5550 0.5750
14.599207 0.5920 0.6050 0.6230 0.6360 0.6510
14.633000 0.6630 0.6780 0.6910 0.7010 0.7110
14.666207 0.7230 0.7310 0.7410 0.7490 0.7560
14.699000 0.7620 0.7690 0.7720 0.7810 0.7840
14.732207 0.7870 0.7890 0.7910 0.7920 0.8000
14.765000 0.8050 0.8090 0.8120 0.8150 0.8170
14.798207 0.8190 0.8240 0.8270 0.8290 0.8300
14.832000 0.8300 0.8320 0.8320 0.8320 0.8320
14.865207 0.8320 0.8340 0.8340 0.8340 0.8350
14.898000 0.8370 0.8370 0.8370 0.8370 0.8370
14.931207 0.8370 0.8370 0.8370 0.8370 0.8350
14.964000 0.8350 0.8340 0.8320 0.8290 0.8250
14.997207 0.8190 0.8120 0.8000 0.7890 0.7810
15.031000 0.7760 0.7670 0.7590 0.7520 0.7470
15.064207 0.7390 0.7330 0.7280 0.7260 0.7240
15.097000 0.7230 0.7230 0.7230 0.7230 0.7230
15.130207 0.7240 0.7280 0.7290 0.7340 0.7390
15.164000 0.7420 0.7490 0.7490 0.7560 0.7610
15.197207 0.7670 0.7710 0.7760 0.7770 0.7770
15.230000 0.7770 0.7770 0.7770 0.7790 0.7790
15.263207 0.7820 0.7840 0.7860 0.7860 0.7860
15.296000 0.7820 0.7810 0.7810 0.7810 0.7790
15.329207 0.7770 0.7770 0.7770 0.7740 0.7710
15.363000 0.7710 0.7710 0.7690 0.7670 0.7620
15.396207 0.7570 0.7510 0.7420 0.7370 0.7290
15.429000 0.7190 0.7140 0.7060 0.6960 0.6830
15.462207 0.6740 0.6610 0.6500 0.6430 0.6400
15.495000 0.6350 0.6330 0.6310 0.6310 0.6310
15.528207 0.6310 0.6310 0.6330 0.6410 0.6500
15.562000 0.6610 0.6650 0.6740 0.6840 0.6930
15.595207 0.6960 0.7040 0.7160 0.7240 0.7290
15.628000 0.7310 0.7330 0.7340 0.7370 0.7390
15.661207 0.7390 0.7410 0.7410 0.7420 0.7440
15.695000 0.7440 0.7440 0.7420 0.7410 0.7410
15.728207 0.7390 0.7390 0.7370 0.7360 0.7340
15.761000 0.7330 0.7330 0.7310 0.7310 0.7290
15.794207 0.7280 0.7230 0.7190 0.7190 0.7140
15.827000 0.7130 0.7110 0.7090 0.7090 0.7080
15.860207 0.7080 0.7060 0.7060 0.7060 0.7030
15.894000 0.7030 0.7030 0.7010 0.6990 0.6980
15.927207 0.6960 0.6930 0.6910 0.6890 0.6880
15.960000 0.6830 0.6790 0.6790 0.6740
##END=
