##TITLE=n-HEPTALDOXIME
$$ E. K. CO. (WHITE LABEL)
##JCAMP-DX=4.24
##DATA TYPE=INFRARED SPECTRUM
##CLASS=COBLENTZ
##ORIGIN=WYANDOTTE CHEMICALS CORP., WYANDOTTE, MICHIGAN, USA
##OWNER=COBLENTZ SOCIETY
Collection (C) 2018 copyright by the U.S. Secretary of Commerce
on behalf of the United States of America. All rights reserved.
##DATE=Not specified, most likely prior to 1970
##NAMES=(1E)-heptanal oxime
##CAS REGISTRY NO=629-31-2
##MOLFORM=C7 H15 N O
##MP=54-56 C
##SOURCE REFERENCE=COBLENTZ NO. 2782
##$NIST SOURCE=COBLENTZ
##$NIST IMAGE=cob2782
##SPECTROMETER/DATA SYSTEM=Not specified, most likely a prism, grating, or hybrid spectrometer.
##STATE=SOLID (MINERAL OIL MULL)
##PATH LENGTH=
$$SPECTRAL CONTAMINATION DUE TO OIL AROUND 2900 CM^-^1
$$ SPECTRAL FEATURE AT 1676 CM^-^1 IS MOST LIKELY DUE TO AN UNKNOWN
##SAMPLING PROCEDURE=TRANSMISSION
##RESOLUTION=4
##DATA PROCESSING=DIGITIZED BY NIST FROM HARD COPY
##XUNITS=MICROMETERS
##YUNITS=TRANSMITTANCE
##XFACTOR=1.000000
##YFACTOR=1
##DELTAX=000.006629
##FIRSTX=2.02
##LASTX=15.9997
##FIRSTY=0.973
##MAXX=15.9997
##MINX=2.02
##MAXY=1
##MINY=0.051
##NPOINTS=2110
##XYDATA=(X++(Y..Y))
2.020000 0.9730 0.9730 0.9730 0.9730 0.9750
2.053160 0.9750 0.9780 0.9800 0.9810 0.9830
2.086000 0.9780 0.9710 0.9700 0.9660 0.9660
2.119160 0.9680 0.9700 0.9730 0.9780 0.9800
2.152000 0.9780 0.9680 0.9600 0.9550 0.9510
2.185160 0.9400 0.9400 0.9350 0.9330 0.9310
2.219000 0.9300 0.9250 0.9250 0.9210 0.9210
2.252160 0.9210 0.9250 0.9280 0.9310 0.9330
2.285000 0.9350 0.9360 0.9360 0.9360 0.9360
2.318160 0.9360 0.9360 0.9350 0.9350 0.9360
2.351000 0.9360 0.9410 0.9450 0.9460 0.9500
2.384160 0.9510 0.9530 0.9530 0.9550 0.9550
2.418000 0.9550 0.9560 0.9560 0.9600 0.9630
2.451160 0.9630 0.9630 0.9600 0.9600 0.9580
2.484000 0.9580 0.9600 0.9600 0.9610 0.9630
2.517160 0.9700 0.9710 0.9730 0.9750 0.9760
2.550000 0.9760 0.9760 0.9730 0.9680 0.9650
2.583160 0.9650 0.9650 0.9660 0.9700 0.9710
2.616000 0.9730 0.9730 0.9760 0.9850 0.9960
2.649160 0.9960 0.9960 0.9980 0.9980 0.9980
2.683000 0.9980 1.0000 1.0000 1.0000 1.0000
2.716160 1.0000 0.9980 0.9960 0.9950 0.9930
2.749000 0.9910 0.9900 0.9900 0.9880 0.9880
2.782160 0.9860 0.9850 0.9810 0.9780 0.9680
2.815000 0.9650 0.9550 0.9500 0.9480 0.9410
2.848160 0.9350 0.9230 0.9110 0.9080 0.9050
2.882000 0.8980 0.8900 0.8780 0.8700 0.8560
2.915160 0.8400 0.8250 0.8150 0.8030 0.7900
2.948000 0.7680 0.7420 0.7130 0.6870 0.6600
2.981160 0.6350 0.6100 0.5690 0.5140 0.4940
3.014000 0.4650 0.4340 0.3940 0.3490 0.2960
3.047160 0.2690 0.2370 0.2090 0.1890 0.1710
3.080000 0.1640 0.1540 0.1460 0.1410 0.1360
3.113160 0.1340 0.1340 0.1360 0.1480 0.1510
3.147000 0.1560 0.1690 0.1740 0.1760 0.1780
3.180160 0.1780 0.1640 0.1410 0.1380 0.1360
3.213000 0.1380 0.1430 0.1490 0.1610 0.1640
3.246160 0.1610 0.1540 0.1530 0.1540 0.1660
3.279000 0.1840 0.1840 0.1790 0.1540 0.1190
3.312160 0.0860 0.0590 0.0540 0.0530 0.0510
3.346000 0.0510 0.0510 0.0510 0.0510 0.0510
3.379160 0.0510 0.0510 0.0510 0.0510 0.0510
3.412000 0.0510 0.0510 0.0510 0.0510 0.0510
3.445160 0.0510 0.0530 0.0530 0.0530 0.0530
3.478000 0.0560 0.0590 0.0660 0.0760 0.0940
3.511160 0.1190 0.1360 0.1460 0.1590 0.1740
3.545000 0.1890 0.2040 0.2220 0.2410 0.2590
3.578160 0.2790 0.2960 0.3120 0.3290 0.3440
3.611000 0.3560 0.3660 0.3860 0.4040 0.4190
3.644160 0.4290 0.4350 0.4470 0.4690 0.4870
3.677000 0.5020 0.5140 0.5270 0.5390 0.5490
3.710160 0.5620 0.5740 0.5870 0.6000 0.6100
3.743000 0.6230 0.6370 0.6450 0.6530 0.6600
3.776160 0.6680 0.6750 0.6850 0.6930 0.7000
3.810000 0.7070 0.7100 0.7120 0.7130 0.7130
3.843160 0.7150 0.7220 0.7300 0.7380 0.7450
3.876000 0.7520 0.7580 0.7670 0.7750 0.7780
3.909160 0.7750 0.7780 0.7850 0.7930 0.8000
3.942000 0.8030 0.8080 0.8080 0.8100 0.8150
3.975160 0.8210 0.8230 0.8260 0.8310 0.8360
4.009000 0.8380 0.8380 0.8400 0.8400 0.8410
4.042160 0.8410 0.8410 0.8430 0.8460 0.8500
4.075000 0.8510 0.8510 0.8530 0.8530 0.8550
4.108160 0.8560 0.8580 0.8580 0.8580 0.8600
4.141000 0.8600 0.8610 0.8610 0.8630 0.8630
4.174160 0.8600 0.8580 0.8530 0.8500 0.8430
4.207000 0.8380 0.8350 0.8310 0.8300 0.8260
4.240160 0.8260 0.8260 0.8280 0.8360 0.8550
4.274000 0.8650 0.8680 0.8700 0.8730 0.8760
4.307160 0.8800 0.8850 0.8950 0.9050 0.9110
4.340000 0.9230 0.9300 0.9300 0.9280 0.9210
4.373160 0.9200 0.9180 0.9200 0.9230 0.9230
4.406000 0.9200 0.9150 0.9080 0.9050 0.9030
4.439160 0.9030 0.9050 0.9100 0.9150 0.9180
4.473000 0.9200 0.9200 0.9210 0.9210 0.9210
4.506160 0.9210 0.9210 0.9210 0.9210 0.9210
4.539000 0.9200 0.9180 0.9160 0.9130 0.9110
4.572160 0.9110 0.9100 0.9080 0.9050 0.9000
4.605000 0.8960 0.8930 0.8910 0.8860 0.8850
4.638160 0.8850 0.8860 0.8930 0.9100 0.9150
4.671000 0.9180 0.9200 0.9210 0.9250 0.9300
4.704160 0.9310 0.9380 0.9410 0.9430 0.9450
4.738000 0.9450 0.9460 0.9480 0.9480 0.9480
4.771160 0.9460 0.9460 0.9450 0.9450 0.9450
4.804000 0.9450 0.9450 0.9460 0.9460 0.9460
4.837160 0.9480 0.9480 0.9480 0.9500 0.9510
4.870000 0.9510 0.9530 0.9530 0.9550 0.9550
4.903160 0.9560 0.9560 0.9550 0.9530 0.9530
4.937000 0.9510 0.9500 0.9500 0.9460 0.9450
4.970160 0.9410 0.9380 0.9380 0.9400 0.9450
5.003000 0.9450 0.9410 0.9410 0.9410 0.9430
5.036160 0.9430 0.9430 0.9460 0.9460 0.9500
5.069000 0.9500 0.9530 0.9530 0.9530 0.9530
5.102160 0.9530 0.9550 0.9550 0.9550 0.9510
5.135000 0.9480 0.9460 0.9460 0.9460 0.9460
5.168160 0.9460 0.9480 0.9530 0.9560 0.9560
5.202000 0.9500 0.9480 0.9460 0.9460 0.9460
5.235160 0.9400 0.9380 0.9400 0.9410 0.9410
5.268000 0.9410 0.9430 0.9450 0.9480 0.9500
5.301160 0.9510 0.9510 0.9450 0.9400 0.9380
5.334000 0.9380 0.9360 0.9330 0.9310 0.9350
5.367160 0.9360 0.9380 0.9360 0.9350 0.9310
5.401000 0.9260 0.9210 0.9180 0.9180 0.9130
5.434160 0.9110 0.9110 0.9110 0.9100 0.9100
5.467000 0.9060 0.9060 0.9080 0.9080 0.9130
5.500160 0.9180 0.9180 0.9200 0.9180 0.9180
5.533000 0.9150 0.9130 0.9060 0.9010 0.9000
5.566160 0.8960 0.8950 0.8950 0.8980 0.9030
5.599000 0.9060 0.9100 0.9110 0.9110 0.9110
5.632160 0.9130 0.9130 0.9130 0.9150 0.9150
5.666000 0.9080 0.9010 0.8950 0.8800 0.8730
5.699160 0.8660 0.8630 0.8600 0.8560 0.8560
5.732000 0.8560 0.8600 0.8750 0.8850 0.8880
5.765160 0.8880 0.8660 0.8650 0.8680 0.8750
5.798000 0.8760 0.8730 0.8700 0.8530 0.8500
5.831160 0.8480 0.8460 0.8460 0.8450 0.8450
5.865000 0.8450 0.8400 0.8230 0.8000 0.7980
5.898160 0.7920 0.7880 0.7820 0.7580 0.7180
5.931000 0.6850 0.6500 0.6200 0.5750 0.4390
5.964160 0.4370 0.4390 0.5050 0.5490 0.5850
5.997000 0.6420 0.6770 0.7170 0.7420 0.7600
6.030160 0.7700 0.7700 0.7720 0.7720 0.7720
6.063000 0.7730 0.7730 0.7720 0.7700 0.7680
6.096160 0.7680 0.7670 0.7670 0.7650 0.7630
6.130000 0.7620 0.7600 0.7530 0.7480 0.7470
6.163160 0.7430 0.7430 0.7450 0.7470 0.7480
6.196000 0.7500 0.7520 0.7520 0.7520 0.7520
6.229160 0.7520 0.7520 0.7520 0.7500 0.7500
6.262000 0.7480 0.7480 0.7470 0.7450 0.7450
6.295160 0.7450 0.7450 0.7430 0.7400 0.7300
6.329000 0.7250 0.7220 0.7220 0.7220 0.7220
6.362160 0.7220 0.7200 0.7150 0.7030 0.6950
6.395000 0.6900 0.6850 0.6730 0.6680 0.6670
6.428160 0.6670 0.6700 0.6750 0.6730 0.6700
6.461000 0.6620 0.6580 0.6580 0.6520 0.6480
6.494160 0.6430 0.6420 0.6430 0.6500 0.6570
6.527000 0.6620 0.6630 0.6630 0.6620 0.6580
6.560160 0.6520 0.6480 0.6470 0.6450 0.6420
6.594000 0.6350 0.6170 0.5990 0.5970 0.5900
6.627160 0.5840 0.5600 0.5340 0.5150 0.5040
6.660000 0.4970 0.4890 0.4820 0.4590 0.4470
6.693160 0.4400 0.4250 0.4020 0.3840 0.3640
6.726000 0.3490 0.3010 0.2290 0.1510 0.1010
6.759160 0.0860 0.0810 0.0790 0.0790 0.0790
6.793000 0.0830 0.0980 0.1010 0.1040 0.1040
6.826160 0.1060 0.1060 0.1040 0.1040 0.1040
6.859000 0.1080 0.1160 0.1210 0.1290 0.1460
6.892160 0.1640 0.1840 0.2040 0.2240 0.2790
6.925000 0.3190 0.3470 0.3790 0.3960 0.4200
6.958160 0.4450 0.4890 0.5090 0.5120 0.5120
6.991000 0.4890 0.4350 0.4020 0.3890 0.3870
7.024160 0.3910 0.4770 0.5540 0.5900 0.6130
7.058000 0.6230 0.6300 0.6370 0.6550 0.6680
7.091160 0.6730 0.6770 0.6770 0.6780 0.6800
7.124000 0.6880 0.6900 0.6900 0.6880 0.6750
7.157160 0.6650 0.6530 0.6300 0.6030 0.5890
7.190000 0.5340 0.4890 0.4540 0.4150 0.4000
7.223160 0.3770 0.3670 0.3660 0.3690 0.4000
7.257000 0.4350 0.4520 0.4700 0.4720 0.4740
7.290160 0.4740 0.4770 0.4900 0.5050 0.5190
7.323000 0.5240 0.5320 0.5450 0.5650 0.5940
7.356160 0.6280 0.6320 0.6320 0.6220 0.6180
7.389000 0.6120 0.6000 0.5770 0.5470 0.5140
7.422160 0.4790 0.4440 0.4090 0.3740 0.3460
7.455000 0.3190 0.2990 0.2910 0.2890 0.2890
7.488160 0.3190 0.3590 0.3790 0.4090 0.4500
7.522000 0.4570 0.4500 0.4040 0.3490 0.3040
7.555160 0.2690 0.2470 0.2460 0.2470 0.2760
7.588000 0.3220 0.3590 0.4200 0.4720 0.4970
7.621160 0.5250 0.5740 0.6080 0.6250 0.6430
7.654000 0.6530 0.6650 0.6720 0.6780 0.6850
7.687160 0.6980 0.7100 0.7150 0.7170 0.7180
7.721000 0.7180 0.7220 0.7270 0.7300 0.7370
7.754160 0.7420 0.7480 0.7520 0.7570 0.7580
7.787000 0.7580 0.7580 0.7630 0.7680 0.7680
7.820160 0.7680 0.7680 0.7700 0.7700 0.7720
7.853000 0.7750 0.7770 0.7800 0.7830 0.7920
7.886160 0.7950 0.7980 0.8000 0.8010 0.8010
7.920000 0.8060 0.8100 0.8150 0.8160 0.8180
7.953160 0.8180 0.8200 0.8200 0.8200 0.8200
7.986000 0.8200 0.8210 0.8210 0.8210 0.8210
8.019160 0.8230 0.8230 0.8260 0.8280 0.8280
8.052000 0.8280 0.8280 0.8280 0.8300 0.8410
8.085160 0.8450 0.8450 0.8450 0.8450 0.8430
8.118000 0.8410 0.8410 0.8400 0.8260 0.8030
8.151160 0.7630 0.7150 0.6480 0.6330 0.6330
8.185000 0.6380 0.7180 0.7630 0.7930 0.8000
8.218160 0.8180 0.8210 0.8210 0.8230 0.8280
8.251000 0.8350 0.8380 0.8400 0.8400 0.8410
8.284160 0.8450 0.8480 0.8510 0.8530 0.8550
8.317000 0.8580 0.8600 0.8610 0.8630 0.8660
8.350160 0.8660 0.8680 0.8680 0.8680 0.8680
8.384000 0.8700 0.8700 0.8700 0.8710 0.8730
8.417160 0.8750 0.8760 0.8780 0.8780 0.8780
8.450000 0.8780 0.8780 0.8810 0.8850 0.8850
8.483160 0.8850 0.8810 0.8780 0.8760 0.8750
8.516000 0.8750 0.8710 0.8710 0.8700 0.8700
8.549160 0.8710 0.8780 0.8780 0.8780 0.8800
8.582000 0.8810 0.8810 0.8750 0.8710 0.8680
8.615160 0.8660 0.8660 0.8660 0.8700 0.8700
8.649000 0.8710 0.8710 0.8710 0.8710 0.8730
8.682160 0.8780 0.8810 0.8830 0.8830 0.8850
8.715000 0.8860 0.8880 0.8900 0.8910 0.8950
8.748160 0.8980 0.9000 0.9000 0.8980 0.8910
8.781000 0.8900 0.8880 0.8750 0.8580 0.8330
8.814160 0.8080 0.7980 0.7970 0.7970 0.7980
8.848000 0.8200 0.8350 0.8510 0.8580 0.8610
8.881160 0.8710 0.8800 0.8810 0.8800 0.8800
8.914000 0.8780 0.8780 0.8800 0.8800 0.8810
8.947160 0.8780 0.8760 0.8730 0.8700 0.8600
8.980000 0.8500 0.8450 0.8410 0.8430 0.8480
9.013160 0.8530 0.8580 0.8610 0.8650 0.8700
9.046000 0.8730 0.8730 0.8730 0.8730 0.8730
9.079160 0.8730 0.8730 0.8730 0.8710 0.8700
9.113000 0.8680 0.8680 0.8680 0.8660 0.8610
9.146160 0.8610 0.8600 0.8580 0.8480 0.8380
9.179000 0.8310 0.8280 0.8210 0.8150 0.8050
9.212160 0.7920 0.7770 0.7650 0.7450 0.7300
9.245000 0.7000 0.6700 0.6350 0.5900 0.5550
9.278160 0.5140 0.4700 0.4350 0.4320 0.4350
9.312000 0.4570 0.4890 0.5190 0.5550 0.5970
9.345160 0.6230 0.6380 0.6450 0.6630 0.6730
9.378000 0.6770 0.6770 0.6550 0.6400 0.6380
9.411160 0.6420 0.6520 0.6730 0.6880 0.7020
9.444000 0.7180 0.7250 0.7250 0.7200 0.7030
9.477160 0.6870 0.6850 0.6850 0.6900 0.7000
9.510000 0.7080 0.7230 0.7430 0.7600 0.7750
9.543160 0.7780 0.7800 0.7900 0.8010 0.8110
9.577000 0.8130 0.8150 0.8180 0.8200 0.8230
9.610160 0.8250 0.8250 0.8250 0.8250 0.8260
9.643000 0.8280 0.8310 0.8330 0.8380 0.8380
9.676160 0.8400 0.8400 0.8380 0.8350 0.8350
9.709000 0.8330 0.8310 0.8300 0.8300 0.8300
9.742160 0.8300 0.8330 0.8350 0.8360 0.8380
9.776000 0.8430 0.8450 0.8460 0.8460 0.8480
9.809160 0.8480 0.8500 0.8500 0.8500 0.8510
9.842000 0.8510 0.8510 0.8510 0.8510 0.8530
9.875160 0.8550 0.8550 0.8550 0.8550 0.8550
9.908000 0.8530 0.8510 0.8510 0.8500 0.8500
9.941160 0.8480 0.8480 0.8430 0.8400 0.8250
9.974000 0.8130 0.7950 0.7850 0.7530 0.7120
10.007160 0.6720 0.6420 0.6030 0.5900 0.5890
10.041000 0.5900 0.6030 0.6180 0.6580 0.6900
10.074160 0.7150 0.7280 0.7350 0.7450 0.7520
10.107000 0.7600 0.7670 0.7700 0.7770 0.7780
10.140160 0.7800 0.7820 0.7830 0.7870 0.7900
10.173000 0.7920 0.7950 0.7950 0.7950 0.7950
10.206160 0.7950 0.7950 0.7930 0.7920 0.7900
10.240000 0.7900 0.7870 0.7870 0.7830 0.7830
10.273160 0.7820 0.7750 0.7750 0.7720 0.7700
10.306000 0.7670 0.7620 0.7600 0.7600 0.7580
10.339160 0.7570 0.7500 0.7420 0.7370 0.7320
10.372000 0.7280 0.7220 0.7180 0.7170 0.7120
10.405160 0.7080 0.7050 0.7030 0.6970 0.6900
10.438000 0.6870 0.6850 0.6830 0.6820 0.6730
10.471160 0.6720 0.6700 0.6630 0.6550 0.6470
10.505000 0.6380 0.6300 0.6270 0.6220 0.6200
10.538160 0.6050 0.5990 0.5900 0.5890 0.5870
10.571000 0.5750 0.5600 0.5400 0.5250 0.5170
10.604160 0.4970 0.4820 0.4690 0.4600 0.4540
10.637000 0.4340 0.4050 0.3840 0.3640 0.3410
10.670160 0.3290 0.3170 0.2990 0.2690 0.2470
10.704000 0.2310 0.2140 0.1990 0.1890 0.1740
10.737160 0.1590 0.1510 0.1430 0.1360 0.1330
10.770000 0.1330 0.1330 0.1340 0.1380 0.1410
10.803160 0.1430 0.1440 0.1460 0.1490 0.1510
10.836000 0.1530 0.1530 0.1530 0.1510 0.1510
10.869160 0.1530 0.1580 0.1640 0.1710 0.1810
10.902000 0.1890 0.2040 0.2190 0.2360 0.2510
10.935160 0.2670 0.2840 0.2990 0.3140 0.3260
10.969000 0.3360 0.3640 0.3810 0.3890 0.4040
11.002160 0.4190 0.4340 0.4470 0.4590 0.4690
11.035000 0.4790 0.4820 0.4850 0.4870 0.4890
11.068160 0.4890 0.4900 0.4900 0.4720 0.4450
11.101000 0.4000 0.3860 0.3670 0.3240 0.3090
11.134160 0.3070 0.3110 0.3460 0.3810 0.4150
11.168000 0.4470 0.4720 0.5150 0.5420 0.5690
11.201160 0.5740 0.5950 0.6020 0.6070 0.6080
11.234000 0.6130 0.6180 0.6220 0.6320 0.6420
11.267160 0.6480 0.6570 0.6620 0.6670 0.6700
11.300000 0.6750 0.6800 0.6870 0.6920 0.6980
11.333160 0.6980 0.7000 0.7030 0.7050 0.7050
11.366000 0.7070 0.7080 0.7120 0.7120 0.7120
11.399160 0.7070 0.7000 0.6970 0.6920 0.6900
11.433000 0.6880 0.6870 0.6870 0.6870 0.6850
11.466160 0.6830 0.6780 0.6770 0.6750 0.6750
11.499000 0.6730 0.6700 0.6670 0.6620 0.6600
11.532160 0.6570 0.6550 0.6530 0.6520 0.6480
11.565000 0.6400 0.6400 0.6380 0.6370 0.6330
11.598160 0.6300 0.6270 0.6250 0.6200 0.6170
11.632000 0.6120 0.6080 0.6070 0.6000 0.5990
11.665160 0.5970 0.5920 0.5870 0.5850 0.5820
11.698000 0.5740 0.5640 0.5570 0.5540 0.5500
11.731160 0.5420 0.5390 0.5350 0.5350 0.5320
11.764000 0.5120 0.5000 0.4970 0.4890 0.4850
11.797160 0.4800 0.4750 0.4740 0.4690 0.4690
11.830000 0.4700 0.4820 0.4850 0.4890 0.5050
11.863160 0.5340 0.5550 0.5870 0.6130 0.6330
11.897000 0.6500 0.6750 0.6900 0.7070 0.7120
11.930160 0.7180 0.7180 0.7180 0.7150 0.7120
11.963000 0.7080 0.6980 0.6980 0.6930 0.6870
11.996160 0.6800 0.6730 0.6670 0.6600 0.6570
12.029000 0.6500 0.6480 0.6470 0.6430 0.6420
12.062160 0.6380 0.6330 0.6320 0.6300 0.6270
12.096000 0.6220 0.6180 0.6170 0.6120 0.6120
12.129160 0.6100 0.6100 0.6100 0.6080 0.6050
12.162000 0.6020 0.6000 0.5990 0.5970 0.5950
12.195160 0.5940 0.5920 0.5920 0.5920 0.5920
12.228000 0.5920 0.5940 0.5940 0.5950 0.5950
12.261160 0.5990 0.6000 0.6020 0.6050 0.6070
12.295000 0.6100 0.6130 0.6170 0.6170 0.6200
12.328160 0.6280 0.6300 0.6330 0.6370 0.6420
12.361000 0.6450 0.6480 0.6500 0.6520 0.6530
12.394160 0.6550 0.6580 0.6620 0.6650 0.6670
12.427000 0.6720 0.6770 0.6870 0.6880 0.6900
12.460160 0.6920 0.6920 0.6980 0.7020 0.7050
12.493000 0.7070 0.7080 0.7100 0.7100 0.7180
12.526160 0.7230 0.7270 0.7270 0.7280 0.7320
12.560000 0.7400 0.7470 0.7470 0.7480 0.7500
12.593160 0.7500 0.7520 0.7530 0.7530 0.7530
12.626000 0.7550 0.7550 0.7550 0.7550 0.7580
12.659160 0.7630 0.7680 0.7730 0.7750 0.7770
12.692000 0.7770 0.7780 0.7780 0.7780 0.7800
12.725160 0.7800 0.7830 0.7870 0.7870 0.7880
12.759000 0.7880 0.7880 0.7900 0.7900 0.7920
12.792160 0.7980 0.7980 0.8000 0.8000 0.8010
12.825000 0.8030 0.8030 0.8050 0.8050 0.8050
12.858160 0.8050 0.8050 0.8050 0.8050 0.8050
12.891000 0.8080 0.8110 0.8150 0.8180 0.8180
12.924160 0.8260 0.8280 0.8300 0.8310 0.8330
12.957000 0.8360 0.8360 0.8380 0.8380 0.8380
12.990160 0.8360 0.8360 0.8360 0.8360 0.8360
13.024000 0.8360 0.8350 0.8280 0.8200 0.8160
13.057160 0.8150 0.8130 0.8130 0.8110 0.8110
13.090000 0.8110 0.8110 0.8110 0.8100 0.8100
13.123160 0.8080 0.8080 0.8060 0.8060 0.8050
13.156000 0.8050 0.8050 0.8050 0.8050 0.8050
13.189160 0.8050 0.8050 0.8050 0.8050 0.8030
13.223000 0.8030 0.8030 0.8010 0.8010 0.7980
13.256160 0.7980 0.7970 0.7970 0.7950 0.7930
13.289000 0.7920 0.7900 0.7870 0.7800 0.7780
13.322160 0.7780 0.7770 0.7750 0.7700 0.7630
13.355000 0.7530 0.7500 0.7420 0.7380 0.7280
13.388160 0.7200 0.7080 0.6930 0.6730 0.6520
13.421000 0.6300 0.6150 0.6000 0.5970 0.5890
13.454160 0.5770 0.5600 0.5590 0.5600 0.5620
13.488000 0.5670 0.5690 0.5740 0.5870 0.6000
13.521160 0.6100 0.6200 0.6300 0.6430 0.6520
13.554000 0.6580 0.6680 0.6700 0.6730 0.6770
13.587160 0.6780 0.6780 0.6780 0.6770 0.6680
13.620000 0.6650 0.6580 0.6480 0.6370 0.6280
13.653160 0.6200 0.6080 0.5990 0.5870 0.5770
13.687000 0.5690 0.5600 0.5550 0.5550 0.5570
13.720160 0.5590 0.5600 0.5620 0.5690 0.5770
13.753000 0.5820 0.5820 0.5820 0.5790 0.5620
13.786160 0.5570 0.5440 0.5240 0.5000 0.4690
13.819000 0.4470 0.4290 0.3940 0.3560 0.3340
13.852160 0.3170 0.3020 0.2820 0.2690 0.2610
13.885000 0.2570 0.2560 0.2570 0.2610 0.2670
13.918160 0.2810 0.2940 0.3120 0.3240 0.3370
13.952000 0.3540 0.3610 0.3670 0.3670 0.3670
13.985160 0.3690 0.3690 0.3710 0.3710 0.3690
14.018000 0.3620 0.3540 0.3470 0.3420 0.3410
14.051160 0.3410 0.3460 0.3510 0.3590 0.3690
14.084000 0.3810 0.3940 0.4040 0.4320 0.4620
14.117160 0.4920 0.5140 0.5340 0.5500 0.5720
14.151000 0.5920 0.6170 0.6430 0.6580 0.6720
14.184160 0.6870 0.7030 0.7100 0.7300 0.7470
14.217000 0.7550 0.7630 0.7680 0.7750 0.7830
14.250160 0.7900 0.7950 0.8000 0.8110 0.8200
14.283000 0.8230 0.8260 0.8280 0.8310 0.8360
14.316160 0.8380 0.8400 0.8410 0.8460 0.8480
14.349000 0.8600 0.8660 0.8660 0.8600 0.8580
14.382160 0.8600 0.8610 0.8660 0.8680 0.8710
14.416000 0.8750 0.8780 0.8780 0.8800 0.8800
14.449160 0.8800 0.8800 0.8800 0.8800 0.8800
14.482000 0.8810 0.8810 0.8830 0.8880 0.8900
14.515160 0.8900 0.8900 0.8880 0.8810 0.8810
14.548000 0.8850 0.8910 0.8960 0.8960 0.8980
14.581160 0.8980 0.8980 0.8980 0.8980 0.8950
14.615000 0.8880 0.8860 0.8860 0.8880 0.8900
14.648160 0.8960 0.8980 0.9010 0.9010 0.9010
14.681000 0.8980 0.8950 0.8950 0.8930 0.8930
14.714160 0.8930 0.8950 0.8980 0.8980 0.9000
14.747000 0.9010 0.9030 0.9010 0.9000 0.9000
14.780160 0.9000 0.9000 0.8980 0.8960 0.8960
14.813000 0.9010 0.9010 0.8980 0.8960 0.8950
14.846160 0.8930 0.8930 0.8980 0.8980 0.8980
14.880000 0.8980 0.8980 0.8980 0.8980 0.8980
14.913160 0.8960 0.8960 0.8930 0.8910 0.8910
14.946000 0.8900 0.8880 0.8880 0.8860 0.8850
14.979160 0.8810 0.8760 0.8710 0.8700 0.8660
15.012000 0.8630 0.8550 0.8460 0.8350 0.8300
15.045160 0.8180 0.8080 0.8060 0.8030 0.8030
15.079000 0.8030 0.8050 0.8060 0.8060 0.8060
15.112160 0.8100 0.8130 0.8160 0.8200 0.8250
15.145000 0.8280 0.8360 0.8450 0.8480 0.8500
15.178160 0.8510 0.8510 0.8510 0.8550 0.8550
15.211000 0.8600 0.8630 0.8650 0.8660 0.8680
15.244160 0.8680 0.8700 0.8700 0.8680 0.8660
15.277000 0.8660 0.8660 0.8660 0.8660 0.8660
15.310160 0.8660 0.8630 0.8610 0.8610 0.8610
15.344000 0.8600 0.8600 0.8600 0.8580 0.8550
15.377160 0.8500 0.8500 0.8480 0.8480 0.8480
15.410000 0.8430 0.8410 0.8400 0.8400 0.8400
15.443160 0.8400 0.8400 0.8400 0.8410 0.8430
15.476000 0.8430 0.8430 0.8430 0.8410 0.8400
15.509160 0.8400 0.8380 0.8280 0.8260 0.8250
15.543000 0.8250 0.8250 0.8260 0.8260 0.8280
15.576160 0.8300 0.8310 0.8310 0.8310 0.8310
15.609000 0.8310 0.8310 0.8310 0.8310 0.8310
15.642160 0.8300 0.8300 0.8280 0.8280 0.8260
15.675000 0.8200 0.8180 0.8180 0.8200 0.8200
15.708160 0.8200 0.8200 0.8200 0.8180 0.8180
15.741000 0.8180 0.8160 0.8100 0.8050 0.8030
15.774160 0.8030 0.8030 0.8050 0.8050 0.8050
15.808000 0.8060 0.8060 0.8050 0.8030 0.8010
15.841160 0.7980 0.7970 0.7950 0.7900 0.7880
15.874000 0.7880 0.7880 0.7880 0.7880 0.7880
15.907160 0.7880 0.7880 0.7870 0.7870 0.7800
15.940000 0.7770 0.7700 0.7680 0.7680 0.7680
15.973160 0.7670 0.7600 0.7600 0.7570 0.7530
##END=
