##TITLE=RHODANINE, 5-(M-NITROBENZYLIDENE)-
##JCAMP-DX=4.24
##DATA TYPE=INFRARED SPECTRUM
##CLASS=COBLENTZ
##ORIGIN=TENNESSEE EASTMAN COMPANY, RESEARCH LABORATORIES
##OWNER=COBLENTZ SOCIETY
Collection (C) 2018 copyright by the U.S. Secretary of Commerce
on behalf of the United States of America. All rights reserved.
##DATE=Not specified, most likely prior to 1970
##NAMES=(5E)-5-(3-nitrobenzylidene)-2-thioxo-1,3-thiazolidin-4-one
##CAS REGISTRY NO=6301-12-8
##MOLFORM=C10 H6 N2 O3 S2
##MP=262 C DECOMPOSES
##SOURCE REFERENCE=COBLENTZ NO. 722
##$NIST SOURCE=COBLENTZ
##$NIST IMAGE=cob722
##SPECTROMETER/DATA SYSTEM=Not specified, most likely a prism, grating, or hybrid spectrometer.
##STATE=SOLID (KBr PELLET)
##SAMPLING PROCEDURE=TRANSMISSION
##RESOLUTION=4
##DATA PROCESSING=DIGITIZED BY NIST FROM HARD COPY
##XUNITS=MICROMETERS
##YUNITS=TRANSMITTANCE
##XFACTOR=1.000000
##YFACTOR=1
##DELTAX=000.006835
##FIRSTX=2
##LASTX=15.9567
##FIRSTY=0.578
##MAXX=15.9567
##MINX=2
##MAXY=0.96
##MINY=0.044
##NPOINTS=2043
##XYDATA=(X++(Y..Y))
2.000000 0.5780 0.5780 0.5790 0.5810 0.5830
2.034191 0.5840 0.5860 0.5880 0.5910 0.5930
2.068000 0.5950 0.5960 0.5980 0.6020 0.6030
2.102191 0.6030 0.6050 0.6050 0.6080 0.6100
2.137000 0.6120 0.6120 0.6140 0.6150 0.6170
2.171191 0.6190 0.6200 0.6220 0.6240 0.6260
2.205000 0.6270 0.6270 0.6290 0.6310 0.6320
2.239191 0.6340 0.6360 0.6380 0.6390 0.6390
2.273000 0.6410 0.6410 0.6430 0.6430 0.6440
2.307191 0.6440 0.6460 0.6480 0.6510 0.6530
2.342000 0.6550 0.6530 0.6550 0.6560 0.6600
2.376191 0.6620 0.6620 0.6620 0.6650 0.6670
2.410000 0.6680 0.6680 0.6680 0.6700 0.6720
2.444191 0.6740 0.6750 0.6770 0.6770 0.6790
2.478000 0.6800 0.6800 0.6800 0.6820 0.6820
2.512191 0.6820 0.6820 0.6820 0.6840 0.6860
2.547000 0.6860 0.6870 0.6870 0.6870 0.6890
2.581191 0.6890 0.6910 0.6910 0.6920 0.6940
2.615000 0.6940 0.6990 0.6990 0.6990 0.7030
2.649191 0.7030 0.7030 0.7040 0.7060 0.7060
2.683000 0.7060 0.7080 0.7100 0.7100 0.7100
2.717191 0.7100 0.7060 0.7030 0.7010 0.6960
2.752000 0.6870 0.6770 0.6720 0.6650 0.6650
2.786191 0.6630 0.6580 0.6510 0.6480 0.6410
2.820000 0.6380 0.6340 0.6320 0.6290 0.6260
2.854191 0.6200 0.6170 0.6120 0.6100 0.6070
2.889000 0.6030 0.6020 0.6000 0.6000 0.6000
2.923191 0.6000 0.6000 0.5980 0.5980 0.5980
2.957000 0.6000 0.6020 0.6080 0.6100 0.6120
2.991191 0.6150 0.6150 0.6140 0.5980 0.5860
3.025000 0.5780 0.5620 0.5380 0.5210 0.5000
3.059191 0.4730 0.4690 0.4680 0.4680 0.4710
3.094000 0.4850 0.4970 0.5020 0.5060 0.5160
3.128191 0.5190 0.5210 0.5230 0.5240 0.5240
3.162000 0.5280 0.5360 0.5430 0.5480 0.5570
3.196191 0.5660 0.5710 0.5720 0.5740 0.5720
3.230000 0.5670 0.5570 0.5520 0.5520 0.5520
3.264191 0.5520 0.5590 0.5740 0.5830 0.5880
3.299000 0.5880 0.5840 0.5760 0.5760 0.5790
3.333191 0.6050 0.6240 0.6410 0.6620 0.6750
3.367000 0.6790 0.6820 0.6840 0.6840 0.6860
3.401191 0.6860 0.6870 0.6910 0.6980 0.7010
3.435000 0.7040 0.7060 0.7080 0.7060 0.7060
3.469191 0.7040 0.6960 0.6910 0.6870 0.6840
3.504000 0.6820 0.6790 0.6800 0.6960 0.7010
3.538191 0.7110 0.7270 0.7350 0.7470 0.7530
3.572000 0.7560 0.7590 0.7610 0.7650 0.7700
3.606191 0.7710 0.7730 0.7770 0.7770 0.7780
3.640000 0.7800 0.7800 0.7820 0.7820 0.7830
3.674191 0.7830 0.7850 0.7850 0.7890 0.7900
3.709000 0.7940 0.7970 0.7990 0.7990 0.8010
3.743191 0.8010 0.8020 0.8020 0.8020 0.8040
3.777000 0.8040 0.8070 0.8090 0.8130 0.8140
3.811191 0.8180 0.8190 0.8210 0.8250 0.8250
3.845000 0.8260 0.8280 0.8300 0.8300 0.8330
3.879191 0.8350 0.8370 0.8400 0.8420 0.8430
3.914000 0.8450 0.8470 0.8470 0.8470 0.8470
3.948191 0.8490 0.8490 0.8500 0.8500 0.8520
3.982000 0.8520 0.8540 0.8540 0.8520 0.8520
4.016191 0.8520 0.8520 0.8520 0.8520 0.8520
4.050000 0.8520 0.8540 0.8540 0.8550 0.8570
4.084191 0.8570 0.8570 0.8570 0.8590 0.8590
4.119000 0.8610 0.8620 0.8660 0.8690 0.8730
4.153191 0.8740 0.8760 0.8760 0.8790 0.8790
4.187000 0.8810 0.8810 0.8810 0.8830 0.8810
4.221191 0.8810 0.8830 0.8830 0.8830 0.8830
4.256000 0.8830 0.8810 0.8810 0.8810 0.8830
4.290191 0.8830 0.8830 0.8830 0.8830 0.8850
4.324000 0.8850 0.8860 0.8880 0.8900 0.8930
4.358191 0.8930 0.8950 0.8970 0.8980 0.9000
4.392000 0.8980 0.9000 0.9000 0.9030 0.9050
4.426191 0.9070 0.9090 0.9100 0.9100 0.9120
4.461000 0.9120 0.9140 0.9150 0.9170 0.9190
4.495191 0.9210 0.9210 0.9210 0.9220 0.9220
4.529000 0.9220 0.9240 0.9240 0.9240 0.9260
4.563191 0.9270 0.9290 0.9290 0.9290 0.9310
4.597000 0.9310 0.9310 0.9310 0.9310 0.9310
4.631191 0.9310 0.9310 0.9330 0.9330 0.9330
4.666000 0.9330 0.9330 0.9330 0.9330 0.9340
4.700191 0.9340 0.9340 0.9340 0.9340 0.9360
4.734000 0.9360 0.9360 0.9380 0.9390 0.9390
4.768191 0.9390 0.9410 0.9430 0.9460 0.9460
4.802000 0.9450 0.9460 0.9460 0.9460 0.9460
4.836191 0.9460 0.9480 0.9480 0.9460 0.9460
4.871000 0.9460 0.9460 0.9460 0.9460 0.9480
4.905191 0.9480 0.9480 0.9480 0.9480 0.9480
4.939000 0.9480 0.9480 0.9480 0.9480 0.9480
4.973191 0.9500 0.9510 0.9530 0.9530 0.9530
5.007000 0.9530 0.9530 0.9530 0.9530 0.9530
5.041191 0.9530 0.9510 0.9510 0.9510 0.9510
5.076000 0.9510 0.9510 0.9500 0.9500 0.9510
5.110191 0.9510 0.9530 0.9530 0.9550 0.9550
5.144000 0.9570 0.9580 0.9580 0.9580 0.9580
5.178191 0.9580 0.9580 0.9580 0.9580 0.9580
5.212000 0.9580 0.9580 0.9580 0.9580 0.9580
5.246191 0.9580 0.9570 0.9570 0.9580 0.9580
5.281000 0.9580 0.9580 0.9600 0.9600 0.9600
5.315191 0.9600 0.9600 0.9600 0.9600 0.9600
5.349000 0.9600 0.9600 0.9600 0.9600 0.9600
5.383191 0.9580 0.9530 0.9500 0.9460 0.9360
5.417000 0.9260 0.9220 0.9220 0.9220 0.9240
5.451191 0.9330 0.9390 0.9410 0.9450 0.9460
5.486000 0.9480 0.9500 0.9480 0.9480 0.9480
5.520191 0.9480 0.9480 0.9460 0.9430 0.9410
5.554000 0.9390 0.9380 0.9380 0.9380 0.9360
5.588191 0.9340 0.9330 0.9310 0.9290 0.9260
5.623000 0.9220 0.9120 0.9050 0.8910 0.8760
5.657191 0.8620 0.8490 0.8380 0.8280 0.8140
5.691000 0.7970 0.7700 0.7270 0.6910 0.6430
5.725191 0.5960 0.5540 0.5020 0.3680 0.3030
5.759000 0.2480 0.2380 0.2380 0.2460 0.2590
5.793191 0.2650 0.2760 0.2760 0.2740 0.2690
5.828000 0.2550 0.2410 0.2310 0.2170 0.2050
5.862191 0.1880 0.1730 0.1590 0.1490 0.1490
5.896000 0.1500 0.1640 0.1850 0.2220 0.2720
5.930191 0.3340 0.3990 0.4640 0.4950 0.5240
5.964000 0.5760 0.6120 0.6500 0.6700 0.6940
5.998191 0.7390 0.7610 0.7750 0.7850 0.7950
6.033000 0.7990 0.8020 0.8060 0.8130 0.8210
6.067191 0.8230 0.8250 0.8280 0.8280 0.8280
6.101000 0.8280 0.8280 0.8260 0.8250 0.8250
6.135191 0.8210 0.8140 0.8070 0.8040 0.7950
6.169000 0.7730 0.7530 0.7490 0.7250 0.6620
6.203191 0.6140 0.5480 0.3820 0.3410 0.3410
6.238000 0.4090 0.4610 0.5120 0.6310 0.7250
6.272191 0.7650 0.7920 0.8040 0.8140 0.8310
6.306000 0.8330 0.8350 0.8350 0.8330 0.8310
6.340191 0.8280 0.8250 0.8250 0.8280 0.8330
6.374000 0.8370 0.8420 0.8450 0.8450 0.8430
6.408191 0.8250 0.7890 0.7490 0.7100 0.6630
6.443000 0.6120 0.5520 0.3960 0.2960 0.2040
6.477191 0.0870 0.0440 0.0440 0.0610 0.1470
6.511000 0.1710 0.2360 0.3290 0.4280 0.4760
6.545191 0.5240 0.5980 0.6550 0.6740 0.6770
6.579000 0.6840 0.6940 0.7030 0.7130 0.7250
6.613191 0.7350 0.7460 0.7580 0.7660 0.7750
6.648000 0.7820 0.7820 0.7870 0.7870 0.7800
6.682191 0.7590 0.7340 0.7080 0.6840 0.6650
6.716000 0.6530 0.6390 0.6360 0.6380 0.6530
6.750191 0.6800 0.6990 0.7220 0.7280 0.7340
6.784000 0.7390 0.7420 0.7530 0.7530 0.7490
6.818191 0.7490 0.7470 0.7420 0.7320 0.7200
6.853000 0.7040 0.6870 0.6670 0.6460 0.6220
6.887191 0.5980 0.5720 0.5450 0.5160 0.4590
6.921000 0.4280 0.3990 0.3700 0.3390 0.3190
6.955191 0.3030 0.3010 0.3000 0.2980 0.2960
6.989000 0.2930 0.2880 0.2790 0.2770 0.2670
7.023191 0.2520 0.2310 0.2090 0.1810 0.1540
7.058000 0.1320 0.1210 0.1180 0.1180 0.1200
7.092191 0.1450 0.1660 0.1980 0.2410 0.2910
7.126000 0.3460 0.4030 0.4570 0.4830 0.5070
7.160191 0.5520 0.5880 0.6100 0.6170 0.6360
7.195000 0.6580 0.6790 0.6940 0.6990 0.7030
7.229191 0.7040 0.7100 0.7110 0.7130 0.7130
7.263000 0.7130 0.7130 0.7100 0.7040 0.7010
7.297191 0.6960 0.6890 0.6770 0.6580 0.6340
7.331000 0.5980 0.5540 0.4270 0.3630 0.2960
7.365191 0.2430 0.2050 0.1660 0.1490 0.1060
7.400000 0.0940 0.1010 0.1380 0.2340 0.3440
7.434191 0.4150 0.4590 0.4870 0.4990 0.5110
7.468000 0.5380 0.5540 0.5660 0.5690 0.5710
7.502191 0.5720 0.5720 0.5740 0.5740 0.5740
7.536000 0.5740 0.5780 0.5900 0.6000 0.6200
7.570191 0.6340 0.6430 0.6440 0.6460 0.6360
7.605000 0.6200 0.5980 0.5740 0.5210 0.4630
7.639191 0.4400 0.4200 0.4110 0.4110 0.4150
7.673000 0.4450 0.4830 0.5070 0.5300 0.5350
7.707191 0.5330 0.5040 0.4160 0.3680 0.3610
7.741000 0.3610 0.3630 0.3870 0.4280 0.4640
7.775191 0.4950 0.5090 0.5230 0.5480 0.5710
7.810000 0.5900 0.6070 0.6240 0.6390 0.6550
7.844191 0.6680 0.6800 0.6890 0.7030 0.7060
7.878000 0.7150 0.7200 0.7230 0.7250 0.7270
7.912191 0.7280 0.7280 0.7280 0.7280 0.7280
7.946000 0.7280 0.7270 0.7230 0.7110 0.6990
7.980191 0.6870 0.6740 0.6600 0.6460 0.6290
8.015000 0.6140 0.5950 0.5740 0.5520 0.5280
8.049191 0.5000 0.4400 0.4040 0.3670 0.3250
8.083000 0.2790 0.2450 0.2100 0.1880 0.1690
8.117191 0.1570 0.1520 0.1520 0.1610 0.1970
8.151000 0.2330 0.2690 0.3030 0.3390 0.3730
8.185191 0.4060 0.4350 0.4640 0.4900 0.5020
8.220000 0.5120 0.5300 0.5380 0.5430 0.5430
8.254191 0.5400 0.5060 0.3990 0.3430 0.2950
8.288000 0.2550 0.2210 0.1920 0.1620 0.1350
8.322191 0.1060 0.0960 0.0850 0.0750 0.0660
8.356000 0.0610 0.0540 0.0490 0.0480 0.0480
8.390191 0.0480 0.0600 0.0650 0.1260 0.1690
8.425000 0.2090 0.2450 0.2740 0.2980 0.3130
8.459191 0.3310 0.3390 0.3460 0.3530 0.3630
8.493000 0.3820 0.4080 0.4400 0.4660 0.4850
8.527191 0.5040 0.5430 0.5720 0.5950 0.6100
8.562000 0.6240 0.6340 0.6460 0.6580 0.6740
8.596191 0.6820 0.6940 0.7010 0.7080 0.7180
8.630000 0.7270 0.7370 0.7460 0.7530 0.7560
8.664191 0.7650 0.7700 0.7730 0.7770 0.7830
8.698000 0.7920 0.7990 0.8020 0.8060 0.8090
8.732191 0.8140 0.8180 0.8210 0.8230 0.8250
8.767000 0.8250 0.8260 0.8280 0.8300 0.8310
8.801191 0.8330 0.8350 0.8370 0.8400 0.8420
8.835000 0.8430 0.8430 0.8450 0.8470 0.8490
8.869191 0.8490 0.8490 0.8490 0.8490 0.8490
8.903000 0.8500 0.8500 0.8490 0.8490 0.8470
8.937191 0.8450 0.8430 0.8370 0.8330 0.8280
8.972000 0.8090 0.7820 0.7780 0.7680 0.7580
9.006191 0.7460 0.7350 0.7270 0.7220 0.7180
9.040000 0.7180 0.7180 0.7200 0.7220 0.7270
9.074191 0.7340 0.7400 0.7460 0.7510 0.7540
9.108000 0.7560 0.7540 0.7590 0.7650 0.7700
9.142191 0.7730 0.7770 0.7820 0.7870 0.7900
9.177000 0.7920 0.7940 0.7940 0.7940 0.7940
9.211191 0.7940 0.7940 0.7900 0.7870 0.7780
9.245000 0.7700 0.7610 0.7560 0.7470 0.7370
9.279191 0.7280 0.7180 0.7080 0.6940 0.6790
9.313000 0.6740 0.6630 0.6550 0.6500 0.6460
9.347191 0.6460 0.6510 0.6600 0.6770 0.6940
9.382000 0.7100 0.7230 0.7390 0.7530 0.7650
9.416191 0.7750 0.7850 0.7950 0.8010 0.8060
9.450000 0.8160 0.8260 0.8350 0.8420 0.8490
9.484191 0.8550 0.8590 0.8640 0.8660 0.8690
9.518000 0.8730 0.8740 0.8780 0.8780 0.8780
9.552191 0.8780 0.8780 0.8790 0.8790 0.8810
9.587000 0.8810 0.8830 0.8850 0.8860 0.8880
9.621191 0.8880 0.8900 0.8910 0.8930 0.8950
9.655000 0.8970 0.8980 0.9000 0.9000 0.9020
9.689191 0.9020 0.9020 0.9020 0.9020 0.9020
9.723000 0.9000 0.8970 0.8950 0.8910 0.8880
9.757191 0.8850 0.8830 0.8790 0.8730 0.8670
9.792000 0.8640 0.8590 0.8570 0.8520 0.8490
9.826191 0.8420 0.8350 0.8310 0.8300 0.8250
9.860000 0.8210 0.8180 0.8160 0.8130 0.8060
9.894191 0.8040 0.8020 0.7920 0.7870 0.7830
9.928000 0.7830 0.7820 0.7820 0.7820 0.7830
9.962191 0.7870 0.7940 0.8020 0.8130 0.8230
9.997000 0.8330 0.8420 0.8500 0.8590 0.8660
10.031191 0.8690 0.8740 0.8810 0.8830 0.8850
10.065000 0.8860 0.8880 0.8900 0.8900 0.8900
10.099191 0.8900 0.8910 0.8910 0.8910 0.8910
10.134000 0.8910 0.8910 0.8910 0.8950 0.8970
10.168191 0.8980 0.9020 0.9020 0.9030 0.9030
10.202000 0.9050 0.9050 0.9070 0.9090 0.9120
10.236191 0.9120 0.9120 0.9120 0.9120 0.9120
10.270000 0.9120 0.9120 0.9140 0.9120 0.9120
10.304191 0.9120 0.9140 0.9120 0.9120 0.9120
10.339000 0.9140 0.9140 0.9140 0.9140 0.9140
10.373191 0.9150 0.9170 0.9210 0.9220 0.9220
10.407000 0.9240 0.9240 0.9240 0.9240 0.9240
10.441191 0.9240 0.9240 0.9240 0.9240 0.9240
10.475000 0.9240 0.9240 0.9240 0.9240 0.9240
10.509191 0.9240 0.9240 0.9240 0.9240 0.9240
10.544000 0.9240 0.9240 0.9240 0.9240 0.9260
10.578191 0.9240 0.9240 0.9240 0.9240 0.9260
10.612000 0.9240 0.9240 0.9240 0.9240 0.9240
10.646191 0.9240 0.9220 0.9210 0.9170 0.9140
10.680000 0.9050 0.8980 0.8880 0.8760 0.8620
10.714191 0.8470 0.8300 0.8130 0.7920 0.7700
10.749000 0.7470 0.7230 0.6980 0.6820 0.6740
10.783191 0.6670 0.6600 0.6580 0.6580 0.6560
10.817000 0.6550 0.6460 0.6360 0.6120 0.5790
10.851191 0.5450 0.5120 0.5020 0.5020 0.5020
10.885000 0.5430 0.5910 0.6620 0.7010 0.7390
10.919191 0.7580 0.7750 0.7900 0.8060 0.8180
10.954000 0.8280 0.8380 0.8450 0.8490 0.8550
10.988191 0.8610 0.8690 0.8760 0.8780 0.8850
11.022000 0.8900 0.8910 0.8970 0.9020 0.9020
11.056191 0.9030 0.9030 0.9070 0.9100 0.9120
11.090000 0.9120 0.9140 0.9140 0.9140 0.9140
11.124191 0.9140 0.9140 0.9140 0.9150 0.9150
11.159000 0.9150 0.9150 0.9150 0.9150 0.9170
11.193191 0.9170 0.9170 0.9190 0.9210 0.9210
11.227000 0.9220 0.9240 0.9240 0.9260 0.9260
11.261191 0.9260 0.9270 0.9270 0.9270 0.9270
11.295000 0.9260 0.9260 0.9260 0.9240 0.9240
11.329191 0.9240 0.9260 0.9260 0.9260 0.9240
11.364000 0.9240 0.9240 0.9240 0.9240 0.9260
11.398191 0.9260 0.9260 0.9260 0.9260 0.9260
11.432000 0.9260 0.9260 0.9260 0.9260 0.9260
11.466191 0.9270 0.9270 0.9270 0.9270 0.9290
11.501000 0.9310 0.9310 0.9330 0.9330 0.9340
11.535191 0.9340 0.9340 0.9360 0.9360 0.9360
11.569000 0.9360 0.9360 0.9360 0.9360 0.9340
11.603191 0.9340 0.9340 0.9340 0.9340 0.9340
11.637000 0.9340 0.9340 0.9340 0.9340 0.9340
11.671191 0.9340 0.9340 0.9340 0.9340 0.9340
11.706000 0.9340 0.9340 0.9340 0.9340 0.9340
11.740191 0.9340 0.9360 0.9360 0.9360 0.9360
11.774000 0.9360 0.9360 0.9360 0.9340 0.9340
11.808191 0.9340 0.9330 0.9310 0.9270 0.9240
11.842000 0.9220 0.9210 0.9170 0.9100 0.9070
11.876191 0.9030 0.9020 0.8980 0.8930 0.8910
11.911000 0.8880 0.8790 0.8730 0.8660 0.8610
11.945191 0.8540 0.8420 0.8250 0.8160 0.8090
11.979000 0.7970 0.7830 0.7590 0.7400 0.7220
12.013191 0.7030 0.6840 0.6650 0.6500 0.6360
12.047000 0.6270 0.6200 0.6170 0.6200 0.6310
12.081191 0.6480 0.6630 0.6980 0.7180 0.7370
12.116000 0.7590 0.7730 0.7870 0.7950 0.8020
12.150191 0.8110 0.8180 0.8250 0.8260 0.8300
12.184000 0.8330 0.8370 0.8400 0.8420 0.8430
12.218191 0.8430 0.8420 0.8430 0.8450 0.8450
12.252000 0.8450 0.8450 0.8450 0.8450 0.8450
12.286191 0.8450 0.8430 0.8430 0.8420 0.8380
12.321000 0.8330 0.8260 0.8230 0.8180 0.8140
12.355191 0.8060 0.8040 0.7990 0.7900 0.7830
12.389000 0.7750 0.7680 0.7590 0.7560 0.7470
12.423191 0.7390 0.7270 0.7130 0.7010 0.6890
12.457000 0.6800 0.6740 0.6700 0.6700 0.6720
12.491191 0.6840 0.6940 0.7100 0.7320 0.7530
12.526000 0.7780 0.7900 0.8010 0.8090 0.8210
12.560191 0.8300 0.8400 0.8450 0.8500 0.8540
12.594000 0.8550 0.8570 0.8590 0.8610 0.8620
12.628191 0.8620 0.8620 0.8640 0.8640 0.8640
12.662000 0.8640 0.8640 0.8660 0.8660 0.8660
12.696191 0.8660 0.8660 0.8660 0.8660 0.8660
12.731000 0.8660 0.8660 0.8660 0.8660 0.8660
12.765191 0.8660 0.8660 0.8660 0.8670 0.8690
12.799000 0.8690 0.8690 0.8710 0.8710 0.8710
12.833191 0.8730 0.8730 0.8730 0.8740 0.8740
12.868000 0.8740 0.8740 0.8740 0.8740 0.8740
12.902191 0.8740 0.8740 0.8740 0.8740 0.8740
12.936000 0.8740 0.8740 0.8740 0.8740 0.8730
12.970191 0.8740 0.8730 0.8730 0.8730 0.8730
13.004000 0.8710 0.8710 0.8690 0.8670 0.8660
13.038191 0.8660 0.8640 0.8610 0.8610 0.8610
13.073000 0.8610 0.8610 0.8610 0.8610 0.8590
13.107191 0.8590 0.8590 0.8570 0.8550 0.8540
13.141000 0.8520 0.8450 0.8400 0.8370 0.8330
13.175191 0.8250 0.8230 0.8180 0.8130 0.8060
13.209000 0.8040 0.8020 0.7850 0.7780 0.7700
13.243191 0.7610 0.7510 0.7370 0.7230 0.7080
13.278000 0.6920 0.6740 0.6550 0.6360 0.6150
13.312191 0.5930 0.5710 0.5480 0.5260 0.5040
13.346000 0.4570 0.4330 0.4180 0.4040 0.3960
13.380191 0.3870 0.3770 0.3720 0.3700 0.3700
13.414000 0.3750 0.3970 0.4210 0.4510 0.4830
13.448191 0.5000 0.5160 0.5520 0.5880 0.6220
13.483000 0.6580 0.6910 0.7200 0.7460 0.7700
13.517191 0.7870 0.7970 0.8090 0.8300 0.8430
13.551000 0.8500 0.8550 0.8620 0.8660 0.8690
13.585191 0.8730 0.8740 0.8760 0.8780 0.8790
13.619000 0.8810 0.8810 0.8810 0.8810 0.8810
13.653191 0.8810 0.8810 0.8810 0.8810 0.8810
13.688000 0.8810 0.8810 0.8810 0.8810 0.8810
13.722191 0.8810 0.8810 0.8810 0.8810 0.8810
13.756000 0.8810 0.8830 0.8830 0.8830 0.8850
13.790191 0.8860 0.8860 0.8880 0.8880 0.8880
13.824000 0.8880 0.8880 0.8880 0.8900 0.8900
13.858191 0.8880 0.8880 0.8880 0.8860 0.8850
13.893000 0.8790 0.8780 0.8710 0.8620 0.8550
13.927191 0.8490 0.8420 0.8380 0.8330 0.8280
13.961000 0.8230 0.8140 0.8110 0.8070 0.8060
13.995191 0.8040 0.8020 0.8010 0.8010 0.7990
14.029000 0.7990 0.7970 0.7970 0.7970 0.7970
14.063191 0.7970 0.7990 0.8010 0.8010 0.8020
14.098000 0.8040 0.8060 0.8060 0.8130 0.8160
14.132191 0.8190 0.8210 0.8210 0.8230 0.8250
14.166000 0.8280 0.8280 0.8280 0.8280 0.8300
14.200191 0.8300 0.8300 0.8300 0.8300 0.8280
14.234000 0.8250 0.8250 0.8230 0.8210 0.8160
14.268191 0.8070 0.8060 0.8010 0.7950 0.7830
14.303000 0.7780 0.7780 0.7770 0.7750 0.7710
14.337191 0.7700 0.7660 0.7660 0.7650 0.7650
14.371000 0.7650 0.7660 0.7680 0.7700 0.7700
14.405191 0.7710 0.7710 0.7730 0.7770 0.7780
14.440000 0.7800 0.7800 0.7820 0.7850 0.7850
14.474191 0.7870 0.7890 0.7890 0.7890 0.7920
14.508000 0.7920 0.7920 0.7920 0.7900 0.7900
14.542191 0.7890 0.7890 0.7870 0.7830 0.7820
14.576000 0.7780 0.7770 0.7750 0.7700 0.7630
14.610191 0.7580 0.7540 0.7490 0.7440 0.7370
14.645000 0.7300 0.7230 0.7160 0.7100 0.7010
14.679191 0.6940 0.6860 0.6770 0.6700 0.6620
14.713000 0.6530 0.6440 0.6380 0.6310 0.6240
14.747191 0.6170 0.6080 0.6050 0.6020 0.5960
14.781000 0.5910 0.5880 0.5840 0.5810 0.5790
14.815191 0.5790 0.5790 0.5780 0.5780 0.5780
14.850000 0.5780 0.5760 0.5760 0.5760 0.5760
14.884191 0.5740 0.5720 0.5720 0.5720 0.5710
14.918000 0.5690 0.5670 0.5640 0.5620 0.5600
14.952191 0.5590 0.5540 0.5500 0.5430 0.5380
14.986000 0.5360 0.5260 0.5230 0.5210 0.5210
15.020191 0.5210 0.5210 0.5210 0.5210 0.5210
15.055000 0.5230 0.5300 0.5380 0.5480 0.5590
15.089191 0.5710 0.5830 0.5960 0.6120 0.6260
15.123000 0.6410 0.6560 0.6700 0.6840 0.6980
15.157191 0.7100 0.7200 0.7340 0.7420 0.7530
15.191000 0.7590 0.7680 0.7770 0.7820 0.7830
15.225191 0.7870 0.7900 0.7920 0.7940 0.7950
15.260000 0.7970 0.8010 0.8020 0.8040 0.8060
15.294191 0.8060 0.8070 0.8090 0.8090 0.8110
15.328000 0.8110 0.8130 0.8130 0.8130 0.8140
15.362191 0.8140 0.8140 0.8160 0.8160 0.8160
15.396000 0.8160 0.8160 0.8160 0.8160 0.8160
15.430191 0.8160 0.8180 0.8180 0.8180 0.8180
15.465000 0.8180 0.8180 0.8180 0.8180 0.8180
15.499191 0.8180 0.8180 0.8180 0.8180 0.8180
15.533000 0.8180 0.8180 0.8180 0.8160 0.8160
15.567191 0.8160 0.8160 0.8160 0.8160 0.8160
15.601000 0.8160 0.8160 0.8140 0.8140 0.8140
15.635191 0.8130 0.8130 0.8130 0.8070 0.8070
15.670000 0.8060 0.8040 0.8010 0.7950 0.7900
15.704191 0.7850 0.7800 0.7770 0.7750 0.7730
15.738000 0.7710 0.7700 0.7660 0.7650 0.7630
15.772191 0.7610 0.7590 0.7540 0.7530 0.7470
15.807000 0.7390 0.7350 0.7300 0.7250 0.7220
15.841191 0.7180 0.7150 0.7110 0.7060 0.7030
15.875000 0.6940 0.6920 0.6840 0.6800 0.6770
15.909191 0.6720 0.6700 0.6700 0.6680 0.6650
15.943000 0.6650 0.6650 0.6650
##END=
