##TITLE=2,2'-BIPHENOL, 3,3',5,5'-TETRAKIS(1,1-DIMETHYLETHYL)-
##JCAMP-DX=4.24
##DATA TYPE=INFRARED SPECTRUM
##CLASS=COBLENTZ III
##ORIGIN=DOW CHEMICAL COMPANY
##OWNER=COBLENTZ SOCIETY
Collection (C) 2018 copyright by the U.S. Secretary of Commerce
on behalf of the United States of America. All rights reserved.
##DATE=1966
##NAMES=3,3',5,5'-tetratert-butyl[1,1'-biphenyl]-2,2'-diol
##CAS REGISTRY NO=6390-69-8
##MOLFORM=C28 H42 O2
##SOURCE REFERENCE=COBLENTZ NO. 4333
##$NIST SOURCE=COBLENTZ
##$NIST IMAGE=cob4333
##SPECTROMETER/DATA SYSTEM=Not specified, most likely a prism, grating, or hybrid spectrometer.
##STATE=SOLUTION (10% IN CCl4 FOR 3800-1300, 10% IN CS2 FOR 1300-450 CM^-^1) VERSUS SOLVENT
##PATH LENGTH=0.010 AND 0.010 CM
$$SPECTRAL CONTAMINATION DUE TO CCl4 AROUND 1545 CM^-^1
##SAMPLING PROCEDURE=TRANSMISSION
##RESOLUTION=4
##DATA PROCESSING=DIGITIZED BY NIST FROM HARD COPY (FROM TWO SEGMENTS)
##XUNITS=1/CM
##YUNITS=TRANSMITTANCE
##XFACTOR=1.000000
##YFACTOR=1
##DELTAX=1.182035
##FIRSTX=437.352
##LASTX=3777.78
##FIRSTY=0.796
##MAXX=3777.78
##MINX=437.352
##MAXY=1.107
##MINY=0.018
##NPOINTS=2827
##XYDATA=(X++(Y..Y))
437.352000 0.7960 0.7960 0.7960 0.7980 0.7980
443.262173 0.8000 0.8000 0.8020 0.8050 0.8070
449.172347 0.8150 0.8180 0.8310 0.8350 0.8410
455.082520 0.8529 0.8570 0.8659 0.8759 0.8919
460.992694 0.9000 0.9130 0.9180 0.9350 0.9440
466.902867 0.9569 0.9610 0.9680 0.9789 0.9830
472.813041 0.9880 0.9920 1.0010 1.0030 1.0090
478.723214 1.0140 1.0200 1.0250 1.0270 1.0310
484.633387 1.0330 1.0350 1.0360 1.0380 1.0420
490.543561 1.0440 1.0440 1.0480 1.0490 1.0490
496.453734 1.0490 1.0490 1.0480 1.0400 1.0360
502.363908 1.0290 1.0200 1.0111 0.9981 0.9980
508.274081 1.0010 1.0110 1.0180 1.0290 1.0549
514.184255 1.0600 1.0729 1.0770 1.0850 1.0860
520.094428 1.0880 1.0880 1.0880 1.0880 1.0880
526.004602 1.0860 1.0810 1.0750 1.0700 1.0591
531.914775 1.0490 1.0380 1.0240 1.0051 1.0050
537.824948 1.0438 1.0490 1.0719 1.0879 1.0900
543.735122 1.0960 1.1010 1.1030 1.1050 1.1070
549.645295 1.1070 1.1070 1.1070 1.1050 1.1010
555.555469 1.0990 1.0970 1.0940 1.0920 1.0900
561.465642 1.0880 1.0860 1.0830 1.0810 1.0770
567.375816 1.0730 1.0720 1.0660 1.0620 1.0570
573.285989 1.0490 1.0490 1.0530 1.0570 1.0600
579.196162 1.0680 1.0720 1.0830 1.0900 1.0960
585.106336 1.0990 1.0990 1.0990 1.0990 1.0970
591.016509 1.0970 1.0970 1.0960 1.0960 1.0960
596.926683 1.0960 1.0960 1.0960 1.0960 1.0960
602.836856 1.0960 1.0960 1.0940 1.0940 1.0940
608.747030 1.0920 1.0920 1.0900 1.0900 1.0880
614.657203 1.0880 1.0860 1.0830 1.0810 1.0790
620.567376 1.0750 1.0730 1.0720 1.0660 1.0620
626.477550 1.0620 1.0600 1.0530 1.0420 1.0290
632.387723 1.0240 1.0011 0.9871 0.9612 0.8855
638.297897 0.8630 0.8630 0.8830 0.8830 0.8521
644.208070 0.7912 0.7243 0.6593 0.6590 0.6948
650.118244 0.7150 0.7170 0.6910 0.6910 0.7458
656.028417 0.8018 0.8916 0.9746 0.9790 0.9830
661.938590 0.9870 0.9870 0.9870 0.9850 0.9810
667.848764 0.9770 0.9720 0.9591 0.9401 0.9182
673.758937 0.9020 0.8980 0.8980 0.9000 0.9020
679.669111 0.9050 0.9130 0.9329 0.9638 1.0087
685.579284 1.0160 1.0220 1.0240 1.0250 1.0250
691.489458 1.0250 1.0250 1.0240 1.0240 1.0240
697.399631 1.0220 1.0220 1.0200 1.0200 1.0180
703.309805 1.0180 1.0160 1.0160 1.0140 1.0120
709.219978 1.0110 1.0070 1.0050 1.0030 1.0010
715.130151 0.9980 0.9880 0.9790 0.9720 0.9641
721.040325 0.9390 0.9350 0.9330 0.9310 0.9310
726.950498 0.9310 0.9330 0.9350 0.9420 0.9529
732.860672 0.9720 0.9870 1.0010 1.0050 1.0070
738.770845 1.0110 1.0120 1.0120 1.0120 1.0110
744.681019 1.0110 1.0090 1.0090 1.0070 1.0070
750.591192 1.0050 1.0030 1.0030 1.0010 1.0010
756.501365 1.0000 0.9900 0.9870 0.9770 0.9571
762.411539 0.9391 0.9201 0.8892 0.8502 0.8132
768.321712 0.7520 0.7040 0.7020 0.7040 0.7060
774.231886 0.7150 0.7757 0.8108 0.8994 0.9268
780.142059 0.9480 0.9480 0.9460 0.9370 0.9131
786.052233 0.9020 0.8423 0.7674 0.7670 0.8107
791.962406 0.8390 0.9140 0.9160 0.9529 0.9570
797.872579 0.9590 0.9590 0.9590 0.9570 0.9530
803.782753 0.9270 0.9240 0.9180 0.8960 0.8741
809.692926 0.8092 0.7443 0.6355 0.5912 0.5483
815.603100 0.5480 0.6060 0.6589 0.6580 0.6341
821.513273 0.6340 0.7166 0.7996 0.8169 0.8170
827.423447 0.7870 0.7110 0.7110 0.8148 0.8758
833.333620 0.8830 0.9368 0.9390 0.9390 0.9370
839.243793 0.9330 0.9290 0.9270 0.9180 0.9090
845.153967 0.9000 0.8920 0.8741 0.8680 0.8571
851.064140 0.8460 0.8350 0.8310 0.8290 0.8310
856.974314 0.8330 0.8370 0.8410 0.8420 0.8480
862.884487 0.8520 0.8570 0.8590 0.8660 0.8740
868.794661 0.8760 0.8740 0.8700 0.8650 0.8590
874.704834 0.8500 0.8310 0.8070 0.7501 0.7001
880.615008 0.6153 0.5801 0.4108 0.3951 0.3254
886.525181 0.3250 0.4169 0.5538 0.8045 0.8868
892.435354 0.8980 0.9050 0.9090 0.9090 0.9179
898.345528 0.9460 0.9500 0.9550 0.9570 0.9590
904.255701 0.9630 0.9640 0.9640 0.9640 0.9640
910.165875 0.9610 0.9570 0.9500 0.9590 0.9630
916.076048 0.9590 0.9460 0.9291 0.9200 0.9111
921.986222 0.8960 0.8940 0.8960 0.9070 0.9130
927.896395 0.9220 0.9220 0.8742 0.8740 0.8919
933.806568 0.9290 0.9550 0.9770 1.0030 1.0070
939.716742 1.0140 1.0240 1.0250 1.0290 1.0310
945.626915 1.0330 1.0310 1.0330 1.0360 1.0360
951.537089 1.0420 1.0440 1.0460 1.0460 1.0480
957.447262 1.0480 1.0490 1.0490 1.0510 1.0510
963.357436 1.0530 1.0530 1.0550 1.0550 1.0570
969.267609 1.0570 1.0570 1.0570 1.0590 1.0590
975.177782 1.0590 1.0590 1.0590 1.0590 1.0590
981.087956 1.0590 1.0590 1.0590 1.0590 1.0590
986.998129 1.0590 1.0590 1.0590 1.0590 1.0590
992.908303 1.0570 1.0570 1.0570 1.0570 1.0550
998.818476 1.0550 1.0530 1.0530 1.0530 1.0510
1004.728650 1.0510 1.0480 1.0460 1.0460 1.0400
1010.638823 1.0380 1.0360 1.0310 1.0240 1.0240
1016.548996 0.9940 0.9790 0.9400 0.9130 0.9050
1022.459170 0.9050 0.9140 0.9289 0.9608 0.9938
1028.369343 1.0070 1.0220 1.0240 1.0270 1.0290
1034.279517 1.0310 1.0330 1.0350 1.0360 1.0380
1040.189690 1.0380 1.0400 1.0400 1.0420 1.0420
1046.099864 1.0420 1.0420 1.0420 1.0420 1.0420
1052.010037 1.0400 1.0400 1.0400 1.0400 1.0400
1057.920211 1.0380 1.0360 1.0360 1.0350 1.0330
1063.830384 1.0330 1.0310 1.0290 1.0270 1.0250
1069.740557 1.0240 1.0220 1.0200 1.0140 1.0120
1075.650731 1.0090 1.0050 1.0010 1.0000 0.9870
1081.560904 0.9790 0.9680 0.9481 0.9261 0.8922
1087.471078 0.8520 0.7980 0.6701 0.5981 0.5172
1093.381251 0.4392 0.4360 0.2807 0.2800 0.6458
1099.291425 0.6740 0.7780 0.9158 0.9290 0.9589
1105.201598 0.9610 0.9640 0.9700 0.9720 0.9740
1111.111771 0.9720 0.9680 0.9610 0.9550 0.9331
1117.021945 0.9091 0.8891 0.8661 0.8481 0.8480
1122.932118 0.8780 0.8790 0.8790 0.8720 0.8570
1128.842292 0.8281 0.7812 0.7372 0.6932 0.6483
1134.752465 0.6480 0.7440 0.8479 0.8500 0.8460
1140.662639 0.8420 0.8350 0.8260 0.8151 0.7961
1146.572812 0.7670 0.7480 0.7350 0.6821 0.6261
1152.482985 0.5851 0.5452 0.4893 0.4194 0.3584
1158.393159 0.2970 0.2640 0.2450 0.2190 0.1921
1164.303332 0.1661 0.1580 0.1570 0.1580 0.1878
1170.213506 0.2180 0.2470 0.2730 0.3319 0.3928
1176.123679 0.5036 0.5169 0.5339 0.5947 0.6576
1182.033853 0.6700 0.6820 0.6850 0.6830 0.6800
1187.944026 0.6591 0.6540 0.6172 0.5742 0.5392
1193.854199 0.4799 0.3800 0.3170 0.2101 0.1621
1199.764373 0.1620 0.1789 0.1939 0.2248 0.2548
1205.674546 0.3190 0.3270 0.3290 0.3290 0.3290
1211.584720 0.3300 0.3320 0.3400 0.3450 0.3529
1217.494893 0.3530 0.3380 0.3170 0.2771 0.2560
1223.405067 0.2341 0.2161 0.1772 0.1601 0.1421
1229.315240 0.1310 0.1210 0.1180 0.1180 0.1200
1235.225414 0.1250 0.1310 0.1360 0.1509 0.1599
1241.135587 0.1700 0.1810 0.2899 0.3299 0.3539
1247.045760 0.3580 0.3580 0.3600 0.3620 0.3878
1252.955934 0.4190 0.4600 0.5190 0.5260 0.5889
1258.866107 0.6498 0.6540 0.6430 0.6281 0.6191
1264.776281 0.6040 0.5650 0.5150 0.4780 0.4780
1270.686454 0.4910 0.5059 0.5150 0.5170 0.5130
1276.596628 0.4840 0.4470 0.4120 0.3192 0.2272
1282.506801 0.2120 0.2120 0.2429 0.2897 0.3904
1288.416974 0.4861 0.6240 0.6999 0.7699 0.7999
1294.327148 0.8219 0.8389 0.8629 0.8779 0.8850
1300.237321 0.8870 0.8870 0.8890 0.8890 0.8870
1306.147495 0.8870 0.8850 0.8810 0.8790 0.8740
1312.057668 0.8700 0.8530 0.8410 0.8260 0.8070
1317.967842 0.7940 0.7611 0.7282 0.6783 0.6323
1323.878015 0.5689 0.5100 0.4540 0.4490 0.4141
1329.788188 0.3253 0.3210 0.3011 0.2821 0.2820
1335.698362 0.3250 0.3650 0.4060 0.4470 0.5278
1341.608535 0.5519 0.6088 0.6927 0.7438 0.7629
1347.518709 0.7810 0.7920 0.7960 0.7960 0.7940
1353.428882 0.7830 0.7800 0.7462 0.7152 0.6931
1359.339056 0.6538 0.4730 0.3711 0.2691 0.1702
1365.249229 0.0683 0.0680 0.1028 0.1617 0.3638
1371.159402 0.4512 0.5801 0.7090 0.7609 0.7939
1377.069576 0.8020 0.8050 0.8090 0.8110 0.8090
1382.979749 0.8050 0.8000 0.7890 0.7780 0.6952
1388.889923 0.6302 0.5633 0.5212 0.4126 0.2977
1394.800096 0.2972 0.4860 0.5360 0.5839 0.5820
1400.710270 0.5631 0.5002 0.4363 0.4360 0.4837
1406.620443 0.5170 0.5390 0.5690 0.6060 0.6849
1412.530617 0.6870 0.6870 0.6850 0.6780 0.6720
1418.440790 0.6690 0.6520 0.6320 0.6190 0.6040
1424.350963 0.5821 0.5501 0.5152 0.4494 0.4172
1430.261137 0.3820 0.3470 0.3120 0.1991 0.1681
1436.171310 0.1381 0.1201 0.1200 0.1230 0.1598
1442.081484 0.1730 0.1860 0.2030 0.2160 0.2310
1447.991657 0.2549 0.2919 0.3398 0.3470 0.3470
1453.901831 0.3160 0.2900 0.2580 0.2530 0.2490
1459.812004 0.2470 0.2450 0.2450 0.2430 0.2420
1465.722177 0.2420 0.2400 0.2360 0.2320 0.2250
1471.632351 0.2180 0.2031 0.1940 0.1841 0.1751
1477.542524 0.1680 0.1660 0.1680 0.1770 0.1810
1483.452698 0.2309 0.2968 0.3249 0.3469 0.3619
1489.362871 0.4011 0.5060 0.6079 0.6949 0.7409
1495.273045 0.7500 0.7540 0.7590 0.7630 0.7680
1501.183218 0.7700 0.7700 0.7720 0.7700 0.7630
1507.093391 0.7590 0.7500 0.7410 0.7310 0.7221
1513.003565 0.7130 0.7040 0.6980 0.6960 0.6930
1518.913738 0.6910 0.6870 0.6850 0.6820 0.6780
1524.823912 0.6760 0.6720 0.6670 0.6610 0.6580
1530.734085 0.6540 0.6500 0.6410 0.6320 0.6240
1536.644259 0.6170 0.6090 0.5910 0.5740 0.5520
1542.554432 0.5321 0.5061 0.5020 0.5020 0.5020
1548.464605 0.5040 0.5080 0.5170 0.5240 0.5340
1554.374779 0.5430 0.5500 0.5600 0.5690 0.5760
1560.284952 0.5850 0.5950 0.6020 0.6110 0.6210
1566.195126 0.6280 0.6370 0.6410 0.6559 0.6630
1572.105299 0.6720 0.6780 0.6800 0.6820 0.6820
1578.015473 0.6820 0.6820 0.6820 0.6820 0.6830
1583.925646 0.6830 0.6850 0.6870 0.6910 0.6930
1589.835820 0.6960 0.6980 0.7000 0.7070 0.7130
1595.745993 0.7200 0.7310 0.7430 0.7540 0.7650
1601.656166 0.7760 0.7890 0.8019 0.8149 0.8180
1607.566340 0.8310 0.8440 0.8700 0.8830 0.8940
1613.476513 0.9030 0.9070 0.9160 0.9240 0.9260
1619.386687 0.9330 0.9390 0.9390 0.9400 0.9420
1625.296860 0.9460 0.9480 0.9510 0.9530 0.9550
1631.207034 0.9590 0.9610 0.9630 0.9640 0.9660
1637.117207 0.9660 0.9680 0.9700 0.9720 0.9720
1643.027380 0.9740 0.9750 0.9750 0.9750 0.9740
1648.937554 0.9700 0.9700 0.9680 0.9680 0.9680
1654.847727 0.9680 0.9660 0.9660 0.9660 0.9640
1660.757901 0.9630 0.9630 0.9610 0.9610 0.9590
1666.668074 0.9590 0.9590 0.9590 0.9590 0.9590
1672.578248 0.9590 0.9590 0.9590 0.9590 0.9590
1678.488421 0.9590 0.9590 0.9590 0.9590 0.9590
1684.398594 0.9610 0.9610 0.9610 0.9630 0.9630
1690.308768 0.9630 0.9630 0.9630 0.9640 0.9640
1696.218941 0.9640 0.9640 0.9640 0.9640 0.9640
1702.129115 0.9640 0.9640 0.9640 0.9640 0.9630
1708.039288 0.9630 0.9630 0.9610 0.9610 0.9590
1713.949462 0.9590 0.9590 0.9590 0.9590 0.9590
1719.859635 0.9610 0.9610 0.9610 0.9610 0.9630
1725.769809 0.9630 0.9630 0.9630 0.9630 0.9610
1731.679982 0.9590 0.9590 0.9590 0.9590 0.9590
1737.590155 0.9590 0.9590 0.9590 0.9590 0.9590
1743.500329 0.9590 0.9570 0.9570 0.9570 0.9570
1749.410502 0.9570 0.9570 0.9570 0.9570 0.9570
1755.320676 0.9550 0.9550 0.9550 0.9530 0.9510
1761.230849 0.9500 0.9460 0.9440 0.9420 0.9400
1767.141023 0.9390 0.9350 0.9290 0.9270 0.9240
1773.051196 0.9180 0.9140 0.9130 0.9030 0.8980
1778.961369 0.8920 0.8790 0.8740 0.8680 0.8660
1784.871543 0.8680 0.8740 0.8790 0.8830 0.8940
1790.781716 0.9030 0.9130 0.9140 0.9180 0.9220
1796.691890 0.9240 0.9240 0.9260 0.9260 0.9270
1802.602063 0.9270 0.9290 0.9330 0.9330 0.9370
1808.512237 0.9370 0.9390 0.9390 0.9390 0.9400
1814.422410 0.9440 0.9440 0.9460 0.9480 0.9480
1820.332583 0.9500 0.9500 0.9500 0.9500 0.9510
1826.242757 0.9510 0.9510 0.9530 0.9550 0.9550
1832.152930 0.9550 0.9550 0.9550 0.9550 0.9550
1838.063104 0.9550 0.9530 0.9530 0.9530 0.9530
1843.973277 0.9530 0.9530 0.9530 0.9550 0.9550
1849.883451 0.9550 0.9570 0.9570 0.9570 0.9570
1855.793624 0.9570 0.9570 0.9570 0.9570 0.9570
1861.703797 0.9570 0.9590 0.9590 0.9590 0.9590
1867.613971 0.9590 0.9590 0.9590 0.9610 0.9610
1873.524144 0.9630 0.9630 0.9610 0.9610 0.9610
1879.434318 0.9610 0.9610 0.9610 0.9610 0.9630
1885.344491 0.9630 0.9630 0.9630 0.9630 0.9610
1891.254665 0.9610 0.9610 0.9610 0.9590 0.9590
1897.164838 0.9590 0.9590 0.9590 0.9590 0.9590
1903.075012 0.9590 0.9590 0.9590 0.9590 0.9590
1908.985185 0.9590 0.9590 0.9590 0.9590 0.9590
1914.895358 0.9590 0.9590 0.9590 0.9590 0.9590
1920.805532 0.9590 0.9570 0.9570 0.9570 0.9570
1926.715705 0.9570 0.9570 0.9570 0.9570 0.9570
1932.625879 0.9570 0.9570 0.9570 0.9570 0.9570
1938.536052 0.9570 0.9570 0.9570 0.9570 0.9570
1944.446226 0.9570 0.9590 0.9610 0.9610 0.9610
1950.356399 0.9610 0.9610 0.9610 0.9630 0.9630
1956.266572 0.9630 0.9630 0.9630 0.9640 0.9660
1962.176746 0.9680 0.9700 0.9700 0.9720 0.9740
1968.086919 0.9750 0.9770 0.9810 0.9850 0.9959
1973.997093 0.9980 1.0000 1.0000 1.0010 1.0030
1979.907266 1.0050 1.0050 1.0070 1.0070 1.0070
1985.817440 1.0090 1.0090 1.0090 1.0090 1.0090
1991.727613 1.0070 1.0070 1.0050 1.0030 1.0030
1997.637786 1.0030 1.0010 1.0000 0.9990 0.9980
2003.547960 0.9980 0.9980 0.9980 0.9980 0.9970
2009.458133 0.9960 0.9960 0.9960 0.9951 0.9941
2015.368307 0.9931 0.9921 0.9911 0.9901 0.9900
2021.278480 0.9900 0.9900 0.9900 0.9909 0.9919
2027.188654 0.9929 0.9939 0.9971 1.0006 1.0019
2033.098827 1.0029 1.0030 1.0030 1.0030 1.0030
2039.009000 1.0022 1.0012 1.0006 1.0001 0.9992
2044.919174 0.9982 0.9955 0.9925 0.9920 0.9920
2050.829347 0.9928 0.9938 0.9940 0.9940 0.9956
2056.739521 0.9976 0.9988 0.9998 1.0000 1.0000
2062.649694 0.9985 0.9965 0.9952 0.9943 0.9940
2068.559868 0.9940 0.9940 0.9940 0.9947 0.9957
2074.470041 0.9960 0.9960 0.9960 0.9960 0.9960
2080.380215 0.9960 0.9953 0.9943 0.9940 0.9940
2086.290388 0.9933 0.9923 0.9920 0.9920 0.9920
2092.200561 0.9920 0.9920 0.9920 0.9913 0.9903
2098.110735 0.9900 0.9900 0.9906 0.9916 0.9926
2104.020908 0.9936 0.9946 0.9956 0.9966 0.9976
2109.931082 0.9980 0.9980 0.9980 0.9980 0.9974
2115.841255 0.9964 0.9960 0.9960 0.9960 0.9960
2121.751429 0.9960 0.9960 0.9960 0.9960 0.9954
2127.661602 0.9945 0.9940 0.9940 0.9940 0.9940
2133.571775 0.9940 0.9940 0.9935 0.9925 0.9915
2139.481949 0.9905 0.9895 0.9885 0.9880 0.9880
2145.392122 0.9880 0.9880 0.9880 0.9880 0.9880
2151.302296 0.9880 0.9880 0.9880 0.9880 0.9880
2157.212469 0.9880 0.9880 0.9880 0.9880 0.9880
2163.122643 0.9880 0.9880 0.9880 0.9878 0.9873
2169.032816 0.9866 0.9856 0.9850 0.9850 0.9850
2174.942989 0.9850 0.9850 0.9850 0.9854 0.9864
2180.853163 0.9870 0.9870 0.9870 0.9870 0.9872
2186.763336 0.9877 0.9880 0.9880 0.9880 0.9880
2192.673510 0.9880 0.9880 0.9880 0.9880 0.9880
2198.583683 0.9880 0.9880 0.9880 0.9880 0.9880
2204.493857 0.9880 0.9880 0.9880 0.9880 0.9880
2210.404030 0.9880 0.9880 0.9880 0.9879 0.9874
2216.314203 0.9870 0.9870 0.9870 0.9870 0.9870
2222.224377 0.9870 0.9870 0.9870 0.9868 0.9858
2228.134550 0.9850 0.9850 0.9850 0.9850 0.9848
2234.044724 0.9838 0.9828 0.9818 0.9808 0.9798
2239.954897 0.9788 0.9778 0.9770 0.9770 0.9770
2245.865071 0.9770 0.9769 0.9759 0.9750 0.9750
2251.775244 0.9749 0.9745 0.9739 0.9729 0.9719
2257.685418 0.9709 0.9700 0.9700 0.9699 0.9689
2263.595591 0.9680 0.9680 0.9679 0.9669 0.9659
2269.505764 0.9650 0.9639 0.9624 0.9610 0.9600
2275.415938 0.9590 0.9580 0.9570 0.9560 0.9550
2281.326111 0.9540 0.9530 0.9520 0.9510 0.9510
2287.236285 0.9510 0.9520 0.9530 0.9530 0.9530
2293.146458 0.9530 0.9530 0.9540 0.9550 0.9559
2299.056632 0.9569 0.9570 0.9570 0.9579 0.9589
2304.966805 0.9590 0.9590 0.9599 0.9609 0.9610
2310.876978 0.9610 0.9610 0.9610 0.9619 0.9629
2316.787152 0.9630 0.9630 0.9621 0.9611 0.9593
2322.697325 0.9573 0.9561 0.9552 0.9558 0.9568
2328.607499 0.9570 0.9570 0.9578 0.9588 0.9590
2334.517672 0.9590 0.9590 0.9590 0.9598 0.9608
2340.427846 0.9610 0.9610 0.9618 0.9628 0.9634
2346.338019 0.9639 0.9640 0.9640 0.9648 0.9658
2352.248192 0.9660 0.9660 0.9653 0.9642 0.9648
2358.158366 0.9657 0.9667 0.9677 0.9680 0.9680
2364.068539 0.9694 0.9714 0.9713 0.9703 0.9679
2369.978713 0.9649 0.9637 0.9632 0.9623 0.9613
2375.888886 0.9603 0.9593 0.9597 0.9607 0.9610
2381.799060 0.9610 0.9610 0.9610 0.9616 0.9626
2387.709233 0.9633 0.9638 0.9646 0.9656 0.9660
2393.619406 0.9660 0.9660 0.9660 0.9660 0.9660
2399.529580 0.9660 0.9660 0.9660 0.9660 0.9660
2405.439753 0.9660 0.9660 0.9660 0.9666 0.9676
2411.349927 0.9680 0.9680 0.9680 0.9680 0.9685
2417.260100 0.9695 0.9705 0.9715 0.9720 0.9720
2423.170274 0.9725 0.9735 0.9740 0.9740 0.9740
2429.080447 0.9740 0.9740 0.9740 0.9740 0.9740
2434.990621 0.9740 0.9740 0.9740 0.9740 0.9740
2440.900794 0.9740 0.9740 0.9740 0.9736 0.9726
2446.810967 0.9720 0.9720 0.9720 0.9720 0.9720
2452.721141 0.9720 0.9716 0.9706 0.9696 0.9686
2458.631314 0.9676 0.9666 0.9656 0.9646 0.9640
2464.541488 0.9640 0.9640 0.9640 0.9640 0.9640
2470.451661 0.9640 0.9640 0.9640 0.9640 0.9640
2476.361835 0.9640 0.9643 0.9653 0.9660 0.9660
2482.272008 0.9660 0.9660 0.9660 0.9660 0.9660
2488.182181 0.9660 0.9660 0.9660 0.9663 0.9673
2494.092355 0.9677 0.9668 0.9660 0.9660 0.9660
2500.002528 0.9660 0.9660 0.9660 0.9660 0.9660
2505.912702 0.9660 0.9660 0.9662 0.9672 0.9680
2511.822875 0.9680 0.9682 0.9692 0.9698 0.9688
2517.733049 0.9680 0.9680 0.9680 0.9680 0.9680
2523.643222 0.9680 0.9680 0.9680 0.9682 0.9691
2529.553395 0.9700 0.9700 0.9701 0.9711 0.9720
2535.463569 0.9720 0.9720 0.9720 0.9720 0.9720
2541.373742 0.9720 0.9720 0.9719 0.9709 0.9698
2547.283916 0.9678 0.9659 0.9649 0.9640 0.9635
2553.194089 0.9629 0.9619 0.9610 0.9610 0.9610
2559.104263 0.9620 0.9630 0.9630 0.9630 0.9635
2565.014436 0.9640 0.9640 0.9640 0.9650 0.9660
2570.924609 0.9670 0.9680 0.9680 0.9680 0.9680
2576.834783 0.9680 0.9680 0.9680 0.9670 0.9660
2582.744956 0.9660 0.9660 0.9651 0.9641 0.9640
2588.655130 0.9640 0.9640 0.9640 0.9649 0.9659
2594.565303 0.9660 0.9660 0.9660 0.9660 0.9660
2600.475477 0.9660 0.9669 0.9679 0.9680 0.9680
2606.385650 0.9680 0.9680 0.9680 0.9680 0.9680
2612.295824 0.9680 0.9680 0.9680 0.9688 0.9698
2618.205997 0.9692 0.9682 0.9680 0.9680 0.9680
2624.116170 0.9680 0.9680 0.9680 0.9672 0.9662
2630.026344 0.9660 0.9660 0.9652 0.9642 0.9636
2635.936517 0.9631 0.9623 0.9613 0.9603 0.9592
2641.846691 0.9582 0.9573 0.9570 0.9570 0.9563
2647.756864 0.9553 0.9532 0.9507 0.9493 0.9483
2653.667038 0.9480 0.9480 0.9480 0.9480 0.9480
2659.577211 0.9480 0.9480 0.9480 0.9480 0.9480
2665.487384 0.9480 0.9480 0.9487 0.9497 0.9516
2671.397558 0.9541 0.9550 0.9550 0.9556 0.9566
2677.307731 0.9570 0.9570 0.9564 0.9554 0.9550
2683.217905 0.9550 0.9550 0.9550 0.9550 0.9550
2689.128078 0.9538 0.9518 0.9510 0.9510 0.9507
2695.038252 0.9502 0.9478 0.9438 0.9395 0.9351
2700.948425 0.9306 0.9261 0.9235 0.9225 0.9225
2706.858598 0.9235 0.9245 0.9255 0.9267 0.9283
2712.768772 0.9310 0.9350 0.9382 0.9407 0.9439
2718.678945 0.9479 0.9512 0.9537 0.9550 0.9550
2724.589119 0.9550 0.9550 0.9546 0.9536 0.9526
2730.499292 0.9516 0.9508 0.9503 0.9492 0.9472
2736.409466 0.9432 0.9368 0.9322 0.9302 0.9294
2742.319639 0.9304 0.9335 0.9400 0.9453 0.9488
2748.229812 0.9521 0.9551 0.9574 0.9584 0.9590
2754.139986 0.9590 0.9590 0.9590 0.9587 0.9577
2760.050159 0.9570 0.9570 0.9567 0.9557 0.9547
2765.960333 0.9537 0.9519 0.9484 0.9450 0.9415
2771.870506 0.9376 0.9326 0.9290 0.9290 0.9301
2777.780680 0.9340 0.9374 0.9389 0.9402 0.9413
2783.690853 0.9417 0.9407 0.9399 0.9394 0.9385
2789.601027 0.9365 0.9348 0.9338 0.9326 0.9306
2795.511200 0.9287 0.9272 0.9250 0.9201 0.9157
2801.421373 0.9142 0.9125 0.9095 0.9068 0.9058
2807.331547 0.9050 0.9050 0.9048 0.9038 0.9030
2813.241720 0.9030 0.9028 0.9013 0.8996 0.8966
2819.151894 0.8935 0.8890 0.8846 0.8811 0.8778
2825.062067 0.8758 0.8739 0.8729 0.8718 0.8687
2830.972241 0.8659 0.8644 0.8627 0.8587 0.8546
2836.882414 0.8491 0.8435 0.8345 0.8254 0.8135
2842.792587 0.8018 0.7979 0.7935 0.7746 0.7557
2848.702761 0.7353 0.7148 0.6855 0.6561 0.6254
2854.612934 0.5948 0.5789 0.5629 0.4749 0.3869
2860.523108 0.3648 0.3435 0.3226 0.3017 0.2615
2866.433281 0.2208 0.2176 0.2161 0.2169 0.2179
2872.343455 0.2273 0.2372 0.2449 0.2524 0.2640
2878.253628 0.2761 0.3033 0.3317 0.3367 0.3397
2884.163801 0.3423 0.3447 0.3459 0.3469 0.3452
2890.073975 0.3433 0.3408 0.3383 0.3277 0.3158
2895.984148 0.3068 0.2983 0.2615 0.2192 0.1936
2901.894322 0.1714 0.1663 0.1643 0.1640 0.1640
2907.804495 0.1665 0.1694 0.1728 0.1763 0.1798
2913.714669 0.1833 0.1915 0.2009 0.2088 0.2163
2919.624842 0.2184 0.2189 0.2190 0.2190 0.2179
2925.535016 0.2164 0.2118 0.2064 0.1994 0.1919
2931.445189 0.1837 0.1753 0.1676 0.1601 0.1530
2937.355362 0.1460 0.1356 0.1236 0.1096 0.0947
2943.265536 0.0818 0.0699 0.0610 0.0535 0.0450
2949.175709 0.0359 0.0293 0.0238 0.0213 0.0203
2955.085883 0.0193 0.0184 0.0180 0.0180 0.0180
2960.996056 0.0180 0.0186 0.0196 0.0206 0.0216
2966.906230 0.0229 0.0244 0.0274 0.0313 0.0362
2972.816403 0.0418 0.0484 0.0559 0.0767 0.1071
2978.726576 0.1368 0.1662 0.1961 0.2264 0.2545
2984.636750 0.2809 0.3309 0.4010 0.4524 0.4873
2990.546923 0.5112 0.5252 0.5333 0.5357 0.5370
2996.457097 0.5370 0.5347 0.5302 0.5280 0.5280
3002.367270 0.5334 0.5443 0.5555 0.5669 0.5868
3008.277444 0.6161 0.6466 0.6784 0.7120 0.7478
3014.187617 0.7745 0.7894 0.8054 0.8228 0.8370
3020.097790 0.8465 0.8559 0.8648 0.8708 0.8728
3026.007964 0.8754 0.8789 0.8832 0.8886 0.8932
3031.918137 0.8961 0.8987 0.9007 0.9029 0.9054
3037.828311 0.9081 0.9110 0.9132 0.9137 0.9140
3043.738484 0.9140 0.9143 0.9153 0.9160 0.9160
3049.648658 0.9160 0.9160 0.9160 0.9160 0.9163
3055.558831 0.9173 0.9183 0.9193 0.9203 0.9213
3061.469004 0.9223 0.9233 0.9243 0.9253 0.9260
3067.379178 0.9260 0.9260 0.9260 0.9261 0.9266
3073.289351 0.9272 0.9282 0.9290 0.9290 0.9290
3079.199525 0.9290 0.9288 0.9278 0.9270 0.9270
3085.109698 0.9270 0.9270 0.9272 0.9282 0.9295
3091.019872 0.9325 0.9354 0.9373 0.9393 0.9407
3096.930045 0.9422 0.9432 0.9444 0.9474 0.9503
3102.840219 0.9528 0.9551 0.9561 0.9571 0.9581
3108.750392 0.9593 0.9617 0.9642 0.9662 0.9681
3114.660565 0.9691 0.9701 0.9711 0.9721 0.9731
3120.570739 0.9740 0.9740 0.9740 0.9740 0.9739
3126.480912 0.9730 0.9720 0.9720 0.9720 0.9720
3132.391086 0.9720 0.9720 0.9720 0.9720 0.9720
3138.301259 0.9720 0.9720 0.9720 0.9720 0.9720
3144.211433 0.9720 0.9710 0.9700 0.9700 0.9700
3150.121606 0.9700 0.9700 0.9700 0.9700 0.9700
3156.031779 0.9700 0.9700 0.9700 0.9700 0.9700
3161.941953 0.9700 0.9700 0.9691 0.9681 0.9671
3167.852126 0.9661 0.9651 0.9641 0.9636 0.9631
3173.762300 0.9630 0.9630 0.9621 0.9611 0.9610
3179.672473 0.9610 0.9601 0.9592 0.9582 0.9572
3185.582647 0.9570 0.9570 0.9570 0.9570 0.9570
3191.492820 0.9570 0.9578 0.9588 0.9598 0.9608
3197.402993 0.9618 0.9628 0.9634 0.9639 0.9648
3203.313167 0.9658 0.9660 0.9660 0.9660 0.9660
3209.223340 0.9660 0.9660 0.9660 0.9660 0.9660
3215.133514 0.9660 0.9660 0.9660 0.9660 0.9660
3221.043687 0.9667 0.9677 0.9687 0.9697 0.9700
3226.953861 0.9700 0.9700 0.9700 0.9700 0.9700
3232.864034 0.9707 0.9717 0.9720 0.9720 0.9727
3238.774207 0.9737 0.9743 0.9748 0.9750 0.9750
3244.684381 0.9756 0.9766 0.9776 0.9786 0.9790
3250.594554 0.9790 0.9790 0.9790 0.9796 0.9806
3256.504728 0.9810 0.9810 0.9810 0.9810 0.9810
3262.414901 0.9810 0.9810 0.9810 0.9810 0.9810
3268.325075 0.9810 0.9810 0.9810 0.9810 0.9810
3274.235248 0.9810 0.9815 0.9825 0.9830 0.9830
3280.145422 0.9830 0.9830 0.9830 0.9830 0.9830
3286.055595 0.9830 0.9830 0.9830 0.9830 0.9830
3291.965768 0.9830 0.9830 0.9830 0.9830 0.9834
3297.875942 0.9844 0.9850 0.9850 0.9854 0.9864
3303.786115 0.9870 0.9870 0.9870 0.9870 0.9870
3309.696289 0.9870 0.9872 0.9877 0.9880 0.9880
3315.606462 0.9880 0.9880 0.9880 0.9880 0.9880
3321.516636 0.9880 0.9880 0.9880 0.9880 0.9880
3327.426809 0.9878 0.9873 0.9870 0.9870 0.9870
3333.336982 0.9870 0.9870 0.9870 0.9872 0.9877
3339.247156 0.9880 0.9880 0.9880 0.9880 0.9880
3345.157329 0.9880 0.9879 0.9874 0.9870 0.9870
3351.067503 0.9871 0.9876 0.9880 0.9880 0.9880
3356.977676 0.9880 0.9880 0.9880 0.9880 0.9880
3362.887850 0.9882 0.9892 0.9900 0.9900 0.9900
3368.798023 0.9900 0.9900 0.9900 0.9900 0.9900
3374.708196 0.9900 0.9900 0.9900 0.9900 0.9898
3380.618370 0.9888 0.9880 0.9880 0.9880 0.9880
3386.528543 0.9880 0.9880 0.9880 0.9880 0.9880
3392.438717 0.9880 0.9880 0.9880 0.9880 0.9875
3398.348890 0.9870 0.9870 0.9870 0.9870 0.9869
3404.259064 0.9859 0.9849 0.9839 0.9829 0.9819
3410.169237 0.9810 0.9810 0.9810 0.9810 0.9810
3416.079410 0.9810 0.9810 0.9810 0.9810 0.9800
3421.989584 0.9790 0.9790 0.9790 0.9790 0.9790
3427.899757 0.9790 0.9790 0.9790 0.9790 0.9800
3433.809931 0.9810 0.9810 0.9810 0.9810 0.9810
3439.720104 0.9801 0.9791 0.9790 0.9790 0.9790
3445.630278 0.9790 0.9781 0.9771 0.9770 0.9770
3451.540451 0.9761 0.9751 0.9745 0.9740 0.9722
3457.450625 0.9702 0.9682 0.9662 0.9651 0.9641
3463.360798 0.9627 0.9612 0.9601 0.9592 0.9573
3469.270971 0.9553 0.9550 0.9550 0.9529 0.9504
3475.181145 0.9475 0.9445 0.9403 0.9358 0.9317
3481.091318 0.9278 0.9234 0.9189 0.9164 0.9144
3487.001492 0.9097 0.9042 0.8988 0.8933 0.8859
3492.911665 0.8780 0.8745 0.8725 0.8628 0.8509
3498.821839 0.8382 0.8253 0.8068 0.7864 0.7649
3504.732012 0.7430 0.7316 0.7241 0.7035 0.6777
3510.642185 0.6431 0.6048 0.5765 0.5526 0.5172
3516.552359 0.4765 0.4370 0.3982 0.3362 0.2636
3522.462532 0.2007 0.1426 0.1006 0.0667 0.0508
3528.372706 0.0443 0.0398 0.0363 0.0344 0.0334
3534.282879 0.0330 0.0330 0.0339 0.0354 0.0416
3540.193053 0.0511 0.0686 0.0918 0.1199 0.1512
3546.103226 0.2011 0.2637 0.3220 0.3772 0.4412
3552.013399 0.5118 0.5872 0.6662 0.7121 0.7305
3557.923573 0.7598 0.7986 0.8290 0.8519 0.8686
3563.833746 0.8796 0.8883 0.8949 0.9021 0.9101
3569.743920 0.9165 0.9215 0.9262 0.9307 0.9340
3575.654093 0.9360 0.9370 0.9370 0.9365 0.9355
3581.564267 0.9345 0.9336 0.9334 0.9344 0.9378
3587.474440 0.9443 0.9514 0.9595 0.9644 0.9654
3593.384613 0.9668 0.9688 0.9704 0.9714 0.9716
3599.294787 0.9706 0.9696 0.9686 0.9676 0.9666
3605.204960 0.9660 0.9660 0.9667 0.9687 0.9700
3611.115134 0.9700 0.9703 0.9713 0.9720 0.9720
3617.025307 0.9725 0.9740 0.9750 0.9750 0.9750
3622.935481 0.9750 0.9750 0.9750 0.9750 0.9750
3628.845654 0.9746 0.9731 0.9717 0.9707 0.9700
3634.755828 0.9700 0.9700 0.9700 0.9705 0.9725
3640.666001 0.9741 0.9746 0.9750 0.9750 0.9750
3646.576174 0.9750 0.9752 0.9762 0.9772 0.9782
3652.486348 0.9790 0.9790 0.9792 0.9802 0.9812
3658.396521 0.9822 0.9830 0.9830 0.9830 0.9830
3664.306695 0.9828 0.9818 0.9810 0.9810 0.9808
3670.216868 0.9799 0.9790 0.9790 0.9791 0.9801
3676.127042 0.9810 0.9810 0.9812 0.9832 0.9851
3682.037215 0.9861 0.9870 0.9875 0.9880 0.9880
3687.947388 0.9880 0.9880 0.9880 0.9880 0.9880
3693.857562 0.9880 0.9880 0.9875 0.9870 0.9870
3699.767735 0.9870 0.9870 0.9870 0.9870 0.9870
3705.677909 0.9860 0.9850 0.9850 0.9850 0.9850
3711.588082 0.9850 0.9840 0.9830 0.9830 0.9830
3717.498256 0.9820 0.9810 0.9810 0.9810 0.9810
3723.408429 0.9810 0.9810 0.9810 0.9801 0.9791
3729.318602 0.9790 0.9790 0.9790 0.9790 0.9790
3735.228776 0.9790 0.9790 0.9790 0.9799 0.9809
3741.138949 0.9810 0.9810 0.9810 0.9810 0.9819
3747.049123 0.9829 0.9839 0.9849 0.9850 0.9850
3752.959296 0.9850 0.9850 0.9850 0.9850 0.9850
3758.869470 0.9850 0.9858 0.9868 0.9870 0.9870
3764.779643 0.9870 0.9870 0.9870 0.9870 0.9870
3770.689816 0.9870 0.9870 0.9870 0.9874 0.9879
3776.599990 0.9880 0.9880
##END=
