##TITLE=Ammonium compounds, substituted: (2,2-diethoxyethyl)trimethyl- iodide
##JCAMP-DX=4.24
$$ By DXEDIT 1.05 (RS McDonald)
##DATA TYPE=INFRARED SPECTRUM
##CLASS=COBLENTZ III
##ORIGIN=DOW CHEMICAL COMPANY
##OWNER=COPYRIGHT (C) 1988 by COBLENTZ SOCIETY INC.
Collection (C) 2018 copyright by the U.S. Secretary of Commerce
on behalf of the United States of America. All rights reserved.
##DATE=1966/03/30
##NAMES=(2,2-diethoxyethyl)(trimethyl)-.lambda.<5>-azane hydroiodide
##CAS REGISTRY NO=6711-89-3
##MOLFORM=C9 H22 I N O2
##SOURCE REFERENCE=COBLENTZ NO. 07164
##$NIST SOURCE=COBLENTZ
##$NIST IMAGE=cob7164
##SPECTROMETER/DATA SYSTEM=DOW KBr FOREPRISM-GRATING
##INSTRUMENT PARAMETERS=BLAZED AT 3.5, 12.0, 20.0 MICRON AND CHANGED AT 5.0, 7.5, 14.9 MICRON
##STATE=SOLID (SPLIT MULL), FLUOROLUBE FOR 3800-1330 CM^-^1, NUJOL FOR 1330-400 CM^-^1
##SAMPLING PROCEDURE=TRANSMISSION
##RESOLUTION=2
##DATA PROCESSING=DIGITIZED BY COBLENTZ SOCIETY (BATCH I) FROM HARD COPY
##XUNITS=1/CM
##YUNITS=TRANSMITTANCE
##XFACTOR=1
##YFACTOR=1
##DELTAX=1
##FIRSTX=3800
##LASTX=385
##FIRSTY=0.6525
##MAXX=3800
##MINX=385
##MAXY=0.8966
##MINY=0.0535
##NPOINTS=3416
##XYDATA=(X++(Y..Y))
3800.000000 0.6525 0.6525 0.6525 0.6525 0.6528
3795.000000 0.6528 0.6531 0.6532 0.6534 0.6535
3790.000000 0.6537 0.6538 0.6539 0.6540 0.6542
3785.000000 0.6543 0.6545 0.6546 0.6548 0.6549
3780.000000 0.6551 0.6551 0.6553 0.6554 0.6556
3775.000000 0.6557 0.6558 0.6560 0.6561 0.6562
3770.000000 0.6565 0.6565 0.6568 0.6568 0.6571
3765.000000 0.6571 0.6574 0.6575 0.6578 0.6578
3760.000000 0.6581 0.6583 0.6585 0.6587 0.6589
3755.000000 0.6591 0.6593 0.6595 0.6597 0.6599
3750.000000 0.6601 0.6604 0.6607 0.6608 0.6611
3745.000000 0.6615 0.6618 0.6619 0.6622 0.6625
3740.000000 0.6630 0.6634 0.6638 0.6641 0.6645
3735.000000 0.6648 0.6651 0.6655 0.6658 0.6661
3730.000000 0.6665 0.6667 0.6668 0.6669 0.6671
3725.000000 0.6672 0.6675 0.6676 0.6678 0.6680
3720.000000 0.6682 0.6683 0.6685 0.6687 0.6689
3715.000000 0.6690 0.6692 0.6694 0.6696 0.6698
3710.000000 0.6700 0.6701 0.6703 0.6705 0.6707
3705.000000 0.6708 0.6710 0.6711 0.6714 0.6715
3700.000000 0.6718 0.6718 0.6721 0.6722 0.6725
3695.000000 0.6725 0.6728 0.6730 0.6732 0.6734
3690.000000 0.6736 0.6737 0.6739 0.6740 0.6741
3685.000000 0.6742 0.6744 0.6745 0.6746 0.6747
3680.000000 0.6748 0.6749 0.6751 0.6751 0.6753
3675.000000 0.6754 0.6756 0.6757 0.6758 0.6758
3670.000000 0.6760 0.6761 0.6762 0.6764 0.6765
3665.000000 0.6765 0.6768 0.6768 0.6769 0.6771
3660.000000 0.6772 0.6774 0.6775 0.6775 0.6776
3655.000000 0.6778 0.6781 0.6782 0.6784 0.6786
3650.000000 0.6788 0.6790 0.6792 0.6793 0.6795
3645.000000 0.6797 0.6799 0.6800 0.6801 0.6804
3640.000000 0.6806 0.6807 0.6808 0.6811 0.6812
3635.000000 0.6814 0.6815 0.6817 0.6818 0.6819
3630.000000 0.6821 0.6822 0.6825 0.6825 0.6826
3625.000000 0.6828 0.6830 0.6831 0.6833 0.6834
3620.000000 0.6836 0.6837 0.6839 0.6840 0.6842
3615.000000 0.6843 0.6845 0.6846 0.6848 0.6849
3610.000000 0.6850 0.6851 0.6853 0.6854 0.6856
3605.000000 0.6857 0.6858 0.6858 0.6860 0.6861
3600.000000 0.6861 0.6862 0.6864 0.6864 0.6865
3595.000000 0.6865 0.6867 0.6868 0.6868 0.6868
3590.000000 0.6869 0.6871 0.6871 0.6872 0.6874
3585.000000 0.6874 0.6875 0.6875 0.6876 0.6878
3580.000000 0.6878 0.6878 0.6880 0.6881 0.6882
3575.000000 0.6883 0.6884 0.6884 0.6885 0.6885
3570.000000 0.6886 0.6887 0.6888 0.6888 0.6889
3565.000000 0.6889 0.6890 0.6890 0.6891 0.6892
3560.000000 0.6893 0.6893 0.6894 0.6894 0.6895
3555.000000 0.6896 0.6897 0.6897 0.6898 0.6898
3550.000000 0.6899 0.6899 0.6900 0.6901 0.6901
3545.000000 0.6901 0.6903 0.6903 0.6904 0.6905
3540.000000 0.6906 0.6906 0.6906 0.6906 0.6907
3535.000000 0.6907 0.6908 0.6908 0.6908 0.6908
3530.000000 0.6910 0.6910 0.6911 0.6911 0.6911
3525.000000 0.6911 0.6912 0.6912 0.6914 0.6914
3520.000000 0.6915 0.6915 0.6915 0.6915 0.6917
3515.000000 0.6917 0.6918 0.6918 0.6918 0.6918
3510.000000 0.6919 0.6919 0.6921 0.6921 0.6921
3505.000000 0.6921 0.6922 0.6922 0.6924 0.6924
3500.000000 0.6925 0.6925 0.6925 0.6925 0.6926
3495.000000 0.6928 0.6928 0.6928 0.6930 0.6930
3490.000000 0.6930 0.6928 0.6928 0.6928 0.6928
3485.000000 0.6926 0.6925 0.6925 0.6925 0.6924
3480.000000 0.6922 0.6921 0.6921 0.6921 0.6919
3475.000000 0.6918 0.6918 0.6918 0.6918 0.6917
3470.000000 0.6915 0.6915 0.6915 0.6914 0.6912
3465.000000 0.6911 0.6911 0.6911 0.6911 0.6910
3460.000000 0.6910 0.6908 0.6908 0.6908 0.6908
3455.000000 0.6907 0.6907 0.6906 0.6906 0.6905
3450.000000 0.6905 0.6904 0.6904 0.6903 0.6901
3445.000000 0.6901 0.6901 0.6901 0.6901 0.6903
3440.000000 0.6904 0.6905 0.6906 0.6907 0.6908
3435.000000 0.6908 0.6910 0.6911 0.6911 0.6912
3430.000000 0.6914 0.6915 0.6915 0.6917 0.6918
3425.000000 0.6919 0.6921 0.6921 0.6922 0.6924
3420.000000 0.6925 0.6925 0.6926 0.6928 0.6930
3415.000000 0.6931 0.6933 0.6934 0.6936 0.6937
3410.000000 0.6939 0.6940 0.6942 0.6943 0.6945
3405.000000 0.6946 0.6948 0.6949 0.6951 0.6951
3400.000000 0.6954 0.6955 0.6957 0.6958 0.6960
3395.000000 0.6961 0.6962 0.6964 0.6965 0.6967
3390.000000 0.6968 0.6969 0.6971 0.6972 0.6975
3385.000000 0.6975 0.6978 0.6978 0.6981 0.6982
3380.000000 0.6984 0.6985 0.6987 0.6988 0.6990
3375.000000 0.6991 0.6993 0.6994 0.6995 0.6996
3370.000000 0.6997 0.6998 0.7000 0.7001 0.7001
3365.000000 0.7003 0.7005 0.7006 0.7007 0.7008
3360.000000 0.7008 0.7010 0.7011 0.7014 0.7015
3355.000000 0.7017 0.7018 0.7019 0.7021 0.7022
3350.000000 0.7024 0.7025 0.7025 0.7025 0.7026
3345.000000 0.7026 0.7025 0.7025 0.7024 0.7021
3340.000000 0.7018 0.7017 0.7015 0.7011 0.7010
3335.000000 0.7008 0.7006 0.7004 0.7003 0.7003
3330.000000 0.7003 0.7003 0.7003 0.7003 0.7003
3325.000000 0.7003 0.7003 0.7003 0.7003 0.7004
3320.000000 0.7005 0.7008 0.7011 0.7015 0.7019
3315.000000 0.7024 0.7028 0.7031 0.7035 0.7039
3310.000000 0.7043 0.7046 0.7049 0.7051 0.7055
3305.000000 0.7058 0.7061 0.7064 0.7067 0.7068
3300.000000 0.7071 0.7075 0.7078 0.7081 0.7084
3295.000000 0.7087 0.7090 0.7092 0.7094 0.7096
3290.000000 0.7099 0.7101 0.7103 0.7105 0.7107
3285.000000 0.7108 0.7111 0.7112 0.7115 0.7118
3280.000000 0.7119 0.7121 0.7124 0.7125 0.7128
3275.000000 0.7130 0.7133 0.7135 0.7137 0.7139
3270.000000 0.7141 0.7143 0.7145 0.7146 0.7148
3265.000000 0.7150 0.7151 0.7153 0.7155 0.7157
3260.000000 0.7158 0.7160 0.7161 0.7164 0.7165
3255.000000 0.7168 0.7169 0.7171 0.7172 0.7175
3250.000000 0.7176 0.7178 0.7180 0.7182 0.7184
3245.000000 0.7185 0.7187 0.7188 0.7190 0.7191
3240.000000 0.7193 0.7194 0.7196 0.7197 0.7199
3235.000000 0.7200 0.7201 0.7203 0.7205 0.7206
3230.000000 0.7207 0.7208 0.7210 0.7211 0.7212
3225.000000 0.7215 0.7217 0.7218 0.7221 0.7221
3220.000000 0.7224 0.7225 0.7228 0.7230 0.7232
3215.000000 0.7234 0.7236 0.7238 0.7240 0.7242
3210.000000 0.7244 0.7246 0.7249 0.7251 0.7254
3205.000000 0.7256 0.7258 0.7260 0.7262 0.7265
3200.000000 0.7267 0.7268 0.7271 0.7274 0.7276
3195.000000 0.7278 0.7281 0.7283 0.7286 0.7288
3190.000000 0.7291 0.7293 0.7296 0.7298 0.7301
3185.000000 0.7303 0.7305 0.7307 0.7310 0.7311
3180.000000 0.7315 0.7317 0.7318 0.7319 0.7321
3175.000000 0.7324 0.7325 0.7326 0.7328 0.7330
3170.000000 0.7332 0.7333 0.7335 0.7337 0.7339
3165.000000 0.7340 0.7342 0.7343 0.7344 0.7345
3160.000000 0.7346 0.7347 0.7348 0.7349 0.7350
3155.000000 0.7351 0.7351 0.7353 0.7354 0.7355
3150.000000 0.7356 0.7357 0.7358 0.7358 0.7360
3145.000000 0.7361 0.7361 0.7362 0.7364 0.7365
3140.000000 0.7367 0.7368 0.7368 0.7369 0.7371
3135.000000 0.7371 0.7372 0.7374 0.7375 0.7375
3130.000000 0.7376 0.7378 0.7378 0.7380 0.7381
3125.000000 0.7382 0.7383 0.7383 0.7383 0.7382
3120.000000 0.7382 0.7382 0.7382 0.7381 0.7381
3115.000000 0.7380 0.7380 0.7380 0.7380 0.7380
3110.000000 0.7380 0.7380 0.7380 0.7380 0.7380
3105.000000 0.7380 0.7380 0.7378 0.7376 0.7375
3100.000000 0.7372 0.7371 0.7369 0.7367 0.7365
3095.000000 0.7361 0.7358 0.7356 0.7353 0.7350
3090.000000 0.7347 0.7344 0.7341 0.7338 0.7335
3085.000000 0.7331 0.7328 0.7324 0.7319 0.7315
3080.000000 0.7311 0.7307 0.7303 0.7299 0.7295
3075.000000 0.7290 0.7285 0.7278 0.7272 0.7267
3070.000000 0.7261 0.7257 0.7251 0.7247 0.7242
3065.000000 0.7237 0.7233 0.7224 0.7215 0.7204
3060.000000 0.7194 0.7104 0.7015 0.6833 0.6651
3055.000000 0.6615 0.6562 0.6581 0.6581 0.6601
3050.000000 0.6624 0.6697 0.6771 0.6821 0.6872
3045.000000 0.6919 0.6967 0.7014 0.7061 0.7081
3040.000000 0.7101 0.7108 0.7117 0.7124 0.7132
3035.000000 0.7135 0.7138 0.7139 0.7141 0.7142
3030.000000 0.7143 0.7144 0.7145 0.7145 0.7144
3025.000000 0.7144 0.7143 0.7141 0.7140 0.7128
3020.000000 0.7117 0.7086 0.7055 0.6504 0.5954
3015.000000 0.5910 0.5867 0.5827 0.5788 0.5747
3010.000000 0.5707 0.5667 0.5627 0.5539 0.3142
3005.000000 0.5133 0.4814 0.4008 0.3202 0.3292
3000.000000 0.3382 0.3472 0.3562 0.3652 0.3742
2995.000000 0.3832 0.3922 0.3971 0.4021 0.4021
2990.000000 0.4050 0.3923 0.3826 0.3709 0.3593
2985.000000 0.3476 0.3359 0.3243 0.3127 0.3010
2980.000000 0.2894 0.2777 0.2661 0.2587 0.2531
2975.000000 0.2842 0.3172 0.3366 0.3562 0.3684
2970.000000 0.3806 0.4006 0.4206 0.4278 0.4350
2965.000000 0.4425 0.4500 0.4574 0.4649 0.4723
2960.000000 0.4797 0.4829 0.4860 0.4865 0.4870
2955.000000 0.4870 0.4871 0.4870 0.4868 0.4856
2950.000000 0.4844 0.4806 0.4768 0.4682 0.4596
2945.000000 0.4547 0.4498 0.4460 0.4425 0.4394
2940.000000 0.4362 0.4345 0.4328 0.4319 0.4310
2935.000000 0.4303 0.4296 0.4292 0.4285 0.4284
2930.000000 0.4281 0.4279 0.4278 0.4289 0.4300
2925.000000 0.4320 0.4340 0.4367 0.4394 0.4417
2920.000000 0.4441 0.4467 0.4494 0.4527 0.4653
2915.000000 0.4600 0.4641 0.4655 0.4670 0.4670
2910.000000 0.4671 0.4670 0.4668 0.4658 0.4648
2905.000000 0.4637 0.4627 0.4615 0.4603 0.4590
2900.000000 0.4578 0.4566 0.4555 0.4545 0.4535
2895.000000 0.4524 0.4514 0.4506 0.4498 0.4491
2890.000000 0.4484 0.4478 0.4473 0.4469 0.4466
2885.000000 0.4464 0.4462 0.4462 0.4464 0.4471
2880.000000 0.4479 0.4493 0.4507 0.4529 0.4552
2875.000000 0.4582 0.4612 0.4647 0.4682 0.4732
2870.000000 0.4782 0.4847 0.4912 0.4985 0.5058
2865.000000 0.5165 0.5273 0.5339 0.5406 0.5445
2860.000000 0.5484 0.5521 0.5559 0.5597 0.5635
2855.000000 0.5674 0.5714 0.5753 0.5793 0.5825
2850.000000 0.5858 0.5886 0.5914 0.5942 0.5971
2845.000000 0.5998 0.6025 0.6048 0.6071 0.6093
2840.000000 0.6116 0.6137 0.6159 0.6176 0.6193
2835.000000 0.6210 0.6227 0.6244 0.6260 0.6278
2830.000000 0.6295 0.6312 0.6329 0.6344 0.6359
2825.000000 0.6373 0.6387 0.6397 0.6408 0.6418
2820.000000 0.6428 0.6438 0.6448 0.6461 0.6475
2815.000000 0.6491 0.6506 0.6521 0.6536 0.6551
2810.000000 0.6565 0.6581 0.6596 0.6608 0.6621
2805.000000 0.6635 0.6648 0.6661 0.6674 0.6687
2800.000000 0.6700 0.6712 0.6725 0.6739 0.6751
2795.000000 0.6764 0.6775 0.6788 0.6801 0.6812
2790.000000 0.6825 0.6837 0.6850 0.6861 0.6874
2785.000000 0.6885 0.6896 0.6906 0.6915 0.6925
2780.000000 0.6936 0.6946 0.6956 0.6965 0.6976
2775.000000 0.6988 0.7000 0.7011 0.7022 0.7034
2770.000000 0.7046 0.7056 0.7067 0.7075 0.7086
2765.000000 0.7096 0.7106 0.7115 0.7125 0.7130
2760.000000 0.7135 0.7139 0.7144 0.7147 0.7150
2755.000000 0.7151 0.7155 0.7157 0.7160 0.7161
2750.000000 0.7165 0.7168 0.7171 0.7172 0.7175
2745.000000 0.7178 0.7181 0.7184 0.7187 0.7189
2740.000000 0.7192 0.7194 0.7197 0.7200 0.7203
2735.000000 0.7205 0.7208 0.7211 0.7217 0.7222
2730.000000 0.7228 0.7234 0.7240 0.7246 0.7251
2725.000000 0.7258 0.7264 0.7269 0.7275 0.7281
2720.000000 0.7287 0.7293 0.7300 0.7307 0.7314
2715.000000 0.7319 0.7326 0.7333 0.7340 0.7347
2710.000000 0.7354 0.7360 0.7367 0.7374 0.7381
2705.000000 0.7387 0.7393 0.7399 0.7405 0.7411
2700.000000 0.7417 0.7422 0.7428 0.7435 0.7441
2695.000000 0.7447 0.7453 0.7458 0.7465 0.7471
2690.000000 0.7476 0.7482 0.7487 0.7492 0.7497
2685.000000 0.7501 0.7507 0.7511 0.7515 0.7521
2680.000000 0.7525 0.7531 0.7536 0.7540 0.7545
2675.000000 0.7549 0.7553 0.7557 0.7561 0.7565
2670.000000 0.7571 0.7575 0.7578 0.7583 0.7588
2665.000000 0.7592 0.7596 0.7600 0.7605 0.7611
2660.000000 0.7617 0.7622 0.7628 0.7635 0.7641
2655.000000 0.7647 0.7653 0.7658 0.7665 0.7671
2650.000000 0.7678 0.7686 0.7694 0.7701 0.7708
2645.000000 0.7715 0.7722 0.7728 0.7733 0.7733
2640.000000 0.7733 0.7733 0.7734 0.7734 0.7735
2635.000000 0.7735 0.7736 0.7736 0.7737 0.7737
2630.000000 0.7738 0.7738 0.7739 0.7739 0.7739
2625.000000 0.7739 0.7739 0.7738 0.7737 0.7736
2620.000000 0.7736 0.7735 0.7734 0.7733 0.7733
2615.000000 0.7732 0.7731 0.7730 0.7730 0.7728
2610.000000 0.7728 0.7728 0.7728 0.7728 0.7728
2605.000000 0.7728 0.7730 0.7730 0.7730 0.7730
2600.000000 0.7731 0.7731 0.7731 0.7731 0.7731
2595.000000 0.7731 0.7732 0.7732 0.7732 0.7732
2590.000000 0.7733 0.7734 0.7735 0.7735 0.7736
2585.000000 0.7736 0.7737 0.7738 0.7739 0.7739
2580.000000 0.7740 0.7740 0.7741 0.7741 0.7742
2575.000000 0.7742 0.7743 0.7743 0.7744 0.7744
2570.000000 0.7744 0.7744 0.7745 0.7745 0.7745
2565.000000 0.7745 0.7746 0.7746 0.7746 0.7746
2560.000000 0.7747 0.7748 0.7750 0.7751 0.7754
2555.000000 0.7755 0.7757 0.7758 0.7761 0.7762
2550.000000 0.7765 0.7765 0.7768 0.7769 0.7771
2545.000000 0.7774 0.7775 0.7778 0.7780 0.7781
2540.000000 0.7783 0.7785 0.7787 0.7788 0.7790
2535.000000 0.7790 0.7791 0.7791 0.7791 0.7791
2530.000000 0.7792 0.7792 0.7792 0.7792 0.7793
2525.000000 0.7793 0.7793 0.7793 0.7793 0.7793
2520.000000 0.7794 0.7794 0.7795 0.7795 0.7796
2515.000000 0.7796 0.7797 0.7797 0.7798 0.7798
2510.000000 0.7799 0.7800 0.7801 0.7801 0.7801
2505.000000 0.7801 0.7803 0.7803 0.7804 0.7804
2500.000000 0.7805 0.7806 0.7807 0.7808 0.7810
2495.000000 0.7811 0.7811 0.7812 0.7814 0.7815
2490.000000 0.7815 0.7817 0.7818 0.7818 0.7819
2485.000000 0.7819 0.7821 0.7821 0.7822 0.7824
2480.000000 0.7825 0.7825 0.7826 0.7828 0.7831
2475.000000 0.7833 0.7835 0.7837 0.7840 0.7843
2470.000000 0.7846 0.7849 0.7853 0.7856 0.7858
2465.000000 0.7861 0.7865 0.7868 0.7871 0.7872
2460.000000 0.7875 0.7878 0.7881 0.7883 0.7886
2455.000000 0.7888 0.7891 0.7893 0.7896 0.7898
2450.000000 0.7901 0.7903 0.7906 0.7908 0.7911
2445.000000 0.7912 0.7915 0.7918 0.7921 0.7922
2440.000000 0.7925 0.7928 0.7931 0.7933 0.7936
2435.000000 0.7939 0.7942 0.7944 0.7947 0.7949
2430.000000 0.7951 0.7954 0.7957 0.7958 0.7961
2425.000000 0.7964 0.7967 0.7968 0.7971 0.7974
2420.000000 0.7976 0.7978 0.7981 0.7981 0.7982
2415.000000 0.7982 0.7983 0.7983 0.7984 0.7984
2410.000000 0.7985 0.7985 0.7986 0.7986 0.7986
2405.000000 0.7986 0.7986 0.7986 0.7986 0.7984
2400.000000 0.7983 0.7981 0.7978 0.7976 0.7975
2395.000000 0.7974 0.7972 0.7971 0.7968 0.7967
2390.000000 0.7965 0.7965 0.7964 0.7962 0.7961
2385.000000 0.7961 0.7960 0.7958 0.7958 0.7961
2380.000000 0.7962 0.7965 0.7967 0.7968 0.7968
2375.000000 0.7968 0.7969 0.7969 0.7971 0.7971
2370.000000 0.7972 0.7972 0.7974 0.7975 0.7975
2365.000000 0.7976 0.7978 0.7978 0.7981 0.7982
2360.000000 0.7983 0.7984 0.7985 0.7986 0.7987
2355.000000 0.7987 0.7986 0.7985 0.7984 0.7972
2350.000000 0.7962 0.7956 0.7950 0.7945 0.7941
2345.000000 0.7936 0.7931 0.7925 0.7921 0.7917
2340.000000 0.7912 0.7911 0.7908 0.7907 0.7905
2335.000000 0.7904 0.7903 0.7903 0.7903 0.7908
2330.000000 0.7912 0.7926 0.7941 0.7962 0.7985
2325.000000 0.7988 0.7991 0.7993 0.7996 0.8001
2320.000000 0.8007 0.8014 0.8021 0.8040 0.8058
2315.000000 0.8071 0.8083 0.8083 0.8083 0.8082
2310.000000 0.8082 0.8081 0.8080 0.8074 0.8068
2305.000000 0.8056 0.8045 0.8034 0.8024 0.8015
2300.000000 0.8006 0.7997 0.7988 0.7985 0.7983
2295.000000 0.7983 0.7984 0.7985 0.7986 0.7987
2290.000000 0.7989 0.7990 0.7991 0.7991 0.7991
2285.000000 0.7991 0.7991 0.7989 0.7988 0.7986
2280.000000 0.7985 0.7983 0.7981 0.7978 0.7976
2275.000000 0.7974 0.7971 0.7971 0.7969 0.7968
2270.000000 0.7968 0.7988 0.8007 0.8021 0.8038
2265.000000 0.8042 0.8047 0.8048 0.8049 0.8050
2260.000000 0.8051 0.8051 0.8051 0.8055 0.8058
2255.000000 0.8064 0.8068 0.8072 0.8078 0.8082
2250.000000 0.8087 0.8091 0.8096 0.8100 0.8105
2245.000000 0.8108 0.8114 0.8118 0.8125 0.8130
2240.000000 0.8136 0.8142 0.8148 0.8153 0.8158
2235.000000 0.8164 0.8169 0.8175 0.8180 0.8185
2230.000000 0.8191 0.8196 0.8202 0.8207 0.8212
2225.000000 0.8217 0.8223 0.8228 0.8233 0.8238
2220.000000 0.8244 0.8249 0.8254 0.8260 0.8266
2215.000000 0.8271 0.8278 0.8283 0.8289 0.8295
2210.000000 0.8301 0.8307 0.8313 0.8318 0.8325
2205.000000 0.8331 0.8337 0.8340 0.8344 0.8345
2200.000000 0.8347 0.8347 0.8347 0.8347 0.8347
2195.000000 0.8347 0.8347 0.8347 0.8347 0.8346
2190.000000 0.8346 0.8346 0.8346 0.8346 0.8346
2185.000000 0.8346 0.8346 0.8345 0.8345 0.8344
2180.000000 0.8344 0.8343 0.8343 0.8343 0.8344
2175.000000 0.8344 0.8345 0.8346 0.8347 0.8347
2170.000000 0.8348 0.8349 0.8350 0.8354 0.8359
2165.000000 0.8364 0.8370 0.8375 0.8380 0.8385
2160.000000 0.8390 0.8395 0.8400 0.8405 0.8411
2155.000000 0.8414 0.8418 0.8421 0.8424 0.8427
2150.000000 0.8430 0.8433 0.8437 0.8440 0.8443
2145.000000 0.8446 0.8449 0.8452 0.8456 0.8459
2140.000000 0.8463 0.8466 0.8468 0.8471 0.8475
2135.000000 0.8478 0.8483 0.8486 0.8489 0.8492
2130.000000 0.8496 0.8499 0.8502 0.8505 0.8508
2125.000000 0.8511 0.8514 0.8517 0.8520 0.8523
2120.000000 0.8525 0.8528 0.8532 0.8535 0.8538
2115.000000 0.8541 0.8544 0.8547 0.8550 0.8552
2110.000000 0.8554 0.8556 0.8558 0.8559 0.8561
2105.000000 0.8563 0.8565 0.8566 0.8568 0.8570
2100.000000 0.8571 0.8573 0.8575 0.8577 0.8578
2095.000000 0.8581 0.8583 0.8584 0.8586 0.8588
2090.000000 0.8590 0.8591 0.8593 0.8595 0.8597
2085.000000 0.8598 0.8600 0.8602 0.8605 0.8607
2080.000000 0.8609 0.8611 0.8613 0.8615 0.8617
2075.000000 0.8618 0.8621 0.8623 0.8625 0.8627
2070.000000 0.8628 0.8631 0.8633 0.8635 0.8637
2065.000000 0.8639 0.8642 0.8644 0.8646 0.8648
2060.000000 0.8650 0.8652 0.8654 0.8656 0.8658
2055.000000 0.8660 0.8663 0.8665 0.8667 0.8668
2050.000000 0.8671 0.8673 0.8675 0.8677 0.8678
2045.000000 0.8681 0.8683 0.8685 0.8687 0.8688
2040.000000 0.8690 0.8691 0.8693 0.8694 0.8696
2035.000000 0.8697 0.8699 0.8700 0.8702 0.8703
2030.000000 0.8704 0.8705 0.8706 0.8707 0.8708
2025.000000 0.8709 0.8710 0.8711 0.8713 0.8713
2020.000000 0.8713 0.8713 0.8713 0.8712 0.8712
2015.000000 0.8710 0.8709 0.8708 0.8707 0.8705
2010.000000 0.8704 0.8702 0.8701 0.8700 0.8699
2005.000000 0.8694 0.8690 0.8684 0.8678 0.8673
2000.000000 0.8667 0.8663 0.8659 0.8655 0.8655
1995.000000 0.8657 0.8658 0.8660 0.8662 0.8663
1990.000000 0.8665 0.8667 0.8668 0.8671 0.8675
1985.000000 0.8678 0.8680 0.8683 0.8685 0.8687
1980.000000 0.8688 0.8690 0.8693 0.8695 0.8698
1975.000000 0.8701 0.8700 0.8699 0.8698 0.8697
1970.000000 0.8692 0.8686 0.8680 0.8673 0.8661
1965.000000 0.8655 0.8650 0.8646 0.8642 0.8638
1960.000000 0.8635 0.8635 0.8635 0.8635 0.8635
1955.000000 0.8635 0.8637 0.8640 0.8642 0.8644
1950.000000 0.8647 0.8649 0.8650 0.8651 0.8653
1945.000000 0.8655 0.8659 0.8662 0.8666 0.8668
1940.000000 0.8673 0.8675 0.8680 0.8684 0.8687
1935.000000 0.8693 0.8700 0.8707 0.8714 0.8720
1930.000000 0.8727 0.8733 0.8740 0.8747 0.8754
1925.000000 0.8760 0.8767 0.8774 0.8781 0.8786
1920.000000 0.8792 0.8797 0.8802 0.8807 0.8813
1915.000000 0.8817 0.8821 0.8825 0.8828 0.8833
1910.000000 0.8836 0.8838 0.8840 0.8842 0.8844
1905.000000 0.8846 0.8846 0.8846 0.8845 0.8844
1900.000000 0.8841 0.8837 0.8833 0.8830 0.8825
1895.000000 0.8818 0.8814 0.8809 0.8803 0.8798
1890.000000 0.8793 0.8788 0.8784 0.8778 0.8774
1885.000000 0.8768 0.8764 0.8760 0.8756 0.8752
1880.000000 0.8748 0.8748 0.8750 0.8751 0.8752
1875.000000 0.8753 0.8754 0.8758 0.8763 0.8767
1870.000000 0.8771 0.8775 0.8780 0.8785 0.8790
1865.000000 0.8795 0.8800 0.8805 0.8810 0.8816
1860.000000 0.8821 0.8825 0.8827 0.8828 0.8831
1855.000000 0.8833 0.8835 0.8835 0.8835 0.8835
1850.000000 0.8835 0.8835 0.8835 0.8835 0.8832
1845.000000 0.8830 0.8828 0.8825 0.8823 0.8821
1840.000000 0.8818 0.8814 0.8811 0.8807 0.8803
1835.000000 0.8799 0.8796 0.8792 0.8788 0.8784
1830.000000 0.8780 0.8775 0.8771 0.8767 0.8762
1825.000000 0.8757 0.8752 0.8747 0.8742 0.8737
1820.000000 0.8733 0.8730 0.8725 0.8723 0.8720
1815.000000 0.8717 0.8715 0.8712 0.8710 0.8707
1810.000000 0.8705 0.8703 0.8700 0.8697 0.8695
1805.000000 0.8692 0.8689 0.8686 0.8684 0.8683
1800.000000 0.8683 0.8683 0.8683 0.8683 0.8683
1795.000000 0.8683 0.8683 0.8683 0.8683 0.8683
1790.000000 0.8684 0.8686 0.8687 0.8689 0.8691
1785.000000 0.8693 0.8694 0.8694 0.8695 0.8694
1780.000000 0.8689 0.8684 0.8675 0.8666 0.8656
1775.000000 0.8648 0.8641 0.8634 0.8625 0.8617
1770.000000 0.8621 0.8623 0.8625 0.8627 0.8628
1765.000000 0.8630 0.8632 0.8634 0.8636 0.8641
1760.000000 0.8645 0.8650 0.8654 0.8659 0.8663
1755.000000 0.8668 0.8671 0.8675 0.8680 0.8683
1750.000000 0.8687 0.8691 0.8694 0.8698 0.8702
1745.000000 0.8705 0.8709 0.8712 0.8716 0.8718
1740.000000 0.8723 0.8725 0.8730 0.8733 0.8737
1735.000000 0.8739 0.8740 0.8742 0.8743 0.8745
1730.000000 0.8746 0.8748 0.8750 0.8751 0.8753
1725.000000 0.8754 0.8756 0.8759 0.8762 0.8765
1720.000000 0.8768 0.8771 0.8774 0.8777 0.8780
1715.000000 0.8783 0.8786 0.8790 0.8794 0.8797
1710.000000 0.8801 0.8805 0.8808 0.8812 0.8816
1705.000000 0.8818 0.8823 0.8827 0.8831 0.8833
1700.000000 0.8836 0.8838 0.8840 0.8842 0.8844
1695.000000 0.8846 0.8848 0.8850 0.8852 0.8855
1690.000000 0.8857 0.8859 0.8862 0.8864 0.8867
1685.000000 0.8870 0.8871 0.8875 0.8878 0.8881
1680.000000 0.8883 0.8886 0.8888 0.8890 0.8892
1675.000000 0.8894 0.8896 0.8898 0.8900 0.8902
1670.000000 0.8904 0.8906 0.8906 0.8907 0.8908
1665.000000 0.8908 0.8909 0.8910 0.8910 0.8911
1660.000000 0.8911 0.8912 0.8913 0.8915 0.8916
1655.000000 0.8918 0.8920 0.8921 0.8924 0.8925
1650.000000 0.8928 0.8930 0.8931 0.8933 0.8934
1645.000000 0.8935 0.8937 0.8938 0.8940 0.8941
1640.000000 0.8942 0.8944 0.8945 0.8947 0.8948
1635.000000 0.8950 0.8952 0.8953 0.8954 0.8955
1630.000000 0.8955 0.8956 0.8958 0.8959 0.8960
1625.000000 0.8962 0.8963 0.8964 0.8966 0.8966
1620.000000 0.8966 0.8965 0.8964 0.8963 0.8962
1615.000000 0.8961 0.8959 0.8958 0.8957 0.8956
1610.000000 0.8955 0.8955 0.8954 0.8954 0.8953
1605.000000 0.8952 0.8952 0.8952 0.8952 0.8952
1600.000000 0.8952 0.8952 0.8952 0.8952 0.8950
1595.000000 0.8948 0.8946 0.8944 0.8942 0.8939
1590.000000 0.8934 0.8928 0.8924 0.8918 0.8913
1585.000000 0.8908 0.8903 0.8898 0.8894 0.8889
1580.000000 0.8884 0.8880 0.8875 0.8870 0.8866
1575.000000 0.8861 0.8858 0.8855 0.8852 0.8849
1570.000000 0.8847 0.8844 0.8841 0.8838 0.8835
1565.000000 0.8832 0.8827 0.8823 0.8818 0.8814
1560.000000 0.8809 0.8805 0.8800 0.8796 0.8792
1555.000000 0.8788 0.8784 0.8780 0.8777 0.8773
1550.000000 0.8768 0.8765 0.8760 0.8754 0.8748
1545.000000 0.8743 0.8737 0.8731 0.8725 0.8720
1540.000000 0.8714 0.8708 0.8703 0.8698 0.8693
1535.000000 0.8688 0.8683 0.8678 0.8674 0.8670
1530.000000 0.8665 0.8661 0.8656 0.8651 0.8646
1525.000000 0.8642 0.8637 0.8632 0.8627 0.8621
1520.000000 0.8615 0.8609 0.8603 0.8596 0.8590
1515.000000 0.8583 0.8575 0.8566 0.8550 0.8532
1510.000000 0.8456 0.8388 0.8297 0.8150 0.7955
1505.000000 0.7758 0.7631 0.7525 0.7382 0.7250
1500.000000 0.7199 0.7171 0.7145 0.7085 0.6983
1495.000000 0.6721 0.6086 0.5450 0.4815 0.4179
1490.000000 0.4084 0.4154 0.4316 0.4477 0.4638
1485.000000 0.4800 0.4960 0.5180 0.5191 0.5042
1480.000000 0.4736 0.4415 0.4404 0.4572 0.4762
1475.000000 0.4954 0.5145 0.5337 0.5474 0.5560
1470.000000 0.5660 0.5860 0.6010 0.6077 0.6060
1465.000000 0.6065 0.6057 0.6041 0.6003 0.5952
1460.000000 0.5817 0.5441 0.5393 0.5394 0.5395
1455.000000 0.5454 0.5548 0.5598 0.5633 0.5653
1450.000000 0.5673 0.5697 0.5730 0.5784 0.5898
1445.000000 0.6029 0.6123 0.6203 0.6274 0.6319
1440.000000 0.6352 0.6418 0.6615 0.6839 0.7019
1435.000000 0.7144 0.7241 0.7311 0.7353 0.7372
1430.000000 0.7364 0.7382 0.7381 0.7361 0.7344
1425.000000 0.7299 0.7261 0.7218 0.7158 0.7154
1420.000000 0.7161 0.7206 0.7257 0.7248 0.6121
1415.000000 0.6112 0.6112 0.6176 0.6332 0.6456
1410.000000 0.6596 0.6665 0.6669 0.6674 0.6678
1405.000000 0.6682 0.6685 0.6690 0.6712 0.6750
1400.000000 0.6778 0.6789 0.6797 0.6792 0.6792
1395.000000 0.6531 0.5954 0.5855 0.5885 0.5891
1390.000000 0.6085 0.6378 0.6521 0.6601 0.6596
1385.000000 0.6598 0.6578 0.6478 0.5595 0.4616
1380.000000 0.3559 0.3560 0.3560 0.3768 0.4133
1375.000000 0.4498 0.4862 0.5229 0.5594 0.5959
1370.000000 0.6324 0.6689 0.6918 0.6928 0.6928
1365.000000 0.6884 0.6844 0.6778 0.6498 0.6107
1360.000000 0.5716 0.5325 0.4934 0.4543 0.4357
1355.000000 0.4332 0.4318 0.4364 0.4814 0.5160
1350.000000 0.5694 0.6105 0.6197 0.6282 0.6366
1345.000000 0.6449 0.6532 0.6634 0.6718 0.6778
1340.000000 0.6824 0.6857 0.6886 0.6907 0.6918
1335.000000 0.6899 0.6924 0.6917 0.6897 0.6790
1330.000000 0.6617 0.6305 0.5621 0.5409 0.5409
1325.000000 0.5440 0.5794 0.5997 0.6225 0.6503
1320.000000 0.6644 0.6742 0.6831 0.6874 0.6899
1315.000000 0.6911 0.6939 0.6925 0.6925 0.6925
1310.000000 0.6912 0.6890 0.6865 0.6840 0.6812
1305.000000 0.6783 0.6747 0.6715 0.6684 0.6637
1300.000000 0.6601 0.6593 0.6565 0.6557 0.6561
1295.000000 0.6604 0.6660 0.6711 0.6734 0.6743
1290.000000 0.6747 0.6747 0.6747 0.6748 0.6751
1285.000000 0.6757 0.6761 0.6765 0.6789 0.6815
1280.000000 0.6844 0.6878 0.6893 0.6896 0.6901
1275.000000 0.6915 0.6926 0.6944 0.6961 0.6978
1270.000000 0.6999 0.7019 0.7040 0.7056 0.7071
1265.000000 0.7088 0.7098 0.7106 0.7114 0.7121
1260.000000 0.7151 0.7133 0.7133 0.7134 0.7131
1255.000000 0.7128 0.7125 0.7122 0.7111 0.7094
1250.000000 0.7074 0.7044 0.7008 0.6961 0.6912
1245.000000 0.6861 0.6796 0.6728 0.6693 0.6683
1240.000000 0.6675 0.6671 0.6671 0.6668 0.6664
1235.000000 0.6641 0.6611 0.6561 0.6314 0.6046
1230.000000 0.5778 0.5362 0.5381 0.5379 0.5403
1225.000000 0.5633 0.5862 0.6092 0.6300 0.6391
1220.000000 0.6467 0.6541 0.6600 0.6637 0.6661
1215.000000 0.6682 0.6699 0.6687 0.6708 0.6708
1210.000000 0.6697 0.6680 0.6661 0.6636 0.6611
1205.000000 0.6585 0.6540 0.6493 0.6440 0.6373
1200.000000 0.6290 0.6209 0.6153 0.6104 0.6069
1195.000000 0.6058 0.6048 0.6043 0.6038 0.6026
1190.000000 0.5989 0.5752 0.5459 0.5429 0.5412
1185.000000 0.5403 0.5392 0.5378 0.5347 0.5291
1180.000000 0.5185 0.5060 0.4955 0.4866 0.4789
1175.000000 0.4716 0.4662 0.4649 0.4635 0.4623
1170.000000 0.4610 0.4594 0.4575 0.4554 0.4522
1165.000000 0.4466 0.4396 0.4194 0.4078 0.4002
1160.000000 0.3926 0.3850 0.3778 0.3708 0.3649
1155.000000 0.3593 0.3546 0.3504 0.3462 0.3434
1150.000000 0.3410 0.3390 0.3372 0.3316 0.3343
1145.000000 0.3339 0.3336 0.3345 0.3364 0.3493
1140.000000 0.3920 0.3752 0.3882 0.3880 0.3880
1135.000000 0.3814 0.3412 0.3202 0.2849 0.2418
1130.000000 0.1985 0.1555 0.1326 0.1324 0.1320
1125.000000 0.1315 0.1310 0.1272 0.1292 0.1299
1120.000000 0.1321 0.1392 0.1487 0.1637 0.1877
1115.000000 0.2071 0.2239 0.2363 0.2487 0.2608
1110.000000 0.2728 0.2850 0.2997 0.3147 0.3280
1105.000000 0.3393 0.3471 0.3499 0.3493 0.3488
1100.000000 0.3482 0.3482 0.3484 0.3487 0.3498
1095.000000 0.3540 0.3612 0.3652 0.3670 0.3680
1090.000000 0.3679 0.3672 0.3597 0.3316 0.3094
1085.000000 0.2834 0.2368 0.2010 0.1772 0.1608
1080.000000 0.1515 0.1459 0.1419 0.1391 0.1365
1075.000000 0.1333 0.1300 0.1266 0.1226 0.0966
1070.000000 0.0775 0.0689 0.0619 0.0576 0.0545
1065.000000 0.0535 0.0535 0.0543 0.0607 0.0732
1060.000000 0.1238 0.1533 0.1789 0.1907 0.1995
1055.000000 0.2089 0.2134 0.2134 0.2134 0.2107
1050.000000 0.2081 0.2067 0.2065 0.2065 0.2079
1045.000000 0.2118 0.2360 0.2564 0.2878 0.3005
1040.000000 0.3334 0.3634 0.3880 0.4125 0.4370
1035.000000 0.4444 0.4464 0.4478 0.4492 0.4485
1030.000000 0.4474 0.4438 0.4373 0.4193 0.4012
1025.000000 0.3834 0.3654 0.3480 0.3452 0.3462
1020.000000 0.3549 0.3706 0.4014 0.4310 0.4607
1015.000000 0.4904 0.5200 0.5543 0.5688 0.5766
1010.000000 0.5821 0.5869 0.5908 0.5935 0.5960
1005.000000 0.5989 0.6012 0.6031 0.6040 0.6028
1000.000000 0.6018 0.5983 0.5942 0.5906 0.5876
995.000000 0.5852 0.5834 0.5826 0.5825 0.5846
990.000000 0.6076 0.6262 0.6336 0.6376 0.6400
985.000000 0.6407 0.6403 0.6370 0.6270 0.6096
980.000000 0.5838 0.5209 0.4883 0.4464 0.2955
975.000000 0.2837 0.2669 0.2539 0.2438 0.2335
970.000000 0.2023 0.2027 0.2029 0.2070 0.2488
965.000000 0.2958 0.3387 0.3814 0.4244 0.4673
960.000000 0.5102 0.5451 0.5480 0.5494 0.5502
955.000000 0.5518 0.5541 0.5582 0.5627 0.5683
950.000000 0.5715 0.5718 0.5720 0.5734 0.5462
945.000000 0.4972 0.4481 0.4114 0.4086 0.4155
940.000000 0.4230 0.4339 0.4471 0.4653 0.4957
935.000000 0.5316 0.5637 0.5776 0.5933 0.6148
930.000000 0.6395 0.6575 0.6701 0.6822 0.6853
925.000000 0.6861 0.6858 0.6848 0.6801 0.6757
920.000000 0.6642 0.6304 0.5830 0.5743 0.5726
915.000000 0.5714 0.5702 0.5704 0.5689 0.5714
910.000000 0.5862 0.6023 0.6196 0.6451 0.6551
905.000000 0.6654 0.6755 0.6860 0.6958 0.6938
900.000000 0.6939 0.6928 0.6883 0.6810 0.6705
895.000000 0.6518 0.6336 0.6240 0.6086 0.6016
890.000000 0.6050 0.6046 0.6045 0.6378 0.6465
885.000000 0.6500 0.6526 0.6568 0.6678 0.6868
880.000000 0.7001 0.7104 0.7199 0.7292 0.7371
875.000000 0.7441 0.7504 0.7540 0.7575 0.7607
870.000000 0.7633 0.7658 0.7683 0.7708 0.7721
865.000000 0.7736 0.7742 0.7748 0.7753 0.7758
860.000000 0.7760 0.7761 0.7760 0.7758 0.7755
855.000000 0.7740 0.7725 0.7708 0.7672 0.7608
850.000000 0.7493 0.7388 0.7308 0.7221 0.7111
845.000000 0.6983 0.6762 0.6605 0.6482 0.6467
840.000000 0.6821 0.6971 0.7121 0.7247 0.7297
835.000000 0.7348 0.7412 0.7471 0.7501 0.7533
830.000000 0.7554 0.7567 0.7567 0.7567 0.7567
825.000000 0.7567 0.7567 0.7567 0.7567 0.7568
820.000000 0.7568 0.7569 0.7572 0.7580 0.7587
815.000000 0.7593 0.7600 0.7611 0.7625 0.7639
810.000000 0.7653 0.7667 0.7685 0.7704 0.7722
805.000000 0.7742 0.7761 0.7780 0.7796 0.7811
800.000000 0.7828 0.7844 0.7860 0.7871 0.7882
795.000000 0.7891 0.7900 0.7910 0.7918 0.7925
790.000000 0.7933 0.7940 0.7947 0.7954 0.7961
785.000000 0.7965 0.7968 0.7972 0.7975 0.7975
780.000000 0.7976 0.7978 0.7980 0.7981 0.7982
775.000000 0.7982 0.7982 0.7980 0.7976 0.7974
770.000000 0.7971 0.7968 0.7962 0.7958 0.7956
765.000000 0.7951 0.7951 0.7950 0.7949 0.7960
760.000000 0.7978 0.7992 0.8006 0.8017 0.8021
755.000000 0.8026 0.8032 0.8037 0.8039 0.8041
750.000000 0.8041 0.8041 0.8037 0.8032 0.8026
745.000000 0.8017 0.8001 0.7987 0.7967 0.7945
740.000000 0.7907 0.7861 0.7805 0.7767 0.7760
735.000000 0.7753 0.7746 0.7739 0.7725 0.7711
730.000000 0.7686 0.7651 0.7611 0.7567 0.7485
725.000000 0.7391 0.7312 0.7215 0.7204 0.7196
720.000000 0.7197 0.7197 0.7501 0.7687 0.7756
715.000000 0.7844 0.7876 0.7910 0.7943 0.7975
710.000000 0.8008 0.8041 0.8074 0.8107 0.8140
705.000000 0.8171 0.8205 0.8238 0.8271 0.8292
700.000000 0.8309 0.8327 0.8344 0.8360 0.8375
695.000000 0.8392 0.8407 0.8421 0.8434 0.8447
690.000000 0.8454 0.8460 0.8467 0.8474 0.8480
685.000000 0.8485 0.8487 0.8490 0.8492 0.8493
680.000000 0.8494 0.8494 0.8493 0.8492 0.8491
675.000000 0.8490 0.8488 0.8487 0.8485 0.8483
670.000000 0.8482 0.8480 0.8478 0.8478 0.8477
665.000000 0.8475 0.8475 0.8473 0.8473 0.8468
660.000000 0.8466 0.8483 0.8530 0.8582 0.8623
655.000000 0.8649 0.8664 0.8670 0.8677 0.8682
650.000000 0.8678 0.8675 0.8674 0.8671 0.8664
645.000000 0.8657 0.8649 0.8642 0.8635 0.8628
640.000000 0.8620 0.8613 0.8606 0.8599 0.8591
635.000000 0.8584 0.8577 0.8568 0.8560 0.8551
630.000000 0.8542 0.8533 0.8525 0.8516 0.8507
625.000000 0.8498 0.8490 0.8481 0.8473 0.8465
620.000000 0.8457 0.8449 0.8441 0.8433 0.8425
615.000000 0.8417 0.8407 0.8396 0.8384 0.8373
610.000000 0.8362 0.8351 0.8339 0.8328 0.8316
605.000000 0.8305 0.8300 0.8297 0.8294 0.8291
600.000000 0.8288 0.8285 0.8282 0.8278 0.8275
595.000000 0.8271 0.8267 0.8264 0.8260 0.8256
590.000000 0.8253 0.8249 0.8245 0.8240 0.8236
585.000000 0.8231 0.8227 0.8221 0.8217 0.8210
580.000000 0.8204 0.8198 0.8191 0.8185 0.8175
575.000000 0.8164 0.8153 0.8143 0.8121 0.8083
570.000000 0.8032 0.7978 0.7921 0.7851 0.7795
565.000000 0.7765 0.7758 0.7747 0.7799 0.7846
560.000000 0.7878 0.7910 0.7941 0.7972 0.8017
555.000000 0.8044 0.8058 0.8071 0.8086 0.8100
550.000000 0.8107 0.8115 0.8121 0.8130 0.8137
545.000000 0.8145 0.8151 0.8157 0.8161 0.8167
540.000000 0.8171 0.8175 0.8175 0.8172 0.8171
535.000000 0.8171 0.8169 0.8162 0.8147 0.8132
530.000000 0.8107 0.8074 0.8045 0.8026 0.8021
525.000000 0.8015 0.8011 0.8006 0.8006 0.8006
520.000000 0.8015 0.8022 0.8034 0.8044 0.8054
515.000000 0.8062 0.8068 0.8074 0.8080 0.8084
510.000000 0.8084 0.8084 0.8084 0.8084 0.8098
505.000000 0.8078 0.8074 0.8071 0.8068 0.8062
500.000000 0.8055 0.8047 0.8039 0.8031 0.8024
495.000000 0.8015 0.8003 0.7991 0.7978 0.7968
490.000000 0.7955 0.7937 0.7918 0.7901 0.7884
485.000000 0.7865 0.7849 0.7830 0.7811 0.7793
480.000000 0.7774 0.7755 0.7737 0.7717 0.7698
475.000000 0.7678 0.7658 0.7640 0.7622 0.7611
470.000000 0.7600 0.7589 0.7578 0.7569 0.7561
465.000000 0.7551 0.7542 0.7533 0.7524 0.7531
460.000000 0.7532 0.7532 0.7517 0.7495 0.7468
455.000000 0.7440 0.7410 0.7397 0.7396 0.7411
450.000000 0.7410 0.7435 0.7446 0.7457 0.7467
445.000000 0.7476 0.7485 0.7493 0.7501 0.7510
440.000000 0.7518 0.7525 0.7536 0.7545 0.7555
435.000000 0.7565 0.7575 0.7584 0.7594 0.7604
430.000000 0.7612 0.7621 0.7631 0.7640 0.7649
425.000000 0.7658 0.7668 0.7676 0.7686 0.7690
420.000000 0.7692 0.7694 0.7696 0.7698 0.7700
415.000000 0.7701 0.7701 0.7703 0.7705 0.7706
410.000000 0.7707 0.7708 0.7710 0.7710 0.7710
405.000000 0.7707 0.7707 0.7707 0.7706 0.7706
400.000000 0.7705 0.7704 0.7704 0.7704 0.7705
395.000000 0.7706 0.7707 0.7708 0.7708 0.7711
390.000000 0.7711 0.7712 0.7712 0.7712 0.7711
385.000000 0.7712
##END=
