##TITLE=ANILINE, 4-tert-BUTYL-2,6-DIETHYL-
##JCAMP-DX=4.24
$$ By DXEDIT 1.05 (RS McDonald)
##DATA TYPE=INFRARED SPECTRUM
##CLASS=COBLENTZ III
##ORIGIN=MONSANTO (J. FREEMAN)
##OWNER=COBLENTZ SOC.
Collection (C) 2018 copyright by the U.S. Secretary of Commerce
on behalf of the United States of America. All rights reserved.
##DATE=1959/03/06
##NAMES=4-tert-butyl-2,6-diethylphenylamine
4-tert-butyl-2,6-diethylaniline
##CAS REGISTRY NO=67330-60-3
##MOLFORM=C14 H23 N
##SOURCE REFERENCE=COBLENTZ NO. 08489
##$NIST SOURCE=COBLENTZ
##$NIST IMAGE=cob8489
##SPECTROMETER/DATA SYSTEM=BECKMAN IR-4 (HYBRID PRISM-GRATING)
##INSTRUMENT PARAMETERS=NaCl PRISM
##STATE=LIQUID (NEAT)
##PATH LENGTH=CAPILLARY
##SAMPLING PROCEDURE=TRANSMISSION
##RESOLUTION=2
##DATA PROCESSING=DIGITIZED BY COBLENTZ SOCIETY (BATCH I) FROM HARD COPY (ADJUSTED \addmicron\0.02um\)
##XUNITS=1/CM
##YUNITS=TRANSMITTANCE
##XLABEL=Wavenumbers (cm-1)
##YLABEL=Transmittance
##XFACTOR=1
##YFACTOR=1
##DELTAX=0.985568
##FIRSTX=3952.57
##LASTX=628.247
##FIRSTY=0.8878
##MAXX=3952.57
##MINX=628.247
##MAXY=0.946784
##MINY=0.0971
##NPOINTS=3374
##XYDATA=(X++(Y..Y))
3952.569170 0.8878 0.8878 0.8878 0.8880 0.8881
3947.641328 0.8881 0.8882 0.8883 0.8884 0.8885
3942.713486 0.8886 0.8887 0.8888 0.8889 0.8889
3937.785643 0.8890 0.8891 0.8892 0.8893 0.8893
3932.857801 0.8894 0.8895 0.8896 0.8897 0.8897
3927.929959 0.8898 0.8899 0.8900 0.8901 0.8902
3923.002117 0.8903 0.8904 0.8905 0.8905 0.8906
3918.074274 0.8907 0.8908 0.8909 0.8909 0.8910
3913.146432 0.8911 0.8912 0.8913 0.8913 0.8914
3908.218590 0.8915 0.8916 0.8917 0.8917 0.8918
3903.290748 0.8919 0.8920 0.8921 0.8921 0.8922
3898.362906 0.8924 0.8925 0.8925 0.8925 0.8926
3893.435063 0.8927 0.8928 0.8928 0.8928 0.8929
3888.507221 0.8931 0.8932 0.8933 0.8933 0.8934
3883.579379 0.8935 0.8936 0.8937 0.8937 0.8938
3878.651537 0.8939 0.8940 0.8941 0.8941 0.8942
3873.723695 0.8943 0.8944 0.8945 0.8946 0.8946
3868.795852 0.8947 0.8948 0.8949 0.8949 0.8950
3863.868010 0.8950 0.8951 0.8951 0.8952 0.8952
3858.940168 0.8953 0.8953 0.8954 0.8954 0.8955
3854.012326 0.8955 0.8956 0.8956 0.8957 0.8957
3849.084484 0.8958 0.8958 0.8958 0.8959 0.8959
3844.156641 0.8959 0.8960 0.8960 0.8961 0.8961
3839.228799 0.8961 0.8962 0.8962 0.8963 0.8963
3834.300957 0.8964 0.8964 0.8965 0.8965 0.8966
3829.373115 0.8966 0.8967 0.8967 0.8968 0.8968
3824.445272 0.8968 0.8968 0.8968 0.8970 0.8970
3819.517430 0.8970 0.8971 0.8971 0.8971 0.8973
3814.589588 0.8973 0.8974 0.8974 0.8975 0.8975
3809.661746 0.8975 0.8976 0.8977 0.8977 0.8978
3804.733904 0.8978 0.8978 0.8979 0.8980 0.8980
3799.806061 0.8980 0.8981 0.8981 0.8981 0.8982
3794.878219 0.8982 0.8983 0.8983 0.8984 0.8984
3789.950377 0.8985 0.8985 0.8986 0.8986 0.8987
3785.022535 0.8988 0.8988 0.8988 0.8988 0.8988
3780.094693 0.8988 0.8989 0.8989 0.8989 0.8990
3775.166850 0.8990 0.8990 0.8991 0.8991 0.8991
3770.239008 0.8991 0.8991 0.8991 0.8992 0.8992
3765.311166 0.8993 0.8993 0.8993 0.8994 0.8994
3760.383324 0.8994 0.8994 0.8994 0.8994 0.8995
3755.455482 0.8995 0.8995 0.8996 0.8996 0.8996
3750.527639 0.8997 0.8997 0.8997 0.8998 0.8998
3745.599797 0.8998 0.8999 0.8999 0.8999 0.8999
3740.671955 0.8999 0.9000 0.9000 0.9000 0.9001
3735.744113 0.9001 0.9001 0.9002 0.9002 0.9002
3730.816271 0.9002 0.9002 0.9002 0.9002 0.9002
3725.888428 0.9002 0.9002 0.9002 0.9002 0.9002
3720.960586 0.9002 0.9002 0.9002 0.9002 0.9003
3716.032744 0.9003 0.9003 0.9003 0.9003 0.9003
3711.104902 0.9003 0.9003 0.9003 0.9003 0.9003
3706.177059 0.9004 0.9004 0.9004 0.9004 0.9004
3701.249217 0.9004 0.9004 0.9004 0.9004 0.9004
3696.321375 0.9004 0.9004 0.9004 0.9004 0.9004
3691.393533 0.9004 0.9004 0.9005 0.9005 0.9005
3686.465691 0.9005 0.9005 0.9005 0.9005 0.9005
3681.537848 0.9005 0.9005 0.9005 0.9005 0.9005
3676.610006 0.9005 0.9005 0.9005 0.9005 0.9006
3671.682164 0.9006 0.9006 0.9006 0.9006 0.9006
3666.754322 0.9006 0.9006 0.9006 0.9006 0.9006
3661.826480 0.9007 0.9007 0.9007 0.9007 0.9006
3656.898637 0.9006 0.9006 0.9006 0.9006 0.9006
3651.970795 0.9005 0.9005 0.9005 0.9005 0.9005
3647.042953 0.9004 0.9004 0.9004 0.9004 0.9004
3642.115111 0.9004 0.9003 0.9003 0.9003 0.9003
3637.187269 0.9003 0.9002 0.9002 0.9002 0.9001
3632.259426 0.9001 0.9000 0.9000 0.9000 0.9000
3627.331584 0.9000 0.9000 0.8999 0.8999 0.8999
3622.403742 0.8999 0.8999 0.8998 0.8998 0.8998
3617.475900 0.8997 0.8997 0.8997 0.8996 0.8995
3612.548057 0.8995 0.8994 0.8994 0.8993 0.8993
3607.620215 0.8992 0.8991 0.8991 0.8990 0.8990
3602.692373 0.8989 0.8989 0.8988 0.8987 0.8987
3597.764531 0.8986 0.8986 0.8985 0.8985 0.8984
3592.836689 0.8984 0.8983 0.8982 0.8982 0.8981
3587.908846 0.8981 0.8981 0.8980 0.8980 0.8978
3582.981004 0.8978 0.8978 0.8978 0.8977 0.8977
3578.053162 0.8975 0.8975 0.8975 0.8974 0.8974
3573.125320 0.8973 0.8971 0.8971 0.8971 0.8970
3568.197478 0.8968 0.8968 0.8967 0.8966 0.8965
3563.269635 0.8964 0.8963 0.8962 0.8961 0.8959
3558.341793 0.8958 0.8957 0.8956 0.8955 0.8955
3553.413951 0.8953 0.8951 0.8950 0.8948 0.8947
3548.486109 0.8945 0.8942 0.8939 0.8936 0.8933
3543.558267 0.8930 0.8926 0.8923 0.8919 0.8916
3538.630424 0.8913 0.8909 0.8906 0.8903 0.8899
3533.702582 0.8895 0.8890 0.8882 0.8876 0.8870
3528.774740 0.8863 0.8856 0.8850 0.8843 0.8836
3523.846898 0.8828 0.8821 0.8815 0.8809 0.8802
3518.919055 0.8795 0.8785 0.8773 0.8762 0.8752
3513.991213 0.8740 0.8727 0.8712 0.8697 0.8683
3509.063371 0.8667 0.8645 0.8620 0.8594 0.8568
3504.135529 0.8541 0.8510 0.8477 0.8443 0.8409
3499.207687 0.8375 0.8342 0.8309 0.8276 0.8244
3494.279844 0.8211 0.8178 0.8144 0.8110 0.8077
3489.352002 0.8044 0.8012 0.7978 0.7945 0.7912
3484.424160 0.7879 0.7845 0.7813 0.7779 0.7747
3479.496318 0.7716 0.7697 0.7681 0.7665 0.7650
3474.568476 0.7638 0.7636 0.7636 0.7636 0.7635
3469.640633 0.7635 0.7635 0.7635 0.7635 0.7635
3464.712791 0.7639 0.7648 0.7659 0.7670 0.7680
3459.784949 0.7693 0.7706 0.7720 0.7734 0.7748
3454.857107 0.7761 0.7776 0.7791 0.7805 0.7818
3449.929265 0.7833 0.7847 0.7861 0.7875 0.7890
3445.001422 0.7904 0.7918 0.7932 0.7947 0.7961
3440.073580 0.7975 0.7989 0.8002 0.8018 0.8032
3435.145738 0.8046 0.8059 0.8079 0.8119 0.8100
3430.217896 0.8105 0.8111 0.8116 0.8121 0.8122
3425.290053 0.8122 0.8122 0.8122 0.8122 0.8121
3420.362211 0.8121 0.8121 0.8121 0.8121 0.8121
3415.434369 0.8121 0.8121 0.8120 0.8111 0.8091
3410.506527 0.8072 0.8053 0.8030 0.7991 0.7941
3405.578685 0.7892 0.7843 0.7793 0.7744 0.7693
3400.650842 0.7644 0.7595 0.7545 0.7496 0.7447
3395.723000 0.7398 0.7348 0.7298 0.7248 0.7197
3390.795158 0.7110 0.7037 0.7076 0.7053 0.7031
3385.867316 0.7008 0.6994 0.6993 0.6993 0.6992
3380.939474 0.6994 0.7005 0.7023 0.7041 0.7058
3376.011631 0.7079 0.7104 0.7129 0.7155 0.7180
3371.083789 0.7206 0.7232 0.7258 0.7283 0.7308
3366.155947 0.7334 0.7360 0.7385 0.7412 0.7437
3361.228105 0.7463 0.7489 0.7514 0.7539 0.7566
3356.300263 0.7592 0.7617 0.7643 0.7669 0.7695
3351.372420 0.7721 0.7747 0.7773 0.7798 0.7825
3346.444578 0.7851 0.7877 0.7903 0.7929 0.7956
3341.516736 0.7982 0.8008 0.8034 0.8060 0.8086
3336.588894 0.8113 0.8139 0.8164 0.8191 0.8217
3331.661051 0.8243 0.8269 0.8296 0.8321 0.8348
3326.733209 0.8374 0.8400 0.8426 0.8453 0.8480
3321.805367 0.8506 0.8533 0.8559 0.8586 0.8612
3316.877525 0.8638 0.8665 0.8692 0.8718 0.8740
3311.949683 0.8759 0.8777 0.8796 0.8811 0.8817
3307.021840 0.8822 0.8826 0.8831 0.8835 0.8839
3302.093998 0.8843 0.8848 0.8852 0.8854 0.8856
3297.166156 0.8858 0.8859 0.8861 0.8862 0.8864
3292.238314 0.8888 0.8869 0.8868 0.8870 0.8871
3287.310472 0.8874 0.8875 0.8877 0.8878 0.8880
3282.382629 0.8882 0.8883 0.8885 0.8886 0.8888
3277.454787 0.8888 0.8889 0.8889 0.8889 0.8890
3272.526945 0.8890 0.8891 0.8891 0.8892 0.8892
3267.599103 0.8892 0.8892 0.8893 0.8893 0.8893
3262.671261 0.8894 0.8894 0.8895 0.8895 0.8895
3257.743418 0.8895 0.8895 0.8894 0.8893 0.8892
3252.815576 0.8891 0.8890 0.8890 0.8889 0.8888
3247.887734 0.8887 0.8885 0.8884 0.8883 0.8882
3242.959892 0.8881 0.8880 0.8878 0.8877 0.8875
3238.032049 0.8873 0.8870 0.8867 0.8864 0.8860
3233.104207 0.8856 0.8853 0.8848 0.8842 0.8836
3228.176365 0.8830 0.8823 0.8817 0.8811 0.8805
3223.248523 0.8800 0.8795 0.8790 0.8785 0.8781
3218.320681 0.8777 0.8774 0.8772 0.8769 0.8768
3213.392838 0.8767 0.8765 0.8764 0.8763 0.8762
3208.464996 0.8761 0.8761 0.8760 0.8761 0.8762
3203.537154 0.8764 0.8765 0.8766 0.8767 0.8768
3198.609312 0.8769 0.8772 0.8774 0.8776 0.8780
3193.681470 0.8783 0.8786 0.8789 0.8791 0.8794
3188.753627 0.8797 0.8800 0.8802 0.8805 0.8808
3183.825785 0.8811 0.8814 0.8817 0.8819 0.8823
3178.897943 0.8826 0.8830 0.8833 0.8837 0.8840
3173.970101 0.8843 0.8846 0.8849 0.8852 0.8856
3169.042259 0.8859 0.8862 0.8865 0.8867 0.8871
3164.114416 0.8874 0.8877 0.8880 0.8884 0.8887
3159.186574 0.8891 0.8894 0.8897 0.8900 0.8903
3154.258732 0.8906 0.8909 0.8912 0.8915 0.8919
3149.330890 0.8922 0.8924 0.8927 0.8931 0.8933
3144.403048 0.8935 0.8938 0.8940 0.8941 0.8943
3139.475205 0.8944 0.8946 0.8947 0.8949 0.8950
3134.547363 0.8952 0.8953 0.8954 0.8956 0.8957
3129.619521 0.8958 0.8959 0.8960 0.8961 0.8962
3124.691679 0.8962 0.8963 0.8964 0.8965 0.8966
3119.763836 0.8967 0.8967 0.8966 0.8966 0.8975
3114.835994 0.8967 0.8964 0.8963 0.8963 0.8961
3109.908152 0.8959 0.8958 0.8956 0.8952 0.8947
3104.980310 0.8942 0.8936 0.8931 0.8926 0.8919
3100.052468 0.8915 0.8906 0.8896 0.8887 0.8878
3095.124625 0.8865 0.8852 0.8839 0.8825 0.8811
3090.196783 0.8796 0.8782 0.8767 0.8751 0.8735
3085.268941 0.8718 0.8702 0.8686 0.8669 0.8654
3080.341099 0.8638 0.8621 0.8604 0.8587 0.8569
3075.413257 0.8551 0.8532 0.8513 0.8495 0.8476
3070.485414 0.8457 0.8438 0.8416 0.8392 0.8368
3065.557572 0.8346 0.8317 0.8289 0.8260 0.8232
3060.629730 0.8207 0.8181 0.8155 0.8134 0.8118
3055.701888 0.8101 0.8087 0.8070 0.8054 0.8038
3050.774046 0.8021 0.8007 0.7991 0.7975 0.7960
3045.846203 0.7939 0.7918 0.7898 0.7876 0.7852
3040.918361 0.7828 0.7804 0.7780 0.7755 0.7731
3035.990519 0.7705 0.7678 0.7650 0.7622 0.7588
3031.062677 0.7513 0.7440 0.7365 0.7304 0.7274
3026.134834 0.7245 0.7214 0.7186 0.7158 0.7132
3021.206992 0.7105 0.7085 0.7065 0.7047 0.7027
3016.279150 0.7012 0.6997 0.6981 0.6965 0.6950
3011.351308 0.6935 0.6918 0.6900 0.6880 0.6861
3006.423466 0.6839 0.6812 0.6785 0.6758 0.6729
3001.495623 0.6699 0.6668 0.6636 0.6595 0.6551
2996.567781 0.6509 0.6360 0.5887 0.5406 0.4936
2991.639939 0.4517 0.4161 0.3805 0.3448 0.3091
2986.712097 0.2733 0.2377 0.2030 0.1706 0.1331
2981.784255 0.0979 0.0971 0.0971 0.0971 0.0974
2976.856412 0.0982 0.0992 0.1005 0.1032 0.1077
2971.928570 0.1122 0.1168 0.1213 0.1258 0.1305
2967.000728 0.1350 0.1396 0.1442 0.1487 0.1533
2962.072886 0.1579 0.1624 0.1670 0.1716 0.1762
2957.145044 0.1808 0.1854 0.1901 0.1947 0.1992
2952.217201 0.2039 0.2085 0.2131 0.2177 0.2223
2947.289359 0.2269 0.2316 0.2363 0.2408 0.2454
2942.361517 0.2501 0.2548 0.2594 0.2640 0.2687
2937.433675 0.2734 0.2781 0.2827 0.2874 0.2921
2932.505832 0.2968 0.3015 0.3061 0.3107 0.3155
2927.577990 0.3202 0.3249 0.3295 0.3342 0.3389
2922.650148 0.3434 0.3467 0.3487 0.3507 0.3521
2917.722306 0.3527 0.3537 0.3538 0.3531 0.3533
2912.794464 0.3536 0.3532 0.3521 0.3506 0.3492
2907.866621 0.3475 0.3456 0.3437 0.3417 0.3397
2902.938779 0.3378 0.3359 0.3339 0.3320 0.3301
2898.010937 0.3281 0.3261 0.3241 0.3220 0.3201
2893.083095 0.3182 0.3162 0.3142 0.3123 0.3103
2888.155253 0.3088 0.3078 0.3069 0.3061 0.3059
2883.227410 0.3060 0.3060 0.3061 0.3062 0.3073
2878.299568 0.3083 0.3110 0.3150 0.3207 0.3337
2873.371726 0.3501 0.3665 0.3830 0.3996 0.4160
2868.443884 0.4326 0.4491 0.4656 0.4822 0.4988
2863.516042 0.5154 0.5319 0.5485 0.5651 0.5817
2858.588199 0.5984 0.6150 0.6317 0.6491 0.6705
2853.660357 0.6936 0.7168 0.7326 0.7442 0.7555
2848.732515 0.7633 0.7668 0.7692 0.7716 0.7739
2843.804673 0.7763 0.7787 0.7812 0.7836 0.7859
2838.876830 0.7887 0.7917 0.7949 0.7982 0.8016
2833.948988 0.8052 0.8086 0.8109 0.8129 0.8148
2829.021146 0.8164 0.8179 0.8192 0.8206 0.8221
2824.093304 0.8235 0.8249 0.8263 0.8277 0.8291
2819.165462 0.8305 0.8318 0.8333 0.8350 0.8365
2814.237619 0.8382 0.8400 0.8418 0.8437 0.8456
2809.309777 0.8474 0.8493 0.8512 0.8531 0.8550
2804.381935 0.8568 0.8584 0.8599 0.8614 0.8629
2799.454093 0.8644 0.8658 0.8672 0.8686 0.8700
2794.526251 0.8715 0.8730 0.8746 0.8761 0.8776
2789.598408 0.8792 0.8807 0.8817 0.8827 0.8838
2784.670566 0.8844 0.8849 0.8855 0.8860 0.8866
2779.742724 0.8872 0.8877 0.8883 0.8889 0.8895
2774.814882 0.8900 0.8906 0.8912 0.8917 0.8923
2769.887040 0.8927 0.8931 0.8934 0.8937 0.8940
2764.959197 0.8944 0.8947 0.8950 0.8953 0.8956
2760.031355 0.8960 0.8963 0.8966 0.8968 0.8973
2755.103513 0.8975 0.8978 0.8982 0.8986 0.8988
2750.175671 0.8991 0.8994 0.8996 0.8999 0.9002
2745.247828 0.9005 0.9008 0.9010 0.9013 0.9016
2740.319986 0.9018 0.9021 0.9024 0.9027 0.9030
2735.392144 0.9033 0.9036 0.9038 0.9041 0.9044
2730.464302 0.9046 0.9049 0.9051 0.9053 0.9055
2725.536460 0.9058 0.9060 0.9062 0.9064 0.9066
2720.608617 0.9068 0.9070 0.9071 0.9074 0.9075
2715.680775 0.9078 0.9080 0.9082 0.9084 0.9086
2710.752933 0.9088 0.9090 0.9092 0.9094 0.9096
2705.825091 0.9098 0.9100 0.9102 0.9104 0.9106
2700.897249 0.9108 0.9109 0.9111 0.9112 0.9113
2695.969406 0.9115 0.9116 0.9117 0.9118 0.9120
2691.041564 0.9121 0.9123 0.9124 0.9125 0.9127
2686.113722 0.9128 0.9130 0.9131 0.9132 0.9132
2681.185880 0.9132 0.9131 0.9131 0.9131 0.9130
2676.258038 0.9128 0.9128 0.9128 0.9128 0.9128
2671.330195 0.9127 0.9127 0.9125 0.9125 0.9125
2666.402353 0.9125 0.9125 0.9125 0.9124 0.9124
2661.474511 0.9124 0.9123 0.9123 0.9123 0.9121
2656.546669 0.9121 0.9121 0.9120 0.9120 0.9120
2651.618826 0.9120 0.9121 0.9121 0.9124 0.9125
2646.690984 0.9127 0.9128 0.9128 0.9131 0.9132
2641.763142 0.9134 0.9135 0.9136 0.9138 0.9139
2636.835300 0.9141 0.9142 0.9144 0.9145 0.9146
2631.907458 0.9148 0.9149 0.9151 0.9152 0.9154
2626.979615 0.9155 0.9156 0.9158 0.9159 0.9160
2622.051773 0.9161 0.9163 0.9164 0.9165 0.9166
2617.123931 0.9168 0.9168 0.9170 0.9171 0.9173
2612.196089 0.9174 0.9175 0.9176 0.9178 0.9178
2607.268247 0.9180 0.9181 0.9183 0.9184 0.9185
2602.340404 0.9187 0.9188 0.9189 0.9190 0.9192
2597.412562 0.9193 0.9194 0.9195 0.9197 0.9198
2592.484720 0.9200 0.9201 0.9202 0.9203 0.9204
2587.556878 0.9206 0.9207 0.9208 0.9210 0.9211
2582.629036 0.9212 0.9214 0.9215 0.9216 0.9217
2577.701193 0.9218 0.9220 0.9221 0.9223 0.9224
2572.773351 0.9225 0.9227 0.9228 0.9228 0.9230
2567.845509 0.9231 0.9232 0.9233 0.9234 0.9235
2562.917667 0.9236 0.9237 0.9238 0.9239 0.9240
2557.989824 0.9241 0.9242 0.9243 0.9244 0.9245
2553.061982 0.9246 0.9248 0.9249 0.9250 0.9251
2548.134140 0.9252 0.9252 0.9253 0.9254 0.9256
2543.206298 0.9257 0.9258 0.9259 0.9260 0.9260
2538.278456 0.9261 0.9263 0.9264 0.9265 0.9266
2533.350613 0.9267 0.9268 0.9270 0.9270 0.9271
2528.422771 0.9272 0.9273 0.9274 0.9276 0.9277
2523.494929 0.9278 0.9279 0.9280 0.9281 0.9282
2518.567087 0.9283 0.9284 0.9285 0.9286 0.9287
2513.639245 0.9289 0.9290 0.9291 0.9292 0.9293
2508.711402 0.9294 0.9296 0.9297 0.9298 0.9299
2503.783560 0.9300 0.9301 0.9302 0.9303 0.9304
2498.855718 0.9305 0.9306 0.9308 0.9309 0.9310
2493.927876 0.9311 0.9312 0.9314 0.9315 0.9315
2489.000034 0.9315 0.9315 0.9314 0.9313 0.9313
2484.072191 0.9312 0.9311 0.9311 0.9311 0.9310
2479.144349 0.9309 0.9308 0.9307 0.9306 0.9306
2474.216507 0.9306 0.9305 0.9304 0.9303 0.9303
2469.288665 0.9302 0.9301 0.9301 0.9300 0.9300
2464.360823 0.9300 0.9299 0.9299 0.9298 0.9298
2459.432980 0.9298 0.9297 0.9297 0.9296 0.9295
2454.505138 0.9295 0.9294 0.9294 0.9293 0.9293
2449.577296 0.9293 0.9292 0.9292 0.9291 0.9291
2444.649454 0.9290 0.9290 0.9290 0.9289 0.9289
2439.721611 0.9288 0.9288 0.9288 0.9287 0.9287
2434.793769 0.9286 0.9286 0.9286 0.9285 0.9285
2429.865927 0.9284 0.9284 0.9284 0.9284 0.9284
2424.938085 0.9284 0.9284 0.9285 0.9285 0.9285
2420.010243 0.9285 0.9285 0.9286 0.9286 0.9287
2415.082400 0.9287 0.9287 0.9287 0.9287 0.9288
2410.154558 0.9288 0.9289 0.9289 0.9289 0.9290
2405.226716 0.9290 0.9290 0.9290 0.9291 0.9291
2400.298874 0.9291 0.9292 0.9292 0.9293 0.9293
2395.371032 0.9294 0.9294 0.9295 0.9296 0.9297
2390.443189 0.9298 0.9298 0.9299 0.9300 0.9300
2385.515347 0.9301 0.9302 0.9303 0.9304 0.9305
2380.587505 0.9305 0.9305 0.9306 0.9307 0.9308
2375.659663 0.9309 0.9310 0.9311 0.9312 0.9312
2370.731821 0.9312 0.9313 0.9313 0.9314 0.9314
2365.803978 0.9314 0.9314 0.9314 0.9315 0.9315
2360.876136 0.9316 0.9316 0.9316 0.9316 0.9317
2355.948294 0.9317 0.9317 0.9317 0.9317 0.9318
2351.020452 0.9318 0.9318 0.9318 0.9318 0.9318
2346.092609 0.9319 0.9320 0.9320 0.9320 0.9320
2341.164767 0.9321 0.9321 0.9321 0.9321 0.9321
2336.236925 0.9321 0.9321 0.9320 0.9320 0.9320
2331.309083 0.9319 0.9318 0.9318 0.9318 0.9318
2326.381241 0.9318 0.9318 0.9318 0.9317 0.9317
2321.453398 0.9317 0.9317 0.9316 0.9316 0.9316
2316.525556 0.9316 0.9315 0.9315 0.9315 0.9315
2311.597714 0.9315 0.9314 0.9314 0.9314 0.9314
2306.669872 0.9313 0.9313 0.9312 0.9312 0.9312
2301.742030 0.9312 0.9312 0.9312 0.9312 0.9312
2296.814187 0.9312 0.9313 0.9313 0.9313 0.9313
2291.886345 0.9313 0.9313 0.9313 0.9313 0.9313
2286.958503 0.9313 0.9314 0.9314 0.9314 0.9314
2282.030661 0.9314 0.9314 0.9315 0.9317 0.9319
2277.102819 0.9322 0.9324 0.9326 0.9328 0.9330
2272.174976 0.9332 0.9335 0.9337 0.9339 0.9341
2267.247134 0.9343 0.9345 0.9347 0.9347 0.9347
2262.319292 0.9347 0.9347 0.9348 0.9348 0.9349
2257.391450 0.9349 0.9349 0.9349 0.9350 0.9350
2252.463607 0.9351 0.9351 0.9352 0.9352 0.9351
2247.535765 0.9351 0.9350 0.9349 0.9348 0.9347
2242.607923 0.9346 0.9345 0.9344 0.9343 0.9342
2237.680081 0.9342 0.9341 0.9340 0.9339 0.9338
2232.752239 0.9337 0.9336 0.9335 0.9335 0.9334
2227.824396 0.9333 0.9332 0.9331 0.9330 0.9328
2222.896554 0.9328 0.9328 0.9327 0.9325 0.9325
2217.968712 0.9325 0.9324 0.9324 0.9323 0.9321
2213.040870 0.9321 0.9321 0.9320 0.9320 0.9318
2208.113028 0.9318 0.9317 0.9317 0.9316 0.9316
2203.185185 0.9315 0.9314 0.9313 0.9313 0.9312
2198.257343 0.9312 0.9311 0.9310 0.9309 0.9309
2193.329501 0.9308 0.9308 0.9308 0.9308 0.9309
2188.401659 0.9309 0.9310 0.9310 0.9311 0.9311
2183.473817 0.9312 0.9312 0.9313 0.9313 0.9314
2178.545974 0.9314 0.9315 0.9316 0.9316 0.9317
2173.618132 0.9317 0.9318 0.9318 0.9318 0.9318
2168.690290 0.9320 0.9320 0.9321 0.9321 0.9321
2163.762448 0.9321 0.9323 0.9323 0.9324 0.9324
2158.834605 0.9325 0.9325 0.9325 0.9327 0.9327
2153.906763 0.9328 0.9328 0.9328 0.9328 0.9330
2148.978921 0.9330 0.9331 0.9331 0.9332 0.9332
2144.051079 0.9333 0.9334 0.9334 0.9334 0.9334
2139.123237 0.9335 0.9335 0.9336 0.9336 0.9337
2134.195394 0.9337 0.9337 0.9337 0.9338 0.9339
2129.267552 0.9339 0.9340 0.9340 0.9340 0.9340
2124.339710 0.9341 0.9341 0.9342 0.9342 0.9342
2119.411868 0.9343 0.9343 0.9344 0.9344 0.9345
2114.484026 0.9345 0.9345 0.9345 0.9346 0.9347
2109.556183 0.9347 0.9348 0.9348 0.9349 0.9349
2104.628341 0.9350 0.9350 0.9351 0.9352 0.9352
2099.700499 0.9353 0.9353 0.9354 0.9354 0.9355
2094.772657 0.9355 0.9356 0.9357 0.9357 0.9358
2089.844815 0.9358 0.9359 0.9359 0.9360 0.9361
2084.916972 0.9361 0.9362 0.9362 0.9363 0.9363
2079.989130 0.9364 0.9365 0.9365 0.9366 0.9366
2075.061288 0.9367 0.9367 0.9368 0.9368 0.9368
2070.133446 0.9370 0.9370 0.9371 0.9371 0.9371
2065.205603 0.9371 0.9371 0.9371 0.9371 0.9371
2060.277761 0.9371 0.9371 0.9371 0.9371 0.9373
2055.349919 0.9373 0.9373 0.9373 0.9373 0.9373
2050.422077 0.9373 0.9373 0.9373 0.9373 0.9373
2045.494235 0.9373 0.9374 0.9374 0.9374 0.9374
2040.566392 0.9374 0.9374 0.9374 0.9374 0.9374
2035.638550 0.9374 0.9375 0.9375 0.9375 0.9375
2030.710708 0.9375 0.9375 0.9375 0.9375 0.9375
2025.782866 0.9375 0.9375 0.9375 0.9375 0.9375
2020.855024 0.9375 0.9374 0.9374 0.9374 0.9374
2015.927181 0.9374 0.9374 0.9374 0.9374 0.9374
2010.999339 0.9374 0.9374 0.9373 0.9373 0.9373
2006.071497 0.9373 0.9373 0.9373 0.9373 0.9373
2001.143655 0.9373 0.9373 0.9373 0.9373 0.9371
1996.215813 0.9371 0.9371 0.9371 0.9371 0.9371
1991.287970 0.9371 0.9371 0.9371 0.9371 0.9371
1986.360128 0.9371 0.9371 0.9371 0.9371 0.9371
1981.432286 0.9371 0.9371 0.9371 0.9371 0.9371
1976.504444 0.9371 0.9371 0.9371 0.9371 0.9371
1971.576601 0.9371 0.9371 0.9371 0.9371 0.9371
1966.648759 0.9371 0.9371 0.9371 0.9371 0.9371
1961.720917 0.9371 0.9371 0.9371 0.9372 0.9373
1956.793075 0.9373 0.9373 0.9373 0.9373 0.9373
1951.865233 0.9373 0.9373 0.9373 0.9374 0.9374
1946.937390 0.9374 0.9374 0.9374 0.9374 0.9374
1942.009548 0.9374 0.9374 0.9375 0.9375 0.9375
1937.081706 0.9375 0.9375 0.9375 0.9375 0.9375
1932.153864 0.9375 0.9375 0.9375 0.9375 0.9375
1927.226022 0.9375 0.9375 0.9375 0.9375 0.9375
1922.298179 0.9375 0.9375 0.9375 0.9375 0.9375
1917.370337 0.9375 0.9376 0.9377 0.9377 0.9377
1912.442495 0.9377 0.9377 0.9377 0.9377 0.9377
1907.514653 0.9377 0.9377 0.9377 0.9377 0.9377
1902.586811 0.9378 0.9378 0.9378 0.9378 0.9378
1897.658968 0.9378 0.9378 0.9378 0.9378 0.9378
1892.731126 0.9378 0.9379 0.9380 0.9380 0.9380
1887.803284 0.9380 0.9381 0.9381 0.9381 0.9381
1882.875442 0.9381 0.9381 0.9382 0.9382 0.9382
1877.947600 0.9382 0.9383 0.9383 0.9383 0.9383
1873.019757 0.9383 0.9383 0.9383 0.9383 0.9383
1868.091915 0.9383 0.9383 0.9383 0.9383 0.9383
1863.164073 0.9383 0.9383 0.9383 0.9384 0.9384
1858.236231 0.9384 0.9384 0.9384 0.9384 0.9384
1853.308388 0.9384 0.9384 0.9384 0.9384 0.9384
1848.380546 0.9384 0.9383 0.9383 0.9383 0.9383
1843.452704 0.9382 0.9382 0.9382 0.9382 0.9381
1838.524862 0.9381 0.9381 0.9380 0.9380 0.9380
1833.597020 0.9379 0.9378 0.9378 0.9378 0.9378
1828.669177 0.9378 0.9378 0.9378 0.9377 0.9375
1823.741335 0.9375 0.9375 0.9374 0.9373 0.9371
1818.813493 0.9371 0.9371 0.9370 0.9368 0.9368
1813.885651 0.9368 0.9367 0.9366 0.9366 0.9365
1808.957809 0.9364 0.9362 0.9361 0.9359 0.9358
1804.029966 0.9356 0.9355 0.9352 0.9351 0.9349
1799.102124 0.9347 0.9344 0.9340 0.9337 0.9332
1794.174282 0.9328 0.9324 0.9317 0.9308 0.9299
1789.246440 0.9290 0.9276 0.9259 0.9240 0.9219
1784.318598 0.9200 0.9181 0.9164 0.9145 0.9122
1779.390755 0.9095 0.9070 0.9045 0.9027 0.9012
1774.462913 0.8998 0.8986 0.8978 0.8970 0.8964
1769.535071 0.8958 0.8952 0.8947 0.8939 0.8938
1764.607229 0.8934 0.8933 0.8937 0.8952 0.8971
1759.679386 0.8990 0.9011 0.9037 0.9063 0.9089
1754.751544 0.9116 0.9144 0.9176 0.9207 0.9240
1749.823702 0.9269 0.9292 0.9312 0.9331 0.9351
1744.895860 0.9370 0.9388 0.9404 0.9411 0.9417
1739.968018 0.9423 0.9429 0.9435 0.9440 0.9446
1735.040175 0.9451 0.9453 0.9456 0.9457 0.9459
1730.112333 0.9461 0.9463 0.9465 0.9467 0.9467
1725.184491 0.9468 0.9467 0.9466 0.9464 0.9463
1720.256649 0.9463 0.9462 0.9461 0.9460 0.9459
1715.328807 0.9458 0.9458 0.9457 0.9455 0.9450
1710.400964 0.9444 0.9439 0.9434 0.9429 0.9423
1705.473122 0.9416 0.9408 0.9399 0.9390 0.9381
1700.545280 0.9372 0.9363 0.9354 0.9345 0.9337
1695.617438 0.9328 0.9320 0.9312 0.9303 0.9295
1690.689596 0.9289 0.9283 0.9277 0.9270 0.9265
1685.761753 0.9260 0.9254 0.9248 0.9241 0.9231
1680.833911 0.9222 0.9212 0.9202 0.9192 0.9182
1675.906069 0.9169 0.9152 0.9133 0.9113 0.9092
1670.978227 0.9072 0.9052 0.9027 0.8998 0.8969
1666.050384 0.8940 0.8910 0.8881 0.8849 0.8801
1661.122542 0.8742 0.8683 0.8616 0.8534 0.8438
1656.194700 0.8340 0.8243 0.8147 0.8046 0.7921
1651.266858 0.7781 0.7651 0.7422 0.7145 0.6935
1646.339016 0.6755 0.6624 0.6541 0.6474 0.6407
1641.411173 0.6325 0.6148 0.5878 0.5603 0.5327
1636.483331 0.5050 0.4773 0.4496 0.4218 0.3940
1631.555489 0.3662 0.3384 0.3113 0.2904 0.2813
1626.627647 0.2798 0.2808 0.2908 0.3137 0.3377
1621.699805 0.3617 0.3857 0.4098 0.4340 0.4581
1616.771962 0.4823 0.5064 0.5306 0.5549 0.5782
1611.844120 0.5951 0.6009 0.6009 0.5993 0.5960
1606.916278 0.5928 0.5896 0.5868 0.5854 0.5859
1601.988436 0.5903 0.6016 0.6143 0.6272 0.6400
1597.060594 0.6529 0.6657 0.6787 0.6916 0.7045
1592.132751 0.7175 0.7304 0.7434 0.7563 0.7684
1587.204909 0.7767 0.7812 0.7858 0.7905 0.7965
1582.277067 0.8043 0.8130 0.8220 0.8299 0.8359
1577.349225 0.8414 0.8464 0.8507 0.8550 0.8592
1572.421382 0.8631 0.8661 0.8691 0.8721 0.8752
1567.493540 0.8779 0.8801 0.8819 0.8836 0.8853
1562.565698 0.8869 0.8882 0.8894 0.8907 0.8919
1557.637856 0.8928 0.8933 0.8938 0.8943 0.8947
1552.710014 0.8952 0.8958 0.8988 0.8967 0.8971
1547.782171 0.8975 0.8978 0.8978 0.8977 0.8975
1542.854329 0.8973 0.8968 0.8962 0.8956 0.8950
1537.926487 0.8943 0.8926 0.8909 0.8890 0.8870
1532.998645 0.8847 0.8819 0.8792 0.8766 0.8741
1528.070803 0.8716 0.8692 0.8672 0.8659 0.8647
1523.142960 0.8637 0.8628 0.8619 0.8611 0.8602
1518.215118 0.8591 0.8572 0.8548 0.8523 0.8498
1513.287276 0.8464 0.8418 0.8369 0.8318 0.8265
1508.359434 0.8208 0.8151 0.8086 0.8007 0.7919
1503.431592 0.7817 0.7704 0.7474 0.7309 0.7217
1498.503749 0.7137 0.7037 0.6857 0.6665 0.5860
1493.575907 0.4695 0.3815 0.3077 0.2337 0.1426
1488.648065 0.1095 0.1098 0.1178 0.1366 0.1595
1483.720223 0.1823 0.2051 0.2281 0.2510 0.2741
1478.792380 0.2971 0.3200 0.3371 0.3425 0.3425
1473.864538 0.3400 0.3338 0.3262 0.3187 0.3111
1468.936696 0.3035 0.2959 0.2885 0.2830 0.2813
1464.008854 0.2825 0.2851 0.2886 0.2940 0.3008
1459.081012 0.3078 0.3152 0.3228 0.3308 0.3398
1454.153169 0.3492 0.3584 0.3662 0.3748 0.3923
1449.225327 0.4196 0.4480 0.4765 0.5050 0.5335
1444.297485 0.5622 0.5908 0.6195 0.6482 0.6769
1439.369643 0.7058 0.7346 0.7620 0.7819 0.7901
1434.441801 0.7927 0.7941 0.7949 0.7943 0.7909
1429.513958 0.7860 0.7814 0.7781 0.7769 0.7771
1424.586116 0.7791 0.7852 0.7924 0.7995 0.8067
1419.658274 0.8138 0.8210 0.8282 0.8354 0.8423
1414.730432 0.8481 0.8532 0.8575 0.8617 0.8658
1409.802590 0.8692 0.8714 0.8724 0.8732 0.8745
1404.874747 0.8732 0.8707 0.8615 0.8426 0.8237
1399.946905 0.8049 0.7860 0.7671 0.7480 0.7300
1395.019063 0.7189 0.7187 0.7184 0.7290 0.7522
1390.091221 0.7755 0.7987 0.8208 0.8326 0.8330
1385.163378 0.8324 0.8291 0.8180 0.8039 0.7896
1380.235536 0.7754 0.7611 0.7475 0.7408 0.7401
1375.307694 0.7397 0.7392 0.7385 0.7352 0.7091
1370.379852 0.6631 0.6171 0.5711 0.5249 0.4830
1365.452010 0.4757 0.4785 0.4755 0.4846 0.5140
1360.524167 0.5476 0.5815 0.6153 0.6492 0.6832
1355.596325 0.7171 0.7512 0.7853 0.8145 0.8202
1350.668483 0.8238 0.8275 0.8311 0.8343 0.8377
1345.740641 0.8410 0.8444 0.8474 0.8496 0.8543
1340.812799 0.8527 0.8529 0.8532 0.8523 0.8508
1335.884956 0.8484 0.8459 0.8426 0.8385 0.8357
1330.957114 0.8343 0.8343 0.8350 0.8365 0.8378
1326.029272 0.8382 0.8382 0.8370 0.8353 0.8311
1321.101430 0.8253 0.8187 0.8067 0.7920 0.7768
1316.173588 0.7616 0.7465 0.7314 0.7161 0.7009
1311.245745 0.6856 0.6708 0.6571 0.6458 0.6358
1306.317903 0.6248 0.6031 0.5763 0.5491 0.5219
1301.390061 0.4946 0.4673 0.4400 0.4126 0.3915
1296.462219 0.3850 0.3854 0.3971 0.4184 0.4412
1291.534377 0.4641 0.4869 0.5100 0.5330 0.5560
1286.606534 0.5791 0.6022 0.6253 0.6485 0.6717
1281.678692 0.6949 0.7182 0.7414 0.7578 0.7665
1276.750850 0.7728 0.7780 0.7831 0.7880 0.7929
1271.823008 0.7973 0.8010 0.8044 0.8068 0.8085
1266.895165 0.8094 0.8089 0.8070 0.8041 0.8002
1261.967323 0.7961 0.7920 0.7893 0.7888 0.7889
1257.039481 0.7927 0.8011 0.8091 0.8172 0.8252
1252.111639 0.8333 0.8414 0.8495 0.8576 0.8655
1247.183797 0.8715 0.8734 0.8726 0.8707 0.8650
1242.255954 0.8583 0.8515 0.8448 0.8380 0.8312
1237.328112 0.8244 0.8176 0.8108 0.8052 0.8037
1232.400270 0.8041 0.8080 0.8161 0.8243 0.8325
1227.472428 0.8408 0.8489 0.8571 0.8635 0.8644
1222.544586 0.8637 0.8562 0.8343 0.8122 0.7902
1217.616743 0.7681 0.7460 0.7240 0.7018 0.6795
1212.688901 0.6574 0.6350 0.6127 0.5904 0.5680
1207.761059 0.5464 0.5359 0.5323 0.5306 0.5308
1202.833217 0.5319 0.5355 0.5430 0.5539 0.5792
1197.905375 0.6096 0.6400 0.6705 0.7009 0.7315
1192.977532 0.7622 0.7913 0.8066 0.8192 0.8333
1188.049690 0.8470 0.8559 0.8648 0.8746 0.8825
1183.121848 0.8885 0.8938 0.8977 0.9014 0.9053
1178.194006 0.9087 0.9119 0.9151 0.9181 0.9206
1173.266163 0.9230 0.9241 0.9251 0.9262 0.9273
1168.338321 0.9282 0.9289 0.9307 0.9304 0.9307
1163.410479 0.9308 0.9307 0.9306 0.9304 0.9302
1158.482637 0.9301 0.9296 0.9291 0.9285 0.9279
1153.554795 0.9274 0.9269 0.9263 0.9253 0.9242
1148.626952 0.9231 0.9218 0.9207 0.9192 0.9174
1143.699110 0.9157 0.9139 0.9118 0.9092 0.9063
1138.771268 0.9027 0.8978 0.8911 0.8804 0.8679
1133.843426 0.8556 0.8431 0.8306 0.8181 0.8101
1128.915584 0.8079 0.8139 0.8262 0.8395 0.8528
1123.987741 0.8660 0.8783 0.8885 0.8957 0.9010
1119.059899 0.9063 0.9112 0.9150 0.9177 0.9202
1114.132057 0.9227 0.9249 0.9265 0.9280 0.9295
1109.204215 0.9306 0.9312 0.9316 0.9320 0.9324
1104.276373 0.9328 0.9329 0.9335 0.9341 0.9326
1099.348530 0.9325 0.9325 0.9323 0.9320 0.9317
1094.420688 0.9313 0.9310 0.9306 0.9302 0.9298
1089.492846 0.9289 0.9281 0.9271 0.9262 0.9253
1084.565004 0.9241 0.9228 0.9214 0.9200 0.9187
1079.637161 0.9172 0.9157 0.9138 0.9118 0.9098
1074.709319 0.9077 0.9051 0.9021 0.8993 0.8958
1069.781477 0.8917 0.8873 0.8803 0.8710 0.8596
1064.853635 0.8471 0.8257 0.8032 0.7807 0.7584
1059.925793 0.7382 0.7289 0.7238 0.7217 0.7214
1054.997950 0.7214 0.7215 0.7228 0.7248 0.7287
1050.070108 0.7332 0.7381 0.7436 0.7510 0.7623
1045.142266 0.7739 0.7855 0.7973 0.8089 0.8208
1040.214424 0.8325 0.8443 0.8561 0.8679 0.8798
1035.286582 0.8912 0.8968 0.8996 0.9013 0.9028
1030.358739 0.9041 0.9045 0.9046 0.9049 0.9054
1025.430897 0.9057 0.9063 0.9078 0.9096 0.9117
1020.503055 0.9140 0.9163 0.9186 0.9206 0.9222
1015.575213 0.9237 0.9253 0.9265 0.9272 0.9277
1010.647371 0.9282 0.9287 0.9291 0.9285 0.9278
1005.719528 0.9275 0.9269 0.9263 0.9258 0.9253
1000.791686 0.9247 0.9241 0.9235 0.9229 0.9223
995.863844 0.9216 0.9209 0.9201 0.9193 0.9178
990.936002 0.9150 0.9117 0.9082 0.9045 0.9013
986.008159 0.8989 0.8971 0.8957 0.8947 0.8944
981.080317 0.8947 0.8959 0.8975 0.8997 0.9025
976.152475 0.9058 0.9091 0.9123 0.9154 0.9184
971.224633 0.9209 0.9227 0.9242 0.9251 0.9258
966.296791 0.9264 0.9272 0.9278 0.9283 0.9285
961.368948 0.9288 0.9290 0.9291 0.9293 0.9293
956.441106 0.9289 0.9284 0.9280 0.9280 0.9298
951.513264 0.9265 0.9260 0.9253 0.9247 0.9241
946.585422 0.9234 0.9227 0.9223 0.9218 0.9215
941.657580 0.9212 0.9208 0.9204 0.9197 0.9181
936.729737 0.9156 0.9110 0.9073 0.9045 0.9028
931.801895 0.9015 0.9007 0.8999 0.8993 0.8987
926.874053 0.8965 0.8936 0.8897 0.8858 0.8819
921.946211 0.8781 0.8742 0.8706 0.8669 0.8638
917.018369 0.8612 0.8574 0.8520 0.8449 0.8376
912.090526 0.8306 0.8246 0.8212 0.8215 0.8292
907.162684 0.8396 0.8510 0.8633 0.8743 0.8838
902.234842 0.8916 0.8979 0.9025 0.9073 0.9074
897.307000 0.9065 0.9053 0.9040 0.9010 0.8973
892.379157 0.8935 0.8889 0.8835 0.8779 0.8724
887.451315 0.8667 0.8608 0.8540 0.8464 0.8358
882.523473 0.8077 0.7500 0.6781 0.6060 0.5337
877.595631 0.4613 0.3846 0.3435 0.3508 0.3878
872.667789 0.4481 0.5089 0.5698 0.6309 0.6900
867.739946 0.7372 0.7676 0.7912 0.8124 0.8333
862.812104 0.8532 0.8698 0.8820 0.8929 0.9019
857.884262 0.9083 0.9135 0.9166 0.9185 0.9199
852.956420 0.9211 0.9217 0.9223 0.9227 0.9229
848.028578 0.9231 0.9233 0.9233 0.9238 0.9255
843.100735 0.9224 0.9221 0.9219 0.9217 0.9215
838.172893 0.9211 0.9203 0.9196 0.9189 0.9177
833.245051 0.9167 0.9153 0.9132 0.9100 0.9053
828.317209 0.8983 0.8855 0.8723 0.8540 0.8309
823.389367 0.8164 0.8064 0.7984 0.7948 0.8032
818.461524 0.8153 0.8268 0.8395 0.8485 0.8567
813.533682 0.8620 0.8647 0.8661 0.8669 0.8671
808.605840 0.8671 0.8668 0.8660 0.8650 0.8637
803.677998 0.8624 0.8611 0.8598 0.8584 0.8564
798.750155 0.8540 0.8517 0.8488 0.8456 0.8424
793.822313 0.8393 0.8366 0.8353 0.8323 0.8351
788.894471 0.8396 0.8434 0.8473 0.8502 0.8523
783.966629 0.8540 0.8550 0.8567 0.8566 0.8558
779.038787 0.8553 0.8543 0.8529 0.8507 0.8477
774.110944 0.8444 0.8405 0.8356 0.8299 0.8236
769.183102 0.8170 0.8099 0.8028 0.7945 0.7846
764.255260 0.7746 0.7646 0.7553 0.7505 0.7514
759.327418 0.7545 0.7612 0.7701 0.7789 0.7871
754.399576 0.7934 0.7984 0.8016 0.7993 0.7978
749.471733 0.7946 0.7896 0.7837 0.7774 0.7715
744.543891 0.7670 0.7633 0.7662 0.7701 0.7786
739.616049 0.7874 0.7955 0.8031 0.8108 0.8168
734.688207 0.8217 0.8253 0.8272 0.8283 0.8282
729.760365 0.8282 0.8283 0.8303 0.8329 0.8363
724.832522 0.8400 0.8446 0.8498 0.8535 0.8564
719.904680 0.8575 0.8585 0.8578 0.8577 0.8569
714.976838 0.8556 0.8538 0.8517 0.8494 0.8471
710.048996 0.8446 0.8420 0.8395 0.8370 0.8345
705.121153 0.8322 0.8302 0.8282 0.8261 0.8240
700.193311 0.8220 0.8200 0.8178 0.8156 0.8136
695.265469 0.8116 0.8095 0.8074 0.8055 0.8038
690.337627 0.8023 0.8010 0.7997 0.7983 0.7967
685.409785 0.7950 0.7934 0.7916 0.7897 0.7879
680.481942 0.7861 0.7847 0.7834 0.7823 0.7814
675.554100 0.7805 0.7798 0.7793 0.7785 0.7774
670.626258 0.7766 0.7764 0.7774 0.7798 0.7815
665.698416 0.7808 0.7788 0.7763 0.7738 0.7713
660.770574 0.7687 0.7660 0.7631 0.7598 0.7560
655.842731 0.7514 0.7459 0.7395 0.7324 0.7252
650.914889 0.7187 0.7123 0.7066 0.7022 0.6998
645.987047 0.6992 0.6996 0.7005 0.7016 0.7026
641.059205 0.7033 0.7039 0.7043 0.7045 0.7037
636.131363 0.7022 0.6993 0.6966 0.6934 0.6902
631.203520 0.6880 0.6871 0.6865 0.6858
##END=
