##TITLE=2,2,3-TRIMETHYL-4-PENTENAL
##JCAMP-DX=4.24
##DATA TYPE=INFRARED SPECTRUM
##CLASS=COBLENTZ
##ORIGIN=TENNESSEE EASTMAN COMPANY, RESEARCH LABORATORIES
##OWNER=COBLENTZ SOCIETY
Collection (C) 2018 copyright by the U.S. Secretary of Commerce
on behalf of the United States of America. All rights reserved.
##DATE=Not specified, most likely prior to 1970
##CAS REGISTRY NO=67682-09-1
##MOLFORM=C8 H14 O
##SOURCE REFERENCE=COBLENTZ NO. 1607
##$NIST SOURCE=COBLENTZ
##$NIST IMAGE=cob1607
##SPECTROMETER/DATA SYSTEM=Not specified, most likely a prism, grating, or hybrid spectrometer.
##PATH LENGTH=SMEAR
##SAMPLING PROCEDURE=TRANSMISSION
##RESOLUTION=4
##DATA PROCESSING=DIGITIZED BY NIST FROM HARD COPY
##XUNITS=MICROMETERS
##YUNITS=TRANSMITTANCE
##XFACTOR=1.000000
##YFACTOR=1
##DELTAX=000.006829
##FIRSTX=2.02
##LASTX=15.9657
##FIRSTY=0.993
##MAXX=15.9657
##MINX=2.02
##MAXY=0.993
##MINY=0.064
##NPOINTS=2043
##XYDATA=(X++(Y..Y))
2.020000 0.9930 0.9930 0.9930 0.9930 0.9930
2.054163 0.9930 0.9930 0.9930 0.9910 0.9910
2.089000 0.9910 0.9910 0.9910 0.9890 0.9890
2.123163 0.9890 0.9890 0.9880 0.9880 0.9860
2.157000 0.9820 0.9810 0.9790 0.9740 0.9720
2.191163 0.9700 0.9670 0.9640 0.9600 0.9570
2.225000 0.9520 0.9480 0.9480 0.9470 0.9470
2.259163 0.9470 0.9470 0.9480 0.9480 0.9500
2.294000 0.9520 0.9550 0.9550 0.9570 0.9590
2.328163 0.9590 0.9600 0.9600 0.9600 0.9600
2.362000 0.9600 0.9600 0.9600 0.9600 0.9620
2.396163 0.9620 0.9620 0.9640 0.9640 0.9640
2.430000 0.9640 0.9640 0.9650 0.9650 0.9650
2.464163 0.9670 0.9670 0.9690 0.9700 0.9690
2.499000 0.9700 0.9700 0.9700 0.9700 0.9700
2.533163 0.9690 0.9690 0.9690 0.9690 0.9690
2.567000 0.9670 0.9640 0.9640 0.9640 0.9620
2.601163 0.9620 0.9620 0.9620 0.9620 0.9620
2.635000 0.9620 0.9640 0.9640 0.9620 0.9600
2.669163 0.9590 0.9570 0.9570 0.9520 0.9480
2.703000 0.9480 0.9410 0.9410 0.9400 0.9380
2.737163 0.9380 0.9350 0.9330 0.9330 0.9310
2.772000 0.9310 0.9330 0.9310 0.9310 0.9310
2.806163 0.9300 0.9300 0.9300 0.9280 0.9280
2.840000 0.9260 0.9240 0.9240 0.9190 0.9140
2.874163 0.9040 0.8970 0.8920 0.8730 0.8720
2.908000 0.8730 0.8750 0.8870 0.8920 0.8990
2.942163 0.8990 0.9010 0.9020 0.9020 0.9040
2.977000 0.9060 0.9060 0.9070 0.9070 0.9070
3.011163 0.9070 0.9070 0.9060 0.9060 0.9060
3.045000 0.9040 0.9040 0.9020 0.9010 0.8990
3.079163 0.8990 0.8940 0.8920 0.8900 0.8890
3.113000 0.8870 0.8850 0.8830 0.8800 0.8780
3.147163 0.8780 0.8770 0.8770 0.8770 0.8770
3.181000 0.8780 0.8780 0.8780 0.8630 0.8310
3.215163 0.8270 0.7860 0.6860 0.6750 0.6740
3.250000 0.6770 0.7540 0.7910 0.8100 0.8200
3.284163 0.8200 0.7500 0.6860 0.6290 0.5440
3.318000 0.4380 0.2110 0.1390 0.1380 0.1410
3.352163 0.1720 0.2010 0.3770 0.3800 0.3830
3.386000 0.3870 0.3900 0.3940 0.5030 0.5030
3.420163 0.4890 0.4640 0.4060 0.4010 0.4010
3.455000 0.4790 0.5870 0.6620 0.6790 0.6750
3.489163 0.6680 0.6530 0.6340 0.6220 0.6070
3.523000 0.6050 0.6070 0.6290 0.6580 0.6870
3.557163 0.7080 0.7090 0.7200 0.7500 0.7590
3.591000 0.7740 0.7830 0.7830 0.7780 0.7520
3.625163 0.7400 0.7160 0.6860 0.6480 0.6040
3.660000 0.5850 0.5680 0.5580 0.5510 0.5490
3.694163 0.5510 0.5560 0.5710 0.5930 0.6090
3.728000 0.6450 0.6960 0.7350 0.7840 0.8120
3.762163 0.8270 0.8430 0.8610 0.8720 0.8780
3.796000 0.8830 0.8870 0.8970 0.9020 0.9040
3.830163 0.9070 0.9110 0.9120 0.9180 0.9190
3.864000 0.9210 0.9230 0.9280 0.9300 0.9310
3.898163 0.9330 0.9330 0.9350 0.9360 0.9380
3.933000 0.9380 0.9400 0.9400 0.9410 0.9410
3.967163 0.9430 0.9450 0.9450 0.9470 0.9470
4.001000 0.9470 0.9480 0.9480 0.9480 0.9480
4.035163 0.9480 0.9480 0.9480 0.9480 0.9480
4.069000 0.9480 0.9480 0.9480 0.9480 0.9480
4.103163 0.9480 0.9480 0.9480 0.9480 0.9480
4.138000 0.9480 0.9480 0.9480 0.9480 0.9480
4.172163 0.9500 0.9500 0.9500 0.9530 0.9530
4.206000 0.9550 0.9530 0.9530 0.9520 0.9470
4.240163 0.9410 0.9380 0.9300 0.9280 0.9230
4.274000 0.9210 0.9210 0.9190 0.9190 0.9190
4.308163 0.9210 0.9260 0.9300 0.9360 0.9380
4.342000 0.9430 0.9480 0.9480 0.9520 0.9530
4.376163 0.9530 0.9530 0.9530 0.9530 0.9530
4.411000 0.9530 0.9530 0.9550 0.9550 0.9570
4.445163 0.9570 0.9590 0.9590 0.9590 0.9590
4.479000 0.9570 0.9570 0.9570 0.9570 0.9550
4.513163 0.9550 0.9550 0.9550 0.9550 0.9570
4.547000 0.9570 0.9590 0.9590 0.9590 0.9590
4.581163 0.9590 0.9570 0.9570 0.9550 0.9530
4.616000 0.9530 0.9520 0.9520 0.9520 0.9520
4.650163 0.9520 0.9520 0.9520 0.9520 0.9520
4.684000 0.9520 0.9520 0.9520 0.9520 0.9520
4.718163 0.9520 0.9520 0.9520 0.9530 0.9530
4.752000 0.9530 0.9530 0.9530 0.9530 0.9530
4.786163 0.9530 0.9530 0.9520 0.9500 0.9480
4.820000 0.9470 0.9470 0.9480 0.9480 0.9480
4.854163 0.9470 0.9470 0.9480 0.9480 0.9500
4.889000 0.9520 0.9500 0.9500 0.9500 0.9480
4.923163 0.9470 0.9450 0.9450 0.9450 0.9450
4.957000 0.9450 0.9450 0.9470 0.9480 0.9530
4.991163 0.9530 0.9500 0.9470 0.9450 0.9430
5.025000 0.9450 0.9480 0.9480 0.9480 0.9480
5.059163 0.9480 0.9500 0.9500 0.9500 0.9480
5.094000 0.9480 0.9480 0.9480 0.9480 0.9480
5.128163 0.9480 0.9480 0.9480 0.9480 0.9480
5.162000 0.9480 0.9480 0.9470 0.9470 0.9470
5.196163 0.9470 0.9470 0.9470 0.9470 0.9470
5.230000 0.9450 0.9450 0.9430 0.9430 0.9410
5.264163 0.9410 0.9380 0.9360 0.9330 0.9330
5.299000 0.9330 0.9330 0.9310 0.9260 0.9210
5.333163 0.9160 0.9110 0.9090 0.9070 0.9060
5.367000 0.9010 0.8990 0.8970 0.8920 0.8870
5.401163 0.8750 0.8660 0.8630 0.8610 0.8610
5.435000 0.8610 0.8610 0.8610 0.8580 0.8580
5.469163 0.8560 0.8560 0.8560 0.8560 0.8540
5.503000 0.8510 0.8480 0.8460 0.8440 0.8440
5.537163 0.8440 0.8390 0.8340 0.8290 0.8270
5.572000 0.8250 0.8220 0.8170 0.8070 0.7980
5.606163 0.7930 0.7810 0.7710 0.7540 0.7320
5.640000 0.7180 0.6960 0.6800 0.6600 0.6070
5.674163 0.5660 0.5250 0.4790 0.3940 0.3130
5.708000 0.2320 0.1580 0.1460 0.1290 0.1050
5.742163 0.0970 0.0800 0.0690 0.0660 0.0640
5.777000 0.0660 0.0730 0.0880 0.1160 0.1700
5.811163 0.2350 0.2880 0.3360 0.3800 0.4020
5.845000 0.4350 0.4790 0.5050 0.5610 0.6000
5.879163 0.6380 0.6480 0.6700 0.6740 0.6800
5.913000 0.6890 0.6990 0.7150 0.7330 0.7520
5.947163 0.7670 0.7670 0.7690 0.7710 0.7710
5.981000 0.7760 0.7780 0.7840 0.7880 0.7860
6.015163 0.7860 0.7840 0.7810 0.7740 0.7550
6.050000 0.7420 0.7110 0.6940 0.6680 0.6220
6.084163 0.6190 0.6170 0.6170 0.6720 0.7330
6.118000 0.7710 0.7900 0.7910 0.8030 0.8170
6.152163 0.8290 0.8290 0.8320 0.8340 0.8370
6.186000 0.8430 0.8440 0.8510 0.8580 0.8600
6.220163 0.8660 0.8700 0.8720 0.8720 0.8750
6.255000 0.8770 0.8770 0.8800 0.8850 0.8870
6.289163 0.8890 0.8890 0.8900 0.8920 0.8940
6.323000 0.8940 0.8950 0.8950 0.8970 0.8970
6.357163 0.8990 0.8990 0.8970 0.8850 0.8770
6.391000 0.8750 0.8770 0.8970 0.8970 0.8970
6.425163 0.8970 0.8900 0.8820 0.8660 0.8560
6.460000 0.8560 0.8610 0.8680 0.8700 0.8730
6.494163 0.8830 0.8830 0.8770 0.8770 0.8680
6.528000 0.8580 0.8540 0.8540 0.8580 0.8580
6.562163 0.8650 0.8650 0.8600 0.8580 0.8370
6.596000 0.8370 0.8410 0.8440 0.8510 0.8510
6.630163 0.8480 0.8480 0.8370 0.8340 0.8200
6.664000 0.8170 0.8050 0.7860 0.7830 0.7690
6.698163 0.7540 0.7330 0.6970 0.6550 0.6290
6.733000 0.6260 0.5850 0.5320 0.4590 0.4180
6.767163 0.3870 0.3820 0.3730 0.3660 0.3600
6.801000 0.3430 0.3410 0.3440 0.3630 0.3920
6.835163 0.4310 0.4720 0.4930 0.5150 0.5340
6.869000 0.5590 0.5980 0.6140 0.6290 0.6450
6.903163 0.6530 0.6740 0.6820 0.6940 0.7040
6.938000 0.7080 0.7110 0.7080 0.7010 0.6800
6.972163 0.6510 0.6120 0.6050 0.5950 0.5850
7.006000 0.5810 0.5850 0.6070 0.6210 0.6510
7.040163 0.6600 0.6770 0.6800 0.6800 0.6790
7.074000 0.6580 0.6450 0.6090 0.5780 0.5590
7.108163 0.5490 0.5490 0.5510 0.5870 0.6140
7.142000 0.6380 0.6680 0.6700 0.6680 0.6620
7.176163 0.6510 0.6390 0.6050 0.5750 0.5460
7.211000 0.5100 0.4980 0.4790 0.4720 0.4720
7.245163 0.4740 0.4790 0.4840 0.5000 0.5130
7.279000 0.5130 0.5060 0.5010 0.5000 0.5030
7.313163 0.5130 0.5290 0.5580 0.6670 0.7150
7.347000 0.7230 0.7470 0.7690 0.7900 0.7980
7.381163 0.8000 0.8070 0.8100 0.8170 0.8270
7.416000 0.8310 0.8320 0.8320 0.8340 0.8340
7.450163 0.8340 0.8340 0.8340 0.8340 0.8340
7.484000 0.8340 0.8340 0.8320 0.8310 0.8290
7.518163 0.8290 0.8270 0.8170 0.8120 0.8120
7.552000 0.8120 0.8130 0.8150 0.8150 0.8170
7.586163 0.8190 0.8200 0.8190 0.8200 0.8200
7.620000 0.8200 0.8200 0.8200 0.8190 0.8190
7.654163 0.8170 0.8170 0.8150 0.8150 0.8130
7.689000 0.8130 0.8120 0.8100 0.8100 0.8070
7.723163 0.8050 0.8020 0.8020 0.8020 0.8030
7.757000 0.8050 0.8050 0.8070 0.8080 0.8100
7.791163 0.8100 0.8130 0.8170 0.8170 0.8190
7.825000 0.8190 0.8220 0.8220 0.8220 0.8200
7.859163 0.8200 0.8200 0.8190 0.8170 0.8150
7.894000 0.8120 0.8100 0.8080 0.8080 0.8070
7.928163 0.8070 0.8050 0.8050 0.8050 0.8020
7.962000 0.8000 0.8000 0.7980 0.7950 0.7910
7.996163 0.7860 0.7810 0.7790 0.7790 0.7760
8.030000 0.7730 0.7710 0.7690 0.7670 0.7670
8.064163 0.7610 0.7590 0.7570 0.7570 0.7590
8.099000 0.7610 0.7620 0.7640 0.7670 0.7710
8.133163 0.7710 0.7740 0.7740 0.7740 0.7740
8.167000 0.7740 0.7740 0.7740 0.7740 0.7730
8.201163 0.7730 0.7730 0.7730 0.7710 0.7670
8.235000 0.7620 0.7610 0.7570 0.7500 0.7470
8.269163 0.7370 0.7300 0.6960 0.6910 0.6970
8.303000 0.7090 0.7110 0.7110 0.7090 0.7090
8.337163 0.7090 0.7110 0.7130 0.7150 0.7160
8.372000 0.7160 0.7200 0.7230 0.7250 0.7280
8.406163 0.7300 0.7320 0.7320 0.7330 0.7320
8.440000 0.7320 0.7320 0.7300 0.7300 0.7280
8.474163 0.7280 0.7280 0.7280 0.7280 0.7280
8.508000 0.7280 0.7280 0.7260 0.7260 0.7230
8.542163 0.7200 0.7130 0.7090 0.7030 0.6990
8.577000 0.6960 0.6910 0.6870 0.6800 0.6770
8.611163 0.6770 0.6770 0.6790 0.6820 0.6890
8.645000 0.6910 0.6960 0.6960 0.6960 0.6960
8.679163 0.6960 0.6960 0.6960 0.6960 0.6960
8.713000 0.6940 0.6940 0.6940 0.6940 0.6960
8.747163 0.6960 0.6970 0.6970 0.6990 0.7010
8.781000 0.7030 0.7030 0.7040 0.7040 0.7060
8.815163 0.7060 0.7090 0.7130 0.7160 0.7200
8.850000 0.7230 0.7250 0.7280 0.7320 0.7330
8.884163 0.7350 0.7380 0.7420 0.7440 0.7490
8.918000 0.7500 0.7520 0.7540 0.7550 0.7570
8.952163 0.7590 0.7610 0.7660 0.7670 0.7670
8.986000 0.7690 0.7690 0.7660 0.7640 0.7610
9.020163 0.7590 0.7550 0.7540 0.7490 0.7470
9.055000 0.7440 0.7370 0.7350 0.7330 0.7330
9.089163 0.7330 0.7350 0.7350 0.7370 0.7370
9.123000 0.7380 0.7380 0.7380 0.7350 0.7320
9.157163 0.7300 0.7300 0.7260 0.7250 0.7210
9.191000 0.7200 0.7180 0.7160 0.7150 0.7130
9.225163 0.7110 0.7090 0.7090 0.7080 0.7080
9.260000 0.7080 0.7060 0.7040 0.7040 0.7040
9.294163 0.7030 0.7030 0.7030 0.7040 0.7040
9.328000 0.7060 0.7080 0.7110 0.7130 0.7130
9.362163 0.7130 0.7110 0.7080 0.7040 0.6990
9.396000 0.6940 0.6860 0.6740 0.6670 0.6480
9.430163 0.6380 0.6210 0.6020 0.5930 0.5710
9.464000 0.5630 0.5520 0.5370 0.5300 0.5200
9.498163 0.5180 0.5180 0.5200 0.5290 0.5390
9.533000 0.5510 0.5630 0.5710 0.5830 0.5880
9.567163 0.6020 0.6160 0.6220 0.6340 0.6430
9.601000 0.6550 0.6720 0.6750 0.6890 0.6960
9.635163 0.7030 0.7080 0.7130 0.7180 0.7210
9.669000 0.7280 0.7300 0.7350 0.7370 0.7380
9.703163 0.7400 0.7420 0.7420 0.7420 0.7400
9.738000 0.7400 0.7400 0.7370 0.7330 0.7280
9.772163 0.7230 0.7200 0.7130 0.7030 0.6920
9.806000 0.6820 0.6680 0.6550 0.6450 0.6310
9.840163 0.6190 0.6040 0.5970 0.5870 0.5750
9.874000 0.5640 0.5540 0.5490 0.5460 0.5300
9.908163 0.5180 0.5060 0.4940 0.4810 0.4720
9.942000 0.4590 0.4530 0.4430 0.4330 0.4260
9.976163 0.4190 0.4120 0.4110 0.4140 0.4280
10.011000 0.4450 0.4620 0.4790 0.4980 0.5150
10.045163 0.5320 0.5440 0.5490 0.5630 0.5710
10.079000 0.5800 0.5950 0.6040 0.6160 0.6270
10.113163 0.6360 0.6480 0.6530 0.6680 0.6790
10.147000 0.6860 0.6920 0.6970 0.6990 0.7030
10.181163 0.7060 0.7090 0.7090 0.7060 0.7040
10.216000 0.7030 0.7010 0.6970 0.6920 0.6910
10.250163 0.6860 0.6820 0.6790 0.6790 0.6770
10.284000 0.6750 0.6770 0.6790 0.6820 0.6860
10.318163 0.6920 0.7010 0.7060 0.7160 0.7210
10.352000 0.7300 0.7350 0.7400 0.7470 0.7490
10.386163 0.7540 0.7570 0.7610 0.7660 0.7670
10.420000 0.7690 0.7710 0.7710 0.7690 0.7660
10.454163 0.7610 0.7610 0.7590 0.7570 0.7520
10.489000 0.7470 0.7450 0.7350 0.7300 0.7260
10.523163 0.7200 0.7180 0.7160 0.7130 0.7090
10.557000 0.7060 0.7030 0.6990 0.6960 0.6960
10.591163 0.6920 0.6910 0.6890 0.6840 0.6800
10.625000 0.6700 0.6670 0.6580 0.6480 0.6410
10.659163 0.6270 0.6170 0.6040 0.5930 0.5780
10.694000 0.5610 0.5470 0.5300 0.5050 0.4890
10.728163 0.4740 0.4600 0.4430 0.4260 0.4060
10.762000 0.3900 0.3680 0.3580 0.3460 0.3340
10.796163 0.3080 0.2950 0.2830 0.2730 0.2610
10.830000 0.2500 0.2370 0.2320 0.2250 0.2180
10.864163 0.2090 0.2060 0.2030 0.2030 0.2030
10.899000 0.2030 0.2060 0.2080 0.2230 0.2370
10.933163 0.2520 0.2670 0.2830 0.3030 0.3220
10.967000 0.3440 0.3650 0.3870 0.4060 0.4230
11.001163 0.4410 0.4740 0.5000 0.5130 0.5250
11.035000 0.5350 0.5440 0.5510 0.5510 0.5520
11.069163 0.5510 0.5490 0.5490 0.5350 0.5250
11.103000 0.5150 0.5030 0.4940 0.4840 0.4770
11.137163 0.4720 0.4700 0.4720 0.4770 0.4880
11.172000 0.4960 0.5030 0.5110 0.5180 0.5250
11.206163 0.5340 0.5420 0.5490 0.5510 0.5540
11.240000 0.5630 0.5730 0.5830 0.5900 0.6040
11.274163 0.6170 0.6240 0.6390 0.6460 0.6560
11.308000 0.6680 0.6740 0.6840 0.6890 0.7010
11.342163 0.7080 0.7150 0.7210 0.7260 0.7350
11.377000 0.7400 0.7470 0.7500 0.7570 0.7620
11.411163 0.7690 0.7740 0.7830 0.7860 0.7880
11.445000 0.7900 0.7910 0.7950 0.7980 0.8000
11.479163 0.8020 0.8030 0.8080 0.8100 0.8100
11.513000 0.8120 0.8120 0.8130 0.8130 0.8150
11.547163 0.8150 0.8170 0.8190 0.8190 0.8190
11.581000 0.8200 0.8200 0.8200 0.8220 0.8220
11.615163 0.8240 0.8240 0.8240 0.8240 0.8240
11.650000 0.8240 0.8240 0.8240 0.8240 0.8240
11.684163 0.8240 0.8240 0.8240 0.8240 0.8240
11.718000 0.8240 0.8240 0.8240 0.8240 0.8240
11.752163 0.8220 0.8200 0.8190 0.8190 0.8170
11.786000 0.8130 0.8100 0.8050 0.8020 0.8000
11.820163 0.7980 0.7950 0.7860 0.7810 0.7760
11.855000 0.7710 0.7640 0.7550 0.7450 0.7350
11.889163 0.7280 0.7150 0.7080 0.6920 0.6800
11.923000 0.6720 0.6550 0.6430 0.6310 0.6140
11.957163 0.6040 0.5950 0.5870 0.5810 0.5750
11.991000 0.5690 0.5660 0.5610 0.5590 0.5610
12.025163 0.5660 0.5710 0.5810 0.5920 0.5980
12.060000 0.6050 0.6120 0.6210 0.6310 0.6340
12.094163 0.6450 0.6480 0.6510 0.6560 0.6600
12.128000 0.6700 0.6750 0.6840 0.6910 0.6960
12.162163 0.7030 0.7110 0.7200 0.7280 0.7380
12.196000 0.7470 0.7550 0.7620 0.7730 0.7790
12.230163 0.7860 0.7930 0.7960 0.7980 0.8000
12.264000 0.8070 0.8080 0.8100 0.8130 0.8150
12.298163 0.8200 0.8240 0.8250 0.8270 0.8290
12.333000 0.8290 0.8310 0.8320 0.8360 0.8370
12.367163 0.8370 0.8390 0.8390 0.8390 0.8410
12.401000 0.8410 0.8410 0.8430 0.8430 0.8430
12.435163 0.8440 0.8440 0.8460 0.8460 0.8460
12.469000 0.8460 0.8480 0.8480 0.8510 0.8510
12.503163 0.8510 0.8510 0.8530 0.8530 0.8530
12.538000 0.8530 0.8530 0.8510 0.8510 0.8510
12.572163 0.8510 0.8490 0.8480 0.8480 0.8490
12.606000 0.8490 0.8530 0.8530 0.8530 0.8540
12.640163 0.8540 0.8540 0.8510 0.8510 0.8510
12.674000 0.8510 0.8510 0.8510 0.8510 0.8510
12.708163 0.8510 0.8510 0.8510 0.8490 0.8490
12.742000 0.8490 0.8490 0.8490 0.8480 0.8480
12.776163 0.8480 0.8460 0.8460 0.8440 0.8440
12.811000 0.8440 0.8440 0.8430 0.8430 0.8430
12.845163 0.8430 0.8410 0.8410 0.8410 0.8410
12.879000 0.8410 0.8390 0.8390 0.8370 0.8360
12.913163 0.8360 0.8340 0.8320 0.8320 0.8310
12.947000 0.8310 0.8290 0.8270 0.8240 0.8220
12.981163 0.8150 0.8130 0.8100 0.8070 0.8030
13.016000 0.7980 0.7960 0.7860 0.7830 0.7790
13.050163 0.7730 0.7710 0.7660 0.7640 0.7620
13.084000 0.7550 0.7520 0.7470 0.7450 0.7420
13.118163 0.7400 0.7400 0.7380 0.7370 0.7370
13.152000 0.7350 0.7330 0.7330 0.7350 0.7350
13.186163 0.7350 0.7370 0.7370 0.7380 0.7420
13.220000 0.7470 0.7490 0.7500 0.7540 0.7570
13.254163 0.7610 0.7670 0.7710 0.7730 0.7780
13.289000 0.7810 0.7840 0.7860 0.7880 0.7900
13.323163 0.7910 0.7930 0.7930 0.7930 0.7930
13.357000 0.7950 0.7950 0.7950 0.7960 0.7960
13.391163 0.7980 0.7980 0.8000 0.8020 0.8020
13.425000 0.8020 0.8020 0.8020 0.8020 0.8030
13.459163 0.8030 0.8030 0.8050 0.8050 0.8050
13.494000 0.8070 0.8070 0.8070 0.8070 0.8070
13.528163 0.8070 0.8070 0.8070 0.8070 0.8070
13.562000 0.8070 0.8070 0.8070 0.8070 0.8070
13.596163 0.8070 0.8070 0.8070 0.8070 0.8070
13.630000 0.8070 0.8070 0.8070 0.8070 0.8070
13.664163 0.8070 0.8050 0.8050 0.8050 0.8050
13.699000 0.8030 0.8030 0.8030 0.8030 0.8020
13.733163 0.8020 0.8020 0.8020 0.8020 0.8020
13.767000 0.8020 0.8000 0.8000 0.7980 0.7980
13.801163 0.7980 0.7980 0.7980 0.7980 0.7980
13.835000 0.7980 0.7960 0.7960 0.7960 0.7960
13.869163 0.7960 0.7950 0.7950 0.7930 0.7930
13.903000 0.7930 0.7910 0.7900 0.7900 0.7880
13.937163 0.7860 0.7840 0.7830 0.7830 0.7830
13.972000 0.7830 0.7810 0.7810 0.7810 0.7810
14.006163 0.7790 0.7790 0.7780 0.7760 0.7730
14.040000 0.7730 0.7690 0.7690 0.7660 0.7660
14.074163 0.7640 0.7640 0.7620 0.7620 0.7610
14.108000 0.7570 0.7540 0.7520 0.7500 0.7470
14.142163 0.7440 0.7400 0.7380 0.7370 0.7350
14.177000 0.7330 0.7330 0.7330 0.7300 0.7200
14.211163 0.7180 0.7130 0.7110 0.7090 0.7060
14.245000 0.7040 0.7010 0.6990 0.6970 0.6910
14.279163 0.6890 0.6860 0.6800 0.6790 0.6740
14.313000 0.6740 0.6720 0.6680 0.6670 0.6620
14.347163 0.6580 0.6530 0.6510 0.6510 0.6460
14.381000 0.6450 0.6450 0.6430 0.6390 0.6380
14.415163 0.6380 0.6360 0.6360 0.6360 0.6360
14.450000 0.6360 0.6360 0.6340 0.6340 0.6330
14.484163 0.6330 0.6330 0.6330 0.6330 0.6330
14.518000 0.6330 0.6330 0.6330 0.6330 0.6330
14.552163 0.6340 0.6340 0.6340 0.6330 0.6310
14.586000 0.6290 0.6290 0.6240 0.6240 0.6240
14.620163 0.6240 0.6240 0.6210 0.6190 0.6190
14.655000 0.6190 0.6190 0.6170 0.6170 0.6160
14.689163 0.6160 0.6160 0.6160 0.6160 0.6140
14.723000 0.6140 0.6140 0.6120 0.6120 0.6100
14.757163 0.6120 0.6120 0.6120 0.6100 0.6100
14.791000 0.6100 0.6100 0.6120 0.6120 0.6140
14.825163 0.6140 0.6140 0.6140 0.6140 0.6140
14.860000 0.6140 0.6120 0.6100 0.6100 0.6100
14.894163 0.6100 0.6100 0.6090 0.6090 0.6090
14.928000 0.6090 0.6100 0.6120 0.6120 0.6120
14.962163 0.6140 0.6140 0.6140 0.6140 0.6160
14.996000 0.6170 0.6170 0.6170 0.6170 0.6170
15.030163 0.6170 0.6170 0.6190 0.6190 0.6190
15.064000 0.6190 0.6190 0.6190 0.6190 0.6190
15.098163 0.6190 0.6190 0.6170 0.6170 0.6170
15.133000 0.6190 0.6190 0.6170 0.6160 0.6160
15.167163 0.6160 0.6170 0.6170 0.6170 0.6170
15.201000 0.6160 0.6140 0.6120 0.6120 0.6100
15.235163 0.6100 0.6100 0.6120 0.6120 0.6120
15.269000 0.6100 0.6100 0.6100 0.6100 0.6100
15.303163 0.6100 0.6100 0.6100 0.6090 0.6090
15.338000 0.6070 0.6070 0.6050 0.6050 0.6050
15.372163 0.6050 0.6050 0.6020 0.6020 0.6020
15.406000 0.6020 0.6000 0.6000 0.6000 0.6000
15.440163 0.6020 0.6020 0.6020 0.6020 0.6020
15.474000 0.6000 0.5980 0.5980 0.5980 0.5970
15.508163 0.5980 0.5970 0.5970 0.5950 0.5950
15.542000 0.5950 0.5950 0.5950 0.5950 0.5950
15.576163 0.5930 0.5920 0.5920 0.5920 0.5900
15.611000 0.5880 0.5880 0.5880 0.5880 0.5870
15.645163 0.5870 0.5870 0.5870 0.5870 0.5870
15.679000 0.5870 0.5850 0.5850 0.5850 0.5850
15.713163 0.5850 0.5850 0.5850 0.5850 0.5850
15.747000 0.5830 0.5830 0.5830 0.5810 0.5810
15.781163 0.5810 0.5810 0.5800 0.5800 0.5800
15.816000 0.5780 0.5760 0.5750 0.5750 0.5750
15.850163 0.5750 0.5750 0.5750 0.5750 0.5760
15.884000 0.5750 0.5750 0.5750 0.5750 0.5750
15.918163 0.5750 0.5750 0.5750 0.5750 0.5750
15.952000 0.5750 0.5750 0.5750
##END=
