##TITLE=Ethyl-2,4,6-Trimethoxycinnamate
##JCAMP-DX=4.24
##DATA TYPE=INFRARED SPECTRUM
##ORIGIN=EPA-IR VAPOR PHASE LIBRARY
##OWNER=SRD/NIST
Collection (C) 2018 copyright by the U.S. Secretary of Commerce
on behalf of the United States of America. All rights reserved.
##CAS REGISTRY NO=67827-53-6
##MOLFORM=C 14 H 18 O 5
##$NIST SOURCE=MSDC-IR
##STATE=gas
##XUNITS=1/CM
##YUNITS=ABSORBANCE
##XFACTOR=1.
##YFACTOR=0.001
##DELTAX=3.85796
##FIRSTX=501.5
##LASTX=4000.7
##FIRSTY=1.15
##MAXX=4000.7
##MINX=501.534
##MAXY=0.12784
##MINY=0.0005154
##NPOINTS=908
##XYDATA=(X++(Y..Y))
501.534 1.15 1.56 2.07 2.61 3.04 3.26 3.26 3.22 3.34 3.58
540.114 3.59 3.42 3.27 2.92 2.37 1.85 1.54 1.38 1.24 1.12
578.693 0.9477 0.7906 0.7062 0.5844 0.5154 0.5926 0.5989 0.5452 0.5956 0.6762
617.273 0.8192 0.9809 1.13 1.34 1.52 1.64 1.67 1.69 1.77 1.75
655.852 1.72 1.68 1.5 1.34 1.23 1.14 1.05 0.9786 0.9497 0.9598
694.432 1 1.04 1.03 1.03 0.9935 0.8888 0.8151 0.7638 0.7097 0.6504
733.011 0.6714 0.7682 0.8644 1.03 1.31 1.7 2.09 2.38 2.45 2.35
771.591 2.21 2.12 2.13 2.23 2.43 2.66 2.81 2.99 3.19 3.53
810.170 4.31 5.38 6.46 7.23 7.21 6.48 5.62 4.76 4.01 3.46
848.750 3.07 2.98 3.04 3.36 3.85 4.18 4.22 3.92 3.42 2.99
887.330 2.66 2.38 2.24 2.21 2.21 2.31 2.49 2.66 2.87 3.08
925.909 3.28 3.58 4.1 4.92 6.06 7.19 7.77 7.46 6.54 5.78
964.489 5.45 5.46 5.7 6.17 6.99 8.01 8.71 8.72 8.11 7.32
1003.068 6.74 6.6 6.85 7.51 8.64 10.45 13.29 17.02 21.19 24.87
1041.648 27.19 27.87 26.89 24.81 22.24 19.59 17.14 15.23 14.2 14.23
1080.227 15.31 17.4 20.49 24.51 29.15 33.94 38.61 43.11 47.24 50.59
1118.807 52.77 53.62 53.01 51.75 51.63 55.1 64.68 81.59 103.03 121.45
1157.387 127.84 117.51 95.04 72.56 58.09 50.31 45.4 42.42 42.63 46.61
1195.966 53.05 59.57 63.92 64.35 60.22 53.61 47.78 43.89 41.34 40.08
1234.546 40.9 44.01 48.1 50.84 51.02 49.28 46.1 40.93 34.72 30.43
1273.125 28.88 28.64 28.42 27.94 28.07 30.18 34.91 40.31 41.89 36.98
1311.705 28.65 21.96 18.59 17.92 19.14 21.17 22.3 21.11 17.93 14.32
1350.284 11.5 9.86 9.36 10.1 11.48 11.73 10.32 8.83 8.44 8.84
1388.864 9.76 11.09 12.95 15.54 19.08 23.29 26.99 28.65 27.53 24.57
1427.443 21.49 19.58 19.18 19.44 19.15 18.47 19.4 23.11 28.7 32.92
1466.023 34.33 32.96 29.23 24.96 21.73 19.35 16.64 13.39 10.42 8.37
1504.603 7.2 6.45 6.03 5.8 5.67 5.65 5.79 6.05 6.46 7.09
1543.182 8.04 9.4 11.43 14.38 18.7 24.59 31.28 38.37 44.14 47.79
1581.762 49.25 50.1 52.17 56.49 62.32 66.85 66.78 60.87 51.91 44.02
1620.341 39.94 39.28 39.37 37.29 31.58 24.18 17.97 13.58 10.85 9
1658.921 7.85 7.09 6.62 6.4 6.32 6.39 6.59 6.94 7.32 7.7
1697.500 8.29 9.34 11.12 14.11 18.79 26.58 38.82 53.82 65.44 65.42
1736.080 53.86 38.9 26.31 18.36 13.57 10.44 8.19 6.6 5.55 4.86
1774.659 4.36 3.96 3.58 3.21 2.88 2.61 2.4 2.22 2.06 1.91
1813.239 1.78 1.67 1.57 1.51 1.47 1.44 1.41 1.4 1.4 1.42
1851.819 1.45 1.45 1.4 1.33 1.29 1.27 1.24 1.22 1.2 1.19
1890.398 1.18 1.19 1.18 1.18 1.2 1.21 1.19 1.15 1.13 1.13
1928.978 1.15 1.16 1.19 1.23 1.3 1.35 1.38 1.4 1.39 1.37
1967.557 1.32 1.28 1.25 1.19 1.15 1.11 1.07 1.06 1.06 1.05
2006.137 1.03 1.01 0.9785 0.9767 0.9826 0.9773 0.987 1.01 1.05 1.07
2044.716 1.08 1.1 1.15 1.19 1.23 1.28 1.35 1.4 1.44 1.48
2083.296 1.51 1.54 1.57 1.59 1.63 1.65 1.65 1.62 1.59 1.59
2121.875 1.55 1.52 1.52 1.51 1.46 1.45 1.45 1.43 1.43 1.41
2160.455 1.39 1.36 1.33 1.27 1.2 1.14 1.11 1.08 1.03 0.9941
2199.035 0.9857 0.9768 0.9497 0.9188 0.9209 0.9211 0.9222 0.9651 1 1.02
2237.614 1.03 1.07 1.11 1.14 1.15 1.16 1.17 1.17 1.16 1.11
2276.194 1.05 1.02 0.9791 0.9086 0.8472 0.8051 0.7792 0.758 0.7383 0.7184
2314.773 0.7059 0.6995 0.7001 0.6865 0.6775 0.6999 0.7191 0.7291 0.7257 0.7393
2353.353 0.7528 0.775 0.781 0.746 0.7451 0.7816 0.8019 0.8042 0.8085 0.8127
2391.932 0.8184 0.8495 0.8884 0.9121 0.9158 0.9355 0.9735 0.9693 0.9616 0.9587
2430.512 0.9555 0.958 0.9501 0.9394 0.9327 0.9138 0.907 0.9225 0.9253 0.9294
2469.092 0.9414 0.9485 0.9551 0.9664 0.9635 0.9548 0.9504 0.9379 0.9472 0.9673
2507.671 0.9297 0.912 0.9416 0.9866 1.04 1.05 1.06 1.06 1.06 1.06
2546.251 1.03 0.9809 0.9631 0.9386 0.9172 0.9048 0.8831 0.878 0.8759 0.8889
2584.830 0.8939 0.9102 0.9342 0.9363 0.9551 0.9988 1.01 1.01 1.02 1.01
2623.410 1.02 0.9954 0.9647 0.963 0.9634 0.9728 0.9815 1.01 1.02 1.02
2661.989 1.03 1.01 1 0.9996 0.9898 0.9604 0.963 0.9766 0.9626 0.97
2700.569 0.972 0.9616 0.9765 0.9981 1.01 1.02 1.06 1.11 1.13 1.14
2739.148 1.17 1.23 1.29 1.34 1.41 1.43 1.43 1.49 1.59 1.66
2777.728 1.7 1.75 1.83 1.91 2 2.09 2.21 2.36 2.6 2.91
2816.308 3.29 3.77 4.42 5.31 6.54 8.31 10.61 12.78 13.63 12.71
2854.887 10.91 9.37 8.41 7.97 7.97 8.22 8.6 9.09 9.43 9.6
2893.467 9.78 10.1 10.53 11.08 11.79 12.48 13 13.37 13.76 14.6
2932.046 16.27 19.21 23.36 27.25 28.73 27.3 24.8 23.04 21.98 20.8
2970.626 19.33 18.32 18.38 18.83 18.37 16.93 15.88 16.15 17.6 19.23
3009.205 19.1 16.17 12 8.7 6.67 5.46 4.69 4.16 3.78 3.5
3047.785 3.3 3.16 3.05 2.93 2.77 2.59 2.48 2.39 2.32 2.31
3086.364 2.32 2.33 2.35 2.35 2.32 2.27 2.14 1.98 1.86 1.74
3124.944 1.64 1.54 1.47 1.43 1.38 1.35 1.35 1.3 1.24 1.18
3163.524 1.14 1.15 1.15 1.13 1.09 1.05 1.03 0.9917 0.9669 0.9644
3202.103 0.9424 0.927 0.9094 0.884 0.8789 0.8602 0.8217 0.7596 0.7461 0.7735
3240.683 0.7421 0.7221 0.6955 0.6714 0.6856 0.6954 0.7127 0.7047 0.6642 0.6515
3279.262 0.6521 0.6427 0.6435 0.6513 0.6528 0.659 0.6898 0.6697 0.6131 0.6187
3317.842 0.6385 0.6751 0.7364 0.7156 0.7067 0.742 0.7399 0.718 0.7443 0.8222
3356.421 0.8104 0.7566 0.7377 0.7217 0.7104 0.7271 0.7238 0.7171 0.7354 0.7342
3395.001 0.7207 0.6985 0.681 0.6836 0.7256 0.757 0.7925 0.8083 0.8699 0.9061
3433.580 0.8952 1.03 1.12 1.11 1.1 1.09 1.02 0.9227 0.9004 0.8973
3472.160 0.8541 0.7944 0.7352 0.6712 0.6891 0.7128 0.6973 0.6874 0.6525 0.6581
3510.740 0.6568 0.6106 0.6162 0.6577 0.6749 0.6904 0.7179 0.7249 0.6823 0.6408
3549.319 0.6487 0.6735 0.6775 0.6616 0.6436 0.6524 0.7098 0.7204 0.7115 0.7087
3587.899 0.6978 0.7191 0.6899 0.6712 0.664 0.6311 0.6246 0.657 0.6806 0.6771
3626.478 0.6362 0.5624 0.5938 0.6618 0.644 0.6323 0.633 0.6385 0.6787 0.6878
3665.058 0.6536 0.5969 0.6181 0.6234 0.6264 0.6631 0.6751 0.6985 0.6612 0.6301
3703.637 0.6606 0.672 0.6565 0.6476 0.6594 0.6483 0.608 0.6339 0.6418 0.6741
3742.217 0.6871 0.6597 0.666 0.6958 0.7556 0.7576 0.7128 0.7349 0.7722 0.7437
3780.797 0.7565 0.7468 0.7155 0.7606 0.7751 0.7586 0.8074 0.8275 0.8146 0.7835
3819.376 0.7455 0.7522 0.7632 0.8147 0.8105 0.7715 0.818 0.8423 0.8307 0.7943
3857.956 0.7772 0.8102 0.8157 0.7883 0.7569 0.8122 0.8591 0.8736 0.9813 1.01
3896.535 0.9129 0.836 0.8238 0.8404 0.8906 0.865 0.8159 0.8527 0.8775 0.8594
3935.115 0.8632 0.9079 0.9307 0.922 0.9309 0.9239 0.9157 0.9289 0.9499 0.9489
3973.694 0.9861 0.9884 1 1.06 1.02 1.03 1.08 1.09
##END=
