##TITLE=2,6-DIMETHYL 6(7)-OCTENE (TRANS)
##JCAMP-DX=4.24
##DATA TYPE=INFRARED SPECTRUM
##CLASS=COBLENTZ
##ORIGIN=INTERNATIONAL FLAVORS & FRAGRANCES, INC.
##OWNER=COBLENTZ SOCIETY
Collection (C) 2018 copyright by the U.S. Secretary of Commerce
on behalf of the United States of America. All rights reserved.
##DATE=Not specified, most likely prior to 1970
##NAMES=(2E)-3,7-dimethyl-2-octene
##CAS REGISTRY NO=6874-06-2
##MOLFORM=C10 H20
##SOURCE REFERENCE=COBLENTZ NO. 4947
##$NIST SOURCE=COBLENTZ
##$NIST IMAGE=cob4947
##SPECTROMETER/DATA SYSTEM=Not specified, most likely a prism, grating, or hybrid spectrometer.
##SAMPLING PROCEDURE=TRANSMISSION
##RESOLUTION=4
##DATA PROCESSING=DIGITIZED BY NIST FROM HARD COPY
##XUNITS=MICROMETERS
##YUNITS=TRANSMITTANCE
##XFACTOR=1.000000
##YFACTOR=1
##DELTAX=000.004658
##FIRSTX=2
##LASTX=15.0183
##FIRSTY=0.94
##MAXX=15.0183
##MINX=2
##MAXY=0.986
##MINY=0.063
##NPOINTS=2796
##XYDATA=(X++(Y..Y))
2.000000 0.9400 0.9430 0.9400 0.9430 0.9430
2.023297 0.9430 0.9440 0.9440 0.9450 0.9450
2.047000 0.9440 0.9450 0.9460 0.9460 0.9450
2.070297 0.9460 0.9460 0.9460 0.9470 0.9460
2.093000 0.9460 0.9460 0.9460 0.9460 0.9460
2.116297 0.9460 0.9470 0.9460 0.9450 0.9460
2.140000 0.9460 0.9470 0.9460 0.9450 0.9450
2.163297 0.9440 0.9440 0.9430 0.9430 0.9450
2.186000 0.9450 0.9450 0.9450 0.9440 0.9440
2.209297 0.9440 0.9430 0.9430 0.9420 0.9430
2.233000 0.9420 0.9420 0.9400 0.9390 0.9370
2.256297 0.9330 0.9260 0.9210 0.9140 0.9040
2.279000 0.8950 0.8860 0.8810 0.8770 0.8730
2.302297 0.8670 0.8590 0.8570 0.8550 0.8530
2.326000 0.8530 0.8550 0.8560 0.8570 0.8590
2.349297 0.8600 0.8630 0.8660 0.8710 0.8760
2.373000 0.8790 0.8820 0.8850 0.8870 0.8880
2.396297 0.8890 0.8910 0.8920 0.8920 0.8930
2.419000 0.8930 0.8940 0.8940 0.8950 0.8950
2.442297 0.8950 0.8960 0.8960 0.8980 0.8980
2.466000 0.8990 0.8990 0.9000 0.9000 0.9010
2.489297 0.9020 0.9030 0.9030 0.9060 0.9080
2.512000 0.9090 0.9110 0.9150 0.9170 0.9200
2.535297 0.9210 0.9220 0.9230 0.9230 0.9230
2.559000 0.9230 0.9220 0.9220 0.9210 0.9200
2.582297 0.9180 0.9170 0.9150 0.9150 0.9140
2.606000 0.9140 0.9150 0.9160 0.9160 0.9180
2.629297 0.9200 0.9220 0.9230 0.9240 0.9250
2.652000 0.9250 0.9250 0.9240 0.9240 0.9230
2.675297 0.9230 0.9240 0.9250 0.9250 0.9280
2.699000 0.9290 0.9310 0.9320 0.9350 0.9360
2.722297 0.9370 0.9380 0.9380 0.9380 0.9380
2.745000 0.9380 0.9380 0.9380 0.9380 0.9380
2.768297 0.9380 0.9380 0.9380 0.9380 0.9380
2.792000 0.9370 0.9370 0.9370 0.9370 0.9370
2.815297 0.9380 0.9380 0.9380 0.9380 0.9380
2.838000 0.9380 0.9380 0.9380 0.9380 0.9390
2.861297 0.9390 0.9400 0.9400 0.9390 0.9390
2.885000 0.9390 0.9390 0.9380 0.9380 0.9370
2.908297 0.9360 0.9360 0.9360 0.9360 0.9350
2.932000 0.9350 0.9330 0.9320 0.9310 0.9300
2.955297 0.9290 0.9260 0.9250 0.9240 0.9240
2.978000 0.9240 0.9240 0.9230 0.9230 0.9220
3.001297 0.9220 0.9220 0.9220 0.9210 0.9210
3.025000 0.9210 0.9210 0.9200 0.9200 0.9200
3.048297 0.9210 0.9220 0.9220 0.9220 0.9220
3.071000 0.9220 0.9230 0.9230 0.9230 0.9230
3.094297 0.9210 0.9200 0.9160 0.9100 0.9070
3.118000 0.9040 0.9000 0.8960 0.8950 0.8930
3.141297 0.8920 0.8910 0.8880 0.8860 0.8850
3.164000 0.8840 0.8820 0.8810 0.8800 0.8800
3.187297 0.8790 0.8780 0.8770 0.8760 0.8720
3.211000 0.8690 0.8650 0.8600 0.8500 0.8160
3.234297 0.7710 0.6810 0.6630 0.6440 0.6310
3.258000 0.6090 0.4390 0.4130 0.3480 0.3190
3.281297 0.2750 0.1490 0.1230 0.0830 0.0780
3.304000 0.0760 0.0750 0.0740 0.0730 0.0710
3.327297 0.0700 0.0690 0.0680 0.0670 0.0660
3.351000 0.0640 0.0640 0.0630 0.0630 0.0630
3.374297 0.0640 0.0660 0.0690 0.0700 0.0710
3.397000 0.0750 0.0760 0.0770 0.0780 0.0790
3.420297 0.0810 0.0840 0.0900 0.0970 0.1270
3.444000 0.1560 0.1980 0.2270 0.2470 0.2650
3.467297 0.2810 0.2980 0.3220 0.3540 0.3980
3.491000 0.4280 0.4580 0.5360 0.5610 0.5840
3.514297 0.6060 0.6250 0.6430 0.6590 0.6740
3.537000 0.6880 0.6950 0.7010 0.7120 0.7230
3.560297 0.7320 0.7400 0.7470 0.7540 0.7600
3.584000 0.7640 0.7690 0.7720 0.7760 0.7780
3.607297 0.7800 0.7830 0.7860 0.7870 0.7870
3.630000 0.7890 0.7890 0.7900 0.7900 0.7900
3.653297 0.7900 0.7910 0.7920 0.7930 0.7970
3.677000 0.7990 0.8040 0.8120 0.8190 0.8230
3.700297 0.8280 0.8330 0.8370 0.8420 0.8450
3.723000 0.8500 0.8530 0.8560 0.8570 0.8580
3.746297 0.8590 0.8600 0.8600 0.8620 0.8620
3.770000 0.8620 0.8630 0.8640 0.8650 0.8650
3.793297 0.8660 0.8660 0.8670 0.8700 0.8720
3.817000 0.8730 0.8730 0.8740 0.8740 0.8760
3.840297 0.8770 0.8770 0.8800 0.8820 0.8840
3.863000 0.8870 0.8890 0.8920 0.8940 0.8960
3.886297 0.8980 0.8990 0.9000 0.9010 0.9020
3.910000 0.9020 0.9030 0.9030 0.9040 0.9060
3.933297 0.9070 0.9070 0.9070 0.9080 0.9080
3.956000 0.9100 0.9100 0.9100 0.9100 0.9110
3.979297 0.9110 0.9110 0.9110 0.9130 0.9130
4.003000 0.9130 0.9130 0.9140 0.9140 0.9140
4.026297 0.9140 0.9160 0.9160 0.9160 0.9160
4.049000 0.9160 0.9160 0.9160 0.9160 0.9160
4.072297 0.9170 0.9170 0.9170 0.9170 0.9170
4.096000 0.9170 0.9170 0.9170 0.9170 0.9180
4.119297 0.9180 0.9180 0.9180 0.9180 0.9180
4.143000 0.9180 0.9180 0.9200 0.9200 0.9200
4.166297 0.9200 0.9200 0.9200 0.9200 0.9210
4.189000 0.9210 0.9210 0.9210 0.9210 0.9210
4.212297 0.9210 0.9220 0.9220 0.9220 0.9230
4.236000 0.9230 0.9230 0.9240 0.9240 0.9240
4.259297 0.9250 0.9250 0.9250 0.9250 0.9260
4.282000 0.9260 0.9260 0.9260 0.9280 0.9280
4.305297 0.9280 0.9280 0.9290 0.9290 0.9290
4.329000 0.9280 0.9280 0.9280 0.9280 0.9280
4.352297 0.9280 0.9280 0.9280 0.9290 0.9290
4.375000 0.9290 0.9300 0.9300 0.9300 0.9310
4.398297 0.9310 0.9310 0.9320 0.9320 0.9320
4.422000 0.9320 0.9320 0.9330 0.9330 0.9330
4.445297 0.9330 0.9350 0.9350 0.9350 0.9350
4.469000 0.9360 0.9360 0.9360 0.9360 0.9370
4.492297 0.9370 0.9370 0.9370 0.9370 0.9380
4.515000 0.9380 0.9380 0.9380 0.9380 0.9380
4.538297 0.9380 0.9380 0.9380 0.9390 0.9390
4.562000 0.9390 0.9390 0.9390 0.9390 0.9390
4.585297 0.9380 0.9380 0.9380 0.9370 0.9370
4.608000 0.9370 0.9370 0.9380 0.9380 0.9380
4.631297 0.9380 0.9380 0.9380 0.9380 0.9390
4.655000 0.9390 0.9390 0.9390 0.9390 0.9390
4.678297 0.9390 0.9390 0.9390 0.9390 0.9390
4.702000 0.9390 0.9390 0.9390 0.9390 0.9390
4.725297 0.9390 0.9390 0.9390 0.9390 0.9390
4.748000 0.9400 0.9400 0.9400 0.9390 0.9390
4.771297 0.9400 0.9400 0.9400 0.9400 0.9420
4.795000 0.9420 0.9400 0.9400 0.9390 0.9390
4.818297 0.9390 0.9390 0.9390 0.9390 0.9390
4.841000 0.9420 0.9420 0.9420 0.9420 0.9400
4.864297 0.9400 0.9400 0.9390 0.9390 0.9390
4.888000 0.9390 0.9390 0.9380 0.9380 0.9380
4.911297 0.9380 0.9370 0.9380 0.9380 0.9380
4.934000 0.9380 0.9380 0.9380 0.9380 0.9380
4.957297 0.9380 0.9380 0.9380 0.9390 0.9390
4.981000 0.9400 0.9420 0.9420 0.9430 0.9420
5.004297 0.9420 0.9430 0.9420 0.9420 0.9420
5.028000 0.9400 0.9400 0.9400 0.9400 0.9400
5.051297 0.9400 0.9390 0.9420 0.9400 0.9400
5.074000 0.9400 0.9400 0.9400 0.9400 0.9400
5.097297 0.9400 0.9400 0.9400 0.9400 0.9420
5.121000 0.9420 0.9420 0.9420 0.9420 0.9420
5.144297 0.9430 0.9430 0.9430 0.9430 0.9430
5.167000 0.9430 0.9430 0.9430 0.9430 0.9430
5.190297 0.9430 0.9430 0.9430 0.9430 0.9430
5.214000 0.9430 0.9430 0.9430 0.9430 0.9430
5.237297 0.9430 0.9430 0.9430 0.9430 0.9430
5.260000 0.9420 0.9420 0.9420 0.9420 0.9420
5.283297 0.9420 0.9420 0.9400 0.9400 0.9390
5.307000 0.9380 0.9380 0.9370 0.9360 0.9360
5.330297 0.9350 0.9330 0.9330 0.9320 0.9320
5.354000 0.9320 0.9320 0.9310 0.9310 0.9310
5.377297 0.9320 0.9320 0.9310 0.9310 0.9310
5.400000 0.9300 0.9300 0.9290 0.9280 0.9250
5.423297 0.9250 0.9250 0.9240 0.9240 0.9240
5.447000 0.9240 0.9240 0.9250 0.9250 0.9260
5.470297 0.9260 0.9280 0.9290 0.9290 0.9290
5.493000 0.9300 0.9300 0.9300 0.9310 0.9310
5.516297 0.9310 0.9300 0.9300 0.9300 0.9300
5.540000 0.9290 0.9290 0.9290 0.9290 0.9290
5.563297 0.9300 0.9300 0.9300 0.9290 0.9290
5.587000 0.9290 0.9280 0.9260 0.9260 0.9260
5.610297 0.9250 0.9250 0.9250 0.9250 0.9250
5.633000 0.9250 0.9250 0.9250 0.9250 0.9250
5.656297 0.9240 0.9240 0.9230 0.9230 0.9230
5.680000 0.9220 0.9220 0.9220 0.9210 0.9210
5.703297 0.9200 0.9180 0.9180 0.9180 0.9170
5.726000 0.9170 0.9160 0.9160 0.9160 0.9150
5.749297 0.9150 0.9150 0.9140 0.9140 0.9140
5.773000 0.9140 0.9140 0.9130 0.9110 0.9100
5.796297 0.9100 0.9090 0.9090 0.9090 0.9090
5.819000 0.9080 0.9080 0.9080 0.9070 0.9070
5.842297 0.9070 0.9060 0.9060 0.9060 0.9060
5.866000 0.9040 0.9040 0.9040 0.9030 0.9010
5.889297 0.8960 0.8910 0.8780 0.8730 0.8630
5.913000 0.8570 0.8550 0.8380 0.8290 0.8230
5.936297 0.7520 0.7340 0.7330 0.7350 0.7520
5.959000 0.7570 0.7670 0.7720 0.7790 0.7860
5.982297 0.7980 0.8160 0.8270 0.8410 0.8580
6.006000 0.8650 0.8660 0.8660 0.8650 0.8640
6.029297 0.8630 0.8630 0.8630 0.8630 0.8640
6.052000 0.8650 0.8670 0.8690 0.8690 0.8710
6.075297 0.8720 0.8740 0.8770 0.8780 0.8790
6.099000 0.8810 0.8810 0.8820 0.8840 0.8850
6.122297 0.8860 0.8860 0.8870 0.8880 0.8890
6.145000 0.8890 0.8910 0.8910 0.8920 0.8920
6.168297 0.8920 0.8910 0.8910 0.8910 0.8910
6.192000 0.8890 0.8890 0.8890 0.8880 0.8870
6.215297 0.8860 0.8860 0.8840 0.8840 0.8820
6.239000 0.8840 0.8840 0.8850 0.8850 0.8850
6.262297 0.8840 0.8840 0.8820 0.8820 0.8810
6.285000 0.8800 0.8800 0.8790 0.8780 0.8770
6.308297 0.8760 0.8740 0.8730 0.8720 0.8720
6.332000 0.8700 0.8690 0.8670 0.8670 0.8660
6.355297 0.8650 0.8630 0.8620 0.8600 0.8590
6.378000 0.8580 0.8560 0.8560 0.8550 0.8530
6.401297 0.8520 0.8510 0.8490 0.8480 0.8450
6.425000 0.8430 0.8410 0.8410 0.8400 0.8400
6.448297 0.8380 0.8370 0.8370 0.8360 0.8340
6.472000 0.8310 0.8290 0.8280 0.8260 0.8250
6.495297 0.8250 0.8230 0.8220 0.8200 0.8190
6.518000 0.8160 0.8130 0.8120 0.8090 0.8090
6.541297 0.8080 0.8070 0.8050 0.8030 0.7980
6.565000 0.7970 0.7960 0.7940 0.7890 0.7860
6.588297 0.7840 0.7820 0.7800 0.7780 0.7760
6.611000 0.7740 0.7710 0.7680 0.7640 0.7600
6.634297 0.7550 0.7520 0.7470 0.7430 0.7400
6.658000 0.7360 0.7310 0.7250 0.7200 0.7160
6.681297 0.7110 0.7060 0.7010 0.6770 0.6660
6.704000 0.6450 0.6280 0.6010 0.4980 0.2680
6.727297 0.2150 0.1780 0.1680 0.1570 0.1520
6.751000 0.1490 0.1480 0.1470 0.1470 0.1480
6.774297 0.1490 0.1500 0.1550 0.1620 0.1710
6.798000 0.1810 0.1930 0.2030 0.2120 0.2200
6.821297 0.2250 0.2320 0.2360 0.2390 0.2410
6.844000 0.2430 0.2450 0.2490 0.2530 0.2570
6.867297 0.2590 0.2640 0.2690 0.2760 0.2830
6.891000 0.2930 0.3030 0.3150 0.3270 0.3420
6.914297 0.3590 0.3770 0.3960 0.4050 0.4140
6.937000 0.4310 0.4460 0.4600 0.4720 0.4850
6.960297 0.4950 0.5070 0.5160 0.5260 0.5350
6.984000 0.5430 0.5510 0.5600 0.5680 0.5770
7.007297 0.5850 0.5940 0.6030 0.6120 0.6230
7.030000 0.6260 0.6290 0.6310 0.6330 0.6370
7.053297 0.6410 0.6480 0.6510 0.6520 0.6530
7.077000 0.6540 0.6550 0.6550 0.6550 0.6540
7.100297 0.6510 0.6470 0.6360 0.6250 0.6020
7.124000 0.5920 0.5720 0.5380 0.5020 0.4490
7.147297 0.3190 0.2780 0.2670 0.2310 0.1960
7.170000 0.1960 0.2090 0.2170 0.2420 0.2600
7.193297 0.2760 0.2930 0.3110 0.3300 0.3530
7.217000 0.3770 0.3890 0.4000 0.4090 0.4140
7.240297 0.4150 0.4170 0.4140 0.4100 0.2540
7.263000 0.2540 0.2690 0.3660 0.3930 0.4210
7.286297 0.4650 0.5020 0.5300 0.5530 0.5710
7.310000 0.5840 0.5930 0.6020 0.6090 0.6170
7.333297 0.6260 0.6340 0.6410 0.6470 0.6540
7.357000 0.6610 0.6670 0.6740 0.6800 0.6850
7.380297 0.6890 0.6950 0.6970 0.6990 0.7010
7.403000 0.7010 0.6960 0.6870 0.6810 0.6760
7.426297 0.6700 0.6680 0.6660 0.6650 0.6630
7.450000 0.6620 0.6630 0.6650 0.6660 0.6720
7.473297 0.6800 0.6840 0.6950 0.7010 0.7060
7.496000 0.7180 0.7270 0.7340 0.7390 0.7420
7.519297 0.7470 0.7520 0.7560 0.7600 0.7630
7.543000 0.7680 0.7700 0.7740 0.7770 0.7800
7.566297 0.7840 0.7890 0.7920 0.7960 0.7970
7.589000 0.7990 0.8010 0.8040 0.8060 0.8070
7.612297 0.8070 0.8080 0.8090 0.8090 0.8110
7.636000 0.8120 0.8120 0.8130 0.8130 0.8140
7.659297 0.8140 0.8150 0.8160 0.8160 0.8180
7.683000 0.8190 0.8190 0.8190 0.8200 0.8210
7.706297 0.8220 0.8230 0.8250 0.8270 0.8280
7.729000 0.8290 0.8300 0.8310 0.8310 0.8330
7.752297 0.8330 0.8340 0.8350 0.8360 0.8370
7.776000 0.8370 0.8380 0.8380 0.8400 0.8400
7.799297 0.8400 0.8400 0.8400 0.8410 0.8410
7.822000 0.8410 0.8410 0.8400 0.8400 0.8400
7.845297 0.8380 0.8380 0.8380 0.8370 0.8370
7.869000 0.8360 0.8360 0.8350 0.8350 0.8340
7.892297 0.8340 0.8340 0.8330 0.8330 0.8330
7.915000 0.8330 0.8340 0.8340 0.8350 0.8360
7.938297 0.8370 0.8380 0.8400 0.8410 0.8420
7.962000 0.8430 0.8450 0.8470 0.8500 0.8500
7.985297 0.8510 0.8520 0.8530 0.8530 0.8530
8.009000 0.8520 0.8480 0.8470 0.8450 0.8430
8.032297 0.8420 0.8380 0.8360 0.8350 0.8330
8.055000 0.8300 0.8300 0.8290 0.8290 0.8280
8.078297 0.8280 0.8280 0.8290 0.8300 0.8310
8.102000 0.8330 0.8340 0.8360 0.8380 0.8400
8.125297 0.8400 0.8410 0.8420 0.8420 0.8420
8.148000 0.8410 0.8410 0.8400 0.8400 0.8370
8.171297 0.8350 0.8310 0.8280 0.8250 0.8210
8.195000 0.8180 0.8150 0.8090 0.8060 0.8010
8.218297 0.7960 0.7850 0.7690 0.7430 0.7180
8.241000 0.7140 0.7110 0.7120 0.7170 0.7230
8.264297 0.7270 0.7330 0.7350 0.7470 0.7490
8.288000 0.7540 0.7570 0.7640 0.7720 0.7760
8.311297 0.7780 0.7770 0.7720 0.7710 0.7680
8.335000 0.7620 0.7570 0.7540 0.7490 0.7460
8.358297 0.7420 0.7380 0.7360 0.7340 0.7320
8.381000 0.7320 0.7340 0.7400 0.7460 0.7490
8.404297 0.7540 0.7570 0.7610 0.7650 0.7690
8.428000 0.7740 0.7780 0.7800 0.7840 0.7860
8.451297 0.7890 0.7900 0.7910 0.7930 0.7940
8.474000 0.7940 0.7960 0.7960 0.7960 0.7920
8.497297 0.7900 0.7800 0.7580 0.7270 0.7060
8.521000 0.6650 0.6500 0.6400 0.6330 0.6320
8.544297 0.6330 0.6380 0.6550 0.6750 0.6910
8.568000 0.6980 0.7050 0.7170 0.7280 0.7380
8.591297 0.7470 0.7570 0.7680 0.7790 0.7890
8.614000 0.7960 0.7980 0.8010 0.8070 0.8110
8.637297 0.8140 0.8180 0.8210 0.8250 0.8260
8.661000 0.8270 0.8290 0.8310 0.8330 0.8340
8.684297 0.8360 0.8370 0.8400 0.8410 0.8410
8.707000 0.8420 0.8420 0.8420 0.8420 0.8420
8.730297 0.8420 0.8420 0.8420 0.8420 0.8420
8.754000 0.8420 0.8420 0.8420 0.8420 0.8410
8.777297 0.8410 0.8400 0.8380 0.8350 0.8310
8.800000 0.8270 0.8210 0.8130 0.8010 0.7850
8.823297 0.7640 0.7360 0.7020 0.6830 0.6660
8.847000 0.6460 0.6250 0.6020 0.5990 0.5950
8.870297 0.5950 0.6000 0.6160 0.6310 0.6440
8.894000 0.6550 0.6670 0.6770 0.6870 0.6950
8.917297 0.6990 0.7030 0.7110 0.7180 0.7250
8.940000 0.7330 0.7400 0.7470 0.7540 0.7620
8.963297 0.7710 0.7790 0.7840 0.7890 0.7920
8.987000 0.7920 0.7960 0.8000 0.8030 0.8060
9.010297 0.8080 0.8120 0.8140 0.8180 0.8200
9.033000 0.8230 0.8250 0.8260 0.8280 0.8290
9.056297 0.8300 0.8310 0.8330 0.8330 0.8330
9.080000 0.8330 0.8330 0.8330 0.8310 0.8300
9.103297 0.8300 0.8300 0.8280 0.8280 0.8270
9.126000 0.8260 0.8260 0.8250 0.8210 0.8150
9.149297 0.8120 0.8050 0.8030 0.7990 0.7970
9.173000 0.7930 0.7910 0.7890 0.7840 0.7830
9.196297 0.7820 0.7800 0.7740 0.7710 0.7690
9.220000 0.7680 0.7680 0.7670 0.7650 0.7650
9.243297 0.7650 0.7650 0.7670 0.7670 0.7680
9.266000 0.7680 0.7690 0.7710 0.7720 0.7740
9.289297 0.7750 0.7760 0.7780 0.7800 0.7820
9.313000 0.7840 0.7860 0.7870 0.7890 0.7900
9.336297 0.7910 0.7920 0.7930 0.7940 0.7940
9.359000 0.7960 0.7960 0.7970 0.7980 0.7980
9.382297 0.7990 0.7990 0.8000 0.8000 0.8000
9.406000 0.8000 0.8000 0.8000 0.8000 0.8010
9.429297 0.8030 0.8030 0.8030 0.8040 0.8040
9.453000 0.8040 0.8040 0.8040 0.8040 0.8040
9.476297 0.8030 0.8030 0.8010 0.8010 0.8010
9.499000 0.8010 0.8000 0.8000 0.7990 0.7990
9.522297 0.7990 0.7990 0.7990 0.8000 0.8000
9.546000 0.8010 0.8010 0.8010 0.8010 0.8010
9.569297 0.8000 0.8000 0.8000 0.8000 0.8000
9.592000 0.8000 0.7990 0.7980 0.7980 0.7970
9.615297 0.7960 0.7940 0.7930 0.7890 0.7860
9.639000 0.7800 0.7760 0.7710 0.7670 0.7630
9.662297 0.7580 0.7560 0.7530 0.7490 0.7470
9.685000 0.7450 0.7400 0.7390 0.7360 0.7340
9.708297 0.7320 0.7300 0.7280 0.7260 0.7250
9.732000 0.7210 0.7200 0.7180 0.7170 0.7160
9.755297 0.7140 0.7140 0.7140 0.7160 0.7170
9.779000 0.7180 0.7190 0.7210 0.7250 0.7270
9.802297 0.7280 0.7310 0.7320 0.7340 0.7360
9.825000 0.7390 0.7420 0.7470 0.7520 0.7550
9.848297 0.7600 0.7640 0.7680 0.7710 0.7750
9.872000 0.7790 0.7820 0.7850 0.7870 0.7910
9.895297 0.7940 0.7970 0.7980 0.7980 0.7990
9.918000 0.7990 0.7990 0.8000 0.8000 0.8000
9.941297 0.8010 0.8030 0.8030 0.8030 0.8030
9.965000 0.8030 0.8010 0.8010 0.8010 0.8010
9.988297 0.8010 0.8010 0.8010 0.8010 0.8000
10.011000 0.8000 0.7990 0.7990 0.7990 0.7980
10.034297 0.7970 0.7960 0.7960 0.7940 0.7940
10.058000 0.7930 0.7930 0.7920 0.7910 0.7910
10.081297 0.7900 0.7870 0.7860 0.7860 0.7850
10.105000 0.7840 0.7830 0.7800 0.7790 0.7780
10.128297 0.7760 0.7750 0.7740 0.7720 0.7710
10.151000 0.7700 0.7690 0.7690 0.7680 0.7650
10.174297 0.7650 0.7640 0.7630 0.7630 0.7620
10.198000 0.7610 0.7610 0.7600 0.7580 0.7570
10.221297 0.7560 0.7550 0.7530 0.7500 0.7490
10.244000 0.7470 0.7450 0.7420 0.7400 0.7380
10.267297 0.7350 0.7340 0.7320 0.7320 0.7310
10.291000 0.7310 0.7320 0.7330 0.7350 0.7360
10.314297 0.7390 0.7410 0.7420 0.7450 0.7460
10.338000 0.7480 0.7490 0.7500 0.7520 0.7530
10.361297 0.7550 0.7560 0.7580 0.7580 0.7600
10.384000 0.7610 0.7610 0.7610 0.7620 0.7620
10.407297 0.7620 0.7620 0.7620 0.7620 0.7620
10.431000 0.7620 0.7620 0.7610 0.7610 0.7610
10.454297 0.7610 0.7600 0.7600 0.7600 0.7600
10.477000 0.7600 0.7600 0.7600 0.7610 0.7620
10.500297 0.7630 0.7640 0.7650 0.7670 0.7680
10.524000 0.7690 0.7700 0.7720 0.7740 0.7760
10.547297 0.7770 0.7790 0.7820 0.7860 0.7860
10.570000 0.7870 0.7900 0.7910 0.7920 0.7930
10.593297 0.7940 0.7970 0.7970 0.7980 0.7990
10.617000 0.7990 0.8000 0.8010 0.8010 0.8030
10.640297 0.8040 0.8050 0.8050 0.8060 0.8070
10.664000 0.8080 0.8090 0.8110 0.8130 0.8140
10.687297 0.8150 0.8160 0.8160 0.8190 0.8200
10.710000 0.8220 0.8230 0.8250 0.8270 0.8290
10.733297 0.8310 0.8340 0.8360 0.8380 0.8400
10.757000 0.8400 0.8410 0.8410 0.8420 0.8420
10.780297 0.8420 0.8420 0.8420 0.8420 0.8410
10.803000 0.8410 0.8400 0.8380 0.8360 0.8350
10.826297 0.8330 0.8280 0.8220 0.8130 0.8000
10.850000 0.7980 0.7940 0.7920 0.7900 0.7860
10.873297 0.7840 0.7830 0.7830 0.7830 0.7840
10.896000 0.7850 0.7870 0.7920 0.7980 0.8030
10.919297 0.8060 0.8090 0.8140 0.8160 0.8200
10.943000 0.8230 0.8260 0.8290 0.8310 0.8340
10.966297 0.8370 0.8400 0.8430 0.8450 0.8490
10.990000 0.8510 0.8530 0.8560 0.8590 0.8590
11.013297 0.8600 0.8630 0.8630 0.8650 0.8660
11.036000 0.8660 0.8670 0.8690 0.8700 0.8710
11.059297 0.8720 0.8720 0.8730 0.8740 0.8760
11.083000 0.8770 0.8770 0.8780 0.8770 0.8780
11.106297 0.8780 0.8780 0.8790 0.8780 0.8790
11.129000 0.8800 0.8800 0.8800 0.8800 0.8800
11.152297 0.8800 0.8790 0.8790 0.8790 0.8790
11.176000 0.8780 0.8770 0.8770 0.8760 0.8740
11.199297 0.8720 0.8710 0.8690 0.8670 0.8640
11.223000 0.8600 0.8530 0.8450 0.8340 0.8270
11.246297 0.8210 0.8190 0.8160 0.8130 0.8110
11.269000 0.8080 0.8060 0.8050 0.8050 0.8050
11.292297 0.8060 0.8080 0.8120 0.8130 0.8140
11.316000 0.8160 0.8180 0.8210 0.8250 0.8290
11.339297 0.8340 0.8360 0.8380 0.8420 0.8430
11.362000 0.8450 0.8470 0.8470 0.8480 0.8480
11.385297 0.8490 0.8490 0.8490 0.8490 0.8480
11.409000 0.8480 0.8480 0.8470 0.8470 0.8450
11.432297 0.8440 0.8440 0.8430 0.8420 0.8410
11.455000 0.8400 0.8380 0.8370 0.8360 0.8350
11.478297 0.8340 0.8330 0.8310 0.8300 0.8300
11.502000 0.8290 0.8280 0.8270 0.8260 0.8250
11.525297 0.8230 0.8220 0.8210 0.8200 0.8200
11.549000 0.8210 0.8210 0.8220 0.8220 0.8250
11.572297 0.8260 0.8280 0.8290 0.8330 0.8340
11.595000 0.8360 0.8360 0.8370 0.8380 0.8400
11.618297 0.8400 0.8400 0.8410 0.8410 0.8380
11.642000 0.8380 0.8370 0.8350 0.8340 0.8330
11.665297 0.8300 0.8270 0.8250 0.8210 0.8190
11.688000 0.8160 0.8150 0.8130 0.8120 0.8090
11.711297 0.8090 0.8080 0.8070 0.8070 0.8070
11.735000 0.8070 0.8080 0.8090 0.8090 0.8110
11.758297 0.8120 0.8120 0.8130 0.8130 0.8130
11.781000 0.8120 0.8120 0.8110 0.8090 0.8080
11.804297 0.8070 0.8060 0.8060 0.8050 0.8040
11.828000 0.8010 0.7990 0.7970 0.7960 0.7940
11.851297 0.7930 0.7920 0.7910 0.7900 0.7860
11.875000 0.7860 0.7850 0.7840 0.7830 0.7820
11.898297 0.7790 0.7780 0.7770 0.7760 0.7750
11.921000 0.7740 0.7720 0.7720 0.7710 0.7700
11.944297 0.7690 0.7680 0.7650 0.7640 0.7630
11.968000 0.7620 0.7610 0.7600 0.7570 0.7560
11.991297 0.7540 0.7520 0.7480 0.7420 0.7330
12.014000 0.7200 0.7100 0.7010 0.6870 0.6800
12.037297 0.6740 0.6680 0.6620 0.6570 0.6510
12.061000 0.6430 0.6340 0.6250 0.6140 0.6010
12.084297 0.5850 0.5810 0.5770 0.5720 0.5660
12.107000 0.5610 0.5560 0.5510 0.5460 0.5430
12.130297 0.5390 0.5350 0.5340 0.5330 0.5330
12.154000 0.5310 0.5310 0.5310 0.5310 0.5310
12.177297 0.5300 0.5300 0.5300 0.5300 0.5300
12.201000 0.5290 0.5290 0.5290 0.5280 0.5280
12.224297 0.5280 0.5270 0.5260 0.5240 0.5230
12.247000 0.5220 0.5210 0.5210 0.5200 0.5190
12.270297 0.5190 0.5190 0.5190 0.5200 0.5210
12.294000 0.5240 0.5280 0.5310 0.5360 0.5390
12.317297 0.5440 0.5490 0.5530 0.5580 0.5630
12.340000 0.5670 0.5730 0.5790 0.5850 0.5890
12.363297 0.5950 0.6010 0.6080 0.6140 0.6190
12.387000 0.6250 0.6320 0.6380 0.6440 0.6510
12.410297 0.6570 0.6620 0.6690 0.6750 0.6810
12.434000 0.6870 0.6920 0.6970 0.6990 0.7020
12.457297 0.7060 0.7110 0.7160 0.7200 0.7240
12.480000 0.7280 0.7330 0.7380 0.7410 0.7460
12.503297 0.7490 0.7540 0.7570 0.7610 0.7640
12.527000 0.7690 0.7720 0.7760 0.7790 0.7820
12.550297 0.7850 0.7890 0.7910 0.7940 0.7970
12.573000 0.7980 0.7990 0.7990 0.8000 0.8000
12.596297 0.8000 0.8000 0.8010 0.8010 0.8010
12.620000 0.8000 0.7990 0.7990 0.7980 0.7970
12.643297 0.7940 0.7940 0.7920 0.7910 0.7890
12.666000 0.7850 0.7830 0.7780 0.7740 0.7670
12.689297 0.7580 0.7540 0.7500 0.7480 0.7470
12.713000 0.7450 0.7410 0.7380 0.7340 0.7330
12.736297 0.7320 0.7300 0.7300 0.7300 0.7310
12.760000 0.7320 0.7340 0.7360 0.7410 0.7450
12.783297 0.7490 0.7540 0.7570 0.7600 0.7620
12.806000 0.7620 0.7610 0.7610 0.7600 0.7560
12.829297 0.7530 0.7480 0.7430 0.7400 0.7360
12.853000 0.7330 0.7280 0.7260 0.7230 0.7190
12.876297 0.7160 0.7130 0.7100 0.7070 0.7040
12.899000 0.7020 0.6960 0.6920 0.6900 0.6870
12.922297 0.6840 0.6820 0.6810 0.6770 0.6760
12.946000 0.6750 0.6740 0.6740 0.6750 0.6760
12.969297 0.6810 0.6870 0.6910 0.6960 0.6980
12.992000 0.7010 0.7060 0.7160 0.7260 0.7280
13.015297 0.7300 0.7330 0.7390 0.7430 0.7480
13.039000 0.7530 0.7570 0.7580 0.7610 0.7680
13.062297 0.7720 0.7780 0.7830 0.7870 0.7910
13.086000 0.7960 0.7990 0.8030 0.8060 0.8090
13.109297 0.8130 0.8180 0.8210 0.8250 0.8290
13.132000 0.8340 0.8380 0.8430 0.8480 0.8500
13.155297 0.8530 0.8570 0.8590 0.8630 0.8650
13.179000 0.8670 0.8700 0.8720 0.8740 0.8770
13.202297 0.8780 0.8800 0.8820 0.8840 0.8850
13.225000 0.8870 0.8880 0.8890 0.8910 0.8930
13.248297 0.8940 0.8950 0.8960 0.8980 0.8990
13.272000 0.9000 0.9000 0.9010 0.9020 0.9020
13.295297 0.9030 0.9040 0.9040 0.9060 0.9070
13.319000 0.9080 0.9100 0.9100 0.9100 0.9110
13.342297 0.9110 0.9110 0.9110 0.9110 0.9110
13.365000 0.9130 0.9130 0.9130 0.9130 0.9130
13.388297 0.9130 0.9130 0.9130 0.9130 0.9110
13.412000 0.9110 0.9100 0.9100 0.9090 0.9090
13.435297 0.9090 0.9080 0.9070 0.9060 0.9040
13.458000 0.9040 0.9030 0.9020 0.9010 0.9000
13.481297 0.8990 0.8980 0.8960 0.8950 0.8940
13.505000 0.8920 0.8890 0.8870 0.8850 0.8820
13.528297 0.8790 0.8760 0.8710 0.8660 0.8650
13.551000 0.8630 0.8600 0.8570 0.8530 0.8500
13.574297 0.8470 0.8430 0.8400 0.8350 0.8330
13.598000 0.8290 0.8270 0.8250 0.8220 0.8190
13.621297 0.8180 0.8180 0.8160 0.8160 0.8160
13.645000 0.8180 0.8190 0.8190 0.8210 0.8210
13.668297 0.8230 0.8250 0.8260 0.8270 0.8290
13.691000 0.8300 0.8330 0.8340 0.8360 0.8380
13.714297 0.8400 0.8420 0.8440 0.8470 0.8490
13.738000 0.8510 0.8520 0.8550 0.8570 0.8590
13.761297 0.8620 0.8630 0.8650 0.8670 0.8690
13.784000 0.8710 0.8720 0.8730 0.8760 0.8780
13.807297 0.8800 0.8820 0.8840 0.8860 0.8870
13.831000 0.8890 0.8920 0.8930 0.8950 0.8960
13.854297 0.8980 0.9000 0.9010 0.9020 0.9040
13.877000 0.9060 0.9070 0.9090 0.9100 0.9110
13.900297 0.9130 0.9140 0.9160 0.9170 0.9180
13.924000 0.9200 0.9210 0.9220 0.9230 0.9240
13.947297 0.9260 0.9280 0.9290 0.9300 0.9310
13.971000 0.9320 0.9330 0.9350 0.9360 0.9370
13.994297 0.9380 0.9390 0.9400 0.9420 0.9430
14.017000 0.9440 0.9450 0.9450 0.9450 0.9460
14.040297 0.9460 0.9470 0.9470 0.9470 0.9490
14.064000 0.9490 0.9490 0.9500 0.9500 0.9510
14.087297 0.9520 0.9520 0.9530 0.9530 0.9550
14.110000 0.9570 0.9580 0.9580 0.9590 0.9590
14.133297 0.9590 0.9600 0.9600 0.9610 0.9610
14.157000 0.9610 0.9620 0.9620 0.9620 0.9620
14.180297 0.9620 0.9620 0.9620 0.9640 0.9640
14.204000 0.9640 0.9650 0.9660 0.9660 0.9660
14.227297 0.9660 0.9660 0.9660 0.9670 0.9670
14.250000 0.9670 0.9680 0.9680 0.9680 0.9690
14.273297 0.9690 0.9690 0.9690 0.9690 0.9690
14.297000 0.9710 0.9710 0.9710 0.9710 0.9710
14.320297 0.9720 0.9720 0.9720 0.9720 0.9720
14.343000 0.9730 0.9730 0.9730 0.9730 0.9730
14.366297 0.9730 0.9740 0.9750 0.9750 0.9750
14.390000 0.9750 0.9750 0.9750 0.9760 0.9760
14.413297 0.9760 0.9760 0.9760 0.9770 0.9770
14.436000 0.9770 0.9770 0.9790 0.9790 0.9790
14.459297 0.9790 0.9790 0.9800 0.9800 0.9800
14.483000 0.9800 0.9800 0.9800 0.9800 0.9800
14.506297 0.9800 0.9800 0.9800 0.9800 0.9810
14.530000 0.9810 0.9810 0.9810 0.9810 0.9810
14.553297 0.9810 0.9810 0.9810 0.9810 0.9810
14.576000 0.9820 0.9820 0.9820 0.9820 0.9820
14.599297 0.9820 0.9820 0.9820 0.9820 0.9820
14.623000 0.9820 0.9820 0.9820 0.9820 0.9820
14.646297 0.9820 0.9820 0.9820 0.9820 0.9830
14.669000 0.9830 0.9830 0.9840 0.9840 0.9840
14.692297 0.9860 0.9860 0.9860 0.9860 0.9860
14.716000 0.9860 0.9860 0.9860 0.9860 0.9860
14.739297 0.9860 0.9860 0.9860 0.9860 0.9860
14.762000 0.9840 0.9840 0.9840 0.9830 0.9830
14.785297 0.9830 0.9820 0.9820 0.9820 0.9810
14.809000 0.9810 0.9810 0.9810 0.9810 0.9810
14.832297 0.9810 0.9810 0.9810 0.9800 0.9800
14.856000 0.9790 0.9790 0.9790 0.9790 0.9790
14.879297 0.9790 0.9770 0.9760 0.9760 0.9760
14.902000 0.9760 0.9760 0.9750 0.9750 0.9740
14.925297 0.9740 0.9730 0.9730 0.9720 0.9720
14.949000 0.9710 0.9710 0.9710 0.9690 0.9680
14.972297 0.9680 0.9670 0.9670 0.9660 0.9660
14.995000 0.9650 0.9640 0.9640 0.9620 0.9640
15.018297 0.9620
##END=
