##TITLE=2,6-DIMETHYL 3-OCTENE
##JCAMP-DX=4.24
##DATA TYPE=INFRARED SPECTRUM
##CLASS=COBLENTZ
##ORIGIN=INTERNATIONAL FLAVORS & FRAGRANCES, INC.
##OWNER=COBLENTZ SOCIETY
Collection (C) 2018 copyright by the U.S. Secretary of Commerce
on behalf of the United States of America. All rights reserved.
##DATE=Not specified, most likely prior to 1970
##NAMES=(3E)-2,6-dimethyl-3-octene
##CAS REGISTRY NO=6874-28-8
##MOLFORM=C10 H20
##SOURCE REFERENCE=COBLENTZ NO. 4943
##$NIST SOURCE=COBLENTZ
##$NIST IMAGE=cob4943
##SPECTROMETER/DATA SYSTEM=Not specified, most likely a prism, grating, or hybrid spectrometer.
##SAMPLING PROCEDURE=TRANSMISSION
##RESOLUTION=4
##DATA PROCESSING=DIGITIZED BY NIST FROM HARD COPY
##XUNITS=MICROMETERS
##YUNITS=TRANSMITTANCE
##XFACTOR=1.000000
##YFACTOR=1
##DELTAX=000.004662
##FIRSTX=2.016
##LASTX=15.005
##FIRSTY=0.928
##MAXX=15.005
##MINX=2.016
##MAXY=1.005
##MINY=0.11
##NPOINTS=2787
##XYDATA=(X++(Y..Y))
2.016000 0.9280 0.9280 0.9260 0.9260 0.9260
2.039318 0.9260 0.9260 0.9260 0.9260 0.9250
2.063000 0.9250 0.9250 0.9250 0.9260 0.9260
2.086318 0.9260 0.9260 0.9280 0.9280 0.9280
2.110000 0.9280 0.9280 0.9280 0.9280 0.9260
2.133318 0.9260 0.9260 0.9260 0.9250 0.9250
2.156000 0.9250 0.9240 0.9240 0.9240 0.9240
2.179318 0.9240 0.9240 0.9230 0.9230 0.9230
2.203000 0.9230 0.9230 0.9220 0.9210 0.9210
2.226318 0.9200 0.9180 0.9160 0.9150 0.9100
2.249000 0.9080 0.9000 0.8950 0.8910 0.8820
2.272318 0.8770 0.8730 0.8670 0.8620 0.8570
2.296000 0.8530 0.8510 0.8490 0.8490 0.8480
2.319318 0.8470 0.8470 0.8470 0.8480 0.8490
2.343000 0.8510 0.8550 0.8580 0.8600 0.8630
2.366318 0.8650 0.8670 0.8690 0.8700 0.8720
2.389000 0.8720 0.8730 0.8730 0.8730 0.8730
2.412318 0.8730 0.8730 0.8740 0.8740 0.8760
2.436000 0.8760 0.8770 0.8780 0.8790 0.8800
2.459318 0.8810 0.8820 0.8840 0.8850 0.8870
2.483000 0.8880 0.8910 0.8920 0.8930 0.8950
2.506318 0.8960 0.8980 0.8990 0.9000 0.9020
2.529000 0.9030 0.9030 0.9040 0.9040 0.9060
2.552318 0.9060 0.9060 0.9060 0.9070 0.9070
2.576000 0.9080 0.9080 0.9090 0.9100 0.9100
2.599318 0.9110 0.9110 0.9130 0.9140 0.9140
2.622000 0.9150 0.9160 0.9170 0.9180 0.9180
2.645318 0.9200 0.9200 0.9210 0.9210 0.9210
2.669000 0.9220 0.9220 0.9230 0.9230 0.9240
2.692318 0.9240 0.9250 0.9250 0.9260 0.9260
2.716000 0.9260 0.9280 0.9280 0.9290 0.9290
2.739318 0.9300 0.9300 0.9310 0.9310 0.9320
2.762000 0.9320 0.9330 0.9330 0.9330 0.9330
2.785318 0.9350 0.9350 0.9360 0.9360 0.9360
2.809000 0.9360 0.9360 0.9370 0.9370 0.9360
2.832318 0.9360 0.9360 0.9360 0.9350 0.9350
2.855000 0.9350 0.9350 0.9330 0.9330 0.9330
2.878318 0.9330 0.9320 0.9320 0.9320 0.9320
2.902000 0.9310 0.9310 0.9310 0.9300 0.9300
2.925318 0.9290 0.9290 0.9280 0.9280 0.9280
2.949000 0.9260 0.9260 0.9250 0.9250 0.9240
2.972318 0.9240 0.9230 0.9230 0.9230 0.9220
2.995000 0.9220 0.9210 0.9210 0.9200 0.9180
3.018318 0.9180 0.9170 0.9170 0.9160 0.9150
3.042000 0.9140 0.9130 0.9100 0.9090 0.9080
3.065318 0.9060 0.9040 0.9030 0.9010 0.8990
3.089000 0.8980 0.8950 0.8920 0.8890 0.8860
3.112318 0.8820 0.8800 0.8770 0.8720 0.8690
3.135000 0.8670 0.8660 0.8650 0.8650 0.8650
3.158318 0.8650 0.8650 0.8650 0.8650 0.8650
3.182000 0.8640 0.8640 0.8630 0.8600 0.8580
3.205318 0.8560 0.8520 0.8480 0.8420 0.8350
3.228000 0.8270 0.8190 0.8130 0.8000 0.7910
3.251318 0.7800 0.7740 0.7580 0.7430 0.7210
3.275000 0.7010 0.6760 0.6370 0.6100 0.6030
3.298318 0.5900 0.5630 0.5410 0.5190 0.5050
3.322000 0.4620 0.3870 0.3510 0.3440 0.3400
3.345318 0.3300 0.2470 0.1980 0.1480 0.1390
3.368000 0.1290 0.1210 0.1190 0.1170 0.1150
3.391318 0.1140 0.1130 0.1120 0.1110 0.1110
3.415000 0.1110 0.1100 0.1100 0.1100 0.1100
3.438318 0.1100 0.1100 0.1100 0.1110 0.1120
3.462000 0.1140 0.1180 0.1210 0.1230 0.1300
3.485318 0.1580 0.1780 0.1990 0.2420 0.2510
3.508000 0.2900 0.2970 0.3260 0.4340 0.5740
3.531318 0.5890 0.6060 0.6230 0.6410 0.6610
3.555000 0.6800 0.6980 0.7140 0.7310 0.7430
3.578318 0.7550 0.7620 0.7740 0.7910 0.7960
3.601000 0.7990 0.8080 0.8140 0.8180 0.8190
3.624318 0.8200 0.8210 0.8220 0.8220 0.8220
3.648000 0.8230 0.8230 0.8230 0.8230 0.8230
3.671318 0.8230 0.8230 0.8250 0.8260 0.8280
3.695000 0.8330 0.8380 0.8430 0.8480 0.8520
3.718318 0.8550 0.8570 0.8590 0.8600 0.8620
3.741000 0.8630 0.8640 0.8650 0.8660 0.8660
3.764318 0.8670 0.8690 0.8690 0.8700 0.8710
3.788000 0.8720 0.8720 0.8730 0.8740 0.8760
3.811318 0.8770 0.8770 0.8780 0.8780 0.8790
3.834000 0.8790 0.8790 0.8800 0.8800 0.8800
3.857318 0.8800 0.8810 0.8810 0.8810 0.8820
3.881000 0.8850 0.8860 0.8880 0.8910 0.8930
3.904318 0.8950 0.8980 0.9000 0.9020 0.9030
3.928000 0.9060 0.9080 0.9100 0.9140 0.9150
3.951318 0.9160 0.9170 0.9200 0.9200 0.9220
3.974000 0.9220 0.9230 0.9230 0.9240 0.9240
3.997318 0.9250 0.9250 0.9260 0.9260 0.9260
4.021000 0.9280 0.9280 0.9290 0.9300 0.9300
4.044318 0.9300 0.9300 0.9310 0.9310 0.9320
4.068000 0.9320 0.9330 0.9350 0.9350 0.9350
4.091318 0.9350 0.9350 0.9360 0.9360 0.9360
4.114000 0.9360 0.9360 0.9360 0.9360 0.9360
4.137318 0.9360 0.9360 0.9360 0.9360 0.9360
4.161000 0.9360 0.9360 0.9360 0.9360 0.9350
4.184318 0.9350 0.9350 0.9350 0.9350 0.9330
4.207000 0.9330 0.9330 0.9330 0.9330 0.9330
4.230318 0.9330 0.9350 0.9350 0.9350 0.9350
4.254000 0.9360 0.9360 0.9360 0.9360 0.9370
4.277318 0.9370 0.9370 0.9380 0.9380 0.9380
4.301000 0.9390 0.9390 0.9390 0.9400 0.9400
4.324318 0.9400 0.9400 0.9420 0.9420 0.9430
4.347000 0.9420 0.9420 0.9430 0.9430 0.9430
4.370318 0.9430 0.9440 0.9440 0.9450 0.9440
4.394000 0.9440 0.9450 0.9460 0.9460 0.9470
4.417318 0.9470 0.9490 0.9490 0.9500 0.9500
4.441000 0.9500 0.9510 0.9510 0.9510 0.9510
4.464318 0.9520 0.9520 0.9520 0.9530 0.9530
4.487000 0.9530 0.9540 0.9540 0.9540 0.9540
4.510318 0.9550 0.9550 0.9550 0.9550 0.9550
4.534000 0.9570 0.9570 0.9570 0.9570 0.9580
4.557318 0.9580 0.9580 0.9580 0.9580 0.9590
4.580000 0.9590 0.9590 0.9590 0.9590 0.9600
4.603318 0.9600 0.9600 0.9600 0.9600 0.9600
4.627000 0.9600 0.9610 0.9610 0.9610 0.9610
4.650318 0.9610 0.9610 0.9610 0.9610 0.9610
4.674000 0.9610 0.9610 0.9610 0.9600 0.9610
4.697318 0.9610 0.9610 0.9610 0.9610 0.9620
4.720000 0.9620 0.9620 0.9620 0.9620 0.9640
4.743318 0.9640 0.9620 0.9620 0.9620 0.9620
4.767000 0.9620 0.9620 0.9620 0.9620 0.9620
4.790318 0.9620 0.9620 0.9620 0.9620 0.9620
4.814000 0.9620 0.9620 0.9620 0.9620 0.9620
4.837318 0.9640 0.9640 0.9640 0.9640 0.9640
4.860000 0.9640 0.9640 0.9640 0.9640 0.9640
4.883318 0.9640 0.9640 0.9640 0.9640 0.9640
4.907000 0.9640 0.9640 0.9640 0.9640 0.9640
4.930318 0.9640 0.9640 0.9640 0.9640 0.9640
4.953000 0.9650 0.9650 0.9650 0.9650 0.9650
4.976318 0.9650 0.9650 0.9650 0.9650 0.9650
5.000000 0.9650 0.9650 0.9660 0.9660 0.9660
5.023318 0.9650 0.9650 0.9650 0.9650 0.9650
5.047000 0.9650 0.9650 0.9650 0.9650 0.9650
5.070318 0.9650 0.9650 0.9650 0.9650 0.9650
5.093000 0.9650 0.9650 0.9650 0.9650 0.9650
5.116318 0.9650 0.9650 0.9650 0.9650 0.9650
5.140000 0.9650 0.9650 0.9660 0.9660 0.9660
5.163318 0.9660 0.9660 0.9660 0.9650 0.9650
5.186000 0.9650 0.9650 0.9650 0.9640 0.9640
5.209318 0.9640 0.9640 0.9640 0.9640 0.9640
5.233000 0.9640 0.9640 0.9640 0.9640 0.9640
5.256318 0.9640 0.9640 0.9650 0.9650 0.9650
5.280000 0.9650 0.9640 0.9640 0.9640 0.9640
5.303318 0.9640 0.9640 0.9620 0.9620 0.9620
5.326000 0.9610 0.9610 0.9610 0.9610 0.9600
5.349318 0.9600 0.9600 0.9590 0.9590 0.9590
5.373000 0.9590 0.9590 0.9590 0.9590 0.9580
5.396318 0.9580 0.9570 0.9550 0.9550 0.9540
5.420000 0.9540 0.9540 0.9530 0.9530 0.9530
5.443318 0.9530 0.9520 0.9520 0.9520 0.9510
5.466000 0.9510 0.9500 0.9500 0.9500 0.9490
5.489318 0.9470 0.9470 0.9460 0.9450 0.9450
5.513000 0.9450 0.9440 0.9440 0.9440 0.9440
5.536318 0.9440 0.9440 0.9430 0.9430 0.9430
5.559000 0.9430 0.9420 0.9420 0.9420 0.9420
5.582318 0.9420 0.9420 0.9420 0.9420 0.9400
5.606000 0.9400 0.9400 0.9400 0.9390 0.9400
5.629318 0.9400 0.9390 0.9390 0.9390 0.9390
5.653000 0.9390 0.9390 0.9380 0.9380 0.9380
5.676318 0.9370 0.9370 0.9370 0.9370 0.9360
5.699000 0.9360 0.9350 0.9350 0.9350 0.9350
5.722318 0.9330 0.9330 0.9330 0.9330 0.9330
5.746000 0.9320 0.9320 0.9320 0.9330 0.9330
5.769318 0.9350 0.9350 0.9360 0.9360 0.9350
5.793000 0.9350 0.9350 0.9330 0.9330 0.9330
5.816318 0.9320 0.9320 0.9320 0.9320 0.9320
5.839000 0.9330 0.9330 0.9350 0.9350 0.9360
5.862318 0.9360 0.9360 0.9370 0.9370 0.9360
5.886000 0.9360 0.9360 0.9350 0.9350 0.9350
5.909318 0.9330 0.9330 0.9330 0.9320 0.9320
5.932000 0.9310 0.9310 0.9310 0.9300 0.9300
5.955318 0.9300 0.9300 0.9310 0.9310 0.9310
5.979000 0.9310 0.9310 0.9300 0.9300 0.9300
6.002318 0.9290 0.9290 0.9280 0.9260 0.9240
6.026000 0.9230 0.9220 0.9220 0.9210 0.9210
6.049318 0.9210 0.9210 0.9200 0.9200 0.9210
6.072000 0.9210 0.9210 0.9220 0.9220 0.9220
6.095318 0.9220 0.9230 0.9230 0.9230 0.9230
6.119000 0.9240 0.9240 0.9250 0.9250 0.9260
6.142318 0.9260 0.9280 0.9280 0.9290 0.9290
6.166000 0.9300 0.9300 0.9300 0.9310 0.9310
6.189318 0.9310 0.9320 0.9320 0.9320 0.9330
6.212000 0.9330 0.9330 0.9330 0.9350 0.9350
6.235318 0.9360 0.9360 0.9360 0.9360 0.9360
6.259000 0.9360 0.9360 0.9360 0.9360 0.9360
6.282318 0.9360 0.9360 0.9360 0.9360 0.9360
6.305000 0.9360 0.9360 0.9360 0.9360 0.9360
6.328318 0.9350 0.9350 0.9350 0.9350 0.9350
6.352000 0.9330 0.9330 0.9330 0.9330 0.9330
6.375318 0.9320 0.9320 0.9310 0.9310 0.9300
6.399000 0.9290 0.9290 0.9280 0.9280 0.9260
6.422318 0.9260 0.9250 0.9250 0.9240 0.9240
6.445000 0.9230 0.9230 0.9220 0.9220 0.9210
6.468318 0.9210 0.9210 0.9200 0.9180 0.9170
6.492000 0.9160 0.9150 0.9140 0.9130 0.9110
6.515318 0.9090 0.9080 0.9070 0.9060 0.9040
6.538000 0.9030 0.9020 0.9010 0.9000 0.8980
6.561318 0.8950 0.8930 0.8920 0.8890 0.8880
6.585000 0.8870 0.8860 0.8840 0.8820 0.8800
6.608318 0.8790 0.8780 0.8770 0.8760 0.8740
6.632000 0.8710 0.8670 0.8650 0.8620 0.8490
6.655318 0.8470 0.8440 0.8380 0.8340 0.8280
6.678000 0.8190 0.8080 0.7980 0.7940 0.7920
6.701318 0.7790 0.7690 0.7570 0.7340 0.6990
6.725000 0.6540 0.6170 0.6030 0.5960 0.5580
6.748318 0.5200 0.5050 0.5010 0.4940 0.3900
6.772000 0.3530 0.2880 0.2720 0.2540 0.2370
6.795318 0.2170 0.1940 0.1790 0.1730 0.1690
6.818000 0.1660 0.1640 0.1640 0.1630 0.1630
6.841318 0.1630 0.1640 0.1660 0.1710 0.1790
6.865000 0.1880 0.2010 0.2060 0.2130 0.2190
6.888318 0.2470 0.2600 0.3180 0.3320 0.3530
6.911000 0.3820 0.4530 0.4540 0.4550 0.4620
6.934318 0.4730 0.4820 0.4980 0.5040 0.5380
6.958000 0.5840 0.5900 0.6010 0.6080 0.6160
6.981318 0.6250 0.6340 0.6450 0.6550 0.6650
7.005000 0.6750 0.6830 0.6910 0.6970 0.7030
7.028318 0.7090 0.7140 0.7200 0.7270 0.7310
7.051000 0.7350 0.7390 0.7450 0.7490 0.7530
7.074318 0.7560 0.7580 0.7600 0.7620 0.7630
7.098000 0.7640 0.7650 0.7650 0.7670 0.7680
7.121318 0.7680 0.7680 0.7670 0.7670 0.7640
7.145000 0.7620 0.7600 0.7570 0.7530 0.7270
7.168318 0.7070 0.6830 0.6570 0.6280 0.5610
7.191000 0.4940 0.4240 0.3690 0.3550 0.3480
7.214318 0.3460 0.3440 0.3460 0.3480 0.3530
7.238000 0.3610 0.3690 0.3770 0.3960 0.4070
7.261318 0.4260 0.4470 0.4570 0.4690 0.4710
7.284000 0.4700 0.4600 0.4140 0.4140 0.4200
7.307318 0.4250 0.4280 0.4380 0.4470 0.4560
7.331000 0.5010 0.5150 0.5340 0.5740 0.5940
7.354318 0.6030 0.6100 0.6260 0.6310 0.6370
7.378000 0.6550 0.6630 0.6700 0.6770 0.6830
7.401318 0.6870 0.6940 0.6990 0.7040 0.7090
7.424000 0.7110 0.7120 0.7130 0.7130 0.7130
7.447318 0.7120 0.7120 0.7060 0.7060 0.7100
7.471000 0.7120 0.7170 0.7200 0.7280 0.7330
7.494318 0.7380 0.7410 0.7450 0.7480 0.7520
7.517000 0.7540 0.7560 0.7600 0.7610 0.7620
7.540318 0.7630 0.7640 0.7650 0.7650 0.7670
7.564000 0.7670 0.7670 0.7650 0.7650 0.7640
7.587318 0.7640 0.7640 0.7640 0.7650 0.7650
7.611000 0.7630 0.7620 0.7600 0.7570 0.7540
7.634318 0.7520 0.7500 0.7490 0.7480 0.7480
7.657000 0.7490 0.7490 0.7520 0.7540 0.7570
7.680318 0.7610 0.7650 0.7680 0.7710 0.7760
7.704000 0.7790 0.7840 0.7930 0.7960 0.7970
7.727318 0.7980 0.8040 0.8060 0.8080 0.8120
7.751000 0.8140 0.8160 0.8190 0.8220 0.8250
7.774318 0.8260 0.8280 0.8290 0.8290 0.8300
7.797000 0.8300 0.8300 0.8300 0.8300 0.8310
7.820318 0.8310 0.8330 0.8330 0.8340 0.8340
7.844000 0.8350 0.8350 0.8360 0.8360 0.8370
7.867318 0.8380 0.8400 0.8410 0.8410 0.8420
7.890000 0.8420 0.8420 0.8430 0.8430 0.8440
7.913318 0.8440 0.8450 0.8470 0.8470 0.8480
7.937000 0.8490 0.8500 0.8510 0.8510 0.8520
7.960318 0.8530 0.8550 0.8560 0.8580 0.8600
7.984000 0.8600 0.8630 0.8650 0.8700 0.8740
8.007318 0.8780 0.8790 0.8790 0.8800 0.8820
8.030000 0.8840 0.8860 0.8870 0.8890 0.8910
8.053318 0.8930 0.8940 0.8950 0.8960 0.8980
8.077000 0.8990 0.8990 0.9000 0.9000 0.9010
8.100318 0.9010 0.9020 0.9030 0.9040 0.9040
8.124000 0.9060 0.9060 0.9070 0.9070 0.9070
8.147318 0.9070 0.9070 0.9060 0.9060 0.9040
8.170000 0.9030 0.9020 0.9010 0.8990 0.8980
8.193318 0.8950 0.8940 0.8910 0.8880 0.8860
8.217000 0.8840 0.8810 0.8780 0.8760 0.8730
8.240318 0.8730 0.8720 0.8720 0.8720 0.8720
8.263000 0.8730 0.8740 0.8760 0.8780 0.8800
8.286318 0.8820 0.8850 0.8870 0.8890 0.8920
8.310000 0.8940 0.8960 0.8990 0.9000 0.9010
8.333318 0.9020 0.9030 0.9040 0.9060 0.9070
8.357000 0.9090 0.9100 0.9110 0.9110 0.9130
8.380318 0.9130 0.9130 0.9130 0.9130 0.9130
8.403000 0.9130 0.9130 0.9130 0.9110 0.9100
8.426318 0.9090 0.9080 0.9070 0.9060 0.9030
8.450000 0.9010 0.9000 0.8960 0.8920 0.8860
8.473318 0.8790 0.8700 0.8640 0.8500 0.8330
8.497000 0.8230 0.8140 0.8110 0.8070 0.8050
8.520318 0.8050 0.8040 0.8040 0.8030 0.8030
8.543000 0.8040 0.8040 0.8050 0.8060 0.8070
8.566318 0.8070 0.8080 0.8090 0.8090 0.8080
8.590000 0.8080 0.8070 0.8060 0.8040 0.8030
8.613318 0.8000 0.7970 0.7970 0.7940 0.7930
8.636000 0.7910 0.7860 0.7840 0.7840 0.7830
8.659318 0.7830 0.7830 0.7820 0.7820 0.7820
8.683000 0.7820 0.7830 0.7840 0.7860 0.7890
8.706318 0.7920 0.7940 0.7940 0.7960 0.7970
8.730000 0.7980 0.8040 0.8090 0.8140 0.8160
8.753318 0.8190 0.8210 0.8250 0.8260 0.8280
8.776000 0.8330 0.8340 0.8370 0.8430 0.8470
8.799318 0.8510 0.8550 0.8580 0.8600 0.8620
8.823000 0.8640 0.8660 0.8660 0.8660 0.8660
8.846318 0.8660 0.8660 0.8660 0.8660 0.8660
8.869000 0.8650 0.8650 0.8640 0.8630 0.8620
8.892318 0.8600 0.8580 0.8560 0.8530 0.8510
8.916000 0.8480 0.8440 0.8420 0.8400 0.8370
8.939318 0.8330 0.8270 0.8210 0.8150 0.8090
8.963000 0.8050 0.8000 0.7960 0.7920 0.7900
8.986318 0.7870 0.7830 0.7780 0.7720 0.7630
9.009000 0.7610 0.7570 0.7560 0.7540 0.7500
9.032318 0.7480 0.7460 0.7430 0.7410 0.7390
9.056000 0.7360 0.7340 0.7330 0.7330 0.7320
9.079318 0.7320 0.7330 0.7340 0.7360 0.7390
9.103000 0.7420 0.7470 0.7540 0.7640 0.7740
9.126318 0.7780 0.7910 0.7940 0.7980 0.8120
9.149000 0.8180 0.8220 0.8300 0.8350 0.8400
9.172318 0.8440 0.8480 0.8500 0.8520 0.8530
9.196000 0.8550 0.8560 0.8570 0.8590 0.8600
9.219318 0.8620 0.8630 0.8640 0.8650 0.8670
9.242000 0.8690 0.8700 0.8710 0.8730 0.8760
9.265318 0.8770 0.8780 0.8790 0.8800 0.8840
9.289000 0.8850 0.8860 0.8870 0.8880 0.8890
9.312318 0.8890 0.8910 0.8910 0.8910 0.8920
9.336000 0.8930 0.8930 0.8940 0.8940 0.8940
9.359318 0.8950 0.8950 0.8950 0.8950 0.8950
9.382000 0.8950 0.8950 0.8950 0.8950 0.8950
9.405318 0.8940 0.8940 0.8940 0.8940 0.8930
9.429000 0.8920 0.8910 0.8890 0.8870 0.8850
9.452318 0.8840 0.8800 0.8780 0.8740 0.8720
9.476000 0.8690 0.8640 0.8590 0.8550 0.8500
9.499318 0.8450 0.8400 0.8340 0.8260 0.8180
9.522000 0.8110 0.8060 0.7990 0.7970 0.7940
9.545318 0.7930 0.7910 0.7850 0.7820 0.7790
9.569000 0.7770 0.7750 0.7740 0.7740 0.7720
9.592318 0.7710 0.7710 0.7710 0.7720 0.7740
9.615000 0.7740 0.7770 0.7840 0.7870 0.7870
9.638318 0.7910 0.7930 0.7930 0.7960 0.7970
9.662000 0.7980 0.8000 0.8010 0.8040 0.8060
9.685318 0.8070 0.8090 0.8110 0.8130 0.8150
9.709000 0.8160 0.8180 0.8190 0.8190 0.8190
9.732318 0.8180 0.8150 0.8130 0.8090 0.8060
9.755000 0.8030 0.7980 0.7960 0.7930 0.7920
9.778318 0.7850 0.7840 0.7830 0.7820 0.7800
9.802000 0.7800 0.7790 0.7780 0.7780 0.7780
9.825318 0.7770 0.7770 0.7770 0.7770 0.7770
9.848000 0.7770 0.7770 0.7770 0.7780 0.7790
9.871318 0.7820 0.7830 0.7840 0.7860 0.7890
9.895000 0.7920 0.7930 0.7930 0.7940 0.7940
9.918318 0.7940 0.7940 0.7930 0.7920 0.7910
9.942000 0.7900 0.7870 0.7850 0.7830 0.7800
9.965318 0.7770 0.7740 0.7700 0.7680 0.7630
9.988000 0.7550 0.7420 0.7230 0.6920 0.6880
10.011318 0.6830 0.6740 0.6700 0.6660 0.6630
10.035000 0.6620 0.6610 0.6610 0.6630 0.6650
10.058318 0.6680 0.6720 0.6740 0.6770 0.6790
10.082000 0.6810 0.6820 0.6820 0.6820 0.6820
10.105318 0.6810 0.6810 0.6800 0.6770 0.6740
10.128000 0.6730 0.6700 0.6680 0.6630 0.6590
10.151318 0.6520 0.6380 0.6330 0.6190 0.6000
10.175000 0.5740 0.5600 0.5460 0.5200 0.4940
10.198318 0.4720 0.4570 0.4250 0.3900 0.3800
10.221000 0.3670 0.3540 0.3390 0.2530 0.2490
10.244318 0.2350 0.2210 0.2080 0.1950 0.1860
10.268000 0.1760 0.1640 0.1590 0.1550 0.1440
10.291318 0.1410 0.1360 0.1320 0.1280 0.1260
10.315000 0.1230 0.1210 0.1190 0.1190 0.1180
10.338318 0.1170 0.1170 0.1180 0.1180 0.1200
10.361000 0.1200 0.1210 0.1230 0.1270 0.1330
10.384318 0.1400 0.1440 0.1560 0.1630 0.2530
10.408000 0.2650 0.2790 0.2830 0.2960 0.3290
10.431318 0.3670 0.3820 0.3990 0.4140 0.4250
10.455000 0.4360 0.4460 0.4550 0.4620 0.4710
10.478318 0.4780 0.4940 0.5040 0.5080 0.5200
10.501000 0.5270 0.5340 0.5390 0.5430 0.5490
10.524318 0.5610 0.5650 0.5730 0.5810 0.5920
10.548000 0.6000 0.6100 0.6190 0.6290 0.6340
10.571318 0.6450 0.6510 0.6590 0.6690 0.6810
10.594000 0.6890 0.6970 0.7030 0.7100 0.7140
10.617318 0.7210 0.7300 0.7360 0.7450 0.7500
10.641000 0.7580 0.7640 0.7690 0.7720 0.7770
10.664318 0.7820 0.7900 0.7920 0.7980 0.8120
10.688000 0.8190 0.8220 0.8260 0.8290 0.8300
10.711318 0.8330 0.8350 0.8370 0.8380 0.8410
10.734000 0.8420 0.8430 0.8440 0.8440 0.8440
10.757318 0.8440 0.8440 0.8440 0.8430 0.8430
10.781000 0.8410 0.8400 0.8370 0.8350 0.8330
10.804318 0.8300 0.8280 0.8260 0.8230 0.8200
10.828000 0.8130 0.8070 0.7980 0.7940 0.7920
10.851318 0.7850 0.7820 0.7780 0.7750 0.7710
10.874000 0.7670 0.7630 0.7600 0.7570 0.7540
10.897318 0.7480 0.7460 0.7420 0.7390 0.7390
10.921000 0.7380 0.7360 0.7360 0.7380 0.7390
10.944318 0.7390 0.7410 0.7450 0.7470 0.7500
10.967000 0.7560 0.7640 0.7720 0.7820 0.7900
10.990318 0.7980 0.8120 0.8200 0.8280 0.8350
11.014000 0.8420 0.8480 0.8490 0.8530 0.8620
11.037318 0.8640 0.8670 0.8700 0.8720 0.8740
11.061000 0.8770 0.8780 0.8790 0.8810 0.8840
11.084318 0.8850 0.8860 0.8870 0.8890 0.8910
11.107000 0.8920 0.8940 0.8950 0.8950 0.8950
11.130318 0.8960 0.8960 0.8980 0.8980 0.8990
11.154000 0.8990 0.9000 0.9000 0.9010 0.9010
11.177318 0.9010 0.9010 0.9020 0.9020 0.9020
11.200000 0.9020 0.9020 0.9020 0.9030 0.9030
11.223318 0.9030 0.9030 0.9030 0.9030 0.9040
11.247000 0.9040 0.9040 0.9040 0.9040 0.9040
11.270318 0.9040 0.9060 0.9060 0.9070 0.9070
11.294000 0.9070 0.9070 0.9070 0.9080 0.9080
11.317318 0.9080 0.9080 0.9090 0.9090 0.9100
11.340000 0.9100 0.9100 0.9100 0.9110 0.9130
11.363318 0.9130 0.9150 0.9160 0.9170 0.9200
11.387000 0.9210 0.9220 0.9220 0.9230 0.9240
11.410318 0.9240 0.9250 0.9260 0.9260 0.9280
11.434000 0.9280 0.9280 0.9290 0.9290 0.9300
11.457318 0.9300 0.9310 0.9320 0.9330 0.9350
11.480000 0.9360 0.9370 0.9380 0.9390 0.9400
11.503318 0.9420 0.9420 0.9430 0.9440 0.9440
11.527000 0.9450 0.9450 0.9450 0.9460 0.9470
11.550318 0.9490 0.9490 0.9500 0.9510 0.9510
11.573000 0.9520 0.9520 0.9530 0.9530 0.9540
11.596318 0.9540 0.9550 0.9570 0.9580 0.9590
11.620000 0.9590 0.9590 0.9600 0.9600 0.9600
11.643318 0.9600 0.9600 0.9600 0.9600 0.9600
11.667000 0.9600 0.9600 0.9600 0.9600 0.9600
11.690318 0.9600 0.9610 0.9610 0.9620 0.9620
11.713000 0.9620 0.9610 0.9610 0.9610 0.9610
11.736318 0.9610 0.9610 0.9600 0.9600 0.9590
11.760000 0.9590 0.9580 0.9570 0.9570 0.9550
11.783318 0.9550 0.9540 0.9530 0.9520 0.9520
11.807000 0.9510 0.9500 0.9500 0.9490 0.9470
11.830318 0.9460 0.9450 0.9440 0.9420 0.9400
11.853000 0.9380 0.9360 0.9350 0.9320 0.9310
11.876318 0.9280 0.9250 0.9220 0.9200 0.9180
11.900000 0.9170 0.9160 0.9160 0.9150 0.9140
11.923318 0.9140 0.9130 0.9130 0.9130 0.9110
11.946000 0.9110 0.9100 0.9100 0.9090 0.9090
11.969318 0.9090 0.9090 0.9090 0.9090 0.9100
11.993000 0.9100 0.9110 0.9110 0.9130 0.9130
12.016318 0.9140 0.9150 0.9150 0.9160 0.9170
12.040000 0.9180 0.9200 0.9210 0.9220 0.9220
12.063318 0.9220 0.9230 0.9230 0.9230 0.9230
12.086000 0.9240 0.9240 0.9250 0.9250 0.9250
12.109318 0.9260 0.9260 0.9280 0.9280 0.9280
12.133000 0.9280 0.9280 0.9280 0.9280 0.9280
12.156318 0.9280 0.9280 0.9280 0.9280 0.9290
12.179000 0.9290 0.9290 0.9290 0.9300 0.9300
12.202318 0.9310 0.9310 0.9320 0.9320 0.9330
12.226000 0.9330 0.9350 0.9350 0.9350 0.9350
12.249318 0.9350 0.9350 0.9330 0.9330 0.9330
12.273000 0.9350 0.9350 0.9350 0.9360 0.9360
12.296318 0.9360 0.9370 0.9370 0.9380 0.9380
12.319000 0.9380 0.9380 0.9380 0.9380 0.9380
12.342318 0.9370 0.9370 0.9370 0.9370 0.9370
12.366000 0.9370 0.9370 0.9370 0.9370 0.9370
12.389318 0.9370 0.9370 0.9370 0.9370 0.9370
12.413000 0.9370 0.9370 0.9370 0.9370 0.9370
12.436318 0.9370 0.9360 0.9360 0.9360 0.9360
12.459000 0.9350 0.9330 0.9330 0.9330 0.9320
12.482318 0.9320 0.9320 0.9320 0.9320 0.9310
12.506000 0.9310 0.9310 0.9310 0.9300 0.9300
12.529318 0.9300 0.9300 0.9300 0.9310 0.9320
12.552000 0.9320 0.9330 0.9330 0.9320 0.9320
12.575318 0.9310 0.9310 0.9310 0.9300 0.9300
12.599000 0.9290 0.9280 0.9280 0.9290 0.9300
12.622318 0.9300 0.9300 0.9310 0.9320 0.9320
12.646000 0.9320 0.9320 0.9330 0.9350 0.9350
12.669318 0.9330 0.9330 0.9330 0.9330 0.9320
12.692000 0.9320 0.9320 0.9310 0.9310 0.9310
12.715318 0.9300 0.9300 0.9300 0.9290 0.9290
12.739000 0.9280 0.9280 0.9280 0.9260 0.9260
12.762318 0.9260 0.9250 0.9250 0.9240 0.9240
12.786000 0.9230 0.9220 0.9210 0.9200 0.9180
12.809318 0.9170 0.9160 0.9150 0.9130 0.9110
12.832000 0.9100 0.9090 0.9080 0.9070 0.9070
12.855318 0.9060 0.9040 0.9030 0.9030 0.9020
12.879000 0.9010 0.8990 0.8980 0.8960 0.8950
12.902318 0.8940 0.8930 0.8920 0.8920 0.8910
12.925000 0.8880 0.8870 0.8860 0.8850 0.8820
12.948318 0.8820 0.8810 0.8800 0.8790 0.8790
12.972000 0.8780 0.8780 0.8770 0.8770 0.8770
12.995318 0.8770 0.8780 0.8780 0.8790 0.8800
13.019000 0.8810 0.8820 0.8840 0.8850 0.8860
13.042318 0.8870 0.8880 0.8890 0.8910 0.8910
13.065000 0.8930 0.8940 0.8950 0.8960 0.8960
13.088318 0.8960 0.8980 0.8980 0.8990 0.8990
13.112000 0.8990 0.8990 0.8990 0.8990 0.8990
13.135318 0.8990 0.8990 0.8990 0.8990 0.9000
13.159000 0.9000 0.9010 0.9010 0.9010 0.9020
13.182318 0.9030 0.9030 0.9030 0.9040 0.9060
13.205000 0.9070 0.9080 0.9090 0.9100 0.9100
13.228318 0.9110 0.9110 0.9130 0.9140 0.9150
13.252000 0.9160 0.9170 0.9180 0.9200 0.9210
13.275318 0.9210 0.9220 0.9230 0.9240 0.9240
13.298000 0.9250 0.9260 0.9280 0.9290 0.9310
13.321318 0.9320 0.9330 0.9350 0.9360 0.9370
13.345000 0.9380 0.9390 0.9420 0.9430 0.9440
13.368318 0.9450 0.9460 0.9470 0.9470 0.9490
13.392000 0.9500 0.9510 0.9520 0.9530 0.9540
13.415318 0.9550 0.9550 0.9570 0.9580 0.9590
13.438000 0.9590 0.9600 0.9600 0.9600 0.9600
13.461318 0.9600 0.9610 0.9610 0.9610 0.9610
13.485000 0.9620 0.9620 0.9640 0.9640 0.9640
13.508318 0.9650 0.9650 0.9650 0.9640 0.9640
13.531000 0.9640 0.9640 0.9620 0.9620 0.9610
13.554318 0.9610 0.9610 0.9600 0.9600 0.9600
13.578000 0.9590 0.9590 0.9580 0.9580 0.9580
13.601318 0.9570 0.9570 0.9550 0.9550 0.9540
13.625000 0.9540 0.9540 0.9530 0.9530 0.9520
13.648318 0.9510 0.9510 0.9500 0.9500 0.9490
13.671000 0.9490 0.9490 0.9470 0.9470 0.9470
13.694318 0.9470 0.9470 0.9470 0.9470 0.9490
13.718000 0.9490 0.9500 0.9500 0.9510 0.9510
13.741318 0.9520 0.9520 0.9530 0.9540 0.9550
13.765000 0.9550 0.9570 0.9580 0.9590 0.9590
13.788318 0.9600 0.9600 0.9610 0.9620 0.9620
13.811000 0.9640 0.9650 0.9660 0.9660 0.9670
13.834318 0.9680 0.9680 0.9690 0.9690 0.9710
13.858000 0.9720 0.9730 0.9740 0.9750 0.9760
13.881318 0.9760 0.9770 0.9790 0.9790 0.9800
13.904000 0.9800 0.9810 0.9820 0.9820 0.9830
13.927318 0.9830 0.9840 0.9860 0.9870 0.9870
13.951000 0.9870 0.9880 0.9880 0.9880 0.9890
13.974318 0.9890 0.9910 0.9910 0.9930 0.9930
13.998000 0.9930 0.9940 0.9940 0.9940 0.9950
14.021318 0.9950 0.9950 0.9960 0.9960 0.9960
14.044000 0.9960 0.9960 0.9960 0.9960 0.9970
14.067318 0.9970 0.9980 0.9980 0.9980 0.9980
14.091000 0.9980 0.9980 0.9980 1.0000 1.0010
14.114318 1.0010 1.0020 1.0020 1.0030 1.0040
14.138000 1.0040 1.0050 1.0050 1.0040 1.0040
14.161318 1.0040 1.0040 1.0030 1.0030 1.0030
14.184000 1.0030 1.0020 1.0020 1.0020 1.0020
14.207318 1.0020 1.0010 1.0010 1.0010 1.0010
14.231000 1.0000 1.0000 1.0000 1.0000 1.0000
14.254318 1.0000 1.0000 1.0000 1.0000 0.9980
14.277000 0.9980 0.9980 0.9970 0.9970 0.9970
14.300318 0.9960 0.9960 0.9950 0.9950 0.9940
14.324000 0.9940 0.9930 0.9910 0.9910 0.9900
14.347318 0.9880 0.9870 0.9870 0.9860 0.9860
14.371000 0.9840 0.9840 0.9840 0.9830 0.9830
14.394318 0.9820 0.9820 0.9820 0.9820 0.9810
14.417000 0.9810 0.9800 0.9800 0.9790 0.9790
14.440318 0.9770 0.9760 0.9750 0.9740 0.9740
14.464000 0.9730 0.9720 0.9710 0.9710 0.9690
14.487318 0.9690 0.9680 0.9670 0.9670 0.9660
14.510000 0.9650 0.9640 0.9620 0.9610 0.9610
14.533318 0.9600 0.9590 0.9580 0.9570 0.9570
14.557000 0.9550 0.9540 0.9530 0.9520 0.9500
14.580318 0.9500 0.9470 0.9460 0.9450 0.9440
14.604000 0.9420 0.9400 0.9380 0.9360 0.9350
14.627318 0.9320 0.9310 0.9290 0.9280 0.9250
14.650000 0.9220 0.9180 0.9130 0.9110 0.9100
14.673318 0.9100 0.9090 0.9080 0.9070 0.9060
14.697000 0.9040 0.9030 0.9030 0.9020 0.9010
14.720318 0.9000 0.9000 0.8990 0.8980 0.8960
14.744000 0.8950 0.8940 0.8920 0.8910 0.8880
14.767318 0.8850 0.8840 0.8820 0.8810 0.8800
14.790000 0.8800 0.8790 0.8780 0.8770 0.8770
14.813318 0.8760 0.8760 0.8740 0.8740 0.8740
14.837000 0.8730 0.8730 0.8720 0.8720 0.8710
14.860318 0.8710 0.8700 0.8700 0.8700 0.8690
14.883000 0.8690 0.8690 0.8690 0.8690 0.8670
14.906318 0.8670 0.8670 0.8650 0.8650 0.8640
14.930000 0.8630 0.8620 0.8620 0.8600 0.8590
14.953318 0.8580 0.8570 0.8570 0.8570 0.8560
14.977000 0.8550 0.8550 0.8530 0.8530 0.8510
15.000318 0.8500 0.8510
##END=
