##TITLE=2,2,-Dimethyl-3-hexene
##JCAMP-DX=4.24
##DATA TYPE=INFRARED SPECTRUM
##ORIGIN=NIST Mass Spectrometry Data Center
##OWNER=NIST Standard Reference Data Program
Collection (C) 2018 copyright by the U.S. Secretary of Commerce
on behalf of the United States of America. All rights reserved.
##CAS REGISTRY NO=690-93-7
##MOLFORM=C 8 H 16
##$NIST SOURCE=MSDC-IR
##SPECTROMETER/DATA SYSTEM=HP-GC/MS/IRD
##STATE=gas
##XUNITS=1/CM
##YUNITS=ABSORBANCE
##XFACTOR=1.0
##YFACTOR=0.000004900
##DELTAX=4.0
##FIRSTX=550.0
##LASTX=3846.0
##FIRSTY=0.000225
##MAXX=3846
##MINX=550
##MAXY=0.049
##MINY=0
##NPOINTS=825
##XYDATA=(X++(Y..Y))
550.0 46 60 56 47 59 53 37 44 30 20
590.0 23 32 29 20 34 34 15 10 10 17
630.0 19 14 30 24 0 2 11 32 43 37
670.0 29 29 29 25 21 16 23 25 19 28
710.0 36 29 17 31 34 22 27 32 33 39
750.0 46 38 35 37 37 47 50 49 54 50
790.0 45 50 55 44 48 49 39 41 57 41
830.0 23 30 49 59 41 47 53 56 66 71
870.0 76 81 92 113 144 171 214 271 324 376
910.0 417 431 424 432 420 397 391 401 433 488
950.0 579 686 812 941 1033 1072 1042 941 800 645
990.0 504 401 326 275 250 248 257 275 285 284
1030.0 269 244 203 164 146 133 122 109 106 113
1070.0 119 118 114 102 97 98 93 86 85 85
1110.0 81 77 74 72 64 63 62 58 59 66
1150.0 70 71 77 85 101 120 139 169 205 237
1190.0 271 303 314 303 278 248 216 185 171 175
1230.0 195 224 257 283 310 332 354 364 361 353
1270.0 325 289 248 207 181 175 179 187 205 229
1310.0 253 275 297 321 338 348 354 369 388 434
1350.0 521 647 779 899 974 971 890 765 637 532
1390.0 457 399 355 318 273 240 224 223 238 260
1430.0 286 324 379 448 533 632 732 828 906 968
1470.0 1006 995 926 821 690 536 389 285 216 165
1510.0 131 108 94 80 69 61 52 40 35 38
1550.0 40 37 34 31 27 28 30 27 27 29
1590.0 31 28 25 23 24 26 24 27 27 25
1630.0 23 22 22 22 26 26 29 33 29 27
1670.0 24 20 19 22 21 20 22 23 24 29
1710.0 28 24 28 30 30 34 35 36 41 49
1750.0 50 47 44 43 46 49 54 60 65 73
1790.0 74 70 66 64 59 50 44 38 35 32
1830.0 28 23 23 20 16 18 21 21 17 14
1870.0 11 9 10 12 8 7 10 11 9 11
1910.0 9 3 6 10 10 11 9 9 14 11
1950.0 8 13 13 9 5 5 7 5 7 10
1990.0 6 6 9 8 5 5 9 10 9 8
2030.0 6 7 10 10 7 7 6 6 5 4
2070.0 3 3 4 5 4 2 4 7 3 1
2110.0 5 10 13 15 13 10 9 11 12 9
2150.0 7 9 7 3 5 4 5 7 6 2
2190.0 1 4 8 9 8 4 3 6 8 6
2230.0 5 7 8 14 13 8 5 5 10 12
2270.0 13 14 13 11 16 13 9 11 9 6
2310.0 8 5 4 6 5 6 11 10 8 9
2350.0 10 10 11 12 12 11 10 13 16 14
2390.0 15 15 15 16 15 13 11 11 9 4
2430.0 3 4 8 8 4 2 0 4 5 2
2470.0 5 6 6 5 4 9 10 9 10 9
2510.0 9 9 9 15 20 20 21 18 18 20
2550.0 18 19 24 26 28 28 28 29 26 22
2590.0 25 30 30 26 25 28 34 31 23 25
2630.0 30 28 31 37 40 39 42 43 41 44
2670.0 45 46 52 58 56 58 66 72 70 74
2710.0 88 100 101 104 114 118 116 119 120 118
2750.0 119 118 114 120 124 122 128 134 143 157
2790.0 169 177 192 213 233 253 281 308 338 379
2830.0 428 487 564 672 812 999 1250 1540 1847 2145
2870.0 2408 2628 2774 2825 2824 2827 2847 2897 2986 3094
2910.0 3179 3240 3284 3338 3447 3649 3964 4375 4915 5667
2950.0 6623 7724 8876 9771 10000 9430 8171 6468 4734 3340
2990.0 2403 1831 1486 1275 1147 1071 1015 966 925 872
3030.0 802 719 628 534 455 392 336 298 276 254
3070.0 239 231 223 210 202 194 184 181 180 175
3110.0 161 153 148 145 145 141 137 130 122 116
3150.0 113 112 105 102 105 108 115 117 120 121
3190.0 112 105 107 102 104 98 91 96 91 93
3230.0 94 86 87 84 82 79 67 61 56 45
3270.0 40 36 36 43 37 36 40 40 44 50
3310.0 55 49 45 32 21 25 27 32 33 27
3350.0 19 17 22 25 22 17 15 16 17 17
3390.0 19 21 19 22 22 15 22 25 17 20
3430.0 18 13 12 17 22 14 16 18 16 18
3470.0 18 13 7 8 16 23 20 12 11 8
3510.0 0 0 4 8 9 6 10 11 4 4
3550.0 4 1 2 4 10 6 4 10 11 8
3590.0 8 11 7 0 0 3 13 15 16 9
3630.0 7 11 5 6 9 9 13 19 17 12
3670.0 6 13 13 9 13 7 5 10 14 18
3710.0 14 14 11 4 13 14 11 18 18 13
3750.0 12 15 15 18 13 11 23 26 23 22
3790.0 24 25 23 28 33 25 19 20 17 15
3830.0 24 20 14 26 25
##END=
