##TITLE=PYRROLIDINE, N-[2,6-DIOXO-4-PIPERIDINYL)ACETYL]-
##JCAMP-DX=4.24
##DATA TYPE=INFRARED SPECTRUM
##CLASS=COBLENTZ III
##ORIGIN=SOUTHERN RESEARCH INSTITUTE
##OWNER=COBLENTZ SOCIETY
Collection (C) 2018 copyright by the U.S. Secretary of Commerce
on behalf of the United States of America. All rights reserved.
##DATE=1960/08/10
##NAMES=4-[2-oxo-2-(1-pyrrolidinyl)ethyl]-2,6-piperidinedione
##CAS REGISTRY NO=6939-31-7
##MOLFORM=C11 H16 N2 O3
##SOURCE REFERENCE=COBLENTZ NO. 7367
##$NIST SOURCE=COBLENTZ
##$NIST IMAGE=cob7367
##SPECTROMETER/DATA SYSTEM=PERKIN-ELMER 221 (GRATING)
##INSTRUMENT PARAMETERS=FILTER AT 980 CM^-^1. GRATING 4000-1428 CM^-^1, NaCl PRISM 1428-650 CM^-^1
##STATE=SOLID (0.9 mg / 650 mg KBr DISC)
$$ PURITY - ANALYTICAL
$$SPECTRAL CONTAMINATION DUE TO H2O AROUND 3400 CM^-^1
##SAMPLING PROCEDURE=TRANSMISSION
##RESOLUTION=2
##DATA PROCESSING=DIGITIZED BY NIST FROM HARD COPY (FROM TWO SEGMENTS)
##XUNITS=1/CM
##YUNITS=TRANSMITTANCE
##XFACTOR=1.000000
##YFACTOR=1
##DELTAX=1.316872
##FIRSTX=549.642
##LASTX=3760.18
##FIRSTY=0.895
##MAXX=3760.18
##MINX=549.642
##MAXY=0.954475
##MINY=0.06
##NPOINTS=2439
##XYDATA=(X++(Y..Y))
549.642000 0.8950 0.8979 0.9018 0.9058 0.9097
556.226360 0.9118 0.9191 0.9269 0.9322 0.9330
562.810720 0.9363 0.9394 0.9439 0.9511 0.9545
569.395080 0.9536 0.9523 0.9459 0.8922 0.7975
575.979440 0.7559 0.7528 0.7532 0.7632 0.8054
582.563800 0.8468 0.8657 0.8799 0.8941 0.9075
589.148160 0.9162 0.9194 0.9200 0.9200 0.9200
595.732520 0.9197 0.9190 0.9190 0.9187 0.9180
602.316880 0.9175 0.9158 0.9150 0.9148 0.9140
608.901240 0.9140 0.9137 0.9120 0.9120 0.9119
615.485600 0.9109 0.9100 0.9099 0.9080 0.9080
622.069960 0.9070 0.9022 0.8964 0.8951 0.8914
628.654320 0.8875 0.8800 0.8688 0.8545 0.8341
635.238680 0.8093 0.7776 0.7488 0.7413 0.7417
641.823040 0.7622 0.7847 0.8003 0.8147 0.8301
648.407400 0.8488 0.8747 0.9110 0.9351 0.9405
654.991760 0.9410 0.9410 0.9405 0.9400 0.9396
661.576120 0.9382 0.9366 0.9348 0.9323 0.9300
668.160480 0.9273 0.9254 0.9237 0.9227 0.9215
674.744840 0.9198 0.9188 0.9174 0.9145 0.9118
681.329200 0.9106 0.9079 0.9067 0.9039 0.9029
687.913560 0.9019 0.9000 0.8990 0.8980 0.8980
694.497920 0.8961 0.8951 0.8922 0.8902 0.8864
701.082280 0.8834 0.8796 0.8748 0.8708 0.8676
707.666640 0.8639 0.8615 0.8588 0.8566 0.8532
714.251000 0.8506 0.8513 0.8546 0.8579 0.8627
720.835360 0.8656 0.8666 0.8670 0.8681 0.8690
727.419720 0.8675 0.8660 0.8655 0.8641 0.8626
734.004080 0.8616 0.8598 0.8573 0.8549 0.8527
740.588440 0.8514 0.8497 0.8482 0.8457 0.8443
747.172800 0.8418 0.8404 0.8376 0.8357 0.8338
753.757160 0.8329 0.8317 0.8290 0.8289 0.8278
760.341520 0.8249 0.8220 0.8200 0.8170 0.8160
766.925880 0.8132 0.8121 0.8111 0.8092 0.8081
773.510240 0.8055 0.8042 0.8016 0.7994 0.7959
780.094600 0.7920 0.7880 0.7834 0.7771 0.7702
786.678960 0.7627 0.7542 0.7447 0.7385 0.7275
793.263320 0.7198 0.7201 0.7253 0.7300 0.7360
799.847680 0.7429 0.7459 0.7479 0.7490 0.7482
806.432040 0.7470 0.7466 0.7456 0.7443 0.7427
813.016400 0.7411 0.7379 0.7340 0.7298 0.7244
819.600760 0.7178 0.7117 0.7050 0.6990 0.6921
826.185120 0.6853 0.6795 0.6744 0.6666 0.6585
832.769480 0.6479 0.6450 0.6430 0.6420 0.6401
839.353840 0.6400 0.6400 0.6391 0.6390 0.6390
845.938200 0.6382 0.6355 0.6134 0.5963 0.5816
852.522560 0.5676 0.5539 0.5486 0.5145 0.4910
859.106920 0.4798 0.4709 0.4655 0.4634 0.4630
865.691280 0.4636 0.4678 0.4767 0.4880 0.4993
872.275640 0.5106 0.5237 0.5389 0.5550 0.5701
878.860000 0.5791 0.5817 0.5837 0.5853 0.5863
885.444360 0.5881 0.6013 0.6354 0.6558 0.6746
892.028720 0.6986 0.7118 0.7219 0.7283 0.7384
898.613080 0.7502 0.7522 0.7541 0.7549 0.7520
905.197440 0.7520 0.7510 0.7423 0.7344 0.7155
911.781800 0.6985 0.6961 0.6969 0.7150 0.7373
918.366160 0.7484 0.7636 0.7802 0.7908 0.7974
924.950520 0.7997 0.8000 0.7993 0.7990 0.7944
931.534880 0.7895 0.7862 0.7820 0.7771 0.7722
938.119240 0.7640 0.7543 0.7495 0.7490 0.7495
944.703600 0.7536 0.7606 0.7751 0.7941 0.8020
951.287960 0.8077 0.8087 0.8077 0.8061 0.8032
957.872320 0.8007 0.8000 0.7998 0.7990 0.7992
964.456680 0.8005 0.8036 0.8073 0.8104 0.8219
971.041040 0.8302 0.8330 0.8330 0.8330 0.8330
977.625400 0.8320 0.8320 0.8301 0.8281 0.8253
984.209760 0.8241 0.8240 0.8223 0.8203 0.8126
990.794120 0.8046 0.7967 0.7873 0.7798 0.7722
997.378480 0.7622 0.7569 0.7573 0.7684 0.7936
1003.962840 0.8099 0.8166 0.8196 0.8194 0.8174
1010.547200 0.8160 0.8155 0.8140 0.8125 0.8116
1017.131560 0.8101 0.8090 0.8086 0.8076 0.8063
1023.715920 0.8043 0.8030 0.8024 0.7999 0.7960
1030.300280 0.7911 0.7812 0.7631 0.7407 0.7186
1036.884640 0.6978 0.6971 0.7007 0.7231 0.7442
1043.469000 0.7593 0.7808 0.8001 0.8030 0.8030
1050.053360 0.8011 0.8000 0.8000 0.7991 0.7972
1056.637720 0.7970 0.7970 0.7970 0.7970 0.7970
1063.222080 0.7970 0.7970 0.7970 0.7963 0.7960
1069.806440 0.7953 0.7923 0.7890 0.7861 0.7844
1076.390800 0.7828 0.7797 0.7769 0.7760 0.7755
1082.975160 0.7750 0.7745 0.7740 0.7740 0.7731
1089.559520 0.7720 0.7716 0.7706 0.7689 0.7643
1096.143880 0.7552 0.7458 0.7424 0.7388 0.7310
1102.728240 0.7243 0.7205 0.7129 0.7033 0.6962
1109.312600 0.6715 0.6489 0.6480 0.6481 0.6495
1115.896960 0.6565 0.6672 0.6730 0.6779 0.6809
1122.481320 0.6810 0.6810 0.6810 0.6801 0.6782
1129.065680 0.6754 0.6699 0.6682 0.6656 0.6085
1135.650040 0.5502 0.5057 0.4587 0.4436 0.4444
1142.234400 0.4660 0.4964 0.5268 0.5572 0.5882
1148.818760 0.6184 0.6675 0.6965 0.6965 0.6945
1155.403120 0.6896 0.6841 0.6793 0.6730 0.6673
1161.987480 0.6634 0.6561 0.6437 0.6319 0.6207
1168.571840 0.6115 0.6040 0.5985 0.5972 0.6003
1175.156200 0.6128 0.6325 0.6417 0.6553 0.6561
1181.740560 0.6501 0.6423 0.6272 0.6189 0.6179
1188.324920 0.6162 0.6230 0.6299 0.6435 0.6440
1194.909280 0.6431 0.6356 0.6197 0.6162 0.6177
1201.493640 0.6247 0.6392 0.6500 0.6653 0.6721
1208.078000 0.6745 0.6728 0.6699 0.6662 0.6623
1214.662360 0.6571 0.6512 0.6453 0.6376 0.6229
1221.246720 0.6014 0.5751 0.5461 0.5177 0.4932
1227.831080 0.4745 0.4637 0.4532 0.4422 0.4414
1234.415440 0.4497 0.4671 0.4801 0.4929 0.5085
1240.999800 0.5276 0.5504 0.5682 0.5674 0.5601
1247.584160 0.5478 0.5144 0.4492 0.4034 0.3715
1254.168520 0.3445 0.3297 0.3122 0.2687 0.2410
1260.752880 0.2390 0.2400 0.2605 0.2830 0.3037
1267.337240 0.3435 0.3659 0.3864 0.4319 0.4633
1273.921600 0.5011 0.5112 0.5120 0.5112 0.4839
1280.505960 0.4633 0.4326 0.3908 0.3622 0.3399
1287.090320 0.3031 0.2626 0.2280 0.2144 0.2140
1293.674680 0.2145 0.2240 0.2386 0.2514 0.2938
1300.259040 0.3381 0.3611 0.4063 0.4475 0.4634
1306.843400 0.4691 0.4835 0.4969 0.5036 0.5127
1313.427760 0.5358 0.5480 0.5549 0.5593 0.5658
1320.012120 0.5755 0.5894 0.6021 0.6030 0.6030
1326.596480 0.6030 0.6029 0.6020 0.6020 0.6019
1333.180840 0.5950 0.5901 0.5871 0.5748 0.5621
1339.765200 0.5547 0.5460 0.5198 0.4889 0.4674
1346.349560 0.4462 0.4230 0.4011 0.3780 0.3574
1352.933920 0.3449 0.3336 0.3252 0.3197 0.3174
1359.518280 0.3170 0.3176 0.3467 0.3834 0.4097
1366.102640 0.4342 0.4588 0.4869 0.5207 0.5405
1372.687000 0.5410 0.5393 0.5314 0.5043 0.4678
1379.271360 0.4519 0.4417 0.4416 0.4474 0.4638
1385.855720 0.4838 0.5015 0.5169 0.5339 0.5492
1392.440080 0.5667 0.5835 0.6016 0.6200 0.6282
1399.024440 0.6300 0.6299 0.6279 0.6260 0.6260
1405.608800 0.6221 0.6153 0.6084 0.6025 0.5984
1412.193160 0.5953 0.5933 0.5913 0.5720 0.5122
1418.777520 0.4399 0.3786 0.3635 0.3637 0.4194
1425.361880 0.4424 0.4416 0.4092 0.3917 0.3898
1431.946240 0.3902 0.3974 0.4100 0.4171 0.4175
1438.530600 0.3979 0.3696 0.3490 0.3334 0.3236
1445.114960 0.3096 0.2900 0.2703 0.2573 0.2560
1451.699320 0.2567 0.2695 0.3006 0.3241 0.3551
1458.283680 0.3689 0.3754 0.3776 0.3806 0.3852
1464.868040 0.3978 0.4095 0.4242 0.4594 0.4653
1471.452400 0.4851 0.5260 0.5582 0.5750 0.5789
1478.036760 0.5828 0.5858 0.5925 0.5975 0.6166
1484.621120 0.6692 0.6973 0.7183 0.7375 0.7529
1491.205480 0.7669 0.7791 0.7894 0.7978 0.8049
1497.789840 0.8104 0.8146 0.8186 0.8213 0.8232
1504.374200 0.8252 0.8271 0.8280 0.8285 0.8290
1510.958560 0.8295 0.8300 0.8300 0.8300 0.8300
1517.542920 0.8300 0.8300 0.8300 0.8300 0.8300
1524.127280 0.8300 0.8297 0.8287 0.8275 0.8258
1530.711640 0.8248 0.8240 0.8240 0.8235 0.8207
1537.296000 0.8186 0.8156 0.8119 0.8107 0.8068
1543.880360 0.8039 0.8010 0.8000 0.7990 0.7990
1550.464720 0.7990 0.7972 0.7961 0.7951 0.7915
1557.049080 0.7799 0.7680 0.7570 0.7486 0.7462
1563.633440 0.7430 0.7413 0.7381 0.7342 0.7303
1570.217800 0.7277 0.7192 0.7081 0.6973 0.6865
1576.802160 0.6780 0.6706 0.6654 0.6619 0.6565
1583.386520 0.6462 0.6385 0.6371 0.6339 0.6111
1589.970880 0.5789 0.5725 0.5672 0.5600 0.5535
1596.555240 0.5447 0.5334 0.5198 0.5042 0.4865
1603.139600 0.4622 0.4388 0.4163 0.3934 0.3715
1609.723960 0.3666 0.3544 0.3382 0.3274 0.3170
1616.308320 0.2893 0.2491 0.2030 0.1521 0.1059
1622.892680 0.0649 0.0602 0.0600 0.0617 0.0620
1629.477040 0.0637 0.0762 0.0901 0.1046 0.1186
1636.061400 0.1279 0.1539 0.1856 0.2156 0.2444
1642.645760 0.2715 0.2973 0.3344 0.3638 0.3817
1649.230120 0.3962 0.4074 0.4162 0.4220 0.4245
1655.814480 0.4269 0.4294 0.4300 0.4300 0.4300
1662.398840 0.4296 0.4262 0.4180 0.4072 0.3860
1668.983200 0.3556 0.3414 0.3314 0.3186 0.2992
1675.567560 0.2800 0.2589 0.2410 0.2216 0.2039
1682.151920 0.1854 0.1687 0.1521 0.1354 0.1178
1688.736280 0.1031 0.1010 0.1000 0.1000 0.1009
1695.320640 0.1037 0.1129 0.1227 0.1317 0.1405
1701.905000 0.1558 0.1606 0.1712 0.1832 0.1949
1708.489360 0.2067 0.2178 0.2292 0.2410 0.2495
1715.073720 0.2583 0.2669 0.2712 0.2720 0.2709
1721.658080 0.2678 0.2629 0.2565 0.2453 0.2268
1728.242440 0.2066 0.1956 0.1954 0.1968 0.2010
1734.826800 0.2074 0.2157 0.2327 0.2509 0.2711
1741.411160 0.2996 0.3420 0.3665 0.3894 0.4102
1747.995520 0.4305 0.4451 0.4579 0.4653 0.4766
1754.579880 0.4824 0.4893 0.5123 0.5193 0.5320
1761.164240 0.5320 0.5397 0.5514 0.5650 0.5796
1767.748600 0.5925 0.6018 0.6047 0.6100 0.6118
1774.332960 0.6144 0.6189 0.6352 0.6489 0.6556
1780.917320 0.6591 0.6607 0.6650 0.6683 0.6703
1787.501680 0.6716 0.6726 0.6753 0.6787 0.6822
1794.086040 0.6861 0.6905 0.6949 0.6993 0.7034
1800.670400 0.7067 0.7106 0.7134 0.7140 0.7158
1807.254760 0.7200 0.7233 0.7263 0.7279 0.7300
1813.839120 0.7300 0.7302 0.7314 0.7334 0.7363
1820.423480 0.7439 0.7496 0.7542 0.7563 0.7591
1827.007840 0.7600 0.7601 0.7620 0.7630 0.7630
1833.592200 0.7659 0.7669 0.7698 0.7709 0.7737
1840.176560 0.7749 0.7759 0.7785 0.7815 0.7844
1846.760920 0.7881 0.7936 0.7965 0.7999 0.8010
1853.345280 0.8031 0.8047 0.8063 0.8095 0.8122
1859.929640 0.8142 0.8156 0.8166 0.8181 0.8195
1866.514000 0.8205 0.8215 0.8229 0.8244 0.8254
1873.098360 0.8260 0.8268 0.8280 0.8284 0.8290
1879.682720 0.8293 0.8300 0.8306 0.8320 0.8322
1886.267080 0.8330 0.8332 0.8340 0.8343 0.8360
1892.851440 0.8360 0.8360 0.8360 0.8360 0.8360
1899.435800 0.8360 0.8370 0.8380 0.8400 0.8400
1906.020160 0.8410 0.8419 0.8438 0.8440 0.8449
1912.604520 0.8459 0.8460 0.8476 0.8488 0.8490
1919.188880 0.8498 0.8515 0.8520 0.8527 0.8537
1925.773240 0.8540 0.8553 0.8566 0.8570 0.8576
1932.357600 0.8586 0.8601 0.8610 0.8615 0.8620
1938.941960 0.8625 0.8630 0.8639 0.8654 0.8660
1945.526320 0.8664 0.8670 0.8677 0.8690 0.8693
1952.110680 0.8700 0.8703 0.8710 0.8715 0.8730
1958.695040 0.8732 0.8740 0.8742 0.8750 0.8753
1965.279400 0.8770 0.8771 0.8780 0.8781 0.8790
1971.863760 0.8791 0.8810 0.8810 0.8810 0.8820
1978.448120 0.8820 0.8820 0.8829 0.8830 0.8830
1985.032480 0.8847 0.8850 0.8850 0.8850 0.8858
1991.616840 0.8860 0.8860 0.8860 0.8867 0.8870
1998.201200 0.8870 0.8870 0.8870 0.8870 0.8870
2004.785560 0.8870 0.8870 0.8870 0.8870 0.8883
2011.369920 0.8890 0.8890 0.8890 0.8890 0.8890
2017.954280 0.8890 0.8890 0.8890 0.8890 0.8890
2024.538640 0.8890 0.8890 0.8890 0.8890 0.8890
2031.123000 0.8890 0.8890 0.8890 0.8890 0.8890
2037.707360 0.8890 0.8890 0.8890 0.8890 0.8890
2044.291720 0.8890 0.8890 0.8890 0.8890 0.8890
2050.876080 0.8890 0.8890 0.8890 0.8890 0.8890
2057.460440 0.8890 0.8890 0.8890 0.8896 0.8900
2064.044800 0.8900 0.8900 0.8900 0.8900 0.8900
2070.629160 0.8900 0.8900 0.8900 0.8900 0.8900
2077.213520 0.8900 0.8900 0.8900 0.8900 0.8900
2083.797880 0.8900 0.8900 0.8900 0.8900 0.8900
2090.382240 0.8900 0.8900 0.8900 0.8900 0.8900
2096.966600 0.8900 0.8900 0.8900 0.8900 0.8900
2103.550960 0.8900 0.8900 0.8900 0.8900 0.8900
2110.135320 0.8900 0.8900 0.8900 0.8900 0.8900
2116.719680 0.8900 0.8900 0.8900 0.8900 0.8900
2123.304040 0.8900 0.8900 0.8900 0.8900 0.8900
2129.888400 0.8900 0.8900 0.8900 0.8900 0.8900
2136.472760 0.8900 0.8900 0.8900 0.8900 0.8900
2143.057120 0.8900 0.8900 0.8900 0.8900 0.8900
2149.641480 0.8900 0.8900 0.8900 0.8900 0.8900
2156.225840 0.8900 0.8900 0.8900 0.8900 0.8900
2162.810200 0.8900 0.8900 0.8900 0.8900 0.8900
2169.394560 0.8900 0.8900 0.8900 0.8900 0.8900
2175.978920 0.8900 0.8900 0.8900 0.8900 0.8900
2182.563280 0.8900 0.8900 0.8900 0.8900 0.8900
2189.147640 0.8906 0.8910 0.8910 0.8910 0.8910
2195.732000 0.8910 0.8910 0.8910 0.8910 0.8910
2202.316360 0.8910 0.8910 0.8910 0.8910 0.8910
2208.900720 0.8910 0.8910 0.8910 0.8910 0.8910
2215.485080 0.8910 0.8910 0.8910 0.8910 0.8910
2222.069440 0.8910 0.8910 0.8910 0.8910 0.8910
2228.653800 0.8910 0.8910 0.8910 0.8910 0.8910
2235.238160 0.8910 0.8910 0.8910 0.8910 0.8910
2241.822520 0.8910 0.8910 0.8910 0.8910 0.8910
2248.406880 0.8910 0.8910 0.8910 0.8910 0.8904
2254.991240 0.8900 0.8900 0.8894 0.8890 0.8890
2261.575600 0.8890 0.8890 0.8890 0.8890 0.8877
2268.159960 0.8870 0.8870 0.8870 0.8870 0.8870
2274.744320 0.8870 0.8864 0.8854 0.8850 0.8837
2281.328680 0.8830 0.8824 0.8820 0.8814 0.8810
2287.913040 0.8797 0.8790 0.8784 0.8780 0.8774
2294.497400 0.8770 0.8770 0.8757 0.8750 0.8750
2301.081760 0.8744 0.8740 0.8740 0.8734 0.8717
2307.666120 0.8710 0.8710 0.8710 0.8704 0.8700
2314.250480 0.8700 0.8700 0.8700 0.8700 0.8700
2320.834840 0.8700 0.8700 0.8700 0.8700 0.8700
2327.419200 0.8700 0.8706 0.8710 0.8710 0.8710
2334.003560 0.8710 0.8710 0.8710 0.8710 0.8704
2340.587920 0.8700 0.8700 0.8700 0.8700 0.8700
2347.172280 0.8700 0.8700 0.8700 0.8700 0.8700
2353.756640 0.8700 0.8694 0.8690 0.8690 0.8690
2360.341000 0.8690 0.8690 0.8690 0.8690 0.8690
2366.925360 0.8696 0.8706 0.8710 0.8710 0.8710
2373.509720 0.8710 0.8710 0.8710 0.8710 0.8710
2380.094080 0.8710 0.8710 0.8710 0.8710 0.8723
2386.678440 0.8730 0.8730 0.8730 0.8730 0.8730
2393.262800 0.8730 0.8736 0.8740 0.8740 0.8740
2399.847160 0.8740 0.8740 0.8740 0.8746 0.8750
2406.431520 0.8750 0.8750 0.8750 0.8750 0.8750
2413.015880 0.8750 0.8750 0.8750 0.8750 0.8750
2419.600240 0.8750 0.8750 0.8750 0.8750 0.8750
2426.184600 0.8750 0.8750 0.8750 0.8750 0.8750
2432.768960 0.8750 0.8750 0.8750 0.8750 0.8750
2439.353320 0.8750 0.8750 0.8750 0.8750 0.8750
2445.937680 0.8763 0.8770 0.8770 0.8770 0.8770
2452.522040 0.8770 0.8770 0.8770 0.8770 0.8770
2459.106400 0.8770 0.8770 0.8770 0.8770 0.8770
2465.690760 0.8770 0.8770 0.8770 0.8770 0.8770
2472.275120 0.8770 0.8770 0.8770 0.8757 0.8750
2478.859480 0.8750 0.8744 0.8740 0.8734 0.8717
2485.443840 0.8704 0.8681 0.8657 0.8656 0.8692
2492.028200 0.8723 0.8730 0.8736 0.8746 0.8750
2498.612560 0.8750 0.8744 0.8740 0.8740 0.8740
2505.196920 0.8740 0.8740 0.8740 0.8740 0.8740
2511.781280 0.8740 0.8740 0.8740 0.8740 0.8740
2518.365640 0.8740 0.8734 0.8730 0.8730 0.8730
2524.950000 0.8730 0.8730 0.8730 0.8730 0.8730
2531.534360 0.8730 0.8730 0.8730 0.8730 0.8730
2538.118720 0.8730 0.8730 0.8730 0.8730 0.8730
2544.703080 0.8730 0.8717 0.8710 0.8710 0.8710
2551.287440 0.8710 0.8723 0.8730 0.8730 0.8730
2557.871800 0.8717 0.8710 0.8710 0.8710 0.8710
2564.456160 0.8710 0.8710 0.8710 0.8704 0.8700
2571.040520 0.8700 0.8694 0.8696 0.8700 0.8700
2577.624880 0.8694 0.8690 0.8690 0.8677 0.8664
2584.209240 0.8654 0.8637 0.8630 0.8624 0.8620
2590.793600 0.8620 0.8620 0.8614 0.8610 0.8610
2597.377960 0.8597 0.8590 0.8590 0.8584 0.8580
2603.962320 0.8574 0.8570 0.8570 0.8564 0.8547
2610.546680 0.8540 0.8540 0.8540 0.8540 0.8534
2617.131040 0.8530 0.8530 0.8530 0.8524 0.8520
2623.715400 0.8507 0.8500 0.8494 0.8490 0.8490
2630.299760 0.8490 0.8490 0.8490 0.8490 0.8490
2636.884120 0.8490 0.8490 0.8490 0.8490 0.8490
2643.468480 0.8490 0.8490 0.8490 0.8484 0.8480
2650.052840 0.8480 0.8480 0.8480 0.8480 0.8480
2656.637200 0.8480 0.8467 0.8460 0.8460 0.8460
2663.221560 0.8460 0.8460 0.8454 0.8450 0.8450
2669.805920 0.8450 0.8450 0.8450 0.8444 0.8440
2676.390280 0.8440 0.8440 0.8440 0.8440 0.8440
2682.974640 0.8440 0.8440 0.8440 0.8440 0.8440
2689.559000 0.8440 0.8440 0.8440 0.8440 0.8440
2696.143360 0.8440 0.8440 0.8440 0.8440 0.8446
2702.727720 0.8450 0.8450 0.8450 0.8450 0.8450
2709.312080 0.8450 0.8450 0.8444 0.8440 0.8440
2715.896440 0.8440 0.8440 0.8440 0.8440 0.8440
2722.480800 0.8440 0.8440 0.8440 0.8427 0.8420
2729.065160 0.8414 0.8410 0.8410 0.8404 0.8400
2735.649520 0.8387 0.8380 0.8380 0.8380 0.8380
2742.233880 0.8380 0.8380 0.8380 0.8380 0.8380
2748.818240 0.8380 0.8380 0.8380 0.8367 0.8360
2755.402600 0.8347 0.8340 0.8340 0.8334 0.8324
2761.986960 0.8301 0.8284 0.8267 0.8260 0.8254
2768.571320 0.8250 0.8244 0.8240 0.8227 0.8220
2775.155680 0.8214 0.8204 0.8200 0.8194 0.8177
2781.740040 0.8170 0.8170 0.8164 0.8141 0.8124
2788.324400 0.8101 0.8084 0.8061 0.8044 0.8034
2794.908760 0.8030 0.8017 0.8004 0.8000 0.7981
2801.493120 0.7945 0.7905 0.7865 0.7837 0.7811
2808.077480 0.7775 0.7747 0.7721 0.7691 0.7667
2814.661840 0.7641 0.7624 0.7601 0.7571 0.7547
2821.246200 0.7521 0.7497 0.7477 0.7457 0.7431
2827.830560 0.7401 0.7384 0.7361 0.7337 0.7305
2834.414920 0.7271 0.7241 0.7205 0.7165 0.7137
2840.999280 0.7105 0.7058 0.7015 0.6975 0.6922
2847.583640 0.6868 0.6818 0.6756 0.6717 0.6685
2854.168000 0.6657 0.6644 0.6615 0.6575 0.6528
2860.752360 0.6485 0.6426 0.6369 0.6300 0.6220
2867.336720 0.6134 0.6043 0.5934 0.5814 0.5688
2873.921080 0.5539 0.5373 0.5297 0.5284 0.5280
2880.505440 0.5280 0.5286 0.5341 0.5414 0.5522
2887.089800 0.5639 0.5737 0.5808 0.5868 0.5921
2893.674160 0.5959 0.5983 0.6003 0.6010 0.6016
2900.258520 0.6020 0.6026 0.6030 0.6024 0.6014
2906.842880 0.6010 0.5997 0.5984 0.5980 0.5974
2913.427240 0.5970 0.5976 0.5999 0.6054 0.6155
2920.011600 0.6263 0.6325 0.6340 0.6346 0.6350
2926.595960 0.6350 0.6350 0.6350 0.6344 0.6340
2933.180320 0.6327 0.6320 0.6314 0.6291 0.6274
2939.764680 0.6245 0.6198 0.6117 0.6042 0.5926
2946.349040 0.5751 0.5579 0.5431 0.5323 0.5258
2952.933400 0.5221 0.5204 0.5200 0.5200 0.5219
2959.517760 0.5236 0.5240 0.5246 0.5263 0.5270
2966.102120 0.5276 0.5280 0.5286 0.5290 0.5290
2972.686480 0.5284 0.5274 0.5270 0.5276 0.5331
2979.270840 0.5486 0.5642 0.5772 0.5902 0.6032
2985.855200 0.6168 0.6302 0.6432 0.6632 0.6783
2992.439560 0.6883 0.6970 0.7038 0.7098 0.7133
2999.023920 0.7146 0.7169 0.7186 0.7203 0.7210
3005.608280 0.7197 0.7190 0.7190 0.7184 0.7174
3012.192640 0.7157 0.7144 0.7140 0.7134 0.7130
3018.777000 0.7124 0.7120 0.7107 0.7094 0.7071
3025.361360 0.7047 0.7027 0.7007 0.6987 0.6967
3031.945720 0.6941 0.6924 0.6901 0.6871 0.6854
3038.530080 0.6831 0.6807 0.6787 0.6767 0.6741
3045.114440 0.6717 0.6691 0.6674 0.6651 0.6590
3051.698800 0.6510 0.6455 0.6434 0.6411 0.6394
3058.283160 0.6384 0.6361 0.6325 0.6260 0.6180
3064.867520 0.6100 0.6020 0.5952 0.5905 0.5871
3071.451880 0.5778 0.5673 0.5602 0.5555 0.5527
3078.036240 0.5507 0.5487 0.5480 0.5467 0.5460
3084.620600 0.5460 0.5473 0.5486 0.5496 0.5513
3091.204960 0.5526 0.5536 0.5553 0.5573 0.5593
3097.789320 0.5613 0.5633 0.5665 0.5699 0.5735
3104.373680 0.5813 0.5882 0.5906 0.5923 0.5930
3110.958040 0.5930 0.5930 0.5930 0.5930 0.5930
3117.542400 0.5930 0.5917 0.5910 0.5910 0.5910
3124.126760 0.5904 0.5900 0.5894 0.5890 0.5877
3130.711120 0.5870 0.5870 0.5864 0.5854 0.5850
3137.295480 0.5837 0.5830 0.5824 0.5814 0.5791
3143.879840 0.5774 0.5757 0.5744 0.5734 0.5717
3150.464200 0.5704 0.5694 0.5690 0.5684 0.5667
3157.048560 0.5654 0.5631 0.5614 0.5604 0.5581
3163.632920 0.5551 0.5527 0.5501 0.5471 0.5447
3170.217280 0.5415 0.5375 0.5328 0.5285 0.5232
3176.801640 0.5172 0.5106 0.5055 0.5015 0.4987
3183.386000 0.4961 0.4950 0.4944 0.4940 0.4940
3189.970360 0.4940 0.4946 0.4950 0.4950 0.4956
3196.554720 0.4960 0.4973 0.4980 0.4986 0.4990
3203.139080 0.4996 0.5000 0.5019 0.5030 0.5043
3209.723440 0.5063 0.5095 0.5123 0.5149 0.5192
3216.307800 0.5235 0.5294 0.5351 0.5395 0.5429
3222.892160 0.5465 0.5505 0.5545 0.5592 0.5635
3229.476520 0.5682 0.5744 0.5801 0.5864 0.5921
3236.060880 0.5984 0.6042 0.6098 0.6158 0.6218
3242.645240 0.6278 0.6338 0.6398 0.6451 0.6501
3249.229600 0.6545 0.6636 0.6724 0.6788 0.6842
3255.813960 0.6898 0.6945 0.6985 0.7025 0.7065
3262.398320 0.7105 0.7133 0.7159 0.7183 0.7209
3268.982680 0.7245 0.7279 0.7303 0.7329 0.7365
3275.567040 0.7405 0.7439 0.7463 0.7483 0.7496
3282.151400 0.7513 0.7539 0.7569 0.7593 0.7625
3288.735760 0.7659 0.7695 0.7729 0.7753 0.7779
3295.320120 0.7815 0.7836 0.7859 0.7883 0.7903
3301.904480 0.7916 0.7926 0.7930 0.7943 0.7950
3308.488840 0.7956 0.7960 0.7966 0.7970 0.7970
3315.073200 0.7970 0.7970 0.7970 0.7970 0.7970
3321.657560 0.7964 0.7954 0.7950 0.7937 0.7924
3328.241920 0.7920 0.7914 0.7891 0.7848 0.7811
3334.826280 0.7800 0.7794 0.7784 0.7767 0.7760
3341.410640 0.7773 0.7767 0.7760 0.7760 0.7754
3347.995000 0.7750 0.7744 0.7740 0.7727 0.7720
3354.579360 0.7720 0.7714 0.7710 0.7710 0.7704
3361.163720 0.7700 0.7700 0.7687 0.7680 0.7680
3367.748080 0.7680 0.7674 0.7664 0.7660 0.7660
3374.332440 0.7660 0.7647 0.7640 0.7634 0.7630
3380.916800 0.7624 0.7607 0.7600 0.7600 0.7594
3387.501160 0.7584 0.7580 0.7580 0.7567 0.7560
3394.085520 0.7554 0.7550 0.7550 0.7550 0.7544
3400.669880 0.7540 0.7540 0.7540 0.7527 0.7520
3407.254240 0.7520 0.7520 0.7520 0.7520 0.7520
3413.838600 0.7520 0.7520 0.7520 0.7520 0.7520
3420.422960 0.7520 0.7520 0.7533 0.7540 0.7540
3427.007320 0.7540 0.7540 0.7540 0.7540 0.7540
3433.591680 0.7546 0.7550 0.7550 0.7556 0.7560
3440.176040 0.7560 0.7560 0.7573 0.7580 0.7580
3446.760400 0.7586 0.7596 0.7600 0.7613 0.7626
3453.344760 0.7630 0.7636 0.7653 0.7660 0.7666
3459.929120 0.7670 0.7676 0.7680 0.7693 0.7700
3466.513480 0.7700 0.7700 0.7713 0.7720 0.7720
3473.097840 0.7733 0.7740 0.7740 0.7746 0.7750
3479.682200 0.7756 0.7760 0.7773 0.7780 0.7780
3486.266560 0.7786 0.7790 0.7790 0.7796 0.7813
3492.850920 0.7820 0.7820 0.7820 0.7826 0.7830
3499.435280 0.7830 0.7830 0.7836 0.7840 0.7840
3506.019640 0.7846 0.7850 0.7850 0.7850 0.7850
3512.604000 0.7863 0.7876 0.7880 0.7880 0.7880
3519.188360 0.7886 0.7903 0.7923 0.7943 0.7963
3525.772720 0.7989 0.8006 0.8010 0.8023 0.8036
3532.357080 0.8040 0.8040 0.8046 0.8063 0.8076
3538.941440 0.8080 0.8086 0.8090 0.8103 0.8116
3545.525800 0.8126 0.8130 0.8143 0.8156 0.8166
3552.110160 0.8170 0.8183 0.8196 0.8206 0.8216
3558.694520 0.8233 0.8246 0.8250 0.8256 0.8273
3565.278880 0.8286 0.8296 0.8300 0.8313 0.8320
3571.863240 0.8326 0.8330 0.8336 0.8340 0.8353
3578.447600 0.8366 0.8376 0.8380 0.8399 0.8429
3585.031960 0.8453 0.8473 0.8486 0.8490 0.8490
3591.616320 0.8496 0.8500 0.8513 0.8526 0.8536
3598.200680 0.8559 0.8576 0.8580 0.8586 0.8590
3604.785040 0.8590 0.8603 0.8610 0.8610 0.8616
3611.369400 0.8626 0.8630 0.8643 0.8656 0.8660
3617.953760 0.8666 0.8683 0.8690 0.8696 0.8700
3624.538120 0.8700 0.8700 0.8700 0.8706 0.8710
3631.122480 0.8710 0.8710 0.8710 0.8723 0.8730
3637.706840 0.8730 0.8730 0.8730 0.8730 0.8730
3644.291200 0.8730 0.8730 0.8730 0.8730 0.8730
3650.875560 0.8730 0.8730 0.8730 0.8730 0.8730
3657.459920 0.8730 0.8730 0.8730 0.8730 0.8730
3664.044280 0.8730 0.8730 0.8730 0.8730 0.8730
3670.628640 0.8730 0.8730 0.8730 0.8730 0.8730
3677.213000 0.8730 0.8730 0.8730 0.8730 0.8717
3683.797360 0.8710 0.8710 0.8710 0.8710 0.8710
3690.381720 0.8710 0.8710 0.8710 0.8710 0.8710
3696.966080 0.8710 0.8710 0.8710 0.8723 0.8730
3703.550440 0.8730 0.8730 0.8730 0.8730 0.8730
3710.134800 0.8730 0.8730 0.8730 0.8730 0.8730
3716.719160 0.8730 0.8730 0.8730 0.8730 0.8730
3723.303520 0.8717 0.8710 0.8723 0.8717 0.8710
3729.887880 0.8710 0.8710 0.8710 0.8710 0.8710
3736.472240 0.8710 0.8710 0.8710 0.8710 0.8710
3743.056600 0.8710 0.8710 0.8710 0.8710 0.8710
3749.640960 0.8710 0.8710 0.8710 0.8710 0.8704
3756.225320 0.8700 0.8700 0.8700 0.8700
##END=
