##TITLE=1-(2-Naphthyl)ethanol
##JCAMP-DX=4.24
##DATA TYPE=INFRARED SPECTRUM
##ORIGIN=EPA-IR VAPOR PHASE LIBRARY
##OWNER=SRD/NIST
Collection (C) 2018 copyright by the U.S. Secretary of Commerce
on behalf of the United States of America. All rights reserved.
##CAS REGISTRY NO=7228-47-9
##MOLFORM=C 12 H 12 O
##$NIST SOURCE=MSDC-IR
##STATE=gas
##XUNITS=1/CM
##YUNITS=ABSORBANCE
##XFACTOR=1.
##YFACTOR=0.001
##DELTAX=1.92934
##FIRSTX=549.9
##LASTX=3999.5
##FIRSTY=3.071
##MAXX=3999.53
##MINX=549.863
##MAXY=0.033281
##MINY=0
##NPOINTS=1789
##XYDATA=(X++(Y..Y))
549.863 3.071 3.151 2.961 2.841 2.861 2.681 2.591 2.641 2.431 2.261
569.156 2.361 2.441 2.361 2.421 2.551 2.531 2.621 2.671 2.621 2.571
588.450 2.401 2.321 2.341 2.251 1.941 1.7557 1.8714 1.981 1.941 1.931
607.743 2.061 2.221 2.361 2.551 2.781 2.931 3.001 2.911 2.811 2.751
627.037 2.461 2.161 2.011 1.7822 1.6691 1.6775 1.7837 1.8753 1.8598 1.8858
646.330 1.981 2.141 2.291 2.411 2.471 2.481 2.441 2.431 2.381 2.321
665.624 2.311 2.251 2.201 2.181 2.151 2.081 2.061 2.171 2.261 2.251
684.917 2.281 2.381 2.381 2.371 2.501 2.731 2.961 3.161 3.261 3.321
704.210 3.481 3.581 3.511 3.341 3.251 3.221 3.351 3.651 4.091 4.801
723.504 5.851 7.401 9.411 11.741 14.241 16.811 19.401 21.951 24.711 27.841
742.797 29.261 27.241 24.021 21.351 18.871 16.321 13.661 11.141 8.891 7.031
762.091 5.691 4.691 3.991 3.541 3.231 2.971 2.771 2.651 2.561 2.531
781.384 2.501 2.531 2.671 2.851 3.161 3.731 4.471 5.461 6.781 8.311
800.678 10.031 11.861 13.731 15.681 17.831 20.001 21.311 20.931 19.371 17.581
819.971 15.811 14.051 12.331 10.631 9.141 8.061 7.351 7.141 7.491 8.231
839.264 9.331 10.701 12.121 13.511 14.951 16.461 17.941 18.661 17.691 15.961
858.558 14.471 13.081 11.731 10.281 8.891 7.781 6.911 6.331 6.121 6.111
877.851 6.291 6.741 7.261 7.871 8.621 9.341 9.801 10.081 10.321 10.501
897.145 10.671 10.801 10.881 10.901 10.861 10.741 10.401 9.891 9.211 8.431
916.438 7.591 6.821 6.181 5.571 5.131 4.881 4.701 4.621 4.661 4.761
935.732 4.921 5.081 5.241 5.511 5.841 6.041 6.071 6.061 6.041 5.981
955.025 5.801 5.611 5.311 4.911 4.541 4.281 4.151 4.041 4.051 4.141
974.318 4.271 4.501 4.821 5.171 5.521 5.971 6.561 7.151 7.661 8.171
993.612 8.721 9.261 9.721 10.091 10.401 10.621 10.821 10.961 11.071 11.151
1012.905 11.151 10.941 10.541 10.161 9.721 9.191 8.631 8.071 7.581 7.271
1032.199 7.081 7.051 7.081 7.181 7.551 8.031 8.601 9.301 10.101 11.021
1051.492 11.931 12.791 13.721 14.521 15.141 15.751 16.301 16.771 17.241 17.751
1070.786 18.371 19.041 19.771 20.591 21.331 21.921 22.371 22.561 22.421 22.111
1090.079 21.521 20.561 19.421 18.081 16.641 15.331 13.981 12.711 11.681 10.801
1109.372 10.191 9.971 10.161 10.701 11.621 12.721 13.681 14.261 14.351 14.151
1128.666 13.721 12.871 11.651 10.301 9.211 8.491 7.871 7.391 7.201 7.011
1147.959 6.791 6.611 6.621 6.731 6.781 7.081 7.691 8.261 8.701 9.061
1167.253 9.391 9.461 9.311 9.151 8.591 8.001 7.541 6.901 6.241 5.791
1186.546 5.401 5.031 4.741 4.701 4.681 4.671 4.771 4.751 4.651 4.611
1205.840 4.661 4.741 4.991 5.261 5.351 5.541 5.601 5.711 5.941 6.221
1225.133 7.021 7.381 7.581 8.001 8.371 9.091 9.761 10.321 11.001 11.491
1244.426 11.981 12.361 12.491 12.711 12.981 13.051 13.081 13.401 13.701 13.811
1263.720 13.711 13.371 12.771 11.991 11.361 10.681 9.831 9.061 8.411 7.921
1283.013 7.481 7.071 6.921 6.891 6.901 6.921 7.111 7.471 7.821 8.251
1302.307 8.831 9.451 10.101 10.771 11.281 11.801 12.261 12.581 12.811 12.881
1321.600 12.791 12.611 12.391 12.161 11.971 11.681 11.301 11.081 11.031 10.941
1340.894 10.741 10.581 10.611 10.761 10.941 11.101 11.271 11.551 11.811 12.021
1360.187 12.351 12.721 13.041 13.401 13.851 14.381 14.991 15.531 15.851 15.991
1379.480 15.921 15.531 14.921 14.221 13.341 12.141 10.971 10.051 9.211 8.391
1398.774 7.641 6.961 6.401 6.041 5.661 5.291 5.051 4.811 4.571 4.431
1418.067 4.431 4.351 4.111 4.041 4.021 4.081 4.201 4.321 4.471 4.731
1437.361 4.871 4.781 4.821 4.861 4.831 4.881 4.821 4.731 4.721 4.741
1456.654 4.811 4.581 4.341 4.281 4.211 4.031 3.841 3.761 3.761 3.651
1475.948 3.541 3.361 3.201 3.171 3.131 3.171 3.351 3.591 3.761 4.031
1495.241 4.641 5.321 5.991 6.671 7.201 7.641 7.911 7.691 7.121 6.341
1514.534 5.451 4.591 3.731 3.161 2.681 2.291 2.141 2.031 1.8919 1.8789
1533.828 1.8798 1.7835 1.7269 1.7993 1.8563 1.9119 1.9124 1.8036 1.8806 1.8576
1553.121 1.8636 1.941 1.921 1.941 1.8338 1.7349 1.6813 1.6632 1.6846 1.7093
1572.415 1.7132 1.8155 2.001 2.061 2.121 2.301 2.511 2.771 3.071 3.381
1591.708 3.661 3.971 4.291 4.481 4.541 4.501 4.401 4.131 3.811 3.501
1611.002 3.211 2.931 2.661 2.561 2.551 2.581 2.691 2.791 2.981 3.101
1630.295 3.121 3.171 3.151 3.011 2.801 2.601 2.291 2.061 1.941 1.7869
1649.588 1.6872 1.7035 1.7903 1.7403 1.6715 1.7097 1.7553 1.7653 1.7521 1.8122
1668.882 1.8348 1.7909 1.8207 1.971 2.041 2.121 2.301 2.401 2.431 2.341
1688.175 2.311 2.311 2.261 2.271 2.331 2.301 2.301 2.231 2.161 2.141
1707.469 1.991 1.8851 1.828 1.8001 1.7621 1.717 1.6361 1.5875 1.6088 1.6398
1726.762 1.6767 1.7645 1.8525 2.031 2.131 2.001 2.011 2.051 2.171 2.321
1746.056 2.341 2.441 2.661 2.751 2.671 2.691 2.661 2.561 2.561 2.481
1765.349 2.401 2.451 2.401 2.371 2.381 2.361 2.431 2.431 2.421 2.421
1784.642 2.471 2.421 2.351 2.371 2.261 2.161 2.111 2.031 2.051 2.051
1803.936 1.971 1.941 1.931 1.931 1.991 2.031 2.101 2.161 2.111 2.101
1823.229 2.111 2.071 1.941 1.8321 1.7082 1.5752 1.4928 1.4308 1.3909 1.375
1842.523 1.4448 1.4826 1.4642 1.4369 1.3839 1.3689 1.3664 1.3602 1.2784 1.2287
1861.816 1.2111 1.1574 1.157 1.1831 1.1804 1.1095 1.108 1.1502 1.1983 1.3061
1881.110 1.3666 1.4826 1.6053 1.6822 1.8601 2.011 2.121 2.261 2.341 2.421
1900.403 2.521 2.561 2.651 2.741 2.721 2.681 2.631 2.591 2.551 2.501
1919.696 2.401 2.341 2.271 2.161 2.171 2.221 2.301 2.431 2.541 2.631
1938.990 2.591 2.511 2.431 2.231 2.021 1.7838 1.537 1.3107 1.161 1.1001
1958.283 1.00743 0.91844 0.905 0.91474 0.91687 0.8962 0.8752 0.8929 0.857 0.818
1977.577 0.8535 0.8933 0.8854 0.8581 0.8438 0.8655 0.8564 0.8583 0.8313 0.771
1996.870 0.816 0.8411 0.8356 0.817 0.78 0.808 0.814 0.778 0.772 0.776
2016.164 0.811 0.8353 0.797 0.776 0.796 0.811 0.768 0.772 0.818 0.805
2035.457 0.776 0.785 0.778 0.749 0.773 0.763 0.757 0.769 0.746 0.73
2054.750 0.736 0.74 0.766 0.798 0.771 0.749 0.76 0.753 0.762 0.786
2074.044 0.816 0.795 0.761 0.779 0.816 0.8258 0.819 0.8553 0.8662 0.8559
2093.337 0.873 0.883 0.8335 0.814 0.8542 0.8614 0.8362 0.776 0.795 0.8245
2112.631 0.822 0.818 0.794 0.778 0.739 0.725 0.763 0.806 0.788 0.787
2131.924 0.799 0.774 0.744 0.751 0.753 0.768 0.8298 0.82 0.795 0.815
2151.218 0.798 0.769 0.803 0.8397 0.8235 0.843 0.8434 0.823 0.8374 0.872
2170.511 0.8919 0.8694 0.894 0.8811 0.82 0.815 0.804 0.8277 0.8339 0.795
2189.804 0.772 0.768 0.811 0.8357 0.812 0.803 0.8294 0.8244 0.806 0.811
2209.098 0.8679 0.8992 0.8785 0.8845 0.8979 0.9098 0.8943 0.8943 0.9032 0.9035
2228.391 0.9046 0.8653 0.8977 0.91739 0.9004 0.8899 0.8639 0.8747 0.8645 0.8622
2247.685 0.8723 0.8795 0.91149 0.8945 0.886 0.8877 0.9028 0.9048 0.9107 0.93943
2266.978 0.93991 0.95202 0.93255 0.95835 0.9982 1.0391 1.0775 1.0843 1.1342 1.1698
2286.272 1.1815 1.1561 1.1439 1.1888 1.1775 1.1644 1.1415 1.1693 1.1897 1.1209
2305.565 1.1383 1.1547 1.1291 1.1193 1.0975 1.1055 1.1192 1.069 1.0275 1.0343
2324.858 0.9839 0.94382 0.93865 0.93168 0.96567 0.96499 0.93233 0.93122 0.95637 0.96973
2344.152 0.95258 0.930247 0.94469 0.93915 0.8862 0.903 0.93942 0.920569 0.9084 0.8963
2363.445 0.8773 0.8649 0.8698 0.922473 0.95803 0.93457 0.91685 0.95434 0.9827 0.94972
2382.739 0.92465 0.928673 0.94563 0.96258 0.97022 1.01716 1.0353 1.0056 0.99231 0.96327
2402.032 0.98632 0.98188 0.9103 0.926257 0.99104 1.00688 1.00132 1.00505 0.99204 0.99411
2421.326 1.00448 1.0316 1.0512 1.04 1.0592 1.0569 1.0731 1.1084 1.077 1.0487
2440.619 1.0327 1.0314 1.0815 1.1062 1.0977 1.0564 1.00187 1.01362 1.01079 1.0558
2459.912 1.056 0.9834 1.0239 1.0321 0.98397 0.97259 0.98416 1.00824 1.0479 1.0352
2479.206 0.9983 0.97199 0.99942 1.0273 0.98529 0.99982 1.00746 0.98633 0.97103 0.94127
2498.499 0.98486 1.0563 1.0538 1.0306 1.0387 1.0265 1.0232 1.0218 1.0245 1.0548
2517.793 1.00091 0.968 0.984 0.97791 0.97993 0.99579 0.97808 0.96165 0.97667 0.91933
2537.086 0.91486 0.94044 0.94655 0.96539 0.9519 0.93901 0.94151 0.96169 1.00934 1.01448
2556.380 1.00979 0.98303 0.9672 1.01561 1.0441 1.0472 1.0739 1.1201 1.1305 1.1072
2575.673 1.0678 1.0546 1.0874 1.1397 1.1568 1.1217 1.149 1.1975 1.1653 1.168
2594.966 1.1737 1.1778 1.2121 1.18 1.1885 1.2307 1.2095 1.2023 1.2049 1.2019
2614.260 1.1651 1.1294 1.0773 1.043 1.0928 1.1261 1.1594 1.188 1.1322 1.131
2633.553 1.1969 1.1663 1.1266 1.099 1.0616 1.054 1.0503 1.0725 1.0736 1.0917
2652.847 1.0823 1.0418 1.0344 1.0464 1.01177 1.00799 1.0574 1.0693 1.0655 1.0285
2672.140 1.0314 1.0478 0.99574 1.0306 1.0532 0.9922 1.0264 1.1234 1.1453 1.1187
2691.434 1.1447 1.1265 1.0939 1.0828 1.082 1.0981 1.0652 1.0769 1.1684 1.1483
2710.727 1.0863 1.1408 1.2088 1.181 1.2175 1.2748 1.264 1.2484 1.2377 1.27
2730.020 1.2482 1.2407 1.2542 1.2254 1.167 1.1458 1.1518 1.1832 1.2416 1.2675
2749.314 1.3147 1.3006 1.2394 1.2011 1.1678 1.2151 1.285 1.2642 1.2592 1.2275
2768.607 1.2083 1.2422 1.2776 1.2785 1.2512 1.284 1.2981 1.3205 1.3198 1.2986
2787.901 1.3429 1.376 1.3847 1.4359 1.5052 1.5435 1.5767 1.6115 1.6071 1.6921
2807.194 1.7179 1.6551 1.7276 1.7959 1.8684 1.931 1.931 1.981 2.021 2.071
2826.488 2.161 2.191 2.261 2.321 2.291 2.371 2.531 2.651 2.781 2.841
2845.781 2.981 3.241 3.381 3.471 3.771 4.091 4.381 4.711 5.211 5.721
2865.074 6.131 6.661 7.311 8.031 8.741 9.371 9.861 10.281 10.701 11.001
2884.368 11.211 11.301 11.261 11.201 11.091 10.961 10.721 10.561 10.351 10.041
2903.661 9.681 9.451 9.151 8.851 8.571 8.311 8.171 8.021 8.051 8.131
2922.955 8.231 8.451 8.811 9.171 9.551 9.881 10.121 10.221 10.081 9.791
2942.248 9.381 9.041 8.651 8.211 7.911 7.851 7.951 8.201 8.701 9.371
2961.542 10.291 11.381 12.721 14.251 16.011 18.091 20.281 22.571 24.831 26.711
2980.835 28.051 28.531 27.941 26.541 24.561 21.921 18.891 15.871 13.201 11.171
3000.128 9.831 9.101 8.711 8.601 8.721 8.951 9.201 9.481 9.911 10.251
3019.422 10.601 10.871 10.901 11.021 11.061 10.941 10.801 10.691 10.771 11.081
3038.715 11.521 12.331 13.481 15.061 17.081 19.281 21.721 24.271 26.841 29.311
3058.009 31.401 32.731 33.281 33.181 32.501 31.221 29.151 26.521 23.661 20.921
3077.302 18.411 16.211 14.401 12.881 11.531 10.391 9.421 8.331 7.401 6.701
3096.596 5.851 5.021 4.321 3.741 3.421 2.961 2.461 2.251 2.111 1.931
3115.889 1.752 1.5928 1.389 1.4135 1.5021 1.4022 1.1904 1.0711 1.2066 1.1925
3135.182 1.0743 1.0518 1.00011 1.0607 1.0657 1.00503 1.01629 1.00453 1.01121 0.98037
3154.476 0.94734 0.930525 0.93559 0.872 0.741 0.733 0.8611 0.8671 0.768 0.9087
3173.769 0.94186 0.922064 0.97437 0.818 0.802 0.8404 0.766 0.652 0.645 0.7
3193.063 0.736 0.73 0.793 0.748 0.561 0.362 0.389 0.58 0.49 0.531
3212.356 0.592 0.494 0.477 0.449 0.545 0.647 0.573 0.464 0.406 0.584
3231.650 0.546 0.312 0.301 0.381 0.412 0.388 0.297 0.312 0.334 0.276
3250.943 0.243 0.261 0.352 0.287 0.151 0.229 0.375 0.397 0.249 0.195
3270.236 0.376 0.34 0.247 0.174 0.214 0.263 0.297 0.308 0.169 0.165
3289.530 0.163 0.212 0.259 0.229 0.247 0.218 0.115 0.095 0.201 0.244
3308.823 0.31 0.348 0.168 0.11 0.111 0.107 0.167 0.259 0.272 0.224
3328.117 0.092 0 0.147 0.251 0.168 0.264 0.246 0.156 0.34 0.284
3347.410 0.159 0.289 0.335 0.277 0.322 0.263 0.195 0.279 0.269 0.3
3366.704 0.474 0.506 0.422 0.389 0.336 0.328 0.381 0.265 0.364 0.394
3385.997 0.31 0.402 0.488 0.427 0.358 0.506 0.496 0.334 0.347 0.451
3405.290 0.474 0.476 0.403 0.371 0.461 0.415 0.307 0.369 0.539 0.549
3424.584 0.408 0.259 0.279 0.345 0.277 0.313 0.362 0.386 0.449 0.526
3443.877 0.514 0.43 0.396 0.468 0.46 0.403 0.413 0.529 0.542 0.352
3463.171 0.435 0.561 0.509 0.387 0.284 0.4 0.509 0.452 0.38 0.363
3482.464 0.313 0.274 0.474 0.499 0.382 0.385 0.454 0.494 0.305 0.215
3501.758 0.332 0.371 0.428 0.524 0.423 0.264 0.287 0.347 0.415 0.464
3521.051 0.488 0.573 0.635 0.585 0.518 0.479 0.404 0.344 0.465 0.554
3540.344 0.503 0.527 0.607 0.671 0.576 0.438 0.442 0.537 0.514 0.497
3559.638 0.486 0.503 0.598 0.66 0.737 0.622 0.53 0.69 0.644 0.513
3578.931 0.653 0.685 0.56 0.632 0.745 0.732 0.682 0.643 0.598 0.64
3598.225 0.664 0.658 0.8394 0.8339 0.814 1.0754 1.2167 1.2287 1.3131 1.4206
3617.518 1.5175 1.6805 1.8101 1.991 2.301 2.641 3.031 3.361 3.761 4.311
3636.812 4.921 5.551 6.241 6.941 7.581 8.061 8.231 8.031 7.571 7.061
3656.105 6.501 5.791 5.051 4.361 3.621 3.121 2.851 2.541 2.131 1.8906
3675.398 1.8335 1.7493 1.5009 1.291 1.3337 1.3443 1.2666 1.2425 1.1196 0.99827
3694.692 0.8995 0.794 0.811 0.809 0.716 0.638 0.688 0.683 0.705 0.786
3713.985 0.76 0.8698 0.8577 0.664 0.695 0.839 0.9036 0.8616 0.784 0.805
3733.279 0.8954 0.94802 0.795 0.691 0.76 0.672 0.691 0.7 0.609 0.749
3752.572 0.8301 0.72 0.573 0.564 0.578 0.518 0.634 0.697 0.577 0.501
3771.866 0.613 0.668 0.592 0.631 0.644 0.606 0.593 0.616 0.663 0.72
3791.159 0.681 0.58 0.594 0.64 0.655 0.771 0.8398 0.655 0.585 0.63
3810.452 0.613 0.626 0.681 0.702 0.685 0.8318 0.8276 0.749 0.803 0.748
3829.746 0.799 0.87 0.8665 0.8631 0.8638 0.9008 0.8725 0.8391 0.82 0.8553
3849.039 0.8904 0.93231 1.0481 0.8802 0.651 0.776 0.8861 0.91352 0.96819 0.99173
3868.333 1.02024 1.01215 0.96112 0.91502 0.892 0.8619 0.91824 0.9867 1.026 1.0953
3887.626 1.01358 0.97869 1.1165 1.0583 0.96086 0.9759 0.97129 0.97032 1.0321 1.0295
3906.920 1.0217 0.99676 0.9094 0.99303 1.0447 1.0239 1.00215 0.93698 0.94939 0.97378
3926.213 1.0434 0.98324 0.8962 1.0595 1.1148 1.0915 1.0607 0.97386 1.0218 1.0253
3945.506 1.00877 1.1253 1.126 1.0566 0.99349 0.99913 1.01161 1.0497 1.0732 1.0499
3964.800 1.0475 0.8862 0.8598 0.98548 0.9506 1.00684 1.044 0.928112 0.91803 0.9165
3984.093 0.8664 0.864 0.921805 0.94278 0.8975 0.8565 0.91254 0.95068 0.8775
##END=
