##TITLE=1-(4-CHLOROANILINO)-2-PROPANOL
##JCAMP-DX=4.24
##DATA TYPE=INFRARED SPECTRUM
##CLASS=COBLENTZ
##ORIGIN=DOW CHEMICAL COMPANY
##OWNER=COBLENTZ SOCIETY
Collection (C) 2018 copyright by the U.S. Secretary of Commerce
on behalf of the United States of America. All rights reserved.
##DATE=Not specified, most likely prior to 1970
##CAS REGISTRY NO=72506-83-3
##MOLFORM=C9 H12 Cl N O
##SOURCE REFERENCE=COBLENTZ NO. 4094
##$NIST SOURCE=COBLENTZ
##$NIST IMAGE=cob4094
##SPECTROMETER/DATA SYSTEM=Not specified, most likely a prism, grating, or hybrid spectrometer.
##STATE=SOLUTION (10% IN CCl4 FOR 5000-1350 CM^-^1, 10% IN CS2 FOR 1350-625 CM^-^1)
##PATH LENGTH=0.01 CM, 0.01 CM
##SAMPLING PROCEDURE=TRANSMISSION
##RESOLUTION=4
##DATA PROCESSING=DIGITIZED BY NIST FROM HARD COPY
##XUNITS=MICROMETERS
##YUNITS=TRANSMITTANCE
##XFACTOR=1.000000
##YFACTOR=1
##DELTAX=000.006529
##FIRSTX=2.027
##LASTX=15.9147
##FIRSTY=0.811
##MAXX=15.9147
##MINX=2.027
##MAXY=0.929
##MINY=0.019
##NPOINTS=2128
##XYDATA=(X++(Y..Y))
2.027000 0.8110 0.8110 0.8130 0.8130 0.8140
2.059662 0.8160 0.8180 0.8180 0.8180 0.8180
2.092000 0.8180 0.8190 0.8190 0.8190 0.8190
2.124662 0.8190 0.8210 0.8210 0.8210 0.8220
2.158000 0.8220 0.8240 0.8240 0.8240 0.8260
2.190662 0.8260 0.8270 0.8290 0.8300 0.8300
2.223000 0.8300 0.8300 0.8300 0.8290 0.8290
2.255662 0.8270 0.8270 0.8270 0.8260 0.8240
2.288000 0.8240 0.8220 0.8220 0.8220 0.8240
2.320662 0.8260 0.8290 0.8320 0.8320 0.8350
2.354000 0.8350 0.8350 0.8370 0.8370 0.8370
2.386662 0.8380 0.8400 0.8420 0.8420 0.8420
2.419000 0.8400 0.8400 0.8370 0.8340 0.8320
2.451662 0.8300 0.8300 0.8300 0.8320 0.8350
2.484000 0.8380 0.8420 0.8430 0.8450 0.8450
2.516662 0.8470 0.8480 0.8480 0.8480 0.8500
2.549000 0.8500 0.8500 0.8510 0.8510 0.8510
2.581662 0.8510 0.8510 0.8500 0.8480 0.8480
2.615000 0.8470 0.8470 0.8480 0.8480 0.8500
2.647662 0.8500 0.8510 0.8510 0.8510 0.8500
2.680000 0.8500 0.8480 0.8470 0.8430 0.8400
2.712662 0.8370 0.8260 0.8220 0.8110 0.8000
2.745000 0.7850 0.7710 0.7560 0.7420 0.7270
2.777662 0.7130 0.7000 0.6870 0.6760 0.6710
2.811000 0.6660 0.6550 0.6440 0.6390 0.6310
2.843662 0.6190 0.6080 0.5920 0.5730 0.5520
2.876000 0.5280 0.4990 0.4830 0.4540 0.4230
2.908662 0.3840 0.3670 0.3440 0.3340 0.3230
2.941000 0.3010 0.2990 0.3010 0.3040 0.3230
2.973662 0.3260 0.3520 0.3670 0.3830 0.3990
3.007000 0.4130 0.4290 0.4460 0.4600 0.4760
3.039662 0.4890 0.5040 0.5160 0.5260 0.5390
3.072000 0.5500 0.5610 0.5730 0.5840 0.5950
3.104662 0.6050 0.6160 0.6280 0.6370 0.6480
3.137000 0.6580 0.6760 0.6850 0.6950 0.7030
3.169662 0.7110 0.7190 0.7260 0.7320 0.7370
3.202000 0.7390 0.7400 0.7420 0.7420 0.7400
3.234662 0.7400 0.7390 0.7320 0.7310 0.7310
3.268000 0.7320 0.7320 0.7320 0.7310 0.7290
3.300662 0.7230 0.7190 0.7160 0.7060 0.7000
3.333000 0.6850 0.6710 0.6570 0.6110 0.5530
3.365662 0.5000 0.4650 0.4420 0.4390 0.4420
3.398000 0.4890 0.5070 0.5070 0.5020 0.4970
3.430662 0.4920 0.4910 0.4920 0.4990 0.5050
3.464000 0.5160 0.5260 0.5360 0.5450 0.5570
3.496662 0.5680 0.5810 0.5940 0.6080 0.6240
3.529000 0.6420 0.6600 0.7000 0.7180 0.7340
3.561662 0.7480 0.7610 0.7710 0.7800 0.7900
3.594000 0.8010 0.8110 0.8160 0.8180 0.8180
3.626662 0.8190 0.8190 0.8210 0.8220 0.8240
3.659000 0.8290 0.8290 0.8300 0.8300 0.8320
3.691662 0.8350 0.8380 0.8420 0.8450 0.8480
3.725000 0.8500 0.8510 0.8530 0.8550 0.8580
3.757662 0.8590 0.8590 0.8610 0.8610 0.8630
3.790000 0.8640 0.8640 0.8660 0.8660 0.8670
3.822662 0.8670 0.8690 0.8690 0.8690 0.8690
3.855000 0.8670 0.8660 0.8640 0.8640 0.8640
3.887662 0.8660 0.8670 0.8690 0.8710 0.8720
3.921000 0.8740 0.8740 0.8760 0.8770 0.8790
3.953662 0.8800 0.8820 0.8840 0.8840 0.8850
3.986000 0.8870 0.8880 0.8900 0.8920 0.8920
4.018662 0.8930 0.8950 0.8950 0.8960 0.8980
4.051000 0.9000 0.9010 0.9010 0.9010 0.9010
4.083662 0.9000 0.9000 0.8980 0.8960 0.8960
4.117000 0.8960 0.8980 0.9010 0.9030 0.9040
4.149662 0.9040 0.9040 0.9030 0.9010 0.9010
4.182000 0.9010 0.9010 0.9000 0.8980 0.8950
4.214662 0.8920 0.8900 0.8880 0.8870 0.8870
4.247000 0.8870 0.8870 0.8870 0.8870 0.8870
4.279662 0.8870 0.8870 0.8870 0.8870 0.8870
4.312000 0.8870 0.8870 0.8880 0.8880 0.8900
4.344662 0.8930 0.8930 0.8960 0.9000 0.9010
4.378000 0.9060 0.9080 0.9110 0.9130 0.9140
4.410662 0.9160 0.9170 0.9190 0.9210 0.9210
4.443000 0.9220 0.9220 0.9220 0.9220 0.9220
4.475662 0.9220 0.9240 0.9240 0.9240 0.9240
4.508000 0.9240 0.9240 0.9240 0.9240 0.9250
4.540662 0.9250 0.9250 0.9250 0.9250 0.9250
4.574000 0.9250 0.9250 0.9270 0.9270 0.9270
4.606662 0.9270 0.9270 0.9270 0.9270 0.9270
4.639000 0.9270 0.9270 0.9270 0.9270 0.9270
4.671662 0.9270 0.9270 0.9270 0.9270 0.9270
4.704000 0.9270 0.9270 0.9270 0.9270 0.9290
4.736662 0.9290 0.9290 0.9290 0.9290 0.9290
4.769000 0.9290 0.9290 0.9290 0.9290 0.9290
4.801662 0.9290 0.9290 0.9290 0.9290 0.9290
4.835000 0.9290 0.9290 0.9290 0.9290 0.9290
4.867662 0.9270 0.9270 0.9270 0.9250 0.9250
4.900000 0.9250 0.9250 0.9250 0.9250 0.9250
4.932662 0.9250 0.9250 0.9250 0.9250 0.9250
4.965000 0.9240 0.9240 0.9240 0.9240 0.9240
4.997662 0.9240 0.9220 0.9220 0.9220 0.9220
5.031000 0.9220 0.9240 0.9240 0.9250 0.9250
5.063662 0.9250 0.9270 0.9270 0.9270 0.9270
5.096000 0.9270 0.9270 0.9270 0.9270 0.9270
5.128662 0.9270 0.9250 0.9250 0.9250 0.9250
5.161000 0.9250 0.9240 0.9240 0.9240 0.9240
5.193662 0.9220 0.9220 0.9220 0.9220 0.9210
5.227000 0.9210 0.9210 0.9210 0.9210 0.9210
5.259662 0.9190 0.9190 0.9190 0.9170 0.9130
5.292000 0.9090 0.9030 0.8950 0.8850 0.8790
5.324662 0.8720 0.8660 0.8590 0.8530 0.8450
5.357000 0.8320 0.8300 0.8320 0.8380 0.8560
5.389662 0.8670 0.8740 0.8880 0.8930 0.8960
5.422000 0.9000 0.9000 0.9010 0.9010 0.9040
5.454662 0.9060 0.9090 0.9110 0.9110 0.9130
5.488000 0.9140 0.9140 0.9160 0.9160 0.9170
5.520662 0.9170 0.9190 0.9190 0.9190 0.9210
5.553000 0.9210 0.9210 0.9210 0.9210 0.9190
5.585662 0.9190 0.9190 0.9190 0.9190 0.9190
5.618000 0.9190 0.9190 0.9190 0.9190 0.9190
5.650662 0.9170 0.9170 0.9170 0.9170 0.9160
5.684000 0.9130 0.9090 0.9060 0.9000 0.8980
5.716662 0.8900 0.8870 0.8820 0.8800 0.8790
5.749000 0.8790 0.8770 0.8770 0.8770 0.8790
5.781662 0.8840 0.8900 0.8950 0.8980 0.8980
5.814000 0.9000 0.9000 0.9000 0.9000 0.9000
5.846662 0.9000 0.8980 0.8960 0.8960 0.8950
5.879000 0.8930 0.8900 0.8880 0.8870 0.8850
5.911662 0.8850 0.8820 0.8800 0.8790 0.8790
5.945000 0.8770 0.8720 0.8690 0.8690 0.8670
5.977662 0.8660 0.8640 0.8630 0.8590 0.8580
6.010000 0.8550 0.8510 0.8510 0.8480 0.8450
6.042662 0.8400 0.8340 0.8260 0.8180 0.8080
6.075000 0.8000 0.7900 0.7820 0.7710 0.7600
6.107662 0.7470 0.7340 0.7180 0.7000 0.6810
6.141000 0.6690 0.6580 0.6340 0.6000 0.5700
6.173662 0.5180 0.4790 0.4120 0.3700 0.3260
6.206000 0.2330 0.2010 0.1300 0.1300 0.1610
6.238662 0.1750 0.2170 0.2590 0.3010 0.3300
6.271000 0.3940 0.4150 0.4390 0.4540 0.4650
6.303662 0.4750 0.4790 0.4870 0.4910 0.4970
6.337000 0.4970 0.5000 0.5020 0.5040 0.5040
6.369662 0.4990 0.4990 0.4970 0.4910 0.4830
6.402000 0.4750 0.4650 0.4550 0.4490 0.4440
6.434662 0.4380 0.4340 0.4310 0.4310 0.4290
6.467000 0.4310 0.4380 0.4440 0.4490 0.4500
6.499662 0.4570 0.4570 0.4580 0.4550 0.4500
6.532000 0.4490 0.4440 0.4260 0.4040 0.3830
6.564662 0.3540 0.3390 0.3230 0.3040 0.2640
6.598000 0.2280 0.1930 0.1650 0.1410 0.1250
6.630662 0.1030 0.0850 0.0660 0.0530 0.0460
6.663000 0.0430 0.0450 0.0530 0.0720 0.0980
6.695662 0.1490 0.2150 0.2780 0.3300 0.3990
6.728000 0.4260 0.4440 0.4500 0.4570 0.4600
6.760662 0.4570 0.4520 0.4500 0.4440 0.4390
6.794000 0.4310 0.4260 0.4200 0.4170 0.4150
6.826662 0.4170 0.4280 0.4440 0.4550 0.4790
6.859000 0.5020 0.5230 0.5440 0.5630 0.5740
6.891662 0.5920 0.6030 0.6130 0.6190 0.6280
6.924000 0.6340 0.6390 0.6450 0.6470 0.6470
6.956662 0.6480 0.6480 0.6450 0.6420 0.6390
6.989000 0.6370 0.6340 0.6310 0.6290 0.6260
7.021662 0.6240 0.6230 0.6190 0.6180 0.6110
7.055000 0.6030 0.5990 0.5920 0.5740 0.5530
7.087662 0.5340 0.5180 0.5020 0.4920 0.4790
7.120000 0.4760 0.4780 0.4810 0.4890 0.5040
7.152662 0.5230 0.5360 0.5410 0.5450 0.5420
7.185000 0.5290 0.5210 0.5120 0.5080 0.4970
7.217662 0.4790 0.4730 0.4550 0.4540 0.4550
7.251000 0.4620 0.4810 0.4990 0.5240 0.5520
7.283662 0.5730 0.5920 0.5970 0.6000 0.6020
7.316000 0.6020 0.6020 0.6020 0.6030 0.6030
7.348662 0.6030 0.6050 0.6070 0.6080 0.6100
7.381000 0.6100 0.6100 0.6070 0.5990 0.5890
7.413662 0.5780 0.5650 0.5520 0.5390 0.5230
7.447000 0.5080 0.4910 0.4730 0.4520 0.4380
7.479662 0.4260 0.4130 0.3990 0.3880 0.3700
7.512000 0.3510 0.3410 0.3300 0.3100 0.2940
7.544662 0.2800 0.2680 0.2570 0.2460 0.2360
7.577000 0.2330 0.2350 0.2410 0.2510 0.2680
7.609662 0.2800 0.2930 0.3040 0.3220 0.3540
7.642000 0.3700 0.3750 0.3890 0.3970 0.4000
7.674662 0.4000 0.3990 0.3940 0.3830 0.3800
7.708000 0.3730 0.3710 0.3730 0.3830 0.3970
7.740662 0.4130 0.4280 0.4440 0.4500 0.4600
7.773000 0.4660 0.4750 0.4760 0.4780 0.4790
7.805662 0.4790 0.4790 0.4780 0.4730 0.4680
7.838000 0.4600 0.4520 0.4420 0.4250 0.4090
7.870662 0.3940 0.3780 0.3600 0.3470 0.3380
7.904000 0.3280 0.3140 0.2970 0.2810 0.2720
7.936662 0.2670 0.2600 0.2570 0.2560 0.2520
7.969000 0.2510 0.2490 0.2490 0.2510 0.2540
8.001662 0.2670 0.2780 0.2960 0.3140 0.3540
8.034000 0.3750 0.3940 0.4100 0.4280 0.4440
8.066662 0.4580 0.4710 0.4780 0.4870 0.5020
8.099000 0.5080 0.5160 0.5230 0.5310 0.5390
8.131662 0.5500 0.5580 0.5680 0.5730 0.5790
8.165000 0.5870 0.5940 0.6020 0.6080 0.6180
8.197662 0.6190 0.6230 0.6320 0.6440 0.6470
8.230000 0.6500 0.6580 0.6610 0.6730 0.6770
8.262662 0.6850 0.6980 0.7160 0.7180 0.7160
8.295000 0.7060 0.7000 0.6970 0.6940 0.6890
8.327662 0.6870 0.6810 0.6770 0.6680 0.6660
8.361000 0.6630 0.6580 0.6550 0.6500 0.6480
8.393662 0.6420 0.6360 0.6160 0.5940 0.5780
8.426000 0.5570 0.5280 0.4830 0.4440 0.4310
8.458662 0.4050 0.3800 0.3800 0.4070 0.4330
8.491000 0.4580 0.4790 0.5240 0.5710 0.6130
8.523662 0.6370 0.6520 0.6600 0.6660 0.6660
8.557000 0.6680 0.6680 0.6660 0.6600 0.6580
8.589662 0.6530 0.6470 0.6390 0.6310 0.6230
8.622000 0.6150 0.6030 0.5920 0.5780 0.5650
8.654662 0.5490 0.5340 0.5180 0.5040 0.4910
8.687000 0.4780 0.4650 0.4540 0.4470 0.4390
8.719662 0.4340 0.4310 0.4280 0.4260 0.4250
8.752000 0.4230 0.4210 0.4210 0.4210 0.4200
8.784662 0.4200 0.4170 0.4170 0.4100 0.4050
8.818000 0.4000 0.3970 0.3940 0.3860 0.3780
8.850662 0.3700 0.3670 0.3590 0.3570 0.3550
8.883000 0.3540 0.3520 0.3520 0.3510 0.3510
8.915662 0.3490 0.3490 0.3490 0.3490 0.3490
8.948000 0.3490 0.3490 0.3510 0.3520 0.3520
8.980662 0.3540 0.3570 0.3630 0.3700 0.3750
9.014000 0.3760 0.3780 0.3780 0.3760 0.3680
9.046662 0.3590 0.3470 0.3380 0.3280 0.3040
9.079000 0.2930 0.2650 0.2440 0.2300 0.2150
9.111662 0.2040 0.1980 0.1940 0.1930 0.1960
9.144000 0.2040 0.2190 0.2330 0.2510 0.2640
9.176662 0.2800 0.2940 0.3100 0.3230 0.3520
9.209000 0.3630 0.3710 0.3760 0.3800 0.3880
9.241662 0.3960 0.3990 0.4020 0.4020 0.4040
9.275000 0.4050 0.4050 0.4050 0.4050 0.4050
9.307662 0.4050 0.4050 0.4050 0.4050 0.4050
9.340000 0.4050 0.4050 0.4050 0.4050 0.4050
9.372662 0.4050 0.4070 0.4090 0.4130 0.4180
9.405000 0.4230 0.4260 0.4290 0.4360 0.4380
9.437662 0.4410 0.4460 0.4470 0.4490 0.4550
9.471000 0.4580 0.4600 0.4650 0.4650 0.4660
9.503662 0.4680 0.4700 0.4760 0.4780 0.4860
9.536000 0.4920 0.4970 0.5050 0.5130 0.5210
9.568662 0.5310 0.5390 0.5490 0.5570 0.5650
9.601000 0.5710 0.5820 0.5920 0.6020 0.6110
9.633662 0.6190 0.6290 0.6370 0.6470 0.6580
9.666000 0.6810 0.6940 0.7030 0.7180 0.7270
9.698662 0.7370 0.7430 0.7500 0.7560 0.7610
9.732000 0.7660 0.7680 0.7690 0.7740 0.7760
9.764662 0.7760 0.7770 0.7790 0.7800 0.7820
9.797000 0.7800 0.7800 0.7790 0.7760 0.7690
9.829662 0.7660 0.7600 0.7560 0.7470 0.7370
9.862000 0.7290 0.7240 0.7130 0.6980 0.6810
9.894662 0.6710 0.6610 0.6420 0.6260 0.6110
9.928000 0.6020 0.5940 0.5870 0.5840 0.5860
9.960662 0.5920 0.6020 0.6130 0.6280 0.6400
9.993000 0.6530 0.6660 0.6940 0.7060 0.7180
10.025662 0.7310 0.7420 0.7550 0.7640 0.7760
10.058000 0.7850 0.7930 0.8010 0.8130 0.8180
10.090662 0.8260 0.8290 0.8350 0.8380 0.8450
10.124000 0.8480 0.8560 0.8590 0.8660 0.8670
10.156662 0.8670 0.8690 0.8710 0.8720 0.8740
10.189000 0.8760 0.8770 0.8790 0.8840 0.8850
10.221662 0.8850 0.8850 0.8850 0.8850 0.8840
10.254000 0.8820 0.8820 0.8800 0.8800 0.8790
10.286662 0.8790 0.8790 0.8790 0.8770 0.8770
10.319000 0.8770 0.8740 0.8710 0.8670 0.8630
10.351662 0.8610 0.8590 0.8590 0.8590 0.8580
10.385000 0.8530 0.8470 0.8380 0.8350 0.8270
10.417662 0.8220 0.8160 0.8090 0.8060 0.7980
10.450000 0.7950 0.7890 0.7820 0.7760 0.7690
10.482662 0.7660 0.7580 0.7520 0.7470 0.7420
10.515000 0.7370 0.7340 0.7290 0.7260 0.7190
10.547662 0.7160 0.7060 0.7020 0.6970 0.6940
10.581000 0.6920 0.6870 0.6790 0.6690 0.6660
10.613662 0.6610 0.6520 0.6480 0.6470 0.6420
10.646000 0.6370 0.6360 0.6340 0.6280 0.6260
10.678662 0.6240 0.6190 0.6160 0.6160 0.6150
10.711000 0.6130 0.6110 0.6110 0.6080 0.6070
10.743662 0.6070 0.6030 0.6030 0.6020 0.5990
10.776000 0.5970 0.5950 0.5920 0.5900 0.5860
10.808662 0.5840 0.5810 0.5790 0.5780 0.5780
10.842000 0.5780 0.5790 0.5820 0.5870 0.5900
10.874662 0.6000 0.6110 0.6210 0.6400 0.6520
10.907000 0.6940 0.7110 0.7310 0.7400 0.7470
10.939662 0.7550 0.7640 0.7680 0.7740 0.7770
10.972000 0.7790 0.7800 0.7840 0.7850 0.7870
11.004662 0.7870 0.7870 0.7870 0.7890 0.7890
11.038000 0.7890 0.7890 0.7900 0.7900 0.7900
11.070662 0.7920 0.7920 0.7930 0.7930 0.7930
11.103000 0.7950 0.7950 0.7950 0.7950 0.7950
11.135662 0.7950 0.7950 0.7970 0.7970 0.7980
11.168000 0.7980 0.7980 0.7970 0.7950 0.7900
11.200662 0.7890 0.7840 0.7800 0.7790 0.7770
11.234000 0.7760 0.7740 0.7690 0.7680 0.7660
11.266662 0.7600 0.7560 0.7520 0.7500 0.7470
11.299000 0.7450 0.7420 0.7370 0.7350 0.7290
11.331662 0.7260 0.7190 0.7140 0.7060 0.7020
11.364000 0.6970 0.6950 0.6920 0.6900 0.6850
11.396662 0.6810 0.6730 0.6690 0.6660 0.6610
11.429000 0.6570 0.6520 0.6470 0.6420 0.6370
11.461662 0.6320 0.6280 0.6240 0.6210 0.6160
11.495000 0.6100 0.6070 0.6000 0.5970 0.5950
11.527662 0.5920 0.5870 0.5860 0.5840 0.5810
11.560000 0.5780 0.5780 0.5760 0.5760 0.5760
11.592662 0.5760 0.5760 0.5780 0.5780 0.5780
11.625000 0.5780 0.5790 0.5790 0.5790 0.5790
11.657662 0.5790 0.5790 0.5780 0.5780 0.5780
11.691000 0.5780 0.5780 0.5780 0.5780 0.5790
11.723662 0.5790 0.5790 0.5810 0.5810 0.5820
11.756000 0.5840 0.5840 0.5840 0.5840 0.5860
11.788662 0.5860 0.5860 0.5860 0.5840 0.5820
11.821000 0.5790 0.5790 0.5780 0.5760 0.5740
11.853662 0.5680 0.5650 0.5580 0.5550 0.5500
11.886000 0.5450 0.5420 0.5310 0.5260 0.5210
11.918662 0.5130 0.5070 0.5050 0.5000 0.4950
11.952000 0.4860 0.4780 0.4680 0.4620 0.4550
11.984662 0.4540 0.4460 0.4340 0.4330 0.4290
12.017000 0.4250 0.4210 0.4180 0.4150 0.4130
12.049662 0.4100 0.4070 0.4050 0.3970 0.3960
12.082000 0.3910 0.3780 0.3680 0.3590 0.3470
12.114662 0.3360 0.3300 0.3220 0.3090 0.2960
12.148000 0.2800 0.2650 0.2490 0.2330 0.2150
12.180662 0.1990 0.1810 0.1650 0.1490 0.1330
12.213000 0.1190 0.1040 0.0910 0.0780 0.0690
12.245662 0.0570 0.0480 0.0400 0.0320 0.0280
12.278000 0.0240 0.0200 0.0190 0.0200 0.0270
12.310662 0.0300 0.0400 0.0480 0.0590 0.0700
12.344000 0.0860 0.1040 0.1220 0.1440 0.1720
12.376662 0.1980 0.2190 0.2280 0.2570 0.2830
12.409000 0.3070 0.3280 0.3680 0.3840 0.4000
12.441662 0.4170 0.4290 0.4420 0.4550 0.4660
12.474000 0.4760 0.4870 0.4950 0.5050 0.5150
12.506662 0.5240 0.5330 0.5420 0.5520 0.5610
12.539000 0.5710 0.5760 0.5860 0.5940 0.6020
12.571662 0.6080 0.6130 0.6190 0.6240 0.6310
12.605000 0.6370 0.6440 0.6500 0.6520 0.6530
12.637662 0.6570 0.6600 0.6650 0.6650 0.6710
12.670000 0.6740 0.6770 0.6840 0.6850 0.6890
12.702662 0.6920 0.6940 0.6950 0.6950 0.6970
12.735000 0.6980 0.7000 0.7020 0.7030 0.7030
12.767662 0.7050 0.7050 0.7060 0.7080 0.7100
12.801000 0.7110 0.7110 0.7130 0.7130 0.7130
12.833662 0.7140 0.7140 0.7140 0.7160 0.7160
12.866000 0.7160 0.7160 0.7160 0.7160 0.7180
12.898662 0.7180 0.7180 0.7180 0.7180 0.7180
12.931000 0.7180 0.7190 0.7190 0.7210 0.7210
12.963662 0.7230 0.7230 0.7240 0.7240 0.7240
12.996000 0.7240 0.7240 0.7240 0.7240 0.7240
13.028662 0.7240 0.7240 0.7240 0.7240 0.7240
13.062000 0.7240 0.7240 0.7240 0.7230 0.7230
13.094662 0.7210 0.7210 0.7190 0.7190 0.7190
13.127000 0.7190 0.7190 0.7190 0.7190 0.7190
13.159662 0.7180 0.7180 0.7180 0.7180 0.7180
13.192000 0.7180 0.7180 0.7180 0.7180 0.7180
13.224662 0.7180 0.7180 0.7160 0.7160 0.7160
13.258000 0.7160 0.7140 0.7140 0.7130 0.7110
13.290662 0.7100 0.7100 0.7080 0.7060 0.7050
13.323000 0.7050 0.7050 0.7050 0.7050 0.7050
13.355662 0.7050 0.7050 0.7030 0.7030 0.7030
13.388000 0.7020 0.7000 0.6980 0.6980 0.6980
13.420662 0.6970 0.6970 0.6950 0.6940 0.6920
13.454000 0.6900 0.6900 0.6890 0.6890 0.6890
13.486662 0.6870 0.6870 0.6870 0.6850 0.6850
13.519000 0.6840 0.6820 0.6820 0.6810 0.6790
13.551662 0.6790 0.6760 0.6740 0.6740 0.6730
13.584000 0.6710 0.6710 0.6690 0.6690 0.6680
13.616662 0.6680 0.6660 0.6660 0.6650 0.6650
13.649000 0.6630 0.6600 0.6580 0.6580 0.6570
13.681662 0.6570 0.6550 0.6530 0.6530 0.6530
13.715000 0.6520 0.6520 0.6520 0.6480 0.6480
13.747662 0.6480 0.6480 0.6470 0.6450 0.6450
13.780000 0.6450 0.6440 0.6420 0.6420 0.6400
13.812662 0.6400 0.6390 0.6360 0.6360 0.6340
13.845000 0.6340 0.6340 0.6320 0.6320 0.6310
13.877662 0.6310 0.6290 0.6290 0.6280 0.6260
13.911000 0.6260 0.6260 0.6240 0.6240 0.6240
13.943662 0.6230 0.6190 0.6180 0.6180 0.6160
13.976000 0.6160 0.6150 0.6150 0.6130 0.6110
14.008662 0.6100 0.6080 0.6080 0.6070 0.6050
14.041000 0.6020 0.6000 0.5990 0.5990 0.5970
14.073662 0.5950 0.5950 0.5940 0.5940 0.5920
14.106000 0.5900 0.5860 0.5840 0.5820 0.5780
14.138662 0.5760 0.5740 0.5710 0.5700 0.5680
14.172000 0.5650 0.5630 0.5610 0.5580 0.5570
14.204662 0.5520 0.5440 0.5420 0.5420 0.5370
14.237000 0.5330 0.5280 0.5240 0.5230 0.5180
14.269662 0.5160 0.5150 0.5130 0.5130 0.5080
14.302000 0.5070 0.5050 0.5040 0.5020 0.5000
14.334662 0.4990 0.4970 0.4970 0.4970 0.4970
14.368000 0.4970 0.4970 0.4970 0.4970 0.4970
14.400662 0.4970 0.4970 0.4970 0.4970 0.4970
14.433000 0.4970 0.4970 0.4970 0.4970 0.4970
14.465662 0.4970 0.4970 0.4970 0.4970 0.4970
14.498000 0.4950 0.4950 0.4940 0.4940 0.4940
14.530662 0.4940 0.4920 0.4910 0.4910 0.4870
14.564000 0.4860 0.4840 0.4830 0.4810 0.4790
14.596662 0.4780 0.4760 0.4730 0.4700 0.4660
14.629000 0.4650 0.4630 0.4570 0.4550 0.4500
14.661662 0.4490 0.4460 0.4440 0.4410 0.4360
14.694000 0.4340 0.4330 0.4280 0.4250 0.4250
14.726662 0.4210 0.4180 0.4150 0.4120 0.4070
14.759000 0.4040 0.4020 0.4000 0.3990 0.3970
14.791662 0.3960 0.3940 0.3920 0.3910 0.3890
14.825000 0.3880 0.3860 0.3830 0.3810 0.3800
14.857662 0.3760 0.3750 0.3730 0.3710 0.3700
14.890000 0.3700 0.3680 0.3680 0.3680 0.3670
14.922662 0.3670 0.3670 0.3670 0.3680 0.3700
14.955000 0.3710 0.3750 0.3760 0.3760 0.3760
14.987662 0.3760 0.3750 0.3730 0.3730 0.3710
15.021000 0.3700 0.3680 0.3670 0.3650 0.3630
15.053662 0.3630 0.3620 0.3600 0.3590 0.3570
15.086000 0.3570 0.3550 0.3540 0.3520 0.3510
15.118662 0.3510 0.3490 0.3470 0.3460 0.3440
15.151000 0.3420 0.3410 0.3390 0.3380 0.3360
15.183662 0.3340 0.3340 0.3330 0.3310 0.3300
15.216000 0.3300 0.3280 0.3260 0.3250 0.3230
15.248662 0.3220 0.3200 0.3180 0.3170 0.3150
15.282000 0.3140 0.3120 0.3100 0.3070 0.3050
15.314662 0.3050 0.3040 0.3010 0.2990 0.2970
15.347000 0.2960 0.2960 0.2960 0.2940 0.2940
15.379662 0.2930 0.2910 0.2910 0.2890 0.2890
15.412000 0.2880 0.2860 0.2860 0.2860 0.2850
15.444662 0.2850 0.2850 0.2850 0.2830 0.2810
15.478000 0.2800 0.2780 0.2780 0.2760 0.2760
15.510662 0.2760 0.2750 0.2730 0.2700 0.2680
15.543000 0.2680 0.2670 0.2670 0.2670 0.2670
15.575662 0.2650 0.2650 0.2650 0.2650 0.2650
15.608000 0.2650 0.2650 0.2650 0.2640 0.2640
15.640662 0.2640 0.2640 0.2640 0.2620 0.2620
15.674000 0.2600 0.2600 0.2590 0.2590 0.2570
15.706662 0.2560 0.2560 0.2540 0.2540 0.2540
15.739000 0.2540 0.2520 0.2520 0.2520 0.2520
15.771662 0.2520 0.2520 0.2520 0.2520 0.2510
15.804000 0.2510 0.2490 0.2470 0.2470 0.2470
15.836662 0.2470 0.2460 0.2460 0.2460 0.2460
15.869000 0.2470 0.2470 0.2470 0.2510 0.2520
15.901662 0.2520 0.2540 0.2540
##END=
