##TITLE=DIETHYLMETHOXYBORANE
##JCAMP-DX=4.24
##DATA TYPE=INFRARED SPECTRUM
##CLASS=COBLENTZ
##ORIGIN=KALLERY CHEMICAL COMPANY
##OWNER=COBLENTZ SOCIETY
Collection (C) 2018 copyright by the U.S. Secretary of Commerce
on behalf of the United States of America. All rights reserved.
##DATE=1960
##NAMES=methyl diethylborinate
##CAS REGISTRY NO=7397-46-8
##MOLFORM=C5 H13 O B
##SOURCE REFERENCE=COBLENTZ NO. 835
##$NIST SOURCE=COBLENTZ
##$NIST IMAGE=cob835
##SPECTROMETER/DATA SYSTEM=Not specified, most likely a prism, grating, or hybrid spectrometer.
##STATE=VAPOR AT 36 mmHg PRESSURE
$$ RESEARCH PURITY
##PATH LENGTH=5 CM
##SAMPLING PROCEDURE=TRANSMISSION
##RESOLUTION=4
##DATA PROCESSING=DIGITIZED BY NIST FROM HARD COPY
##XUNITS=MICROMETERS
##YUNITS=TRANSMITTANCE
##XFACTOR=1.000000
##YFACTOR=1
##DELTAX=000.006933
##FIRSTX=1.993
##LASTX=14.9996
##FIRSTY=0.833
##MAXX=14.9996
##MINX=1.993
##MAXY=0.982
##MINY=0.008
##NPOINTS=1877
##XYDATA=(X++(Y..Y))
1.993000 0.8330 0.8310 0.8330 0.8330 0.8340
2.027685 0.8340 0.8340 0.8340 0.8360 0.8380
2.062000 0.8380 0.8390 0.8390 0.8390 0.8410
2.096685 0.8410 0.8410 0.8430 0.8430 0.8430
2.132000 0.8450 0.8450 0.8450 0.8450 0.8450
2.166685 0.8450 0.8450 0.8450 0.8450 0.8450
2.201000 0.8450 0.8450 0.8430 0.8410 0.8360
2.235685 0.8330 0.8290 0.8270 0.8260 0.8260
2.270000 0.8240 0.8240 0.8220 0.8240 0.8240
2.304685 0.8260 0.8260 0.8260 0.8270 0.8270
2.340000 0.8290 0.8310 0.8330 0.8340 0.8360
2.374685 0.8380 0.8390 0.8390 0.8410 0.8430
2.409000 0.8430 0.8450 0.8460 0.8460 0.8480
2.443685 0.8500 0.8500 0.8510 0.8510 0.8510
2.478000 0.8530 0.8530 0.8530 0.8550 0.8570
2.512685 0.8570 0.8570 0.8570 0.8580 0.8580
2.548000 0.8580 0.8600 0.8600 0.8620 0.8640
2.582685 0.8650 0.8690 0.8700 0.8700 0.8720
2.617000 0.8760 0.8770 0.8770 0.8790 0.8790
2.651685 0.8790 0.8790 0.8770 0.8740 0.8720
2.686000 0.8700 0.8650 0.8570 0.8550 0.8570
2.720685 0.8580 0.8580 0.8650 0.8690 0.8740
2.756000 0.8760 0.8770 0.8790 0.8810 0.8820
2.790685 0.8840 0.8860 0.8840 0.8840 0.8840
2.825000 0.8860 0.8860 0.8840 0.8840 0.8840
2.859685 0.8840 0.8840 0.8840 0.8840 0.8840
2.894000 0.8840 0.8840 0.8840 0.8840 0.8840
2.928685 0.8840 0.8840 0.8840 0.8840 0.8840
2.964000 0.8860 0.8840 0.8840 0.8860 0.8840
2.998685 0.8860 0.8840 0.8840 0.8840 0.8820
3.033000 0.8820 0.8820 0.8810 0.8810 0.8790
3.067685 0.8790 0.8770 0.8770 0.8740 0.8720
3.102000 0.8700 0.8650 0.8620 0.8530 0.8500
3.136685 0.8450 0.8390 0.8360 0.8340 0.8290
3.172000 0.8260 0.8190 0.8140 0.8080 0.7960
3.206685 0.7840 0.7710 0.7570 0.7240 0.6880
3.241000 0.6740 0.6590 0.6480 0.6240 0.6070
3.275685 0.4680 0.3660 0.3230 0.2780 0.1870
3.310000 0.1200 0.0820 0.0440 0.0430 0.0440
3.344685 0.0460 0.0630 0.0750 0.0910 0.1060
3.380000 0.1220 0.1250 0.1290 0.1300 0.1010
3.414685 0.0650 0.0610 0.0630 0.0890 0.1460
3.449000 0.2150 0.2960 0.3230 0.5370 0.5540
3.483685 0.5850 0.6020 0.6190 0.6410 0.7160
3.518000 0.7400 0.7460 0.7600 0.7650 0.7760
3.552685 0.7860 0.7910 0.7980 0.8030 0.8100
3.588000 0.8140 0.8140 0.8150 0.8200 0.8240
3.622685 0.8270 0.8310 0.8340 0.8390 0.8430
3.657000 0.8500 0.8550 0.8620 0.8670 0.8700
3.691685 0.8740 0.8770 0.8810 0.8840 0.8860
3.726000 0.8880 0.8890 0.8910 0.8930 0.8930
3.760685 0.8930 0.8930 0.8930 0.8930 0.8930
3.796000 0.8950 0.8950 0.8960 0.8980 0.9000
3.830685 0.9010 0.9050 0.9050 0.9070 0.9070
3.865000 0.9080 0.9100 0.9100 0.9120 0.9130
3.899685 0.9130 0.9150 0.9150 0.9150 0.9150
3.934000 0.9170 0.9170 0.9150 0.9150 0.9150
3.968685 0.9150 0.9150 0.9150 0.9150 0.9150
4.004000 0.9150 0.9150 0.9150 0.9150 0.9150
4.038685 0.9150 0.9130 0.9130 0.9120 0.9130
4.073000 0.9130 0.9130 0.9150 0.9130 0.9130
4.107685 0.9130 0.9130 0.9130 0.9130 0.9130
4.142000 0.9130 0.9130 0.9130 0.9150 0.9170
4.176685 0.9170 0.9170 0.9170 0.9170 0.9170
4.212000 0.9170 0.9170 0.9170 0.9190 0.9190
4.246685 0.9170 0.9170 0.9150 0.9150 0.9150
4.281000 0.9150 0.9150 0.9150 0.9150 0.9150
4.315685 0.9150 0.9150 0.9170 0.9170 0.9170
4.350000 0.9170 0.9170 0.9190 0.9190 0.9190
4.384685 0.9190 0.9190 0.9190 0.9190 0.9200
4.420000 0.9200 0.9200 0.9220 0.9200 0.9200
4.454685 0.9200 0.9200 0.9200 0.9200 0.9200
4.489000 0.9200 0.9200 0.9200 0.9200 0.9200
4.523685 0.9200 0.9220 0.9220 0.9220 0.9200
4.558000 0.9200 0.9200 0.9200 0.9200 0.9200
4.592685 0.9200 0.9200 0.9200 0.9200 0.9200
4.628000 0.9190 0.9190 0.9170 0.9170 0.9150
4.662685 0.9150 0.9130 0.9150 0.9130 0.9130
4.697000 0.9130 0.9120 0.9120 0.9120 0.9100
4.731685 0.9100 0.9080 0.9080 0.9080 0.9070
4.766000 0.9070 0.9070 0.9070 0.9050 0.9050
4.800685 0.9050 0.9050 0.9050 0.9050 0.9050
4.836000 0.9050 0.9050 0.9050 0.9030 0.9030
4.870685 0.9010 0.9010 0.9010 0.9000 0.9000
4.905000 0.9000 0.8980 0.8980 0.8980 0.8980
4.939685 0.8960 0.8960 0.8960 0.8960 0.8960
4.974000 0.8960 0.8960 0.8960 0.8960 0.8960
5.008685 0.8960 0.8980 0.8980 0.9000 0.9000
5.044000 0.9010 0.9010 0.9030 0.9030 0.9050
5.078685 0.9050 0.9050 0.9070 0.9070 0.9080
5.113000 0.9080 0.9080 0.9100 0.9100 0.9120
5.147685 0.9120 0.9120 0.9130 0.9130 0.9130
5.182000 0.9130 0.9150 0.9150 0.9170 0.9170
5.216685 0.9170 0.9170 0.9190 0.9190 0.9200
5.252000 0.9200 0.9200 0.9220 0.9220 0.9220
5.286685 0.9220 0.9240 0.9240 0.9220 0.9220
5.321000 0.9220 0.9220 0.9220 0.9240 0.9240
5.355685 0.9240 0.9240 0.9240 0.9240 0.9240
5.390000 0.9240 0.9240 0.9240 0.9240 0.9240
5.424685 0.9240 0.9240 0.9240 0.9240 0.9240
5.460000 0.9240 0.9240 0.9240 0.9240 0.9240
5.494685 0.9240 0.9240 0.9240 0.9220 0.9240
5.529000 0.9240 0.9240 0.9250 0.9250 0.9250
5.563685 0.9250 0.9250 0.9250 0.9250 0.9240
5.598000 0.9240 0.9240 0.9240 0.9240 0.9240
5.632685 0.9220 0.9220 0.9220 0.9220 0.9220
5.668000 0.9200 0.9190 0.9190 0.9190 0.9190
5.702685 0.9170 0.9170 0.9170 0.9150 0.9150
5.737000 0.9130 0.9120 0.9120 0.9120 0.9120
5.771685 0.9120 0.9100 0.9100 0.9100 0.9080
5.806000 0.9080 0.9080 0.9070 0.9070 0.9070
5.840685 0.9070 0.9030 0.9030 0.9000 0.9000
5.876000 0.9000 0.9000 0.9000 0.9000 0.9000
5.910685 0.9010 0.9010 0.9010 0.9010 0.9010
5.945000 0.9010 0.9030 0.9030 0.9050 0.9050
5.979685 0.9050 0.9050 0.9050 0.9030 0.9030
6.014000 0.9010 0.9010 0.9000 0.9000 0.9000
6.048685 0.8980 0.8980 0.8980 0.8980 0.8960
6.084000 0.8960 0.8960 0.8960 0.8960 0.8950
6.118685 0.8950 0.8950 0.8950 0.8930 0.8930
6.153000 0.8910 0.8910 0.8910 0.8910 0.8910
6.187685 0.8890 0.8890 0.8880 0.8880 0.8880
6.222000 0.8860 0.8840 0.8840 0.8820 0.8820
6.256685 0.8810 0.8810 0.8790 0.8790 0.8770
6.292000 0.8770 0.8770 0.8760 0.8720 0.8720
6.326685 0.8700 0.8700 0.8670 0.8650 0.8620
6.361000 0.8580 0.8530 0.8460 0.8450 0.8430
6.395685 0.8410 0.8410 0.8390 0.8380 0.8330
6.430000 0.8290 0.8240 0.8190 0.8170 0.8140
6.464685 0.8080 0.8050 0.8050 0.8030 0.8000
6.500000 0.7980 0.7930 0.7900 0.7790 0.7500
6.534685 0.7290 0.7090 0.6970 0.6780 0.6710
6.569000 0.6620 0.6470 0.6330 0.6190 0.6050
6.603685 0.5690 0.5550 0.3830 0.3520 0.3390
6.638000 0.3250 0.3080 0.2940 0.2530 0.2370
6.672685 0.2130 0.1800 0.1410 0.1030 0.0800
6.708000 0.0650 0.0600 0.0580 0.0560 0.0560
6.742685 0.0580 0.0600 0.0610 0.0650 0.0720
6.777000 0.0750 0.0860 0.0990 0.1130 0.1300
6.811685 0.2080 0.2270 0.2420 0.2650 0.2850
6.846000 0.3660 0.3870 0.4020 0.4250 0.4370
6.880685 0.4540 0.4620 0.4660 0.4690 0.4710
6.916000 0.4730 0.4750 0.4760 0.4780 0.4800
6.950685 0.4810 0.4810 0.4810 0.4810 0.4800
6.985000 0.4780 0.4710 0.4680 0.4590 0.4500
7.019685 0.4260 0.3970 0.3780 0.3680 0.3510
7.054000 0.3400 0.3280 0.3180 0.3060 0.2870
7.088685 0.2660 0.2440 0.2250 0.1990 0.1630
7.124000 0.1460 0.1170 0.0980 0.0790 0.0670
7.158685 0.0580 0.0530 0.0480 0.0440 0.0370
7.193000 0.0340 0.0300 0.0290 0.0270 0.0240
7.227685 0.0200 0.0180 0.0170 0.0150 0.0130
7.262000 0.0130 0.0130 0.0120 0.0120 0.0100
7.296685 0.0100 0.0080 0.0080 0.0080 0.0080
7.332000 0.0080 0.0080 0.0080 0.0080 0.0080
7.366685 0.0080 0.0080 0.0080 0.0080 0.0100
7.401000 0.0100 0.0100 0.0120 0.0120 0.0120
7.435685 0.0130 0.0150 0.0150 0.0150 0.0150
7.470000 0.0200 0.0220 0.0220 0.0250 0.0290
7.504685 0.0320 0.0340 0.0370 0.0410 0.0440
7.540000 0.0480 0.0490 0.0550 0.0600 0.0680
7.574685 0.0740 0.0800 0.0890 0.0990 0.1130
7.609000 0.1250 0.1460 0.1680 0.1800 0.1890
7.643685 0.1970 0.2030 0.2090 0.2220 0.2400
7.678000 0.2560 0.2710 0.2780 0.2990 0.3080
7.712685 0.3160 0.3280 0.3490 0.3560 0.3630
7.748000 0.3730 0.3800 0.3850 0.3900 0.3970
7.782685 0.4010 0.4020 0.4020 0.4060 0.4020
7.817000 0.3940 0.3830 0.3660 0.3540 0.3440
7.851685 0.3370 0.3280 0.3090 0.3020 0.2870
7.886000 0.2660 0.2580 0.2400 0.2230 0.2110
7.920685 0.2030 0.1960 0.1920 0.1890 0.1890
7.956000 0.1870 0.1850 0.1870 0.1910 0.1960
7.990685 0.1990 0.2060 0.2200 0.2340 0.2460
8.025000 0.2590 0.2730 0.2850 0.3020 0.3180
8.059685 0.3280 0.3490 0.3560 0.3630 0.3710
8.094000 0.3830 0.3920 0.4020 0.4110 0.4250
8.128685 0.4330 0.4440 0.4520 0.4610 0.4680
8.164000 0.4750 0.4830 0.4880 0.4920 0.4990
8.198685 0.5060 0.5110 0.5140 0.5180 0.5210
8.233000 0.5240 0.5260 0.5280 0.5300 0.5310
8.267685 0.5330 0.5330 0.5330 0.5330 0.5330
8.302000 0.5310 0.5280 0.5260 0.5240 0.5210
8.336685 0.5160 0.5110 0.5060 0.5000 0.4930
8.372000 0.4880 0.4830 0.4760 0.4690 0.4660
8.406685 0.4620 0.4560 0.4520 0.4470 0.4440
8.441000 0.4400 0.4400 0.4380 0.4370 0.4370
8.475685 0.4370 0.4380 0.4420 0.4420 0.4440
8.510000 0.4440 0.4450 0.4490 0.4500 0.4560
8.544685 0.4570 0.4620 0.4660 0.4680 0.4710
8.580000 0.4750 0.4780 0.4810 0.4850 0.4870
8.614685 0.4870 0.4870 0.4870 0.4880 0.4870
8.649000 0.4870 0.4870 0.4850 0.4830 0.4780
8.683685 0.4760 0.4730 0.4690 0.4620 0.4570
8.718000 0.4540 0.4440 0.4320 0.4250 0.4160
8.752685 0.4090 0.4010 0.3970 0.3870 0.3830
8.788000 0.3780 0.3730 0.3710 0.3680 0.3640
8.822685 0.3590 0.3540 0.3510 0.3510 0.3470
8.857000 0.3450 0.3440 0.3420 0.3400 0.3390
8.891685 0.3350 0.3330 0.3320 0.3300 0.3280
8.926000 0.3250 0.3210 0.3180 0.3140 0.3130
8.960685 0.3090 0.3060 0.3020 0.3020 0.3010
8.996000 0.2990 0.2970 0.2970 0.2970 0.2970
9.030685 0.2970 0.2970 0.2990 0.3010 0.3040
9.065000 0.3080 0.3110 0.3140 0.3200 0.3280
9.099685 0.3470 0.3560 0.3610 0.3730 0.3850
9.134000 0.3920 0.3970 0.4060 0.4110 0.4180
9.168685 0.4230 0.4250 0.4370 0.4420 0.4490
9.204000 0.4500 0.4500 0.4490 0.4440 0.4160
9.238685 0.3660 0.3490 0.3390 0.3270 0.3180
9.273000 0.3130 0.3090 0.3060 0.3020 0.3020
9.307685 0.3020 0.3020 0.3020 0.3010 0.3020
9.342000 0.3020 0.3040 0.3060 0.3090 0.3110
9.376685 0.3140 0.3210 0.3250 0.3320 0.3560
9.412000 0.3730 0.3900 0.4040 0.4140 0.4230
9.446685 0.4370 0.4560 0.4590 0.4610 0.4710
9.481000 0.4880 0.5120 0.5280 0.5380 0.5450
9.515685 0.5540 0.5610 0.5640 0.5690 0.5730
9.550000 0.5760 0.5800 0.5850 0.5860 0.5880
9.584685 0.5950 0.5950 0.5920 0.5900 0.5880
9.620000 0.5830 0.5800 0.5610 0.5470 0.5430
9.654685 0.5430 0.5450 0.5450 0.5450 0.5450
9.689000 0.5450 0.5430 0.5420 0.5400 0.5370
9.723685 0.5310 0.5260 0.5160 0.5120 0.5060
9.758000 0.5040 0.4990 0.4930 0.4870 0.4810
9.792685 0.4800 0.4750 0.4710 0.4690 0.4690
9.828000 0.4680 0.4660 0.4680 0.4690 0.4690
9.862685 0.4730 0.4760 0.4810 0.4830 0.4850
9.897000 0.4950 0.5020 0.5120 0.5190 0.5280
9.931685 0.5370 0.5430 0.5570 0.5660 0.5760
9.966000 0.5850 0.5920 0.6000 0.6040 0.6070
10.000685 0.6170 0.6260 0.6310 0.6400 0.6540
10.036000 0.6640 0.6720 0.6740 0.6810 0.6850
10.070685 0.6880 0.6910 0.6970 0.7020 0.7030
10.105000 0.7070 0.7100 0.7140 0.7160 0.7170
10.139685 0.7170 0.7210 0.7220 0.7220 0.7260
10.174000 0.7260 0.7240 0.7220 0.7220 0.7210
10.208685 0.7190 0.7160 0.7120 0.7100 0.7030
10.244000 0.7000 0.6910 0.6860 0.6790 0.6710
10.278685 0.6670 0.6620 0.6500 0.6450 0.6430
10.313000 0.6380 0.6350 0.6330 0.6260 0.6210
10.347685 0.6170 0.6140 0.6090 0.6050 0.6040
10.382000 0.6020 0.5980 0.5950 0.5920 0.5880
10.416685 0.5860 0.5850 0.5810 0.5800 0.5760
10.452000 0.5740 0.5710 0.5690 0.5670 0.5670
10.486685 0.5660 0.5640 0.5640 0.5640 0.5640
10.521000 0.5620 0.5620 0.5620 0.5620 0.5620
10.555685 0.5620 0.5620 0.5640 0.5640 0.5640
10.590000 0.5660 0.5660 0.5660 0.5670 0.5690
10.624685 0.5710 0.5740 0.5760 0.5800 0.5850
10.660000 0.5880 0.5900 0.5950 0.5980 0.6000
10.694685 0.6050 0.6090 0.6160 0.6240 0.6310
10.729000 0.6380 0.6450 0.6480 0.6600 0.6660
10.763685 0.6760 0.6810 0.6900 0.6950 0.7000
10.798000 0.7050 0.7100 0.7140 0.7210 0.7260
10.832685 0.7290 0.7330 0.7360 0.7410 0.7460
10.868000 0.7480 0.7550 0.7590 0.7620 0.7650
10.902685 0.7710 0.7740 0.7760 0.7830 0.7880
10.937000 0.7900 0.7910 0.7960 0.8000 0.8020
10.971685 0.8030 0.8070 0.8080 0.8080 0.8120
11.006000 0.8150 0.8170 0.8200 0.8240 0.8260
11.040685 0.8310 0.8330 0.8330 0.8360 0.8380
11.076000 0.8390 0.8410 0.8430 0.8450 0.8460
11.110685 0.8480 0.8510 0.8530 0.8550 0.8580
11.145000 0.8600 0.8620 0.8640 0.8650 0.8700
11.179685 0.8720 0.8760 0.8770 0.8790 0.8820
11.214000 0.8820 0.8860 0.8880 0.8880 0.8910
11.248685 0.8930 0.8950 0.8960 0.9000 0.9050
11.284000 0.9070 0.9120 0.9130 0.9150 0.9190
11.318685 0.9200 0.9220 0.9240 0.9250 0.9270
11.353000 0.9290 0.9320 0.9320 0.9340 0.9340
11.387685 0.9360 0.9380 0.9390 0.9410 0.9430
11.422000 0.9440 0.9460 0.9480 0.9500 0.9510
11.456685 0.9530 0.9550 0.9560 0.9560 0.9580
11.492000 0.9580 0.9600 0.9620 0.9620 0.9630
11.526685 0.9650 0.9670 0.9670 0.9670 0.9670
11.561000 0.9670 0.9670 0.9690 0.9690 0.9700
11.595685 0.9720 0.9720 0.9740 0.9750 0.9750
11.630000 0.9750 0.9750 0.9770 0.9770 0.9770
11.664685 0.9770 0.9770 0.9790 0.9790 0.9790
11.700000 0.9790 0.9790 0.9790 0.9810 0.9810
11.734685 0.9820 0.9810 0.9810 0.9810 0.9810
11.769000 0.9810 0.9810 0.9810 0.9810 0.9810
11.803685 0.9810 0.9810 0.9810 0.9810 0.9810
11.838000 0.9810 0.9810 0.9810 0.9810 0.9810
11.872685 0.9810 0.9810 0.9810 0.9810 0.9810
11.908000 0.9810 0.9810 0.9810 0.9820 0.9820
11.942685 0.9820 0.9820 0.9820 0.9820 0.9810
11.977000 0.9810 0.9810 0.9810 0.9810 0.9810
12.011685 0.9810 0.9810 0.9810 0.9810 0.9820
12.046000 0.9820 0.9820 0.9820 0.9820 0.9810
12.080685 0.9810 0.9810 0.9810 0.9810 0.9810
12.116000 0.9810 0.9810 0.9810 0.9810 0.9810
12.150685 0.9810 0.9790 0.9790 0.9810 0.9820
12.185000 0.9820 0.9820 0.9820 0.9820 0.9820
12.219685 0.9820 0.9820 0.9820 0.9820 0.9820
12.254000 0.9820 0.9820 0.9810 0.9810 0.9810
12.288685 0.9790 0.9770 0.9770 0.9770 0.9750
12.324000 0.9750 0.9740 0.9740 0.9740 0.9720
12.358685 0.9700 0.9690 0.9670 0.9650 0.9630
12.393000 0.9630 0.9620 0.9600 0.9580 0.9560
12.427685 0.9550 0.9550 0.9510 0.9480 0.9440
12.462000 0.9430 0.9390 0.9360 0.9340 0.9310
12.496685 0.9270 0.9240 0.9220 0.9190 0.9150
12.532000 0.9100 0.9050 0.9010 0.8980 0.8960
12.566685 0.8930 0.8860 0.8820 0.8770 0.8700
12.601000 0.8670 0.8620 0.8580 0.8550 0.8500
12.635685 0.8430 0.8380 0.8330 0.8260 0.8220
12.670000 0.8200 0.8140 0.8070 0.8030 0.8020
12.704685 0.7980 0.7900 0.7840 0.7810 0.7760
12.740000 0.7720 0.7710 0.7670 0.7620 0.7590
12.774685 0.7550 0.7500 0.7460 0.7450 0.7430
12.809000 0.7400 0.7400 0.7380 0.7360 0.7360
12.843685 0.7340 0.7360 0.7360 0.7380 0.7380
12.878000 0.7400 0.7410 0.7430 0.7450 0.7480
12.912685 0.7500 0.7520 0.7550 0.7570 0.7600
12.948000 0.7600 0.7620 0.7640 0.7640 0.7650
12.982685 0.7650 0.7650 0.7650 0.7650 0.7650
13.017000 0.7640 0.7650 0.7650 0.7670 0.7670
13.051685 0.7690 0.7710 0.7740 0.7760 0.7770
13.086000 0.7810 0.7840 0.7860 0.7880 0.7910
13.120685 0.7950 0.7980 0.8000 0.8000 0.8020
13.156000 0.8020 0.8030 0.8050 0.8070 0.8080
13.190685 0.8120 0.8140 0.8150 0.8190 0.8200
13.225000 0.8220 0.8240 0.8270 0.8310 0.8330
13.259685 0.8340 0.8380 0.8410 0.8410 0.8430
13.294000 0.8450 0.8480 0.8500 0.8500 0.8530
13.328685 0.8550 0.8570 0.8580 0.8620 0.8670
13.364000 0.8690 0.8700 0.8720 0.8760 0.8770
13.398685 0.8790 0.8820 0.8840 0.8860 0.8880
13.433000 0.8890 0.8910 0.8930 0.8950 0.8960
13.467685 0.9010 0.9050 0.9070 0.9080 0.9100
13.502000 0.9120 0.9130 0.9150 0.9170 0.9190
13.536685 0.9200 0.9220 0.9240 0.9250 0.9250
13.572000 0.9290 0.9290 0.9310 0.9320 0.9340
13.606685 0.9360 0.9360 0.9380 0.9380 0.9390
13.641000 0.9410 0.9430 0.9430 0.9430 0.9440
13.675685 0.9440 0.9460 0.9460 0.9480 0.9500
13.710000 0.9500 0.9500 0.9500 0.9510 0.9510
13.744685 0.9530 0.9530 0.9530 0.9530 0.9530
13.780000 0.9530 0.9550 0.9550 0.9550 0.9550
13.814685 0.9550 0.9550 0.9550 0.9550 0.9550
13.849000 0.9550 0.9550 0.9550 0.9550 0.9560
13.883685 0.9560 0.9550 0.9560 0.9560 0.9560
13.918000 0.9560 0.9560 0.9560 0.9560 0.9560
13.952685 0.9560 0.9560 0.9560 0.9560 0.9560
13.988000 0.9560 0.9560 0.9560 0.9560 0.9580
14.022685 0.9580 0.9580 0.9600 0.9580 0.9600
14.057000 0.9580 0.9580 0.9580 0.9580 0.9580
14.091685 0.9580 0.9580 0.9560 0.9560 0.9560
14.126000 0.9560 0.9560 0.9560 0.9560 0.9560
14.160685 0.9560 0.9580 0.9580 0.9580 0.9580
14.196000 0.9580 0.9580 0.9580 0.9580 0.9580
14.230685 0.9580 0.9580 0.9580 0.9580 0.9580
14.265000 0.9580 0.9560 0.9560 0.9560 0.9560
14.299685 0.9560 0.9560 0.9550 0.9550 0.9550
14.334000 0.9530 0.9530 0.9530 0.9510 0.9500
14.368685 0.9500 0.9480 0.9480 0.9440 0.9430
14.404000 0.9430 0.9410 0.9390 0.9390 0.9380
14.438685 0.9360 0.9340 0.9320 0.9320 0.9290
14.473000 0.9290 0.9290 0.9290 0.9270 0.9270
14.507685 0.9250 0.9240 0.9220 0.9220 0.9220
14.542000 0.9200 0.9190 0.9190 0.9170 0.9170
14.576685 0.9150 0.9150 0.9150 0.9150 0.9130
14.612000 0.9130 0.9130 0.9130 0.9120 0.9120
14.646685 0.9100 0.9100 0.9100 0.9100 0.9080
14.681000 0.9070 0.9050 0.9030 0.9030 0.9030
14.715685 0.9030 0.9010 0.8980 0.8960 0.8950
14.750000 0.8930 0.8890 0.8880 0.8880 0.8860
14.784685 0.8840 0.8840 0.8820 0.8810 0.8810
14.820000 0.8790 0.8770 0.8760 0.8740 0.8740
14.854685 0.8720 0.8700 0.8690 0.8670 0.8670
14.889000 0.8650 0.8640 0.8620 0.8580 0.8550
14.923685 0.8510 0.8500 0.8460 0.8450 0.8410
14.958000 0.8390 0.8380 0.8380 0.8360 0.8330
14.992685 0.8380 0.8360
##END=
