##TITLE=AMETHONE BASE
##JCAMP-DX=4.24
##DATA TYPE=INFRARED SPECTRUM
##CLASS=COBLENTZ
##ORIGIN=ABBOTT LABORATORIES
##OWNER=COBLENTZ SOCIETY
Collection (C) 2018 copyright by the U.S. Secretary of Commerce
on behalf of the United States of America. All rights reserved.
##DATE=Not specified, most likely prior to 1970
##NAMES=3-[2-(diethylamino)ethyl]-3-phenyl-1-benzofuran-2(3H)-one
##CAS REGISTRY NO=76-65-3
##MOLFORM=C20 H23 N O2
##SOURCE REFERENCE=COBLENTZ NO. 676
##$NIST SOURCE=COBLENTZ
##$NIST IMAGE=cob676
##SPECTROMETER/DATA SYSTEM=Not specified, most likely a grating spectrometer.
##STATE=LIQUID
##PATH LENGTH=CAPILLARY
##SAMPLING PROCEDURE=TRANSMISSION
##RESOLUTION=4
##DATA PROCESSING=DIGITIZED BY NIST FROM HARD COPY
##XUNITS=MICROMETERS
##YUNITS=TRANSMITTANCE
##XFACTOR=1.000000
##YFACTOR=1
##DELTAX=000.006646
##FIRSTX=1.88
##LASTX=15.5183
##FIRSTY=0.9
##MAXX=15.5183
##MINX=1.88
##MAXY=0.907
##MINY=0.053
##NPOINTS=2053
##XYDATA=(X++(Y..Y))
1.880000 0.9000 0.9000 0.9000 0.9000 0.9000
1.913247 0.9000 0.9000 0.9000 0.9000 0.9000
1.947000 0.9020 0.9020 0.9020 0.9020 0.9020
1.980247 0.9020 0.9020 0.9020 0.9020 0.9030
2.013000 0.9030 0.9030 0.9030 0.9030 0.9030
2.046247 0.9030 0.9030 0.9030 0.9030 0.9030
2.080000 0.9030 0.9030 0.9030 0.9030 0.9030
2.113247 0.9030 0.9030 0.9030 0.9030 0.9030
2.146000 0.9030 0.9030 0.9030 0.9030 0.9030
2.179247 0.9030 0.9030 0.9030 0.9020 0.9030
2.213000 0.9030 0.9030 0.9020 0.9020 0.9020
2.246247 0.9020 0.9020 0.9020 0.9020 0.9020
2.279000 0.9000 0.9000 0.8990 0.8970 0.8950
2.312247 0.8950 0.8940 0.8940 0.8950 0.8970
2.346000 0.8970 0.8990 0.8990 0.8990 0.8990
2.379247 0.8990 0.8990 0.8970 0.8970 0.8950
2.412000 0.8940 0.8920 0.8900 0.8900 0.8900
2.445247 0.8900 0.8900 0.8900 0.8900 0.8900
2.479000 0.8920 0.8920 0.8900 0.8920 0.8940
2.512247 0.8940 0.8950 0.8970 0.8990 0.8990
2.545000 0.8990 0.8990 0.8990 0.8990 0.8990
2.578247 0.8990 0.8990 0.8990 0.8970 0.8990
2.611000 0.8990 0.8990 0.8990 0.8990 0.9000
2.644247 0.9000 0.9000 0.9000 0.9020 0.9020
2.678000 0.9020 0.9020 0.9000 0.9000 0.9000
2.711247 0.8990 0.8990 0.8970 0.8900 0.8890
2.744000 0.8870 0.8850 0.8820 0.8810 0.8790
2.777247 0.8770 0.8760 0.8760 0.8760 0.8770
2.811000 0.8770 0.8770 0.8790 0.8790 0.8810
2.844247 0.8810 0.8810 0.8810 0.8810 0.8810
2.877000 0.8810 0.8810 0.8810 0.8790 0.8790
2.910247 0.8790 0.8790 0.8770 0.8770 0.8770
2.944000 0.8770 0.8770 0.8770 0.8760 0.8760
2.977247 0.8760 0.8760 0.8760 0.8760 0.8770
3.010000 0.8810 0.8820 0.8840 0.8840 0.8840
3.043247 0.8840 0.8840 0.8840 0.8840 0.8840
3.077000 0.8840 0.8840 0.8820 0.8820 0.8820
3.110247 0.8820 0.8820 0.8820 0.8820 0.8810
3.143000 0.8810 0.8810 0.8770 0.8740 0.8710
3.176247 0.8630 0.8510 0.8400 0.8380 0.8190
3.210000 0.7990 0.7850 0.7680 0.7540 0.7520
3.243247 0.7540 0.7540 0.7570 0.7580 0.7620
3.276000 0.7630 0.7670 0.7680 0.7140 0.6610
3.309247 0.5860 0.5090 0.4590 0.4070 0.4030
3.343000 0.4070 0.4210 0.4780 0.4860 0.4960
3.376247 0.5060 0.5240 0.5430 0.5870 0.6000
3.409000 0.6140 0.6220 0.6330 0.6360 0.6380
3.442247 0.6400 0.6460 0.6460 0.6510 0.6530
3.475000 0.6540 0.6480 0.5970 0.5710 0.5570
3.508247 0.5420 0.5160 0.5140 0.5130 0.5140
3.542000 0.5270 0.5480 0.6170 0.6440 0.6610
3.575247 0.6970 0.7080 0.7190 0.7320 0.7390
3.608000 0.7450 0.7490 0.7630 0.7730 0.7810
3.641247 0.7850 0.7960 0.7980 0.8010 0.8070
3.675000 0.8120 0.8190 0.8250 0.8300 0.8350
3.708247 0.8370 0.8430 0.8460 0.8460 0.8480
3.741000 0.8510 0.8510 0.8530 0.8560 0.8590
3.774247 0.8630 0.8660 0.8680 0.8680 0.8710
3.808000 0.8710 0.8720 0.8720 0.8760 0.8760
3.841247 0.8760 0.8760 0.8760 0.8760 0.8760
3.874000 0.8760 0.8760 0.8760 0.8770 0.8790
3.907247 0.8810 0.8820 0.8840 0.8840 0.8850
3.941000 0.8850 0.8870 0.8870 0.8870 0.8870
3.974247 0.8870 0.8870 0.8870 0.8870 0.8890
4.007000 0.8890 0.8870 0.8870 0.8890 0.8890
4.040247 0.8890 0.8890 0.8890 0.8890 0.8890
4.074000 0.8890 0.8890 0.8890 0.8890 0.8890
4.107247 0.8900 0.8920 0.8920 0.8920 0.8940
4.140000 0.8940 0.8940 0.8940 0.8940 0.8940
4.173247 0.8940 0.8950 0.8950 0.8990 0.8990
4.207000 0.9020 0.9050 0.9050 0.9070 0.9070
4.240247 0.9070 0.9070 0.9070 0.9070 0.9050
4.273000 0.9030 0.9020 0.9020 0.9000 0.8990
4.306247 0.8970 0.8970 0.8950 0.8940 0.8940
4.339000 0.8900 0.8900 0.8890 0.8890 0.8870
4.372247 0.8870 0.8870 0.8890 0.8890 0.8870
4.406000 0.8870 0.8870 0.8870 0.8870 0.8870
4.439247 0.8870 0.8870 0.8890 0.8890 0.8890
4.472000 0.8890 0.8890 0.8890 0.8890 0.8890
4.505247 0.8890 0.8890 0.8890 0.8890 0.8890
4.539000 0.8890 0.8890 0.8890 0.8890 0.8890
4.572247 0.8870 0.8870 0.8870 0.8870 0.8870
4.605000 0.8870 0.8870 0.8890 0.8890 0.8870
4.638247 0.8870 0.8870 0.8870 0.8870 0.8870
4.672000 0.8870 0.8850 0.8850 0.8840 0.8840
4.705247 0.8820 0.8810 0.8810 0.8790 0.8790
4.738000 0.8790 0.8790 0.8770 0.8770 0.8790
4.771247 0.8790 0.8790 0.8790 0.8790 0.8810
4.805000 0.8810 0.8810 0.8810 0.8790 0.8790
4.838247 0.8790 0.8810 0.8820 0.8820 0.8820
4.871000 0.8840 0.8840 0.8850 0.8850 0.8840
4.904247 0.8840 0.8850 0.8850 0.8850 0.8850
4.938000 0.8850 0.8850 0.8850 0.8850 0.8840
4.971247 0.8840 0.8820 0.8820 0.8810 0.8810
5.004000 0.8810 0.8790 0.8770 0.8760 0.8760
5.037247 0.8740 0.8740 0.8710 0.8680 0.8660
5.071000 0.8610 0.8580 0.8580 0.8560 0.8550
5.104247 0.8530 0.8530 0.8530 0.8530 0.8530
5.137000 0.8530 0.8550 0.8560 0.8580 0.8590
5.170247 0.8610 0.8610 0.8610 0.8630 0.8630
5.203000 0.8610 0.8610 0.8610 0.8590 0.8590
5.236247 0.8580 0.8560 0.8560 0.8550 0.8550
5.270000 0.8530 0.8530 0.8530 0.8530 0.8530
5.303247 0.8530 0.8510 0.8510 0.8500 0.8500
5.336000 0.8480 0.8460 0.8450 0.8450 0.8450
5.369247 0.8450 0.8430 0.8420 0.8400 0.8380
5.403000 0.8350 0.8200 0.8060 0.7960 0.7860
5.436247 0.7760 0.7550 0.7310 0.6740 0.6220
5.469000 0.5700 0.4930 0.4160 0.3400 0.2780
5.502247 0.2160 0.1530 0.1280 0.1040 0.0830
5.536000 0.0680 0.0600 0.0530 0.0600 0.0840
5.569247 0.1710 0.3190 0.3300 0.3640 0.3840
5.602000 0.4030 0.4230 0.5000 0.6310 0.7050
5.635247 0.7060 0.7100 0.7290 0.7390 0.7470
5.669000 0.7540 0.7620 0.7710 0.7930 0.7960
5.702247 0.7990 0.8060 0.8110 0.8140 0.8190
5.735000 0.8240 0.8270 0.8280 0.8320 0.8350
5.768247 0.8350 0.8370 0.8380 0.8380 0.8400
5.802000 0.8420 0.8430 0.8450 0.8450 0.8450
5.835247 0.8450 0.8450 0.8450 0.8460 0.8480
5.868000 0.8480 0.8480 0.8500 0.8500 0.8500
5.901247 0.8500 0.8500 0.8500 0.8500 0.8480
5.935000 0.8480 0.8480 0.8480 0.8480 0.8460
5.968247 0.8460 0.8450 0.8450 0.8450 0.8430
6.001000 0.8430 0.8430 0.8450 0.8450 0.8460
6.034247 0.8450 0.8450 0.8450 0.8450 0.8450
6.067000 0.8450 0.8450 0.8430 0.8430 0.8420
6.100247 0.8370 0.8300 0.8200 0.8040 0.7680
6.134000 0.7310 0.6740 0.6150 0.5840 0.5520
6.167247 0.5480 0.5520 0.6150 0.6350 0.6800
6.200000 0.6930 0.7100 0.7100 0.6790 0.6480
6.233247 0.6070 0.6020 0.5940 0.6000 0.6350
6.267000 0.6950 0.7140 0.7320 0.7470 0.7520
6.300247 0.7600 0.7680 0.7760 0.7960 0.8090
6.333000 0.8220 0.8250 0.8300 0.8370 0.8430
6.366247 0.8450 0.8460 0.8480 0.8500 0.8510
6.400000 0.8550 0.8560 0.8580 0.8580 0.8580
6.433247 0.8580 0.8580 0.8580 0.8590 0.8590
6.466000 0.8580 0.8580 0.8580 0.8580 0.8580
6.499247 0.8580 0.8580 0.8580 0.8580 0.8580
6.533000 0.8580 0.8580 0.8580 0.8580 0.8580
6.566247 0.8560 0.8550 0.8510 0.8500 0.8460
6.599000 0.8450 0.8400 0.8330 0.8250 0.8190
6.632247 0.8110 0.7700 0.7290 0.6840 0.6360
6.666000 0.5890 0.5610 0.5520 0.5420 0.5400
6.699247 0.5430 0.5710 0.5740 0.5780 0.5580
6.732000 0.5370 0.5010 0.4200 0.3380 0.3370
6.765247 0.3380 0.3610 0.3810 0.3850 0.3950
6.799000 0.3940 0.3630 0.3320 0.2450 0.2000
6.832247 0.1540 0.1530 0.1560 0.2130 0.3270
6.865000 0.3990 0.4230 0.4830 0.5010 0.5060
6.898247 0.5030 0.5030 0.4980 0.5000 0.5260
6.931000 0.5480 0.5790 0.6000 0.6070 0.6270
6.964247 0.6460 0.6660 0.6970 0.7010 0.7080
6.998000 0.7320 0.7500 0.7670 0.7810 0.7890
7.031247 0.7960 0.7990 0.8060 0.8090 0.8110
7.064000 0.8110 0.8120 0.8140 0.8140 0.8140
7.097247 0.8150 0.8140 0.8140 0.8140 0.8140
7.131000 0.8120 0.8070 0.7990 0.7930 0.7810
7.164247 0.7680 0.7210 0.6820 0.6430 0.6410
7.197000 0.6140 0.5990 0.5840 0.5830 0.5830
7.230247 0.5840 0.5840 0.5870 0.5960 0.6000
7.264000 0.6040 0.5990 0.5920 0.5860 0.5840
7.297247 0.5860 0.5920 0.6050 0.6270 0.6460
7.330000 0.6660 0.6950 0.7010 0.7110 0.7320
7.363247 0.7450 0.7550 0.7730 0.7810 0.7860
7.397000 0.7890 0.7910 0.7930 0.7800 0.7750
7.430247 0.7680 0.7670 0.7580 0.7500 0.7450
7.463000 0.7390 0.7370 0.7360 0.7360 0.7360
7.496247 0.7390 0.7390 0.7280 0.7230 0.7160
7.530000 0.7080 0.7000 0.6950 0.6930 0.6880
7.563247 0.6900 0.6930 0.6930 0.7000 0.7110
7.596000 0.7180 0.7230 0.7280 0.7310 0.7360
7.629247 0.7390 0.7390 0.7390 0.7410 0.7370
7.663000 0.7340 0.7240 0.7140 0.6970 0.6820
7.696247 0.6740 0.6660 0.6590 0.6510 0.6400
7.729000 0.6250 0.6150 0.6000 0.5870 0.5710
7.762247 0.5680 0.5700 0.5730 0.5780 0.5840
7.796000 0.5990 0.6180 0.6350 0.6480 0.6490
7.829247 0.6570 0.6660 0.6740 0.6750 0.6750
7.862000 0.6750 0.6740 0.6710 0.6690 0.6690
7.895247 0.6710 0.6710 0.6720 0.6790 0.6850
7.928000 0.6970 0.6950 0.6880 0.6820 0.6770
7.961247 0.6670 0.6640 0.6590 0.6540 0.6510
7.995000 0.6490 0.6490 0.6490 0.6530 0.6560
8.028247 0.6570 0.6590 0.6660 0.6660 0.6610
8.061000 0.6330 0.5780 0.5260 0.4730 0.4440
8.094247 0.4130 0.3940 0.3760 0.3760 0.3810
8.128000 0.3950 0.4020 0.4260 0.4700 0.4960
8.161247 0.5080 0.5350 0.5520 0.5840 0.6000
8.194000 0.6180 0.6330 0.6560 0.6770 0.6840
8.227247 0.6930 0.6970 0.7050 0.7080 0.7130
8.261000 0.7160 0.7160 0.7210 0.7210 0.7130
8.294247 0.7000 0.6750 0.6620 0.6480 0.5990
8.327000 0.5730 0.5600 0.5470 0.5430 0.5400
8.360247 0.5710 0.5790 0.5960 0.6070 0.6220
8.394000 0.6330 0.6400 0.6490 0.6620 0.6620
8.427247 0.6590 0.6590 0.6560 0.6480 0.6410
8.460000 0.6220 0.6040 0.5860 0.5630 0.5550
8.493247 0.5450 0.5010 0.4780 0.4600 0.4410
8.527000 0.4120 0.4020 0.4000 0.3940 0.3940
8.560247 0.4020 0.4080 0.4260 0.4640 0.4950
8.593000 0.5290 0.5470 0.5960 0.6150 0.6220
8.626247 0.6360 0.6480 0.6570 0.6750 0.6790
8.660000 0.6820 0.6870 0.6920 0.6970 0.6980
8.693247 0.7000 0.7010 0.7050 0.7140 0.7190
8.726000 0.7320 0.7370 0.7450 0.7490 0.7500
8.759247 0.7520 0.7490 0.7440 0.7370 0.7310
8.792000 0.7110 0.6920 0.6690 0.6440 0.5970
8.825247 0.5760 0.5530 0.5190 0.5130 0.4980
8.859000 0.4850 0.4780 0.4570 0.4440 0.4420
8.892247 0.4410 0.4390 0.4420 0.4590 0.4830
8.925000 0.5030 0.5210 0.5450 0.5920 0.6090
8.958247 0.6230 0.6350 0.6480 0.6660 0.6850
8.992000 0.6930 0.7000 0.7100 0.7160 0.7180
9.025247 0.7190 0.7230 0.7290 0.7310 0.7310
9.058000 0.7310 0.7310 0.7310 0.7310 0.7310
9.091247 0.7310 0.7310 0.7310 0.7280 0.7240
9.125000 0.7100 0.6930 0.6750 0.6670 0.6590
9.158247 0.6410 0.6300 0.6220 0.6070 0.5940
9.191000 0.5920 0.5920 0.5910 0.5890 0.5890
9.224247 0.5890 0.5860 0.5810 0.5760 0.5710
9.258000 0.5630 0.5600 0.5550 0.5240 0.5010
9.291247 0.4820 0.4650 0.4520 0.4380 0.4230
9.324000 0.3810 0.3630 0.3430 0.3330 0.3220
9.357247 0.3110 0.3110 0.3220 0.3250 0.3510
9.391000 0.3770 0.4030 0.4260 0.4390 0.4560
9.424247 0.4650 0.4700 0.4770 0.4780 0.4800
9.457000 0.4820 0.4800 0.4780 0.4730 0.4690
9.490247 0.4650 0.4620 0.4540 0.4490 0.4460
9.524000 0.4410 0.4280 0.4160 0.4030 0.3770
9.557247 0.3560 0.3330 0.3240 0.3140 0.2800
9.590000 0.2580 0.2390 0.2360 0.2280 0.2190
9.623247 0.2130 0.2050 0.1980 0.1920 0.1840
9.656000 0.1770 0.1720 0.1690 0.1670 0.1670
9.689247 0.1660 0.1660 0.1660 0.1690 0.1750
9.723000 0.1840 0.1970 0.2080 0.2210 0.2500
9.756247 0.2620 0.2700 0.2760 0.2800 0.2880
9.789000 0.2980 0.2990 0.3060 0.3190 0.3250
9.822247 0.3680 0.3820 0.4030 0.4230 0.4340
9.856000 0.4640 0.4720 0.4830 0.4960 0.4960
9.889247 0.5080 0.5160 0.5220 0.5390 0.5520
9.922000 0.5760 0.5790 0.5870 0.5910 0.5910
9.955247 0.5890 0.5790 0.5630 0.5580 0.5530
9.989000 0.5340 0.5210 0.5110 0.5090 0.5010
10.022247 0.5000 0.5000 0.5000 0.5000 0.5000
10.055000 0.5030 0.5090 0.5260 0.5430 0.5680
10.088247 0.5790 0.5970 0.6070 0.6220 0.6460
10.122000 0.6570 0.6640 0.6790 0.6850 0.6970
10.155247 0.7100 0.7180 0.7260 0.7290 0.7370
10.188000 0.7450 0.7540 0.7630 0.7680 0.7710
10.221247 0.7730 0.7810 0.7830 0.7860 0.7880
10.255000 0.7910 0.7940 0.7960 0.7960 0.7990
10.288247 0.8010 0.8020 0.8060 0.8060 0.8090
10.321000 0.8120 0.8120 0.8120 0.8140 0.8140
10.354247 0.8150 0.8150 0.8150 0.8170 0.8170
10.388000 0.8170 0.8170 0.8170 0.8170 0.8170
10.421247 0.8170 0.8150 0.8140 0.8120 0.7960
10.454000 0.7800 0.7750 0.7680 0.7570 0.7470
10.487247 0.7360 0.7310 0.7280 0.7260 0.7260
10.520000 0.7260 0.7260 0.7280 0.7310 0.7360
10.553247 0.7450 0.7500 0.7570 0.7600 0.7630
10.587000 0.7670 0.7680 0.7700 0.7680 0.7670
10.620247 0.7650 0.7550 0.7470 0.7290 0.7230
10.653000 0.7140 0.7030 0.6880 0.6800 0.6790
10.686247 0.6790 0.6790 0.6790 0.6790 0.6800
10.720000 0.6820 0.6880 0.6970 0.6980 0.7050
10.753247 0.7180 0.7260 0.7360 0.7440 0.7450
10.786000 0.7520 0.7550 0.7620 0.7650 0.7680
10.819247 0.7700 0.7700 0.7700 0.7710 0.7710
10.853000 0.7710 0.7700 0.7700 0.7650 0.7600
10.886247 0.7550 0.7500 0.7490 0.7450 0.7420
10.919000 0.7390 0.7390 0.7370 0.7370 0.7370
10.952247 0.7370 0.7370 0.7370 0.7370 0.7370
10.986000 0.7370 0.7370 0.7390 0.7390 0.7390
11.019247 0.7390 0.7390 0.7390 0.7410 0.7420
11.052000 0.7440 0.7440 0.7450 0.7450 0.7440
11.085247 0.7420 0.7390 0.7360 0.7320 0.7260
11.119000 0.7210 0.7160 0.7080 0.7010 0.6950
11.152247 0.6800 0.6750 0.6670 0.6640 0.6610
11.185000 0.6540 0.6510 0.6460 0.6430 0.6400
11.218247 0.6380 0.6380 0.6380 0.6380 0.6380
11.252000 0.6400 0.6410 0.6440 0.6460 0.6490
11.285247 0.6490 0.6530 0.6530 0.6490 0.6460
11.318000 0.6430 0.6280 0.6120 0.5970 0.5710
11.351247 0.5630 0.5530 0.5450 0.5370 0.5270
11.384000 0.5210 0.5190 0.5130 0.5130 0.5170
11.417247 0.5210 0.5420 0.5550 0.5870 0.6070
11.451000 0.6170 0.6360 0.6530 0.6750 0.6970
11.484247 0.6980 0.7100 0.7180 0.7280 0.7370
11.517000 0.7450 0.7470 0.7500 0.7550 0.7600
11.550247 0.7650 0.7680 0.7730 0.7760 0.7830
11.584000 0.7880 0.7890 0.7930 0.7940 0.7940
11.617247 0.7960 0.7960 0.7960 0.7960 0.7960
11.650000 0.7980 0.7980 0.7990 0.8010 0.8020
11.683247 0.8070 0.8090 0.8120 0.8140 0.8170
11.717000 0.8200 0.8220 0.8250 0.8270 0.8300
11.750247 0.8350 0.8400 0.8450 0.8460 0.8480
11.783000 0.8500 0.8510 0.8530 0.8560 0.8580
11.816247 0.8580 0.8580 0.8590 0.8590 0.8590
11.850000 0.8590 0.8590 0.8590 0.8610 0.8610
11.883247 0.8610 0.8610 0.8610 0.8610 0.8610
11.916000 0.8610 0.8610 0.8610 0.8610 0.8610
11.949247 0.8590 0.8590 0.8590 0.8590 0.8590
11.983000 0.8580 0.8560 0.8530 0.8510 0.8480
12.016247 0.8480 0.8480 0.8460 0.8450 0.8450
12.049000 0.8450 0.8450 0.8460 0.8460 0.8450
12.082247 0.8450 0.8450 0.8460 0.8460 0.8460
12.116000 0.8480 0.8480 0.8480 0.8480 0.8480
12.149247 0.8480 0.8500 0.8500 0.8510 0.8510
12.182000 0.8510 0.8510 0.8510 0.8510 0.8510
12.215247 0.8510 0.8510 0.8510 0.8510 0.8510
12.248000 0.8530 0.8510 0.8500 0.8500 0.8480
12.281247 0.8480 0.8460 0.8450 0.8450 0.8450
12.315000 0.8400 0.8380 0.8350 0.8300 0.8270
12.348247 0.8200 0.8150 0.8140 0.8120 0.8070
12.381000 0.8060 0.8020 0.8010 0.8010 0.8010
12.414247 0.8010 0.8020 0.8040 0.8040 0.8060
12.448000 0.8070 0.8070 0.8070 0.8090 0.8090
12.481247 0.8090 0.8090 0.8090 0.8090 0.8090
12.514000 0.8090 0.8110 0.8110 0.8120 0.8140
12.547247 0.8140 0.8150 0.8190 0.8190 0.8190
12.581000 0.8200 0.8200 0.8220 0.8220 0.8220
12.614247 0.8220 0.8220 0.8240 0.8240 0.8240
12.647000 0.8250 0.8250 0.8250 0.8250 0.8240
12.680247 0.8220 0.8220 0.8220 0.8200 0.8200
12.714000 0.8190 0.8190 0.8170 0.8170 0.8150
12.747247 0.8120 0.8110 0.8090 0.8070 0.8070
12.780000 0.8070 0.8070 0.8060 0.8060 0.8040
12.813247 0.8040 0.8040 0.8020 0.8010 0.7990
12.847000 0.7980 0.7980 0.7980 0.7980 0.7960
12.880247 0.7960 0.7960 0.7890 0.7850 0.7810
12.913000 0.7800 0.7760 0.7730 0.7650 0.7600
12.946247 0.7520 0.7470 0.7370 0.7210 0.7000
12.980000 0.6790 0.6690 0.6570 0.6380 0.6350
13.013247 0.6330 0.5790 0.5650 0.5480 0.5210
13.046000 0.4960 0.4700 0.4460 0.4330 0.4200
13.079247 0.3950 0.3630 0.3510 0.3380 0.3250
13.112000 0.2990 0.2680 0.2550 0.2500 0.2390
13.145247 0.2320 0.2240 0.2230 0.2190 0.2130
13.179000 0.2080 0.2010 0.2010 0.2000 0.1980
13.212247 0.1980 0.1970 0.1970 0.1970 0.1950
13.245000 0.1950 0.1970 0.1970 0.1970 0.1970
13.278247 0.2010 0.2060 0.2140 0.2210 0.2310
13.312000 0.2390 0.2470 0.2500 0.2550 0.2620
13.345247 0.2700 0.2760 0.2810 0.2890 0.2960
13.378000 0.3040 0.3150 0.3300 0.3530 0.3580
13.411247 0.3660 0.3740 0.3840 0.4050 0.4260
13.445000 0.4380 0.4590 0.4720 0.4880 0.5010
13.478247 0.5170 0.5320 0.5450 0.5500 0.5710
13.511000 0.5780 0.5870 0.5970 0.6020 0.6090
13.544247 0.6170 0.6180 0.6230 0.6270 0.6300
13.578000 0.6350 0.6430 0.6540 0.6620 0.6640
13.611247 0.6660 0.6710 0.6720 0.6740 0.6770
13.644000 0.6800 0.6840 0.6870 0.6880 0.6950
13.677247 0.6950 0.6950 0.6970 0.6980 0.6980
13.711000 0.7000 0.7000 0.7010 0.7060 0.7060
13.744247 0.7080 0.7100 0.7110 0.7110 0.7130
13.777000 0.7140 0.7160 0.7180 0.7210 0.7240
13.810247 0.7260 0.7280 0.7290 0.7310 0.7320
13.844000 0.7340 0.7360 0.7370 0.7390 0.7440
13.877247 0.7440 0.7450 0.7450 0.7470 0.7470
13.910000 0.7490 0.7490 0.7500 0.7500 0.7490
13.943247 0.7490 0.7470 0.7470 0.7470 0.7470
13.976000 0.7470 0.7440 0.7410 0.7370 0.7310
14.009247 0.7260 0.7190 0.7100 0.6950 0.6840
14.043000 0.6750 0.6690 0.6610 0.6510 0.6430
14.076247 0.6230 0.6100 0.5940 0.5790 0.5730
14.109000 0.5630 0.5530 0.5420 0.5270 0.5160
14.142247 0.5040 0.4950 0.4820 0.4720 0.4670
14.176000 0.4640 0.4590 0.4540 0.4460 0.4440
14.209247 0.4420 0.4410 0.4390 0.4380 0.4380
14.242000 0.4360 0.4360 0.4360 0.4340 0.4310
14.275247 0.4260 0.4210 0.4200 0.4150 0.4120
14.309000 0.4070 0.3990 0.3970 0.3950 0.3870
14.342247 0.3810 0.3770 0.3710 0.3660 0.3630
14.375000 0.3610 0.3560 0.3530 0.3480 0.3460
14.408247 0.3450 0.3430 0.3420 0.3420 0.3420
14.442000 0.3420 0.3430 0.3450 0.3480 0.3560
14.475247 0.3660 0.3760 0.3870 0.3990 0.4080
14.508000 0.4210 0.4380 0.4720 0.4860 0.5030
14.541247 0.5160 0.5260 0.5370 0.5520 0.5730
14.575000 0.5790 0.5910 0.5970 0.6070 0.6150
14.608247 0.6280 0.6310 0.6330 0.6400 0.6440
14.641000 0.6480 0.6490 0.6560 0.6570 0.6590
14.674247 0.6610 0.6660 0.6710 0.6710 0.6720
14.708000 0.6720 0.6740 0.6740 0.6750 0.6770
14.741247 0.6790 0.6790 0.6800 0.6820 0.6840
14.774000 0.6840 0.6840 0.6850 0.6850 0.6880
14.807247 0.6900 0.6900 0.6900 0.6900 0.6900
14.840000 0.6920 0.6920 0.6920 0.6920 0.6920
14.873247 0.6930 0.6930 0.6930 0.6930 0.6930
14.907000 0.6930 0.6930 0.6930 0.6930 0.6930
14.940247 0.6930 0.6930 0.6950 0.6950 0.6950
14.973000 0.6950 0.6950 0.6950 0.6950 0.6970
15.006247 0.6930 0.6930 0.6930 0.6930 0.6920
15.040000 0.6920 0.6900 0.6900 0.6880 0.6850
15.073247 0.6840 0.6840 0.6840 0.6820 0.6800
15.106000 0.6790 0.6790 0.6790 0.6770 0.6750
15.139247 0.6740 0.6720 0.6690 0.6670 0.6670
15.173000 0.6660 0.6610 0.6570 0.6540 0.6490
15.206247 0.6460 0.6440 0.6410 0.6380 0.6360
15.239000 0.6350 0.6330 0.6330 0.6310 0.6280
15.272247 0.6270 0.6250 0.6220 0.6170 0.6120
15.306000 0.6070 0.5990 0.5960 0.5940 0.5860
15.339247 0.5790 0.5730 0.5700 0.5680 0.5660
15.372000 0.5660 0.5660 0.5650 0.5650 0.5660
15.405247 0.5680 0.5680 0.5700 0.5730 0.5780
15.439000 0.5810 0.5870 0.5940 0.5960 0.5990
15.472247 0.6020 0.6040 0.6050 0.5940 0.5960
15.505000 0.5990 0.6020 0.6040
##END=
