##TITLE=Piperidine, 4-(3-phenylpropyl)-, hydrochloride
##JCAMP-DX=4.24
##DATA TYPE=INFRARED SPECTRUM
##CLASS=COBLENTZ III
##ORIGIN=BRITISH PETROLEUM CO. LTD., ENGLAND
##OWNER=Copyright (C) 1987 by the Coblentz Society
Collection (C) 2018 copyright by the U.S. Secretary of Commerce
on behalf of the United States of America. All rights reserved.
##DATE=1972/07/10
##NAMES=4-(3-phenylpropyl)piperidine hydrochloride
##CAS REGISTRY NO=76000-08-3
##MOLFORM=C14 H22 Cl N
##SOURCE REFERENCE=COBLENTZ NO. 9330
##$NIST SOURCE=COBLENTZ
##$NIST IMAGE=cob9330
##SPECTROMETER/DATA SYSTEM=PERKIN-ELMER 157
##STATE=SOLID (KBr DISC, 0.8, 0.2% WT.)
$$ HCl RUN IN KBr MAY CONTAIN SOME HBr
$$ REF. Can. J. Spec., 18,4,101, '73 C. S. DOUSE and P. B. TOOKE
##SAMPLING PROCEDURE=TRANSMISSION
##RESOLUTION=2
##DATA PROCESSING=DIGITIZED BY COBLENTZ SOCIETY (BATCH II) FROM HARD COPY
##XUNITS=1/CM
##YUNITS=TRANSMITTANCE
##XFACTOR=1.0
##YFACTOR=1
##FIRSTX=668
##LASTX=4000
##FIRSTY=0.9268
##MAXX=4000
##MINX=668
##MAXY=0.886
##MINY=0.0147
##NPOINTS=3333
##XYDATA=(X++(Y..Y))
668.000000 0.9268 0.9242 0.9142 0.9051 0.8969
673.000000 0.8888 0.8805 0.8714 0.8599 0.8476
678.000000 0.8327 0.8112 0.7916 0.7742 0.7595
683.000000 0.7424 0.7219 0.6970 0.6696 0.6486
688.000000 0.6004 0.5467 0.4848 0.3709 0.3213
693.000000 0.2671 0.2079 0.1423 0.0944 0.0647
698.000000 0.0623 0.0655 0.1031 0.1729 0.3179
703.000000 0.4317 0.5448 0.7020 0.7442 0.7719
708.000000 0.8023 0.8202 0.8225 0.8220 0.8117
713.000000 0.8007 0.7854 0.7674 0.7367 0.7024
718.000000 0.6595 0.6261 0.5928 0.5458 0.4293
723.000000 0.3469 0.2603 0.1710 0.1384 0.1282
728.000000 0.1290 0.2281 0.3306 0.3679 0.3678
733.000000 0.2970 0.2188 0.1406 0.0706 0.0488
738.000000 0.0471 0.0576 0.1010 0.1884 0.2404
743.000000 0.3134 0.3970 0.4218 0.4943 0.5701
748.000000 0.6158 0.6618 0.7125 0.7455 0.7720
753.000000 0.8204 0.8333 0.8444 0.8544 0.8622
758.000000 0.8698 0.8763 0.8803 0.8822 0.8835
763.000000 0.8843 0.8847 0.8852 0.8855 0.8858
768.000000 0.8860 0.8857 0.8855 0.8852 0.8833
773.000000 0.8786 0.8759 0.8748 0.8671 0.8541
778.000000 0.8157 0.7679 0.7201 0.7005 0.6984
783.000000 0.6991 0.7595 0.7967 0.8338 0.8706
788.000000 0.8836 0.8848 0.8844 0.8836 0.8816
793.000000 0.8797 0.8789 0.8735 0.8640 0.8450
798.000000 0.8294 0.8182 0.8104 0.8148 0.8306
803.000000 0.8463 0.8505 0.8501 0.8480 0.8418
808.000000 0.8291 0.8090 0.7866 0.7415 0.6950
813.000000 0.6485 0.5993 0.5963 0.5958 0.6527
818.000000 0.6987 0.7447 0.7906 0.8359 0.8450
823.000000 0.8528 0.8629 0.8636 0.8642 0.8648
828.000000 0.8654 0.8655 0.8655 0.8648 0.8615
833.000000 0.8565 0.8508 0.8469 0.8460 0.8459
838.000000 0.8458 0.8456 0.8444 0.8387 0.8276
843.000000 0.8174 0.8092 0.7958 0.7794 0.7718
848.000000 0.7779 0.7837 0.7897 0.7924 0.7907
853.000000 0.7861 0.7800 0.7717 0.7597 0.7511
858.000000 0.7418 0.7293 0.7197 0.7185 0.7255
863.000000 0.7388 0.7603 0.7961 0.8220 0.8284
868.000000 0.8303 0.8320 0.8307 0.8301 0.8295
873.000000 0.8276 0.8244 0.8202 0.8173 0.8148
878.000000 0.8123 0.8094 0.8066 0.8037 0.8007
883.000000 0.7976 0.7946 0.7913 0.7879 0.7839
888.000000 0.7777 0.7709 0.7667 0.7450 0.7212
893.000000 0.6973 0.6777 0.6760 0.6936 0.7214
898.000000 0.7492 0.7703 0.7741 0.7747 0.7747
903.000000 0.7708 0.7629 0.7554 0.7479 0.7390
908.000000 0.7269 0.7075 0.6545 0.6156 0.5768
913.000000 0.5380 0.4993 0.4747 0.4631 0.4414
918.000000 0.4247 0.4179 0.4176 0.4260 0.4388
923.000000 0.4483 0.4420 0.4251 0.4036 0.3853
928.000000 0.3829 0.3851 0.4069 0.4568 0.5456
933.000000 0.6258 0.7033 0.7235 0.7251 0.7179
938.000000 0.7036 0.6892 0.6750 0.6681 0.6672
943.000000 0.6881 0.7048 0.7191 0.7231 0.7243
948.000000 0.7143 0.6988 0.6769 0.6058 0.5321
953.000000 0.4585 0.3955 0.3928 0.5568 0.6775
958.000000 0.7754 0.7854 0.7893 0.7909 0.7907
963.000000 0.7890 0.7799 0.7708 0.7640 0.7616
968.000000 0.7600 0.7622 0.7647 0.7663 0.7665
973.000000 0.7647 0.7449 0.7318 0.7185 0.7054
978.000000 0.6922 0.6835 0.6770 0.6708 0.6651
983.000000 0.6594 0.6488 0.6087 0.5852 0.5645
988.000000 0.4950 0.4245 0.3664 0.3527 0.3533
993.000000 0.4134 0.4972 0.5807 0.6641 0.7242
998.000000 0.7303 0.7349 0.7492 0.7587 0.7775
1003.000000 0.7902 0.7948 0.7967 0.7964 0.7968
1008.000000 0.7963 0.7952 0.7942 0.7926 0.7910
1013.000000 0.7894 0.7873 0.7853 0.7827 0.7790
1018.000000 0.7723 0.7647 0.7572 0.7493 0.7353
1023.000000 0.7245 0.7152 0.7072 0.5620 0.4616
1028.000000 0.4299 0.4309 0.4313 0.6034 0.6424
1033.000000 0.6432 0.6330 0.6062 0.5795 0.5528
1038.000000 0.5386 0.5363 0.6062 0.6775 0.6954
1043.000000 0.6968 0.6974 0.6958 0.6912 0.6821
1048.000000 0.6592 0.6286 0.6029 0.5934 0.5935
1053.000000 0.5922 0.6410 0.6547 0.6548 0.6546
1058.000000 0.6466 0.6360 0.6228 0.6120 0.5701
1063.000000 0.5166 0.4639 0.4112 0.3587 0.3062
1068.000000 0.2554 0.2410 0.2410 0.2965 0.3648
1073.000000 0.4332 0.5013 0.5694 0.6373 0.7105
1078.000000 0.7609 0.7756 0.7806 0.7838 0.7854
1083.000000 0.7857 0.7864 0.7852 0.7847 0.7837
1088.000000 0.7820 0.7799 0.7765 0.7728 0.7676
1093.000000 0.7586 0.7392 0.7173 0.6955 0.6737
1098.000000 0.6529 0.6499 0.6641 0.6846 0.7052
1103.000000 0.7257 0.7461 0.7618 0.7625 0.7625
1108.000000 0.7619 0.7617 0.7610 0.7591 0.7557
1113.000000 0.7508 0.7458 0.7407 0.7330 0.7231
1118.000000 0.7087 0.6967 0.6900 0.6840 0.6833
1123.000000 0.6842 0.6854 0.6871 0.6879 0.6864
1128.000000 0.6843 0.6815 0.7324 0.7376 0.7428
1133.000000 0.7500 0.7571 0.7596 0.7609 0.7611
1138.000000 0.7611 0.7612 0.7605 0.7602 0.7568
1143.000000 0.7531 0.7435 0.7333 0.7254 0.7158
1148.000000 0.6950 0.6855 0.6848 0.6851 0.6860
1153.000000 0.6848 0.6981 0.7187 0.7341 0.7411
1158.000000 0.7454 0.7462 0.7442 0.7404 0.7341
1163.000000 0.7240 0.7134 0.6876 0.6633 0.6512
1168.000000 0.6506 0.6489 0.6637 0.6726 0.6748
1173.000000 0.6736 0.6686 0.6619 0.6584 0.6576
1178.000000 0.6564 0.6649 0.6793 0.6935 0.7001
1183.000000 0.7067 0.7131 0.7191 0.7232 0.7270
1188.000000 0.7314 0.7403 0.7448 0.7467 0.7470
1193.000000 0.7487 0.7460 0.7446 0.7414 0.7358
1198.000000 0.7315 0.7294 0.7278 0.7288 0.7297
1203.000000 0.7308 0.7324 0.7344 0.7362 0.7368
1208.000000 0.7367 0.7370 0.7356 0.7332 0.7302
1213.000000 0.7263 0.7215 0.7167 0.7109 0.7047
1218.000000 0.6940 0.6706 0.6436 0.6218 0.6179
1223.000000 0.6315 0.6549 0.6782 0.7015 0.7125
1228.000000 0.7159 0.7163 0.7169 0.7150 0.7130
1233.000000 0.7111 0.7094 0.7076 0.7057 0.7037
1238.000000 0.7011 0.6985 0.6954 0.6934 0.6917
1243.000000 0.6902 0.6894 0.6888 0.6876 0.6843
1248.000000 0.6793 0.6733 0.6665 0.6548 0.6387
1253.000000 0.6238 0.6089 0.5940 0.5803 0.5773
1258.000000 0.5779 0.5862 0.6016 0.6137 0.6145
1263.000000 0.6061 0.5895 0.5729 0.5485 0.5477
1268.000000 0.5581 0.5877 0.6172 0.6467 0.6761
1273.000000 0.6862 0.6875 0.6884 0.6892 0.6893
1278.000000 0.6894 0.6894 0.6889 0.6882 0.6870
1283.000000 0.6846 0.6814 0.6779 0.6746 0.6713
1288.000000 0.6680 0.6630 0.6572 0.6540 0.6538
1293.000000 0.6545 0.6577 0.6617 0.6656 0.6684
1298.000000 0.6684 0.6658 0.6615 0.6570 0.6526
1303.000000 0.6482 0.6439 0.6394 0.6267 0.6038
1308.000000 0.5803 0.5569 0.5335 0.5104 0.4988
1313.000000 0.4990 0.4986 0.5127 0.5352 0.5576
1318.000000 0.5800 0.6023 0.6245 0.6366 0.6396
1323.000000 0.6415 0.6427 0.6429 0.6434 0.6426
1328.000000 0.6421 0.6406 0.6368 0.6317 0.6266
1333.000000 0.6215 0.6166 0.6115 0.6065 0.6013
1338.000000 0.5940 0.5871 0.5819 0.5764 0.5704
1343.000000 0.5626 0.5495 0.5205 0.4949 0.4692
1348.000000 0.4437 0.4285 0.4279 0.4276 0.4332
1353.000000 0.4460 0.4593 0.4726 0.4858 0.4989
1358.000000 0.5118 0.5169 0.5173 0.5173 0.5181
1363.000000 0.5162 0.5142 0.5097 0.5044 0.4992
1368.000000 0.4941 0.4879 0.4796 0.4600 0.4379
1373.000000 0.4158 0.3937 0.3717 0.3496 0.3276
1378.000000 0.3057 0.2862 0.2853 0.2852 0.2861
1383.000000 0.3172 0.3526 0.3880 0.4232 0.4584
1388.000000 0.4935 0.5272 0.5443 0.5497 0.5524
1393.000000 0.5529 0.5535 0.5539 0.5531 0.5536
1398.000000 0.5529 0.5513 0.5477 0.5448 0.5431
1403.000000 0.5370 0.5278 0.5186 0.5095 0.5004
1408.000000 0.4912 0.4822 0.4731 0.4640 0.4549
1413.000000 0.4459 0.4368 0.4278 0.4204 0.4135
1418.000000 0.4022 0.3877 0.3720 0.3563 0.3406
1423.000000 0.3254 0.3152 0.3100 0.3071 0.3059
1428.000000 0.3048 0.3030 0.2877 0.2633 0.2385
1433.000000 0.2138 0.1891 0.1699 0.1655 0.1638
1438.000000 0.1629 0.1627 0.1632 0.1641 0.1642
1443.000000 0.1608 0.1421 0.1160 0.0915 0.0851
1448.000000 0.0828 0.0824 0.0820 0.0837 0.1145
1453.000000 0.1462 0.1779 0.2095 0.2411 0.2725
1458.000000 0.3040 0.3354 0.3668 0.4043 0.4158
1463.000000 0.4173 0.4173 0.4138 0.4185 0.4016
1468.000000 0.3954 0.3894 0.3838 0.3814 0.3815
1473.000000 0.4483 0.5176 0.5290 0.5362 0.5391
1478.000000 0.5406 0.5422 0.5416 0.5288 0.5056
1483.000000 0.4821 0.4586 0.4351 0.4117 0.3883
1488.000000 0.3649 0.3415 0.3183 0.2950 0.2717
1493.000000 0.2490 0.2392 0.2390 0.2399 0.3200
1498.000000 0.4024 0.4847 0.5579 0.5924 0.5998
1503.000000 0.6057 0.6107 0.6157 0.6202 0.6240
1508.000000 0.6260 0.6280 0.6314 0.6377 0.6416
1513.000000 0.6421 0.6423 0.6424 0.6424 0.6426
1518.000000 0.6427 0.6427 0.6428 0.6428 0.6429
1523.000000 0.6429 0.6434 0.6431 0.6432 0.6434
1528.000000 0.6435 0.6437 0.6439 0.6441 0.6443
1533.000000 0.6440 0.6419 0.6395 0.6376 0.6363
1538.000000 0.6349 0.6342 0.6339 0.6338 0.6338
1543.000000 0.6337 0.6336 0.6333 0.6329 0.6323
1548.000000 0.6312 0.6298 0.6281 0.6255 0.6217
1553.000000 0.6155 0.6074 0.6035 0.5995 0.5961
1558.000000 0.5943 0.5934 0.5930 0.5914 0.5843
1563.000000 0.5728 0.5613 0.5498 0.5383 0.5269
1568.000000 0.5155 0.5041 0.4926 0.4813 0.4699
1573.000000 0.4591 0.4388 0.4039 0.3646 0.3254
1578.000000 0.2862 0.2471 0.2080 0.1690 0.1459
1583.000000 0.1443 0.1443 0.1446 0.1663 0.2300
1588.000000 0.3075 0.3849 0.4537 0.4786 0.4827
1593.000000 0.4865 0.4904 0.4982 0.4932 0.4878
1598.000000 0.4816 0.4754 0.4692 0.4630 0.4475
1603.000000 0.4506 0.4471 0.4937 0.6116 0.6865
1608.000000 0.6891 0.6910 0.6923 0.6933 0.6942
1613.000000 0.6948 0.6951 0.6954 0.6955 0.6956
1618.000000 0.6956 0.6956 0.6956 0.6955 0.6955
1623.000000 0.6955 0.6955 0.6955 0.6954 0.6954
1628.000000 0.6953 0.6953 0.6953 0.6952 0.6952
1633.000000 0.6951 0.6951 0.6951 0.6951 0.6951
1638.000000 0.6951 0.6951 0.6952 0.6952 0.6953
1643.000000 0.6953 0.6953 0.6954 0.6954 0.6955
1648.000000 0.6955 0.6955 0.6955 0.6956 0.6956
1653.000000 0.6957 0.6957 0.6958 0.6958 0.6958
1658.000000 0.6958 0.6959 0.6959 0.6959 0.6959
1663.000000 0.6959 0.6959 0.6959 0.6959 0.6959
1668.000000 0.6959 0.6969 0.6959 0.6959 0.6959
1673.000000 0.6959 0.6960 0.6960 0.6960 0.6960
1678.000000 0.6960 0.6960 0.6960 0.6960 0.6960
1683.000000 0.6959 0.6959 0.6959 0.6958 0.6958
1688.000000 0.6958 0.6957 0.6957 0.6957 0.6956
1693.000000 0.6956 0.6955 0.6955 0.6955 0.6955
1698.000000 0.6954 0.6954 0.6953 0.6953 0.6953
1703.000000 0.6952 0.6952 0.6952 0.6951 0.6951
1708.000000 0.6951 0.6950 0.6950 0.6950 0.6949
1713.000000 0.6949 0.6949 0.6949 0.6948 0.6948
1718.000000 0.6948 0.6948 0.6948 0.6947 0.6947
1723.000000 0.6947 0.6947 0.6947 0.6946 0.6946
1728.000000 0.6946 0.6946 0.6946 0.6945 0.6945
1733.000000 0.6944 0.6942 0.6939 0.6937 0.6934
1738.000000 0.6932 0.6929 0.6927 0.6924 0.6914
1743.000000 0.6902 0.6889 0.6876 0.6862 0.6846
1748.000000 0.6831 0.6815 0.6798 0.6780 0.6762
1753.000000 0.6745 0.6727 0.6710 0.6689 0.6661
1758.000000 0.6627 0.6616 0.6608 0.6601 0.6594
1763.000000 0.6589 0.6587 0.6586 0.6585 0.6583
1768.000000 0.6583 0.6581 0.6580 0.6580 0.6579
1773.000000 0.6579 0.6578 0.6577 0.6577 0.6576
1778.000000 0.6576 0.6575 0.6574 0.6574 0.6573
1783.000000 0.6573 0.6573 0.6571 0.6566 0.6558
1788.000000 0.6548 0.6535 0.6521 0.6506 0.6483
1793.000000 0.6440 0.6397 0.6356 0.6315 0.6278
1798.000000 0.6249 0.6223 0.6198 0.6175 0.6152
1803.000000 0.6131 0.6114 0.6101 0.6093 0.6087
1808.000000 0.6082 0.6093 0.6114 0.6147 0.6181
1813.000000 0.6215 0.6249 0.6283 0.6308 0.6322
1818.000000 0.6325 0.6328 0.6331 0.6333 0.6334
1823.000000 0.6334 0.6334 0.6334 0.6334 0.6334
1828.000000 0.6333 0.6333 0.6333 0.6332 0.6331
1833.000000 0.6330 0.6330 0.6329 0.6328 0.6328
1838.000000 0.6328 0.6327 0.6326 0.6325 0.6324
1843.000000 0.6322 0.6321 0.6321 0.6319 0.6318
1848.000000 0.6316 0.6315 0.6314 0.6313 0.6311
1853.000000 0.6308 0.6305 0.6302 0.6299 0.6297
1858.000000 0.6293 0.6289 0.6285 0.6271 0.6256
1863.000000 0.6240 0.6224 0.6206 0.6187 0.6167
1868.000000 0.6147 0.6129 0.6113 0.6099 0.6087
1873.000000 0.6079 0.6079 0.6077 0.6076 0.6075
1878.000000 0.6075 0.6075 0.6075 0.6075 0.6077
1883.000000 0.6078 0.6080 0.6080 0.6080 0.6080
1888.000000 0.6080 0.6078 0.6077 0.6075 0.6072
1893.000000 0.6069 0.6065 0.6060 0.6061 0.6065
1898.000000 0.6069 0.6074 0.6077 0.6080 0.6083
1903.000000 0.6085 0.6086 0.6074 0.6062 0.6051
1908.000000 0.6040 0.6030 0.6020 0.6011 0.6002
1913.000000 0.5992 0.5979 0.5967 0.5955 0.5942
1918.000000 0.5929 0.5917 0.5903 0.5889 0.5875
1923.000000 0.5861 0.5846 0.5826 0.5800 0.5769
1928.000000 0.5740 0.5711 0.5685 0.5659 0.5633
1933.000000 0.5557 0.5501 0.5463 0.5452 0.5445
1938.000000 0.5442 0.5440 0.5437 0.5433 0.5431
1943.000000 0.5428 0.5429 0.5511 0.5567 0.5593
1948.000000 0.5621 0.5659 0.5710 0.5804 0.5872
1953.000000 0.5895 0.5916 0.5934 0.5945 0.5951
1958.000000 0.5956 0.5960 0.5967 0.5975 0.5985
1963.000000 0.6026 0.6079 0.6112 0.6142 0.6169
1968.000000 0.6183 0.6195 0.6203 0.6209 0.6213
1973.000000 0.6214 0.6216 0.6217 0.6218 0.6219
1978.000000 0.6221 0.6221 0.6222 0.6222 0.6222
1983.000000 0.6222 0.6222 0.6222 0.6222 0.6222
1988.000000 0.6228 0.6221 0.6220 0.6219 0.6218
1993.000000 0.6216 0.6214 0.6213 0.6211 0.6209
1998.000000 0.6208 0.6204 0.6199 0.6189 0.6180
2003.000000 0.6170 0.6160 0.6147 0.6129 0.6111
2008.000000 0.6094 0.6078 0.6062 0.6046 0.6031
2013.000000 0.6017 0.6005 0.5993 0.5983 0.5980
2018.000000 0.5978 0.5976 0.5974 0.5973 0.5971
2023.000000 0.5969 0.5969 0.5968 0.5968 0.5968
2028.000000 0.5967 0.5967 0.5967 0.5966 0.5966
2033.000000 0.5966 0.5966 0.5966 0.5968 0.5968
2038.000000 0.5969 0.5969 0.5969 0.5968 0.5966
2043.000000 0.5964 0.5962 0.5956 0.5950 0.5942
2048.000000 0.5934 0.5926 0.5916 0.5905 0.5893
2053.000000 0.5880 0.5866 0.5847 0.5829 0.5822
2058.000000 0.5816 0.5812 0.5808 0.5806 0.5806
2063.000000 0.5806 0.5806 0.5806 0.5806 0.5806
2068.000000 0.5806 0.5806 0.5806 0.5806 0.5807
2073.000000 0.5807 0.5807 0.5807 0.5807 0.5807
2078.000000 0.5807 0.5807 0.5808 0.5808 0.5808
2083.000000 0.5809 0.5810 0.5810 0.5812 0.5813
2088.000000 0.5814 0.5815 0.5816 0.5817 0.5817
2093.000000 0.5818 0.5817 0.5817 0.5815 0.5812
2098.000000 0.5808 0.5805 0.5801 0.5798 0.5793
2103.000000 0.5788 0.5781 0.5774 0.5767 0.5758
2108.000000 0.5750 0.5742 0.5734 0.5726 0.5718
2113.000000 0.5710 0.5701 0.5692 0.5680 0.5668
2118.000000 0.5655 0.5643 0.5632 0.5619 0.5607
2123.000000 0.5593 0.5580 0.5557 0.5531 0.5488
2128.000000 0.5445 0.5402 0.5359 0.5316 0.5273
2133.000000 0.5230 0.5187 0.5144 0.5102 0.5059
2138.000000 0.5016 0.4974 0.4932 0.4899 0.4872
2143.000000 0.4840 0.4807 0.4775 0.4742 0.4714
2148.000000 0.4690 0.4680 0.4672 0.4668 0.4664
2153.000000 0.4661 0.4659 0.4658 0.4657 0.4659
2158.000000 0.4661 0.4663 0.4666 0.4670 0.4677
2163.000000 0.4690 0.4714 0.4744 0.4781 0.4818
2168.000000 0.4855 0.4892 0.4928 0.4965 0.5002
2173.000000 0.5038 0.5075 0.5111 0.5148 0.5184
2178.000000 0.5221 0.5257 0.5294 0.5330 0.5358
2183.000000 0.5376 0.5389 0.5398 0.5403 0.5408
2188.000000 0.5412 0.5417 0.5419 0.5421 0.5413
2193.000000 0.5424 0.5425 0.5426 0.5424 0.5421
2198.000000 0.5418 0.5414 0.5407 0.5398 0.5388
2203.000000 0.5378 0.5367 0.5356 0.5345 0.5335
2208.000000 0.5324 0.5314 0.5304 0.5294 0.5285
2213.000000 0.5277 0.5270 0.5263 0.5256 0.5248
2218.000000 0.5241 0.5233 0.5226 0.5219 0.5211
2223.000000 0.5202 0.5193 0.5184 0.5175 0.5166
2228.000000 0.5157 0.5148 0.5139 0.5130 0.5121
2233.000000 0.5113 0.5106 0.5098 0.5091 0.5083
2238.000000 0.5076 0.5069 0.5062 0.5056 0.5050
2243.000000 0.5045 0.5040 0.5035 0.5030 0.5027
2248.000000 0.5024 0.5022 0.5021 0.5019 0.5017
2253.000000 0.5015 0.5014 0.5012 0.5010 0.5008
2258.000000 0.5007 0.5006 0.5004 0.5002 0.5000
2263.000000 0.4997 0.4994 0.4991 0.4988 0.4985
2268.000000 0.4982 0.4979 0.4976 0.4973 0.4968
2273.000000 0.4963 0.4958 0.4952 0.4947 0.4942
2278.000000 0.4934 0.4927 0.4918 0.4910 0.4901
2283.000000 0.4892 0.4880 0.4867 0.4853 0.4839
2288.000000 0.4824 0.4810 0.4796 0.4784 0.4771
2293.000000 0.4757 0.4744 0.4731 0.4719 0.4707
2298.000000 0.4695 0.4685 0.4675 0.4664 0.4654
2303.000000 0.4643 0.4633 0.4623 0.4612 0.4601
2308.000000 0.4589 0.4577 0.4565 0.4553 0.4541
2313.000000 0.4529 0.4516 0.4504 0.4492 0.4479
2318.000000 0.4467 0.4455 0.4443 0.4431 0.4418
2323.000000 0.4405 0.4392 0.4380 0.4367 0.4354
2328.000000 0.4341 0.4328 0.4315 0.4303 0.4291
2333.000000 0.4278 0.4265 0.4252 0.4238 0.4224
2338.000000 0.4210 0.4195 0.4181 0.4166 0.4151
2343.000000 0.4137 0.4122 0.4108 0.4093 0.4078
2348.000000 0.4059 0.4036 0.4014 0.3992 0.3970
2353.000000 0.3947 0.3925 0.3898 0.3871 0.3835
2358.000000 0.3796 0.3760 0.3727 0.3695 0.3669
2363.000000 0.3644 0.3631 0.3619 0.3606 0.3594
2368.000000 0.3583 0.3572 0.3563 0.3554 0.3546
2373.000000 0.3537 0.3529 0.3521 0.3513 0.3506
2378.000000 0.3499 0.3492 0.3486 0.3479 0.3473
2383.000000 0.3467 0.3461 0.3456 0.3451 0.3446
2388.000000 0.3441 0.3436 0.3431 0.3426 0.3420
2393.000000 0.3411 0.3400 0.3347 0.3222 0.3104
2398.000000 0.3085 0.3066 0.3058 0.3054 0.3049
2403.000000 0.3045 0.3040 0.3036 0.3031 0.3027
2408.000000 0.3023 0.3017 0.3011 0.3005 0.2998
2413.000000 0.2990 0.2983 0.2975 0.2966 0.2957
2418.000000 0.2948 0.2938 0.2929 0.2916 0.2902
2423.000000 0.2881 0.2854 0.2819 0.2748 0.2677
2428.000000 0.2626 0.2580 0.2534 0.2488 0.2442
2433.000000 0.2396 0.2350 0.2304 0.2258 0.2212
2438.000000 0.2167 0.2122 0.2084 0.2048 0.2033
2443.000000 0.2033 0.2035 0.2043 0.2050 0.2064
2448.000000 0.2080 0.2095 0.2110 0.2125 0.2140
2453.000000 0.2156 0.2164 0.2167 0.2169 0.2168
2458.000000 0.2166 0.2165 0.2163 0.2152 0.2124
2463.000000 0.2095 0.2053 0.2010 0.1967 0.1925
2468.000000 0.1882 0.1839 0.1797 0.1754 0.1712
2473.000000 0.1669 0.1627 0.1585 0.1543 0.1500
2478.000000 0.1458 0.1416 0.1373 0.1331 0.1289
2483.000000 0.1247 0.1204 0.1162 0.1120 0.1078
2488.000000 0.1036 0.0994 0.0952 0.0933 0.0914
2493.000000 0.0904 0.0902 0.0900 0.0891 0.0896
2498.000000 0.0896 0.0896 0.0897 0.0922 0.0948
2503.000000 0.1006 0.1098 0.1191 0.1283 0.1375
2508.000000 0.1468 0.1560 0.1652 0.1744 0.1836
2513.000000 0.1928 0.2019 0.2111 0.2147 0.2177
2518.000000 0.2197 0.2199 0.2202 0.2203 0.2204
2523.000000 0.2205 0.2206 0.2206 0.2216 0.2206
2528.000000 0.2205 0.2200 0.2196 0.2186 0.2173
2533.000000 0.2160 0.2146 0.2132 0.2119 0.2106
2538.000000 0.2092 0.2079 0.2065 0.2052 0.2039
2543.000000 0.2026 0.2012 0.1999 0.1984 0.1967
2548.000000 0.1949 0.1936 0.1927 0.1918 0.1902
2553.000000 0.1886 0.1871 0.1858 0.1844 0.1832
2558.000000 0.1821 0.1811 0.1810 0.1808 0.1808
2563.000000 0.1808 0.1808 0.1810 0.1811 0.1813
2568.000000 0.1814 0.1816 0.1813 0.1834 0.1845
2573.000000 0.1860 0.1875 0.1891 0.1906 0.1921
2578.000000 0.1936 0.1951 0.1966 0.1968 0.1970
2583.000000 0.1972 0.1972 0.1972 0.1972 0.1971
2588.000000 0.1970 0.1966 0.1962 0.1950 0.1921
2593.000000 0.1893 0.1967 0.1836 0.1807 0.1779
2598.000000 0.1751 0.1722 0.1694 0.1666 0.1637
2603.000000 0.1609 0.1580 0.1552 0.1524 0.1495
2608.000000 0.1467 0.1439 0.1410 0.1382 0.1354
2613.000000 0.1328 0.1303 0.1278 0.1270 0.1262
2618.000000 0.1255 0.1248 0.1241 0.1236 0.1232
2623.000000 0.1229 0.1226 0.1224 0.1222 0.1222
2628.000000 0.1222 0.1222 0.1224 0.1225 0.1227
2633.000000 0.1229 0.1231 0.1232 0.1234 0.1235
2638.000000 0.1235 0.1235 0.1234 0.1234 0.1234
2643.000000 0.1233 0.1233 0.1233 0.1232 0.1230
2648.000000 0.1229 0.1225 0.1220 0.1215 0.1208
2653.000000 0.1200 0.1191 0.1170 0.1150 0.1129
2658.000000 0.1109 0.1088 0.1068 0.1047 0.1027
2663.000000 0.1006 0.0986 0.0966 0.0945 0.0925
2668.000000 0.0904 0.0884 0.0864 0.0843 0.0823
2673.000000 0.0803 0.0782 0.0762 0.0742 0.0722
2678.000000 0.0701 0.0681 0.0661 0.0641 0.0621
2683.000000 0.0600 0.0580 0.0560 0.0540 0.0519
2688.000000 0.0499 0.0482 0.0466 0.0450 0.0438
2693.000000 0.0426 0.0414 0.0406 0.0397 0.0389
2698.000000 0.0383 0.0376 0.0370 0.0364 0.0359
2703.000000 0.0354 0.0351 0.0348 0.0346 0.0344
2708.000000 0.0342 0.0340 0.0338 0.0336 0.0335
2713.000000 0.0335 0.0335 0.0334 0.0334 0.0334
2718.000000 0.0333 0.0333 0.0333 0.0333 0.0333
2723.000000 0.0333 0.0333 0.0333 0.0333 0.0333
2728.000000 0.0333 0.0333 0.0333 0.0333 0.0333
2733.000000 0.0333 0.0333 0.0333 0.0333 0.0333
2738.000000 0.0333 0.0334 0.0334 0.0334 0.0335
2743.000000 0.0335 0.0335 0.0336 0.0337 0.0337
2748.000000 0.0338 0.0338 0.0338 0.0339 0.0340
2753.000000 0.0340 0.0341 0.0341 0.0341 0.0342
2758.000000 0.0342 0.0342 0.0342 0.0342 0.0342
2763.000000 0.0342 0.0342 0.0342 0.0342 0.0342
2768.000000 0.0342 0.0341 0.0341 0.0340 0.0338
2773.000000 0.0335 0.0332 0.0329 0.0325 0.0322
2778.000000 0.0318 0.0314 0.0309 0.0304 0.0297
2783.000000 0.0291 0.0284 0.0276 0.0269 0.0261
2788.000000 0.0254 0.0246 0.0239 0.0232 0.0226
2793.000000 0.0220 0.0215 0.0210 0.0206 0.0201
2798.000000 0.0196 0.0191 0.0187 0.0185 0.0182
2803.000000 0.0180 0.0178 0.0175 0.0174 0.0174
2808.000000 0.0175 0.0176 0.0176 0.0176 0.0176
2813.000000 0.0147 0.0184 0.0187 0.0191 0.0195
2818.000000 0.0199 0.0203 0.0207 0.0211 0.0215
2823.000000 0.0219 0.0222 0.0226 0.0230 0.0234
2828.000000 0.0237 0.0241 0.0245 0.0249 0.0254
2833.000000 0.0258 0.0262 0.0267 0.0272 0.0276
2838.000000 0.0281 0.0285 0.0290 0.0294 0.0299
2843.000000 0.0304 0.0309 0.0315 0.0321 0.0327
2848.000000 0.0333 0.0339 0.0345 0.0351 0.0357
2853.000000 0.0363 0.0369 0.0376 0.0382 0.0389
2858.000000 0.0395 0.0401 0.0408 0.0412 0.0415
2863.000000 0.0418 0.0420 0.0422 0.0424 0.0426
2868.000000 0.0427 0.0429 0.0430 0.0431 0.0431
2873.000000 0.0431 0.0431 0.0431 0.0431 0.0446
2878.000000 0.0430 0.0430 0.0430 0.0429 0.0429
2883.000000 0.0429 0.0427 0.0424 0.0421 0.0418
2888.000000 0.0413 0.0409 0.0404 0.0398 0.0391
2893.000000 0.0385 0.0373 0.0355 0.0338 0.0321
2898.000000 0.0311 0.0301 0.0291 0.0281 0.0271
2903.000000 0.0261 0.0251 0.0241 0.0232 0.0222
2908.000000 0.0214 0.0206 0.0198 0.0193 0.0188
2913.000000 0.0184 0.0180 0.0177 0.0174 0.0171
2918.000000 0.0170 0.0170 0.0170 0.0170 0.0170
2923.000000 0.0170 0.0170 0.0170 0.0170 0.0170
2928.000000 0.0171 0.0173 0.0174 0.0165 0.0179
2933.000000 0.0181 0.0184 0.0190 0.0199 0.0207
2938.000000 0.0214 0.0219 0.0224 0.0230 0.0235
2943.000000 0.0239 0.0244 0.0248 0.0251 0.0253
2948.000000 0.0255 0.0256 0.0257 0.0258 0.0259
2953.000000 0.0260 0.0261 0.0261 0.0262 0.0263
2958.000000 0.0264 0.0265 0.0266 0.0267 0.0267
2963.000000 0.0268 0.0269 0.0269 0.0270 0.0273
2968.000000 0.0275 0.0277 0.0281 0.0284 0.0288
2973.000000 0.0292 0.0297 0.0302 0.0307 0.0318
2978.000000 0.0331 0.0345 0.0360 0.0379 0.0399
2983.000000 0.0419 0.0470 0.0534 0.0598 0.0655
2988.000000 0.0670 0.0686 0.0702 0.0717 0.0732
2993.000000 0.0747 0.0762 0.0775 0.0789 0.0802
2998.000000 0.0815 0.0827 0.0840 0.0853 0.0870
3003.000000 0.0887 0.0905 0.0924 0.0947 0.0970
3008.000000 0.0993 0.1017 0.1042 0.1066 0.1091
3013.000000 0.1196 0.1305 0.1413 0.1525 0.1642
3018.000000 0.1760 0.1877 0.1946 0.1990 0.2034
3023.000000 0.2078 0.2116 0.2154 0.2192 0.2230
3028.000000 0.2268 0.2305 0.2343 0.2381 0.2419
3033.000000 0.2456 0.2494 0.2532 0.2570 0.2607
3038.000000 0.2645 0.2683 0.2720 0.2758 0.2795
3043.000000 0.2833 0.2870 0.2908 0.2945 0.2983
3048.000000 0.3020 0.3057 0.3090 0.3123 0.3156
3053.000000 0.3185 0.3209 0.3234 0.3259 0.3284
3058.000000 0.3308 0.3333 0.3358 0.3383 0.3408
3063.000000 0.3433 0.3457 0.3482 0.3506 0.3531
3068.000000 0.3555 0.3580 0.3605 0.3629 0.3654
3073.000000 0.3678 0.3702 0.3727 0.3751 0.3776
3078.000000 0.3800 0.3826 0.3854 0.3881 0.3909
3083.000000 0.3938 0.3968 0.3999 0.4029 0.4057
3088.000000 0.4085 0.4113 0.4140 0.4160 0.4177
3093.000000 0.4195 0.4212 0.4227 0.4240 0.4254
3098.000000 0.4268 0.4278 0.4288 0.4298 0.4308
3103.000000 0.4319 0.4329 0.4339 0.4351 0.4366
3108.000000 0.4380 0.4395 0.4407 0.4417 0.4427
3113.000000 0.4437 0.4443 0.4446 0.4449 0.4453
3118.000000 0.4456 0.4459 0.4461 0.4464 0.4465
3123.000000 0.4465 0.4466 0.4467 0.4466 0.4465
3128.000000 0.4464 0.4463 0.4459 0.4456 0.4452
3133.000000 0.4448 0.4444 0.4440 0.4436 0.4432
3138.000000 0.4428 0.4424 0.4420 0.4417 0.4415
3143.000000 0.4413 0.4412 0.4410 0.4409 0.4409
3148.000000 0.4408 0.4408 0.4408 0.4408 0.4408
3153.000000 0.4417 0.4438 0.4459 0.4481 0.4504
3158.000000 0.4529 0.4555 0.4580 0.4606 0.4632
3163.000000 0.4657 0.4683 0.4709 0.4735 0.4760
3168.000000 0.4786 0.4812 0.4837 0.4863 0.4888
3173.000000 0.4910 0.4925 0.4939 0.4954 0.4966
3178.000000 0.4972 0.4978 0.4984 0.4990 0.4993
3183.000000 0.4997 0.5000 0.5003 0.5006 0.5009
3188.000000 0.5011 0.5014 0.5017 0.5020 0.5023
3193.000000 0.5027 0.5036 0.5044 0.5053 0.5062
3198.000000 0.5072 0.5082 0.5092 0.5102 0.5104
3203.000000 0.5105 0.5106 0.5107 0.5108 0.5108
3208.000000 0.5109 0.5109 0.5109 0.5109 0.5109
3213.000000 0.5109 0.5115 0.5109 0.5109 0.5109
3218.000000 0.5109 0.5109 0.5109 0.5109 0.5108
3223.000000 0.5108 0.5108 0.5108 0.5107 0.5107
3228.000000 0.5106 0.5106 0.5105 0.5104 0.5103
3233.000000 0.5102 0.5101 0.5100 0.5099 0.5098
3238.000000 0.5097 0.5096 0.5094 0.5093 0.5091
3243.000000 0.5090 0.5088 0.5087 0.5086 0.5084
3248.000000 0.5082 0.5081 0.5079 0.5077 0.5076
3253.000000 0.5074 0.5072 0.5071 0.5068 0.5065
3258.000000 0.5063 0.5060 0.5057 0.5054 0.5051
3263.000000 0.5048 0.5046 0.5043 0.5040 0.5037
3268.000000 0.5034 0.5032 0.5029 0.5026 0.5023
3273.000000 0.5020 0.5018 0.5015 0.5012 0.5009
3278.000000 0.5006 0.5004 0.5001 0.4998 0.4994
3283.000000 0.4990 0.4987 0.4983 0.4979 0.4975
3288.000000 0.4971 0.4967 0.4964 0.4960 0.4956
3293.000000 0.4952 0.4949 0.4945 0.4941 0.4937
3298.000000 0.4933 0.4929 0.4926 0.4922 0.4918
3303.000000 0.4915 0.4911 0.4907 0.4904 0.4900
3308.000000 0.4896 0.4891 0.4887 0.4883 0.4878
3313.000000 0.4874 0.4870 0.4865 0.4861 0.4856
3318.000000 0.4852 0.4847 0.4843 0.4838 0.4834
3323.000000 0.4830 0.4826 0.4821 0.4818 0.4814
3328.000000 0.4810 0.4806 0.4802 0.4798 0.4795
3333.000000 0.4791 0.4787 0.4784 0.4780 0.4776
3338.000000 0.4773 0.4769 0.4766 0.4762 0.4758
3343.000000 0.4755 0.4751 0.4747 0.4743 0.4740
3348.000000 0.4736 0.4732 0.4729 0.4725 0.4722
3353.000000 0.4718 0.4714 0.4710 0.4706 0.4703
3358.000000 0.4699 0.4696 0.4692 0.4689 0.4685
3363.000000 0.4682 0.4678 0.4675 0.4671 0.4668
3368.000000 0.4664 0.4660 0.4657 0.4653 0.4650
3373.000000 0.4646 0.4643 0.4639 0.4636 0.4632
3378.000000 0.4629 0.4625 0.4622 0.4618 0.4615
3383.000000 0.4611 0.4608 0.4605 0.4602 0.4598
3388.000000 0.4595 0.4593 0.4590 0.4587 0.4585
3393.000000 0.4582 0.4579 0.4576 0.4574 0.4571
3398.000000 0.4568 0.4566 0.4563 0.4560 0.4558
3403.000000 0.4555 0.4553 0.4550 0.4547 0.4545
3408.000000 0.4542 0.4540 0.4537 0.4534 0.4532
3413.000000 0.4529 0.4526 0.4523 0.4521 0.4518
3418.000000 0.4516 0.4513 0.4510 0.4508 0.4506
3423.000000 0.4504 0.4502 0.4500 0.4498 0.4496
3428.000000 0.4494 0.4492 0.4490 0.4488 0.4486
3433.000000 0.4485 0.4483 0.4481 0.4479 0.4477
3438.000000 0.4475 0.4473 0.4471 0.4469 0.4467
3443.000000 0.4465 0.4464 0.4462 0.4460 0.4459
3448.000000 0.4457 0.4455 0.4453 0.4451 0.4449
3453.000000 0.4448 0.4446 0.4444 0.4442 0.4440
3458.000000 0.4438 0.4437 0.4436 0.4435 0.4433
3463.000000 0.4432 0.4432 0.4432 0.4431 0.4431
3468.000000 0.4430 0.4430 0.4429 0.4429 0.4429
3473.000000 0.4428 0.4428 0.4427 0.4427 0.4427
3478.000000 0.4426 0.4426 0.4426 0.4426 0.4425
3483.000000 0.4425 0.4425 0.4424 0.4424 0.4423
3488.000000 0.4423 0.4423 0.4422 0.4422 0.4421
3493.000000 0.4421 0.4421 0.4420 0.4420 0.4419
3498.000000 0.4419 0.4418 0.4418 0.4418 0.4417
3503.000000 0.4417 0.4416 0.4416 0.4416 0.4415
3508.000000 0.4415 0.4415 0.4415 0.4415 0.4414
3513.000000 0.4414 0.4413 0.4413 0.4413 0.4412
3518.000000 0.4412 0.4411 0.4411 0.4411 0.4411
3523.000000 0.4411 0.4411 0.4411 0.4411 0.4410
3528.000000 0.4410 0.4410 0.4410 0.4410 0.4410
3533.000000 0.4410 0.4410 0.4410 0.4410 0.4410
3538.000000 0.4410 0.4410 0.4410 0.4410 0.4409
3543.000000 0.4409 0.4409 0.4409 0.4409 0.4409
3548.000000 0.4409 0.4409 0.4409 0.4409 0.4409
3553.000000 0.4409 0.4409 0.4409 0.4409 0.4409
3558.000000 0.4409 0.4409 0.4409 0.4409 0.4408
3563.000000 0.4408 0.4408 0.4408 0.4408 0.4408
3568.000000 0.4408 0.4408 0.4408 0.4408 0.4407
3573.000000 0.4407 0.4406 0.4406 0.4406 0.4405
3578.000000 0.4405 0.4404 0.4403 0.4403 0.4402
3583.000000 0.4402 0.4401 0.4401 0.4400 0.4399
3588.000000 0.4398 0.4397 0.4396 0.4395 0.4393
3593.000000 0.4390 0.4386 0.4383 0.4379 0.4376
3598.000000 0.4372 0.4369 0.4366 0.4362 0.4359
3603.000000 0.4355 0.4352 0.4349 0.4345 0.4342
3608.000000 0.4339 0.4336 0.4334 0.4331 0.4328
3613.000000 0.4326 0.4323 0.4320 0.4317 0.4314
3618.000000 0.4311 0.4309 0.4306 0.4303 0.4301
3623.000000 0.4298 0.4295 0.4293 0.4290 0.4287
3628.000000 0.4285 0.4282 0.4280 0.4278 0.4275
3633.000000 0.4273 0.4271 0.4269 0.4267 0.4265
3638.000000 0.4263 0.4261 0.4258 0.4256 0.4254
3643.000000 0.4251 0.4249 0.4247 0.4246 0.4244
3648.000000 0.4243 0.4241 0.4240 0.4240 0.4239
3653.000000 0.4239 0.4238 0.4237 0.4237 0.4236
3658.000000 0.4235 0.4234 0.4234 0.4233 0.4232
3663.000000 0.4232 0.4231 0.4230 0.4229 0.4229
3668.000000 0.4228 0.4228 0.4227 0.4227 0.4226
3673.000000 0.4225 0.4224 0.4224 0.4223 0.4222
3678.000000 0.4221 0.4221 0.4220 0.4219 0.4218
3683.000000 0.4216 0.4214 0.4212 0.4209 0.4207
3688.000000 0.4205 0.4202 0.4200 0.4198 0.4195
3693.000000 0.4193 0.4191 0.4188 0.4186 0.4183
3698.000000 0.4181 0.4179 0.4176 0.4174 0.4172
3703.000000 0.4169 0.4167 0.4165 0.4163 0.4161
3708.000000 0.4159 0.4157 0.4155 0.4153 0.4151
3713.000000 0.4149 0.4147 0.4145 0.4143 0.4141
3718.000000 0.4139 0.4137 0.4135 0.4133 0.4131
3723.000000 0.4130 0.4128 0.4126 0.4124 0.4122
3728.000000 0.4120 0.4118 0.4116 0.4114 0.4112
3733.000000 0.4110 0.4108 0.4106 0.4104 0.4102
3738.000000 0.4101 0.4099 0.4097 0.4095 0.4093
3743.000000 0.4092 0.4090 0.4089 0.4087 0.4085
3748.000000 0.4084 0.4082 0.4081 0.4079 0.4078
3753.000000 0.4077 0.4075 0.4074 0.4072 0.4070
3758.000000 0.4069 0.4067 0.4066 0.4064 0.4063
3763.000000 0.4061 0.4060 0.4059 0.4057 0.4055
3768.000000 0.4054 0.4052 0.4051 0.4049 0.4048
3773.000000 0.4046 0.4045 0.4044 0.4042 0.4041
3778.000000 0.4039 0.4037 0.4036 0.4034 0.4033
3783.000000 0.4031 0.4030 0.4029 0.4027 0.4026
3788.000000 0.4024 0.4023 0.4022 0.4020 0.4019
3793.000000 0.4017 0.4016 0.4015 0.4013 0.4012
3798.000000 0.4010 0.4009 0.4008 0.4006 0.4005
3803.000000 0.4004 0.4002 0.4001 0.3999 0.3998
3808.000000 0.3997 0.3995 0.3994 0.3992 0.3990
3813.000000 0.3988 0.3986 0.3984 0.3981 0.3979
3818.000000 0.3975 0.3972 0.3968 0.3964 0.3961
3823.000000 0.3957 0.3954 0.3950 0.3946 0.3943
3828.000000 0.3939 0.3935 0.3931 0.3927 0.3923
3833.000000 0.3919 0.3915 0.3911 0.3907 0.3903
3838.000000 0.3899 0.3895 0.3891 0.3886 0.3882
3843.000000 0.3878 0.3874 0.3870 0.3866 0.3862
3848.000000 0.3859 0.3855 0.3851 0.3848 0.3844
3853.000000 0.3840 0.3837 0.3834 0.3830 0.3827
3858.000000 0.3824 0.3820 0.3817 0.3814 0.3810
3863.000000 0.3807 0.3803 0.3800 0.3797 0.3793
3868.000000 0.3790 0.3787 0.3783 0.3780 0.3777
3873.000000 0.3773 0.3770 0.3767 0.3763 0.3761
3878.000000 0.3759 0.3756 0.3754 0.3752 0.3749
3883.000000 0.3747 0.3745 0.3743 0.3740 0.3738
3888.000000 0.3736 0.3733 0.3731 0.3728 0.3726
3893.000000 0.3723 0.3721 0.3718 0.3716 0.3714
3898.000000 0.3711 0.3709 0.3707 0.3704 0.3702
3903.000000 0.3699 0.3697 0.3695 0.3692 0.3690
3908.000000 0.3689 0.3687 0.3685 0.3684 0.3682
3913.000000 0.3680 0.3679 0.3677 0.3676 0.3674
3918.000000 0.3672 0.3671 0.3669 0.3668 0.3666
3923.000000 0.3665 0.3663 0.3662 0.3660 0.3659
3928.000000 0.3657 0.3655 0.3654 0.3652 0.3651
3933.000000 0.3650 0.3649 0.3648 0.3647 0.3647
3938.000000 0.3646 0.3645 0.3644 0.3643 0.3642
3943.000000 0.3642 0.3641 0.3640 0.3639 0.3638
3948.000000 0.3638 0.3637 0.3636 0.3636 0.3635
3953.000000 0.3634 0.3634 0.3633 0.3632 0.3632
3958.000000 0.3631 0.3631 0.3630 0.3630 0.3629
3963.000000 0.3629 0.3629 0.3628 0.3628 0.3627
3968.000000 0.3627 0.3626 0.3626 0.3625 0.3625
3973.000000 0.3624 0.3624 0.3623 0.3623 0.3622
3978.000000 0.3622 0.3621 0.3621 0.3620 0.3620
3983.000000 0.3620 0.3619 0.3619 0.3618 0.3618
3988.000000 0.3617 0.3617 0.3616 0.3616 0.3615
3993.000000 0.3615 0.3615 0.3615 0.3615 0.3615
3998.000000 0.3615 0.3615 0.3615
##END=
