##TITLE=3-Chloro-2-methylpropionitrile
##JCAMP-DX=4.24
$$ By DXEDIT 1.05 (RS McDonald)
##DATA TYPE=INFRARED SPECTRUM
##CLASS=COBLENTZ III
##ORIGIN=DOW CHEMICAL COMPANY
##OWNER=COPYRIGHT (C) 1988 by COBLENTZ SOCIETY INC.
Collection (C) 2018 copyright by the U.S. Secretary of Commerce
on behalf of the United States of America. All rights reserved.
##DATE=1963/10/17
##NAMES=3-chloro-2-methylpropanenitrile
##CAS REGISTRY NO=7659-45-2
##MOLFORM=C4 H6 Cl N
##SOURCE REFERENCE=COBLENTZ NO. 7055
##$NIST SOURCE=COBLENTZ
##$NIST IMAGE=cob7055
##SPECTROMETER/DATA SYSTEM=DOW KBr FOREPRISM-GRATING
##INSTRUMENT PARAMETERS=BLAZED AT 3.5, 12.0, 20.0 MICRON AND CHANGED AT 5.0, 7.5, 14.9 MICRON
##STATE=SOLUTION (10% CCl4 FOR 3800-1330, 10% CS2 FOR 1330-400 CM^-^1)
##PATH LENGTH=0.011 CM, 0.011 CM
$$SPECTRAL CONTAMINATION DUE TO CCl4 AROUND 1550 CM^-^1 HAS BEEN SUBTRACTED
$$SPECTRAL CONTAMINATION DUE TO AN UNKNOWN AROUND 400 CM^-^1
##SAMPLING PROCEDURE=TRANSMISSION
##RESOLUTION=2
##DATA PROCESSING=DIGITIZED BY COBLENTZ SOCIETY (BATCH I) FROM HARD COPY
##XUNITS=1/CM
##YUNITS=TRANSMITTANCE
##XFACTOR=1
##YFACTOR=1
##DELTAX=1
##FIRSTX=3800
##LASTX=384
##FIRSTY=0.9092
##MAXX=3800
##MINX=384
##MAXY=0.9831
##MINY=0.252
##NPOINTS=3417
##XYDATA=(X++(Y..Y))
3800.000000 0.9092 0.9092 0.9092 0.9093 0.9101
3795.000000 0.9092 0.9102 0.9101 0.9100 0.9099
3790.000000 0.9099 0.9098 0.9097 0.9096 0.9096
3785.000000 0.9095 0.9085 0.9078 0.9078 0.9084
3780.000000 0.9087 0.9075 0.9081 0.9082 0.9080
3775.000000 0.9065 0.9077 0.9076 0.9075 0.9074
3770.000000 0.9074 0.9072 0.9072 0.9072 0.9072
3765.000000 0.9071 0.9071 0.9070 0.9070 0.9066
3760.000000 0.9070 0.9063 0.9054 0.9038 0.9024
3755.000000 0.9011 0.8997 0.8988 0.8979 0.8974
3750.000000 0.8969 0.8971 0.8973 0.8975 0.8977
3745.000000 0.8978 0.8982 0.8983 0.8986 0.8986
3740.000000 0.8989 0.8996 0.9008 0.9011 0.9014
3735.000000 0.9017 0.9015 0.9012 0.9022 0.9031
3730.000000 0.9034 0.9034 0.9034 0.9034 0.9034
3725.000000 0.9034 0.9034 0.9034 0.9034 0.9034
3720.000000 0.9034 0.9021 0.9022 0.9034 0.9034
3715.000000 0.9031 0.9030 0.9028 0.9031 0.9034
3710.000000 0.9029 0.9036 0.9035 0.9033 0.9032
3705.000000 0.9029 0.9028 0.9026 0.9025 0.9022
3700.000000 0.9020 0.9018 0.9016 0.9013 0.8999
3695.000000 0.8995 0.8994 0.8991 0.8987 0.8986
3690.000000 0.8984 0.8981 0.8980 0.8977 0.8968
3685.000000 0.8969 0.8971 0.8973 0.8974 0.8975
3680.000000 0.8975 0.8977 0.8978 0.8982 0.8985
3675.000000 0.8989 0.8993 0.8996 0.8999 0.9003
3670.000000 0.9017 0.9012 0.9014 0.9017 0.9020
3665.000000 0.9021 0.9022 0.9023 0.9024 0.9025
3660.000000 0.9025 0.9025 0.9024 0.9020 0.9017
3655.000000 0.9013 0.9010 0.9005 0.9002 0.9002
3650.000000 0.9002 0.9004 0.9006 0.9007 0.9010
3645.000000 0.9012 0.9014 0.9015 0.9017 0.9018
3640.000000 0.9020 0.9022 0.9024 0.9024 0.9025
3635.000000 0.9024 0.9022 0.9021 0.9029 0.9026
3630.000000 0.9020 0.9008 0.9011 0.9016 0.9014
3625.000000 0.9013 0.9013 0.9012 0.9012 0.9011
3620.000000 0.9010 0.9010 0.9010 0.9009 0.9009
3615.000000 0.9009 0.9009 0.9009 0.9009 0.9010
3610.000000 0.9011 0.9010 0.9001 0.9015 0.9017
3605.000000 0.9019 0.9022 0.9021 0.9020 0.9030
3600.000000 0.9028 0.9020 0.9027 0.9031 0.9029
3595.000000 0.9026 0.9024 0.9015 0.9007 0.8997
3590.000000 0.8989 0.8977 0.8964 0.8949 0.8933
3585.000000 0.8919 0.8906 0.8894 0.8884 0.8882
3580.000000 0.8882 0.8887 0.8891 0.8895 0.8896
3575.000000 0.8894 0.8907 0.8911 0.8909 0.8903
3570.000000 0.8905 0.8905 0.8906 0.8906 0.8907
3565.000000 0.8907 0.8908 0.8908 0.8909 0.8909
3560.000000 0.8910 0.8910 0.8911 0.8911 0.8911
3555.000000 0.8922 0.8911 0.8911 0.8922 0.8922
3550.000000 0.8919 0.8913 0.8922 0.8921 0.8921
3545.000000 0.8915 0.8914 0.8920 0.8920 0.8919
3540.000000 0.8911 0.8913 0.8908 0.8911 0.8914
3535.000000 0.8913 0.8911 0.8910 0.8909 0.8908
3530.000000 0.8907 0.8893 0.8892 0.8890 0.8889
3525.000000 0.8887 0.8886 0.8884 0.8883 0.8881
3520.000000 0.8879 0.8878 0.8876 0.8874 0.8872
3515.000000 0.8871 0.8868 0.8867 0.8865 0.8863
3510.000000 0.8862 0.8862 0.8862 0.8862 0.8863
3505.000000 0.8863 0.8864 0.8864 0.8865 0.8865
3500.000000 0.8866 0.8866 0.8867 0.8867 0.8868
3495.000000 0.8868 0.8870 0.8871 0.8874 0.8875
3490.000000 0.8878 0.8879 0.8882 0.8883 0.8885
3485.000000 0.8887 0.8889 0.8890 0.8892 0.8894
3480.000000 0.8896 0.8898 0.8900 0.8901 0.8903
3475.000000 0.8905 0.8908 0.8909 0.8911 0.8912
3470.000000 0.8914 0.8915 0.8917 0.8918 0.8920
3465.000000 0.8920 0.8923 0.8923 0.8926 0.8927
3460.000000 0.8929 0.8930 0.8932 0.8933 0.8935
3455.000000 0.8936 0.8939 0.8940 0.8942 0.8943
3450.000000 0.8945 0.8945 0.8945 0.8945 0.8946
3445.000000 0.8946 0.8947 0.8947 0.8948 0.8948
3440.000000 0.8949 0.8949 0.8950 0.8950 0.8950
3435.000000 0.8950 0.8951 0.8951 0.8951 0.8951
3430.000000 0.8950 0.8949 0.8948 0.8947 0.8945
3425.000000 0.8934 0.8942 0.8942 0.8941 0.8940
3420.000000 0.8939 0.8938 0.8937 0.8936 0.8935
3415.000000 0.8934 0.8933 0.8930 0.8927 0.8925
3410.000000 0.8922 0.8919 0.8917 0.8921 0.8918
3405.000000 0.8909 0.8907 0.8904 0.8901 0.8899
3400.000000 0.8897 0.8894 0.8892 0.8888 0.8885
3395.000000 0.8881 0.8876 0.8872 0.8867 0.8864
3390.000000 0.8861 0.8857 0.8852 0.8849 0.8846
3385.000000 0.8844 0.8843 0.8841 0.8840 0.8838
3380.000000 0.8837 0.8835 0.8834 0.8831 0.8830
3375.000000 0.8828 0.8827 0.8825 0.8824 0.8822
3370.000000 0.8832 0.8822 0.8821 0.8820 0.8820
3365.000000 0.8820 0.8820 0.8818 0.8818 0.8818
3360.000000 0.8818 0.8818 0.8818 0.8817 0.8817
3355.000000 0.8817 0.8818 0.8818 0.8818 0.8818
3350.000000 0.8818 0.8818 0.8818 0.8818 0.8820
3345.000000 0.8830 0.8832 0.8821 0.8832 0.8821
3340.000000 0.8821 0.8821 0.8833 0.8833 0.8832
3335.000000 0.8822 0.8822 0.8822 0.8822 0.8822
3330.000000 0.8822 0.8822 0.8824 0.8824 0.8824
3325.000000 0.8824 0.8824 0.8824 0.8824 0.8824
3320.000000 0.8823 0.8823 0.8823 0.8823 0.8823
3315.000000 0.8821 0.8821 0.8821 0.8834 0.8834
3310.000000 0.8834 0.8834 0.8832 0.8824 0.8834
3305.000000 0.8834 0.8830 0.8821 0.8821 0.8821
3300.000000 0.8821 0.8821 0.8821 0.8820 0.8820
3295.000000 0.8820 0.8820 0.8820 0.8820 0.8820
3290.000000 0.8820 0.8819 0.8819 0.8819 0.8819
3285.000000 0.8819 0.8820 0.8829 0.8828 0.8817
3280.000000 0.8819 0.8829 0.8826 0.8817 0.8821
3275.000000 0.8829 0.8829 0.8829 0.8829 0.8829
3270.000000 0.8829 0.8828 0.8828 0.8828 0.8828
3265.000000 0.8826 0.8826 0.8825 0.8825 0.8824
3260.000000 0.8823 0.8822 0.8822 0.8820 0.8809
3255.000000 0.8820 0.8818 0.8817 0.8817 0.8816
3250.000000 0.8816 0.8815 0.8814 0.8813 0.8813
3245.000000 0.8806 0.8805 0.8810 0.8810 0.8809
3240.000000 0.8808 0.8806 0.8805 0.8803 0.8802
3235.000000 0.8800 0.8798 0.8796 0.8794 0.8792
3230.000000 0.8791 0.8789 0.8788 0.8784 0.8771
3225.000000 0.8773 0.8781 0.8780 0.8776 0.8773
3220.000000 0.8769 0.8765 0.8761 0.8757 0.8752
3215.000000 0.8748 0.8744 0.8740 0.8736 0.8731
3210.000000 0.8727 0.8723 0.8709 0.8700 0.8695
3205.000000 0.8690 0.8685 0.8679 0.8673 0.8667
3200.000000 0.8661 0.8664 0.8650 0.8649 0.8637
3195.000000 0.8641 0.8636 0.8631 0.8627 0.8622
3190.000000 0.8610 0.8607 0.8608 0.8605 0.8594
3185.000000 0.8590 0.8590 0.8590 0.8590 0.8590
3180.000000 0.8590 0.8590 0.8591 0.8592 0.8594
3175.000000 0.8595 0.8597 0.8598 0.8599 0.8600
3170.000000 0.8602 0.8603 0.8604 0.8604 0.8607
3165.000000 0.8607 0.8616 0.8624 0.8617 0.8618
3160.000000 0.8624 0.8622 0.8614 0.8618 0.8612
3155.000000 0.8607 0.8617 0.8619 0.8619 0.8618
3150.000000 0.8618 0.8616 0.8604 0.8604 0.8604
3145.000000 0.8603 0.8603 0.8602 0.8602 0.8605
3140.000000 0.8613 0.8613 0.8613 0.8613 0.8613
3135.000000 0.8613 0.8614 0.8614 0.8614 0.8614
3130.000000 0.8615 0.8615 0.8615 0.8615 0.8616
3125.000000 0.8616 0.8616 0.8616 0.8616 0.8616
3120.000000 0.8618 0.8619 0.8619 0.8621 0.8622
3115.000000 0.8622 0.8647 0.8623 0.8625 0.8625
3110.000000 0.8626 0.8626 0.8628 0.8636 0.8642
3105.000000 0.8642 0.8643 0.8644 0.8645 0.8647
3100.000000 0.8658 0.8660 0.8661 0.8672 0.8686
3095.000000 0.8699 0.8700 0.8701 0.8700 0.8689
3090.000000 0.8688 0.8675 0.8667 0.8671 0.8676
3085.000000 0.8664 0.8658 0.8658 0.8658 0.8658
3080.000000 0.8657 0.8656 0.8662 0.8674 0.8678
3075.000000 0.8677 0.8685 0.8687 0.8677 0.8674
3070.000000 0.8673 0.8660 0.8672 0.8656 0.8654
3065.000000 0.8650 0.8647 0.8634 0.8630 0.8627
3060.000000 0.8629 0.8634 0.8632 0.8622 0.8611
3055.000000 0.8611 0.8606 0.8595 0.8590 0.8592
3050.000000 0.8592 0.8584 0.8577 0.8566 0.8565
3045.000000 0.8557 0.8558 0.8557 0.8557 0.8556
3040.000000 0.8555 0.8541 0.8527 0.8511 0.8485
3035.000000 0.8460 0.8443 0.8417 0.8394 0.8382
3030.000000 0.8363 0.8342 0.8329 0.8309 0.8290
3025.000000 0.8276 0.8263 0.8244 0.8225 0.8206
3020.000000 0.8187 0.8166 0.8138 0.8106 0.8062
3015.000000 0.8006 0.7951 0.7858 0.7769 0.7712
3010.000000 0.7655 0.7601 0.7547 0.7478 0.7419
3005.000000 0.7365 0.7303 0.6395 0.5487 0.5462
3000.000000 0.5442 0.5334 0.5223 0.5068 0.4912
2995.000000 0.4757 0.4601 0.4599 0.4624 0.4709
2990.000000 0.4825 0.4947 0.5069 0.5192 0.5314
2985.000000 0.5436 0.5558 0.5680 0.5802 0.5924
2980.000000 0.6048 0.6177 0.6297 0.6416 0.6761
2975.000000 0.6607 0.6670 0.6504 0.6337 0.6171
2970.000000 0.5410 0.5845 0.5682 0.5556 0.5432
2965.000000 0.5427 0.5424 0.5554 0.5684 0.5878
2960.000000 0.6074 0.6277 0.6472 0.6511 0.6579
2955.000000 0.6501 0.6446 0.6324 0.6193 0.6062
2950.000000 0.5932 0.5803 0.5675 0.5671 0.5680
2945.000000 0.5788 0.5914 0.6038 0.6168 0.6292
2940.000000 0.6423 0.6626 0.6827 0.6999 0.7171
2935.000000 0.7283 0.7402 0.7468 0.7533 0.7570
2930.000000 0.7608 0.7639 0.7667 0.7694 0.7719
2925.000000 0.7742 0.7764 0.7779 0.7793 0.7798
2920.000000 0.7812 0.7823 0.7836 0.7843 0.7852
2915.000000 0.7858 0.7866 0.7873 0.7880 0.7884
2910.000000 0.7889 0.7911 0.7945 0.7974 0.7990
2905.000000 0.8003 0.8018 0.8023 0.8029 0.8035
2900.000000 0.8039 0.8042 0.8043 0.8044 0.8030
2895.000000 0.8039 0.8036 0.8030 0.8028 0.8000
2890.000000 0.7973 0.7907 0.7841 0.7775 0.7708
2885.000000 0.7642 0.7576 0.7509 0.7321 0.7388
2880.000000 0.7333 0.7324 0.7316 0.7380 0.7464
2875.000000 0.7685 0.7906 0.7968 0.8030 0.8041
2870.000000 0.8051 0.8059 0.8068 0.8075 0.8084
2865.000000 0.8096 0.8107 0.8126 0.8146 0.8168
2860.000000 0.8192 0.8216 0.8241 0.8265 0.8290
2855.000000 0.8318 0.8335 0.8372 0.8410 0.8447
2850.000000 0.8483 0.8515 0.8546 0.8578 0.8620
2845.000000 0.8640 0.8656 0.8651 0.8662 0.8655
2840.000000 0.8644 0.8636 0.8638 0.8631 0.8619
2835.000000 0.8614 0.8614 0.8614 0.8614 0.8614
2830.000000 0.8614 0.8624 0.8616 0.8624 0.8626
2825.000000 0.8621 0.8627 0.8648 0.8645 0.8666
2820.000000 0.8675 0.8681 0.8681 0.8689 0.8698
2815.000000 0.8707 0.8716 0.8724 0.8734 0.8741
2810.000000 0.8751 0.8757 0.8769 0.8778 0.8783
2805.000000 0.8787 0.8791 0.8795 0.8799 0.8802
2800.000000 0.8806 0.8811 0.8815 0.8818 0.8821
2795.000000 0.8824 0.8827 0.8829 0.8831 0.8826
2790.000000 0.8836 0.8828 0.8832 0.8834 0.8837
2785.000000 0.8845 0.8856 0.8851 0.8848 0.8855
2780.000000 0.8864 0.8865 0.8865 0.8865 0.8867
2775.000000 0.8867 0.8868 0.8868 0.8870 0.8870
2770.000000 0.8871 0.8872 0.8873 0.8873 0.8873
2765.000000 0.8873 0.8873 0.8871 0.8870 0.8868
2760.000000 0.8867 0.8865 0.8864 0.8860 0.8860
2755.000000 0.8857 0.8857 0.8855 0.8854 0.8852
2750.000000 0.8850 0.8848 0.8846 0.8844 0.8841
2745.000000 0.8839 0.8837 0.8835 0.8833 0.8830
2740.000000 0.8828 0.8827 0.8827 0.8832 0.8838
2735.000000 0.8844 0.8851 0.8857 0.8863 0.8866
2730.000000 0.8871 0.8874 0.8878 0.8881 0.8884
2725.000000 0.8887 0.8890 0.8894 0.8897 0.8900
2720.000000 0.8903 0.8906 0.8909 0.8912 0.8915
2715.000000 0.8919 0.8923 0.8924 0.8926 0.8927
2710.000000 0.8928 0.8929 0.8930 0.8931 0.8932
2705.000000 0.8933 0.8934 0.8935 0.8936 0.8937
2700.000000 0.8938 0.8939 0.8940 0.8941 0.8943
2695.000000 0.8944 0.8945 0.8946 0.8949 0.8950
2690.000000 0.8952 0.8953 0.8955 0.8956 0.8957
2685.000000 0.8958 0.8960 0.8961 0.8963 0.8964
2680.000000 0.8966 0.8967 0.8968 0.8970 0.8971
2675.000000 0.8971 0.8971 0.8973 0.8974 0.8976
2670.000000 0.8977 0.8977 0.8978 0.8979 0.8980
2665.000000 0.8981 0.8982 0.8982 0.8983 0.8983
2660.000000 0.8984 0.8983 0.8983 0.8993 0.8992
2655.000000 0.8990 0.8989 0.8987 0.8986 0.8979
2650.000000 0.8971 0.8968 0.8974 0.8980 0.8978
2645.000000 0.8969 0.8963 0.8961 0.8969 0.8962
2640.000000 0.8957 0.8956 0.8956 0.8955 0.8955
2635.000000 0.8954 0.8967 0.8966 0.8965 0.8952
2630.000000 0.8953 0.8963 0.8963 0.8961 0.8961
2625.000000 0.8960 0.8960 0.8959 0.8959 0.8958
2620.000000 0.8958 0.8957 0.8957 0.8956 0.8955
2615.000000 0.8954 0.8954 0.8953 0.8953 0.8952
2610.000000 0.8952 0.8951 0.8951 0.8951 0.8951
2605.000000 0.8951 0.8952 0.8952 0.8952 0.8952
2600.000000 0.8953 0.8953 0.8953 0.8953 0.8954
2595.000000 0.8954 0.8954 0.8954 0.8955 0.8955
2590.000000 0.8955 0.8955 0.8956 0.8956 0.8956
2585.000000 0.8956 0.8957 0.8957 0.8957 0.8957
2580.000000 0.8958 0.8958 0.8959 0.8959 0.8960
2575.000000 0.8960 0.8961 0.8961 0.8962 0.8962
2570.000000 0.8963 0.8963 0.8964 0.8964 0.8965
2565.000000 0.8965 0.8966 0.8966 0.8967 0.8967
2560.000000 0.8967 0.8967 0.8968 0.8969 0.8970
2555.000000 0.8971 0.8972 0.8975 0.8977 0.8978
2550.000000 0.8979 0.8981 0.8982 0.8985 0.8987
2545.000000 0.8989 0.8991 0.8992 0.8994 0.8995
2540.000000 0.8997 0.8998 0.9000 0.9001 0.9002
2535.000000 0.9003 0.9005 0.9006 0.9008 0.9008
2530.000000 0.9009 0.9008 0.9006 0.9004 0.9002
2525.000000 0.9000 0.8998 0.8996 0.8994 0.8992
2520.000000 0.8989 0.8988 0.8987 0.8987 0.8987
2515.000000 0.8986 0.8986 0.8986 0.8986 0.8985
2510.000000 0.8985 0.8985 0.8985 0.8984 0.8984
2505.000000 0.8984 0.8984 0.8984 0.8985 0.8987
2500.000000 0.8989 0.8991 0.8993 0.8995 0.8998
2495.000000 0.9000 0.9002 0.9004 0.9026 0.9008
2490.000000 0.9010 0.9012 0.9014 0.9016 0.9018
2485.000000 0.9020 0.9023 0.9024 0.9024 0.9031
2480.000000 0.9036 0.9036 0.9036 0.9036 0.9036
2475.000000 0.9036 0.9036 0.9035 0.9035 0.9035
2470.000000 0.9035 0.9034 0.9033 0.9031 0.9030
2465.000000 0.9029 0.9028 0.9026 0.9025 0.9022
2460.000000 0.9021 0.9019 0.9012 0.9010 0.9008
2455.000000 0.9002 0.9003 0.9012 0.9017 0.9017
2450.000000 0.9008 0.9016 0.9019 0.9019 0.9020
2445.000000 0.9020 0.9021 0.9021 0.9022 0.9023
2440.000000 0.9024 0.9026 0.9028 0.9031 0.9033
2435.000000 0.9035 0.9036 0.9039 0.9041 0.9043
2430.000000 0.9045 0.9046 0.9049 0.9051 0.9053
2425.000000 0.9056 0.9058 0.9059 0.9060 0.9060
2420.000000 0.9060 0.9059 0.9059 0.9059 0.9059
2415.000000 0.9058 0.9057 0.9056 0.9056 0.9056
2410.000000 0.9056 0.9059 0.9064 0.9059 0.9067
2405.000000 0.9067 0.9067 0.9066 0.9066 0.9065
2400.000000 0.9064 0.9062 0.9061 0.9059 0.9059
2395.000000 0.9055 0.9055 0.9054 0.9053 0.9051
2390.000000 0.9050 0.9061 0.9060 0.9059 0.9058
2385.000000 0.9057 0.9067 0.9066 0.9068 0.9076
2380.000000 0.9075 0.9077 0.9084 0.9088 0.9094
2375.000000 0.9092 0.9098 0.9101 0.9100 0.9098
2370.000000 0.9096 0.9084 0.9080 0.9078 0.9077
2365.000000 0.9076 0.9075 0.9074 0.9074 0.9073
2360.000000 0.9085 0.9086 0.9097 0.9097 0.9108
2355.000000 0.9113 0.9110 0.9107 0.9104 0.9094
2350.000000 0.9083 0.9079 0.9083 0.9092 0.9094
2345.000000 0.9089 0.9075 0.9064 0.9059 0.9054
2340.000000 0.9048 0.9032 0.9036 0.9033 0.9017
2335.000000 0.9011 0.9020 0.9014 0.9010 0.9008
2330.000000 0.9014 0.9014 0.9014 0.9018 0.9027
2325.000000 0.9032 0.9041 0.9042 0.9044 0.9045
2320.000000 0.9047 0.9049 0.9051 0.9052 0.9056
2315.000000 0.9058 0.9061 0.9063 0.9065 0.9068
2310.000000 0.9072 0.9075 0.9078 0.9081 0.9084
2305.000000 0.9087 0.9091 0.9093 0.9095 0.9097
2300.000000 0.9100 0.9107 0.9117 0.9118 0.9122
2295.000000 0.9122 0.9122 0.9121 0.9121 0.9118
2290.000000 0.9118 0.9115 0.9101 0.9093 0.9087
2285.000000 0.9082 0.9077 0.9055 0.9046 0.9035
2280.000000 0.9025 0.9008 0.8982 0.8962 0.8943
2275.000000 0.8914 0.8895 0.8869 0.8838 0.8800
2270.000000 0.8770 0.8727 0.8683 0.8645 0.8607
2265.000000 0.8566 0.8526 0.8489 0.8454 0.8203
2260.000000 0.7958 0.7627 0.7287 0.6952 0.6621
2255.000000 0.6554 0.6476 0.6481 0.6482 0.6612
2250.000000 0.6734 0.7032 0.7331 0.7629 0.7928
2245.000000 0.8161 0.8390 0.8439 0.8489 0.8536
2240.000000 0.8583 0.8624 0.8665 0.8701 0.8738
2235.000000 0.8753 0.8773 0.8793 0.8813 0.8832
2230.000000 0.8852 0.8871 0.8891 0.8908 0.8926
2225.000000 0.8943 0.8960 0.8976 0.8990 0.8991
2220.000000 0.9004 0.9012 0.9022 0.9030 0.9039
2215.000000 0.9048 0.9057 0.9066 0.9075 0.9080
2210.000000 0.9085 0.9089 0.9093 0.9098 0.9102
2205.000000 0.9106 0.9112 0.9116 0.9120 0.9124
2200.000000 0.9129 0.9133 0.9138 0.9141 0.9143
2195.000000 0.9139 0.9155 0.9155 0.9148 0.9151
2190.000000 0.9154 0.9157 0.9160 0.9163 0.9167
2185.000000 0.9170 0.9180 0.9181 0.9179 0.9182
2180.000000 0.9184 0.9187 0.9202 0.9208 0.9211
2175.000000 0.9214 0.9217 0.9220 0.9223 0.9226
2170.000000 0.9230 0.9229 0.9220 0.9221 0.9223
2165.000000 0.9224 0.9226 0.9227 0.9229 0.9229
2160.000000 0.9232 0.9232 0.9235 0.9236 0.9238
2155.000000 0.9239 0.9241 0.9243 0.9245 0.9246
2150.000000 0.9248 0.9249 0.9251 0.9252 0.9253
2145.000000 0.9254 0.9256 0.9257 0.9259 0.9261
2140.000000 0.9263 0.9264 0.9266 0.9267 0.9270
2135.000000 0.9271 0.9273 0.9274 0.9276 0.9277
2130.000000 0.9279 0.9281 0.9283 0.9284 0.9286
2125.000000 0.9287 0.9288 0.9290 0.9280 0.9292
2120.000000 0.9295 0.9298 0.9300 0.9301 0.9303
2115.000000 0.9304 0.9306 0.9307 0.9309 0.9310
2110.000000 0.9312 0.9313 0.9315 0.9316 0.9317
2105.000000 0.9318 0.9319 0.9320 0.9321 0.9322
2100.000000 0.9323 0.9325 0.9317 0.9315 0.9326
2095.000000 0.9330 0.9319 0.9331 0.9333 0.9333
2090.000000 0.9335 0.9336 0.9336 0.9338 0.9340
2085.000000 0.9340 0.9342 0.9342 0.9343 0.9343
2080.000000 0.9343 0.9343 0.9343 0.9343 0.9343
2075.000000 0.9343 0.9343 0.9343 0.9343 0.9343
2070.000000 0.9343 0.9343 0.9343 0.9343 0.9343
2065.000000 0.9343 0.9343 0.9342 0.9342 0.9342
2060.000000 0.9342 0.9342 0.9342 0.9343 0.9353
2055.000000 0.9353 0.9353 0.9353 0.9347 0.9346
2050.000000 0.9353 0.9346 0.9340 0.9340 0.9340
2045.000000 0.9338 0.9338 0.9338 0.9338 0.9338
2040.000000 0.9338 0.9337 0.9337 0.9337 0.9337
2035.000000 0.9335 0.9335 0.9335 0.9335 0.9335
2030.000000 0.9335 0.9335 0.9339 0.9344 0.9335
2025.000000 0.9341 0.9350 0.9351 0.9352 0.9352
2020.000000 0.9354 0.9354 0.9356 0.9355 0.9355
2015.000000 0.9355 0.9355 0.9355 0.9355 0.9355
2010.000000 0.9355 0.9352 0.9351 0.9348 0.9348
2005.000000 0.9345 0.9344 0.9342 0.9340 0.9287
2000.000000 0.9236 0.9177 0.9139 0.9112 0.9102
1995.000000 0.9116 0.9210 0.9257 0.9277 0.9297
1990.000000 0.9316 0.9335 0.9347 0.9360 0.9361
1985.000000 0.9371 0.9383 0.9390 0.9398 0.9405
1980.000000 0.9412 0.9417 0.9409 0.9415 0.9419
1975.000000 0.9423 0.9427 0.9430 0.9430 0.9430
1970.000000 0.9430 0.9430 0.9431 0.9431 0.9440
1965.000000 0.9438 0.9433 0.9445 0.9450 0.9461
1960.000000 0.9491 0.9524 0.9555 0.9556 0.9557
1955.000000 0.9541 0.9509 0.9494 0.9481 0.9472
1950.000000 0.9466 0.9453 0.9450 0.9448 0.9446
1945.000000 0.9443 0.9441 0.9441 0.9441 0.9441
1940.000000 0.9441 0.9442 0.9442 0.9442 0.9443
1935.000000 0.9443 0.9443 0.9443 0.9443 0.9443
1930.000000 0.9443 0.9442 0.9441 0.9441 0.9441
1925.000000 0.9440 0.9440 0.9440 0.9439 0.9439
1920.000000 0.9439 0.9438 0.9438 0.9437 0.9437
1915.000000 0.9436 0.9436 0.9435 0.9435 0.9435
1910.000000 0.9434 0.9434 0.9433 0.9443 0.9445
1905.000000 0.9445 0.9444 0.9444 0.9443 0.9443
1900.000000 0.9442 0.9441 0.9441 0.9440 0.9440
1895.000000 0.9439 0.9439 0.9438 0.9437 0.9432
1890.000000 0.9423 0.9423 0.9423 0.9423 0.9423
1885.000000 0.9423 0.9431 0.9434 0.9432 0.9430
1880.000000 0.9429 0.9427 0.9425 0.9424 0.9422
1875.000000 0.9430 0.9427 0.9421 0.9417 0.9413
1870.000000 0.9408 0.9404 0.9399 0.9394 0.9390
1865.000000 0.9385 0.9380 0.9376 0.9375 0.9374
1860.000000 0.9372 0.9372 0.9371 0.9377 0.9374
1855.000000 0.9368 0.9367 0.9366 0.9366 0.9366
1850.000000 0.9367 0.9368 0.9368 0.9369 0.9369
1845.000000 0.9369 0.9371 0.9371 0.9372 0.9372
1840.000000 0.9372 0.9374 0.9375 0.9376 0.9371
1835.000000 0.9363 0.9365 0.9366 0.9366 0.9366
1830.000000 0.9366 0.9366 0.9366 0.9366 0.9366
1825.000000 0.9366 0.9366 0.9366 0.9366 0.9366
1820.000000 0.9368 0.9381 0.9381 0.9381 0.9382
1815.000000 0.9382 0.9382 0.9382 0.9383 0.9383
1810.000000 0.9383 0.9379 0.9372 0.9375 0.9377
1805.000000 0.9379 0.9375 0.9371 0.9374 0.9376
1800.000000 0.9378 0.9382 0.9384 0.9386 0.9389
1795.000000 0.9391 0.9392 0.9394 0.9396 0.9397
1790.000000 0.9399 0.9400 0.9401 0.9401 0.9403
1785.000000 0.9404 0.9404 0.9404 0.9404 0.9404
1780.000000 0.9401 0.9400 0.9399 0.9399 0.9391
1775.000000 0.9386 0.9386 0.9384 0.9384 0.9381
1770.000000 0.9375 0.9369 0.9367 0.9364 0.9361
1765.000000 0.9359 0.9355 0.9352 0.9349 0.9347
1760.000000 0.9346 0.9348 0.9357 0.9352 0.9348
1755.000000 0.9341 0.9337 0.9332 0.9329 0.9327
1750.000000 0.9326 0.9324 0.9322 0.9320 0.9318
1745.000000 0.9308 0.9297 0.9285 0.9274 0.9257
1740.000000 0.9237 0.9227 0.9224 0.9222 0.9222
1735.000000 0.9212 0.9178 0.9145 0.9124 0.9119
1730.000000 0.9123 0.9126 0.9131 0.9134 0.9138
1725.000000 0.9142 0.9142 0.9143 0.9143 0.9138
1720.000000 0.9126 0.9113 0.9100 0.9085 0.9082
1715.000000 0.9081 0.9080 0.9078 0.9075 0.9057
1710.000000 0.9038 0.9018 0.8991 0.8963 0.8936
1705.000000 0.8909 0.8880 0.8851 0.8822 0.8789
1700.000000 0.8751 0.8724 0.8711 0.8698 0.8698
1695.000000 0.8697 0.8701 0.8704 0.8708 0.8712
1690.000000 0.8717 0.8721 0.8721 0.8722 0.8722
1685.000000 0.8722 0.8761 0.8805 0.8840 0.8869
1680.000000 0.8894 0.8914 0.8934 0.8947 0.8961
1675.000000 0.8973 0.8985 0.9003 0.9021 0.9032
1670.000000 0.9041 0.9049 0.9058 0.9067 0.9076
1665.000000 0.9083 0.9091 0.9097 0.9105 0.9112
1660.000000 0.9131 0.9124 0.9125 0.9139 0.9110
1655.000000 0.9075 0.9042 0.9007 0.8967 0.8950
1650.000000 0.8948 0.8961 0.9000 0.9016 0.9037
1645.000000 0.9062 0.9084 0.9115 0.9156 0.9193
1640.000000 0.9213 0.9219 0.9228 0.9210 0.9192
1635.000000 0.9172 0.9161 0.9177 0.9185 0.9242
1630.000000 0.9206 0.9218 0.9198 0.9187 0.9160
1625.000000 0.9131 0.9127 0.9121 0.9126 0.9117
1620.000000 0.9103 0.9099 0.9091 0.9086 0.9089
1615.000000 0.9097 0.9103 0.9093 0.9087 0.9082
1610.000000 0.9053 0.9037 0.9017 0.8985 0.8975
1605.000000 0.8937 0.8946 0.8928 0.8929 0.8875
1600.000000 0.8868 0.8850 0.8823 0.8785 0.8737
1595.000000 0.8675 0.8627 0.8587 0.8576 0.8522
1590.000000 0.8429 0.8378 0.8394 0.8396 0.8425
1585.000000 0.8448 0.8480 0.8518 0.8518 0.8528
1580.000000 0.8529 0.8534 0.8521 0.8520 0.8505
1575.000000 0.8506 0.8520 0.8511 0.8494 0.8479
1570.000000 0.8385 0.8293 0.8194 0.8118 0.8042
1565.000000 0.7980 0.7922 0.7862 0.7805 0.7771
1560.000000 0.7739 0.7733 0.7722 0.7705 0.7724
1555.000000 0.7774 0.7828 0.7873 0.7954 0.8019
1550.000000 0.8057 0.8051 0.8047 0.8039 0.8036
1545.000000 0.8037 0.8030 0.8017 0.8042 0.8050
1540.000000 0.8146 0.8387 0.8691 0.8696 0.8707
1535.000000 0.8744 0.8725 0.8692 0.8666 0.8637
1530.000000 0.8613 0.8603 0.8598 0.8594 0.8610
1525.000000 0.8626 0.8636 0.8638 0.8651 0.8651
1520.000000 0.8664 0.8673 0.8671 0.8682 0.8689
1515.000000 0.8693 0.8708 0.8714 0.8717 0.8699
1510.000000 0.8684 0.8672 0.8650 0.8629 0.8608
1505.000000 0.8590 0.8643 0.8711 0.8732 0.8744
1500.000000 0.8741 0.8738 0.8721 0.8715 0.8709
1495.000000 0.8714 0.8707 0.8711 0.8720 0.8713
1490.000000 0.8705 0.8696 0.8686 0.8681 0.8686
1485.000000 0.8689 0.8692 0.8690 0.8718 0.8722
1480.000000 0.8681 0.8589 0.8490 0.8359 0.8241
1475.000000 0.8049 0.7822 0.7591 0.7024 0.6767
1470.000000 0.6664 0.6563 0.6438 0.6279 0.6057
1465.000000 0.5074 0.4512 0.3936 0.3734 0.3589
1460.000000 0.3430 0.3288 0.3304 0.3297 0.3389
1455.000000 0.3757 0.4125 0.4498 0.4869 0.5240
1450.000000 0.5607 0.5780 0.5745 0.5484 0.5157
1445.000000 0.4967 0.5112 0.5556 0.6000 0.6445
1440.000000 0.6690 0.6848 0.7305 0.7669 0.7878
1435.000000 0.7997 0.8106 0.8182 0.8260 0.8337
1430.000000 0.8408 0.8459 0.8500 0.8545 0.8598
1425.000000 0.8644 0.8679 0.8709 0.8746 0.8782
1420.000000 0.8814 0.8843 0.8872 0.8899 0.8912
1415.000000 0.8929 0.8947 0.8967 0.8978 0.8985
1410.000000 0.8992 0.8999 0.9005 0.9010 0.9016
1405.000000 0.9045 0.9026 0.9028 0.9029 0.9031
1400.000000 0.9026 0.9017 0.9015 0.8998 0.8961
1395.000000 0.8925 0.8866 0.8774 0.8677 0.8499
1390.000000 0.8304 0.8044 0.7882 0.7719 0.7519
1385.000000 0.5538 0.4645 0.4848 0.5465 0.6080
1380.000000 0.6699 0.7319 0.8147 0.8358 0.8474
1375.000000 0.8549 0.8629 0.8687 0.8742 0.8796
1370.000000 0.8842 0.8878 0.8913 0.8949 0.8978
1365.000000 0.8999 0.9019 0.9039 0.9060 0.9078
1360.000000 0.9096 0.9114 0.9131 0.9148 0.9151
1355.000000 0.9163 0.9172 0.9181 0.9190 0.9194
1350.000000 0.9198 0.9197 0.9194 0.9180 0.9162
1345.000000 0.9148 0.9119 0.9087 0.9034 0.8974
1340.000000 0.8892 0.8634 0.8326 0.8201 0.8216
1335.000000 0.8209 0.8209 0.8229 0.8271 0.8314
1330.000000 0.8310 0.8325 0.8323 0.8322 0.8093
1325.000000 0.7806 0.7528 0.7247 0.6962 0.6684
1320.000000 0.6182 0.6176 0.6370 0.6685 0.7002
1315.000000 0.7312 0.7461 0.7518 0.7531 0.7535
1310.000000 0.7546 0.6843 0.6364 0.5886 0.5407
1305.000000 0.4929 0.3841 0.3964 0.3882 0.3883
1300.000000 0.4638 0.5420 0.6202 0.6741 0.7455
1295.000000 0.7674 0.7852 0.8009 0.8166 0.8277
1290.000000 0.8334 0.8395 0.8464 0.8534 0.8607
1285.000000 0.8693 0.8755 0.8812 0.8867 0.8912
1280.000000 0.8956 0.8990 0.9009 0.9029 0.9045
1275.000000 0.9045 0.9043 0.9043 0.9043 0.9033
1270.000000 0.9009 0.8977 0.8927 0.8882 0.8775
1265.000000 0.8590 0.8409 0.8279 0.8100 0.7882
1260.000000 0.7471 0.7011 0.6550 0.6236 0.6247
1255.000000 0.6575 0.6988 0.7391 0.7803 0.8295
1250.000000 0.8426 0.8562 0.8700 0.8804 0.8886
1245.000000 0.8963 0.9018 0.9084 0.9129 0.9171
1240.000000 0.9212 0.9250 0.9280 0.9302 0.9324
1235.000000 0.9346 0.9368 0.9396 0.9419 0.9434
1230.000000 0.9451 0.9467 0.9479 0.9489 0.9500
1225.000000 0.9510 0.9517 0.9523 0.9529 0.9527
1220.000000 0.9541 0.9542 0.9542 0.9542 0.9538
1215.000000 0.9533 0.9527 0.9518 0.9512 0.9479
1210.000000 0.9424 0.9369 0.9263 0.9156 0.9064
1205.000000 0.9001 0.8975 0.8982 0.8982 0.8982
1200.000000 0.9007 0.9064 0.9112 0.9156 0.9201
1195.000000 0.9246 0.9285 0.9335 0.9369 0.9390
1190.000000 0.9411 0.9423 0.9434 0.9444 0.9449
1185.000000 0.9455 0.9458 0.9453 0.9440 0.9433
1180.000000 0.9442 0.9450 0.9470 0.9501 0.9528
1175.000000 0.9555 0.9582 0.9603 0.9621 0.9640
1170.000000 0.9658 0.9678 0.9697 0.9732 0.9753
1165.000000 0.9774 0.9795 0.9816 0.9823 0.9827
1160.000000 0.9831 0.9828 0.9816 0.9826 0.9824
1155.000000 0.9823 0.9815 0.9809 0.9803 0.9788
1150.000000 0.9784 0.9773 0.9746 0.9725 0.9688
1145.000000 0.9642 0.9595 0.9523 0.9464 0.9392
1140.000000 0.9303 0.9227 0.9165 0.9125 0.9085
1135.000000 0.9068 0.9038 0.9005 0.8980 0.8957
1130.000000 0.8934 0.8909 0.8880 0.8859 0.8839
1125.000000 0.8818 0.8804 0.8791 0.8785 0.8773
1120.000000 0.8701 0.8506 0.8281 0.8057 0.7844
1115.000000 0.7314 0.7396 0.7328 0.7580 0.7850
1110.000000 0.8121 0.8360 0.8472 0.8581 0.8679
1105.000000 0.8774 0.8825 0.8877 0.8925 0.8968
1100.000000 0.9010 0.9035 0.9059 0.9083 0.9108
1095.000000 0.9130 0.9142 0.9155 0.9167 0.9180
1090.000000 0.9185 0.9189 0.9194 0.9198 0.9204
1085.000000 0.9204 0.9204 0.9203 0.9199 0.9187
1080.000000 0.9184 0.9174 0.9158 0.9148 0.9132
1075.000000 0.9121 0.9084 0.9046 0.9004 0.8915
1070.000000 0.8809 0.8684 0.8112 0.6937 0.6934
1065.000000 0.7131 0.7430 0.7730 0.7988 0.8062
1060.000000 0.8138 0.8249 0.8341 0.8365 0.8367
1055.000000 0.8377 0.8386 0.8382 0.8374 0.8347
1050.000000 0.8219 0.7991 0.7764 0.7566 0.7566
1045.000000 0.7606 0.7723 0.7793 0.7789 0.7785
1040.000000 0.7782 0.7812 0.7927 0.8041 0.8191
1035.000000 0.8261 0.8319 0.8371 0.8417 0.8452
1030.000000 0.8461 0.8482 0.8499 0.8514 0.8525
1025.000000 0.8531 0.8533 0.8533 0.8452 0.8299
1020.000000 0.8020 0.8060 0.8057 0.8098 0.8190
1015.000000 0.8274 0.8367 0.8453 0.8507 0.8560
1010.000000 0.8602 0.8637 0.8663 0.8697 0.8724
1005.000000 0.8739 0.8743 0.8758 0.8774 0.8788
1000.000000 0.8803 0.8811 0.8817 0.8817 0.8826
995.000000 0.8835 0.8843 0.8847 0.8856 0.8866
990.000000 0.8869 0.8873 0.8876 0.8879 0.8881
985.000000 0.8884 0.8888 0.8888 0.8892 0.8895
980.000000 0.8898 0.8900 0.8900 0.8901 0.8906
975.000000 0.8907 0.8907 0.8906 0.8898 0.8910
970.000000 0.8911 0.8912 0.8912 0.8911 0.8908
965.000000 0.8906 0.8899 0.8893 0.8885 0.8879
960.000000 0.8872 0.8861 0.8843 0.8824 0.8801
955.000000 0.8778 0.8739 0.8693 0.8644 0.8570
950.000000 0.8496 0.8351 0.8212 0.8041 0.7883
945.000000 0.7805 0.7659 0.7263 0.6868 0.6473
940.000000 0.5918 0.5958 0.6222 0.6510 0.6797
935.000000 0.7087 0.7245 0.7343 0.7447 0.7553
930.000000 0.7634 0.7662 0.7679 0.7697 0.7702
925.000000 0.7720 0.7714 0.7716 0.7701 0.7647
920.000000 0.7578 0.7491 0.7482 0.7716 0.7909
915.000000 0.7991 0.8073 0.8159 0.8269 0.8362
910.000000 0.8420 0.8463 0.8491 0.8505 0.8543
905.000000 0.8525 0.8512 0.8435 0.8335 0.8205
900.000000 0.8050 0.7943 0.7942 0.7952 0.8000
895.000000 0.8121 0.8225 0.8303 0.8381 0.8442
890.000000 0.8493 0.8530 0.8584 0.8618 0.8613
885.000000 0.8561 0.8517 0.8443 0.8359 0.8155
880.000000 0.8232 0.8228 0.8253 0.8290 0.8326
875.000000 0.8363 0.8400 0.8439 0.8478 0.8510
870.000000 0.8540 0.8580 0.8585 0.8606 0.8610
865.000000 0.8589 0.8585 0.8607 0.8618 0.8632
860.000000 0.8652 0.8664 0.8670 0.8669 0.8671
855.000000 0.8625 0.8661 0.8711 0.8742 0.8774
850.000000 0.8817 0.8812 0.8806 0.8796 0.8781
845.000000 0.8791 0.8798 0.8795 0.8788 0.8782
840.000000 0.8786 0.8788 0.8781 0.8794 0.8800
835.000000 0.8817 0.8832 0.8843 0.8863 0.8878
830.000000 0.8899 0.8920 0.8921 0.8925 0.8927
825.000000 0.8933 0.8926 0.8926 0.8918 0.8892
820.000000 0.8871 0.8855 0.8831 0.8805 0.8790
815.000000 0.8765 0.8736 0.8708 0.8690 0.8674
810.000000 0.8650 0.8642 0.8621 0.8596 0.8586
805.000000 0.8576 0.8545 0.8510 0.8467 0.8402
800.000000 0.8289 0.8084 0.7944 0.7723 0.6971
795.000000 0.6219 0.5408 0.5415 0.5415 0.5525
790.000000 0.5851 0.6185 0.6519 0.6852 0.7186
785.000000 0.7520 0.7661 0.7701 0.7731 0.7752
780.000000 0.7772 0.7748 0.7736 0.7702 0.7609
775.000000 0.7242 0.7054 0.6905 0.6478 0.6349
770.000000 0.6305 0.6253 0.6170 0.6027 0.5739
765.000000 0.5367 0.5001 0.4635 0.4358 0.4369
760.000000 0.4350 0.4428 0.4623 0.4816 0.5010
755.000000 0.5206 0.5401 0.5602 0.5797 0.5817
750.000000 0.5817 0.5790 0.5391 0.4992 0.4749
745.000000 0.4723 0.4736 0.4817 0.4955 0.5270
740.000000 0.5598 0.5927 0.6255 0.6583 0.6912
735.000000 0.7196 0.7471 0.7670 0.7834 0.7950
730.000000 0.8075 0.8194 0.8285 0.8340 0.8398
725.000000 0.8465 0.8528 0.8581 0.8631 0.8672
720.000000 0.8706 0.8731 0.8753 0.8784 0.8799
715.000000 0.8810 0.8836 0.8851 0.8862 0.8872
710.000000 0.8879 0.8905 0.8883 0.8879 0.8875
705.000000 0.8871 0.8865 0.8868 0.8846 0.8815
700.000000 0.8742 0.8637 0.8495 0.8221 0.7969
695.000000 0.7325 0.6683 0.6034 0.5564 0.5567
690.000000 0.5611 0.6160 0.7003 0.7685 0.7874
685.000000 0.8019 0.8159 0.8286 0.8386 0.8461
680.000000 0.8550 0.8617 0.8708 0.8788 0.8879
675.000000 0.8953 0.9002 0.9050 0.9091 0.9140
670.000000 0.9200 0.9332 0.9413 0.9350 0.9292
665.000000 0.9304 0.9324 0.9341 0.9355 0.9368
660.000000 0.9366 0.9197 0.9155 0.9119 0.9071
655.000000 0.8999 0.8917 0.8822 0.8709 0.8691
650.000000 0.8668 0.8678 0.8701 0.8738 0.8766
645.000000 0.8802 0.8828 0.8848 0.8883 0.8914
640.000000 0.8940 0.8974 0.8999 0.9025 0.9065
635.000000 0.9083 0.9086 0.9104 0.9119 0.9132
630.000000 0.9151 0.9175 0.9185 0.9194 0.9193
625.000000 0.9204 0.9215 0.9212 0.9223 0.9234
620.000000 0.9239 0.9247 0.9263 0.9260 0.9252
615.000000 0.9252 0.9248 0.9235 0.9226 0.9216
610.000000 0.9206 0.9190 0.9159 0.9120 0.9067
605.000000 0.9014 0.8926 0.8737 0.8273 0.7017
600.000000 0.7344 0.7024 0.7021 0.7438 0.7858
595.000000 0.8279 0.8696 0.8827 0.8915 0.8978
590.000000 0.9038 0.9090 0.9137 0.9169 0.9183
585.000000 0.9192 0.9191 0.9197 0.9203 0.9207
580.000000 0.9211 0.9214 0.9218 0.9209 0.9198
575.000000 0.9210 0.9223 0.9226 0.9227 0.9228
570.000000 0.9217 0.9174 0.9106 0.9020 0.8956
565.000000 0.8943 0.8914 0.8920 0.8940 0.8967
560.000000 0.8994 0.9015 0.9034 0.9052 0.9070
555.000000 0.9109 0.9058 0.9045 0.9023 0.9014
550.000000 0.8981 0.8940 0.8865 0.8838 0.8825
545.000000 0.8816 0.8807 0.8798 0.8786 0.8772
540.000000 0.8726 0.8430 0.8398 0.8381 0.8388
535.000000 0.8357 0.8447 0.8521 0.8583 0.8642
530.000000 0.8701 0.8750 0.8790 0.8831 0.8876
525.000000 0.8911 0.8942 0.8973 0.8992 0.9011
520.000000 0.9030 0.9048 0.9068 0.9081 0.9095
515.000000 0.9109 0.9123 0.9136 0.9151 0.9161
510.000000 0.9172 0.9182 0.9192 0.9203 0.9214
505.000000 0.9226 0.9237 0.9248 0.9259 0.9270
500.000000 0.9282 0.9288 0.9295 0.9303 0.9310
495.000000 0.9316 0.9324 0.9331 0.9337 0.9343
490.000000 0.9349 0.9355 0.9361 0.9367 0.9373
485.000000 0.9379 0.9385 0.9390 0.9395 0.9401
480.000000 0.9406 0.9411 0.9416 0.9421 0.9427
475.000000 0.9431 0.9432 0.9433 0.9434 0.9434
470.000000 0.9435 0.9435 0.9435 0.9436 0.9436
465.000000 0.9436 0.9437 0.9437 0.9437 0.9437
460.000000 0.9438 0.9435 0.9432 0.9428 0.9425
455.000000 0.9418 0.9412 0.9404 0.9397 0.9391
450.000000 0.9382 0.9371 0.9360 0.9349 0.9339
445.000000 0.9329 0.9310 0.9286 0.9261 0.9237
440.000000 0.9212 0.9188 0.9163 0.9138 0.9113
435.000000 0.9088 0.9059 0.9029 0.8999 0.8968
430.000000 0.8937 0.8905 0.8863 0.8820 0.8779
425.000000 0.8734 0.8674 0.8608 0.8533 0.8457
420.000000 0.8384 0.8310 0.8239 0.8154 0.8050
415.000000 0.7943 0.7834 0.7708 0.7581 0.7447
410.000000 0.7310 0.7150 0.6953 0.6557 0.6249
405.000000 0.5995 0.5739 0.5486 0.5230 0.4948
400.000000 0.4638 0.4351 0.4098 0.3845 0.3582
395.000000 0.3390 0.3284 0.3186 0.3075 0.2965
390.000000 0.2886 0.2807 0.2750 0.2694 0.2647
385.000000 0.2594 0.2520
##END=
