##TITLE=Ethyl-m-hydroxy benzoate
##JCAMP-DX=4.24
##DATA TYPE=INFRARED SPECTRUM
##ORIGIN=EPA-IR VAPOR PHASE LIBRARY
##OWNER=SRD/NIST
Collection (C) 2018 copyright by the U.S. Secretary of Commerce
on behalf of the United States of America. All rights reserved.
##CAS REGISTRY NO=7781-98-8
##MOLFORM=C 9 H 10 O 3
##$NIST SOURCE=MSDC-IR
##STATE=gas
##XUNITS=1/CM
##YUNITS=ABSORBANCE
##XFACTOR=1.
##YFACTOR=0.001
##DELTAX=3.85796
##FIRSTX=501.5
##LASTX=4000.7
##FIRSTY=1.6643
##MAXX=4000.7
##MINX=501.534
##MAXY=0.141734
##MINY=0
##NPOINTS=908
##XYDATA=(X++(Y..Y))
501.534 1.6643 1.5543 1.6343 1.6843 1.6843 1.7643 2.0543 2.3343 2.6043 2.7543
540.114 2.6243 2.4443 2.2743 2.0443 1.7043 1.3043 1.0743 0.963 0.8488 0.8718
578.693 0.7888 0.6582 0.5792 0.4937 0.4935 0.4884 0.4255 0.4295 0.4597 0.4281
617.273 0.4422 0.4705 0.4611 0.4187 0.4091 0.5078 0.5969 0.639 0.7522 0.9974
655.852 1.3943 2.1243 3.1343 4.1743 4.9843 5.9543 6.1943 5.0643 3.9043 2.8843
694.432 2.0143 1.4643 1.1543 1.0343 1.0843 1.2243 1.4243 1.6843 2.2143 3.1343
733.011 4.8443 7.7343 11.7243 16.2643 21.5243 25.7543 24.8043 20.7743 16.7643 12.6643
771.591 9.3443 7.3043 6.2343 5.6243 5.3043 5.2843 5.5343 6.0243 6.5943 6.9843
810.170 7.1743 7.1543 6.8143 6.2143 5.5343 4.7543 3.9843 3.4243 3.0443 2.8643
848.750 2.8843 3.1143 3.5343 4.0643 4.6343 5.1543 5.3743 5.3743 5.3143 5.1243
887.330 4.8843 4.6943 4.6343 4.7643 5.0643 5.6943 6.9443 9.1843 12.3043 15.2743
925.909 16.8143 16.2443 13.5943 9.9943 6.9343 4.9043 3.7643 3.1543 2.8943 2.8143
964.489 2.8043 2.8443 2.9043 3.0143 3.1943 3.5543 4.2843 5.7543 7.5243 8.6743
1003.068 9.5843 10.1643 10.8143 12.5543 14.5243 15.5343 15.0443 13.2043 10.6843 8.3343
1041.648 6.7243 6.0543 6.3243 7.5343 10.0543 14.0643 18.8043 22.8243 25.0243 25.2043
1080.227 24.6243 26.0243 32.0243 42.9443 55.5543 63.6943 62.7143 52.3843 36.7143 22.9343
1118.807 15.0243 11.4143 9.7343 8.9843 8.9143 9.4243 10.6943 12.9543 16.4443 20.6343
1157.387 25.3143 31.6743 38.3043 42.9143 45.4643 46.0043 44.7243 43.6943 43.9143 44.2143
1195.966 44.0943 44.2943 46.6843 53.4443 64.8943 78.7443 90.7943 96.0643 90.8643 76.0443
1234.546 56.7143 38.8143 26.3243 19.9243 17.6243 17.5743 19.1843 22.7543 29.4143 41.3043
1273.125 61.5243 90.4843 120.724 140.384 141.734 122.214 93.3543 69.7243 53.6443 42.6743
1311.705 34.3243 27.5643 22.3843 18.4443 15.2143 12.2843 9.8643 8.1243 6.9443 6.2643
1350.284 5.9943 6.2843 7.4543 9.8643 12.3943 13.2843 12.5843 10.2343 7.4543 6.1343
1388.864 5.8643 5.8843 5.8943 5.8043 5.6743 5.5943 5.7343 6.1243 6.8443 7.9143
1427.443 9.4943 11.8143 15.0943 19.3943 23.9443 27.6443 29.0443 27.6443 24.0043 20.2243
1466.023 17.7643 16.5843 15.6743 14.5643 13.1943 11.7343 10.4143 9.1343 7.7043 6.3843
1504.603 5.4243 4.6343 4.0443 3.6543 3.3743 3.1543 3.0643 3.0643 3.1143 3.2243
1543.182 3.3143 3.3643 3.4743 3.6943 4.0843 4.6743 5.6043 7.1743 9.4843 12.7143
1581.762 16.4743 20.2443 23.2843 25.0343 25.1143 23.6543 21.3643 18.5543 15.5143 12.5143
1620.341 9.7743 7.4943 5.6643 4.3643 3.4743 2.8643 2.5243 2.3643 2.3143 2.2843
1658.921 2.2743 2.3643 2.5243 2.7643 3.0843 3.4643 3.9643 4.6243 5.3343 6.1043
1697.500 6.8543 7.5143 8.1543 9.0643 10.7843 14.1943 20.1643 29.8843 44.6943 63.3743
1736.080 80.4043 88.3143 87.2143 74.8143 52.5143 32.1843 19.2743 12.0643 8.5343 6.9443
1774.659 6.2243 5.8443 5.5243 5.0943 4.5543 3.9343 3.3243 2.7843 2.3343 1.9943
1813.239 1.7443 1.5443 1.4043 1.2943 1.2343 1.2143 1.2243 1.2643 1.2943 1.2943
1851.819 1.2843 1.2843 1.2843 1.2943 1.3243 1.3143 1.2543 1.1543 1.0057 0.873
1890.398 0.7643 0.6699 0.6076 0.5623 0.5239 0.5303 0.5936 0.6869 0.7872 0.8953
1928.978 0.9945 1.0743 1.1043 1.0743 1.0062 0.9338 0.8697 0.8351 0.8257 0.7947
1967.557 0.7471 0.6894 0.626 0.5578 0.5022 0.4587 0.4221 0.4062 0.3928 0.387
2006.137 0.3652 0.3479 0.3392 0.3139 0.335 0.3656 0.3787 0.38 0.3721 0.3923
2044.716 0.4172 0.4514 0.4956 0.5391 0.5657 0.5688 0.5757 0.6113 0.6697 0.7176
2083.296 0.7524 0.7766 0.7578 0.715 0.6675 0.5923 0.5415 0.5042 0.4841 0.4918
2121.875 0.4858 0.4753 0.4588 0.4758 0.5005 0.5211 0.5535 0.5528 0.5185 0.4582
2160.455 0.4079 0.3363 0.2572 0.2223 0.2071 0.1934 0.1697 0.1652 0.1783 0.1881
2199.035 0.2016 0.2211 0.2411 0.2457 0.238 0.238 0.2416 0.2408 0.2394 0.2478
2237.614 0.2273 0.2113 0.2031 0.1862 0.2059 0.2147 0.1921 0.1719 0.1765 0.1827
2276.194 0.1958 0.2065 0.2123 0.2181 0.2174 0.2285 0.2423 0.2866 0.3665 0.4477
2314.773 0.5307 0.5725 0.5869 0.583 0.542 0.486 0.439 0.4136 0.3689 0.3348
2353.353 0.3459 0.3677 0.3856 0.4159 0.4449 0.4778 0.5105 0.5467 0.5829 0.6062
2391.932 0.6124 0.6209 0.6142 0.5849 0.5667 0.5389 0.516 0.4845 0.4535 0.4388
2430.512 0.4085 0.3842 0.3721 0.3669 0.3794 0.3981 0.4222 0.4528 0.4693 0.4695
2469.092 0.4805 0.4925 0.4768 0.4662 0.4534 0.4276 0.4172 0.3907 0.3649 0.3511
2507.671 0.3395 0.3124 0.2926 0.2997 0.2948 0.2984 0.2892 0.2802 0.2694 0.2566
2546.251 0.2503 0.2203 0.1977 0.2049 0.2026 0.1919 0.2096 0.234 0.2416 0.2304
2584.830 0.241 0.2697 0.2828 0.2873 0.3236 0.3507 0.3249 0.3043 0.2974 0.2862
2623.410 0.2781 0.2862 0.3039 0.3008 0.2654 0.229 0.2176 0.2174 0.2099 0.2187
2661.989 0.2128 0.1901 0.1628 0.1397 0.11587 0.10489 0.11391 0.10401 0.12394 0.1327
2700.569 0.09636 0.06942 0.08924 0.132 0.1481 0.1361 0.1422 0.1745 0.2231 0.2346
2739.148 0.2023 0.2375 0.2565 0.2588 0.3062 0.3136 0.3371 0.3635 0.3747 0.4042
2777.728 0.4126 0.4291 0.4231 0.3814 0.3633 0.3877 0.4181 0.4373 0.4667 0.5034
2816.308 0.5268 0.5696 0.6573 0.6991 0.7051 0.7251 0.7403 0.7656 0.832 0.9035
2854.887 0.9927 1.1143 1.2443 1.4343 1.6943 2.0643 2.5443 3.0043 3.3443 3.5143
2893.467 3.6043 3.6843 3.8443 4.1243 4.4243 4.6343 4.6743 4.6443 4.6943 4.9743
2932.046 5.6643 6.7543 7.9043 8.6843 8.8743 8.5243 8.0143 7.8943 8.3543 9.2543
2970.626 10.4443 12.1643 14.4243 16.4143 17.2143 16.6243 14.7643 12.3343 10.2743 8.7943
3009.205 7.6743 6.7643 6.1543 5.7343 5.3343 4.8943 4.4743 4.1943 4.1143 4.1943
3047.785 4.3643 4.6043 4.7343 4.6643 4.5043 4.3143 4.2043 4.2143 4.2343 4.1143
3086.364 3.7643 3.2843 2.8343 2.4443 2.1043 1.7843 1.4643 1.2043 1.0343 0.868
3124.944 0.688 0.5627 0.4962 0.4437 0.3644 0.2963 0.2862 0.2649 0.2608 0.2947
3163.524 0.3153 0.3086 0.2943 0.2969 0.3024 0.2872 0.2568 0.2544 0.2522 0.238
3202.103 0.2186 0.2083 0.2153 0.2066 0.1577 0.10218 0.128 0.1525 0.132 0.08173
3240.683 0.026236 0.032944 0.04953 0.09332 0.0978 0.07799 0.07821 0.05268 0.030839 0.049
3279.262 0.03875 0 0.01832 0.0331 0.0098 0.0244028 0.05966 0.06089 0.08241 0.1338
3317.842 0.172 0.1712 0.2255 0.2615 0.2656 0.3155 0.353 0.3744 0.3935 0.3917
3356.421 0.3588 0.3448 0.3255 0.2971 0.3247 0.3508 0.343 0.3443 0.3467 0.3241
3395.001 0.2665 0.2667 0.2629 0.2449 0.2564 0.2935 0.3524 0.3619 0.3725 0.3885
3433.580 0.408 0.4511 0.5129 0.5579 0.613 0.7637 0.8843 0.918 0.9242 0.9233
3472.160 0.8504 0.6896 0.5376 0.4651 0.3986 0.2887 0.2538 0.2166 0.1634 0.15
3510.740 0.10677 0.07293 0.06942 0.07588 0.10567 0.09209 0.04803 0.06276 0.09487 0.04836
3549.319 0.033509 0.1065 0.09995 0.08956 0.1647 0.1619 0.11716 0.1252 0.10356 0.12185
3587.899 0.2054 0.2646 0.3387 0.3962 0.4522 0.5822 0.7358 0.9065 1.2243 1.7743
3626.478 2.6343 4.1343 6.5443 10.3143 15.6743 21.7043 25.4543 24.7743 21.0243 14.1343
3665.058 7.2643 3.6143 2.0143 1.2143 0.7825 0.5615 0.4819 0.4268 0.3722 0.3108
3703.637 0.2644 0.2227 0.2324 0.2349 0.1733 0.12357 0.0991 0.11219 0.1375 0.1464
3742.217 0.1757 0.1911 0.172 0.1567 0.1726 0.1624 0.12319 0.1121 0.12245 0.1469
3780.797 0.1403 0.12181 0.09399 0.07172 0.1245 0.1252 0.08581 0.1261 0.1741 0.2614
3819.376 0.2647 0.241 0.2507 0.2255 0.2452 0.2264 0.2289 0.2688 0.3223 0.3522
3857.956 0.3215 0.3151 0.2997 0.2609 0.2155 0.2166 0.2463 0.2471 0.2606 0.277
3896.535 0.2602 0.2171 0.2322 0.274 0.2419 0.2545 0.2722 0.2223 0.2186 0.2062
3935.115 0.1883 0.2135 0.2162 0.2419 0.2965 0.2775 0.2983 0.3431 0.3226 0.2769
3973.694 0.2142 0.1635 0.1495 0.1817 0.1515 0.12016 0.11391 0.1271
##END=
