##TITLE=Phosphoric acid, tri-2-methylphenyl ester
##JCAMP-DX=4.24
$$ By DXEDIT 1.05 (RS McDonald)
##DATA TYPE=INFRARED SPECTRUM
##CLASS=COBLENTZ III
##ORIGIN=DOW CHEMICAL COMPANY
##OWNER=COPYRIGHT (C) 1988 by COBLENTZ SOCIETY INC.
Collection (C) 2018 copyright by the U.S. Secretary of Commerce
on behalf of the United States of America. All rights reserved.
##DATE=1970/01/12
##NAMES=tris(2-methylphenyl) phosphate
Tri-o-tolyl phosphate
##CAS REGISTRY NO=78-30-8
##MOLFORM=C21 H21 O4 P
##SOURCE REFERENCE=COBLENTZ NO. 09554
##$NIST SOURCE=COBLENTZ
##$NIST IMAGE=cob9554
##SPECTROMETER/DATA SYSTEM=DOW KBr FOREPRISM-GRATING
##INSTRUMENT PARAMETERS=BLAZED AT 3.5, 12.0, 20.0 MICRON AND CHANGED AT 5.0, 7.5, 14.9 MICRON
##STATE=SOLUTION (10% CCl4 FOR 2.7-7.5, 10% CS2 FOR 7.5-26 MICRON) VS SOLVENT
##PATH LENGTH=0.011 CM, 0.011 CM
$$SPECTRAL CONTAMINATION DUE TO AN UNKNOWN AT 3360 CM^-^1
##SAMPLING PROCEDURE=TRANSMISSION
##RESOLUTION=2
##DATA PROCESSING=DIGITIZED BY COBLENTZ SOCIETY (BATCH I) FROM HARD COPY
##XUNITS=1/CM
##YUNITS=TRANSMITTANCE
##XFACTOR=1
##YFACTOR=1
##DELTAX=1
##FIRSTX=3792
##LASTX=391
##FIRSTY=0.8492
##MAXX=3792
##MINX=391
##MAXY=0.8886
##MINY=0
##NPOINTS=3402
##XYDATA=(X++(Y..Y))
3792.000000 0.8492 0.8492 0.8493 0.8494 0.8496
3787.000000 0.8498 0.8500 0.8501 0.8503 0.8505
3782.000000 0.8507 0.8508 0.8510 0.8512 0.8514
3777.000000 0.8517 0.8521 0.8524 0.8527 0.8530
3772.000000 0.8534 0.8537 0.8541 0.8544 0.8547
3767.000000 0.8548 0.8550 0.8550 0.8551 0.8552
3762.000000 0.8553 0.8554 0.8555 0.8556 0.8557
3757.000000 0.8558 0.8559 0.8559 0.8559 0.8559
3752.000000 0.8559 0.8559 0.8559 0.8559 0.8560
3747.000000 0.8560 0.8560 0.8560 0.8560 0.8560
3742.000000 0.8560 0.8560 0.8561 0.8561 0.8561
3737.000000 0.8561 0.8561 0.8561 0.8561 0.8561
3732.000000 0.8562 0.8562 0.8562 0.8562 0.8562
3727.000000 0.8562 0.8562 0.8562 0.8563 0.8563
3722.000000 0.8563 0.8563 0.8563 0.8563 0.8563
3717.000000 0.8563 0.8564 0.8564 0.8564 0.8564
3712.000000 0.8564 0.8564 0.8564 0.8564 0.8565
3707.000000 0.8565 0.8565 0.8564 0.8564 0.8564
3702.000000 0.8564 0.8563 0.8563 0.8563 0.8563
3697.000000 0.8562 0.8562 0.8562 0.8562 0.8561
3692.000000 0.8561 0.8561 0.8561 0.8561 0.8561
3687.000000 0.8560 0.8560 0.8560 0.8560 0.8559
3682.000000 0.8559 0.8559 0.8559 0.8558 0.8558
3677.000000 0.8558 0.8558 0.8557 0.8557 0.8557
3672.000000 0.8557 0.8557 0.8557 0.8556 0.8556
3667.000000 0.8556 0.8556 0.8556 0.8556 0.8555
3662.000000 0.8555 0.8555 0.8555 0.8555 0.8555
3657.000000 0.8554 0.8554 0.8554 0.8554 0.8554
3652.000000 0.8554 0.8554 0.8554 0.8553 0.8553
3647.000000 0.8552 0.8552 0.8551 0.8551 0.8550
3642.000000 0.8550 0.8549 0.8549 0.8548 0.8548
3637.000000 0.8547 0.8547 0.8546 0.8546 0.8545
3632.000000 0.8545 0.8544 0.8544 0.8543 0.8543
3627.000000 0.8542 0.8542 0.8541 0.8541 0.8540
3622.000000 0.8539 0.8538 0.8538 0.8537 0.8537
3617.000000 0.8536 0.8535 0.8534 0.8534 0.8533
3612.000000 0.8533 0.8532 0.8531 0.8531 0.8531
3607.000000 0.8530 0.8530 0.8528 0.8528 0.8528
3602.000000 0.8528 0.8528 0.8528 0.8528 0.8528
3597.000000 0.8530 0.8532 0.8533 0.8535 0.8536
3592.000000 0.8537 0.8538 0.8540 0.8542 0.8544
3587.000000 0.8547 0.8550 0.8552 0.8555 0.8558
3582.000000 0.8561 0.8563 0.8566 0.8568 0.8571
3577.000000 0.8575 0.8578 0.8584 0.8591 0.8597
3572.000000 0.8604 0.8610 0.8617 0.8623 0.8628
3567.000000 0.8635 0.8641 0.8647 0.8653 0.8659
3562.000000 0.8665 0.8666 0.8668 0.8668 0.8670
3557.000000 0.8671 0.8673 0.8674 0.8675 0.8675
3552.000000 0.8678 0.8678 0.8680 0.8681 0.8683
3547.000000 0.8684 0.8685 0.8686 0.8688 0.8689
3542.000000 0.8690 0.8691 0.8693 0.8694 0.8695
3537.000000 0.8696 0.8697 0.8697 0.8698 0.8698
3532.000000 0.8699 0.8699 0.8699 0.8699 0.8700
3527.000000 0.8700 0.8701 0.8701 0.8702 0.8702
3522.000000 0.8702 0.8702 0.8703 0.8703 0.8704
3517.000000 0.8704 0.8704 0.8704 0.8704 0.8704
3512.000000 0.8705 0.8705 0.8705 0.8705 0.8705
3507.000000 0.8705 0.8706 0.8706 0.8706 0.8706
3502.000000 0.8706 0.8706 0.8707 0.8707 0.8707
3497.000000 0.8707 0.8707 0.8707 0.8707 0.8707
3492.000000 0.8707 0.8707 0.8707 0.8707 0.8707
3487.000000 0.8707 0.8707 0.8707 0.8707 0.8707
3482.000000 0.8707 0.8707 0.8707 0.8707 0.8707
3477.000000 0.8707 0.8707 0.8707 0.8707 0.8707
3472.000000 0.8707 0.8707 0.8707 0.8707 0.8707
3467.000000 0.8707 0.8707 0.8707 0.8707 0.8707
3462.000000 0.8707 0.8706 0.8706 0.8706 0.8706
3457.000000 0.8705 0.8705 0.8704 0.8704 0.8703
3452.000000 0.8703 0.8702 0.8702 0.8701 0.8701
3447.000000 0.8700 0.8700 0.8698 0.8697 0.8696
3442.000000 0.8695 0.8693 0.8692 0.8690 0.8689
3437.000000 0.8687 0.8686 0.8684 0.8683 0.8681
3432.000000 0.8680 0.8678 0.8677 0.8675 0.8673
3427.000000 0.8671 0.8668 0.8667 0.8666 0.8663
3422.000000 0.8660 0.8655 0.8651 0.8646 0.8642
3417.000000 0.8637 0.8632 0.8627 0.8623 0.8618
3412.000000 0.8614 0.8607 0.8600 0.8592 0.8585
3407.000000 0.8577 0.8570 0.8563 0.8556 0.8548
3402.000000 0.8541 0.8534 0.8527 0.8520 0.8514
3397.000000 0.8507 0.8501 0.8494 0.8488 0.8482
3392.000000 0.8475 0.8471 0.8467 0.8462 0.8458
3387.000000 0.8453 0.8449 0.8444 0.8440 0.8436
3382.000000 0.8432 0.8428 0.8424 0.8420 0.8417
3377.000000 0.8413 0.8409 0.8405 0.8401 0.8397
3372.000000 0.8394 0.8392 0.8390 0.8388 0.8387
3367.000000 0.8385 0.8384 0.8382 0.8381 0.8380
3362.000000 0.8380 0.8378 0.8378 0.8378 0.8378
3357.000000 0.8378 0.8378 0.8380 0.8382 0.8385
3352.000000 0.8388 0.8391 0.8394 0.8397 0.8400
3347.000000 0.8402 0.8405 0.8411 0.8418 0.8424
3342.000000 0.8431 0.8437 0.8444 0.8451 0.8458
3337.000000 0.8464 0.8471 0.8477 0.8484 0.8490
3332.000000 0.8496 0.8502 0.8509 0.8515 0.8521
3327.000000 0.8528 0.8535 0.8541 0.8548 0.8554
3322.000000 0.8560 0.8565 0.8571 0.8575 0.8581
3317.000000 0.8586 0.8591 0.8596 0.8601 0.8606
3312.000000 0.8611 0.8616 0.8621 0.8625 0.8632
3307.000000 0.8636 0.8641 0.8645 0.8650 0.8654
3302.000000 0.8659 0.8663 0.8668 0.8671 0.8677
3297.000000 0.8681 0.8686 0.8690 0.8694 0.8698
3292.000000 0.8703 0.8707 0.8711 0.8715 0.8718
3287.000000 0.8723 0.8727 0.8732 0.8737 0.8742
3282.000000 0.8748 0.8753 0.8759 0.8764 0.8770
3277.000000 0.8775 0.8781 0.8786 0.8792 0.8795
3272.000000 0.8799 0.8802 0.8805 0.8808 0.8811
3267.000000 0.8814 0.8817 0.8820 0.8823 0.8825
3262.000000 0.8830 0.8833 0.8836 0.8839 0.8843
3257.000000 0.8846 0.8850 0.8853 0.8856 0.8857
3252.000000 0.8859 0.8860 0.8862 0.8863 0.8865
3247.000000 0.8866 0.8868 0.8868 0.8870 0.8871
3242.000000 0.8873 0.8874 0.8875 0.8877 0.8878
3237.000000 0.8880 0.8881 0.8881 0.8881 0.8881
3232.000000 0.8882 0.8882 0.8883 0.8883 0.8884
3227.000000 0.8884 0.8884 0.8884 0.8885 0.8885
3222.000000 0.8886 0.8886 0.8886 0.8886 0.8886
3217.000000 0.8886 0.8886 0.8885 0.8884 0.8883
3212.000000 0.8883 0.8882 0.8882 0.8881 0.8880
3207.000000 0.8878 0.8878 0.8878 0.8877 0.8875
3202.000000 0.8875 0.8875 0.8874 0.8873 0.8871
3197.000000 0.8871 0.8870 0.8868 0.8868 0.8866
3192.000000 0.8865 0.8864 0.8863 0.8862 0.8861
3187.000000 0.8860 0.8859 0.8858 0.8857 0.8856
3182.000000 0.8855 0.8854 0.8853 0.8852 0.8851
3177.000000 0.8850 0.8850 0.8849 0.8849 0.8848
3172.000000 0.8848 0.8847 0.8847 0.8846 0.8846
3167.000000 0.8845 0.8845 0.8844 0.8844 0.8843
3162.000000 0.8843 0.8842 0.8842 0.8841 0.8841
3157.000000 0.8840 0.8839 0.8838 0.8838 0.8837
3152.000000 0.8837 0.8836 0.8836 0.8835 0.8835
3147.000000 0.8834 0.8834 0.8833 0.8833 0.8832
3142.000000 0.8832 0.8830 0.8828 0.8825 0.8825
3137.000000 0.8823 0.8821 0.8820 0.8818 0.8816
3132.000000 0.8815 0.8810 0.8805 0.8799 0.8794
3127.000000 0.8789 0.8784 0.8778 0.8773 0.8766
3122.000000 0.8760 0.8753 0.8747 0.8740 0.8733
3117.000000 0.8725 0.8718 0.8711 0.8704 0.8694
3112.000000 0.8684 0.8674 0.8664 0.8654 0.8644
3107.000000 0.8634 0.8624 0.8612 0.8600 0.8583
3102.000000 0.8567 0.8550 0.8534 0.8515 0.8497
3097.000000 0.8471 0.8448 0.8423 0.8398 0.8371
3092.000000 0.8345 0.8315 0.8285 0.8245 0.8206
3087.000000 0.8175 0.8145 0.7984 0.7822 0.7521
3082.000000 0.7219 0.7103 0.6987 0.6982 0.6978
3077.000000 0.6971 0.6965 0.6954 0.6943 0.6906
3072.000000 0.6869 0.6836 0.6801 0.6724 0.6647
3067.000000 0.6534 0.6421 0.6310 0.6198 0.6092
3062.000000 0.5925 0.5975 0.5962 0.5954 0.5945
3057.000000 0.5948 0.5952 0.5987 0.6022 0.6101
3052.000000 0.6180 0.6258 0.6337 0.6415 0.6495
3047.000000 0.6572 0.6651 0.6731 0.6810 0.6874
3042.000000 0.6946 0.6940 0.6941 0.6865 0.6792
3037.000000 0.6674 0.6556 0.6438 0.6321 0.6203
3032.000000 0.5872 0.5991 0.5897 0.5893 0.5889
3027.000000 0.5939 0.5990 0.6105 0.6220 0.6335
3022.000000 0.6450 0.6565 0.6680 0.6795 0.6910
3017.000000 0.7025 0.7140 0.7255 0.7369 0.7465
3012.000000 0.7561 0.7588 0.7615 0.7634 0.7654
3007.000000 0.7667 0.7681 0.7690 0.7706 0.7706
3002.000000 0.7712 0.7712 0.7712 0.7701 0.7691
2997.000000 0.7676 0.7662 0.7626 0.7591 0.7554
2992.000000 0.7517 0.7478 0.7441 0.7344 0.7248
2987.000000 0.7105 0.6961 0.6818 0.6676 0.6641
2982.000000 0.6564 0.6601 0.6598 0.6597 0.6596
2977.000000 0.6608 0.6621 0.6636 0.6651 0.6665
2972.000000 0.6678 0.6691 0.6703 0.6715 0.6735
2967.000000 0.6734 0.6733 0.6734 0.6735 0.6721
2962.000000 0.6708 0.6692 0.6675 0.6651 0.6630
2957.000000 0.6615 0.6560 0.6595 0.6590 0.6587
2952.000000 0.6586 0.6586 0.6588 0.6596 0.6605
2947.000000 0.6646 0.6688 0.6735 0.6782 0.6828
2942.000000 0.6875 0.6903 0.6955 0.6937 0.6942
2937.000000 0.6892 0.6842 0.6769 0.6698 0.6625
2932.000000 0.6553 0.6481 0.6408 0.6337 0.6265
2927.000000 0.6208 0.6129 0.6151 0.6151 0.6157
2922.000000 0.6164 0.6182 0.6201 0.6221 0.6242
2917.000000 0.6270 0.6299 0.6347 0.6396 0.6448
2912.000000 0.6501 0.6542 0.6584 0.6643 0.6701
2907.000000 0.6817 0.6932 0.7008 0.7084 0.7160
2902.000000 0.7237 0.7312 0.7389 0.7465 0.7541
2897.000000 0.7617 0.7694 0.7718 0.7744 0.7751
2892.000000 0.7758 0.7762 0.7768 0.7771 0.7776
2887.000000 0.7780 0.7783 0.7786 0.7789 0.7792
2882.000000 0.7796 0.7799 0.7801 0.7805 0.7808
2877.000000 0.7811 0.7815 0.7815 0.7836 0.7818
2872.000000 0.7821 0.7822 0.7825 0.7815 0.7808
2867.000000 0.7795 0.7783 0.7765 0.7747 0.7733
2862.000000 0.7718 0.7707 0.7695 0.7685 0.7675
2857.000000 0.7665 0.7657 0.7655 0.7647 0.7658
2852.000000 0.7662 0.7678 0.7695 0.7718 0.7742
2847.000000 0.7765 0.7791 0.7815 0.7840 0.7864
2842.000000 0.7888 0.7921 0.7955 0.8001 0.8048
2837.000000 0.8088 0.8128 0.8167 0.8206 0.8230
2832.000000 0.8254 0.8278 0.8302 0.8325 0.8349
2827.000000 0.8370 0.8391 0.8410 0.8428 0.8448
2822.000000 0.8467 0.8480 0.8493 0.8505 0.8518
2817.000000 0.8525 0.8532 0.8539 0.8546 0.8552
2812.000000 0.8559 0.8565 0.8571 0.8577 0.8583
2807.000000 0.8588 0.8594 0.8599 0.8605 0.8611
2802.000000 0.8617 0.8621 0.8628 0.8633 0.8639
2797.000000 0.8643 0.8648 0.8652 0.8656 0.8660
2792.000000 0.8664 0.8668 0.8673 0.8677 0.8681
2787.000000 0.8684 0.8687 0.8689 0.8692 0.8694
2782.000000 0.8697 0.8699 0.8702 0.8704 0.8706
2777.000000 0.8708 0.8711 0.8713 0.8715 0.8717
2772.000000 0.8720 0.8721 0.8724 0.8725 0.8728
2767.000000 0.8731 0.8732 0.8732 0.8731 0.8730
2762.000000 0.8728 0.8727 0.8725 0.8725 0.8724
2757.000000 0.8723 0.8723 0.8721 0.8721 0.8720
2752.000000 0.8718 0.8707 0.8696 0.8684 0.8673
2747.000000 0.8661 0.8650 0.8638 0.8627 0.8615
2742.000000 0.8603 0.8593 0.8583 0.8573 0.8564
2737.000000 0.8556 0.8548 0.8545 0.8544 0.8543
2732.000000 0.8545 0.8547 0.8549 0.8551 0.8554
2727.000000 0.8560 0.8566 0.8571 0.8577 0.8583
2722.000000 0.8589 0.8594 0.8600 0.8605 0.8610
2717.000000 0.8615 0.8620 0.8624 0.8628 0.8633
2712.000000 0.8638 0.8642 0.8647 0.8649 0.8652
2707.000000 0.8654 0.8656 0.8658 0.8660 0.8662
2702.000000 0.8665 0.8667 0.8668 0.8671 0.8673
2697.000000 0.8674 0.8675 0.8677 0.8678 0.8678
2692.000000 0.8681 0.8682 0.8684 0.8685 0.8687
2687.000000 0.8688 0.8690 0.8691 0.8693 0.8694
2682.000000 0.8695 0.8696 0.8697 0.8698 0.8699
2677.000000 0.8699 0.8700 0.8701 0.8702 0.8702
2672.000000 0.8703 0.8704 0.8705 0.8705 0.8706
2667.000000 0.8707 0.8708 0.8708 0.8709 0.8710
2662.000000 0.8711 0.8711 0.8711 0.8711 0.8712
2657.000000 0.8712 0.8713 0.8713 0.8714 0.8714
2652.000000 0.8714 0.8714 0.8715 0.8715 0.8716
2647.000000 0.8716 0.8716 0.8716 0.8717 0.8717
2642.000000 0.8718 0.8718 0.8718 0.8718 0.8720
2637.000000 0.8720 0.8721 0.8721 0.8721 0.8721
2632.000000 0.8721 0.8721 0.8723 0.8723 0.8724
2627.000000 0.8724 0.8724 0.8724 0.8724 0.8724
2622.000000 0.8725 0.8725 0.8725 0.8725 0.8725
2617.000000 0.8723 0.8720 0.8716 0.8713 0.8710
2612.000000 0.8707 0.8702 0.8697 0.8692 0.8687
2607.000000 0.8682 0.8677 0.8671 0.8668 0.8664
2602.000000 0.8661 0.8657 0.8654 0.8650 0.8647
2597.000000 0.8643 0.8640 0.8636 0.8632 0.8625
2592.000000 0.8618 0.8611 0.8604 0.8599 0.8595
2587.000000 0.8591 0.8588 0.8584 0.8581 0.8577
2582.000000 0.8574 0.8571 0.8568 0.8565 0.8562
2577.000000 0.8559 0.8556 0.8555 0.8555 0.8557
2572.000000 0.8560 0.8563 0.8566 0.8568 0.8571
2567.000000 0.8574 0.8577 0.8578 0.8582 0.8585
2562.000000 0.8588 0.8591 0.8595 0.8599 0.8603
2557.000000 0.8606 0.8610 0.8613 0.8617 0.8618
2552.000000 0.8620 0.8621 0.8623 0.8624 0.8625
2547.000000 0.8628 0.8630 0.8631 0.8633 0.8634
2542.000000 0.8636 0.8638 0.8640 0.8641 0.8643
2537.000000 0.8644 0.8646 0.8648 0.8650 0.8651
2532.000000 0.8653 0.8654 0.8656 0.8658 0.8660
2527.000000 0.8661 0.8663 0.8665 0.8667 0.8668
2522.000000 0.8671 0.8674 0.8675 0.8678 0.8680
2517.000000 0.8682 0.8684 0.8686 0.8689 0.8691
2512.000000 0.8693 0.8695 0.8697 0.8699 0.8701
2507.000000 0.8703 0.8705 0.8705 0.8706 0.8707
2502.000000 0.8708 0.8709 0.8710 0.8710 0.8711
2497.000000 0.8711 0.8711 0.8711 0.8711 0.8711
2492.000000 0.8711 0.8711 0.8711 0.8710 0.8710
2487.000000 0.8709 0.8709 0.8708 0.8708 0.8707
2482.000000 0.8707 0.8706 0.8706 0.8705 0.8704
2477.000000 0.8702 0.8701 0.8697 0.8693 0.8689
2472.000000 0.8685 0.8681 0.8677 0.8671 0.8668
2467.000000 0.8664 0.8661 0.8657 0.8653 0.8649
2462.000000 0.8646 0.8646 0.8646 0.8646 0.8646
2457.000000 0.8646 0.8646 0.8646 0.8646 0.8649
2452.000000 0.8652 0.8654 0.8657 0.8660 0.8663
2447.000000 0.8665 0.8668 0.8670 0.8673 0.8675
2442.000000 0.8678 0.8680 0.8683 0.8684 0.8685
2437.000000 0.8685 0.8685 0.8685 0.8685 0.8682
2432.000000 0.8680 0.8675 0.8671 0.8665 0.8659
2427.000000 0.8651 0.8644 0.8637 0.8631 0.8625
2422.000000 0.8621 0.8616 0.8611 0.8606 0.8601
2417.000000 0.8596 0.8592 0.8589 0.8587 0.8584
2412.000000 0.8582 0.8578 0.8577 0.8575 0.8575
2407.000000 0.8575 0.8575 0.8575 0.8575 0.8575
2402.000000 0.8577 0.8578 0.8581 0.8584 0.8588
2397.000000 0.8591 0.8594 0.8597 0.8601 0.8604
2392.000000 0.8608 0.8611 0.8614 0.8616 0.8618
2387.000000 0.8621 0.8624 0.8625 0.8628 0.8631
2382.000000 0.8634 0.8636 0.8639 0.8641 0.8644
2377.000000 0.8646 0.8649 0.8651 0.8653 0.8655
2372.000000 0.8658 0.8659 0.8661 0.8663 0.8665
2367.000000 0.8666 0.8668 0.8670 0.8671 0.8673
2362.000000 0.8674 0.8674 0.8674 0.8674 0.8675
2357.000000 0.8675 0.8675 0.8675 0.8675 0.8675
2352.000000 0.8675 0.8675 0.8675 0.8674 0.8674
2347.000000 0.8673 0.8673 0.8673 0.8673 0.8673
2342.000000 0.8673 0.8673 0.8673 0.8673 0.8673
2337.000000 0.8673 0.8673 0.8671 0.8670 0.8668
2332.000000 0.8667 0.8665 0.8664 0.8662 0.8660
2327.000000 0.8657 0.8655 0.8650 0.8646 0.8636
2322.000000 0.8625 0.8618 0.8610 0.8603 0.8597
2317.000000 0.8596 0.8596 0.8598 0.8601 0.8603
2312.000000 0.8606 0.8610 0.8615 0.8618 0.8624
2307.000000 0.8628 0.8633 0.8637 0.8642 0.8644
2302.000000 0.8646 0.8647 0.8649 0.8650 0.8652
2297.000000 0.8653 0.8653 0.8653 0.8653 0.8649
2292.000000 0.8645 0.8641 0.8637 0.8633 0.8630
2287.000000 0.8625 0.8623 0.8621 0.8621 0.8621
2282.000000 0.8621 0.8621 0.8621 0.8621 0.8621
2277.000000 0.8621 0.8623 0.8624 0.8625 0.8625
2272.000000 0.8627 0.8628 0.8628 0.8630 0.8631
2267.000000 0.8632 0.8633 0.8634 0.8635 0.8637
2262.000000 0.8639 0.8642 0.8645 0.8647 0.8650
2257.000000 0.8653 0.8656 0.8659 0.8662 0.8665
2252.000000 0.8668 0.8671 0.8674 0.8675 0.8678
2247.000000 0.8681 0.8684 0.8686 0.8686 0.8686
2242.000000 0.8685 0.8683 0.8681 0.8678 0.8677
2237.000000 0.8675 0.8673 0.8671 0.8668 0.8667
2232.000000 0.8665 0.8662 0.8660 0.8660 0.8660
2227.000000 0.8660 0.8660 0.8660 0.8660 0.8663
2222.000000 0.8666 0.8668 0.8671 0.8674 0.8677
2217.000000 0.8678 0.8682 0.8684 0.8687 0.8689
2212.000000 0.8691 0.8693 0.8695 0.8697 0.8700
2207.000000 0.8701 0.8703 0.8705 0.8707 0.8708
2202.000000 0.8710 0.8712 0.8714 0.8716 0.8718
2197.000000 0.8721 0.8724 0.8725 0.8728 0.8730
2192.000000 0.8732 0.8733 0.8735 0.8737 0.8740
2187.000000 0.8743 0.8746 0.8750 0.8754 0.8766
2182.000000 0.8778 0.8791 0.8805 0.8818 0.8834
2177.000000 0.8841 0.8848 0.8852 0.8853 0.8854
2172.000000 0.8852 0.8849 0.8846 0.8841 0.8837
2167.000000 0.8828 0.8820 0.8812 0.8805 0.8804
2162.000000 0.8803 0.8802 0.8802 0.8801 0.8801
2157.000000 0.8802 0.8803 0.8803 0.8804 0.8804
2152.000000 0.8805 0.8805 0.8806 0.8806 0.8807
2147.000000 0.8807 0.8808 0.8809 0.8811 0.8812
2142.000000 0.8813 0.8814 0.8815 0.8816 0.8817
2137.000000 0.8818 0.8820 0.8821 0.8821 0.8823
2132.000000 0.8824 0.8825 0.8825 0.8827 0.8828
2127.000000 0.8828 0.8828 0.8830 0.8831 0.8831
2122.000000 0.8831 0.8831 0.8830 0.8828 0.8828
2117.000000 0.8827 0.8825 0.8825 0.8824 0.8823
2112.000000 0.8821 0.8821 0.8820 0.8818 0.8818
2107.000000 0.8818 0.8817 0.8816 0.8816 0.8815
2102.000000 0.8814 0.8813 0.8813 0.8812 0.8811
2097.000000 0.8810 0.8810 0.8810 0.8810 0.8809
2092.000000 0.8809 0.8809 0.8809 0.8808 0.8808
2087.000000 0.8807 0.8807 0.8807 0.8807 0.8806
2082.000000 0.8805 0.8804 0.8803 0.8802 0.8801
2077.000000 0.8799 0.8798 0.8795 0.8778 0.8789
2072.000000 0.8787 0.8784 0.8782 0.8778 0.8777
2067.000000 0.8774 0.8771 0.8768 0.8765 0.8762
2062.000000 0.8759 0.8756 0.8754 0.8753 0.8752
2057.000000 0.8751 0.8751 0.8750 0.8750 0.8749
2052.000000 0.8749 0.8748 0.8748 0.8747 0.8747
2047.000000 0.8746 0.8746 0.8745 0.8745 0.8744
2042.000000 0.8744 0.8743 0.8742 0.8742 0.8742
2037.000000 0.8741 0.8741 0.8741 0.8741 0.8740
2032.000000 0.8740 0.8739 0.8739 0.8739 0.8739
2027.000000 0.8738 0.8738 0.8736 0.8735 0.8733
2022.000000 0.8732 0.8730 0.8728 0.8725 0.8724
2017.000000 0.8723 0.8721 0.8720 0.8718 0.8718
2012.000000 0.8717 0.8716 0.8715 0.8712 0.8710
2007.000000 0.8705 0.8701 0.8695 0.8690 0.8684
2002.000000 0.8678 0.8674 0.8670 0.8667 0.8665
1997.000000 0.8662 0.8661 0.8659 0.8658 0.8656
1992.000000 0.8656 0.8657 0.8657 0.8658 0.8657
1987.000000 0.8655 0.8654 0.8651 0.8640 0.8628
1982.000000 0.8616 0.8604 0.8592 0.8581 0.8568
1977.000000 0.8558 0.8548 0.8539 0.8530 0.8521
1972.000000 0.8513 0.8506 0.8499 0.8491 0.8485
1967.000000 0.8480 0.8475 0.8468 0.8464 0.8459
1962.000000 0.8453 0.8448 0.8442 0.8436 0.8430
1957.000000 0.8424 0.8418 0.8412 0.8406 0.8401
1952.000000 0.8396 0.8391 0.8382 0.8367 0.8351
1947.000000 0.8328 0.8307 0.8271 0.8218 0.8167
1942.000000 0.8115 0.8062 0.7939 0.7940 0.7941
1937.000000 0.7942 0.7942 0.7958 0.7985 0.8015
1932.000000 0.8048 0.8074 0.8095 0.8115 0.8137
1927.000000 0.8156 0.8174 0.8192 0.8209 0.8212
1922.000000 0.8212 0.8212 0.8211 0.8211 0.8207
1917.000000 0.8202 0.8199 0.8195 0.8188 0.8176
1912.000000 0.8158 0.8121 0.8075 0.8033 0.7990
1907.000000 0.7947 0.7904 0.7861 0.7818 0.7775
1902.000000 0.7732 0.7689 0.7649 0.7650 0.7650
1897.000000 0.7658 0.7669 0.7696 0.7730 0.7775
1892.000000 0.7819 0.7860 0.7897 0.7934 0.7971
1887.000000 0.8008 0.8051 0.8099 0.8147 0.8194
1882.000000 0.8242 0.8278 0.8304 0.8331 0.8348
1877.000000 0.8356 0.8360 0.8364 0.8368 0.8368
1872.000000 0.8368 0.8368 0.8367 0.8365 0.8362
1867.000000 0.8359 0.8355 0.8352 0.8349 0.8348
1862.000000 0.8346 0.8346 0.8352 0.8359 0.8365
1857.000000 0.8371 0.8385 0.8401 0.8417 0.8433
1852.000000 0.8450 0.8467 0.8484 0.8501 0.8518
1847.000000 0.8535 0.8545 0.8553 0.8560 0.8567
1842.000000 0.8568 0.8568 0.8562 0.8554 0.8546
1837.000000 0.8538 0.8528 0.8521 0.8512 0.8504
1832.000000 0.8495 0.8487 0.8478 0.8470 0.8460
1827.000000 0.8451 0.8442 0.8433 0.8421 0.8398
1822.000000 0.8374 0.8350 0.8337 0.8332 0.8325
1817.000000 0.8324 0.8330 0.8337 0.8347 0.8362
1812.000000 0.8377 0.8390 0.8401 0.8412 0.8423
1807.000000 0.8434 0.8442 0.8448 0.8453 0.8459
1802.000000 0.8459 0.8459 0.8458 0.8457 0.8452
1797.000000 0.8445 0.8436 0.8421 0.8401 0.8377
1792.000000 0.8338 0.8300 0.8256 0.8213 0.8176
1787.000000 0.8142 0.8107 0.8076 0.8049 0.8025
1782.000000 0.7975 0.7990 0.7983 0.7986 0.7989
1777.000000 0.7994 0.8004 0.8012 0.8022 0.8040
1772.000000 0.8057 0.8074 0.8091 0.8108 0.8125
1767.000000 0.8147 0.8168 0.8189 0.8211 0.8232
1762.000000 0.8253 0.8274 0.8295 0.8315 0.8337
1757.000000 0.8360 0.8382 0.8405 0.8417 0.8428
1752.000000 0.8433 0.8437 0.8440 0.8444 0.8448
1747.000000 0.8451 0.8454 0.8458 0.8461 0.8464
1742.000000 0.8468 0.8471 0.8474 0.8478 0.8482
1737.000000 0.8486 0.8490 0.8493 0.8497 0.8501
1732.000000 0.8505 0.8506 0.8506 0.8504 0.8503
1727.000000 0.8501 0.8499 0.8496 0.8475 0.8490
1722.000000 0.8488 0.8485 0.8481 0.8475 0.8468
1717.000000 0.8463 0.8456 0.8447 0.8438 0.8428
1712.000000 0.8420 0.8411 0.8401 0.8390 0.8380
1707.000000 0.8370 0.8360 0.8349 0.8336 0.8324
1702.000000 0.8311 0.8298 0.8285 0.8271 0.8260
1697.000000 0.8247 0.8234 0.8221 0.8208 0.8196
1692.000000 0.8186 0.8181 0.8178 0.8144 0.8171
1687.000000 0.8168 0.8175 0.8182 0.8189 0.8197
1682.000000 0.8205 0.8213 0.8221 0.8228 0.8236
1677.000000 0.8241 0.8247 0.8253 0.8259 0.8265
1672.000000 0.8271 0.8277 0.8283 0.8290 0.8297
1667.000000 0.8305 0.8312 0.8320 0.8327 0.8335
1662.000000 0.8342 0.8349 0.8357 0.8365 0.8373
1657.000000 0.8381 0.8389 0.8396 0.8401 0.8405
1652.000000 0.8409 0.8413 0.8416 0.8420 0.8420
1647.000000 0.8421 0.8421 0.8421 0.8421 0.8421
1642.000000 0.8423 0.8423 0.8424 0.8425 0.8425
1637.000000 0.8425 0.8425 0.8425 0.8421 0.8417
1632.000000 0.8414 0.8410 0.8399 0.8386 0.8373
1627.000000 0.8360 0.8346 0.8318 0.8292 0.8265
1622.000000 0.8232 0.8195 0.8158 0.8121 0.8081
1617.000000 0.8040 0.7998 0.7951 0.7903 0.7848
1612.000000 0.7789 0.7722 0.7644 0.7578 0.7532
1607.000000 0.7506 0.7480 0.7454 0.7442 0.7431
1602.000000 0.7424 0.7417 0.7410 0.7401 0.7390
1597.000000 0.6868 0.6249 0.5628 0.5008 0.4387
1592.000000 0.3766 0.3368 0.3209 0.3059 0.2909
1587.000000 0.2763 0.2770 0.2825 0.3295 0.3766
1582.000000 0.4236 0.4707 0.5178 0.5648 0.6119
1577.000000 0.6487 0.6637 0.6799 0.7022 0.7126
1572.000000 0.7208 0.7287 0.7351 0.7415 0.7469
1567.000000 0.7514 0.7558 0.7601 0.7646 0.7683
1562.000000 0.7719 0.7758 0.7792 0.7819 0.7849
1557.000000 0.7871 0.7889 0.7906 0.7917 0.7921
1552.000000 0.7925 0.7931 0.7934 0.7938 0.7961
1547.000000 0.7945 0.7948 0.7950 0.7951 0.7954
1542.000000 0.7946 0.7938 0.7928 0.7905 0.7878
1537.000000 0.7853 0.7826 0.7801 0.7768 0.7730
1532.000000 0.7692 0.7654 0.7618 0.7585 0.7551
1527.000000 0.7517 0.7483 0.7435 0.7384 0.7334
1522.000000 0.7283 0.7233 0.7148 0.7056 0.6951
1517.000000 0.6837 0.6699 0.6542 0.5950 0.5588
1512.000000 0.5276 0.4983 0.4810 0.4643 0.4503
1507.000000 0.4389 0.4240 0.4079 0.3888 0.3293
1502.000000 0.2617 0.1941 0.1265 0.0589 0.0512
1497.000000 0.0414 0.0316 0.0240 0.0151 0.0105
1492.000000 0.0113 0.0120 0.0205 0.0407 0.0920
1487.000000 0.1432 0.1944 0.2456 0.2969 0.3480
1482.000000 0.3993 0.4505 0.5017 0.5309 0.5359
1477.000000 0.5347 0.5341 0.5332 0.5310 0.5260
1472.000000 0.5162 0.4381 0.3466 0.2551 0.1894
1467.000000 0.1823 0.1868 0.1869 0.1913 0.2067
1462.000000 0.2283 0.2499 0.2714 0.2930 0.3146
1457.000000 0.3329 0.3432 0.3536 0.3638 0.3740
1452.000000 0.3864 0.3962 0.4037 0.4097 0.4148
1447.000000 0.4189 0.4229 0.4269 0.4306 0.4343
1442.000000 0.4385 0.4432 0.4559 0.4771 0.4983
1437.000000 0.5195 0.5407 0.5619 0.5831 0.6043
1432.000000 0.6255 0.6467 0.6615 0.6722 0.6872
1427.000000 0.6974 0.7037 0.7101 0.7164 0.7225
1422.000000 0.7262 0.7299 0.7336 0.7371 0.7401
1417.000000 0.7432 0.7461 0.7492 0.7515 0.7540
1412.000000 0.7565 0.7589 0.7611 0.7633 0.7656
1407.000000 0.7674 0.7689 0.7705 0.7719 0.7735
1402.000000 0.7749 0.7761 0.7765 0.7749 0.7768
1397.000000 0.7764 0.7761 0.7750 0.7738 0.7726
1392.000000 0.7710 0.7688 0.7667 0.7632 0.7592
1387.000000 0.7295 0.7000 0.6704 0.6560 0.6554
1382.000000 0.6547 0.6849 0.7161 0.7341 0.7398
1377.000000 0.7440 0.7474 0.7499 0.7522 0.7542
1372.000000 0.7550 0.7558 0.7568 0.7575 0.7578
1367.000000 0.7581 0.7584 0.7587 0.7590 0.7592
1362.000000 0.7594 0.7597 0.7599 0.7601 0.7603
1357.000000 0.7605 0.7607 0.7608 0.7608 0.7610
1352.000000 0.7610 0.7610 0.7608 0.7598 0.7599
1347.000000 0.7599 0.7596 0.7586 0.7572 0.7560
1342.000000 0.7544 0.7526 0.7510 0.7487 0.7460
1337.000000 0.7432 0.7405 0.7365 0.7321 0.7276
1332.000000 0.7210 0.7133 0.7040 0.6867 0.6693
1327.000000 0.6475 0.6224 0.5758 0.5322 0.4886
1322.000000 0.4450 0.4014 0.3578 0.3142 0.2706
1317.000000 0.2270 0.1833 0.1396 0.0961 0.0826
1312.000000 0.0732 0.0648 0.0592 0.0560 0.0538
1307.000000 0.0519 0.0487 0.0498 0.0494 0.0494
1302.000000 0.0514 0.0629 0.0764 0.0963 0.1345
1297.000000 0.1582 0.1752 0.1848 0.1942 0.2034
1292.000000 0.2191 0.2469 0.2748 0.3026 0.3304
1287.000000 0.3582 0.3724 0.3710 0.3636 0.3560
1282.000000 0.3537 0.3534 0.3716 0.4201 0.4687
1277.000000 0.5172 0.5460 0.5529 0.5596 0.5679
1272.000000 0.5772 0.5857 0.5939 0.5991 0.6041
1267.000000 0.6082 0.6119 0.6147 0.6170 0.6192
1262.000000 0.6216 0.6240 0.6257 0.6271 0.6275
1257.000000 0.6277 0.6278 0.6254 0.6273 0.6270
1252.000000 0.6240 0.6179 0.6112 0.5976 0.5496
1247.000000 0.5202 0.4907 0.4612 0.4317 0.4023
1242.000000 0.3728 0.3432 0.3138 0.2999 0.3019
1237.000000 0.3064 0.3109 0.3141 0.3156 0.3156
1232.000000 0.3109 0.2499 0.1889 0.1279 0.0669
1227.000000 0.0361 0.0237 0.0156 0.0150 0.0107
1222.000000 0.0196 0.0598 0.1000 0.1402 0.1804
1217.000000 0.2206 0.2608 0.3009 0.3410 0.3812
1212.000000 0.4215 0.4617 0.5019 0.5068 0.5101
1207.000000 0.5123 0.5132 0.5131 0.5114 0.5062
1202.000000 0.4985 0.4908 0.4831 0.4754 0.4677
1197.000000 0.4599 0.4522 0.4445 0.4368 0.4291
1192.000000 0.4281 0.4294 0.4329 0.4365 0.4400
1187.000000 0.4436 0.4470 0.4462 0.4426 0.4377
1182.000000 0.4316 0.4141 0.3621 0.3101 0.2581
1177.000000 0.2061 0.1540 0.1020 0.0500 0.0103
1172.000000 0.0074 0.0051 0.0035 0.0002 0.0024
1167.000000 0.0024 0.0038 0.0061 0.0104 0.0183
1162.000000 0.0289 0.0386 0.0481 0.1603 0.3130
1157.000000 0.3520 0.3840 0.4160 0.4479 0.4799
1152.000000 0.5118 0.5438 0.5758 0.5848 0.5928
1147.000000 0.6010 0.6082 0.6152 0.6218 0.6273
1142.000000 0.6327 0.6382 0.6432 0.6483 0.6534
1137.000000 0.6585 0.6631 0.6672 0.6710 0.6732
1132.000000 0.6739 0.6722 0.6728 0.6706 0.6672
1127.000000 0.6569 0.6428 0.6323 0.6009 0.5530
1122.000000 0.5051 0.4572 0.4092 0.3612 0.3134
1117.000000 0.2655 0.2176 0.1696 0.1218 0.0769
1112.000000 0.0563 0.0356 0.0150 0.0020 0.0004
1107.000000 0.0012 0.0014 0.0035 0.0079 0.0178
1102.000000 0.0405 0.0574 0.2271 0.3764 0.4683
1097.000000 0.4825 0.5093 0.5382 0.5672 0.5894
1092.000000 0.5996 0.6200 0.6406 0.6518 0.6632
1087.000000 0.6762 0.6862 0.6937 0.7010 0.7069
1082.000000 0.7128 0.7188 0.7243 0.7297 0.7343
1077.000000 0.7383 0.7422 0.7458 0.7495 0.7528
1072.000000 0.7561 0.7590 0.7615 0.7638 0.7653
1067.000000 0.7661 0.7669 0.7669 0.7688 0.7660
1062.000000 0.7650 0.7633 0.7611 0.7590 0.7561
1057.000000 0.7507 0.7399 0.7258 0.7058 0.6746
1052.000000 0.6368 0.5586 0.4805 0.4024 0.3242
1047.000000 0.2461 0.1679 0.1652 0.1652 0.1700
1042.000000 0.1823 0.2180 0.2728 0.3275 0.3823
1037.000000 0.4371 0.4820 0.5042 0.5257 0.5477
1032.000000 0.5687 0.5894 0.6007 0.6180 0.6252
1027.000000 0.6324 0.6386 0.6444 0.6497 0.6545
1022.000000 0.6593 0.6626 0.6651 0.6668 0.6681
1017.000000 0.6687 0.6694 0.6695 0.6697 0.6688
1012.000000 0.6676 0.6647 0.6603 0.6515 0.6393
1007.000000 0.6209 0.6012 0.5860 0.5709 0.5478
1002.000000 0.5208 0.4957 0.4662 0.4367 0.4072
997.000000 0.3777 0.3482 0.3187 0.2892 0.2597
992.000000 0.2302 0.2007 0.1712 0.1301 0.1059
987.000000 0.0835 0.0733 0.0651 0.0584 0.0492
982.000000 0.0425 0.0358 0.0291 0.0223 0.0156
977.000000 0.0089 0.0022 0.0000 0.0000 0.0000
972.000000 0.0000 0.0000 0.0000 0.0000 0.0000
967.000000 0.0000 0.0000 0.0000 0.0000 0.0000
962.000000 0.0000 0.0000 0.0000 0.0000 0.0000
957.000000 0.0000 0.0000 0.0001 0.0029 0.0062
952.000000 0.0095 0.0144 0.0284 0.0979 0.1913
947.000000 0.2413 0.2572 0.2731 0.2891 0.3050
942.000000 0.3170 0.3146 0.3053 0.2934 0.2816
937.000000 0.2698 0.2579 0.2461 0.2306 0.2325
932.000000 0.2351 0.2382 0.2768 0.3303 0.3837
927.000000 0.4372 0.4907 0.5547 0.5694 0.5848
922.000000 0.6009 0.6142 0.6312 0.6446 0.6561
917.000000 0.6651 0.6728 0.6804 0.6897 0.6993
912.000000 0.7085 0.7175 0.7242 0.7306 0.7368
907.000000 0.7424 0.7478 0.7517 0.7556 0.7590
902.000000 0.7618 0.7645 0.7671 0.7695 0.7718
897.000000 0.7743 0.7764 0.7784 0.7805 0.7825
892.000000 0.7844 0.7861 0.7876 0.7893 0.7908
887.000000 0.7921 0.7935 0.7948 0.7958 0.7965
882.000000 0.7971 0.7978 0.7985 0.7992 0.7998
877.000000 0.8005 0.8008 0.8011 0.8014 0.8018
872.000000 0.8018 0.8018 0.8018 0.8015 0.8011
867.000000 0.8006 0.7996 0.7984 0.7965 0.7947
862.000000 0.7915 0.7871 0.7822 0.7758 0.7396
857.000000 0.7315 0.7284 0.7269 0.7264 0.7275
852.000000 0.7289 0.7311 0.7335 0.7365 0.7401
847.000000 0.7442 0.7487 0.7548 0.7612 0.7676
842.000000 0.7735 0.7787 0.7828 0.7848 0.7857
837.000000 0.7868 0.7868 0.7871 0.7862 0.7855
832.000000 0.7833 0.7811 0.7775 0.7734 0.7684
827.000000 0.7630 0.7544 0.7395 0.7280 0.7058
822.000000 0.6230 0.5402 0.4574 0.3746 0.2918
817.000000 0.2090 0.1262 0.1267 0.1227 0.1249
812.000000 0.2039 0.3916 0.4487 0.4834 0.5181
807.000000 0.5528 0.5875 0.6222 0.6568 0.6617
802.000000 0.6633 0.6578 0.6286 0.5994 0.5849
797.000000 0.5879 0.5973 0.6474 0.6975 0.7295
792.000000 0.7356 0.7412 0.7445 0.7465 0.7478
787.000000 0.7507 0.7488 0.7486 0.7475 0.7451
782.000000 0.7425 0.7385 0.7344 0.7265 0.7175
777.000000 0.6997 0.6831 0.5482 0.4817 0.4153
772.000000 0.3488 0.2823 0.2158 0.1494 0.0987
767.000000 0.0768 0.0550 0.0331 0.0113 0.0000
762.000000 0.0000 0.0000 0.0000 0.0000 0.0078
757.000000 0.0202 0.0325 0.0449 0.0916 0.1090
752.000000 0.1252 0.1478 0.2331 0.3476 0.4621
747.000000 0.5321 0.5442 0.5562 0.5683 0.5898
742.000000 0.5876 0.5883 0.5851 0.5772 0.5692
737.000000 0.5612 0.5571 0.5589 0.5619 0.5656
732.000000 0.5821 0.6020 0.6220 0.6419 0.6618
727.000000 0.6721 0.6780 0.6825 0.6868 0.6903
722.000000 0.6936 0.6936 0.6933 0.6925 0.6899
717.000000 0.6867 0.6808 0.6740 0.6636 0.6497
712.000000 0.6144 0.4749 0.2899 0.2881 0.3221
707.000000 0.4008 0.4796 0.5462 0.5481 0.5500
702.000000 0.5519 0.5537 0.5926 0.6407 0.6888
697.000000 0.7074 0.7144 0.7225 0.7314 0.7418
692.000000 0.7548 0.7693 0.7821 0.7911 0.7981
687.000000 0.8035 0.8069 0.8099 0.8121 0.8144
682.000000 0.8165 0.8183 0.8199 0.8212 0.8225
677.000000 0.8237 0.8244 0.8251 0.8255 0.8257
672.000000 0.8271 0.8291 0.8311 0.8330 0.8350
667.000000 0.8370 0.8392 0.8421 0.8453 0.8475
662.000000 0.8483 0.8481 0.8491 0.8490 0.8488
657.000000 0.8462 0.8405 0.8324 0.8305 0.8313
652.000000 0.8318 0.8320 0.8321 0.8323 0.8324
647.000000 0.8325 0.8325 0.8327 0.8327 0.8325
642.000000 0.8325 0.8325 0.8324 0.8323 0.8318
637.000000 0.8316 0.8313 0.8310 0.8307 0.8301
632.000000 0.8295 0.8289 0.8283 0.8275 0.8261
627.000000 0.8247 0.8231 0.8184 0.8137 0.8068
622.000000 0.7998 0.7924 0.7850 0.7771 0.7684
617.000000 0.7603 0.7538 0.7474 0.7388 0.7091
612.000000 0.6248 0.5405 0.4742 0.4618 0.4533
607.000000 0.4457 0.4387 0.4332 0.4308 0.4258
602.000000 0.4293 0.4471 0.4652 0.4834 0.5015
597.000000 0.5196 0.5378 0.5559 0.5740 0.5922
592.000000 0.6031 0.6110 0.6202 0.6318 0.6431
587.000000 0.6536 0.6640 0.6732 0.6822 0.6908
582.000000 0.6978 0.7051 0.7118 0.7186 0.7251
577.000000 0.7278 0.7325 0.7294 0.7297 0.7281
572.000000 0.6815 0.6351 0.5887 0.5422 0.4647
567.000000 0.4664 0.4679 0.4694 0.4778 0.4857
562.000000 0.4936 0.5008 0.5077 0.5146 0.5209
557.000000 0.5268 0.5327 0.5378 0.5427 0.5476
552.000000 0.5522 0.5572 0.5532 0.5471 0.5357
547.000000 0.5244 0.5131 0.5017 0.4904 0.4791
542.000000 0.4677 0.4564 0.4451 0.4337 0.4224
537.000000 0.4110 0.3998 0.3986 0.3979 0.3975
532.000000 0.3976 0.3982 0.3966 0.3936 0.3886
527.000000 0.3850 0.3789 0.3814 0.3818 0.3827
522.000000 0.3854 0.3906 0.3989 0.4062 0.4127
517.000000 0.4174 0.4221 0.4275 0.4353 0.4433
512.000000 0.4519 0.5114 0.6436 0.6478 0.6521
507.000000 0.6565 0.6612 0.6665 0.6708 0.6761
502.000000 0.6736 0.6736 0.6718 0.6675 0.6625
497.000000 0.6575 0.6524 0.6475 0.6428 0.6381
492.000000 0.6337 0.6300 0.6262 0.6235 0.6216
487.000000 0.6197 0.6179 0.6170 0.6160 0.6151
482.000000 0.6152 0.6153 0.6158 0.6180 0.6206
477.000000 0.6236 0.6277 0.6319 0.6360 0.6410
472.000000 0.6461 0.6512 0.6558 0.6604 0.6648
467.000000 0.6691 0.6725 0.6746 0.6746 0.6747
462.000000 0.6746 0.6734 0.6719 0.6700 0.6681
457.000000 0.6651 0.6608 0.6565 0.6469 0.6319
452.000000 0.6162 0.6047 0.5923 0.5782 0.5708
447.000000 0.5684 0.5639 0.5666 0.5669 0.5707
442.000000 0.5745 0.5781 0.5816 0.5851 0.5886
437.000000 0.5918 0.5946 0.5973 0.6000 0.6027
432.000000 0.6054 0.6082 0.6109 0.6123 0.6135
427.000000 0.6147 0.6160 0.6172 0.6184 0.6196
422.000000 0.6204 0.6210 0.6216 0.6223 0.6229
417.000000 0.6235 0.6241 0.6247 0.6251 0.6255
412.000000 0.6258 0.6262 0.6265 0.6269 0.6272
407.000000 0.6276 0.6279 0.6283 0.6286 0.6290
402.000000 0.6294 0.6297 0.6301 0.6304 0.6308
397.000000 0.6312 0.6312 0.6312 0.6312 0.6312
392.000000 0.6310 0.6306
##END=
