##TITLE=HOMATROPINE METHYL BROMIDE
##JCAMP-DX=4.24
$$ By DXEDIT 1.05 (RS McDonald)
##DATA TYPE=INFRARED SPECTRUM
##CLASS=COBLENTZ III
##OWNER=COBLENTZ SOC.
Collection (C) 2018 copyright by the U.S. Secretary of Commerce
on behalf of the United States of America. All rights reserved.
##DATE=1961/08/11
##NAMES=8,8-dimethyl-8.lambda.<5>-azabicyclo[3.2.1]oct-3-yl hydroxy(phenyl)acetate hydrobromide
##CAS REGISTRY NO=80-49-9
##MOLFORM=C17 H24 Br N O3
##MP=191-192 C
##SOURCE REFERENCE=COBLENTZ NO. 05184
##$NIST SOURCE=COBLENTZ
##$NIST IMAGE=cob5184
##SPECTROMETER/DATA SYSTEM=PERKIN-ELMER 21 (GRATING)
##INSTRUMENT PARAMETERS=FILTER AT ABOUT 10 MICRONS
##STATE=SOLID (1 mg / 200 mg KBr DISC) VS KBr
##PATH LENGTH=0.055 CM (THICKNESS)
##SAMPLING PROCEDURE=TRANSMISSION
##RESOLUTION=2
##DATA PROCESSING=DIGITIZED BY COBLENTZ SOCIETY (BATCH I) FROM HARD COPY
##XUNITS=1/CM
##YUNITS=TRANSMITTANCE
##XLABEL=Wavenumbers (cm-1)
##YLABEL=Transmittance
##XFACTOR=1
##YFACTOR=1
##DELTAX=1
##FIRSTX=4000
##LASTX=653
##FIRSTY=0.8758
##MAXX=4000
##MINX=653
##MAXY=0.9571
##MINY=0.2395
##NPOINTS=3348
##XYDATA=(X++(Y..Y))
4000.000000 0.8758 0.8758 0.8759 0.8759 0.8760
3995.000000 0.8761 0.8761 0.8762 0.8762 0.8763
3990.000000 0.8763 0.8764 0.8764 0.8765 0.8765
3985.000000 0.8766 0.8767 0.8767 0.8768 0.8768
3980.000000 0.8768 0.8770 0.8770 0.8771 0.8771
3975.000000 0.8771 0.8773 0.8773 0.8774 0.8774
3970.000000 0.8775 0.8775 0.8775 0.8775 0.8777
3965.000000 0.8778 0.8778 0.8778 0.8778 0.8780
3960.000000 0.8781 0.8781 0.8782 0.8783 0.8783
3955.000000 0.8784 0.8784 0.8785 0.8785 0.8786
3950.000000 0.8786 0.8787 0.8787 0.8788 0.8789
3945.000000 0.8789 0.8790 0.8791 0.8791 0.8792
3940.000000 0.8793 0.8793 0.8794 0.8795 0.8795
3935.000000 0.8796 0.8796 0.8797 0.8798 0.8798
3930.000000 0.8799 0.8799 0.8800 0.8800 0.8801
3925.000000 0.8801 0.8802 0.8803 0.8803 0.8804
3920.000000 0.8805 0.8805 0.8806 0.8806 0.8807
3915.000000 0.8808 0.8808 0.8809 0.8810 0.8810
3910.000000 0.8811 0.8812 0.8812 0.8813 0.8814
3905.000000 0.8814 0.8815 0.8816 0.8816 0.8817
3900.000000 0.8818 0.8818 0.8818 0.8820 0.8820
3895.000000 0.8821 0.8821 0.8821 0.8823 0.8823
3890.000000 0.8824 0.8824 0.8825 0.8825 0.8825
3885.000000 0.8827 0.8827 0.8828 0.8828 0.8828
3880.000000 0.8830 0.8830 0.8831 0.8832 0.8832
3875.000000 0.8833 0.8834 0.8834 0.8835 0.8836
3870.000000 0.8836 0.8837 0.8838 0.8838 0.8839
3865.000000 0.8840 0.8840 0.8841 0.8842 0.8843
3860.000000 0.8843 0.8844 0.8845 0.8845 0.8846
3855.000000 0.8847 0.8847 0.8848 0.8849 0.8849
3850.000000 0.8850 0.8851 0.8851 0.8852 0.8853
3845.000000 0.8853 0.8854 0.8855 0.8855 0.8856
3840.000000 0.8857 0.8857 0.8858 0.8858 0.8859
3835.000000 0.8859 0.8860 0.8860 0.8861 0.8862
3830.000000 0.8862 0.8863 0.8864 0.8865 0.8865
3825.000000 0.8866 0.8867 0.8867 0.8868 0.8868
3820.000000 0.8870 0.8871 0.8871 0.8871 0.8873
3815.000000 0.8874 0.8875 0.8875 0.8877 0.8877
3810.000000 0.8878 0.8878 0.8880 0.8881 0.8882
3805.000000 0.8883 0.8884 0.8884 0.8885 0.8886
3800.000000 0.8887 0.8888 0.8889 0.8890 0.8890
3795.000000 0.8891 0.8892 0.8893 0.8894 0.8895
3790.000000 0.8896 0.8897 0.8897 0.8898 0.8899
3785.000000 0.8900 0.8901 0.8902 0.8903 0.8904
3780.000000 0.8904 0.8905 0.8906 0.8907 0.8908
3775.000000 0.8909 0.8910 0.8911 0.8911 0.8912
3770.000000 0.8913 0.8914 0.8915 0.8916 0.8917
3765.000000 0.8918 0.8918 0.8918 0.8920 0.8921
3760.000000 0.8921 0.8923 0.8924 0.8925 0.8925
3755.000000 0.8925 0.8927 0.8928 0.8928 0.8930
3750.000000 0.8931 0.8932 0.8933 0.8934 0.8934
3745.000000 0.8935 0.8936 0.8937 0.8938 0.8939
3740.000000 0.8940 0.8941 0.8942 0.8942 0.8943
3735.000000 0.8944 0.8945 0.8946 0.8947 0.8948
3730.000000 0.8948 0.8949 0.8950 0.8951 0.8951
3725.000000 0.8952 0.8952 0.8953 0.8954 0.8954
3720.000000 0.8955 0.8955 0.8956 0.8957 0.8958
3715.000000 0.8958 0.8959 0.8959 0.8960 0.8961
3710.000000 0.8961 0.8962 0.8962 0.8963 0.8963
3705.000000 0.8964 0.8964 0.8965 0.8966 0.8966
3700.000000 0.8967 0.8968 0.8968 0.8968 0.8970
3695.000000 0.8970 0.8971 0.8971 0.8971 0.8971
3690.000000 0.8973 0.8974 0.8974 0.8975 0.8975
3685.000000 0.8975 0.8977 0.8978 0.8978 0.8978
3680.000000 0.8980 0.8980 0.8981 0.8981 0.8982
3675.000000 0.8982 0.8983 0.8983 0.8984 0.8985
3670.000000 0.8985 0.8986 0.8987 0.8988 0.8988
3665.000000 0.8989 0.8989 0.8990 0.8991 0.8991
3660.000000 0.8992 0.8992 0.8993 0.8993 0.8994
3655.000000 0.8994 0.8995 0.8995 0.8995 0.8995
3650.000000 0.8995 0.8996 0.8996 0.8996 0.8997
3645.000000 0.8997 0.8998 0.8998 0.8998 0.8999
3640.000000 0.8999 0.9000 0.9000 0.9000 0.9001
3635.000000 0.9001 0.9001 0.9002 0.9002 0.9002
3630.000000 0.9002 0.9002 0.9003 0.9003 0.9003
3625.000000 0.9004 0.9004 0.9005 0.9005 0.9005
3620.000000 0.9006 0.9006 0.9006 0.9007 0.9007
3615.000000 0.9008 0.9008 0.9008 0.9009 0.9009
3610.000000 0.9009 0.9009 0.9009 0.9010 0.9010
3605.000000 0.9010 0.9010 0.9010 0.9011 0.9011
3600.000000 0.9011 0.9011 0.9011 0.9010 0.9010
3595.000000 0.9010 0.9010 0.9010 0.9010 0.9010
3590.000000 0.9010 0.9010 0.9010 0.9010 0.9010
3585.000000 0.9010 0.9010 0.9010 0.9010 0.9009
3580.000000 0.9009 0.9009 0.9009 0.9009 0.9009
3575.000000 0.9009 0.9009 0.9009 0.9009 0.9008
3570.000000 0.9008 0.9008 0.9008 0.9008 0.9008
3565.000000 0.9008 0.9008 0.9008 0.9008 0.9007
3560.000000 0.9007 0.9007 0.9006 0.9006 0.9005
3555.000000 0.9005 0.9004 0.9004 0.9003 0.9002
3550.000000 0.9002 0.9002 0.9001 0.9001 0.9000
3545.000000 0.9000 0.8999 0.8999 0.8998 0.8997
3540.000000 0.8997 0.8996 0.8996 0.8995 0.8994
3535.000000 0.8993 0.8991 0.8989 0.8987 0.8985
3530.000000 0.8983 0.8980 0.8977 0.8975 0.8971
3525.000000 0.8968 0.8967 0.8964 0.8961 0.8958
3520.000000 0.8955 0.8952 0.8950 0.8947 0.8944
3515.000000 0.8941 0.8938 0.8936 0.8933 0.8928
3510.000000 0.8923 0.8917 0.8911 0.8905 0.8898
3505.000000 0.8892 0.8885 0.8878 0.8871 0.8866
3500.000000 0.8859 0.8852 0.8846 0.8839 0.8832
3495.000000 0.8825 0.8818 0.8813 0.8806 0.8799
3490.000000 0.8791 0.8783 0.8775 0.8767 0.8755
3485.000000 0.8742 0.8728 0.8717 0.8704 0.8691
3480.000000 0.8678 0.8666 0.8653 0.8641 0.8625
3475.000000 0.8609 0.8593 0.8577 0.8560 0.8539
3470.000000 0.8518 0.8497 0.8475 0.8455 0.8434
3465.000000 0.8413 0.8392 0.8371 0.8345 0.8315
3460.000000 0.8285 0.8256 0.8225 0.8030 0.7796
3455.000000 0.7561 0.7328 0.7099 0.7018 0.6937
3450.000000 0.6856 0.6774 0.6693 0.6611 0.6531
3445.000000 0.6449 0.6368 0.6287 0.6205 0.6124
3440.000000 0.6042 0.5960 0.5879 0.5797 0.5716
3435.000000 0.5634 0.5552 0.5470 0.5388 0.5306
3430.000000 0.5223 0.5141 0.5059 0.4977 0.4895
3425.000000 0.4812 0.4772 0.4754 0.4736 0.4717
3420.000000 0.4704 0.4697 0.4696 0.4695 0.4693
3415.000000 0.4692 0.4691 0.4690 0.4688 0.4687
3410.000000 0.4686 0.4684 0.4683 0.4682 0.4681
3405.000000 0.4703 0.4726 0.4749 0.4772 0.4803
3400.000000 0.4849 0.4894 0.4940 0.4986 0.5031
3395.000000 0.5077 0.5122 0.5168 0.5212 0.5259
3390.000000 0.5305 0.5351 0.5397 0.5443 0.5489
3385.000000 0.5535 0.5581 0.5627 0.5673 0.5719
3380.000000 0.5765 0.5810 0.5857 0.5903 0.5950
3375.000000 0.5996 0.6042 0.6089 0.6135 0.6181
3370.000000 0.6228 0.6268 0.6292 0.6316 0.6339
3365.000000 0.6362 0.6383 0.6401 0.6419 0.6439
3360.000000 0.6457 0.6475 0.6494 0.6512 0.6531
3355.000000 0.6550 0.6568 0.6587 0.6606 0.6624
3350.000000 0.6643 0.6661 0.6681 0.6699 0.6717
3345.000000 0.6734 0.6751 0.6768 0.6786 0.6801
3340.000000 0.6817 0.6833 0.6848 0.6864 0.6880
3335.000000 0.6895 0.6911 0.6926 0.6942 0.6958
3330.000000 0.6972 0.6989 0.7006 0.7024 0.7042
3325.000000 0.7058 0.7078 0.7098 0.7118 0.7139
3320.000000 0.7160 0.7180 0.7200 0.7221 0.7241
3315.000000 0.7258 0.7272 0.7288 0.7303 0.7317
3310.000000 0.7331 0.7344 0.7358 0.7371 0.7384
3305.000000 0.7396 0.7408 0.7419 0.7430 0.7438
3300.000000 0.7446 0.7454 0.7461 0.7469 0.7478
3295.000000 0.7486 0.7494 0.7501 0.7507 0.7514
3290.000000 0.7519 0.7525 0.7531 0.7536 0.7540
3285.000000 0.7545 0.7550 0.7555 0.7560 0.7565
3280.000000 0.7568 0.7574 0.7578 0.7583 0.7588
3275.000000 0.7593 0.7598 0.7603 0.7608 0.7612
3270.000000 0.7618 0.7621 0.7626 0.7632 0.7637
3265.000000 0.7641 0.7646 0.7651 0.7656 0.7661
3260.000000 0.7665 0.7671 0.7675 0.7680 0.7685
3255.000000 0.7690 0.7695 0.7700 0.7706 0.7711
3250.000000 0.7717 0.7722 0.7728 0.7735 0.7741
3245.000000 0.7746 0.7751 0.7758 0.7764 0.7769
3240.000000 0.7775 0.7782 0.7787 0.7793 0.7799
3235.000000 0.7805 0.7810 0.7817 0.7822 0.7828
3230.000000 0.7835 0.7843 0.7850 0.7857 0.7864
3225.000000 0.7871 0.7878 0.7885 0.7892 0.7899
3220.000000 0.7906 0.7914 0.7921 0.7928 0.7935
3215.000000 0.7943 0.7950 0.7957 0.7964 0.7971
3210.000000 0.7978 0.7986 0.7994 0.8001 0.8008
3205.000000 0.8015 0.8021 0.8030 0.8037 0.8044
3200.000000 0.8050 0.8056 0.8061 0.8068 0.8074
3195.000000 0.8080 0.8086 0.8093 0.8098 0.8104
3190.000000 0.8110 0.8115 0.8121 0.8128 0.8135
3185.000000 0.8141 0.8147 0.8153 0.8158 0.8164
3180.000000 0.8171 0.8176 0.8183 0.8189 0.8195
3175.000000 0.8202 0.8208 0.8214 0.8220 0.8227
3170.000000 0.8233 0.8240 0.8246 0.8252 0.8259
3165.000000 0.8265 0.8271 0.8278 0.8284 0.8291
3160.000000 0.8297 0.8303 0.8310 0.8316 0.8321
3155.000000 0.8328 0.8335 0.8342 0.8348 0.8354
3150.000000 0.8360 0.8366 0.8371 0.8378 0.8384
3145.000000 0.8389 0.8395 0.8401 0.8406 0.8412
3140.000000 0.8418 0.8423 0.8428 0.8435 0.8441
3135.000000 0.8446 0.8451 0.8457 0.8462 0.8467
3130.000000 0.8471 0.8477 0.8482 0.8487 0.8492
3125.000000 0.8498 0.8503 0.8508 0.8513 0.8518
3120.000000 0.8523 0.8528 0.8533 0.8538 0.8542
3115.000000 0.8547 0.8551 0.8555 0.8559 0.8563
3110.000000 0.8567 0.8571 0.8575 0.8578 0.8583
3105.000000 0.8586 0.8589 0.8592 0.8595 0.8597
3100.000000 0.8599 0.8600 0.8602 0.8604 0.8606
3095.000000 0.8609 0.8611 0.8612 0.8614 0.8616
3090.000000 0.8618 0.8618 0.8618 0.8618 0.8618
3085.000000 0.8618 0.8618 0.8618 0.8618 0.8618
3080.000000 0.8618 0.8618 0.8617 0.8617 0.8617
3075.000000 0.8616 0.8611 0.8606 0.8600 0.8593
3070.000000 0.8578 0.8562 0.8547 0.8527 0.8502
3065.000000 0.8477 0.8452 0.8433 0.8416 0.8398
3060.000000 0.8381 0.8359 0.8337 0.8315 0.8296
3055.000000 0.8284 0.8273 0.8261 0.8252 0.8245
3050.000000 0.8238 0.8231 0.8225 0.8218 0.8213
3045.000000 0.8207 0.8205 0.8202 0.8199 0.8196
3040.000000 0.8193 0.8190 0.8187 0.8185 0.8182
3035.000000 0.8178 0.8176 0.8138 0.8098 0.8058
3030.000000 0.7996 0.7878 0.7760 0.7417 0.7568
3025.000000 0.7521 0.7474 0.7426 0.7426 0.7428
3020.000000 0.7428 0.7430 0.7431 0.7432 0.7433
3015.000000 0.7441 0.7451 0.7461 0.7471 0.7486
3010.000000 0.7500 0.7514 0.7528 0.7543 0.7557
3005.000000 0.7571 0.7586 0.7600 0.7614 0.7628
3000.000000 0.7643 0.7657 0.7671 0.7678 0.7683
2995.000000 0.7687 0.7692 0.7692 0.7692 0.7676
2990.000000 0.7689 0.7685 0.7680 0.7675 0.7655
2985.000000 0.7631 0.7608 0.7585 0.7561 0.7537
2980.000000 0.7514 0.7490 0.7465 0.7443 0.7421
2975.000000 0.7411 0.7401 0.7393 0.7388 0.7385
2970.000000 0.7383 0.7380 0.7376 0.7374 0.7371
2965.000000 0.7367 0.7362 0.7358 0.7355 0.7351
2960.000000 0.7347 0.7342 0.7336 0.7328 0.7321
2955.000000 0.7315 0.7307 0.7300 0.7293 0.7285
2950.000000 0.7278 0.7269 0.7261 0.7246 0.7231
2945.000000 0.7084 0.7195 0.7172 0.7151 0.7132
2940.000000 0.7126 0.7121 0.7118 0.7114 0.7112
2935.000000 0.7111 0.7112 0.7135 0.7157 0.7178
2930.000000 0.7203 0.7228 0.7253 0.7278 0.7304
2925.000000 0.7328 0.7355 0.7380 0.7405 0.7430
2920.000000 0.7456 0.7481 0.7506 0.7531 0.7557
2915.000000 0.7582 0.7607 0.7632 0.7657 0.7682
2910.000000 0.7700 0.7706 0.7711 0.7715 0.7721
2905.000000 0.7726 0.7732 0.7735 0.7735 0.7735
2900.000000 0.7735 0.7735 0.7734 0.7733 0.7733
2895.000000 0.7732 0.7731 0.7728 0.7721 0.7717
2890.000000 0.7711 0.7706 0.7701 0.7695 0.7692
2885.000000 0.7688 0.7685 0.7683 0.7683 0.7683
2880.000000 0.7682 0.7682 0.7681 0.7681 0.7681
2875.000000 0.7681 0.7681 0.7683 0.7686 0.7688
2870.000000 0.7695 0.7714 0.7732 0.7662 0.7771
2865.000000 0.7792 0.7811 0.7832 0.7853 0.7872
2860.000000 0.7893 0.7912 0.7934 0.7954 0.7975
2855.000000 0.7996 0.8015 0.8036 0.8057 0.8076
2850.000000 0.8097 0.8118 0.8139 0.8158 0.8180
2845.000000 0.8200 0.8220 0.8241 0.8262 0.8283
2840.000000 0.8296 0.8309 0.8321 0.8330 0.8334
2835.000000 0.8339 0.8344 0.8348 0.8353 0.8358
2830.000000 0.8362 0.8367 0.8371 0.8375 0.8381
2825.000000 0.8386 0.8391 0.8395 0.8400 0.8404
2820.000000 0.8409 0.8413 0.8418 0.8423 0.8427
2815.000000 0.8432 0.8436 0.8441 0.8445 0.8450
2810.000000 0.8455 0.8459 0.8464 0.8468 0.8473
2805.000000 0.8477 0.8482 0.8487 0.8492 0.8496
2800.000000 0.8501 0.8505 0.8510 0.8515 0.8520
2795.000000 0.8524 0.8528 0.8534 0.8539 0.8544
2790.000000 0.8548 0.8554 0.8559 0.8564 0.8568
2785.000000 0.8573 0.8578 0.8583 0.8589 0.8594
2780.000000 0.8599 0.8604 0.8609 0.8614 0.8618
2775.000000 0.8624 0.8628 0.8634 0.8640 0.8645
2770.000000 0.8649 0.8654 0.8659 0.8663 0.8667
2765.000000 0.8671 0.8675 0.8678 0.8683 0.8688
2760.000000 0.8692 0.8696 0.8700 0.8704 0.8708
2755.000000 0.8712 0.8716 0.8720 0.8724 0.8728
2750.000000 0.8732 0.8735 0.8738 0.8740 0.8743
2745.000000 0.8745 0.8748 0.8751 0.8753 0.8756
2740.000000 0.8759 0.8761 0.8764 0.8767 0.8768
2735.000000 0.8771 0.8775 0.8777 0.8780 0.8783
2730.000000 0.8786 0.8788 0.8789 0.8791 0.8792
2725.000000 0.8792 0.8792 0.8793 0.8793 0.8794
2720.000000 0.8795 0.8795 0.8795 0.8796 0.8796
2715.000000 0.8797 0.8798 0.8798 0.8798 0.8799
2710.000000 0.8799 0.8799 0.8800 0.8801 0.8801
2705.000000 0.8802 0.8802 0.8802 0.8803 0.8804
2700.000000 0.8804 0.8805 0.8805 0.8805 0.8806
2695.000000 0.8807 0.8807 0.8808 0.8809 0.8810
2690.000000 0.8810 0.8811 0.8812 0.8813 0.8814
2685.000000 0.8815 0.8816 0.8817 0.8818 0.8818
2680.000000 0.8818 0.8820 0.8821 0.8821 0.8823
2675.000000 0.8824 0.8824 0.8825 0.8825 0.8827
2670.000000 0.8828 0.8830 0.8831 0.8831 0.8832
2665.000000 0.8833 0.8834 0.8835 0.8836 0.8836
2660.000000 0.8837 0.8838 0.8839 0.8840 0.8841
2655.000000 0.8842 0.8843 0.8844 0.8845 0.8846
2650.000000 0.8847 0.8849 0.8850 0.8852 0.8854
2645.000000 0.8855 0.8857 0.8859 0.8861 0.8863
2640.000000 0.8864 0.8866 0.8868 0.8871 0.8873
2635.000000 0.8874 0.8875 0.8878 0.8880 0.8882
2630.000000 0.8883 0.8885 0.8887 0.8889 0.8891
2625.000000 0.8892 0.8894 0.8896 0.8898 0.8900
2620.000000 0.8901 0.8902 0.8903 0.8904 0.8905
2615.000000 0.8907 0.8907 0.8908 0.8909 0.8910
2610.000000 0.8911 0.8912 0.8913 0.8914 0.8915
2605.000000 0.8916 0.8917 0.8918 0.8918 0.8920
2600.000000 0.8921 0.8921 0.8923 0.8924 0.8925
2595.000000 0.8925 0.8927 0.8928 0.8928 0.8930
2590.000000 0.8931 0.8932 0.8932 0.8934 0.8935
2585.000000 0.8936 0.8937 0.8938 0.8939 0.8940
2580.000000 0.8940 0.8941 0.8941 0.8942 0.8942
2575.000000 0.8942 0.8943 0.8943 0.8944 0.8944
2570.000000 0.8944 0.8945 0.8946 0.8946 0.8947
2565.000000 0.8947 0.8948 0.8948 0.8948 0.8949
2560.000000 0.8949 0.8949 0.8950 0.8950 0.8951
2555.000000 0.8951 0.8952 0.8953 0.8953 0.8954
2550.000000 0.8954 0.8955 0.8956 0.8957 0.8957
2545.000000 0.8958 0.8960 0.8961 0.8962 0.8963
2540.000000 0.8964 0.8965 0.8966 0.8967 0.8968
2535.000000 0.8968 0.8970 0.8970 0.8971 0.8973
2530.000000 0.8974 0.8975 0.8975 0.8975 0.8978
2525.000000 0.8978 0.8978 0.8980 0.8981 0.8983
2520.000000 0.8984 0.8985 0.8986 0.8987 0.8988
2515.000000 0.8990 0.8990 0.8991 0.8992 0.8993
2510.000000 0.8995 0.8996 0.8997 0.8998 0.8999
2505.000000 0.9001 0.9001 0.9002 0.9003 0.9004
2500.000000 0.9006 0.9007 0.9008 0.9009 0.9010
2495.000000 0.9012 0.9013 0.9014 0.9015 0.9016
2490.000000 0.9018 0.9018 0.9021 0.9021 0.9023
2485.000000 0.9025 0.9025 0.9027 0.9028 0.9030
2480.000000 0.9032 0.9035 0.9039 0.9043 0.9048
2475.000000 0.9053 0.9057 0.9062 0.9066 0.9071
2470.000000 0.9075 0.9080 0.9084 0.9089 0.9093
2465.000000 0.9098 0.9102 0.9107 0.9111 0.9116
2460.000000 0.9120 0.9124 0.9128 0.9133 0.9138
2455.000000 0.9142 0.9146 0.9150 0.9154 0.9157
2450.000000 0.9159 0.9161 0.9162 0.9163 0.9165
2445.000000 0.9166 0.9168 0.9168 0.9171 0.9171
2440.000000 0.9174 0.9175 0.9177 0.9178 0.9178
2435.000000 0.9178 0.9178 0.9178 0.9178 0.9177
2430.000000 0.9177 0.9177 0.9177 0.9175 0.9175
2425.000000 0.9175 0.9175 0.9175 0.9175 0.9175
2420.000000 0.9175 0.9175 0.9175 0.9177 0.9178
2415.000000 0.9178 0.9178 0.9180 0.9180 0.9181
2410.000000 0.9182 0.9183 0.9184 0.9185 0.9186
2405.000000 0.9187 0.9187 0.9188 0.9189 0.9190
2400.000000 0.9191 0.9192 0.9193 0.9194 0.9196
2395.000000 0.9197 0.9198 0.9200 0.9201 0.9202
2390.000000 0.9203 0.9204 0.9205 0.9207 0.9209
2385.000000 0.9212 0.9214 0.9216 0.9218 0.9221
2380.000000 0.9224 0.9225 0.9228 0.9231 0.9234
2375.000000 0.9236 0.9239 0.9241 0.9243 0.9245
2370.000000 0.9247 0.9249 0.9250 0.9252 0.9255
2365.000000 0.9257 0.9259 0.9260 0.9263 0.9265
2360.000000 0.9266 0.9268 0.9268 0.9271 0.9271
2355.000000 0.9273 0.9275 0.9275 0.9277 0.9278
2350.000000 0.9280 0.9281 0.9281 0.9282 0.9282
2345.000000 0.9283 0.9283 0.9284 0.9284 0.9284
2340.000000 0.9283 0.9281 0.9275 0.9267 0.9258
2335.000000 0.9249 0.9240 0.9228 0.9218 0.9210
2330.000000 0.9203 0.9202 0.9201 0.9200 0.9199
2325.000000 0.9198 0.9197 0.9197 0.9197 0.9198
2320.000000 0.9201 0.9204 0.9206 0.9208 0.9211
2315.000000 0.9214 0.9217 0.9220 0.9221 0.9224
2310.000000 0.9227 0.9231 0.9234 0.9237 0.9241
2305.000000 0.9244 0.9248 0.9251 0.9255 0.9258
2300.000000 0.9262 0.9266 0.9268 0.9273 0.9275
2295.000000 0.9278 0.9281 0.9284 0.9286 0.9287
2290.000000 0.9289 0.9291 0.9292 0.9294 0.9296
2285.000000 0.9298 0.9300 0.9302 0.9303 0.9305
2280.000000 0.9306 0.9308 0.9310 0.9312 0.9314
2275.000000 0.9315 0.9316 0.9317 0.9318 0.9318
2270.000000 0.9318 0.9318 0.9318 0.9318 0.9320
2265.000000 0.9320 0.9318 0.9318 0.9317 0.9316
2260.000000 0.9315 0.9314 0.9313 0.9313 0.9312
2255.000000 0.9311 0.9310 0.9309 0.9308 0.9307
2250.000000 0.9306 0.9306 0.9306 0.9306 0.9307
2245.000000 0.9307 0.9307 0.9307 0.9308 0.9308
2240.000000 0.9308 0.9308 0.9309 0.9309 0.9309
2235.000000 0.9309 0.9310 0.9312 0.9314 0.9316
2230.000000 0.9318 0.9320 0.9323 0.9325 0.9328
2225.000000 0.9330 0.9333 0.9335 0.9337 0.9340
2220.000000 0.9342 0.9345 0.9347 0.9349 0.9351
2215.000000 0.9353 0.9354 0.9356 0.9357 0.9359
2210.000000 0.9361 0.9363 0.9364 0.9366 0.9368
2205.000000 0.9370 0.9371 0.9373 0.9374 0.9375
2200.000000 0.9378 0.9378 0.9380 0.9381 0.9382
2195.000000 0.9383 0.9385 0.9386 0.9388 0.9389
2190.000000 0.9390 0.9391 0.9392 0.9393 0.9394
2185.000000 0.9395 0.9395 0.9396 0.9397 0.9398
2180.000000 0.9398 0.9399 0.9400 0.9401 0.9401
2175.000000 0.9402 0.9403 0.9404 0.9406 0.9406
2170.000000 0.9407 0.9408 0.9409 0.9409 0.9410
2165.000000 0.9411 0.9412 0.9412 0.9413 0.9414
2160.000000 0.9415 0.9416 0.9417 0.9418 0.9418
2155.000000 0.9420 0.9421 0.9421 0.9421 0.9423
2150.000000 0.9424 0.9425 0.9425 0.9427 0.9427
2145.000000 0.9428 0.9430 0.9431 0.9432 0.9432
2140.000000 0.9433 0.9434 0.9435 0.9436 0.9437
2135.000000 0.9438 0.9439 0.9440 0.9441 0.9442
2130.000000 0.9443 0.9444 0.9444 0.9445 0.9446
2125.000000 0.9447 0.9449 0.9449 0.9450 0.9451
2120.000000 0.9452 0.9453 0.9454 0.9455 0.9456
2115.000000 0.9457 0.9458 0.9459 0.9460 0.9461
2110.000000 0.9461 0.9462 0.9463 0.9464 0.9465
2105.000000 0.9465 0.9466 0.9466 0.9467 0.9468
2100.000000 0.9468 0.9470 0.9470 0.9471 0.9471
2095.000000 0.9473 0.9473 0.9474 0.9475 0.9475
2090.000000 0.9475 0.9477 0.9478 0.9478 0.9478
2085.000000 0.9480 0.9480 0.9481 0.9481 0.9482
2080.000000 0.9483 0.9484 0.9485 0.9485 0.9486
2075.000000 0.9486 0.9487 0.9487 0.9488 0.9488
2070.000000 0.9488 0.9488 0.9488 0.9489 0.9489
2065.000000 0.9489 0.9489 0.9489 0.9490 0.9490
2060.000000 0.9490 0.9490 0.9490 0.9491 0.9492
2055.000000 0.9494 0.9496 0.9498 0.9499 0.9500
2050.000000 0.9502 0.9504 0.9506 0.9507 0.9509
2045.000000 0.9510 0.9512 0.9514 0.9515 0.9517
2040.000000 0.9518 0.9520 0.9521 0.9523 0.9525
2035.000000 0.9527 0.9528 0.9531 0.9532 0.9533
2030.000000 0.9535 0.9537 0.9539 0.9541 0.9542
2025.000000 0.9544 0.9546 0.9548 0.9549 0.9551
2020.000000 0.9552 0.9554 0.9556 0.9558 0.9560
2015.000000 0.9562 0.9563 0.9564 0.9565 0.9566
2010.000000 0.9566 0.9567 0.9568 0.9568 0.9568
2005.000000 0.9568 0.9570 0.9571 0.9571 0.9571
2000.000000 0.9571 0.9568 0.9565 0.9561 0.9558
1995.000000 0.9555 0.9551 0.9547 0.9543 0.9540
1990.000000 0.9536 0.9532 0.9528 0.9524 0.9521
1985.000000 0.9516 0.9511 0.9505 0.9500 0.9495
1980.000000 0.9489 0.9484 0.9478 0.9474 0.9470
1975.000000 0.9467 0.9465 0.9462 0.9460 0.9457
1970.000000 0.9455 0.9453 0.9450 0.9448 0.9445
1965.000000 0.9442 0.9440 0.9437 0.9435 0.9434
1960.000000 0.9434 0.9436 0.9438 0.9439 0.9441
1955.000000 0.9443 0.9444 0.9446 0.9448 0.9450
1950.000000 0.9453 0.9457 0.9462 0.9467 0.9471
1945.000000 0.9475 0.9481 0.9485 0.9489 0.9492
1940.000000 0.9496 0.9499 0.9503 0.9507 0.9510
1935.000000 0.9513 0.9517 0.9520 0.9523 0.9527
1930.000000 0.9530 0.9534 0.9538 0.9541 0.9541
1925.000000 0.9541 0.9540 0.9538 0.9537 0.9536
1920.000000 0.9535 0.9534 0.9533 0.9531 0.9531
1915.000000 0.9530 0.9528 0.9527 0.9525 0.9524
1910.000000 0.9524 0.9521 0.9521 0.9521 0.9520
1905.000000 0.9518 0.9518 0.9517 0.9516 0.9515
1900.000000 0.9515 0.9514 0.9513 0.9513 0.9512
1895.000000 0.9511 0.9511 0.9511 0.9511 0.9511
1890.000000 0.9511 0.9511 0.9512 0.9512 0.9512
1885.000000 0.9512 0.9512 0.9513 0.9513 0.9513
1880.000000 0.9513 0.9513 0.9514 0.9514 0.9514
1875.000000 0.9515 0.9517 0.9518 0.9518 0.9521
1870.000000 0.9521 0.9524 0.9525 0.9527 0.9527
1865.000000 0.9528 0.9528 0.9528 0.9528 0.9528
1860.000000 0.9528 0.9528 0.9527 0.9525 0.9525
1855.000000 0.9521 0.9520 0.9518 0.9517 0.9515
1850.000000 0.9513 0.9511 0.9509 0.9507 0.9505
1845.000000 0.9502 0.9501 0.9499 0.9497 0.9495
1840.000000 0.9492 0.9492 0.9491 0.9491 0.9490
1835.000000 0.9490 0.9489 0.9489 0.9489 0.9488
1830.000000 0.9487 0.9487 0.9486 0.9486 0.9485
1825.000000 0.9484 0.9475 0.9467 0.9459 0.9450
1820.000000 0.9442 0.9436 0.9433 0.9431 0.9428
1815.000000 0.9425 0.9421 0.9418 0.9418 0.9418
1810.000000 0.9418 0.9420 0.9421 0.9421 0.9423
1805.000000 0.9425 0.9427 0.9428 0.9430 0.9432
1800.000000 0.9434 0.9436 0.9436 0.9434 0.9431
1795.000000 0.9425 0.9421 0.9418 0.9413 0.9408
1790.000000 0.9398 0.9383 0.9365 0.9348 0.9328
1785.000000 0.9306 0.9282 0.9260 0.9237 0.9213
1780.000000 0.9190 0.9163 0.9133 0.9102 0.9071
1775.000000 0.9033 0.8986 0.8931 0.8875 0.8818
1770.000000 0.8755 0.8683 0.8611 0.8538 0.8459
1765.000000 0.8377 0.8293 0.8209 0.8117 0.8004
1760.000000 0.7886 0.7772 0.7671 0.7572 0.7474
1755.000000 0.7091 0.6715 0.6626 0.6544 0.6439
1750.000000 0.6236 0.5900 0.5462 0.5025 0.4588
1745.000000 0.4149 0.3709 0.3271 0.2835 0.2429
1740.000000 0.2397 0.2396 0.2395 0.2395 0.2397
1735.000000 0.2401 0.2511 0.2771 0.3090 0.3409
1730.000000 0.3729 0.4049 0.4369 0.4690 0.5012
1725.000000 0.5330 0.5614 0.5748 0.5839 0.5930
1720.000000 0.6025 0.6117 0.6195 0.6255 0.6292
1715.000000 0.6324 0.6351 0.6380 0.6414 0.6457
1710.000000 0.6515 0.6588 0.6675 0.6826 0.6991
1705.000000 0.7105 0.7158 0.7212 0.7267 0.7328
1700.000000 0.7415 0.7515 0.7608 0.7691 0.7774
1695.000000 0.7854 0.7919 0.7986 0.8051 0.8108
1690.000000 0.8157 0.8204 0.8251 0.8298 0.8345
1685.000000 0.8390 0.8436 0.8478 0.8514 0.8541
1680.000000 0.8568 0.8596 0.8623 0.8651 0.8675
1675.000000 0.8698 0.8718 0.8740 0.8761 0.8782
1670.000000 0.8799 0.8811 0.8824 0.8838 0.8852
1665.000000 0.8867 0.8880 0.8892 0.8904 0.8917
1660.000000 0.8930 0.8937 0.8940 0.8940 0.8940
1655.000000 0.8936 0.8933 0.8931 0.8928 0.8928
1650.000000 0.8928 0.8928 0.8932 0.8936 0.8940
1645.000000 0.8944 0.8947 0.8952 0.8958 0.8965
1640.000000 0.8971 0.8978 0.8985 0.8991 0.8994
1635.000000 0.8997 0.8999 0.9002 0.9004 0.9004
1630.000000 0.9004 0.9004 0.9004 0.9004 0.9004
1625.000000 0.9006 0.9009 0.9012 0.9014 0.9017
1620.000000 0.9020 0.9024 0.9027 0.9030 0.9035
1615.000000 0.9038 0.9043 0.9048 0.9052 0.9058
1610.000000 0.9065 0.9071 0.9077 0.9078 0.9080
1605.000000 0.9080 0.9080 0.9070 0.9057 0.9045
1600.000000 0.9038 0.9032 0.9028 0.9028 0.9028
1595.000000 0.9030 0.9032 0.9033 0.9034 0.9037
1590.000000 0.9044 0.9056 0.9067 0.9078 0.9092
1585.000000 0.9106 0.9118 0.9133 0.9147 0.9160
1580.000000 0.9174 0.9188 0.9200 0.9212 0.9224
1575.000000 0.9236 0.9248 0.9260 0.9274 0.9291
1570.000000 0.9299 0.9298 0.9298 0.9298 0.9303
1565.000000 0.9312 0.9321 0.9333 0.9344 0.9355
1560.000000 0.9365 0.9373 0.9382 0.9391 0.9396
1555.000000 0.9398 0.9399 0.9401 0.9402 0.9403
1550.000000 0.9405 0.9406 0.9406 0.9404 0.9403
1545.000000 0.9395 0.9383 0.9371 0.9364 0.9356
1540.000000 0.9347 0.9340 0.9335 0.9330 0.9327
1535.000000 0.9334 0.9347 0.9359 0.9371 0.9382
1530.000000 0.9385 0.9390 0.9393 0.9393 0.9394
1525.000000 0.9393 0.9392 0.9388 0.9380 0.9371
1520.000000 0.9358 0.9341 0.9321 0.9304 0.9278
1515.000000 0.9249 0.9218 0.9180 0.9124 0.9068
1510.000000 0.9013 0.8949 0.8856 0.8751 0.8621
1505.000000 0.8483 0.8352 0.8246 0.8143 0.8011
1500.000000 0.7880 0.7749 0.7617 0.7485 0.7321
1495.000000 0.7332 0.7318 0.7318 0.7318 0.7341
1490.000000 0.7404 0.7475 0.7546 0.7618 0.7690
1485.000000 0.7749 0.7741 0.7736 0.7651 0.7547
1480.000000 0.7443 0.7339 0.7240 0.7185 0.7191
1475.000000 0.7190 0.7189 0.7222 0.7261 0.7301
1470.000000 0.7340 0.7378 0.7418 0.7458 0.7508
1465.000000 0.7488 0.7485 0.7483 0.7481 0.7141
1460.000000 0.6850 0.6558 0.6266 0.6035 0.6001
1455.000000 0.5981 0.5993 0.5993 0.6089 0.6320
1450.000000 0.6572 0.6825 0.7078 0.7332 0.7585
1445.000000 0.7712 0.7726 0.7735 0.7693 0.7578
1440.000000 0.7451 0.7358 0.7351 0.7355 0.7365
1435.000000 0.7451 0.7551 0.7651 0.7751 0.7851
1430.000000 0.7953 0.8053 0.8155 0.8196 0.8215
1425.000000 0.8223 0.8241 0.8236 0.8236 0.8236
1420.000000 0.8228 0.8204 0.8154 0.8005 0.7856
1415.000000 0.7822 0.7796 0.7771 0.7737 0.7695
1410.000000 0.7644 0.7564 0.7490 0.7424 0.7315
1405.000000 0.7231 0.7165 0.7108 0.7058 0.7008
1400.000000 0.6969 0.6933 0.6911 0.6900 0.6851
1395.000000 0.6895 0.6900 0.6910 0.6958 0.7033
1390.000000 0.7132 0.7221 0.7317 0.7439 0.7565
1385.000000 0.7611 0.7622 0.7625 0.7621 0.7595
1380.000000 0.7560 0.7538 0.7530 0.7532 0.7555
1375.000000 0.7661 0.7775 0.7878 0.7976 0.8068
1370.000000 0.8155 0.8278 0.8446 0.8471 0.8491
1365.000000 0.8510 0.8524 0.8537 0.8548 0.8565
1360.000000 0.8553 0.8515 0.8307 0.8039 0.7769
1355.000000 0.7501 0.7232 0.6708 0.6743 0.6761
1350.000000 0.6930 0.7153 0.7376 0.7600 0.7658
1345.000000 0.7626 0.7628 0.7556 0.7461 0.7367
1340.000000 0.7272 0.7178 0.7083 0.6890 0.6930
1335.000000 0.6914 0.6910 0.6991 0.7115 0.7239
1330.000000 0.7362 0.7488 0.7612 0.7738 0.7807
1325.000000 0.7875 0.7933 0.7987 0.8042 0.8107
1320.000000 0.8153 0.8168 0.8168 0.8161 0.8157
1315.000000 0.8155 0.8175 0.8212 0.8250 0.8282
1310.000000 0.8302 0.8335 0.8310 0.8309 0.8303
1305.000000 0.8265 0.8196 0.8071 0.7922 0.7735
1300.000000 0.7548 0.7399 0.7298 0.7222 0.7151
1295.000000 0.7101 0.7078 0.7065 0.7049 0.7011
1290.000000 0.6961 0.6905 0.6851 0.6815 0.6780
1285.000000 0.6758 0.6746 0.6746 0.6746 0.6747
1280.000000 0.6751 0.6755 0.6767 0.6783 0.6795
1275.000000 0.6804 0.6812 0.6814 0.6814 0.6810
1270.000000 0.6778 0.6748 0.6717 0.6553 0.6290
1265.000000 0.6176 0.6094 0.6012 0.5934 0.5857
1260.000000 0.5792 0.5730 0.5669 0.5610 0.5560
1255.000000 0.5510 0.5458 0.5362 0.5170 0.5227
1250.000000 0.5227 0.5265 0.5407 0.5531 0.5655
1245.000000 0.5780 0.5904 0.6029 0.6153 0.6270
1240.000000 0.6379 0.6487 0.6600 0.6712 0.6833
1235.000000 0.6985 0.7108 0.7211 0.7315 0.7407
1230.000000 0.7418 0.7419 0.7422 0.7417 0.7399
1225.000000 0.7371 0.7337 0.7321 0.7311 0.7287
1220.000000 0.7257 0.7201 0.7130 0.7035 0.6871
1215.000000 0.6735 0.6572 0.6364 0.6215 0.6162
1210.000000 0.6129 0.6102 0.6074 0.6043 0.6010
1205.000000 0.5945 0.5875 0.5792 0.5696 0.5564
1200.000000 0.5343 0.5106 0.4867 0.4629 0.4418
1195.000000 0.4379 0.4432 0.4540 0.4646 0.4753
1190.000000 0.4829 0.4833 0.4765 0.4395 0.3999
1185.000000 0.3602 0.3264 0.3129 0.3143 0.3150
1180.000000 0.3173 0.3214 0.3308 0.3510 0.3795
1175.000000 0.4029 0.4265 0.4500 0.4736 0.4973
1170.000000 0.5209 0.5447 0.5684 0.5918 0.5918
1165.000000 0.5917 0.5898 0.5875 0.5580 0.4486
1160.000000 0.4487 0.4487 0.4560 0.4904 0.5106
1155.000000 0.5274 0.5554 0.5770 0.5899 0.6123
1150.000000 0.6347 0.6571 0.6797 0.7021 0.7233
1145.000000 0.7354 0.7458 0.7561 0.7664 0.7738
1140.000000 0.7778 0.7801 0.7826 0.7868 0.7862
1135.000000 0.7860 0.7834 0.7792 0.7746 0.7694
1130.000000 0.7618 0.7532 0.7404 0.7264 0.7088
1125.000000 0.6857 0.6639 0.6422 0.6207 0.5990
1120.000000 0.5773 0.5566 0.5539 0.5529 0.5586
1115.000000 0.5670 0.5756 0.5846 0.5937 0.6037
1110.000000 0.6135 0.6228 0.6302 0.6371 0.6406
1105.000000 0.6449 0.6396 0.6344 0.6270 0.6212
1100.000000 0.6162 0.6092 0.6103 0.6117 0.6362
1095.000000 0.6522 0.6649 0.6747 0.6831 0.6903
1090.000000 0.6965 0.7019 0.7069 0.7115 0.7101
1085.000000 0.7065 0.6948 0.6828 0.6710 0.6592
1080.000000 0.6501 0.6517 0.6717 0.6838 0.6865
1075.000000 0.6869 0.6675 0.6436 0.6196 0.5955
1070.000000 0.5715 0.5474 0.5252 0.5254 0.5247
1065.000000 0.5339 0.5483 0.5709 0.5956 0.6203
1060.000000 0.6451 0.6700 0.6949 0.7165 0.7291
1055.000000 0.7412 0.7515 0.7640 0.7614 0.7618
1050.000000 0.7221 0.6497 0.5771 0.5045 0.4435
1045.000000 0.4422 0.4531 0.4825 0.5119 0.5414
1040.000000 0.5710 0.6005 0.6302 0.6599 0.6897
1035.000000 0.7195 0.7461 0.7611 0.7708 0.7717
1030.000000 0.7724 0.7693 0.7605 0.7499 0.7332
1025.000000 0.7357 0.7374 0.7511 0.7651 0.7791
1020.000000 0.7936 0.8040 0.8095 0.8118 0.8154
1015.000000 0.8139 0.7974 0.7671 0.7367 0.7064
1010.000000 0.6758 0.6232 0.6253 0.6325 0.6543
1005.000000 0.6761 0.6981 0.7201 0.7419 0.7641
1000.000000 0.7861 0.7978 0.7808 0.7575 0.7345
995.000000 0.7112 0.6785 0.6788 0.6828 0.6956
990.000000 0.7192 0.7455 0.7718 0.7981 0.8055
985.000000 0.8081 0.8097 0.8106 0.8111 0.8110
980.000000 0.8106 0.8133 0.8299 0.8342 0.8392
975.000000 0.8474 0.8581 0.8593 0.8598 0.8599
970.000000 0.8578 0.8524 0.8493 0.8471 0.8447
965.000000 0.8420 0.8392 0.8360 0.8320 0.8259
960.000000 0.8280 0.8303 0.8371 0.8468 0.8557
955.000000 0.8648 0.8727 0.8770 0.8802 0.8802
950.000000 0.8802 0.8783 0.8732 0.8671 0.8610
945.000000 0.8532 0.8445 0.8321 0.8068 0.7390
940.000000 0.6874 0.6365 0.5854 0.5343 0.4830
935.000000 0.4625 0.4565 0.4582 0.4835 0.5192
930.000000 0.5668 0.6144 0.6551 0.6851 0.7099
925.000000 0.7172 0.7190 0.7190 0.7125 0.7047
920.000000 0.7017 0.7040 0.7137 0.7285 0.7481
915.000000 0.7574 0.7615 0.7655 0.7695 0.7754
910.000000 0.7826 0.7932 0.8091 0.8196 0.8236
905.000000 0.8278 0.8325 0.8375 0.8434 0.8494
900.000000 0.8546 0.8591 0.8621 0.8637 0.8617
895.000000 0.8651 0.8652 0.8625 0.8506 0.8371
890.000000 0.8213 0.8103 0.8101 0.8101 0.8235
885.000000 0.8337 0.8418 0.8470 0.8491 0.8496
880.000000 0.8497 0.8497 0.8513 0.8549 0.8647
875.000000 0.8711 0.8725 0.8727 0.8746 0.8775
870.000000 0.8807 0.8842 0.8875 0.8895 0.8911
865.000000 0.8911 0.8909 0.8904 0.8895 0.8883
860.000000 0.8870 0.8857 0.8844 0.8835 0.8827
855.000000 0.8849 0.8875 0.8886 0.8892 0.8888
850.000000 0.8890 0.8896 0.8912 0.8932 0.8958
845.000000 0.8960 0.8962 0.8966 0.8977 0.8996
840.000000 0.9021 0.9048 0.9054 0.9061 0.9067
835.000000 0.9088 0.9125 0.9136 0.9128 0.9124
830.000000 0.9124 0.9123 0.9132 0.9134 0.9123
825.000000 0.9086 0.9046 0.8990 0.8902 0.8752
820.000000 0.8588 0.8386 0.8097 0.7835 0.7875
815.000000 0.8028 0.8193 0.8387 0.8518 0.8653
810.000000 0.8642 0.8618 0.8468 0.8338 0.8341
805.000000 0.8436 0.8539 0.8618 0.8691 0.8768
800.000000 0.8789 0.8809 0.8830 0.8849 0.8864
795.000000 0.8860 0.8854 0.8851 0.8850 0.8874
790.000000 0.8900 0.8937 0.8980 0.9018 0.9053
785.000000 0.9080 0.9105 0.9115 0.9115 0.9114
780.000000 0.9101 0.9070 0.9025 0.8960 0.8881
775.000000 0.8791 0.8691 0.8571 0.8440 0.8211
770.000000 0.7961 0.7661 0.7668 0.7699 0.7962
765.000000 0.8261 0.8497 0.8647 0.8777 0.8868
760.000000 0.8915 0.8936 0.8947 0.8947 0.8944
755.000000 0.8941 0.8924 0.8883 0.8841 0.8800
750.000000 0.8731 0.8649 0.8557 0.8450 0.8328
745.000000 0.8142 0.7921 0.7654 0.7014 0.6699
740.000000 0.6010 0.5322 0.5196 0.5228 0.5327
735.000000 0.5417 0.5410 0.5308 0.5145 0.5169
730.000000 0.5460 0.5965 0.6309 0.6584 0.6919
725.000000 0.7269 0.7597 0.7797 0.7960 0.8083
720.000000 0.8198 0.8290 0.8347 0.8394 0.8416
715.000000 0.8416 0.8416 0.8356 0.8304 0.8258
710.000000 0.8236 0.8214 0.8197 0.8183 0.8158
705.000000 0.8133 0.8047 0.7849 0.7644 0.7357
700.000000 0.6875 0.6358 0.5822 0.5807 0.5855
695.000000 0.6012 0.6298 0.6814 0.7167 0.7378
690.000000 0.7371 0.7375 0.7376 0.7378 0.7401
685.000000 0.7544 0.7701 0.7822 0.7933 0.8003
680.000000 0.8071 0.8132 0.8192 0.8259 0.8336
675.000000 0.8391 0.8436 0.8465 0.8494 0.8509
670.000000 0.8523 0.8533 0.8549 0.8584 0.8759
665.000000 0.8728 0.8700 0.8694 0.8693 0.8705
660.000000 0.8716 0.8728 0.8740 0.8753 0.8766
655.000000 0.8781 0.8798 0.8817
##END=
