##TITLE=1-Phenylcyclopentene
##JCAMP-DX=4.24
##DATA TYPE=INFRARED SPECTRUM
##ORIGIN=NIST Mass Spectrometry Data Center
##OWNER=NIST Standard Reference Data Program
Collection (C) 2018 copyright by the U.S. Secretary of Commerce
on behalf of the United States of America. All rights reserved.
##CAS REGISTRY NO=825-54-7
##MOLFORM=C 11 H 12
##$NIST SOURCE=MSDC-IR
##SPECTROMETER/DATA SYSTEM=HP-GC/MS/IRD
##STATE=gas
##XUNITS=1/CM
##YUNITS=ABSORBANCE
##XFACTOR=1.0
##YFACTOR=0.000001900
##DELTAX=4.0
##FIRSTX=550.0
##LASTX=3846.0
##FIRSTY=0.000823
##MAXX=3846
##MINX=550
##MAXY=0.019
##MINY=0
##NPOINTS=825
##XYDATA=(X++(Y..Y))
550.0 433 291 176 147 158 127 61 33 42 88
590.0 79 50 33 19 100 121 103 140 175 222
630.0 248 240 270 341 410 523 724 1047 1361 1650
670.0 2003 2386 2811 3234 3919 4563 4311 3828 3382 2777
710.0 2229 1888 1769 1859 2231 2851 3734 4751 5792 6805
750.0 7258 6641 5491 4321 3203 2213 1466 997 704 552
790.0 510 504 520 618 742 795 832 843 788 746
830.0 700 627 607 569 498 449 375 277 242 254
870.0 229 222 234 263 320 387 459 492 508 503
910.0 432 354 327 303 310 324 351 408 489 605
950.0 691 714 707 686 617 537 468 404 355 315
990.0 297 313 333 352 366 376 435 561 804 1102
1030.0 1342 1447 1402 1189 925 731 637 630 627 616
1070.0 590 537 474 387 309 268 261 231 170 156
1110.0 175 162 153 164 166 164 182 196 177 152
1150.0 153 161 171 177 161 185 227 252 277 290
1190.0 293 291 301 316 330 366 373 368 362 367
1230.0 405 416 408 414 412 403 388 361 363 385
1270.0 420 493 577 664 736 769 788 773 707 648
1310.0 630 659 724 776 818 881 868 807 714 561
1350.0 379 244 197 198 200 193 186 172 154 140
1390.0 143 151 154 154 173 205 236 281 353 446
1430.0 574 736 917 1054 1082 1027 921 757 606 544
1470.0 546 619 858 1358 2047 2517 2553 2277 1658 992
1510.0 622 452 349 266 218 197 171 166 179 199
1550.0 213 236 298 374 466 584 692 812 953 1131
1590.0 1343 1481 1476 1292 1029 792 625 557 573 629
1630.0 665 658 623 552 466 404 362 323 290 243
1670.0 198 180 165 145 153 165 172 186 198 209
1710.0 226 240 242 247 243 229 231 220 192 171
1750.0 148 136 133 121 138 173 205 261 334 386
1790.0 408 397 349 281 224 197 187 166 144 137
1830.0 147 167 192 237 279 296 311 321 326 349
1870.0 365 374 366 328 284 225 170 137 118 133
1910.0 155 163 196 247 301 352 386 421 453 456
1950.0 431 373 297 210 132 89 67 67 71 62
1990.0 58 43 41 45 43 38 31 36 41 35
2030.0 34 43 46 37 27 27 35 41 46 33
2070.0 26 30 20 23 35 36 46 42 35 44
2110.0 43 28 23 42 50 48 36 28 30 22
2150.0 29 41 42 47 53 52 53 51 46 51
2190.0 51 55 48 31 32 35 34 42 46 42
2230.0 47 64 67 68 80 64 50 60 66 70
2270.0 71 67 55 50 41 35 37 55 70 80
2310.0 101 114 115 119 112 107 109 101 104 95
2350.0 94 91 80 63 52 57 50 43 47 45
2390.0 45 47 44 53 64 52 47 54 49 38
2430.0 40 46 44 46 48 48 44 34 38 53
2470.0 62 59 56 55 52 57 47 30 25 31
2510.0 42 43 33 33 43 48 41 24 16 28
2550.0 33 25 35 54 60 70 85 101 99 91
2590.0 90 82 76 70 69 73 56 56 65 60
2630.0 59 51 57 54 36 24 23 29 30 17
2670.0 27 46 48 58 60 50 50 55 55 61
2710.0 73 88 104 105 99 102 140 158 146 153
2750.0 185 183 182 207 219 245 271 274 283 318
2790.0 354 394 425 463 527 626 756 887 1064 1289
2830.0 1568 1969 2574 3466 4736 6138 7100 7440 7236 6551
2870.0 5753 5138 4760 4564 4466 4536 4854 5333 5832 6285
2910.0 6637 6892 7088 7248 7414 7616 7830 8048 8337 8731
2950.0 9210 9651 10000 9848 8742 7212 5720 4299 3166 2408
2990.0 1922 1638 1488 1425 1444 1574 1810 2132 2545 3026
3030.0 3528 3919 4147 4264 4335 4497 4824 5371 5965 6198
3070.0 6066 5662 4877 4064 3549 3151 2735 2301 1858 1459
3110.0 1145 861 623 481 378 314 297 278 246 222
3150.0 211 198 169 152 158 147 123 100 98 96
3190.0 72 62 73 65 61 69 52 46 54 59
3230.0 48 34 58 75 55 44 42 43 27 20
3270.0 28 30 40 32 11 19 52 45 18 17
3310.0 16 29 46 23 0 27 45 37 43 38
3350.0 25 16 28 31 19 10 25 36 30 18
3390.0 18 36 49 51 30 15 11 25 60 56
3430.0 47 68 72 58 59 64 54 51 48 41
3470.0 37 43 47 31 37 51 37 42 42 42
3510.0 48 38 29 25 17 33 43 34 32 19
3550.0 29 68 72 63 71 78 92 83 64 55
3590.0 59 47 47 81 80 53 64 83 68 67
3630.0 63 88 125 104 87 93 109 111 91 87
3670.0 95 94 98 68 56 94 127 144 111 105
3710.0 138 131 96 128 172 161 122 111 122 135
3750.0 147 132 108 98 97 83 97 109 114 130
3790.0 124 115 118 108 133 138 114 128 137 135
3830.0 123 117 115 120 134
##END=
