##TITLE=4-METHYL-PHENANTHRENE
##JCAMP-DX=4.24
##DATA TYPE=INFRARED SPECTRUM
##CLASS=COBLENTZ
##ORIGIN=CENTRE D'ETUDES NUCLEAIRES DE GRENOBLE
##OWNER=COBLENTZ SOCIETY
Collection (C) 2018 copyright by the U.S. Secretary of Commerce
on behalf of the United States of America. All rights reserved.
##DATE=Not specified, most likely prior to 1970
##NAMES=4-methylphenanthrene
##CAS REGISTRY NO=832-64-4
##MOLFORM=C15 H12
##SOURCE REFERENCE=COBLENTZ NO. 4208
##$NIST SOURCE=COBLENTZ
##$NIST IMAGE=cob4208
##SPECTROMETER/DATA SYSTEM=Not specified, most likely a prism, grating, or hybrid spectrometer.
##STATE=SOLUTION (100 g/L IN HEPTANE)
##PATH LENGTH=0.01 CM
$$PURITY 99%
##SAMPLING PROCEDURE=TRANSMISSION
##RESOLUTION=4
$$SPECTRAL CONTAMINATION DUE TO SOLVENT AROUND 2820 AND 1425 CM^-^1
##DATA PROCESSING=DIGITIZED BY NIST FROM HARD COPY
##XUNITS=MICROMETERS
##YUNITS=TRANSMITTANCE
##XFACTOR=1.000000
##YFACTOR=1
##DELTAX=000.006677
##FIRSTX=1.978
##LASTX=15.9128
##FIRSTY=0.915
##MAXX=15.9128
##MINX=1.978
##MAXY=0.996
##MINY=0.075
##NPOINTS=2088
##XYDATA=(X++(Y..Y))
1.978000 0.9150 0.9170 0.9170 0.9170 0.9190
2.011401 0.9190 0.9190 0.9190 0.9190 0.9200
2.045000 0.9200 0.9220 0.9220 0.9240 0.9240
2.078401 0.9250 0.9250 0.9270 0.9270 0.9290
2.112000 0.9290 0.9270 0.9270 0.9270 0.9250
2.145401 0.9250 0.9250 0.9240 0.9240 0.9240
2.179000 0.9240 0.9250 0.9270 0.9290 0.9290
2.212401 0.9300 0.9300 0.9300 0.9320 0.9330
2.246000 0.9330 0.9330 0.9330 0.9330 0.9330
2.279401 0.9330 0.9330 0.9330 0.9330 0.9330
2.312000 0.9330 0.9320 0.9320 0.9320 0.9300
2.345401 0.9300 0.9300 0.9300 0.9320 0.9320
2.379000 0.9330 0.9350 0.9350 0.9350 0.9350
2.412401 0.9350 0.9350 0.9350 0.9350 0.9350
2.446000 0.9330 0.9330 0.9330 0.9330 0.9330
2.479401 0.9330 0.9330 0.9330 0.9330 0.9330
2.513000 0.9330 0.9350 0.9350 0.9350 0.9350
2.546401 0.9370 0.9370 0.9370 0.9370 0.9380
2.579000 0.9380 0.9400 0.9400 0.9400 0.9420
2.612401 0.9420 0.9420 0.9420 0.9420 0.9400
2.646000 0.9400 0.9380 0.9370 0.9370 0.9370
2.679401 0.9370 0.9370 0.9380 0.9380 0.9400
2.713000 0.9400 0.9420 0.9420 0.9420 0.9420
2.746401 0.9430 0.9430 0.9450 0.9450 0.9450
2.780000 0.9450 0.9470 0.9470 0.9470 0.9470
2.813401 0.9480 0.9480 0.9480 0.9480 0.9500
2.846000 0.9500 0.9520 0.9520 0.9530 0.9530
2.879401 0.9530 0.9550 0.9550 0.9550 0.9550
2.913000 0.9550 0.9570 0.9570 0.9570 0.9570
2.946401 0.9570 0.9570 0.9570 0.9570 0.9570
2.980000 0.9570 0.9570 0.9570 0.9550 0.9550
3.013401 0.9550 0.9550 0.9570 0.9580 0.9580
3.047000 0.9600 0.9600 0.9600 0.9600 0.9600
3.080401 0.9580 0.9580 0.9580 0.9580 0.9580
3.114000 0.9580 0.9600 0.9600 0.9600 0.9600
3.147401 0.9600 0.9620 0.9620 0.9600 0.9600
3.180000 0.9580 0.9570 0.9550 0.9550 0.9530
3.213401 0.9520 0.9520 0.9500 0.9480 0.9470
3.247000 0.9430 0.9430 0.9330 0.9250 0.9200
3.280401 0.9140 0.9090 0.8990 0.8510 0.7930
3.314000 0.7220 0.6930 0.6460 0.6230 0.6230
3.347401 0.6480 0.6730 0.6980 0.7220 0.7390
3.381000 0.7620 0.7800 0.7930 0.8030 0.8060
3.414401 0.8100 0.8130 0.8150 0.8150 0.8150
3.447000 0.8130 0.8110 0.8100 0.8100 0.8080
3.480401 0.8080 0.8060 0.8050 0.8050 0.8030
3.514000 0.8010 0.8010 0.8000 0.8000 0.7980
3.547401 0.7980 0.7970 0.7970 0.7970 0.7970
3.581000 0.7980 0.8010 0.8060 0.8100 0.8230
3.614401 0.8540 0.8740 0.8960 0.9090 0.9290
3.648000 0.9420 0.9430 0.9470 0.9530 0.9600
3.681401 0.9650 0.9650 0.9660 0.9680 0.9680
3.714000 0.9680 0.9660 0.9650 0.9650 0.9650
3.747401 0.9660 0.9680 0.9710 0.9750 0.9780
3.781000 0.9800 0.9810 0.9830 0.9830 0.9810
3.814401 0.9800 0.9780 0.9780 0.9760 0.9760
3.848000 0.9760 0.9760 0.9760 0.9760 0.9760
3.881401 0.9760 0.9760 0.9760 0.9760 0.9760
3.915000 0.9760 0.9760 0.9760 0.9760 0.9760
3.948401 0.9760 0.9760 0.9760 0.9760 0.9780
3.982000 0.9780 0.9780 0.9780 0.9780 0.9780
4.015401 0.9800 0.9800 0.9800 0.9800 0.9800
4.048000 0.9800 0.9800 0.9800 0.9800 0.9800
4.081401 0.9800 0.9800 0.9800 0.9800 0.9800
4.115000 0.9800 0.9800 0.9800 0.9800 0.9810
4.148401 0.9810 0.9810 0.9810 0.9810 0.9810
4.182000 0.9810 0.9810 0.9830 0.9830 0.9850
4.215401 0.9850 0.9850 0.9850 0.9860 0.9860
4.249000 0.9860 0.9880 0.9880 0.9880 0.9880
4.282401 0.9880 0.9880 0.9860 0.9860 0.9850
4.315000 0.9850 0.9830 0.9810 0.9800 0.9780
4.348401 0.9780 0.9780 0.9760 0.9760 0.9760
4.382000 0.9760 0.9780 0.9780 0.9800 0.9800
4.415401 0.9810 0.9810 0.9830 0.9830 0.9830
4.449000 0.9830 0.9830 0.9830 0.9830 0.9830
4.482401 0.9830 0.9830 0.9830 0.9850 0.9860
4.516000 0.9860 0.9860 0.9860 0.9860 0.9880
4.549401 0.9880 0.9880 0.9900 0.9900 0.9900
4.582000 0.9910 0.9910 0.9910 0.9910 0.9910
4.615401 0.9910 0.9910 0.9910 0.9910 0.9910
4.649000 0.9910 0.9910 0.9910 0.9910 0.9910
4.682401 0.9910 0.9910 0.9910 0.9900 0.9900
4.716000 0.9900 0.9900 0.9900 0.9900 0.9900
4.749401 0.9900 0.9900 0.9900 0.9900 0.9910
4.783000 0.9910 0.9930 0.9930 0.9950 0.9950
4.816401 0.9950 0.9950 0.9960 0.9960 0.9960
4.850000 0.9960 0.9960 0.9960 0.9960 0.9950
4.883401 0.9950 0.9930 0.9930 0.9930 0.9930
4.916000 0.9930 0.9930 0.9930 0.9930 0.9930
4.949401 0.9930 0.9930 0.9910 0.9910 0.9910
4.983000 0.9910 0.9910 0.9910 0.9910 0.9910
5.016401 0.9910 0.9910 0.9900 0.9900 0.9900
5.050000 0.9900 0.9900 0.9900 0.9900 0.9900
5.083401 0.9910 0.9910 0.9910 0.9930 0.9930
5.117000 0.9930 0.9930 0.9930 0.9930 0.9930
5.150401 0.9930 0.9910 0.9900 0.9850 0.9810
5.183000 0.9760 0.9710 0.9630 0.9520 0.9470
5.216401 0.9430 0.9400 0.9380 0.9370 0.9350
5.250000 0.9300 0.9250 0.9190 0.9120 0.9100
5.283401 0.9020 0.9020 0.9120 0.9240 0.9320
5.317000 0.9470 0.9550 0.9620 0.9650 0.9660
5.350401 0.9680 0.9700 0.9710 0.9760 0.9830
5.384000 0.9830 0.9850 0.9860 0.9860 0.9860
5.417401 0.9830 0.9810 0.9760 0.9710 0.9680
5.450000 0.9650 0.9650 0.9630 0.9630 0.9620
5.483401 0.9620 0.9630 0.9630 0.9630 0.9650
5.517000 0.9650 0.9660 0.9680 0.9700 0.9700
5.550401 0.9700 0.9700 0.9700 0.9700 0.9680
5.584000 0.9680 0.9680 0.9650 0.9630 0.9620
5.617401 0.9620 0.9600 0.9600 0.9580 0.9550
5.651000 0.9500 0.9470 0.9430 0.9400 0.9350
5.684401 0.9320 0.9320 0.9300 0.9300 0.9320
5.718000 0.9330 0.9400 0.9450 0.9500 0.9550
5.751401 0.9600 0.9650 0.9700 0.9750 0.9760
5.784000 0.9760 0.9760 0.9750 0.9710 0.9700
5.817401 0.9620 0.9600 0.9570 0.9530 0.9520
5.851000 0.9530 0.9630 0.9660 0.9700 0.9700
5.884401 0.9650 0.9530 0.9500 0.9420 0.9400
5.918000 0.9420 0.9430 0.9450 0.9450 0.9470
5.951401 0.9470 0.9470 0.9480 0.9480 0.9520
5.985000 0.9550 0.9570 0.9580 0.9580 0.9580
6.018401 0.9580 0.9580 0.9580 0.9580 0.9570
6.051000 0.9530 0.9500 0.9500 0.9480 0.9450
6.084401 0.9430 0.9430 0.9430 0.9450 0.9470
6.118000 0.9480 0.9500 0.9520 0.9530 0.9530
6.151401 0.9550 0.9550 0.9550 0.9550 0.9530
6.185000 0.9520 0.9520 0.9500 0.9500 0.9520
6.218401 0.9530 0.9550 0.9570 0.9570 0.9550
6.252000 0.9530 0.9500 0.9470 0.9380 0.9300
6.285401 0.9250 0.9170 0.9150 0.9020 0.8860
6.318000 0.8660 0.8660 0.8870 0.9040 0.9220
6.351401 0.9330 0.9420 0.9470 0.9570 0.9580
6.385000 0.9580 0.9570 0.9570 0.9500 0.9400
6.418401 0.9350 0.9350 0.9370 0.9430 0.9480
6.452000 0.9520 0.9550 0.9580 0.9600 0.9620
6.485401 0.9620 0.9620 0.9620 0.9630 0.9630
6.519000 0.9630 0.9630 0.9630 0.9630 0.9620
6.552401 0.9600 0.9600 0.9570 0.9550 0.9530
6.586000 0.9500 0.9420 0.9400 0.9380 0.9370
6.619401 0.9350 0.9350 0.9330 0.9330 0.9330
6.652000 0.9330 0.9330 0.9330 0.9330 0.9330
6.685401 0.9330 0.9330 0.9320 0.9250 0.9140
6.719000 0.8920 0.8870 0.8740 0.8690 0.8670
6.752401 0.8690 0.8740 0.8810 0.8890 0.8970
6.786000 0.9040 0.9070 0.9120 0.9150 0.9190
6.819401 0.9200 0.9240 0.9290 0.9300 0.9320
6.853000 0.9320 0.9320 0.9300 0.9290 0.9270
6.886401 0.9250 0.9240 0.9220 0.9200 0.9190
6.919000 0.9150 0.9120 0.9090 0.9090 0.9040
6.952401 0.9000 0.8970 0.8910 0.8820 0.8770
6.986000 0.8760 0.8740 0.8660 0.8540 0.8000
7.019401 0.7830 0.7750 0.7750 0.7820 0.7930
7.053000 0.8100 0.8250 0.8410 0.8530 0.8690
7.086401 0.8870 0.8960 0.9000 0.9000 0.9040
7.120000 0.9100 0.9150 0.9240 0.9350 0.9450
7.153401 0.9480 0.9530 0.9550 0.9580 0.9580
7.186000 0.9620 0.9630 0.9630 0.9650 0.9650
7.219401 0.9650 0.9650 0.9660 0.9660 0.9660
7.253000 0.9660 0.9660 0.9650 0.9650 0.9650
7.286401 0.9650 0.9630 0.9620 0.9570 0.9520
7.320000 0.9450 0.9420 0.9370 0.9330 0.9320
7.353401 0.9290 0.9270 0.9290 0.9290 0.9300
7.387000 0.9320 0.9350 0.9370 0.9400 0.9430
7.420401 0.9520 0.9570 0.9580 0.9620 0.9650
7.454000 0.9660 0.9680 0.9710 0.9750 0.9760
7.487401 0.9780 0.9810 0.9830 0.9830 0.9830
7.520000 0.9850 0.9850 0.9850 0.9830 0.9830
7.553401 0.9830 0.9830 0.9830 0.9830 0.9830
7.587000 0.9830 0.9850 0.9850 0.9850 0.9850
7.620401 0.9830 0.9780 0.9700 0.9600 0.9550
7.654000 0.9450 0.9380 0.9330 0.9290 0.9290
7.687401 0.9300 0.9350 0.9400 0.9430 0.9450
7.721000 0.9470 0.9480 0.9480 0.9500 0.9470
7.754401 0.9140 0.8910 0.8580 0.8560 0.8580
7.787000 0.8670 0.8870 0.9070 0.9270 0.9430
7.820401 0.9530 0.9620 0.9660 0.9710 0.9730
7.854000 0.9760 0.9780 0.9780 0.9780 0.9780
7.887401 0.9760 0.9730 0.9700 0.9660 0.9630
7.921000 0.9620 0.9600 0.9580 0.9580 0.9600
7.954401 0.9600 0.9630 0.9650 0.9660 0.9680
7.988000 0.9680 0.9700 0.9730 0.9750 0.9780
8.021401 0.9810 0.9810 0.9830 0.9830 0.9830
8.054000 0.9850 0.9850 0.9810 0.9800 0.9780
8.087401 0.9760 0.9710 0.9660 0.9650 0.9630
8.121000 0.9500 0.9400 0.9300 0.9240 0.9170
8.154401 0.9150 0.9170 0.9200 0.9270 0.9320
8.188000 0.9370 0.9380 0.9420 0.9430 0.9430
8.221401 0.9450 0.9470 0.9470 0.9470 0.9450
8.255000 0.9350 0.9240 0.9150 0.9040 0.8890
8.288401 0.8870 0.8890 0.9000 0.9050 0.9200
8.322000 0.9300 0.9350 0.9380 0.9420 0.9420
8.355401 0.9450 0.9480 0.9550 0.9570 0.9580
8.388000 0.9620 0.9660 0.9680 0.9680 0.9700
8.421401 0.9710 0.9710 0.9730 0.9730 0.9750
8.455000 0.9760 0.9760 0.9780 0.9780 0.9780
8.488401 0.9780 0.9780 0.9780 0.9780 0.9760
8.522000 0.9730 0.9710 0.9700 0.9660 0.9660
8.555401 0.9630 0.9600 0.9580 0.9530 0.9470
8.589000 0.9420 0.9320 0.9240 0.9040 0.8710
8.622401 0.8530 0.8360 0.8340 0.8360 0.8640
8.655000 0.8910 0.9000 0.9200 0.9300 0.9350
8.688401 0.9430 0.9450 0.9470 0.9500 0.9520
8.722000 0.9580 0.9580 0.9600 0.9600 0.9580
8.755401 0.9570 0.9550 0.9500 0.9480 0.9470
8.789000 0.9470 0.9470 0.9480 0.9500 0.9530
8.822401 0.9570 0.9570 0.9550 0.9480 0.9400
8.856000 0.9270 0.9120 0.8990 0.8810 0.8670
8.889401 0.8660 0.8670 0.8870 0.9020 0.9240
8.922000 0.9290 0.9350 0.9400 0.9400 0.9430
8.955401 0.9430 0.9450 0.9470 0.9480 0.9500
8.989000 0.9520 0.9550 0.9570 0.9570 0.9580
9.022401 0.9580 0.9580 0.9570 0.9570 0.9530
9.056000 0.9480 0.9370 0.9200 0.9040 0.8940
9.089401 0.8810 0.8630 0.8610 0.8630 0.8970
9.123000 0.9120 0.9240 0.9320 0.9400 0.9470
9.156401 0.9500 0.9550 0.9570 0.9580 0.9620
9.190000 0.9620 0.9630 0.9650 0.9680 0.9700
9.223401 0.9730 0.9750 0.9760 0.9760 0.9780
9.256000 0.9780 0.9780 0.9800 0.9800 0.9800
9.289401 0.9800 0.9810 0.9810 0.9810 0.9810
9.323000 0.9830 0.9850 0.9850 0.9850 0.9850
9.356401 0.9860 0.9860 0.9860 0.9860 0.9880
9.390000 0.9880 0.9860 0.9850 0.9850 0.9830
9.423401 0.9830 0.9830 0.9830 0.9830 0.9850
9.457000 0.9850 0.9860 0.9860 0.9860 0.9830
9.490401 0.9830 0.9800 0.9730 0.9700 0.9570
9.523000 0.9480 0.9400 0.9330 0.9240 0.9140
9.556401 0.9090 0.8960 0.8940 0.8960 0.9020
9.590000 0.9070 0.9170 0.9250 0.9350 0.9430
9.623401 0.9500 0.9500 0.9550 0.9570 0.9570
9.657000 0.9570 0.9570 0.9570 0.9530 0.9530
9.690401 0.9520 0.9470 0.9430 0.9400 0.9330
9.724000 0.9250 0.9240 0.9240 0.9270 0.9320
9.757401 0.9370 0.9420 0.9450 0.9500 0.9530
9.790000 0.9570 0.9580 0.9620 0.9630 0.9630
9.823401 0.9630 0.9650 0.9660 0.9680 0.9700
9.857000 0.9710 0.9730 0.9750 0.9750 0.9750
9.890401 0.9760 0.9780 0.9780 0.9800 0.9800
9.924000 0.9800 0.9800 0.9810 0.9810 0.9830
9.957401 0.9850 0.9860 0.9860 0.9860 0.9860
9.991000 0.9860 0.9860 0.9850 0.9830 0.9780
10.024401 0.9750 0.9730 0.9700 0.9650 0.9580
10.058000 0.9500 0.9370 0.9190 0.9090 0.9000
10.091401 0.8970 0.8990 0.9090 0.9120 0.9240
10.124000 0.9400 0.9530 0.9580 0.9630 0.9650
10.157401 0.9660 0.9710 0.9730 0.9730 0.9750
10.191000 0.9750 0.9760 0.9780 0.9800 0.9810
10.224401 0.9830 0.9830 0.9830 0.9830 0.9850
10.258000 0.9850 0.9850 0.9850 0.9850 0.9850
10.291401 0.9850 0.9850 0.9850 0.9850 0.9830
10.325000 0.9830 0.9830 0.9810 0.9810 0.9810
10.358401 0.9800 0.9760 0.9760 0.9750 0.9710
10.391000 0.9680 0.9630 0.9580 0.9550 0.9520
10.424401 0.9480 0.9430 0.9400 0.9370 0.9270
10.458000 0.9240 0.9190 0.9140 0.9090 0.9000
10.491401 0.8990 0.9020 0.9120 0.9150 0.9220
10.525000 0.9320 0.9380 0.9400 0.9520 0.9570
10.558401 0.9570 0.9600 0.9600 0.9580 0.9580
10.592000 0.9550 0.9500 0.9400 0.9290 0.9220
10.625401 0.9170 0.9100 0.9040 0.8990 0.9000
10.658000 0.9070 0.9170 0.9300 0.9400 0.9480
10.691401 0.9530 0.9580 0.9620 0.9650 0.9680
10.725000 0.9710 0.9750 0.9780 0.9780 0.9800
10.758401 0.9830 0.9860 0.9860 0.9880 0.9880
10.792000 0.9880 0.9880 0.9880 0.9880 0.9880
10.825401 0.9880 0.9880 0.9880 0.9880 0.9880
10.859000 0.9900 0.9900 0.9910 0.9910 0.9910
10.892401 0.9930 0.9930 0.9950 0.9960 0.9960
10.926000 0.9960 0.9960 0.9960 0.9960 0.9950
10.959401 0.9930 0.9910 0.9900 0.9880 0.9880
10.992000 0.9880 0.9880 0.9900 0.9900 0.9910
11.025401 0.9910 0.9910 0.9910 0.9910 0.9910
11.059000 0.9910 0.9910 0.9910 0.9930 0.9930
11.092401 0.9930 0.9930 0.9930 0.9950 0.9950
11.126000 0.9950 0.9950 0.9930 0.9910 0.9910
11.159401 0.9900 0.9880 0.9880 0.9860 0.9850
11.193000 0.9810 0.9780 0.9710 0.9630 0.9500
11.226401 0.9270 0.9170 0.9070 0.9020 0.8970
11.259000 0.8960 0.8970 0.9070 0.9150 0.9240
11.292401 0.9320 0.9420 0.9480 0.9570 0.9620
11.326000 0.9660 0.9700 0.9730 0.9750 0.9780
11.359401 0.9800 0.9830 0.9860 0.9880 0.9880
11.393000 0.9880 0.9860 0.9860 0.9850 0.9850
11.426401 0.9830 0.9830 0.9830 0.9830 0.9810
11.460000 0.9810 0.9810 0.9810 0.9810 0.9780
11.493401 0.9760 0.9760 0.9750 0.9750 0.9730
11.526000 0.9730 0.9710 0.9700 0.9680 0.9650
11.559401 0.9580 0.9530 0.9430 0.9330 0.9200
11.593000 0.9070 0.8890 0.8390 0.7950 0.7550
11.626401 0.7290 0.6980 0.6960 0.6990 0.7190
11.660000 0.7400 0.7620 0.7780 0.8160 0.8460
11.693401 0.8710 0.8810 0.8940 0.9100 0.9240
11.727000 0.9350 0.9380 0.9430 0.9500 0.9520
11.760401 0.9550 0.9570 0.9570 0.9570 0.9580
11.794000 0.9580 0.9620 0.9620 0.9630 0.9630
11.827401 0.9630 0.9630 0.9620 0.9600 0.9600
11.860000 0.9600 0.9580 0.9570 0.9530 0.9500
11.893401 0.9450 0.9380 0.9320 0.9250 0.9190
11.927000 0.9140 0.9000 0.8990 0.9020 0.9100
11.960401 0.9150 0.9190 0.9200 0.9240 0.9240
11.994000 0.9240 0.9220 0.9220 0.9190 0.9140
12.027401 0.9090 0.9050 0.9040 0.9000 0.8990
12.061000 0.8940 0.8840 0.8720 0.8530 0.8440
12.094401 0.8360 0.8280 0.8210 0.8050 0.7700
12.127000 0.7070 0.6660 0.6000 0.5440 0.4810
12.160401 0.3910 0.2930 0.2220 0.1680 0.1150
12.194000 0.0790 0.0750 0.0770 0.0990 0.1270
12.227401 0.1600 0.2040 0.2570 0.3130 0.3710
12.261000 0.4220 0.4700 0.5130 0.5660 0.5970
12.294401 0.6400 0.6650 0.6930 0.7140 0.7440
12.328000 0.7700 0.7730 0.7870 0.7930 0.8010
12.361401 0.8030 0.8010 0.8000 0.7970 0.7950
12.394000 0.7970 0.8000 0.8130 0.8280 0.8390
12.427401 0.8610 0.8670 0.8760 0.8910 0.8940
12.461000 0.8990 0.9050 0.9090 0.9100 0.9150
12.494401 0.9170 0.9170 0.9150 0.9150 0.9140
12.528000 0.9120 0.9100 0.9090 0.9070 0.9050
12.561401 0.9020 0.9000 0.8990 0.8920 0.8740
12.595000 0.8610 0.8360 0.8030 0.7680 0.7140
12.628401 0.6910 0.6760 0.6500 0.6480 0.6500
12.662000 0.6760 0.6880 0.7160 0.7420 0.7650
12.695401 0.7870 0.8050 0.8230 0.8360 0.8660
12.728000 0.8810 0.8910 0.8940 0.9000 0.9090
12.761401 0.9140 0.9170 0.9200 0.9250 0.9300
12.795000 0.9330 0.9370 0.9420 0.9430 0.9430
12.828401 0.9470 0.9500 0.9530 0.9570 0.9570
12.862000 0.9570 0.9570 0.9570 0.9570 0.9570
12.895401 0.9570 0.9570 0.9580 0.9580 0.9580
12.929000 0.9580 0.9580 0.9580 0.9580 0.9580
12.962401 0.9580 0.9580 0.9580 0.9570 0.9550
12.995000 0.9530 0.9530 0.9520 0.9500 0.9480
13.028401 0.9430 0.9300 0.9270 0.9250 0.9250
13.062000 0.9270 0.9270 0.9290 0.9300 0.9300
13.095401 0.9300 0.9320 0.9320 0.9330 0.9330
13.129000 0.9330 0.9350 0.9370 0.9380 0.9400
13.162401 0.9400 0.9420 0.9420 0.9430 0.9450
13.196000 0.9450 0.9450 0.9450 0.9450 0.9450
13.229401 0.9430 0.9430 0.9420 0.9420 0.9420
13.262000 0.9420 0.9400 0.9380 0.9380 0.9370
13.295401 0.9350 0.9350 0.9330 0.9330 0.9320
13.329000 0.9300 0.9250 0.9250 0.9220 0.9190
13.362401 0.9140 0.9100 0.9070 0.9020 0.9000
13.396000 0.8990 0.8960 0.8910 0.8820 0.8660
13.429401 0.8610 0.8560 0.8460 0.8280 0.8200
13.463000 0.7980 0.7870 0.7720 0.7590 0.7420
13.496401 0.7260 0.7020 0.6760 0.6430 0.6030
13.530000 0.5540 0.4950 0.4220 0.3590 0.2930
13.563401 0.2400 0.1980 0.1680 0.1430 0.1250
13.596000 0.1180 0.1030 0.1000 0.1030 0.1170
13.629401 0.1330 0.1510 0.1710 0.1940 0.2170
13.663000 0.2420 0.2680 0.2970 0.3250 0.3530
13.696401 0.3810 0.4100 0.4380 0.4680 0.4950
13.730000 0.5230 0.5490 0.5720 0.5970 0.6180
13.763401 0.6360 0.6550 0.6690 0.6830 0.6930
13.797000 0.6990 0.7010 0.7060 0.7120 0.7170
13.830401 0.7240 0.7260 0.7290 0.7350 0.7390
13.863000 0.7420 0.7420 0.7450 0.7470 0.7490
13.896401 0.7500 0.7520 0.7520 0.7540 0.7540
13.930000 0.7540 0.7520 0.7520 0.7520 0.7520
13.963401 0.7540 0.7540 0.7570 0.7570 0.7590
13.997000 0.7590 0.7590 0.7600 0.7600 0.7570
14.030401 0.7570 0.7550 0.7540 0.7500 0.7450
14.064000 0.7350 0.7210 0.6990 0.6690 0.6510
14.097401 0.6330 0.6080 0.5670 0.5180 0.5030
14.130000 0.4930 0.4850 0.4830 0.4850 0.4900
14.163401 0.5080 0.5410 0.5750 0.6080 0.6400
14.197000 0.6680 0.6960 0.7220 0.7470 0.7700
14.230401 0.7930 0.8130 0.8310 0.8460 0.8540
14.264000 0.8610 0.8690 0.8790 0.8870 0.8960
14.297401 0.9040 0.9120 0.9170 0.9200 0.9250
14.331000 0.9300 0.9370 0.9400 0.9450 0.9450
14.364401 0.9470 0.9500 0.9520 0.9550 0.9580
14.398000 0.9580 0.9600 0.9620 0.9620 0.9630
14.431401 0.9650 0.9660 0.9660 0.9680 0.9680
14.464000 0.9700 0.9700 0.9710 0.9710 0.9730
14.497401 0.9730 0.9730 0.9760 0.9760 0.9780
14.531000 0.9780 0.9800 0.9800 0.9810 0.9810
14.564401 0.9830 0.9830 0.9830 0.9830 0.9850
14.598000 0.9850 0.9850 0.9850 0.9850 0.9850
14.631401 0.9830 0.9830 0.9830 0.9830 0.9850
14.665000 0.9850 0.9850 0.9860 0.9860 0.9860
14.698401 0.9860 0.9860 0.9860 0.9860 0.9860
14.731000 0.9860 0.9860 0.9850 0.9830 0.9830
14.764401 0.9830 0.9830 0.9830 0.9850 0.9860
14.798000 0.9860 0.9860 0.9860 0.9860 0.9860
14.831401 0.9860 0.9860 0.9860 0.9860 0.9860
14.865000 0.9860 0.9850 0.9850 0.9830 0.9830
14.898401 0.9810 0.9800 0.9800 0.9760 0.9700
14.932000 0.9700 0.9660 0.9650 0.9650 0.9630
14.965401 0.9620 0.9620 0.9600 0.9600 0.9580
14.998000 0.9580 0.9580 0.9580 0.9570 0.9550
15.031401 0.9500 0.9430 0.9320 0.9240 0.9220
15.065000 0.9100 0.9050 0.9040 0.9020 0.9020
15.098401 0.9020 0.9040 0.9050 0.9090 0.9150
15.132000 0.9170 0.9290 0.9380 0.9420 0.9470
15.165401 0.9500 0.9530 0.9570 0.9600 0.9600
15.199000 0.9620 0.9630 0.9630 0.9650 0.9660
15.232401 0.9660 0.9680 0.9680 0.9680 0.9700
15.266000 0.9700 0.9700 0.9700 0.9700 0.9700
15.299401 0.9700 0.9700 0.9680 0.9660 0.9660
15.332000 0.9650 0.9650 0.9650 0.9660 0.9660
15.365401 0.9660 0.9660 0.9680 0.9680 0.9680
15.399000 0.9680 0.9660 0.9630 0.9630 0.9620
15.432401 0.9620 0.9620 0.9630 0.9660 0.9700
15.466000 0.9700 0.9730 0.9730 0.9700 0.9700
15.499401 0.9700 0.9700 0.9700 0.9710 0.9710
15.533000 0.9750 0.9780 0.9780 0.9760 0.9730
15.566401 0.9730 0.9710 0.9710 0.9730 0.9730
15.599000 0.9760 0.9760 0.9760 0.9750 0.9710
15.632401 0.9710 0.9700 0.9700 0.9710 0.9710
15.666000 0.9750 0.9750 0.9760 0.9760 0.9760
15.699401 0.9760 0.9760 0.9760 0.9760 0.9760
15.733000 0.9760 0.9760 0.9760 0.9760 0.9750
15.766401 0.9750 0.9750 0.9730 0.9730 0.9730
15.800000 0.9730 0.9730 0.9710 0.9710 0.9710
15.833401 0.9700 0.9700 0.9700 0.9700 0.9700
15.866000 0.9680 0.9680 0.9680 0.9680 0.9680
15.899401 0.9660 0.9660 0.9660
##END=
