##TITLE=Methylendipiperidine
##JCAMP-DX=4.24
##DATA TYPE=INFRARED SPECTRUM
##ORIGIN=EPA-IR VAPOR PHASE LIBRARY
##OWNER=SRD/NIST
Collection (C) 2018 copyright by the U.S. Secretary of Commerce
on behalf of the United States of America. All rights reserved.
##CAS REGISTRY NO=880-09-1
##MOLFORM=C 11 H 22 N 2
##$NIST SOURCE=MSDC-IR
##STATE=gas
##XUNITS=1/CM
##YUNITS=ABSORBANCE
##XFACTOR=1.
##YFACTOR=0.001
##DELTAX=1.92898
##FIRSTX=549.8
##LASTX=4000.7
##FIRSTY=0.8883
##MAXX=4000.7
##MINX=549.759
##MAXY=0.58878
##MINY=0.0004364
##NPOINTS=1790
##XYDATA=(X++(Y..Y))
549.759 0.8883 0.651 0.5382 0.4586 0.4364 0.5396 0.8471 0.942 0.7462 0.8289
569.049 0.9281 0.8312 0.777 0.9694 1.08 1.18 1.23 1.23 1.31 1.17
588.339 1.17 1.29 1.27 1.18 1.31 1.31 1.14 1.21 1.4 1.45
607.628 1.29 1.19 1.16 0.9575 0.7992 0.7089 0.7129 0.8036 0.6477 0.7086
626.918 0.8519 0.8733 0.8906 0.9726 1.04 0.9998 1 0.79 0.6168 0.7984
646.208 0.8924 0.8793 0.8884 0.8687 0.885 0.8357 0.6749 0.5749 0.6551 0.6711
665.498 0.6302 0.711 0.6855 0.623 0.6711 0.6248 0.7775 0.8879 0.7587 0.8292
684.787 0.9243 0.9066 0.8739 0.8276 0.8254 0.9407 0.9297 0.9104 0.9466 0.9468
704.077 1.05 1.06 1.02 1.03 1.08 1.22 1.26 1.11 1.12 1.27
723.367 1.24 1.21 1.28 1.38 1.57 1.69 1.73 1.75 1.73 1.8
742.657 1.99 2.2 2.24 2.2 2.45 2.86 3.34 3.86 4.37 4.96
761.947 5.64 6.39 7.22 8.29 9.69 11.09 12.57 14.13 15.31 15.96
781.236 16.05 15.45 14.25 12.82 11.2 9.73 8.64 7.54 6.53 5.79
800.526 5.21 4.86 4.69 4.68 4.77 4.74 4.55 4.52 4.33 3.99
819.816 3.76 3.62 3.59 3.4 3.22 3.24 3.33 3.55 3.85 4.16
839.106 4.72 5.68 6.92 8.53 10.53 12.62 14.96 17.97 21.66 25.54
858.395 28.55 29.75 29.26 27.96 26.03 22.45 17.79 13.66 10.75 8.82
877.685 7.25 6.11 5.48 4.89 4.36 4.04 3.86 3.71 3.53 3.47
896.975 3.5 3.5 3.47 3.41 3.35 3.31 3.31 3.26 3.22 3.18
916.265 3.07 2.96 2.9 2.9 2.99 3 2.93 2.9 2.92 2.98
935.555 3.12 3.38 3.61 3.91 4.31 4.67 5.09 5.65 6.35 7.13
954.844 7.83 8.6 9.5 10.33 11.16 12.11 13.24 14.44 15.74 17.22
974.134 18.7 20.12 21.27 22.26 23.27 24.33 25.54 27.24 29.83 33.71
993.424 38.74 43.73 47.16 48.07 46.85 44.2 40.41 35.6 30.58 26.82
1012.714 25.34 26.05 28.15 30.38 32.16 33.7 35.23 36.73 38.26 40.2
1032.003 42.81 45.51 46.92 46.83 45.54 42.86 38.78 34.05 30.01 27.24
1051.293 25.69 24.99 24.68 24.56 24.56 24.6 24.37 24.23 24.74 25.87
1070.583 27.4 29.36 31.18 32.23 33.36 34.46 34.77 33.96 33.07 32.83
1089.873 33.18 34.13 35.18 36.67 38.42 40.65 43.42 46.64 50.35 54.27
1109.163 58.29 62.2 66.08 70.35 74.35 77.86 81.85 86.68 92.03 96.56
1128.452 98.34 96.86 93.01 87.04 78.31 67.53 57.19 49.96 46.7 46.63
1147.742 49.67 55.3 62.69 71.27 80.5 89.58 97.25 101.85 102.93 101.04
1167.032 96.18 88.07 77.11 64.87 53.41 43.9 36.43 30.7 26.38 23.18
1186.322 20.94 19.35 18.3 17.84 17.72 17.86 18.28 19.16 20.24 21.59
1205.611 23.1 24.31 25.41 26.31 26.77 27.16 27.44 27.23 26.99 26.71
1224.901 26.44 26.63 27.02 27.66 28.54 29.27 29.62 29.57 29.52 29.36
1244.191 29.24 29.55 30.25 31.48 33.57 36.38 39.37 42.17 44.49 46.18
1263.481 47.08 47.42 47.06 45.9 44.13 42.1 40.1 38.15 36.43 34.93
1282.771 33.88 33.38 33.46 34.1 34.97 35.82 36.39 36.37 35.77 34.56
1302.060 32.86 30.79 28.67 26.8 25.15 23.82 22.85 22.24 22.01 22.08
1321.350 22.26 22.27 22.06 21.94 22.16 22.71 23.67 25.69 29.36 34.86
1340.640 42.1 50.34 58.18 63.98 67.37 68.81 68.55 66.54 63.09 59.93
1359.930 58.63 59.27 60.99 62.87 63.95 63.55 61.63 58.19 53.39 47.75
1379.219 41.73 35.98 30.91 26.8 23.51 20.92 19.15 17.98 17.37 17.35
1398.509 17.92 19.18 21.02 23.33 25.85 28.24 30.12 31.12 31.12 30.24
1417.799 28.65 26.43 24.01 21.85 20.24 19.41 19.46 20.26 21.74 23.82
1437.089 26.53 29.56 32.51 35.12 37.35 39.12 40.25 40.84 40.99 40.62
1456.378 39.61 37.98 35.93 33.54 30.93 27.92 24.73 21.8 19.32 17.11
1475.668 15.13 13.26 11.59 10.04 8.68 7.53 6.54 5.76 5.2 4.74
1494.958 4.4 4.14 3.94 3.78 3.58 3.42 3.27 3.12 2.99 2.83
1514.248 2.72 2.63 2.56 2.44 2.32 2.24 2.16 2.06 1.98 1.88
1533.538 1.77 1.77 1.76 1.69 1.62 1.58 1.56 1.53 1.53 1.57
1552.827 1.56 1.57 1.58 1.56 1.61 1.65 1.71 1.77 1.81 1.82
1572.117 1.8 1.84 1.83 1.76 1.71 1.67 1.7 1.69 1.65 1.63
1591.407 1.63 1.64 1.62 1.64 1.68 1.65 1.69 1.7 1.69 1.7
1610.697 1.7 1.72 1.74 1.76 1.8 1.83 1.85 1.84 1.85 1.88
1629.986 1.89 1.8 1.73 1.72 1.68 1.69 1.71 1.71 1.69 1.66
1649.276 1.63 1.65 1.67 1.6 1.54 1.56 1.61 1.59 1.55 1.55
1668.566 1.59 1.58 1.55 1.56 1.56 1.51 1.46 1.45 1.44 1.4
1687.856 1.39 1.39 1.38 1.34 1.31 1.3 1.27 1.26 1.27 1.28
1707.146 1.29 1.33 1.32 1.26 1.27 1.29 1.33 1.33 1.31 1.34
1726.435 1.34 1.31 1.33 1.31 1.24 1.21 1.24 1.3 1.32 1.4
1745.725 1.43 1.4 1.44 1.5 1.51 1.5 1.56 1.63 1.61 1.59
1765.015 1.61 1.58 1.53 1.47 1.47 1.49 1.49 1.5 1.51 1.51
1784.305 1.49 1.44 1.42 1.47 1.51 1.49 1.49 1.49 1.47 1.47
1803.594 1.52 1.59 1.61 1.62 1.67 1.64 1.63 1.63 1.62 1.59
1822.884 1.59 1.61 1.58 1.64 1.69 1.7 1.72 1.71 1.73 1.8
1842.174 1.88 1.92 1.92 1.91 1.9 1.86 1.84 1.84 1.85 1.87
1861.464 1.88 1.93 1.92 1.92 1.97 1.99 2.04 2.13 2.18 2.22
1880.754 2.26 2.3 2.3 2.29 2.29 2.31 2.35 2.31 2.26 2.26
1900.043 2.27 2.29 2.29 2.23 2.25 2.26 2.22 2.23 2.22 2.18
1919.333 2.14 2.12 2.14 2.14 2.1 2.13 2.18 2.14 2.15 2.19
1938.623 2.16 2.14 2.12 2.15 2.15 2.09 2.05 2.02 1.98 1.94
1957.913 1.95 1.93 1.92 1.93 1.89 1.86 1.86 1.82 1.74 1.71
1977.202 1.65 1.6 1.58 1.55 1.49 1.43 1.41 1.4 1.41 1.42
1996.492 1.37 1.36 1.39 1.39 1.41 1.43 1.45 1.48 1.53 1.57
2015.782 1.55 1.57 1.62 1.63 1.64 1.63 1.61 1.57 1.55 1.53
2035.072 1.51 1.49 1.47 1.47 1.46 1.44 1.43 1.43 1.45 1.45
2054.362 1.46 1.47 1.47 1.47 1.49 1.54 1.54 1.51 1.55 1.57
2073.651 1.57 1.66 1.77 1.79 1.78 1.83 1.87 1.83 1.83 1.8
2092.941 1.73 1.67 1.68 1.63 1.58 1.59 1.55 1.52 1.49 1.49
2112.231 1.48 1.45 1.44 1.41 1.39 1.46 1.53 1.56 1.55 1.54
2131.521 1.55 1.56 1.59 1.64 1.67 1.69 1.74 1.81 1.85 1.92
2150.810 1.97 1.94 1.97 1.97 1.98 1.99 1.95 1.97 1.9 1.83
2170.100 1.8 1.77 1.84 1.88 1.92 1.94 1.94 2.02 2.08 2.06
2189.390 2.08 2.08 2.06 2.06 2.03 2.05 2.07 2.07 2.07 2.05
2208.680 2.08 2.12 2.14 2.18 2.2 2.24 2.3 2.33 2.36 2.42
2227.970 2.45 2.4 2.38 2.34 2.3 2.31 2.28 2.23 2.25 2.26
2247.259 2.18 2.17 2.22 2.25 2.24 2.23 2.2 2.2 2.2 2.14
2266.549 2.12 2.09 2.03 1.98 1.98 2.01 1.99 1.97 2.01 2.05
2285.839 2.08 2.12 2.13 2.1 2.12 2.17 2.19 2.2 2.24 2.25
2305.129 2.26 2.26 2.27 2.25 2.22 2.2 2.18 2.14 2.16 2.21
2324.418 2.14 2.08 2.11 2.17 2.17 2.18 2.19 2.13 2.07 2.08
2343.708 2.09 2.05 2 2.01 1.99 1.94 1.93 1.95 1.94 1.92
2362.998 1.9 1.91 1.97 1.99 2.02 2.01 1.99 2.04 2.08 2.08
2382.288 2.12 2.12 2.11 2.14 2.16 2.15 2.13 2.13 2.15 2.22
2401.578 2.32 2.43 2.49 2.54 2.63 2.68 2.71 2.74 2.79 2.82
2420.867 2.77 2.7 2.63 2.58 2.52 2.48 2.47 2.42 2.39 2.36
2440.157 2.36 2.38 2.38 2.45 2.49 2.48 2.45 2.43 2.5 2.58
2459.447 2.64 2.66 2.65 2.73 2.87 2.96 3.04 3.13 3.21 3.28
2478.737 3.27 3.27 3.27 3.24 3.19 3.19 3.25 3.29 3.37 3.46
2498.026 3.54 3.62 3.68 3.72 3.69 3.72 3.79 3.75 3.69 3.65
2517.316 3.61 3.53 3.41 3.29 3.21 3.18 3.15 3.14 3.1 3.05
2536.606 3.02 3.04 3.13 3.2 3.22 3.23 3.25 3.33 3.46 3.53
2555.896 3.61 3.76 3.9 4.06 4.24 4.38 4.58 4.84 5.06 5.31
2575.186 5.59 5.89 6.26 6.68 7.03 7.37 7.75 8.07 8.41 8.82
2594.475 9.21 9.55 9.86 10.2 10.59 11 11.33 11.61 11.8 12.01
2613.765 12.23 12.39 12.52 12.59 12.57 12.58 12.74 12.86 12.91 13.03
2633.055 13.29 13.64 14.03 14.54 15.13 15.85 16.61 17.39 18.25 19.2
2652.345 20.23 21.31 22.44 23.7 25.05 26.47 27.9 29.17 30.22 31.08
2671.634 31.74 32.26 32.53 32.55 32.51 32.46 32.47 32.54 32.72 33.11
2690.924 33.61 34.3 35.21 36.08 37.05 38.03 38.92 39.84 40.74 41.74
2710.214 42.79 43.95 45.26 46.69 48.31 50.11 52.11 54.21 56.39 58.83
2729.504 61.49 64.21 67.03 69.91 72.74 75.52 78.42 81.53 84.84 88.44
2748.794 92.44 96.93 101.88 107.21 112.92 119.02 125.51 132.17 138.97 145.94
2768.083 152.65 158.82 164.19 168.38 171.12 172.16 171.17 168.22 163.38 156.94
2787.373 149.48 141.35 133.08 125.04 117.47 110.6 104.57 99.5 95.44 92.22
2806.663 89.66 87.75 86.3 85.02 83.82 82.76 81.62 80.38 78.97 77.52
2825.953 76.24 74.95 73.76 72.72 71.82 71.12 70.63 70.42 70.62 71.58
2845.242 73.37 76.18 80.42 86.39 94.09 103.51 114.13 124.59 132.95 137.42
2864.532 137.39 133.22 125.42 114.57 102.02 89.79 79.41 71.61 66.44 63.4
2883.822 62 61.95 62.66 64.02 65.96 68.07 70.41 72.73 74.98 77.56
2903.112 80.49 84.07 88.85 95.33 103.96 115.1 128.99 145.66 165.16 187.66
2922.401 213.35 242.72 276.26 314.33 357.81 407.83 463.18 518.39 563.77 588.78
2941.691 585.31 555.18 505.59 439.07 361.36 282.52 214.48 163.17 127.24 102.99
2960.981 87.01 76.63 69.35 63.67 58.53 53.59 48.76 43.62 38.47 33.76
2980.271 29.76 26.47 23.77 21.46 19.36 17.6 16.02 14.62 13.52 12.54
2999.561 11.47 10.44 9.61 8.82 8.1 7.47 6.84 6.39 5.91 5.47
3018.850 5.25 4.92 4.58 4.39 4.22 4.07 3.86 3.69 3.55 3.36
3038.140 3.21 3.08 3.09 3.04 2.93 2.95 2.82 2.74 2.79 2.78
3057.430 2.77 2.71 2.62 2.62 2.74 2.78 2.74 2.69 2.54 2.41
3076.720 2.45 2.48 2.49 2.5 2.43 2.34 2.3 2.4 2.48 2.4
3096.009 2.33 2.33 2.39 2.37 2.25 2.12 2.14 2.17 2.17 2.12
3115.299 2.08 2.01 1.96 1.89 1.79 1.83 1.85 1.78 1.62 1.6
3134.589 1.7 1.67 1.66 1.72 1.77 1.75 1.79 1.87 1.85 1.92
3153.879 1.92 1.92 1.98 2.03 2.07 2.2 2.37 2.43 2.5 2.47
3173.169 2.52 2.63 2.61 2.55 2.5 2.47 2.43 2.41 2.25 2.08
3192.458 2.09 2.04 1.89 1.77 1.65 1.72 1.74 1.66 1.62 1.7
3211.748 1.81 1.82 1.79 1.72 1.64 1.64 1.63 1.61 1.67 1.74
3231.038 1.85 1.78 1.62 1.68 1.67 1.55 1.58 1.58 1.56 1.54
3250.328 1.43 1.33 1.3 1.32 1.23 1.07 1.05 1.04 0.9725 0.8803
3269.617 0.8961 1.02 1.09 0.9765 0.8186 0.8243 0.7676 0.781 0.9087 0.8351
3288.907 0.8142 0.8971 0.8712 0.766 0.7693 0.8457 0.8085 0.7599 0.7832 0.807
3308.197 0.7949 0.7887 0.8017 0.8546 0.9275 1.01 0.9593 0.8662 0.9213 0.9843
3327.487 0.9679 1.01 0.9484 0.8165 0.7724 0.8273 0.9276 1.02 1.01 0.9247
3346.777 0.9238 0.9804 0.9888 1 1.09 1.06 0.9367 0.9392 1.04 1.08
3366.066 1.1 1.05 1.09 1.15 1.15 1.13 1.16 1.25 1.23 1.21
3385.356 1.29 1.39 1.49 1.46 1.35 1.34 1.43 1.42 1.3 1.18
3404.646 1.11 1.14 1.1 1.04 0.9221 0.8034 0.7433 0.8246 0.9613 0.9394
3423.936 0.9445 0.9596 1.02 1.07 1.08 1.05 0.9994 0.8982 0.8483 0.8325
3443.225 0.7969 0.7893 0.7321 0.6912 0.6594 0.6822 0.74 0.7471 0.6773 0.6722
3462.515 0.6572 0.6164 0.6132 0.6277 0.7762 0.7833 0.68 0.6402 0.6389 0.7121
3481.805 0.7076 0.7413 0.7589 0.7405 0.8551 0.9544 0.9465 0.9297 0.8941 0.9212
3501.095 0.9508 0.9476 1.04 1.08 1.03 0.9305 0.8948 1 1.05 1.02
3520.385 1.07 1.15 1.16 1.18 1.14 1.06 1.17 1.17 1.04 1.03
3539.674 1.02 0.9535 0.944 0.9258 0.7273 0.6595 0.7313 0.7396 0.7299 0.751
3558.964 0.796 0.8003 0.7719 0.7638 0.6609 0.5713 0.6543 0.6617 0.6716 0.7855
3578.254 0.8379 0.7749 0.7403 0.7883 0.7773 0.7304 0.7199 0.7011 0.7568 0.8065
3597.544 0.7595 0.7274 0.6755 0.636 0.5732 0.5822 0.6657 0.6473 0.6531 0.6983
3616.833 0.575 0.5305 0.5988 0.6423 0.753 0.6719 0.5818 0.6436 0.6973 0.7367
3636.123 0.7384 0.7343 0.7191 0.8623 0.9304 0.8134 0.8113 0.7567 0.813 0.9607
3655.413 0.9202 0.9719 1.04 0.9383 0.8743 0.9211 1.02 1 0.8866 0.9323
3674.703 0.9955 0.9261 0.9731 1.01 0.9347 0.9958 1.05 0.989 0.986 0.9995
3693.993 1.02 0.9481 0.7921 0.8348 0.9163 1.05 1.11 1.11 1.22 1.3
3713.282 1.27 1.28 1.37 1.26 1.2 1.22 1.23 1.36 1.38 1.34
3732.572 1.3 1.21 1.26 1.3 1.38 1.54 1.45 1.35 1.4 1.46
3751.862 1.39 1.27 1.22 1.25 1.41 1.34 1.12 1.1 1.15 1.03
3771.152 1.02 1.1 1.12 1.22 1.3 1.3 1.24 1.23 1.42 1.47
3790.441 1.42 1.44 1.44 1.44 1.46 1.51 1.53 1.53 1.55 1.52
3809.731 1.42 1.3 1.3 1.32 1.25 1.34 1.39 1.37 1.4 1.44
3829.021 1.45 1.47 1.53 1.46 1.35 1.32 1.35 1.37 1.36 1.34
3848.311 1.44 1.5 1.29 1.29 1.43 1.49 1.45 1.35 1.42 1.49
3867.601 1.43 1.44 1.57 1.64 1.64 1.57 1.59 1.56 1.46 1.48
3886.890 1.59 1.73 1.7 1.7 1.73 1.71 1.76 1.73 1.7 1.83
3906.180 1.85 1.71 1.54 1.59 1.74 1.77 1.91 2.05 2.03 2.01
3925.470 2.04 2 1.96 1.99 2.06 2.13 2.07 2 2.02 1.97
3944.760 1.91 1.91 1.85 1.68 1.74 1.94 1.93 1.87 1.94 1.88
3964.049 1.83 1.93 1.82 1.81 1.9 1.86 1.91 1.88 1.84 1.85
3983.339 1.8 1.71 1.68 1.76 1.71 1.58 1.5 1.53 1.63 1.64
##END=
