##TITLE=2,4-DINITROBENZENE-SULFONIC ACID
##JCAMP-DX=4.24
##DATA TYPE=INFRARED SPECTRUM
##CLASS=COBLENTZ
##ORIGIN=WYANDOTTE CHEMICALS CORP., WYANDOTTE, MICHIGAN, USA
##OWNER=COBLENTZ SOCIETY
Collection (C) 2018 copyright by the U.S. Secretary of Commerce
on behalf of the United States of America. All rights reserved.
##DATE=Not specified, most likely prior to 1970
##NAMES=2,4-dinitrobenzenesulfonic acid
##CAS REGISTRY NO=89-02-1
##MOLFORM=C6 H4 N2 O7 S
##SOURCE REFERENCE=COBLENTZ NO. 3780
##$NIST SOURCE=COBLENTZ
##$NIST IMAGE=cob3780
##SPECTROMETER/DATA SYSTEM=Not specified, most likely a prism, grating, or hybrid spectrometer.
##STATE=SOLID ( MULL;KEL-F FOR 5000-1330 AND MINERAL OIL FOR 1330-625 CM^-^1))
##SAMPLING PROCEDURE=TRANSMISSION
##RESOLUTION=4
##DATA PROCESSING=DIGITIZED BY NIST FROM HARD COPY
##XUNITS=MICROMETERS
##YUNITS=TRANSMITTANCE
##XFACTOR=1.000000
##YFACTOR=1
##DELTAX=000.006178
##FIRSTX=2.025
##LASTX=16.0065
##FIRSTY=0.751
##MAXX=16.0065
##MINX=2.025
##MAXY=0.965
##MINY=0.093
##NPOINTS=2264
##XYDATA=(X++(Y..Y))
2.025000 0.7510 0.7500 0.7500 0.7510 0.7510
2.055905 0.7530 0.7550 0.7580 0.7620 0.7650
2.086000 0.7670 0.7680 0.7700 0.7720 0.7730
2.116905 0.7780 0.7790 0.7820 0.7840 0.7860
2.148000 0.7860 0.7870 0.7870 0.7890 0.7900
2.178905 0.7900 0.7900 0.7920 0.7920 0.7930
2.210000 0.7980 0.8010 0.8010 0.8030 0.8040
2.240905 0.8040 0.8070 0.8100 0.8120 0.8130
2.272000 0.8150 0.8200 0.8200 0.8210 0.8240
2.302905 0.8260 0.8260 0.8270 0.8270 0.8270
2.334000 0.8290 0.8310 0.8320 0.8340 0.8340
2.364905 0.8350 0.8370 0.8400 0.8430 0.8480
2.395000 0.8490 0.8510 0.8510 0.8520 0.8520
2.425905 0.8540 0.8540 0.8570 0.8600 0.8620
2.457000 0.8630 0.8650 0.8660 0.8620 0.8620
2.487905 0.8660 0.8680 0.8690 0.8690 0.8680
2.519000 0.8680 0.8710 0.8750 0.8820 0.8880
2.549905 0.8890 0.8930 0.8970 0.9020 0.9080
2.581000 0.9110 0.9160 0.9190 0.9190 0.9200
2.611905 0.9220 0.9220 0.9250 0.9300 0.9360
2.643000 0.9410 0.9480 0.9500 0.9530 0.9560
2.673905 0.9580 0.9580 0.9590 0.9590 0.9610
2.704000 0.9610 0.9650 0.9650 0.9590 0.9500
2.734905 0.9470 0.9360 0.9270 0.9190 0.9100
2.766000 0.8990 0.8860 0.8720 0.8570 0.8400
2.796905 0.8210 0.8010 0.7890 0.7720 0.7610
2.828000 0.7450 0.7310 0.7160 0.7000 0.6860
2.858905 0.6750 0.6600 0.6460 0.6210 0.6100
2.890000 0.5950 0.5780 0.5650 0.5530 0.5450
2.920905 0.5360 0.5240 0.5110 0.4990 0.4880
2.951000 0.4770 0.4690 0.4600 0.4510 0.4410
2.981905 0.4320 0.4230 0.4120 0.3980 0.3950
3.013000 0.3900 0.3840 0.3760 0.3700 0.3670
3.043905 0.3640 0.3560 0.3510 0.3480 0.3440
3.075000 0.3410 0.3360 0.3330 0.3300 0.3270
3.105905 0.3220 0.3170 0.3130 0.3080 0.3060
3.137000 0.3060 0.3060 0.3050 0.3050 0.3050
3.167905 0.3050 0.3030 0.3030 0.3030 0.3020
3.199000 0.3000 0.2970 0.2960 0.2960 0.2890
3.229905 0.2800 0.2750 0.2750 0.2790 0.2820
3.260000 0.2860 0.2890 0.2940 0.2970 0.3020
3.290905 0.3050 0.3080 0.3100 0.3110 0.3130
3.322000 0.3130 0.3140 0.3160 0.3170 0.3190
3.352905 0.3200 0.3240 0.3270 0.3300 0.3330
3.384000 0.3360 0.3370 0.3410 0.3440 0.3450
3.414905 0.3470 0.3500 0.3510 0.3510 0.3550
3.446000 0.3560 0.3590 0.3620 0.3670 0.3720
3.476905 0.3750 0.3790 0.3860 0.3900 0.3960
3.508000 0.4010 0.4060 0.4130 0.4180 0.4230
3.538905 0.4270 0.4340 0.4380 0.4430 0.4490
3.569000 0.4540 0.4580 0.4630 0.4690 0.4720
3.599905 0.4750 0.4770 0.4800 0.4830 0.4860
3.631000 0.4930 0.5000 0.5100 0.5130 0.5140
3.661905 0.5160 0.5170 0.5170 0.5190 0.5220
3.693000 0.5240 0.5250 0.5270 0.5300 0.5330
3.723905 0.5390 0.5450 0.5510 0.5560 0.5640
3.755000 0.5700 0.5780 0.5860 0.5900 0.5930
3.785905 0.5960 0.5980 0.6000 0.6040 0.6040
3.816000 0.6060 0.6070 0.6070 0.6100 0.6120
3.846905 0.6150 0.6180 0.6210 0.6240 0.6270
3.878000 0.6290 0.6320 0.6340 0.6350 0.6370
3.908905 0.6430 0.6460 0.6460 0.6460 0.6480
3.940000 0.6490 0.6510 0.6540 0.6550 0.6550
3.970905 0.6550 0.6550 0.6570 0.6580 0.6630
4.002000 0.6680 0.6690 0.6710 0.6690 0.6680
4.032905 0.6690 0.6720 0.6740 0.6750 0.6750
4.064000 0.6790 0.6790 0.6750 0.6740 0.6690
4.094905 0.6690 0.6710 0.6720 0.6720 0.6720
4.125000 0.6720 0.6750 0.6750 0.6770 0.6790
4.155905 0.6800 0.6800 0.6820 0.6820 0.6820
4.187000 0.6850 0.6860 0.6860 0.6860 0.6860
4.217905 0.6850 0.6830 0.6830 0.6820 0.6790
4.249000 0.6750 0.6720 0.6690 0.6660 0.6620
4.279905 0.6570 0.6570 0.6620 0.6630 0.6630
4.311000 0.6650 0.6650 0.6660 0.6660 0.6690
4.341905 0.6710 0.6720 0.6740 0.6790 0.6790
4.372000 0.6800 0.6820 0.6830 0.6860 0.6890
4.402905 0.6910 0.6890 0.6890 0.6880 0.6860
4.434000 0.6830 0.6800 0.6790 0.6790 0.6800
4.464905 0.6830 0.6880 0.6880 0.6850 0.6830
4.496000 0.6820 0.6790 0.6770 0.6790 0.6800
4.526905 0.6820 0.6830 0.6850 0.6860 0.6860
4.558000 0.6880 0.6880 0.6890 0.6910 0.6930
4.588905 0.6930 0.6940 0.6940 0.6960 0.6960
4.620000 0.6970 0.6970 0.6990 0.6990 0.7000
4.650905 0.7000 0.7020 0.7030 0.7050 0.7100
4.681000 0.7110 0.7140 0.7170 0.7170 0.7190
4.711905 0.7200 0.7240 0.7270 0.7330 0.7370
4.743000 0.7420 0.7450 0.7500 0.7510 0.7530
4.773905 0.7550 0.7560 0.7560 0.7580 0.7610
4.805000 0.7620 0.7640 0.7640 0.7650 0.7650
4.835905 0.7670 0.7670 0.7680 0.7680 0.7680
4.867000 0.7700 0.7720 0.7720 0.7730 0.7750
4.897905 0.7750 0.7760 0.7760 0.7780 0.7780
4.929000 0.7780 0.7780 0.7780 0.7780 0.7780
4.959905 0.7780 0.7790 0.7790 0.7790 0.7780
4.990000 0.7780 0.7780 0.7780 0.7780 0.7780
5.020905 0.7790 0.7810 0.7810 0.7790 0.7790
5.052000 0.7790 0.7790 0.7790 0.7810 0.7810
5.082905 0.7820 0.7820 0.7820 0.7820 0.7820
5.114000 0.7810 0.7790 0.7790 0.7780 0.7780
5.144905 0.7750 0.7730 0.7720 0.7640 0.7610
5.176000 0.7510 0.7470 0.7470 0.7480 0.7510
5.206905 0.7560 0.7610 0.7610 0.7590 0.7550
5.237000 0.7510 0.7480 0.7480 0.7530 0.7530
5.267905 0.7530 0.7530 0.7530 0.7500 0.7440
5.299000 0.7410 0.7330 0.7270 0.7220 0.7200
5.329905 0.7190 0.7140 0.7100 0.7080 0.7030
5.361000 0.7020 0.6930 0.6880 0.6830 0.6860
5.391905 0.6850 0.6830 0.6800 0.6720 0.6790
5.423000 0.6740 0.6710 0.6660 0.6620 0.6550
5.453905 0.6510 0.6490 0.6480 0.6490 0.6480
5.485000 0.6440 0.6340 0.6310 0.6270 0.6240
5.515905 0.6230 0.6170 0.6100 0.6060 0.6010
5.546000 0.5980 0.5960 0.5920 0.5890 0.5820
5.576905 0.5810 0.5790 0.5730 0.5700 0.5680
5.608000 0.5650 0.5610 0.5560 0.5510 0.5530
5.638905 0.5480 0.5420 0.5340 0.5330 0.5310
5.670000 0.5300 0.5280 0.5270 0.5240 0.5200
5.700905 0.5140 0.5100 0.5050 0.5000 0.4970
5.732000 0.4930 0.4890 0.4830 0.4800 0.4740
5.762905 0.4720 0.4710 0.4650 0.4600 0.4550
5.793000 0.4510 0.4480 0.4480 0.4440 0.4410
5.823905 0.4400 0.4370 0.4320 0.4290 0.4230
5.855000 0.4180 0.4170 0.4200 0.4210 0.4210
5.885905 0.4240 0.4240 0.4230 0.4210 0.4200
5.917000 0.4180 0.4170 0.4180 0.4210 0.4240
5.947905 0.4270 0.4270 0.4310 0.4370 0.4410
5.979000 0.4460 0.4480 0.4510 0.4520 0.4540
6.009905 0.4550 0.4550 0.4570 0.4600 0.4630
6.041000 0.4680 0.4750 0.4830 0.4880 0.4890
6.071905 0.4890 0.4930 0.5050 0.5200 0.5240
6.102000 0.5270 0.5300 0.5330 0.5410 0.5500
6.132905 0.5530 0.5550 0.5550 0.5550 0.5530
6.164000 0.5360 0.4970 0.4740 0.4550 0.4370
6.194905 0.4170 0.4120 0.4120 0.4270 0.4440
6.226000 0.4740 0.4940 0.5050 0.5110 0.5170
6.256905 0.5240 0.5270 0.5280 0.5300 0.5300
6.288000 0.5270 0.5190 0.5140 0.5030 0.4860
6.318905 0.4710 0.4480 0.4260 0.4040 0.3700
6.350000 0.3550 0.3360 0.3160 0.2910 0.2630
6.380905 0.2290 0.1730 0.1310 0.1110 0.1020
6.411000 0.0960 0.0930 0.0930 0.0990 0.1020
6.441905 0.1060 0.1140 0.1240 0.1330 0.1420
6.473000 0.1510 0.1610 0.1640 0.1670 0.1720
6.503905 0.1780 0.1860 0.1960 0.2030 0.2180
6.535000 0.2310 0.2550 0.2740 0.2860 0.3050
6.565905 0.3160 0.3250 0.3300 0.3340 0.3360
6.597000 0.3470 0.3580 0.3650 0.3750 0.3820
6.627905 0.3870 0.3900 0.3960 0.3980 0.4010
6.658000 0.4040 0.4090 0.4130 0.4180 0.4210
6.688905 0.4240 0.4290 0.4290 0.4290 0.4290
6.720000 0.4310 0.4310 0.4260 0.4260 0.4260
6.750905 0.4270 0.4340 0.4340 0.4370 0.4370
6.782000 0.4320 0.4350 0.4370 0.4380 0.4400
6.812905 0.4400 0.4430 0.4440 0.4490 0.4490
6.844000 0.4510 0.4510 0.4490 0.4490 0.4490
6.874905 0.4460 0.4460 0.4490 0.4510 0.4540
6.906000 0.4550 0.4540 0.4480 0.4480 0.4510
6.936905 0.4540 0.4570 0.4580 0.4580 0.4580
6.967000 0.4580 0.4600 0.4600 0.4600 0.4600
6.997905 0.4600 0.4580 0.4580 0.4580 0.4570
7.029000 0.4570 0.4550 0.4520 0.4510 0.4490
7.059905 0.4480 0.4460 0.4440 0.4430 0.4410
7.091000 0.4400 0.4400 0.4380 0.4380 0.4370
7.121905 0.4320 0.4380 0.4350 0.4350 0.4310
7.153000 0.4270 0.4200 0.4150 0.4130 0.4100
7.183905 0.4090 0.4060 0.4120 0.4120 0.4090
7.214000 0.4000 0.3960 0.3860 0.3750 0.3640
7.244905 0.3530 0.3410 0.3250 0.3000 0.2830
7.276000 0.2600 0.2310 0.2090 0.1810 0.1650
7.306905 0.1470 0.1360 0.1270 0.1160 0.1130
7.338000 0.1130 0.1160 0.1200 0.1280 0.1360
7.368905 0.1500 0.1560 0.1680 0.1760 0.1790
7.400000 0.1890 0.1920 0.1930 0.1930 0.1960
7.430905 0.2010 0.2100 0.2180 0.2270 0.2370
7.462000 0.2410 0.2510 0.2570 0.2630 0.2650
7.492905 0.2710 0.3440 0.4180 0.4930 0.4990
7.523000 0.5000 0.5020 0.5030 0.5020 0.5000
7.553905 0.5020 0.5000 0.5000 0.5000 0.4990
7.585000 0.4930 0.4910 0.4880 0.4800 0.4770
7.615905 0.4750 0.4740 0.4750 0.4770 0.4820
7.647000 0.4850 0.4890 0.4970 0.4990 0.5020
7.677905 0.5030 0.5050 0.5060 0.5060 0.5050
7.709000 0.5030 0.5030 0.4990 0.4930 0.4910
7.739905 0.4880 0.4830 0.4800 0.4740 0.4740
7.771000 0.4720 0.4690 0.4660 0.4600 0.4490
7.801905 0.4410 0.4290 0.4210 0.4130 0.4010
7.832000 0.3920 0.3790 0.3700 0.3640 0.3590
7.862905 0.3530 0.3480 0.3390 0.3310 0.3270
7.894000 0.3190 0.3050 0.2960 0.2880 0.2720
7.924905 0.2630 0.2550 0.2490 0.2410 0.2290
7.956000 0.2130 0.1980 0.1820 0.1790 0.1700
7.986905 0.1560 0.1450 0.1310 0.1200 0.1170
8.018000 0.1160 0.1170 0.1170 0.1190 0.1200
8.048905 0.1220 0.1250 0.1270 0.1280 0.1280
8.079000 0.1280 0.1300 0.1310 0.1310 0.1310
8.109905 0.1310 0.1300 0.1300 0.1300 0.1300
8.141000 0.1300 0.1310 0.1310 0.1330 0.1370
8.171905 0.1410 0.1420 0.1450 0.1500 0.1550
8.203000 0.1610 0.1680 0.1750 0.1810 0.1920
8.233905 0.1960 0.1980 0.2000 0.2070 0.2130
8.265000 0.2200 0.2290 0.2380 0.2430 0.2510
8.295905 0.2520 0.2600 0.2650 0.2680 0.2720
8.327000 0.2740 0.2800 0.2850 0.2890 0.2970
8.357905 0.2970 0.3000 0.3020 0.3020 0.3050
8.388000 0.3080 0.3110 0.3110 0.3140 0.3140
8.418905 0.3110 0.3100 0.3130 0.3140 0.3160
8.450000 0.3170 0.3170 0.3190 0.3200 0.3200
8.480905 0.3200 0.3160 0.3160 0.3170 0.3190
8.512000 0.3190 0.3190 0.3190 0.3190 0.3200
8.542905 0.3220 0.3240 0.3270 0.3280 0.3280
8.574000 0.3240 0.3220 0.3220 0.3200 0.3200
8.604905 0.3190 0.3170 0.3160 0.3170 0.3170
8.635000 0.3170 0.3170 0.3130 0.3110 0.3080
8.665905 0.3030 0.3000 0.2960 0.2960 0.2970
8.697000 0.2970 0.2990 0.2970 0.2970 0.2960
8.727905 0.2880 0.2790 0.2720 0.2620 0.2520
8.759000 0.2430 0.2350 0.2320 0.2310 0.2270
8.789905 0.2260 0.2210 0.2270 0.2340 0.2370
8.821000 0.2410 0.2480 0.2480 0.2440 0.2410
8.851905 0.2380 0.2320 0.2290 0.2230 0.2180
8.883000 0.2130 0.2090 0.2060 0.2010 0.2010
8.913905 0.2070 0.2100 0.2130 0.2180 0.2200
8.944000 0.2240 0.2380 0.2490 0.2580 0.2680
8.974905 0.2710 0.2720 0.2770 0.2820 0.2880
9.006000 0.2930 0.2970 0.2990 0.3030 0.3060
9.036905 0.3100 0.3110 0.3140 0.3160 0.3170
9.068000 0.3170 0.3190 0.3190 0.3190 0.3200
9.098905 0.3220 0.3240 0.3240 0.3250 0.3270
9.130000 0.3300 0.3330 0.3330 0.3300 0.3250
9.160905 0.3220 0.3200 0.3190 0.3170 0.3170
9.192000 0.3170 0.3160 0.3160 0.3160 0.3130
9.222905 0.3060 0.3020 0.2970 0.2880 0.2830
9.253000 0.2800 0.2740 0.2690 0.2650 0.2620
9.283905 0.2600 0.2580 0.2510 0.2480 0.2410
9.315000 0.2400 0.2370 0.2370 0.2400 0.2410
9.345905 0.2430 0.2440 0.2460 0.2490 0.2510
9.377000 0.2540 0.2550 0.2580 0.2580 0.2620
9.407905 0.2650 0.2690 0.2720 0.2750 0.2750
9.439000 0.2750 0.2770 0.2790 0.2790 0.2790
9.469905 0.2790 0.2800 0.2800 0.2820 0.2830
9.500000 0.2850 0.2860 0.2880 0.2880 0.2890
9.530905 0.2890 0.2930 0.2940 0.2960 0.2940
9.562000 0.2930 0.2890 0.2890 0.2880 0.2850
9.592905 0.2830 0.2770 0.2680 0.2660 0.2510
9.624000 0.2400 0.2290 0.2210 0.2180 0.2130
9.654905 0.2130 0.2120 0.2100 0.2100 0.2200
9.686000 0.2170 0.2150 0.2130 0.2100 0.2100
9.716905 0.2040 0.2040 0.2030 0.2000 0.2000
9.748000 0.1980 0.1980 0.1980 0.2000 0.2030
9.778905 0.2060 0.2090 0.2100 0.2150 0.2180
9.809000 0.2230 0.2310 0.2400 0.2410 0.2510
9.839905 0.2540 0.2550 0.2580 0.2600 0.2620
9.871000 0.2680 0.2690 0.2720 0.2740 0.2790
9.901905 0.2790 0.2830 0.2860 0.2910 0.2940
9.933000 0.2970 0.3000 0.3020 0.3030 0.3050
9.963905 0.3050 0.3060 0.3060 0.3080 0.3100
9.995000 0.3130 0.3160 0.3170 0.3190 0.3190
10.025905 0.3170 0.3190 0.3190 0.3220 0.3220
10.056000 0.3280 0.3280 0.3300 0.3300 0.3250
10.086905 0.3250 0.3200 0.3220 0.3250 0.3300
10.118000 0.3310 0.3330 0.3330 0.3330 0.3310
10.148905 0.3310 0.3310 0.3310 0.3330 0.3330
10.180000 0.3310 0.3310 0.3280 0.3280 0.3300
10.210905 0.3300 0.3300 0.3300 0.3330 0.3330
10.242000 0.3330 0.3330 0.3340 0.3340 0.3360
10.272905 0.3370 0.3370 0.3370 0.3390 0.3390
10.304000 0.3390 0.3390 0.3410 0.3410 0.3420
10.334905 0.3420 0.3440 0.3450 0.3470 0.3480
10.365000 0.3500 0.3500 0.3480 0.3500 0.3510
10.395905 0.3530 0.3580 0.3580 0.3590 0.3590
10.427000 0.3590 0.3610 0.3610 0.3610 0.3620
10.457905 0.3620 0.3640 0.3640 0.3650 0.3650
10.489000 0.3680 0.3700 0.3720 0.3730 0.3790
10.519905 0.3810 0.3840 0.3890 0.3900 0.3820
10.551000 0.3820 0.3860 0.3870 0.3890 0.3900
10.581905 0.3900 0.3950 0.4010 0.4010 0.3930
10.613000 0.3930 0.3930 0.3960 0.3980 0.3980
10.643905 0.3980 0.4000 0.4010 0.4030 0.4040
10.674000 0.4090 0.4100 0.4150 0.4170 0.4170
10.704905 0.4180 0.4200 0.4200 0.4210 0.4230
10.736000 0.4260 0.4260 0.4310 0.4340 0.4350
10.766905 0.4380 0.4400 0.4400 0.4410 0.4430
10.798000 0.4460 0.4480 0.4480 0.4490 0.4480
10.828905 0.4480 0.4480 0.4440 0.4440 0.4440
10.860000 0.4430 0.4430 0.4400 0.4380 0.4370
10.890905 0.4370 0.4370 0.4380 0.4400 0.4400
10.921000 0.4410 0.4440 0.4440 0.4490 0.4520
10.951905 0.4550 0.4580 0.4580 0.4580 0.4570
10.983000 0.4570 0.4550 0.4520 0.4510 0.4460
11.013905 0.4380 0.4320 0.4230 0.4060 0.3930
11.045000 0.3790 0.3560 0.3410 0.3190 0.3100
11.075905 0.3000 0.2990 0.3100 0.3190 0.3310
11.107000 0.3440 0.3590 0.3760 0.3900 0.4100
11.137905 0.4270 0.4370 0.4510 0.4580 0.4620
11.169000 0.4710 0.4800 0.4860 0.4890 0.4940
11.199905 0.5020 0.5050 0.5080 0.5110 0.5130
11.230000 0.5130 0.5160 0.5200 0.5240 0.5310
11.260905 0.5340 0.5390 0.5420 0.5450 0.5470
11.292000 0.5470 0.5470 0.5500 0.5510 0.5580
11.322905 0.5640 0.5650 0.5700 0.5730 0.5750
11.354000 0.5780 0.5790 0.5790 0.5820 0.5860
11.384905 0.5900 0.5920 0.5950 0.5950 0.5890
11.416000 0.5900 0.5920 0.5950 0.5980 0.6000
11.446905 0.6010 0.6030 0.6040 0.6040 0.6040
11.477000 0.6030 0.6030 0.6030 0.6030 0.6060
11.507905 0.6060 0.6100 0.6130 0.6180 0.6210
11.539000 0.6240 0.6290 0.6290 0.6290 0.6290
11.569905 0.6290 0.6290 0.6290 0.6270 0.6260
11.601000 0.6260 0.6260 0.6260 0.6270 0.6270
11.631905 0.6290 0.6290 0.6290 0.6290 0.6270
11.663000 0.6240 0.6230 0.6210 0.6200 0.6130
11.693905 0.6070 0.6010 0.6010 0.6070 0.6100
11.725000 0.6120 0.6130 0.6210 0.6290 0.6400
11.755905 0.6440 0.6490 0.6510 0.6510 0.6490
11.786000 0.6410 0.6350 0.6060 0.5810 0.5370
11.816905 0.5110 0.4890 0.4690 0.4480 0.4430
11.848000 0.4460 0.4630 0.4860 0.5170 0.5510
11.878905 0.5760 0.6000 0.6120 0.6240 0.6370
11.910000 0.6400 0.6400 0.6400 0.6270 0.6210
11.940905 0.6150 0.6120 0.6030 0.6000 0.5980
11.972000 0.5930 0.5930 0.5890 0.5810 0.5720
12.002905 0.5610 0.5480 0.5390 0.5310 0.5300
12.034000 0.5310 0.5440 0.5560 0.5720 0.5900
12.064905 0.6010 0.6200 0.6290 0.6350 0.6430
12.095000 0.6520 0.6630 0.6740 0.6800 0.6880
12.125905 0.6890 0.6910 0.6940 0.7000 0.7050
12.157000 0.7130 0.7140 0.7190 0.7190 0.7200
12.187905 0.7240 0.7270 0.7300 0.7330 0.7340
12.219000 0.7370 0.7390 0.7410 0.7420 0.7420
12.249905 0.7440 0.7450 0.7480 0.7530 0.7580
12.281000 0.7590 0.7610 0.7620 0.7620 0.7620
12.311905 0.7640 0.7650 0.7650 0.7670 0.7670
12.342000 0.7700 0.7730 0.7760 0.7810 0.7840
12.372905 0.7870 0.7890 0.7890 0.7900 0.7920
12.404000 0.7920 0.7930 0.7950 0.7950 0.7960
12.434905 0.7980 0.8000 0.8030 0.8040 0.8100
12.466000 0.8130 0.8150 0.8200 0.8210 0.8210
12.496905 0.8170 0.8150 0.8170 0.8180 0.8210
12.528000 0.8230 0.8240 0.8260 0.8260 0.8270
12.558905 0.8290 0.8310 0.8320 0.8320 0.8340
12.590000 0.8340 0.8400 0.8440 0.8440 0.8460
12.620905 0.8490 0.8490 0.8510 0.8540 0.8550
12.651000 0.8550 0.8570 0.8580 0.8600 0.8630
12.681905 0.8650 0.8680 0.8690 0.8710 0.8710
12.713000 0.8720 0.8740 0.8750 0.8790 0.8800
12.743905 0.8820 0.8830 0.8850 0.8850 0.8890
12.775000 0.8910 0.8930 0.8940 0.8960 0.8990
12.805905 0.9050 0.9100 0.9130 0.9140 0.9140
12.837000 0.9160 0.9200 0.9280 0.9250 0.9240
12.867905 0.9240 0.9240 0.9190 0.9190 0.9220
12.898000 0.9250 0.9250 0.9270 0.9300 0.9300
12.928905 0.9310 0.9330 0.9330 0.9340 0.9360
12.960000 0.9360 0.9360 0.9370 0.9370 0.9390
12.990905 0.9390 0.9410 0.9410 0.9410 0.9390
13.022000 0.9360 0.9340 0.9330 0.9300 0.9280
13.052905 0.9240 0.9190 0.9130 0.9050 0.8970
13.084000 0.8860 0.8770 0.8570 0.8510 0.8370
13.114905 0.8210 0.8120 0.8010 0.8000 0.7870
13.146000 0.7760 0.7560 0.7370 0.7160 0.6910
13.176905 0.6620 0.6320 0.6040 0.5810 0.5500
13.207000 0.5170 0.4860 0.4620 0.4460 0.4270
13.237905 0.4120 0.4010 0.3920 0.3870 0.3860
13.269000 0.3860 0.3870 0.3890 0.3920 0.3960
13.299905 0.4030 0.4100 0.4200 0.4260 0.4310
13.331000 0.4440 0.4600 0.4710 0.4820 0.4910
13.361905 0.5000 0.5100 0.5190 0.5240 0.5280
13.393000 0.5300 0.5310 0.5330 0.5300 0.5250
13.423905 0.5170 0.5050 0.4940 0.4770 0.4630
13.455000 0.4460 0.4260 0.4150 0.4000 0.3860
13.485905 0.3670 0.3510 0.3450 0.3390 0.3310
13.516000 0.3280 0.3280 0.3310 0.3340 0.3450
13.546905 0.3510 0.3610 0.3700 0.3860 0.4000
13.578000 0.4150 0.4340 0.4510 0.4740 0.4970
13.608905 0.5240 0.5410 0.5550 0.5760 0.5950
13.640000 0.6100 0.6210 0.6320 0.6440 0.6520
13.670905 0.6660 0.6740 0.6800 0.6860 0.6940
13.702000 0.7020 0.7060 0.7100 0.7130 0.7240
13.732905 0.7310 0.7390 0.7420 0.7440 0.7480
13.763000 0.7500 0.7510 0.7530 0.7580 0.7580
13.793905 0.7550 0.7510 0.7500 0.7410 0.7360
13.825000 0.7270 0.7140 0.7030 0.6890 0.6800
13.855905 0.6720 0.6620 0.6550 0.6520 0.6490
13.887000 0.6480 0.6490 0.6540 0.6550 0.6630
13.917905 0.6720 0.6860 0.7000 0.7100 0.7190
13.949000 0.7300 0.7330 0.7420 0.7530 0.7590
13.979905 0.7650 0.7680 0.7720 0.7780 0.7820
14.011000 0.7890 0.7900 0.7920 0.7930 0.7960
14.041905 0.8010 0.8040 0.8090 0.8100 0.8120
14.072000 0.8120 0.8130 0.8150 0.8170 0.8200
14.102905 0.8230 0.8240 0.8260 0.8310 0.8320
14.134000 0.8340 0.8350 0.8380 0.8400 0.8400
14.164905 0.8430 0.8440 0.8440 0.8460 0.8480
14.196000 0.8510 0.8540 0.8550 0.8600 0.8630
14.226905 0.8690 0.8770 0.8800 0.8830 0.8850
14.258000 0.8880 0.8930 0.8990 0.9000 0.9030
14.288905 0.9060 0.9100 0.9100 0.9110 0.9130
14.320000 0.9160 0.9160 0.9160 0.9160 0.9160
14.350905 0.9170 0.9170 0.9190 0.9190 0.9190
14.381000 0.9190 0.9190 0.9190 0.9200 0.9220
14.411905 0.9220 0.9220 0.9220 0.9240 0.9250
14.443000 0.9250 0.9270 0.9280 0.9280 0.9280
14.473905 0.9280 0.9280 0.9280 0.9300 0.9300
14.505000 0.9310 0.9330 0.9330 0.9340 0.9390
14.535905 0.9410 0.9420 0.9410 0.9370 0.9370
14.567000 0.9390 0.9410 0.9420 0.9420 0.9440
14.597905 0.9450 0.9450 0.9450 0.9450 0.9440
14.628000 0.9440 0.9440 0.9440 0.9420 0.9420
14.658905 0.9440 0.9440 0.9450 0.9450 0.9440
14.690000 0.9440 0.9420 0.9410 0.9410 0.9360
14.720905 0.9330 0.9300 0.9270 0.9270 0.9250
14.752000 0.9250 0.9250 0.9250 0.9250 0.9240
14.782905 0.9220 0.9220 0.9190 0.9170 0.9140
14.814000 0.9130 0.9110 0.9100 0.9080 0.9050
14.844905 0.9000 0.8960 0.8930 0.8890 0.8850
14.876000 0.8800 0.8790 0.8740 0.8710 0.8690
14.906905 0.8630 0.8580 0.8540 0.8520 0.8490
14.937000 0.8430 0.8380 0.8320 0.8290 0.8270
14.967905 0.8240 0.8210 0.8170 0.8060 0.8060
14.999000 0.8030 0.8000 0.7930 0.7870 0.7810
15.029905 0.7730 0.7700 0.7640 0.7590 0.7530
15.061000 0.7470 0.7370 0.7280 0.7190 0.7130
15.091905 0.7100 0.7030 0.6970 0.6960 0.6930
15.123000 0.6890 0.6830 0.6820 0.6790 0.6770
15.153905 0.6750 0.6750 0.6750 0.6770 0.6830
15.184000 0.6910 0.6960 0.6970 0.7020 0.7100
15.214905 0.7190 0.7280 0.7370 0.7410 0.7470
15.246000 0.7590 0.7670 0.7730 0.7790 0.7840
15.276905 0.7900 0.7930 0.8000 0.8060 0.8120
15.308000 0.8200 0.8260 0.8310 0.8380 0.8400
15.338905 0.8460 0.8480 0.8490 0.8520 0.8550
15.370000 0.8550 0.8520 0.8510 0.8480 0.8460
15.400905 0.8440 0.8440 0.8410 0.8400 0.8380
15.432000 0.8380 0.8400 0.8400 0.8380 0.8380
15.462905 0.8340 0.8320 0.8290 0.8270 0.8230
15.493000 0.8180 0.8120 0.8030 0.8010 0.7980
15.523905 0.7920 0.7860 0.7730 0.7680 0.7620
15.555000 0.7580 0.7530 0.7480 0.7450 0.7440
15.585905 0.7390 0.7360 0.7310 0.7270 0.7220
15.617000 0.7190 0.7170 0.7160 0.7160 0.7130
15.647905 0.7130 0.7100 0.7060 0.7060 0.7050
15.679000 0.7020 0.7000 0.6990 0.6990 0.7000
15.709905 0.7020 0.7080 0.7100 0.7130 0.7190
15.741000 0.7200 0.7240 0.7240 0.7250 0.7270
15.771905 0.7300 0.7360 0.7390 0.7410 0.7440
15.802000 0.7480 0.7530 0.7580 0.7610 0.7640
15.832905 0.7670 0.7680 0.7700 0.7720 0.7730
15.864000 0.7730 0.7780 0.7780 0.7790 0.7840
15.894905 0.7900 0.7930 0.7980 0.8000 0.8000
15.926000 0.8010 0.8010 0.8000 0.7960 0.7950
15.956905 0.7950 0.8000 0.8010 0.8010 0.8030
15.988000 0.8030 0.8060 0.8060 0.8060
##END=
