##TITLE=ISO-BUTYL ISO-CYANATO ACETATE
##JCAMP-DX=4.24
##DATA TYPE=INFRARED SPECTRUM
##CLASS=COBLENTZ
##ORIGIN=EASTMAN KODAK COMPANY, RESEARCH LABORATORIES, ROCHESTER, N.Y.
##OWNER=COBLENTZ SOCIETY
Collection (C) 2018 copyright by the U.S. Secretary of Commerce
on behalf of the United States of America. All rights reserved.
##DATE=Not specified, most likely prior to 1970
##NAMES=isobutyl isocyanatoacetate
##CAS REGISTRY NO=89775-61-1
##MOLFORM=C7 H11 N O3
$$ J. ORG. CHEM. 26, 2507(1961)
##BP=76 C AT 6 mmHg
##SOURCE REFERENCE=COBLENTZ NO. 2173
##$NIST SOURCE=COBLENTZ
##$NIST IMAGE=cob2173
##SPECTROMETER/DATA SYSTEM=Not specified, most likely a prism, grating, or hybrid spectrometer.
##STATE=LIQUID
##PATH LENGTH=CAPILLARY CELL
##SAMPLING PROCEDURE=TRANSMISSION
##RESOLUTION=4
##DATA PROCESSING=DIGITIZED BY NIST FROM HARD COPY
##XUNITS=MICROMETERS
##YUNITS=TRANSMITTANCE
##XFACTOR=1.000000
##YFACTOR=1
##DELTAX=000.007021
##FIRSTX=2.021
##LASTX=16.007
##FIRSTY=0.914
##MAXX=16.007
##MINX=2.021
##MAXY=0.933
##MINY=0.029
##NPOINTS=1993
##XYDATA=(X++(Y..Y))
2.021000 0.9140 0.9120 0.9120 0.9100 0.9080
2.056123 0.9080 0.9080 0.9080 0.9080 0.9080
2.091000 0.9080 0.9080 0.9070 0.9070 0.9050
2.126123 0.9050 0.9030 0.9030 0.9030 0.9010
2.161000 0.9010 0.9010 0.9030 0.9030 0.9030
2.196123 0.9050 0.9070 0.9070 0.9050 0.9030
2.232000 0.8980 0.8910 0.8870 0.8820 0.8800
2.267123 0.8790 0.8790 0.8770 0.8770 0.8800
2.302000 0.8820 0.8860 0.8890 0.8960 0.9000
2.337123 0.9010 0.9010 0.9030 0.9030 0.9050
2.372000 0.9050 0.9050 0.9050 0.9030 0.9000
2.407123 0.9000 0.8980 0.8960 0.8960 0.8940
2.442000 0.8940 0.8940 0.8940 0.8940 0.8960
2.477123 0.8960 0.8980 0.9000 0.9010 0.9030
2.513000 0.9050 0.9050 0.9070 0.9070 0.9070
2.548123 0.9070 0.9070 0.9070 0.9070 0.9070
2.583000 0.9080 0.9080 0.9100 0.9100 0.9100
2.618123 0.9120 0.9120 0.9140 0.9150 0.9150
2.653000 0.9170 0.9170 0.9140 0.9100 0.9050
2.688123 0.9010 0.9000 0.8960 0.8860 0.8750
2.723000 0.8700 0.8630 0.8590 0.8580 0.8590
2.758123 0.8630 0.8700 0.8720 0.8770 0.8800
2.793000 0.8870 0.8940 0.8960 0.8980 0.9000
2.828123 0.9000 0.9010 0.9010 0.9010 0.9010
2.864000 0.9010 0.9000 0.8980 0.8960 0.8930
2.899123 0.8890 0.8840 0.8820 0.8820 0.8800
2.934000 0.8800 0.8790 0.8790 0.8750 0.8730
2.969123 0.8730 0.8750 0.8770 0.8790 0.8800
3.004000 0.8820 0.8820 0.8840 0.8840 0.8860
3.039123 0.8860 0.8860 0.8840 0.8840 0.8840
3.074000 0.8820 0.8820 0.8800 0.8800 0.8790
3.109123 0.8750 0.8730 0.8700 0.8630 0.8560
3.144000 0.8510 0.8490 0.8420 0.8380 0.8300
3.179123 0.8210 0.8210 0.8230 0.8400 0.8470
3.215000 0.8560 0.8660 0.8770 0.8820 0.8820
3.250123 0.8820 0.8790 0.8730 0.8700 0.8680
3.285000 0.8650 0.8630 0.8560 0.8520 0.8470
3.320123 0.8310 0.8100 0.7350 0.5480 0.3740
3.355000 0.2170 0.2150 0.2180 0.2600 0.3040
3.390123 0.3430 0.3810 0.4160 0.4530 0.4860
3.425000 0.5090 0.5140 0.5140 0.5090 0.5060
3.460123 0.4970 0.4950 0.4970 0.5720 0.6560
3.495000 0.7120 0.7560 0.7810 0.7980 0.8050
3.530123 0.8160 0.8260 0.8330 0.8400 0.8440
3.566000 0.8510 0.8560 0.8580 0.8610 0.8650
3.601123 0.8660 0.8660 0.8680 0.8700 0.8700
3.636000 0.8720 0.8720 0.8700 0.8680 0.8680
3.671123 0.8660 0.8660 0.8680 0.8680 0.8700
3.706000 0.8720 0.8790 0.8800 0.8800 0.8820
3.741123 0.8820 0.8820 0.8820 0.8820 0.8820
3.776000 0.8820 0.8860 0.8910 0.8910 0.8910
3.811123 0.8910 0.8910 0.8910 0.8890 0.8890
3.847000 0.8890 0.8870 0.8870 0.8870 0.8870
3.882123 0.8890 0.8890 0.8890 0.8910 0.8940
3.917000 0.8940 0.8960 0.8960 0.8940 0.8940
3.952123 0.8940 0.8930 0.8930 0.8930 0.8930
3.987000 0.8930 0.8930 0.8930 0.8930 0.8930
4.022123 0.8930 0.8910 0.8910 0.8890 0.8870
4.057000 0.8820 0.8730 0.8650 0.8610 0.8540
4.092123 0.8510 0.8450 0.8400 0.8330 0.8240
4.127000 0.8160 0.8050 0.7960 0.7820 0.7720
4.162123 0.7580 0.7530 0.7400 0.7330 0.7260
4.198000 0.7190 0.7160 0.7140 0.7120 0.7050
4.233123 0.7020 0.6980 0.6900 0.6840 0.6770
4.268000 0.6690 0.6560 0.6330 0.5980 0.5480
4.303123 0.4720 0.3730 0.2410 0.1120 0.0610
4.338000 0.0380 0.0350 0.0330 0.0310 0.0310
4.373123 0.0290 0.0290 0.0290 0.0350 0.0400
4.408000 0.0520 0.0770 0.1130 0.1570 0.2080
4.443123 0.2570 0.3150 0.3570 0.3880 0.4110
4.478000 0.4270 0.4360 0.4430 0.4480 0.4530
4.513123 0.4650 0.4780 0.4970 0.5130 0.5300
4.549000 0.5490 0.5690 0.5900 0.6070 0.6230
4.584123 0.6610 0.6860 0.6930 0.7050 0.7140
4.619000 0.7230 0.7330 0.7460 0.7580 0.7700
4.654123 0.7860 0.7960 0.8020 0.8050 0.8120
4.689000 0.8140 0.8160 0.8190 0.8210 0.8240
4.724123 0.8240 0.8230 0.8230 0.8230 0.8240
4.759000 0.8300 0.8310 0.8380 0.8510 0.8630
4.794123 0.8730 0.8750 0.8820 0.8870 0.8910
4.829000 0.8940 0.9000 0.9030 0.9030 0.9050
4.864123 0.9050 0.9070 0.9100 0.9120 0.9140
4.900000 0.9170 0.9210 0.9220 0.9240 0.9240
4.935123 0.9260 0.9260 0.9240 0.9240 0.9220
4.970000 0.9220 0.9210 0.9210 0.9210 0.9210
5.005123 0.9220 0.9240 0.9240 0.9280 0.9290
5.040000 0.9310 0.9310 0.9310 0.9310 0.9330
5.075123 0.9330 0.9330 0.9330 0.9330 0.9330
5.110000 0.9310 0.9260 0.9240 0.9220 0.9220
5.145123 0.9220 0.9210 0.9210 0.9210 0.9210
5.181000 0.9210 0.9210 0.9210 0.9220 0.9240
5.216123 0.9240 0.9260 0.9280 0.9280 0.9260
5.251000 0.9260 0.9240 0.9220 0.9210 0.9210
5.286123 0.9210 0.9210 0.9210 0.9210 0.9210
5.321000 0.9190 0.9190 0.9170 0.9170 0.9170
5.356123 0.9150 0.9150 0.9150 0.9140 0.9100
5.391000 0.9080 0.9070 0.9050 0.9030 0.9010
5.426123 0.8940 0.8910 0.8820 0.8770 0.8750
5.461000 0.8720 0.8660 0.8580 0.8540 0.8510
5.496123 0.8450 0.8420 0.8400 0.8350 0.8280
5.532000 0.8230 0.8140 0.8050 0.7960 0.7820
5.567123 0.7750 0.7610 0.7260 0.6560 0.6350
5.602000 0.6140 0.5910 0.5700 0.5410 0.5040
5.637123 0.4530 0.3920 0.3110 0.2380 0.1690
5.672000 0.1240 0.0980 0.0910 0.0890 0.0890
5.707123 0.0910 0.0980 0.1050 0.1220 0.1450
5.742000 0.1820 0.2170 0.2590 0.3130 0.3830
5.777123 0.4790 0.6020 0.6110 0.6280 0.6510
5.812000 0.6830 0.7090 0.7320 0.7460 0.7530
5.847123 0.7560 0.7600 0.7630 0.7750 0.7930
5.883000 0.8120 0.8310 0.8400 0.8440 0.8440
5.918123 0.8490 0.8610 0.8680 0.8720 0.8730
5.953000 0.8750 0.8750 0.8750 0.8790 0.8820
5.988123 0.8870 0.8870 0.8890 0.8910 0.8930
6.023000 0.8930 0.8930 0.8930 0.8940 0.8940
6.058123 0.8960 0.8980 0.9000 0.9010 0.9010
6.093000 0.9010 0.9010 0.9010 0.9010 0.9010
6.128123 0.9010 0.9010 0.9010 0.9030 0.9030
6.163000 0.9030 0.9030 0.9050 0.9050 0.9080
6.198123 0.9100 0.9100 0.9100 0.9100 0.9080
6.234000 0.9080 0.9080 0.9080 0.9100 0.9100
6.269123 0.9120 0.9140 0.9190 0.9210 0.9210
6.304000 0.9190 0.9140 0.9100 0.9080 0.9080
6.339123 0.9080 0.9100 0.9140 0.9140 0.9100
6.374000 0.9080 0.9050 0.9030 0.9030 0.9030
6.409123 0.9030 0.9030 0.9030 0.9030 0.9070
6.444000 0.9070 0.9050 0.9030 0.9010 0.9010
6.479123 0.9010 0.9010 0.9010 0.9000 0.8960
6.515000 0.8960 0.8940 0.8930 0.8910 0.8910
6.550123 0.8890 0.8870 0.8860 0.8840 0.8790
6.585000 0.8750 0.8750 0.8730 0.8720 0.8720
6.620123 0.8700 0.8660 0.8650 0.8630 0.8630
6.655000 0.8610 0.8560 0.8540 0.8510 0.8440
6.690123 0.8400 0.8330 0.8230 0.8070 0.7950
6.725000 0.7700 0.7420 0.7120 0.6830 0.6490
6.760123 0.6120 0.5760 0.5340 0.4900 0.4670
6.795000 0.4320 0.4270 0.4270 0.4320 0.4530
6.830123 0.4640 0.4690 0.4760 0.4880 0.5020
6.866000 0.5230 0.5490 0.5790 0.6040 0.6280
6.901123 0.6490 0.6740 0.7000 0.7180 0.7280
6.936000 0.7300 0.7320 0.7280 0.7230 0.7090
6.971123 0.6910 0.6790 0.6560 0.6320 0.6070
7.006000 0.5910 0.5860 0.5860 0.5930 0.6040
7.041123 0.6120 0.6280 0.6470 0.6670 0.6930
7.076000 0.7070 0.7210 0.7260 0.7260 0.7210
7.111123 0.6970 0.6690 0.6280 0.5900 0.5580
7.146000 0.5340 0.5200 0.5160 0.5160 0.5180
7.181123 0.5440 0.5530 0.5510 0.5350 0.5110
7.217000 0.4620 0.3940 0.3360 0.2940 0.2920
7.252123 0.3010 0.3530 0.3870 0.4040 0.4180
7.287000 0.4230 0.4290 0.4300 0.4370 0.4460
7.322123 0.4550 0.4570 0.4570 0.4530 0.4320
7.357000 0.4200 0.4200 0.4230 0.4370 0.4580
7.392123 0.4850 0.5130 0.5410 0.5630 0.5900
7.427000 0.6050 0.6250 0.6460 0.6560 0.6630
7.462123 0.6650 0.6670 0.6670 0.6670 0.6670
7.497000 0.6670 0.6670 0.6670 0.6720 0.6790
7.532123 0.6950 0.7070 0.7260 0.7420 0.7470
7.568000 0.7560 0.7790 0.7840 0.7860 0.7910
7.603123 0.7930 0.7950 0.7930 0.7910 0.7880
7.638000 0.7840 0.7790 0.7700 0.7580 0.7460
7.673123 0.7330 0.7210 0.7120 0.7050 0.7020
7.708000 0.6950 0.6930 0.6860 0.6760 0.6630
7.743123 0.6490 0.6350 0.6180 0.5950 0.5700
7.778000 0.5370 0.4990 0.4850 0.4580 0.4460
7.813123 0.4360 0.4290 0.4250 0.4230 0.4220
7.849000 0.4160 0.4110 0.4090 0.4060 0.4060
7.884123 0.4040 0.4020 0.4020 0.4040 0.4060
7.919000 0.4080 0.4080 0.4080 0.4080 0.4080
7.954123 0.4080 0.4010 0.3950 0.3920 0.3870
7.989000 0.3780 0.3690 0.3570 0.3430 0.3290
8.024123 0.3160 0.3020 0.2880 0.2710 0.2550
8.059000 0.2360 0.2250 0.2100 0.1940 0.1750
8.094123 0.1570 0.1400 0.1220 0.1080 0.0960
8.129000 0.0840 0.0710 0.0660 0.0610 0.0610
8.164123 0.0610 0.0610 0.0590 0.0590 0.0570
8.200000 0.0570 0.0560 0.0560 0.0540 0.0540
8.235123 0.0520 0.0520 0.0520 0.0520 0.0520
8.270000 0.0540 0.0640 0.0730 0.0820 0.0920
8.305123 0.1030 0.1150 0.1270 0.1430 0.1590
8.340000 0.1750 0.1940 0.2150 0.2380 0.2640
8.375123 0.2920 0.3220 0.3380 0.3530 0.3710
8.410000 0.3850 0.4020 0.4040 0.4040 0.4020
8.445123 0.3970 0.3950 0.3940 0.3950 0.4020
8.480000 0.4150 0.4290 0.4460 0.4650 0.4810
8.515123 0.4950 0.5060 0.5130 0.5160 0.5200
8.551000 0.5230 0.5270 0.5340 0.5410 0.5460
8.586123 0.5480 0.5510 0.5550 0.5560 0.5620
8.621000 0.5630 0.5670 0.5700 0.5740 0.5770
8.656123 0.5830 0.5860 0.5980 0.6000 0.6020
8.691000 0.6090 0.6160 0.6260 0.6350 0.6470
8.726123 0.6560 0.6670 0.6760 0.6830 0.6900
8.761000 0.6970 0.7110 0.7300 0.7370 0.7420
8.796123 0.7510 0.7560 0.7630 0.7680 0.7750
8.831000 0.7810 0.7860 0.7910 0.7950 0.8000
8.866123 0.8030 0.8090 0.8140 0.8210 0.8260
8.902000 0.8330 0.8350 0.8380 0.8450 0.8490
8.937123 0.8540 0.8540 0.8560 0.8560 0.8580
8.972000 0.8590 0.8590 0.8590 0.8590 0.8580
9.007123 0.8540 0.8540 0.8540 0.8540 0.8540
9.042000 0.8540 0.8540 0.8540 0.8540 0.8540
9.077123 0.8560 0.8630 0.8660 0.8730 0.8770
9.112000 0.8790 0.8800 0.8820 0.8820 0.8840
9.147123 0.8860 0.8870 0.8890 0.8910 0.8930
9.183000 0.8930 0.8940 0.8940 0.8960 0.8960
9.218123 0.8980 0.8980 0.8980 0.9000 0.9010
9.253000 0.9010 0.9010 0.9010 0.9010 0.9010
9.288123 0.9010 0.9010 0.9030 0.9030 0.9030
9.323000 0.9050 0.9070 0.9070 0.9070 0.9050
9.358123 0.9050 0.9010 0.9000 0.8980 0.8980
9.393000 0.8980 0.8960 0.8960 0.8960 0.8960
9.428123 0.8960 0.8960 0.8960 0.8960 0.8960
9.463000 0.8960 0.8960 0.8960 0.8940 0.8940
9.498123 0.8940 0.8940 0.8960 0.8960 0.8960
9.534000 0.8940 0.8930 0.8910 0.8890 0.8870
9.569123 0.8840 0.8790 0.8790 0.8770 0.8750
9.604000 0.8730 0.8700 0.8660 0.8650 0.8630
9.639123 0.8630 0.8610 0.8580 0.8540 0.8510
9.674000 0.8490 0.8470 0.8470 0.8450 0.8370
9.709123 0.8280 0.8190 0.8050 0.8000 0.7880
9.744000 0.7750 0.7650 0.7560 0.7440 0.7320
9.779123 0.7180 0.7040 0.6880 0.6720 0.6560
9.814000 0.6390 0.6190 0.6020 0.5810 0.5620
9.849123 0.5410 0.5200 0.4970 0.4760 0.4510
9.885000 0.4250 0.4010 0.3780 0.3550 0.3320
9.920123 0.3110 0.2920 0.2730 0.2530 0.2410
9.955000 0.2310 0.2220 0.2110 0.1990 0.1800
9.990123 0.1540 0.1520 0.1520 0.1520 0.1520
10.025000 0.1520 0.1590 0.1660 0.1750 0.1850
10.060123 0.1970 0.2110 0.2290 0.2460 0.2640
10.095000 0.2830 0.3020 0.3230 0.3430 0.3640
10.130123 0.3830 0.4010 0.4150 0.4300 0.4480
10.165000 0.4670 0.4860 0.5060 0.5250 0.5440
10.200123 0.5620 0.5770 0.5950 0.6090 0.6250
10.236000 0.6390 0.6530 0.6650 0.6760 0.6830
10.271123 0.6910 0.6980 0.7050 0.7160 0.7190
10.306000 0.7210 0.7230 0.7230 0.7230 0.7230
10.341123 0.7230 0.7230 0.7230 0.7250 0.7250
10.376000 0.7250 0.7250 0.7250 0.7250 0.7230
10.411123 0.7230 0.7230 0.7230 0.7230 0.7210
10.446000 0.7190 0.7110 0.7050 0.6980 0.6840
10.481123 0.6740 0.6600 0.6420 0.6230 0.6050
10.517000 0.5860 0.5690 0.5510 0.5390 0.5280
10.552123 0.5230 0.5210 0.5210 0.5250 0.5490
10.587000 0.5560 0.5700 0.5860 0.6000 0.6160
10.622123 0.6320 0.6470 0.6610 0.6760 0.6900
10.657000 0.6980 0.7050 0.7090 0.7120 0.7140
10.692123 0.7140 0.7140 0.7140 0.7120 0.7120
10.727000 0.7120 0.7120 0.7110 0.7110 0.7120
10.762123 0.7140 0.7160 0.7180 0.7190 0.7210
10.797000 0.7230 0.7230 0.7230 0.7230 0.7230
10.832123 0.7230 0.7230 0.7230 0.7230 0.7250
10.868000 0.7250 0.7250 0.7260 0.7300 0.7350
10.903123 0.7350 0.7370 0.7390 0.7390 0.7350
10.938000 0.7330 0.7300 0.7260 0.7230 0.7140
10.973123 0.7020 0.6830 0.6760 0.6700 0.6610
11.008000 0.6540 0.6490 0.6400 0.6300 0.6230
11.043123 0.6160 0.6070 0.6040 0.6040 0.6000
11.078000 0.5930 0.5860 0.5840 0.5770 0.5700
11.113123 0.5670 0.5670 0.5700 0.5790 0.5860
11.148000 0.5950 0.6020 0.6090 0.6230 0.6470
11.183123 0.6560 0.6630 0.6770 0.6860 0.6970
11.219000 0.7050 0.7160 0.7230 0.7320 0.7370
11.254123 0.7440 0.7470 0.7540 0.7600 0.7650
11.289000 0.7720 0.7770 0.7840 0.7910 0.7980
11.324123 0.8070 0.8100 0.8170 0.8230 0.8260
11.359000 0.8310 0.8370 0.8420 0.8450 0.8470
11.394123 0.8490 0.8490 0.8510 0.8540 0.8580
11.429000 0.8610 0.8660 0.8700 0.8730 0.8750
11.464123 0.8750 0.8770 0.8770 0.8790 0.8800
11.499000 0.8840 0.8860 0.8890 0.8930 0.8960
11.534123 0.8980 0.9000 0.9050 0.9050 0.9070
11.570000 0.9080 0.9100 0.9100 0.9120 0.9140
11.605123 0.9140 0.9140 0.9120 0.9100 0.9100
11.640000 0.9120 0.9140 0.9140 0.9150 0.9150
11.675123 0.9170 0.9170 0.9170 0.9170 0.9170
11.710000 0.9150 0.9150 0.9140 0.9120 0.9080
11.745123 0.9080 0.9070 0.9070 0.9050 0.9050
11.780000 0.9050 0.9010 0.9010 0.9010 0.9010
11.815123 0.9010 0.9000 0.8980 0.8960 0.8960
11.851000 0.8930 0.8910 0.8910 0.8910 0.8910
11.886123 0.8910 0.8910 0.8890 0.8860 0.8840
11.921000 0.8820 0.8800 0.8790 0.8790 0.8750
11.956123 0.8730 0.8680 0.8590 0.8540 0.8470
11.991000 0.8380 0.8300 0.8210 0.8100 0.8020
12.026123 0.7910 0.7790 0.7680 0.7630 0.7580
12.061000 0.7560 0.7540 0.7560 0.7580 0.7610
12.096123 0.7670 0.7720 0.7770 0.7810 0.7840
12.131000 0.7890 0.7960 0.8070 0.8170 0.8260
12.166123 0.8350 0.8420 0.8510 0.8540 0.8580
12.202000 0.8610 0.8680 0.8750 0.8800 0.8840
12.237123 0.8860 0.8870 0.8870 0.8890 0.8890
12.272000 0.8890 0.8910 0.8910 0.8930 0.8940
12.307123 0.8940 0.8960 0.8960 0.8980 0.9000
12.342000 0.9010 0.9030 0.9030 0.9030 0.9030
12.377123 0.9000 0.8980 0.8960 0.8930 0.8890
12.412000 0.8860 0.8840 0.8820 0.8820 0.8820
12.447123 0.8800 0.8800 0.8790 0.8790 0.8790
12.482000 0.8790 0.8790 0.8790 0.8770 0.8790
12.517123 0.8800 0.8820 0.8840 0.8860 0.8860
12.553000 0.8870 0.8870 0.8870 0.8890 0.8930
12.588123 0.8930 0.8930 0.8930 0.8930 0.8910
12.623000 0.8910 0.8930 0.8930 0.8940 0.8940
12.658123 0.8960 0.8960 0.8960 0.8960 0.8960
12.693000 0.8960 0.8960 0.8960 0.8960 0.8960
12.728123 0.8960 0.8960 0.8960 0.8960 0.8960
12.763000 0.8940 0.8940 0.8940 0.8930 0.8890
12.798123 0.8890 0.8870 0.8870 0.8870 0.8870
12.834000 0.8870 0.8870 0.8860 0.8860 0.8840
12.869123 0.8820 0.8790 0.8770 0.8750 0.8730
12.904000 0.8680 0.8680 0.8680 0.8680 0.8700
12.939123 0.8700 0.8680 0.8660 0.8660 0.8630
12.974000 0.8610 0.8610 0.8610 0.8610 0.8630
13.009123 0.8660 0.8660 0.8660 0.8650 0.8630
13.044000 0.8610 0.8590 0.8580 0.8560 0.8540
13.079123 0.8540 0.8520 0.8490 0.8490 0.8450
13.114000 0.8440 0.8420 0.8380 0.8350 0.8330
13.149123 0.8300 0.8240 0.8230 0.8190 0.8170
13.185000 0.8160 0.8100 0.8100 0.8090 0.8050
13.220123 0.8050 0.8030 0.8020 0.7980 0.7930
13.255000 0.7890 0.7860 0.7840 0.7810 0.7770
13.290123 0.7740 0.7680 0.7630 0.7580 0.7540
13.325000 0.7530 0.7470 0.7460 0.7420 0.7400
13.360123 0.7370 0.7350 0.7300 0.7250 0.7110
13.395000 0.7070 0.7040 0.6970 0.6930 0.6900
13.430123 0.6860 0.6810 0.6760 0.6690 0.6650
13.465000 0.6610 0.6560 0.6540 0.6460 0.6440
13.500123 0.6400 0.6370 0.6330 0.6280 0.6230
13.536000 0.6180 0.6140 0.6110 0.6050 0.6050
13.571123 0.6040 0.6040 0.6000 0.5910 0.5880
13.606000 0.5860 0.5840 0.5830 0.5830 0.5810
13.641123 0.5790 0.5770 0.5740 0.5700 0.5690
13.676000 0.5670 0.5670 0.5670 0.5670 0.5670
13.711123 0.5670 0.5630 0.5560 0.5560 0.5550
13.746000 0.5550 0.5550 0.5560 0.5560 0.5560
13.781123 0.5560 0.5560 0.5560 0.5560 0.5560
13.816000 0.5560 0.5560 0.5560 0.5560 0.5560
13.851123 0.5560 0.5560 0.5560 0.5550 0.5550
13.887000 0.5530 0.5530 0.5510 0.5480 0.5480
13.922123 0.5460 0.5460 0.5460 0.5440 0.5440
13.957000 0.5440 0.5440 0.5460 0.5460 0.5460
13.992123 0.5490 0.5510 0.5550 0.5560 0.5580
14.027000 0.5580 0.5600 0.5600 0.5620 0.5630
14.062123 0.5630 0.5630 0.5630 0.5630 0.5650
14.097000 0.5650 0.5690 0.5740 0.5760 0.5790
14.132123 0.5810 0.5830 0.5830 0.5840 0.5860
14.168000 0.5880 0.5900 0.5910 0.5930 0.6000
14.203123 0.6020 0.6050 0.6050 0.6090 0.6120
14.238000 0.6140 0.6160 0.6180 0.6190 0.6210
14.273123 0.6210 0.6230 0.6230 0.6230 0.6250
14.308000 0.6260 0.6280 0.6300 0.6320 0.6330
14.343123 0.6350 0.6390 0.6420 0.6440 0.6460
14.378000 0.6470 0.6470 0.6460 0.6460 0.6460
14.413123 0.6460 0.6460 0.6460 0.6460 0.6460
14.448000 0.6440 0.6390 0.6370 0.6330 0.6260
14.483123 0.6250 0.6250 0.6260 0.6300 0.6330
14.519000 0.6390 0.6420 0.6440 0.6460 0.6460
14.554123 0.6470 0.6490 0.6510 0.6510 0.6530
14.589000 0.6540 0.6540 0.6540 0.6530 0.6540
14.624123 0.6540 0.6540 0.6540 0.6560 0.6560
14.659000 0.6580 0.6600 0.6610 0.6610 0.6610
14.694123 0.6630 0.6630 0.6630 0.6630 0.6650
14.729000 0.6650 0.6670 0.6670 0.6670 0.6670
14.764123 0.6670 0.6670 0.6650 0.6650 0.6650
14.799000 0.6630 0.6630 0.6630 0.6630 0.6630
14.834123 0.6630 0.6650 0.6670 0.6670 0.6670
14.870000 0.6670 0.6690 0.6690 0.6690 0.6690
14.905123 0.6670 0.6670 0.6650 0.6650 0.6650
14.940000 0.6630 0.6610 0.6580 0.6560 0.6540
14.975123 0.6530 0.6510 0.6490 0.6460 0.6460
15.010000 0.6420 0.6420 0.6400 0.6400 0.6400
15.045123 0.6400 0.6400 0.6400 0.6420 0.6420
15.080000 0.6420 0.6420 0.6420 0.6400 0.6390
15.115123 0.6370 0.6350 0.6330 0.6330 0.6330
15.150000 0.6330 0.6330 0.6320 0.6300 0.6280
15.185123 0.6260 0.6250 0.6230 0.6190 0.6180
15.221000 0.6180 0.6160 0.6140 0.6120 0.6110
15.256123 0.6090 0.6090 0.6070 0.6050 0.6050
15.291000 0.6050 0.6040 0.6040 0.6020 0.6020
15.326123 0.6000 0.6000 0.5980 0.5950 0.5930
15.361000 0.5930 0.5910 0.5900 0.5860 0.5840
15.396123 0.5830 0.5790 0.5770 0.5760 0.5740
15.431000 0.5740 0.5720 0.5700 0.5690 0.5670
15.466123 0.5630 0.5620 0.5580 0.5560 0.5550
15.502000 0.5530 0.5490 0.5460 0.5440 0.5410
15.537123 0.5370 0.5350 0.5340 0.5320 0.5300
15.572000 0.5280 0.5270 0.5250 0.5250 0.5250
15.607123 0.5250 0.5230 0.5230 0.5230 0.5230
15.642000 0.5230 0.5210 0.5210 0.5180 0.5160
15.677123 0.5140 0.5130 0.5130 0.5130 0.5130
15.712000 0.5110 0.5090 0.5070 0.5060 0.5060
15.747123 0.5060 0.5040 0.5040 0.5040 0.5040
15.782000 0.5040 0.5020 0.5020 0.5000 0.5000
15.817123 0.4990 0.4950 0.4950 0.4950 0.4950
15.853000 0.4950 0.4950 0.4950 0.4930 0.4930
15.888123 0.4930 0.4900 0.4880 0.4850 0.4850
15.923000 0.4850 0.4850 0.4850 0.4850 0.4860
15.958123 0.4880 0.4880 0.4880 0.4880 0.4880
15.993000 0.4880 0.4860 0.4860
##END=
