##TITLE=ARMEEN 12D HYDROCHLORIDE
##JCAMP-DX=4.24
##DATA TYPE=INFRARED SPECTRUM
##CLASS=COBLENTZ
##ORIGIN=BRITISH PETROLEUM CO. LTD., ENGLAND
##OWNER=Copyright (C) 1987 by the Coblentz Society
Collection (C) 2018 copyright by the U.S. Secretary of Commerce
on behalf of the United States of America. All rights reserved.
##DATE=1972/05/17
##NAMES=Dodecylamine, hydrochloride
##CAS REGISTRY NO=929-73-7
##MOLFORM=C12 H28 Cl N ( P R I N C I P A L L Y)
##SOURCE REFERENCE=COBLENTZ NO. 9356
##$NIST SOURCE=COBLENTZ
##$NIST IMAGE=cob9356
##SPECTROMETER/DATA SYSTEM=PERKIN-ELMER 157
##STATE=SOLID (KBr DISC, 0.8% WT.)
$$ *R.NH2.HCl DERIVED FROM REDISTILLED COCO-FATTY ACID SOURCE
$$ HCl RUN IN KBr MAY CONTAIN SOME HBr
$$ REF. Can. J. Spec., 18,4,101, '73 C. S. DOUSE and P. B. TOOKE
##SAMPLING PROCEDURE=TRANSMISSION
##RESOLUTION=2
##DATA PROCESSING=DIGITIZED BY COBLENTZ SOCIETY (BATCH II) FROM HARD COPY
##XUNITS=1/CM
##YUNITS=TRANSMITTANCE
##XFACTOR=1.0
##YFACTOR=1
##FIRSTX=667
##LASTX=4000
##FIRSTY=1.014
##MAXX=4000
##MINX=667
##MAXY=1.014
##MINY=0.0044
##NPOINTS=3334
##XYDATA=(X++(Y..Y))
667.000000 1.0140 1.0135 1.0112 1.0068 1.0073
672.000000 1.0033 0.9960 0.9894 0.9871 0.9865
677.000000 0.9848 0.9802 0.9721 0.9677 0.9650
682.000000 0.9626 0.9599 0.9570 0.9540 0.9507
687.000000 0.9474 0.9436 0.9396 0.9350 0.9296
692.000000 0.9231 0.9159 0.9087 0.9001 0.8915
697.000000 0.8830 0.8746 0.8662 0.8568 0.8473
702.000000 0.8342 0.8206 0.8071 0.7938 0.7768
707.000000 0.7585 0.7407 0.7213 0.6973 0.6390
712.000000 0.5700 0.5010 0.4447 0.3576 0.2705
717.000000 0.1960 0.1632 0.1620 0.1845 0.2248
722.000000 0.2623 0.2764 0.2812 0.2541 0.2215
727.000000 0.1889 0.1565 0.1395 0.1397 0.2084
732.000000 0.2362 0.2627 0.2987 0.3592 0.4237
737.000000 0.4881 0.5476 0.5785 0.6077 0.6406
742.000000 0.6898 0.7035 0.7172 0.7334 0.7522
747.000000 0.7623 0.7650 0.7654 0.7654 0.7665
752.000000 0.7643 0.7635 0.7626 0.7602 0.7426
757.000000 0.7199 0.7041 0.6700 0.5645 0.4385
762.000000 0.4195 0.4209 0.4809 0.5317 0.5824
767.000000 0.6330 0.6824 0.7062 0.7303 0.7475
772.000000 0.7595 0.7681 0.7747 0.7789 0.7815
777.000000 0.7826 0.7831 0.7834 0.7833 0.7840
782.000000 0.7831 0.7792 0.7727 0.7703 0.7685
787.000000 0.7580 0.7452 0.7319 0.7177 0.7025
792.000000 0.6961 0.6959 0.6940 0.7133 0.7295
797.000000 0.7474 0.7637 0.7757 0.7855 0.7912
802.000000 0.7940 0.7942 0.7940 0.7936 0.7946
807.000000 0.7957 0.7963 0.7965 0.7964 0.7963
812.000000 0.7961 0.7960 0.7954 0.7948 0.7942
817.000000 0.7919 0.7892 0.7862 0.7824 0.7786
822.000000 0.7741 0.7703 0.7675 0.7587 0.7469
827.000000 0.7330 0.7191 0.7121 0.7037 0.6937
832.000000 0.6736 0.5954 0.5259 0.4687 0.4599
837.000000 0.4609 0.4952 0.5606 0.6178 0.6368
842.000000 0.6680 0.7029 0.7156 0.7229 0.7316
847.000000 0.7401 0.7464 0.7497 0.7528 0.7547
852.000000 0.7566 0.7579 0.7582 0.7572 0.7551
857.000000 0.7529 0.7512 0.7505 0.7498 0.7491
862.000000 0.7478 0.7436 0.7378 0.7289 0.7245
867.000000 0.7227 0.7223 0.7218 0.7205 0.7167
872.000000 0.7122 0.7078 0.7034 0.6989 0.6942
877.000000 0.6835 0.6646 0.6443 0.6195 0.5775
882.000000 0.5549 0.5405 0.5306 0.5239 0.5220
887.000000 0.5222 0.5200 0.5332 0.5538 0.5745
892.000000 0.5952 0.6158 0.6376 0.6562 0.6624
897.000000 0.6643 0.6660 0.6668 0.6676 0.6676
902.000000 0.6677 0.6679 0.6695 0.6724 0.6757
907.000000 0.6754 0.6757 0.6739 0.6699 0.6657
912.000000 0.6616 0.6568 0.6490 0.6406 0.6275
917.000000 0.6082 0.5870 0.5701 0.5539 0.5375
922.000000 0.5217 0.5074 0.4911 0.4713 0.4428
927.000000 0.4143 0.3858 0.3573 0.3289 0.3150
932.000000 0.3041 0.3035 0.3187 0.3554 0.3919
937.000000 0.4065 0.4090 0.4091 0.4092 0.3904
942.000000 0.3562 0.3221 0.2881 0.2702 0.2692
947.000000 0.3198 0.3787 0.4375 0.4962 0.5502
952.000000 0.5726 0.5916 0.6152 0.6317 0.6360
957.000000 0.6400 0.6424 0.6445 0.6451 0.6457
962.000000 0.6468 0.6432 0.6378 0.6311 0.6242
967.000000 0.6159 0.6062 0.5911 0.5749 0.5569
972.000000 0.5273 0.4970 0.4667 0.4159 0.4032
977.000000 0.4019 0.4117 0.4358 0.4606 0.4854
982.000000 0.5002 0.5065 0.5093 0.5105 0.5108
987.000000 0.5077 0.5044 0.4975 0.4776 0.4537
992.000000 0.4336 0.4290 0.4422 0.4670 0.4918
997.000000 0.5164 0.5330 0.5360 0.5374 0.5377
1002.000000 0.5368 0.5343 0.5285 0.5147 0.4969
1007.000000 0.4800 0.4631 0.4463 0.4295 0.4128
1012.000000 0.3982 0.3848 0.3731 0.3542 0.3332
1017.000000 0.3124 0.2926 0.2908 0.2903 0.3509
1022.000000 0.3888 0.4264 0.4641 0.4946 0.5043
1027.000000 0.5106 0.5160 0.5202 0.5226 0.5224
1032.000000 0.5208 0.5163 0.5093 0.4844 0.4505
1037.000000 0.4167 0.3830 0.3493 0.3157 0.2899
1042.000000 0.2866 0.2854 0.3091 0.3516 0.3941
1047.000000 0.4364 0.4787 0.4972 0.5068 0.5126
1052.000000 0.5178 0.5212 0.5218 0.5220 0.5195
1057.000000 0.5150 0.5037 0.4892 0.4746 0.4601
1062.000000 0.4456 0.4311 0.4173 0.4091 0.4028
1067.000000 0.3954 0.3830 0.3464 0.3202 0.3191
1072.000000 0.3418 0.3843 0.4267 0.4780 0.5218
1077.000000 0.5366 0.5483 0.5586 0.5649 0.5713
1082.000000 0.5775 0.5837 0.5894 0.5934 0.5971
1087.000000 0.6004 0.6025 0.6043 0.6054 0.6058
1092.000000 0.6057 0.6059 0.6035 0.6016 0.5993
1097.000000 0.5961 0.5922 0.5872 0.5818 0.5763
1102.000000 0.5720 0.5671 0.5604 0.5528 0.5435
1107.000000 0.5325 0.5216 0.5109 0.4952 0.4761
1112.000000 0.4602 0.4424 0.4225 0.4061 0.3808
1117.000000 0.3547 0.3288 0.3053 0.3024 0.3020
1122.000000 0.3438 0.4053 0.4667 0.5215 0.5338
1127.000000 0.5410 0.5458 0.5486 0.5495 0.5495
1132.000000 0.5504 0.5475 0.5444 0.5317 0.5098
1137.000000 0.4880 0.4662 0.4445 0.4227 0.4010
1142.000000 0.3795 0.3578 0.3363 0.3205 0.3120
1147.000000 0.3053 0.3028 0.3022 0.3022 0.3023
1152.000000 0.3018 0.2994 0.2790 0.2555 0.2320
1157.000000 0.2086 0.1852 0.1701 0.1655 0.1641
1162.000000 0.1643 0.1878 0.2317 0.2757 0.3195
1167.000000 0.3586 0.3904 0.4287 0.4510 0.4655
1172.000000 0.4761 0.4874 0.4979 0.5045 0.5103
1177.000000 0.5143 0.5175 0.5192 0.5207 0.5236
1182.000000 0.5220 0.5222 0.5213 0.5200 0.5188
1187.000000 0.5174 0.5161 0.5146 0.5131 0.5116
1192.000000 0.5101 0.5088 0.5082 0.5076 0.5071
1197.000000 0.5067 0.5063 0.5059 0.5051 0.5017
1202.000000 0.4691 0.4191 0.3838 0.3805 0.3805
1207.000000 0.3888 0.3809 0.4479 0.4783 0.5011
1212.000000 0.5057 0.5071 0.5084 0.5091 0.5097
1217.000000 0.5103 0.5104 0.5105 0.5105 0.5104
1222.000000 0.5115 0.5144 0.5181 0.5217 0.5236
1227.000000 0.5254 0.5238 0.5208 0.5175 0.5139
1232.000000 0.5092 0.4958 0.4716 0.4476 0.4255
1237.000000 0.4202 0.4262 0.4561 0.4902 0.5069
1242.000000 0.5088 0.5095 0.5101 0.5102 0.5098
1247.000000 0.5094 0.5088 0.5082 0.5077 0.5078
1252.000000 0.5079 0.5084 0.5112 0.5097 0.5101
1257.000000 0.5102 0.5095 0.5063 0.5010 0.4839
1262.000000 0.4594 0.4444 0.4416 0.4433 0.4448
1267.000000 0.4576 0.4696 0.4733 0.4735 0.4736
1272.000000 0.4733 0.4733 0.4765 0.4802 0.4828
1277.000000 0.4851 0.4867 0.4874 0.4877 0.4877
1282.000000 0.4899 0.4855 0.4796 0.4714 0.4629
1287.000000 0.4511 0.4387 0.4264 0.4154 0.4098
1292.000000 0.4080 0.4080 0.4097 0.4127 0.4157
1297.000000 0.4178 0.4183 0.4174 0.4161 0.4148
1302.000000 0.4132 0.4115 0.4104 0.4093 0.4083
1307.000000 0.4079 0.4055 0.4073 0.4073 0.4080
1312.000000 0.4086 0.4093 0.4102 0.4111 0.4120
1317.000000 0.4129 0.4128 0.4130 0.4126 0.4120
1322.000000 0.4111 0.4092 0.4076 0.4068 0.4062
1327.000000 0.4056 0.4091 0.4192 0.4290 0.4361
1332.000000 0.4396 0.4416 0.4426 0.4432 0.4432
1337.000000 0.4431 0.4430 0.4428 0.4425 0.4422
1342.000000 0.4419 0.4418 0.4417 0.4415 0.4415
1347.000000 0.4418 0.4419 0.4452 0.4427 0.4433
1352.000000 0.4437 0.4435 0.4413 0.4377 0.4332
1357.000000 0.4285 0.4234 0.4163 0.4094 0.4032
1362.000000 0.3968 0.3885 0.3786 0.3627 0.3481
1367.000000 0.3330 0.3171 0.3013 0.2855 0.2727
1372.000000 0.2703 0.2708 0.2851 0.2946 0.3039
1377.000000 0.3114 0.3136 0.3147 0.3149 0.3150
1382.000000 0.3154 0.3149 0.3146 0.3135 0.3085
1387.000000 0.2941 0.2796 0.2650 0.2505 0.2361
1392.000000 0.2215 0.2071 0.1926 0.1796 0.1739
1397.000000 0.1713 0.1710 0.1716 0.1760 0.1932
1402.000000 0.2155 0.2379 0.2601 0.2824 0.3046
1407.000000 0.3268 0.3455 0.3547 0.3608 0.3658
1412.000000 0.3680 0.3697 0.3704 0.3709 0.3706
1417.000000 0.3695 0.3675 0.3654 0.3639 0.3632
1422.000000 0.3625 0.3617 0.3604 0.3581 0.3550
1427.000000 0.3514 0.3463 0.3413 0.3364 0.3311
1432.000000 0.3246 0.3180 0.3112 0.3043 0.2946
1437.000000 0.2825 0.2722 0.2643 0.2592 0.2545
1442.000000 0.2499 0.2450 0.2398 0.2345 0.2293
1447.000000 0.2241 0.2122 0.1864 0.1578 0.1289
1452.000000 0.0973 0.0891 0.0822 0.0760 0.0695
1457.000000 0.0598 0.0514 0.0468 0.0425 0.0393
1462.000000 0.0366 0.0342 0.0336 0.0334 0.0335
1467.000000 0.0337 0.0327 0.0342 0.0347 0.0351
1472.000000 0.0355 0.0365 0.0379 0.0391 0.0405
1477.000000 0.0423 0.0440 0.0460 0.0484 0.0507
1482.000000 0.0576 0.0749 0.0909 0.1070 0.1256
1487.000000 0.1330 0.1340 0.1347 0.1348 0.1361
1492.000000 0.1346 0.1343 0.1317 0.1260 0.1197
1497.000000 0.1135 0.1073 0.1011 0.0949 0.0887
1502.000000 0.0825 0.0764 0.0702 0.0640 0.0588
1507.000000 0.0554 0.0531 0.0505 0.0477 0.0464
1512.000000 0.0455 0.0448 0.0443 0.0440 0.0442
1517.000000 0.0444 0.0449 0.0457 0.0499 0.0617
1522.000000 0.0689 0.0761 0.0833 0.0905 0.0976
1527.000000 0.1048 0.1119 0.1191 0.1262 0.1333
1532.000000 0.1404 0.1476 0.1547 0.1617 0.1688
1537.000000 0.1759 0.1849 0.1929 0.1966 0.1995
1542.000000 0.2022 0.2045 0.2066 0.2084 0.2092
1547.000000 0.2099 0.2099 0.2103 0.2098 0.2097
1552.000000 0.2096 0.2091 0.2086 0.2080 0.2068
1557.000000 0.2054 0.2021 0.1958 0.1888 0.1819
1562.000000 0.1749 0.1680 0.1610 0.1545 0.1505
1567.000000 0.1484 0.1464 0.1440 0.1414 0.1380
1572.000000 0.1341 0.1290 0.1230 0.1177 0.1127
1577.000000 0.1084 0.1045 0.1004 0.0959 0.0907
1582.000000 0.0772 0.0711 0.0697 0.0689 0.0684
1587.000000 0.0688 0.0680 0.0680 0.0681 0.0684
1592.000000 0.0694 0.0709 0.0727 0.0744 0.0763
1597.000000 0.0780 0.0797 0.0811 0.0823 0.0830
1602.000000 0.0834 0.0837 0.0841 0.0843 0.0845
1607.000000 0.0845 0.0846 0.0847 0.0847 0.0846
1612.000000 0.0846 0.0846 0.0845 0.0845 0.0845
1617.000000 0.0845 0.0844 0.0843 0.0842 0.0840
1622.000000 0.0839 0.0838 0.0836 0.0835 0.0834
1627.000000 0.0832 0.0832 0.0840 0.0859 0.0881
1632.000000 0.0916 0.0957 0.0991 0.1024 0.1191
1637.000000 0.1447 0.1714 0.1979 0.2245 0.2482
1642.000000 0.2604 0.2634 0.2667 0.2705 0.2755
1647.000000 0.2837 0.2938 0.3027 0.3091 0.3128
1652.000000 0.3160 0.3198 0.3244 0.3289 0.3325
1657.000000 0.3346 0.3351 0.3356 0.3361 0.3367
1662.000000 0.3372 0.3377 0.3386 0.3400 0.3421
1667.000000 0.3453 0.3493 0.3528 0.3553 0.3563
1672.000000 0.3572 0.3578 0.3582 0.3585 0.3588
1677.000000 0.3591 0.3595 0.3598 0.3599 0.3602
1682.000000 0.3605 0.3607 0.3616 0.3635 0.3654
1687.000000 0.3671 0.3687 0.3692 0.3697 0.3701
1692.000000 0.3703 0.3704 0.3705 0.3706 0.3706
1697.000000 0.3707 0.3708 0.3709 0.3709 0.3709
1702.000000 0.3710 0.3710 0.3710 0.3710 0.3710
1707.000000 0.3710 0.3711 0.3711 0.3711 0.3711
1712.000000 0.3711 0.3711 0.3712 0.3714 0.3715
1717.000000 0.3716 0.3718 0.3720 0.3721 0.3722
1722.000000 0.3724 0.3729 0.3735 0.3741 0.3746
1727.000000 0.3754 0.3766 0.3780 0.3794 0.3803
1732.000000 0.3809 0.3814 0.3819 0.3824 0.3828
1737.000000 0.3829 0.3831 0.3832 0.3833 0.3835
1742.000000 0.3835 0.3837 0.3838 0.3839 0.3840
1747.000000 0.3840 0.3841 0.3842 0.3843 0.3844
1752.000000 0.3845 0.3845 0.3846 0.3847 0.3847
1757.000000 0.3847 0.3847 0.3841 0.3845 0.3844
1762.000000 0.3843 0.3843 0.3842 0.3841 0.3840
1767.000000 0.3839 0.3839 0.3838 0.3837 0.3836
1772.000000 0.3834 0.3833 0.3830 0.3828 0.3826
1777.000000 0.3824 0.3822 0.3819 0.3817 0.3816
1782.000000 0.3813 0.3811 0.3806 0.3800 0.3795
1787.000000 0.3789 0.3784 0.3779 0.3773 0.3767
1792.000000 0.3760 0.3753 0.3745 0.3737 0.3730
1797.000000 0.3724 0.3721 0.3720 0.3718 0.3717
1802.000000 0.3715 0.3714 0.3711 0.3706 0.3700
1807.000000 0.3696 0.3691 0.3685 0.3679 0.3668
1812.000000 0.3654 0.3640 0.3629 0.3621 0.3614
1817.000000 0.3608 0.3603 0.3601 0.3599 0.3597
1822.000000 0.3596 0.3594 0.3592 0.3590 0.3589
1827.000000 0.3587 0.3587 0.3586 0.3586 0.3586
1832.000000 0.3585 0.3585 0.3585 0.3584 0.3583
1837.000000 0.3583 0.3583 0.3582 0.3582 0.3581
1842.000000 0.3581 0.3580 0.3579 0.3578 0.3577
1847.000000 0.3576 0.3574 0.3573 0.3567 0.3560
1852.000000 0.3552 0.3544 0.3537 0.3529 0.3519
1857.000000 0.3510 0.3500 0.3491 0.3482 0.3472
1862.000000 0.3463 0.3453 0.3444 0.3434 0.3424
1867.000000 0.3415 0.3406 0.3396 0.3386 0.3377
1872.000000 0.3368 0.3358 0.3348 0.3338 0.3326
1877.000000 0.3315 0.3304 0.3292 0.3281 0.3269
1882.000000 0.3257 0.3244 0.3231 0.3218 0.3206
1887.000000 0.3193 0.3180 0.3167 0.3154 0.3142
1892.000000 0.3131 0.3119 0.3107 0.3095 0.3083
1897.000000 0.3070 0.3059 0.3048 0.3037 0.3026
1902.000000 0.3015 0.3004 0.2994 0.2983 0.2972
1907.000000 0.2961 0.2950 0.2939 0.2928 0.2917
1912.000000 0.2906 0.2895 0.2885 0.2875 0.2864
1917.000000 0.2853 0.2843 0.2833 0.2823 0.2812
1922.000000 0.2802 0.2792 0.2784 0.2776 0.2768
1927.000000 0.2762 0.2758 0.2756 0.2753 0.2750
1932.000000 0.2747 0.2745 0.2738 0.2728 0.2715
1937.000000 0.2702 0.2688 0.2676 0.2663 0.2650
1942.000000 0.2638 0.2625 0.2613 0.2600 0.2588
1947.000000 0.2575 0.2562 0.2550 0.2537 0.2520
1952.000000 0.2503 0.2487 0.2470 0.2454 0.2437
1957.000000 0.2423 0.2410 0.2396 0.2382 0.2368
1962.000000 0.2354 0.2341 0.2328 0.2315 0.2302
1967.000000 0.2290 0.2282 0.2277 0.2276 0.2274
1972.000000 0.2273 0.2272 0.2270 0.2268 0.2267
1977.000000 0.2266 0.2263 0.2251 0.2237 0.2220
1982.000000 0.2202 0.2184 0.2166 0.2150 0.2136
1987.000000 0.2122 0.2109 0.2097 0.2084 0.2072
1992.000000 0.2059 0.2046 0.2034 0.2023 0.2012
1997.000000 0.2001 0.1990 0.1979 0.1969 0.1957
2002.000000 0.1946 0.1934 0.1922 0.1911 0.1902
2007.000000 0.1895 0.1890 0.1884 0.1878 0.1874
2012.000000 0.1873 0.1873 0.1873 0.1873 0.1873
2017.000000 0.1873 0.1873 0.1873 0.1870 0.1874
2022.000000 0.1875 0.1875 0.1877 0.1879 0.1882
2027.000000 0.1884 0.1887 0.1889 0.1891 0.1894
2032.000000 0.1899 0.1904 0.1910 0.1915 0.1922
2037.000000 0.1935 0.1954 0.1978 0.2022 0.2069
2042.000000 0.2107 0.2141 0.2171 0.2199 0.2227
2047.000000 0.2259 0.2283 0.2299 0.2316 0.2333
2052.000000 0.2349 0.2366 0.2383 0.2399 0.2416
2057.000000 0.2432 0.2450 0.2470 0.2491 0.2513
2062.000000 0.2536 0.2559 0.2582 0.2602 0.2619
2067.000000 0.2636 0.2652 0.2669 0.2686 0.2702
2072.000000 0.2719 0.2735 0.2754 0.2774 0.2799
2077.000000 0.2824 0.2849 0.2874 0.2900 0.2922
2082.000000 0.2942 0.2960 0.2977 0.2994 0.3012
2087.000000 0.3029 0.3047 0.3070 0.3098 0.3126
2092.000000 0.3155 0.3180 0.3204 0.3222 0.3239
2097.000000 0.3257 0.3272 0.3285 0.3295 0.3304
2102.000000 0.3314 0.3322 0.3330 0.3335 0.3340
2107.000000 0.3343 0.3346 0.3348 0.3350 0.3353
2112.000000 0.3356 0.3359 0.3361 0.3363 0.3366
2117.000000 0.3369 0.3370 0.3372 0.3373 0.3374
2122.000000 0.3376 0.3377 0.3377 0.3378 0.3379
2127.000000 0.3379 0.3379 0.3379 0.3380 0.3380
2132.000000 0.3381 0.3381 0.3381 0.3381 0.3380
2137.000000 0.3379 0.3379 0.3378 0.3378 0.3377
2142.000000 0.3376 0.3375 0.3375 0.3374 0.3369
2147.000000 0.3372 0.3371 0.3371 0.3370 0.3370
2152.000000 0.3369 0.3368 0.3367 0.3366 0.3364
2157.000000 0.3363 0.3361 0.3359 0.3358 0.3356
2162.000000 0.3355 0.3353 0.3352 0.3351 0.3349
2167.000000 0.3348 0.3346 0.3344 0.3343 0.3341
2172.000000 0.3340 0.3338 0.3336 0.3335 0.3334
2177.000000 0.3333 0.3332 0.3333 0.3334 0.3334
2182.000000 0.3335 0.3335 0.3336 0.3336 0.3336
2187.000000 0.3336 0.3337 0.3337 0.3336 0.3334
2192.000000 0.3328 0.3322 0.3317 0.3311 0.3305
2197.000000 0.3300 0.3294 0.3289 0.3284 0.3277
2202.000000 0.3268 0.3259 0.3251 0.3241 0.3232
2207.000000 0.3221 0.3210 0.3200 0.3192 0.3187
2212.000000 0.3184 0.3182 0.3179 0.3177 0.3174
2217.000000 0.3172 0.3169 0.3167 0.3165 0.3163
2222.000000 0.3160 0.3158 0.3155 0.3153 0.3151
2227.000000 0.3148 0.3146 0.3144 0.3142 0.3139
2232.000000 0.3137 0.3135 0.3134 0.3132 0.3130
2237.000000 0.3128 0.3126 0.3124 0.3122 0.3121
2242.000000 0.3120 0.3118 0.3117 0.3115 0.3114
2247.000000 0.3112 0.3111 0.3110 0.3109 0.3107
2252.000000 0.3106 0.3104 0.3103 0.3101 0.3100
2257.000000 0.3098 0.3096 0.3094 0.3092 0.3090
2262.000000 0.3088 0.3086 0.3084 0.3080 0.3076
2267.000000 0.3069 0.3059 0.3050 0.3041 0.3031
2272.000000 0.3022 0.3013 0.3004 0.2996 0.2990
2277.000000 0.2984 0.2982 0.2980 0.2978 0.2976
2282.000000 0.2974 0.2972 0.2971 0.2970 0.2969
2287.000000 0.2969 0.2968 0.2967 0.2966 0.2965
2292.000000 0.2964 0.2963 0.2962 0.2961 0.2960
2297.000000 0.2959 0.2958 0.2955 0.2951 0.2939
2302.000000 0.2926 0.2915 0.2904 0.2895 0.2886
2307.000000 0.2878 0.2871 0.2864 0.2857 0.2850
2312.000000 0.2844 0.2837 0.2829 0.2821 0.2814
2317.000000 0.2806 0.2798 0.2790 0.2781 0.2772
2322.000000 0.2763 0.2753 0.2744 0.2734 0.2724
2327.000000 0.2715 0.2705 0.2695 0.2685 0.2674
2332.000000 0.2663 0.2653 0.2642 0.2632 0.2622
2337.000000 0.2612 0.2603 0.2593 0.2583 0.2574
2342.000000 0.2564 0.2554 0.2544 0.2535 0.2526
2347.000000 0.2519 0.2512 0.2505 0.2498 0.2491
2352.000000 0.2483 0.2477 0.2470 0.2463 0.2455
2357.000000 0.2450 0.2444 0.2439 0.2433 0.2427
2362.000000 0.2422 0.2416 0.2410 0.2405 0.2399
2367.000000 0.2393 0.2389 0.2387 0.2385 0.2384
2372.000000 0.2383 0.2382 0.2381 0.2380 0.2380
2377.000000 0.2379 0.2379 0.2378 0.2378 0.2377
2382.000000 0.2377 0.2376 0.2372 0.2367 0.2360
2387.000000 0.2352 0.2344 0.2335 0.2327 0.2317
2392.000000 0.2308 0.2298 0.2287 0.2277 0.2266
2397.000000 0.2256 0.2246 0.2236 0.2226 0.2215
2402.000000 0.2205 0.2195 0.2185 0.2175 0.2165
2407.000000 0.2153 0.2140 0.2127 0.2115 0.2105
2412.000000 0.2102 0.2100 0.2097 0.2095 0.2092
2417.000000 0.2090 0.2088 0.2086 0.2084 0.2080
2422.000000 0.2076 0.2058 0.2027 0.1996 0.1971
2427.000000 0.1946 0.1921 0.1895 0.1869 0.1842
2432.000000 0.1815 0.1792 0.1769 0.1747 0.1726
2437.000000 0.1705 0.1685 0.1664 0.1629 0.1594
2442.000000 0.1570 0.1553 0.1538 0.1526 0.1514
2447.000000 0.1501 0.1489 0.1476 0.1464 0.1452
2452.000000 0.1441 0.1431 0.1420 0.1409 0.1398
2457.000000 0.1388 0.1377 0.1366 0.1356 0.1348
2462.000000 0.1342 0.1337 0.1333 0.1329 0.1326
2467.000000 0.1322 0.1319 0.1319 0.1319 0.1319
2472.000000 0.1319 0.1319 0.1319 0.1319 0.1316
2477.000000 0.1313 0.1310 0.1306 0.1303 0.1295
2482.000000 0.1287 0.1277 0.1265 0.1253 0.1237
2487.000000 0.1221 0.1204 0.1187 0.1170 0.1154
2492.000000 0.1137 0.1121 0.1107 0.1092 0.1076
2497.000000 0.1061 0.1042 0.1019 0.0996 0.0976
2502.000000 0.0956 0.0938 0.0922 0.0907 0.0892
2507.000000 0.0878 0.0869 0.0865 0.0861 0.0856
2512.000000 0.0852 0.0848 0.0844 0.0840 0.0825
2517.000000 0.0809 0.0794 0.0778 0.0762 0.0748
2522.000000 0.0734 0.0722 0.0712 0.0702 0.0694
2527.000000 0.0686 0.0680 0.0678 0.0676 0.0675
2532.000000 0.0673 0.0671 0.0669 0.0667 0.0666
2537.000000 0.0664 0.0663 0.0661 0.0660 0.0659
2542.000000 0.0658 0.0658 0.0657 0.0656 0.0655
2547.000000 0.0655 0.0654 0.0653 0.0652 0.0652
2552.000000 0.0651 0.0650 0.0650 0.0650 0.0650
2557.000000 0.0649 0.0649 0.0648 0.0648 0.0648
2562.000000 0.0647 0.0647 0.0647 0.0646 0.0646
2567.000000 0.0646 0.0646 0.0646 0.0645 0.0645
2572.000000 0.0645 0.0644 0.0644 0.0643 0.0643
2577.000000 0.0643 0.0643 0.0643 0.0642 0.0642
2582.000000 0.0642 0.0641 0.0638 0.0635 0.0629
2587.000000 0.0622 0.0614 0.0605 0.0596 0.0585
2592.000000 0.0573 0.0560 0.0548 0.0536 0.0524
2597.000000 0.0518 0.0513 0.0507 0.0502 0.0496
2602.000000 0.0492 0.0490 0.0487 0.0485 0.0484
2607.000000 0.0482 0.0481 0.0479 0.0478 0.0476
2612.000000 0.0475 0.0473 0.0471 0.0470 0.0467
2617.000000 0.0465 0.0463 0.0461 0.0459 0.0456
2622.000000 0.0453 0.0449 0.0443 0.0436 0.0429
2627.000000 0.0422 0.0414 0.0407 0.0399 0.0392
2632.000000 0.0384 0.0376 0.0368 0.0361 0.0354
2637.000000 0.0346 0.0345 0.0343 0.0342 0.0341
2642.000000 0.0340 0.0338 0.0337 0.0335 0.0334
2647.000000 0.0332 0.0331 0.0330 0.0329 0.0328
2652.000000 0.0327 0.0326 0.0325 0.0325 0.0324
2657.000000 0.0323 0.0323 0.0322 0.0321 0.0320
2662.000000 0.0320 0.0319 0.0319 0.0319 0.0318
2667.000000 0.0318 0.0318 0.0317 0.0317 0.0316
2672.000000 0.0316 0.0316 0.0315 0.0315 0.0315
2677.000000 0.0314 0.0314 0.0314 0.0313 0.0313
2682.000000 0.0313 0.0312 0.0312 0.0312 0.0311
2687.000000 0.0311 0.0311 0.0310 0.0309 0.0308
2692.000000 0.0306 0.0305 0.0303 0.0302 0.0300
2697.000000 0.0298 0.0293 0.0289 0.0284 0.0280
2702.000000 0.0275 0.0269 0.0259 0.0250 0.0239
2707.000000 0.0226 0.0213 0.0198 0.0182 0.0166
2712.000000 0.0146 0.0121 0.0096 0.0082 0.0079
2717.000000 0.0075 0.0073 0.0071 0.0070 0.0069
2722.000000 0.0068 0.0067 0.0066 0.0065 0.0065
2727.000000 0.0064 0.0063 0.0062 0.0061 0.0061
2732.000000 0.0061 0.0060 0.0059 0.0059 0.0058
2737.000000 0.0058 0.0058 0.0057 0.0057 0.0057
2742.000000 0.0056 0.0056 0.0056 0.0055 0.0055
2747.000000 0.0055 0.0054 0.0054 0.0054 0.0053
2752.000000 0.0053 0.0053 0.0053 0.0053 0.0053
2757.000000 0.0052 0.0052 0.0052 0.0052 0.0052
2762.000000 0.0052 0.0052 0.0052 0.0052 0.0051
2767.000000 0.0051 0.0051 0.0051 0.0051 0.0051
2772.000000 0.0051 0.0051 0.0051 0.0051 0.0051
2777.000000 0.0051 0.0051 0.0051 0.0051 0.0051
2782.000000 0.0051 0.0051 0.0050 0.0050 0.0050
2787.000000 0.0050 0.0050 0.0050 0.0050 0.0050
2792.000000 0.0050 0.0050 0.0050 0.0050 0.0050
2797.000000 0.0050 0.0050 0.0050 0.0050 0.0050
2802.000000 0.0050 0.0050 0.0050 0.0050 0.0050
2807.000000 0.0050 0.0050 0.0051 0.0051 0.0051
2812.000000 0.0051 0.0051 0.0051 0.0051 0.0051
2817.000000 0.0051 0.0051 0.0051 0.0051 0.0051
2822.000000 0.0051 0.0051 0.0051 0.0051 0.0051
2827.000000 0.0051 0.0051 0.0051 0.0051 0.0051
2832.000000 0.0051 0.0051 0.0051 0.0051 0.0051
2837.000000 0.0051 0.0051 0.0051 0.0051 0.0051
2842.000000 0.0051 0.0051 0.0051 0.0044 0.0051
2847.000000 0.0051 0.0050 0.0050 0.0050 0.0050
2852.000000 0.0050 0.0050 0.0050 0.0050 0.0050
2857.000000 0.0050 0.0049 0.0049 0.0049 0.0049
2862.000000 0.0049 0.0049 0.0049 0.0049 0.0049
2867.000000 0.0048 0.0048 0.0048 0.0048 0.0048
2872.000000 0.0048 0.0048 0.0048 0.0048 0.0048
2877.000000 0.0047 0.0047 0.0047 0.0047 0.0047
2882.000000 0.0047 0.0047 0.0047 0.0047 0.0047
2887.000000 0.0047 0.0047 0.0047 0.0047 0.0047
2892.000000 0.0047 0.0047 0.0047 0.0047 0.0047
2897.000000 0.0047 0.0047 0.0047 0.0047 0.0047
2902.000000 0.0047 0.0047 0.0047 0.0047 0.0047
2907.000000 0.0047 0.0047 0.0047 0.0047 0.0047
2912.000000 0.0047 0.0047 0.0048 0.0048 0.0048
2917.000000 0.0048 0.0048 0.0048 0.0048 0.0048
2922.000000 0.0048 0.0048 0.0048 0.0048 0.0048
2927.000000 0.0048 0.0048 0.0048 0.0048 0.0048
2932.000000 0.0048 0.0048 0.0048 0.0048 0.0048
2937.000000 0.0048 0.0048 0.0048 0.0048 0.0048
2942.000000 0.0048 0.0048 0.0048 0.0048 0.0048
2947.000000 0.0048 0.0048 0.0049 0.0049 0.0049
2952.000000 0.0049 0.0049 0.0049 0.0049 0.0049
2957.000000 0.0049 0.0049 0.0049 0.0049 0.0049
2962.000000 0.0049 0.0049 0.0049 0.0049 0.0050
2967.000000 0.0050 0.0050 0.0050 0.0050 0.0050
2972.000000 0.0050 0.0050 0.0050 0.0050 0.0050
2977.000000 0.0050 0.0050 0.0050 0.0050 0.0050
2982.000000 0.0050 0.0050 0.0051 0.0051 0.0051
2987.000000 0.0051 0.0051 0.0051 0.0051 0.0051
2992.000000 0.0051 0.0051 0.0051 0.0051 0.0051
2997.000000 0.0051 0.0051 0.0051 0.0051 0.0051
3002.000000 0.0052 0.0052 0.0052 0.0052 0.0052
3007.000000 0.0052 0.0052 0.0052 0.0052 0.0052
3012.000000 0.0052 0.0052 0.0052 0.0052 0.0052
3017.000000 0.0052 0.0052 0.0052 0.0053 0.0053
3022.000000 0.0053 0.0053 0.0053 0.0053 0.0053
3027.000000 0.0054 0.0055 0.0056 0.0057 0.0058
3032.000000 0.0060 0.0061 0.0063 0.0064 0.0065
3037.000000 0.0066 0.0067 0.0068 0.0070 0.0071
3042.000000 0.0073 0.0075 0.0076 0.0078 0.0080
3047.000000 0.0082 0.0084 0.0086 0.0087 0.0089
3052.000000 0.0091 0.0092 0.0094 0.0096 0.0098
3057.000000 0.0100 0.0102 0.0104 0.0107 0.0109
3062.000000 0.0111 0.0114 0.0116 0.0119 0.0121
3067.000000 0.0123 0.0125 0.0126 0.0127 0.0128
3072.000000 0.0129 0.0129 0.0130 0.0130 0.0131
3077.000000 0.0132 0.0132 0.0133 0.0133 0.0133
3082.000000 0.0133 0.0134 0.0134 0.0135 0.0135
3087.000000 0.0136 0.0136 0.0137 0.0137 0.0141
3092.000000 0.0144 0.0148 0.0152 0.0155 0.0159
3097.000000 0.0162 0.0165 0.0168 0.0171 0.0174
3102.000000 0.0177 0.0181 0.0185 0.0188 0.0192
3107.000000 0.0197 0.0201 0.0206 0.0211 0.0217
3112.000000 0.0223 0.0229 0.0232 0.0233 0.0235
3117.000000 0.0236 0.0238 0.0240 0.0242 0.0243
3122.000000 0.0245 0.0246 0.0248 0.0250 0.0251
3127.000000 0.0252 0.0253 0.0255 0.0255 0.0256
3132.000000 0.0257 0.0258 0.0258 0.0259 0.0260
3137.000000 0.0261 0.0261 0.0262 0.0263 0.0264
3142.000000 0.0264 0.0265 0.0266 0.0267 0.0268
3147.000000 0.0268 0.0269 0.0270 0.0271 0.0272
3152.000000 0.0273 0.0274 0.0275 0.0276 0.0277
3157.000000 0.0278 0.0278 0.0279 0.0279 0.0280
3162.000000 0.0280 0.0281 0.0281 0.0282 0.0283
3167.000000 0.0283 0.0284 0.0285 0.0285 0.0286
3172.000000 0.0286 0.0287 0.0287 0.0288 0.0288
3177.000000 0.0289 0.0290 0.0290 0.0291 0.0292
3182.000000 0.0292 0.0293 0.0293 0.0294 0.0294
3187.000000 0.0294 0.0294 0.0295 0.0295 0.0296
3192.000000 0.0296 0.0297 0.0297 0.0298 0.0298
3197.000000 0.0299 0.0299 0.0299 0.0299 0.0299
3202.000000 0.0300 0.0300 0.0301 0.0301 0.0302
3207.000000 0.0302 0.0303 0.0303 0.0304 0.0304
3212.000000 0.0305 0.0305 0.0306 0.0306 0.0306
3217.000000 0.0306 0.0307 0.0307 0.0308 0.0308
3222.000000 0.0309 0.0309 0.0310 0.0310 0.0311
3227.000000 0.0311 0.0311 0.0311 0.0312 0.0312
3232.000000 0.0312 0.0313 0.0313 0.0314 0.0314
3237.000000 0.0314 0.0314 0.0314 0.0314 0.0314
3242.000000 0.0314 0.0315 0.0315 0.0315 0.0315
3247.000000 0.0316 0.0316 0.0316 0.0316 0.0317
3252.000000 0.0317 0.0317 0.0317 0.0317 0.0318
3257.000000 0.0318 0.0318 0.0318 0.0319 0.0319
3262.000000 0.0319 0.0319 0.0318 0.0318 0.0318
3267.000000 0.0318 0.0318 0.0318 0.0318 0.0318
3272.000000 0.0318 0.0318 0.0318 0.0318 0.0318
3277.000000 0.0319 0.0323 0.0327 0.0331 0.0335
3282.000000 0.0340 0.0344 0.0348 0.0353 0.0359
3287.000000 0.0365 0.0372 0.0378 0.0385 0.0392
3292.000000 0.0399 0.0406 0.0412 0.0416 0.0420
3297.000000 0.0424 0.0428 0.0429 0.0431 0.0432
3302.000000 0.0433 0.0434 0.0435 0.0435 0.0436
3307.000000 0.0437 0.0437 0.0437 0.0438 0.0438
3312.000000 0.0439 0.0439 0.0439 0.0439 0.0440
3317.000000 0.0440 0.0441 0.0441 0.0441 0.0442
3322.000000 0.0442 0.0442 0.0442 0.0443 0.0443
3327.000000 0.0443 0.0443 0.0444 0.0445 0.0447
3332.000000 0.0449 0.0451 0.0453 0.0456 0.0458
3337.000000 0.0461 0.0463 0.0468 0.0472 0.0476
3342.000000 0.0480 0.0485 0.0489 0.0493 0.0497
3347.000000 0.0500 0.0504 0.0508 0.0511 0.0515
3352.000000 0.0518 0.0521 0.0524 0.0526 0.0529
3357.000000 0.0533 0.0536 0.0539 0.0542 0.0544
3362.000000 0.0546 0.0548 0.0550 0.0552 0.0554
3367.000000 0.0555 0.0557 0.0559 0.0561 0.0563
3372.000000 0.0564 0.0566 0.0568 0.0570 0.0571
3377.000000 0.0573 0.0575 0.0576 0.0578 0.0580
3382.000000 0.0581 0.0583 0.0584 0.0585 0.0586
3387.000000 0.0588 0.0589 0.0590 0.0591 0.0592
3392.000000 0.0593 0.0595 0.0596 0.0597 0.0599
3397.000000 0.0600 0.0601 0.0602 0.0604 0.0605
3402.000000 0.0606 0.0607 0.0608 0.0609 0.0610
3407.000000 0.0610 0.0611 0.0611 0.0612 0.0613
3412.000000 0.0613 0.0614 0.0614 0.0614 0.0615
3417.000000 0.0615 0.0616 0.0616 0.0617 0.0617
3422.000000 0.0617 0.0618 0.0618 0.0619 0.0619
3427.000000 0.0619 0.0620 0.0620 0.0621 0.0621
3432.000000 0.0622 0.0622 0.0622 0.0623 0.0623
3437.000000 0.0624 0.0624 0.0625 0.0625 0.0625
3442.000000 0.0626 0.0626 0.0627 0.0627 0.0628
3447.000000 0.0628 0.0628 0.0629 0.0629 0.0630
3452.000000 0.0630 0.0630 0.0631 0.0631 0.0631
3457.000000 0.0631 0.0632 0.0632 0.0632 0.0632
3462.000000 0.0632 0.0632 0.0632 0.0632 0.0632
3467.000000 0.0632 0.0633 0.0633 0.0633 0.0633
3472.000000 0.0633 0.0634 0.0634 0.0634 0.0634
3477.000000 0.0634 0.0634 0.0634 0.0634 0.0634
3482.000000 0.0635 0.0635 0.0635 0.0635 0.0635
3487.000000 0.0635 0.0635 0.0635 0.0635 0.0635
3492.000000 0.0636 0.0636 0.0636 0.0636 0.0636
3497.000000 0.0636 0.0636 0.0636 0.0636 0.0636
3502.000000 0.0637 0.0637 0.0637 0.0637 0.0637
3507.000000 0.0637 0.0637 0.0637 0.0637 0.0637
3512.000000 0.0638 0.0638 0.0638 0.0638 0.0638
3517.000000 0.0638 0.0638 0.0638 0.0638 0.0638
3522.000000 0.0639 0.0639 0.0639 0.0639 0.0639
3527.000000 0.0639 0.0639 0.0639 0.0639 0.0639
3532.000000 0.0640 0.0640 0.0640 0.0640 0.0640
3537.000000 0.0641 0.0641 0.0641 0.0641 0.0641
3542.000000 0.0641 0.0641 0.0641 0.0641 0.0641
3547.000000 0.0642 0.0642 0.0642 0.0642 0.0642
3552.000000 0.0642 0.0642 0.0642 0.0642 0.0642
3557.000000 0.0643 0.0643 0.0643 0.0643 0.0643
3562.000000 0.0644 0.0644 0.0644 0.0644 0.0644
3567.000000 0.0644 0.0644 0.0644 0.0644 0.0644
3572.000000 0.0645 0.0645 0.0645 0.0645 0.0645
3577.000000 0.0645 0.0645 0.0645 0.0645 0.0645
3582.000000 0.0645 0.0645 0.0645 0.0645 0.0645
3587.000000 0.0645 0.0645 0.0645 0.0645 0.0645
3592.000000 0.0645 0.0645 0.0645 0.0645 0.0645
3597.000000 0.0645 0.0645 0.0645 0.0645 0.0645
3602.000000 0.0645 0.0645 0.0645 0.0645 0.0645
3607.000000 0.0645 0.0644 0.0644 0.0644 0.0644
3612.000000 0.0644 0.0644 0.0644 0.0644 0.0644
3617.000000 0.0644 0.0644 0.0644 0.0644 0.0644
3622.000000 0.0644 0.0644 0.0644 0.0644 0.0644
3627.000000 0.0644 0.0644 0.0644 0.0644 0.0644
3632.000000 0.0644 0.0644 0.0643 0.0643 0.0643
3637.000000 0.0643 0.0643 0.0643 0.0643 0.0643
3642.000000 0.0643 0.0643 0.0643 0.0643 0.0643
3647.000000 0.0643 0.0643 0.0643 0.0643 0.0643
3652.000000 0.0643 0.0643 0.0643 0.0643 0.0643
3657.000000 0.0643 0.0643 0.0643 0.0643 0.0656
3662.000000 0.0642 0.0642 0.0642 0.0642 0.0642
3667.000000 0.0642 0.0642 0.0642 0.0642 0.0642
3672.000000 0.0642 0.0642 0.0642 0.0642 0.0642
3677.000000 0.0642 0.0642 0.0642 0.0642 0.0642
3682.000000 0.0642 0.0642 0.0642 0.0642 0.0642
3687.000000 0.0642 0.0642 0.0642 0.0642 0.0642
3692.000000 0.0642 0.0642 0.0642 0.0642 0.0642
3697.000000 0.0642 0.0642 0.0642 0.0642 0.0642
3702.000000 0.0642 0.0642 0.0642 0.0642 0.0642
3707.000000 0.0642 0.0642 0.0642 0.0642 0.0642
3712.000000 0.0642 0.0642 0.0642 0.0641 0.0641
3717.000000 0.0641 0.0641 0.0641 0.0641 0.0641
3722.000000 0.0641 0.0641 0.0641 0.0641 0.0641
3727.000000 0.0641 0.0641 0.0641 0.0641 0.0641
3732.000000 0.0641 0.0641 0.0641 0.0641 0.0641
3737.000000 0.0641 0.0641 0.0641 0.0641 0.0641
3742.000000 0.0641 0.0641 0.0641 0.0641 0.0641
3747.000000 0.0641 0.0641 0.0640 0.0640 0.0640
3752.000000 0.0640 0.0640 0.0639 0.0639 0.0639
3757.000000 0.0639 0.0639 0.0639 0.0638 0.0638
3762.000000 0.0638 0.0637 0.0637 0.0637 0.0636
3767.000000 0.0636 0.0636 0.0636 0.0636 0.0635
3772.000000 0.0635 0.0634 0.0633 0.0633 0.0632
3777.000000 0.0631 0.0629 0.0627 0.0626 0.0624
3782.000000 0.0623 0.0621 0.0620 0.0619 0.0617
3787.000000 0.0616 0.0614 0.0613 0.0611 0.0610
3792.000000 0.0608 0.0606 0.0605 0.0603 0.0602
3797.000000 0.0600 0.0599 0.0597 0.0596 0.0594
3802.000000 0.0593 0.0592 0.0590 0.0589 0.0587
3807.000000 0.0586 0.0585 0.0583 0.0582 0.0580
3812.000000 0.0579 0.0578 0.0576 0.0575 0.0574
3817.000000 0.0572 0.0571 0.0569 0.0568 0.0567
3822.000000 0.0565 0.0564 0.0563 0.0562 0.0560
3827.000000 0.0559 0.0558 0.0557 0.0556 0.0555
3832.000000 0.0555 0.0554 0.0553 0.0552 0.0551
3837.000000 0.0550 0.0549 0.0549 0.0548 0.0547
3842.000000 0.0546 0.0546 0.0545 0.0544 0.0544
3847.000000 0.0543 0.0542 0.0541 0.0540 0.0539
3852.000000 0.0539 0.0538 0.0537 0.0536 0.0535
3857.000000 0.0534 0.0534 0.0533 0.0532 0.0531
3862.000000 0.0530 0.0529 0.0528 0.0528 0.0527
3867.000000 0.0526 0.0526 0.0525 0.0524 0.0524
3872.000000 0.0524 0.0523 0.0523 0.0523 0.0522
3877.000000 0.0522 0.0521 0.0521 0.0520 0.0520
3882.000000 0.0519 0.0519 0.0519 0.0519 0.0518
3887.000000 0.0518 0.0518 0.0517 0.0517 0.0516
3892.000000 0.0516 0.0515 0.0515 0.0514 0.0514
3897.000000 0.0514 0.0513 0.0513 0.0513 0.0512
3902.000000 0.0512 0.0511 0.0511 0.0510 0.0510
3907.000000 0.0509 0.0509 0.0509 0.0508 0.0508
3912.000000 0.0508 0.0507 0.0507 0.0507 0.0507
3917.000000 0.0507 0.0507 0.0506 0.0506 0.0506
3922.000000 0.0505 0.0505 0.0505 0.0504 0.0504
3927.000000 0.0504 0.0503 0.0503 0.0503 0.0502
3932.000000 0.0502 0.0502 0.0501 0.0501 0.0501
3937.000000 0.0501 0.0500 0.0500 0.0500 0.0500
3942.000000 0.0500 0.0500 0.0500 0.0500 0.0500
3947.000000 0.0500 0.0500 0.0500 0.0499 0.0499
3952.000000 0.0499 0.0499 0.0499 0.0499 0.0498
3957.000000 0.0498 0.0498 0.0498 0.0498 0.0498
3962.000000 0.0498 0.0498 0.0498 0.0498 0.0498
3967.000000 0.0498 0.0498 0.0497 0.0497 0.0497
3972.000000 0.0497 0.0497 0.0497 0.0497 0.0497
3977.000000 0.0497 0.0497 0.0497 0.0497 0.0496
3982.000000 0.0496 0.0496 0.0496 0.0496 0.0496
3987.000000 0.0496 0.0496 0.0496 0.0496 0.0496
3992.000000 0.0496 0.0496 0.0496 0.0496 0.0496
3997.000000 0.0496 0.0496 0.0496 0.0496
##END=
